/*--------------------------------*- C++ -*----------------------------------*\
| =========                 |                                                 |
| \\      /  F ield         | OpenFOAM: The Open Source CFD Toolbox           |
|  \\    /   O peration     | Version:  5.0                                   |
|   \\  /    A nd           | Web:      www.OpenFOAM.org                      |
|    \\/     M anipulation  |                                                 |
\*---------------------------------------------------------------------------*/
FoamFile
{
    version     2.0;
    format      ascii;
    class       volScalarField;
    location    "2.9";
    object      p;
}
// * * * * * * * * * * * * * * * * * * * * * * * * * * * * * * * * * * * * * //

dimensions      [1 -1 -2 0 0 0 0];

internalField   nonuniform List<scalar> 
8563
(
94.1228
94.9697
82.012
191.54
93.7362
106.473
97.2435
94.7363
92.1401
89.5206
86.9322
84.366
81.8218
79.3192
76.8356
74.3783
71.9378
69.5299
67.1396
64.7787
62.4189
60.082
57.773
55.4577
53.1661
50.895
48.6312
46.3649
44.1186
41.8971
39.6733
37.4746
35.3056
33.131
30.9465
28.7952
26.6991
24.6374
22.5849
20.5282
18.4995
16.5158
14.5367
12.5329
10.5547
8.62822
6.69982
4.76667
2.85526
0.95447
96.67
100.045
101.073
116.997
117.389
103.553
100.558
95.4205
92.4777
89.717
87.051
84.4368
81.8863
79.3582
76.8535
74.3964
71.9451
69.549
67.1689
64.7843
62.427
60.0853
57.7655
55.4596
53.1578
50.8818
48.6207
46.3676
44.1272
41.9015
39.6891
37.4889
35.3025
33.1196
30.9495
28.8015
26.6933
24.6214
22.5685
20.5278
18.5057
16.5202
14.54
12.5477
10.5604
8.61256
6.68566
4.76311
2.85548
0.954071
108.675
131.849
115.368
105.148
95.8859
105.24
101.897
96.2556
92.4127
89.7595
87.0878
84.4541
81.8855
79.3655
76.8639
74.389
71.9591
69.5688
67.1836
64.7829
62.4269
60.0897
57.7626
55.4566
53.1619
50.8775
48.6114
46.3737
44.1368
41.9029
39.6936
37.4881
35.2826
33.1086
30.9553
28.8155
26.6934
24.6122
22.5649
20.5312
18.5156
16.5215
14.5321
12.5493
10.5708
8.61138
6.68005
4.76432
2.85791
0.953768
98.5977
102.089
98.7725
101.167
100.982
100.118
100.295
96.1214
92.335
89.7375
87.0632
84.4658
81.8786
79.3517
76.8611
74.3923
71.9589
69.5626
67.1623
64.7874
62.4421
60.0909
57.7646
55.4585
53.1737
50.8884
48.6109
46.3804
44.1321
41.894
39.6941
37.4839
35.2773
33.1039
30.9643
28.8322
26.6988
24.6077
22.5653
20.5365
18.5216
16.5103
14.5109
12.5398
10.5785
8.61484
6.68055
4.77188
2.86445
0.949394
94.5724
98.8577
100.169
98.2507
97.9434
100.5
100.392
96.7863
92.2321
89.6013
86.9746
84.3874
81.8448
79.3269
76.8541
74.3913
71.9667
69.5511
67.1403
64.7875
62.4429
60.0894
57.7677
55.4608
53.1822
50.9034
48.6209
46.3749
44.1198
41.8879
39.6876
37.4739
35.2737
33.1017
30.9641
28.8413
26.7091
24.6111
22.5685
20.5452
18.5198
16.4941
14.4935
12.5305
10.5759
8.61681
6.68877
4.78606
2.87333
0.947419
96.5548
88.4948
102.335
101.876
103.432
100.686
100.472
96.5139
91.8813
89.3923
86.8434
84.3077
81.7967
79.3035
76.8501
74.3936
71.9704
69.5511
67.1339
64.7742
62.4368
60.0836
57.7686
55.4711
53.1876
50.9171
48.6313
46.3692
44.1108
41.8714
39.6761
37.4659
35.265
33.1036
30.9694
28.8437
26.7203
24.625
22.5729
20.5463
18.5137
16.4785
14.4793
12.5202
10.5721
8.62178
6.70528
4.81078
2.88419
0.950345
97.8477
125.81
102.443
104.554
106.218
94.6865
97.7784
94.4537
91.4506
89.169
86.7235
84.2423
81.7733
79.2925
76.8307
74.3822
71.9631
69.5547
67.1353
64.7627
62.4229
60.0823
57.7668
55.4788
53.1928
50.9143
48.6369
46.3663
44.1128
41.8874
39.6765
37.4555
35.2589
33.1096
30.9705
28.837
26.7249
24.6367
22.5739
20.5374
18.506
16.4775
14.4785
12.5202
10.5685
8.62394
6.71174
4.81074
2.8881
0.959519
95.003
99.6462
99.528
107.284
101
106.57
97.0752
94.485
91.447
89.1313
86.683
84.2145
81.755
79.2797
76.802
74.3799
71.9505
69.5414
67.1484
64.7563
62.4132
60.0775
57.765
55.4799
53.1924
50.9191
48.6381
46.3621
44.1238
41.8935
39.6722
37.4531
35.2631
33.1163
30.9689
28.8261
26.7242
24.6475
22.5797
20.5321
18.5017
16.4832
14.4907
12.5232
10.5667
8.62607
6.71022
4.79964
2.88624
0.96335
94.8603
91.6436
109.105
102.308
93.0875
103.224
98.8208
94.0478
91.6546
89.2121
86.7372
84.2505
81.7661
79.2831
76.8165
74.3817
71.933
69.5255
67.1377
64.7635
62.4062
60.0701
57.7684
55.4747
53.1938
50.918
48.635
46.3614
44.1173
41.8922
39.6615
37.4541
35.2829
33.1221
30.9623
28.8161
26.7182
24.6509
22.5834
20.5299
18.499
16.4948
14.5068
12.5239
10.5628
8.62702
6.70278
4.78878
2.87565
0.96439
91.8294
88.9643
83.5838
90.3365
103.382
96.8323
97.0416
94.2473
91.848
89.3314
86.8194
84.2919
81.7727
79.2992
76.8245
74.3709
71.9329
69.525
67.1361
64.7669
62.41
60.0738
57.7722
55.4641
53.1838
50.9141
48.6345
46.3629
44.1148
41.8936
39.6644
37.4612
35.2991
33.1302
30.9523
28.803
26.7091
24.6473
22.5863
20.5282
18.499
16.5063
14.5241
12.5252
10.5565
8.63035
6.70593
4.77713
2.86093
0.954994
93.2195
96.2552
81.1106
169.82
99.7728
95.8069
97.2357
94.7366
92.1401
89.5205
86.9323
84.366
81.8217
79.3193
76.8356
74.3781
71.9378
69.5299
67.1396
64.7785
62.4189
60.0821
57.773
55.4576
53.1661
50.895
48.631
46.3648
44.1184
41.8969
39.6732
37.4746
35.3056
33.1309
30.9465
28.7951
26.699
24.6374
22.5849
20.528
18.4994
16.5158
14.5368
12.533
10.5547
8.62826
6.69974
4.76661
2.85522
0.954542
96.5933
107.224
100.206
122.308
126.492
103.221
100.449
95.4213
92.4776
89.7168
87.051
84.4369
81.8863
79.3582
76.8534
74.3962
71.9451
69.5492
67.1689
64.7842
62.427
60.0855
57.7653
55.4595
53.1578
50.8818
48.6206
46.3675
44.1272
41.9018
39.6897
37.489
35.3025
33.1196
30.9495
28.8015
26.6933
24.6214
22.5683
20.5277
18.5058
16.5203
14.54
12.5475
10.5605
8.61258
6.68555
4.76309
2.85567
0.954023
102.983
104.868
115.728
108.741
165.635
103.266
101.93
96.2537
92.4142
89.7594
87.0879
84.4541
81.8856
79.3654
76.8639
74.389
71.9591
69.5687
67.1837
64.7828
62.4268
60.0897
57.7624
55.4565
53.1619
50.8774
48.6114
46.3737
44.1369
41.9031
39.6933
37.488
35.2827
33.1086
30.9554
28.8155
26.6933
24.6123
22.5649
20.531
18.5156
16.5216
14.532
12.5491
10.5708
8.61134
6.67986
4.76438
2.85798
0.953763
98.6687
105.155
100.595
101.529
102.493
100.027
100.315
96.1156
92.3355
89.7371
87.0632
84.4657
81.8785
79.3517
76.8611
74.3923
71.9589
69.5624
67.1623
64.7873
62.4422
60.0909
57.7645
55.4585
53.1735
50.8882
48.611
46.3805
44.1322
41.8939
39.6939
37.4839
35.2772
33.1038
30.9644
28.8322
26.6988
24.6077
22.5653
20.5364
18.5216
16.5101
14.5108
12.5398
10.5786
8.61483
6.68044
4.77184
2.86443
0.949245
94.7277
97.1549
100.79
96.9525
101.379
100.293
100.367
96.7654
92.2324
89.6013
86.9746
84.3874
81.8447
79.3269
76.8542
74.3914
71.9667
69.5511
67.14
64.7876
62.443
60.0893
57.7676
55.4609
53.182
50.9034
48.621
46.3749
44.1192
41.8878
39.6876
37.4738
35.2736
33.1017
30.9641
28.8413
26.7091
24.6111
22.5685
20.5453
18.5198
16.4942
14.4934
12.5304
10.5759
8.61679
6.6887
4.786
2.87324
0.947474
96.0637
86.9834
102.055
102.277
102.492
100.805
100.473
96.4629
91.8816
89.3925
86.8433
84.3077
81.7969
79.3035
76.8501
74.3936
71.9704
69.5512
67.1338
64.7742
62.4372
60.0834
57.7686
55.4711
53.1878
50.9172
48.6311
46.369
44.1107
41.8715
39.6761
37.4655
35.2649
33.1036
30.9694
28.8437
26.7203
24.625
22.5729
20.5463
18.5137
16.4785
14.4793
12.5202
10.572
8.62176
6.70526
4.81109
2.88391
0.950306
98.9791
130.444
98.5928
107.924
74.2594
90.5045
97.6984
94.4401
91.451
89.1688
86.7235
84.2423
81.7732
79.2925
76.8307
74.3822
71.9631
69.5545
67.1352
64.7627
62.4228
60.0823
57.7669
55.4788
53.1926
50.9143
48.6368
46.3663
44.1129
41.8873
39.6767
37.4555
35.2588
33.1096
30.9705
28.8369
26.7249
24.6366
22.5739
20.5375
18.506
16.4774
14.4785
12.5201
10.5684
8.62392
6.71206
4.81082
2.88802
0.95965
94.8901
96.6686
99.413
109.129
100.276
98.9147
97.04
94.4825
91.4477
89.1311
86.683
84.2145
81.755
79.2797
76.802
74.3798
71.9508
69.5411
67.1486
64.7562
62.4132
60.0775
57.7651
55.4798
53.1923
50.9191
48.6383
46.3621
44.1237
41.8935
39.6721
37.4531
35.2631
33.1163
30.9689
28.826
26.7241
24.6475
22.5796
20.5321
18.5014
16.4832
14.4907
12.5232
10.5666
8.62605
6.71021
4.79962
2.88618
0.96342
94.958
102.598
104.732
76.7063
91.2623
103.197
98.8643
94.048
91.6549
89.2121
86.7371
84.2505
81.7661
79.2831
76.8165
74.3819
71.9331
69.5253
67.1377
64.7635
62.4062
60.0703
57.7684
55.4746
53.1938
50.918
48.6349
46.3614
44.1174
41.8923
39.6615
37.454
35.2834
33.1221
30.9621
28.8161
26.7182
24.6508
22.5833
20.5298
18.499
16.4949
14.5068
12.5237
10.5627
8.62706
6.70273
4.78875
2.87571
0.964393
92.405
89.4117
83.7693
91.3496
94.9832
96.0145
96.9221
94.2476
91.8479
89.3314
86.8195
84.2915
81.7725
79.2991
76.8245
74.3712
71.9328
69.5245
67.1362
64.7668
62.4099
60.0738
57.7722
55.4641
53.1839
50.9141
48.6342
46.363
44.1149
41.8936
39.6642
37.4613
35.2993
33.1301
30.9518
28.8032
26.7091
24.6473
22.5863
20.5282
18.4989
16.5064
14.5241
12.5251
10.5565
8.63036
6.70581
4.7771
2.86092
0.954977
93.2852
92.5109
71.1244
109.462
100.418
96.4188
97.2277
94.7367
92.14
89.5204
86.9323
84.366
81.8216
79.3193
76.8355
74.3778
71.9377
69.5299
67.1397
64.7783
62.4188
60.082
57.7729
55.4574
53.166
50.895
48.6309
46.3648
44.1182
41.8968
39.6733
37.4746
35.3056
33.1307
30.9464
28.7951
26.6989
24.6373
22.5849
20.5279
18.4992
16.5158
14.5368
12.533
10.5547
8.62827
6.69961
4.7665
2.85511
0.954504
97.1471
103.401
108.071
131.674
115.637
103.366
100.45
95.42
92.4776
89.7166
87.0509
84.4368
81.8861
79.3581
76.8534
74.396
71.945
69.5493
67.1687
64.784
62.4276
60.0855
57.7651
55.4589
53.1578
50.8817
48.6205
46.3675
44.1273
41.9018
39.6897
37.489
35.3023
33.1195
30.9494
28.8014
26.6932
24.6219
22.5682
20.5276
18.5057
16.5203
14.5399
12.5471
10.5605
8.61255
6.68546
4.76302
2.85575
0.953832
103.581
108.93
108.147
105.964
118.691
103.537
101.92
96.2556
92.4139
89.7594
87.0877
84.454
81.8854
79.3654
76.8638
74.3889
71.959
69.5684
67.1835
64.7827
62.4266
60.0896
57.7622
55.4564
53.1619
50.8772
48.6118
46.3737
44.1369
41.9031
39.6932
37.4876
35.2827
33.1087
30.9553
28.8155
26.6932
24.6122
22.5648
20.5309
18.5155
16.5217
14.532
12.5489
10.5711
8.61127
6.67975
4.76438
2.85792
0.953659
98.8731
100.59
98.2647
99.5599
99.9908
100.078
100.307
96.1189
92.3349
89.7368
87.0631
84.4656
81.8784
79.3516
76.861
74.3922
71.9588
69.5622
67.1622
64.7871
62.4422
60.0908
57.7644
55.4584
53.1733
50.888
48.6111
46.3804
44.1321
41.8938
39.6938
37.4838
35.2772
33.1038
30.9644
28.832
26.6987
24.6078
22.5653
20.5364
18.5215
16.51
14.5106
12.5398
10.5787
8.61475
6.68034
4.77176
2.86433
0.94891
99.396
109.04
99.3376
92.5158
101.142
100.496
100.39
96.7698
92.2315
89.6016
86.9746
84.3874
81.8445
79.3268
76.8542
74.3913
71.9666
69.551
67.1399
64.7877
62.443
60.0893
57.7673
55.4609
53.1817
50.9034
48.6211
46.3748
44.1191
41.8878
39.6875
37.4738
35.2734
33.1016
30.964
28.8412
26.7091
24.611
22.5684
20.5453
18.5196
16.4942
14.4935
12.5304
10.5759
8.61672
6.68886
4.78588
2.87316
0.947376
99.6777
97.5044
101.542
102.071
99.9566
100.647
100.468
96.4658
91.8807
89.3926
86.8431
84.3076
81.797
79.3034
76.8501
74.3935
71.9703
69.5512
67.1337
64.774
62.4372
60.0833
57.7684
55.4714
53.1878
50.9171
48.631
46.3689
44.1107
41.872
39.6763
37.4653
35.2647
33.1035
30.9694
28.8436
26.7203
24.625
22.5728
20.5464
18.5133
16.4785
14.4794
12.5202
10.5718
8.62168
6.70526
4.81099
2.88348
0.950281
102.354
122.609
99.4594
103.218
98.6581
90.4178
97.6584
94.4441
91.4506
89.1689
86.7234
84.2422
81.7732
79.2924
76.8306
74.3821
71.963
69.5543
67.1352
64.7627
62.4228
60.0822
57.7669
55.4787
53.1924
50.9142
48.6367
46.3662
44.1132
41.8874
39.6766
37.4553
35.2587
33.1095
30.9705
28.8368
26.7249
24.6366
22.5738
20.5375
18.5059
16.477
14.4785
12.5201
10.5683
8.62385
6.71206
4.8105
2.88755
0.959598
95.4831
97.3871
98.7146
105.177
111.158
96.6878
97.059
94.4823
91.4474
89.1312
86.6829
84.2144
81.7549
79.2796
76.8019
74.3798
71.951
69.5408
67.1487
64.7563
62.4131
60.0775
57.7651
55.4798
53.1923
50.9191
48.6382
46.3621
44.1234
41.8934
39.672
37.453
35.2631
33.1162
30.9688
28.8262
26.7241
24.6473
22.5796
20.5322
18.5012
16.4833
14.4906
12.5231
10.5665
8.62598
6.71016
4.79957
2.88617
0.963419
94.6785
94.7964
98.6578
203.679
102.538
102.117
98.8597
94.048
91.655
89.2119
86.7371
84.2504
81.766
79.283
76.8164
74.382
71.9333
69.5251
67.1376
64.7635
62.4061
60.0702
57.7684
55.4745
53.1936
50.9179
48.6345
46.3614
44.1173
41.8924
39.6614
37.4538
35.284
33.122
30.962
28.8161
26.7182
24.6506
22.5832
20.5297
18.4991
16.495
14.5067
12.5235
10.5626
8.62704
6.70264
4.78868
2.87588
0.964299
91.9737
89.6888
83.865
85.6911
94.5209
97.7065
96.9324
94.2476
91.8478
89.3313
86.8196
84.2914
81.7722
79.2991
76.8244
74.3714
71.9328
69.5244
67.1363
64.7667
62.4096
60.0737
57.7722
55.4641
53.1838
50.914
48.6341
46.363
44.115
41.8936
39.6641
37.4614
35.2997
33.13
30.9518
28.8033
26.7091
24.6472
22.5863
20.5281
18.4989
16.5064
14.524
12.5249
10.5564
8.6304
6.70563
4.77702
2.86093
0.954908
97.9017
102.306
98.9752
95.7285
97.7868
101.461
98.9214
101.386
106.022
101.535
103.243
101.425
103.56
101.531
102.515
99.8556
99.9731
103.169
102.522
99.6048
99.9381
100.175
100.82
100.342
100.063
100.17
100.846
100.294
100.354
100.604
100.681
100.281
100.402
100.613
100.581
100.775
97.2386
98.3322
100.643
100.814
96.0242
98.336
96.939
95.4324
95.8103
90.7432
97.1811
94.6407
95.7945
97.0346
98.492
98.9247
101.282
97.068
98.4095
98.9318
98.7618
96.7626
98.626
102.908
98.7648
97.2368
98.7157
98.3807
97.9686
98.1136
97.6702
98.4172
97.5998
97.9494
97.7478
101.686
98.9109
96.2961
97.7049
99.7243
98.9211
101.43
103.635
101.53
102.272
101.415
105.076
101.53
102.519
99.5102
99.9885
103.416
102.512
98.3811
99.9395
100.185
100.878
100.134
100.297
100.157
100.777
100.326
100.372
100.575
100.648
100.398
100.347
100.536
100.625
100.819
96.528
98.4257
100.615
100.813
93.1262
98.2842
97.0801
93.6558
95.8442
90.1197
96.9276
92.2877
95.826
97.0163
98.4237
98.9346
95.223
97.0555
103.105
98.9393
98.7666
97.1942
98.7279
102.18
98.7699
97.3712
98.7292
98.4208
97.5349
97.9483
98.0233
98.4176
97.8385
97.9869
97.7072
99.9074
98.9319
97.3382
97.8155
102.219
99.005
101.407
105.773
101.531
101.381
101.364
107.739
101.532
102.51
98.6963
100.085
102.98
102.501
97.9352
99.9562
100.193
101.391
100.146
99.9394
100.152
96.8824
100.205
100.385
100.543
100.632
100.558
100.335
100.604
100.638
100.814
92.0655
98.4103
100.75
100.845
90.4311
98.3015
96.891
93.9722
95.8197
89.9685
96.8596
95.6339
95.8199
97.2285
102.084
98.9424
95.985
97.0206
104.549
98.9394
98.7708
97.2314
98.7578
105.009
98.7697
98.7104
98.6399
98.4117
98.1529
97.9387
97.7956
98.3752
97.195
98.1835
99.3576
113.976
89.7198
90.7695
94.9544
101.946
98.7326
97.9603
97.1334
97.538
101.958
97.3914
97.9575
97.1691
96.581
99.3004
97.3506
97.2213
96.591
99.3117
97.361
105.545
113.287
118.307
116.059
91.2869
121.266
109.149
104.305
102.175
107.364
104.023
102.133
106.666
104.549
97.9218
101.175
98.217
100.455
97.9318
101.198
98.2245
106.036
101.494
101.365
95.5132
105.283
96.5068
98.2616
100.432
103.343
97.499
104.92
103.305
98.3577
100.451
97.9673
100.184
97.5142
101.931
97.9785
100.151
97.5181
100.505
100.886
99.6017
101.441
100.65
100.291
99.4844
103.04
99.893
100.858
99.9331
99.9258
101.245
105.674
97.5583
100.433
98.2942
100.328
97.545
100.368
98.186
101.086
100.69
100.899
98.6997
100.369
100.685
100.146
100.298
100.272
100.856
100.932
100.212
100.837
100.303
98.7291
100.471
99.3704
100.468
98.6358
100.412
99.2312
98.9536
89.2911
128.741
103.594
98.6124
86.799
142.953
104.083
101.42
105.7
100.686
101.408
105.674
104.211
99.264
98.5473
97.2985
100.623
99.1633
98.5065
97.1759
62.7741
131.721
147.194
161.033
61.5421
222.465
154.901
92.1439
93.0969
91.1372
94.0075
93.1232
89.5606
92.1254
96.5129
96.5352
95.1984
97.7019
96.4162
96.5399
95.1838
108.926
99.7002
104.292
101.376
105.247
100.174
102.546
98.5989
97.0431
119.435
104.046
96.8257
108.96
99.2341
95.3597
98.7304
95.7728
97.0504
95.3636
98.7567
95.7816
120.563
83.6508
96.2302
91.8901
123.557
89.966
95.7407
99.7571
100.369
101.484
103.145
100.373
102.871
99.6293
96.0455
97.6503
95.8894
98.8605
96.0525
97.5018
95.8975
100.755
100.105
98.5812
92.04
98.6748
101.494
99.1992
97.657
97.9131
97.7505
97.3296
97.8976
97.8017
97.6529
96.0474
97.2202
96.3133
96.93
96.0571
97.2026
96.3236
95.3274
103.107
99.6653
100.817
91.5831
103.974
107.402
97.9923
96.7914
99.7954
95.9504
97.9036
100.022
96.901
96.5915
99.3124
97.3617
97.2135
96.5914
99.3144
97.3615
91.2119
118.422
107.983
117.706
83.5642
124.242
98.7535
104.442
101.826
106.596
102.82
104.105
101.781
104.586
97.9311
101.205
98.2217
100.447
97.9307
101.201
98.2219
98.6779
98.5869
99.5315
130.195
104.962
94.36
121.988
100.392
103.163
102.49
103.453
100.413
103.154
102.306
97.9769
100.14
97.5143
101.922
97.9763
100.132
97.5133
101.035
103.594
99.4269
100.119
100.673
100.906
99.4319
105.807
101.017
101.136
99.9202
103.159
100.643
101.44
97.5437
100.365
98.1776
100.312
97.5452
100.343
98.1736
100.263
100.7
99.9247
101.154
98.3808
100.543
99.5382
100.431
100.211
101.621
100.343
100.337
100.214
101.273
98.6213
100.561
99.2346
100.364
98.6126
100.463
99.247
97.9993
77.691
123.379
100.517
90.9075
206.076
-30.9313
104.042
101.406
108.435
100.705
104.067
101.423
107.877
99.1912
98.5782
97.1676
100.467
99.182
98.5676
97.1623
64.5504
88.2126
156.708
95.0425
70.71
88.7289
65.4589
92.6814
93.3399
91.2231
90.4448
92.5254
93.4498
93.0465
96.4045
96.5608
95.1816
97.6803
96.4024
96.5443
95.1807
111.24
115.645
102.651
95.0982
76.7614
100.731
100.049
98.5795
97.0371
110.151
98.4577
99.372
97.0798
109.507
95.3607
98.7618
95.7794
97.0491
95.362
98.7616
95.7786
126.37
86.6788
95.8812
100.091
98.7923
84.3533
101.968
99.5092
100.307
99.9782
102.56
100.542
100.252
101.405
96.0502
97.4883
95.8975
98.8669
96.0501
97.4983
95.8982
98.5065
98.4063
97.9205
93.2892
99.5771
99.2581
98.5935
97.6986
97.9329
97.4754
95.9627
97.7041
97.9381
97.4446
96.0573
97.1999
96.3243
96.9229
96.0571
97.1893
96.3244
88.4728
107.292
107.356
101.564
91.5438
106.115
101.471
98.2936
96.8457
100.673
96.8707
98.2649
100.525
96.6622
96.5908
99.3127
97.3606
97.2466
96.5807
99.2986
97.35
77.7023
122.19
103.786
126.992
90.1245
127.96
103.445
104.582
101.654
119.265
103.723
104.264
101.653
125.319
97.9306
101.199
98.2253
100.556
97.9199
101.17
98.2183
108.809
94.4075
108.976
119.19
109.053
96.0397
97.1207
100.941
103.198
102.146
103.215
100.728
103.176
103.114
97.9785
100.143
97.5175
101.888
97.9668
100.162
97.5134
100.645
101.148
99.4605
100.494
100.706
101.83
102.109
95.6564
99.1022
101.154
100.076
96.1211
99.0242
103.48
97.5474
100.348
98.1863
100.299
97.5606
100.411
98.2779
98.9082
100.813
100.027
105.064
100.104
101.99
101.282
100.443
100.227
100.224
100.682
100.417
100.252
100.265
98.6228
100.508
99.2673
100.393
98.737
100.489
99.3388
98.8839
109.039
14.0332
99.9792
98.4031
106.915
10.5369
103.896
101.413
109.024
100.662
104.047
101.423
106.302
99.1813
98.6119
97.1732
100.485
99.3048
98.6188
97.2875
190.266
106.529
201.613
108.519
102.826
105.922
76.9117
94.3205
93.8554
127.32
91.7863
93.68
94.0262
114.771
96.4146
96.5681
95.1818
97.6499
96.5112
96.5479
95.1962
96.1122
104.387
100.263
111.211
97.8166
102.809
100.103
98.5525
97.2376
101.483
95.4795
98.4619
97.2852
101.261
95.3646
98.7562
95.7813
97.0834
95.3608
98.7324
95.772
96.8398
102.909
103.322
102.912
96.2347
108.068
103.232
100.628
100.037
98.682
110.255
100.192
100.05
98.6985
96.0522
97.4841
95.8985
98.8197
96.0451
97.6431
95.8896
97.3363
97.1659
97.5247
95.514
97.5462
99.2531
105.042
97.7856
97.8859
97.9082
97.7117
97.7291
97.955
97.921
96.0567
97.2016
96.3238
97.0449
96.0467
97.2187
96.3136
98.114
97.4459
98.4698
97.823
98.3095
98.0907
97.3366
101.083
100.626
99.9434
102.095
101.09
99.2856
101.094
99.1187
99.0666
100.137
98.9542
99.0712
100.148
99.1173
97.9566
111.927
96.8336
97.2975
97.1378
97.9402
97.0127
98.1215
97.8238
97.3797
98.282
98.2455
98.1504
97.3316
101.075
103.106
97.2464
99.259
103.751
99.2862
100.268
99.1021
98.9375
98.9638
100.15
99.0202
100.152
99.0731
102.432
101.777
101.024
101.409
101.781
101.028
102.429
106.525
111.689
103.856
104.937
109.456
103.359
106.325
104.983
103.788
102.256
101.538
103.804
102.219
104.95
104.265
103.628
101.845
107.204
101.944
108.489
104.171
102.429
101.426
101.764
101.028
101.773
101.03
102.418
106.314
106.487
109.173
103.029
108.977
103.075
106.345
104.957
101.534
103.848
102.214
103.831
102.262
104.945
101.001
102.765
100.866
102.523
102.774
100.862
101.056
100.327
97.7164
99.0485
99.7012
97.5771
98.9229
100.373
100.577
100.71
99.9596
99.9627
100.708
99.9465
100.76
100.424
110.98
103.176
103.251
103.235
104.231
100.681
100.962
102.522
102.781
100.857
102.797
100.871
100.967
100.258
99.6563
97.4454
99.1259
97.4651
98.9014
100.222
100.617
100.011
100.758
99.9363
100.706
99.9474
100.639
100.551
100.433
100.252
100.191
100.474
100.266
100.598
100.41
99.4855
100.112
100.812
99.7746
100.113
100.437
100.22
100.177
100.027
100.339
100.18
100.004
100.213
104.58
100.095
101.275
101.188
101.309
100.961
104.956
101.064
100.173
100.221
100.183
101.339
100.255
100.137
100.352
100.815
99.9957
100.081
99.8688
100.095
100.43
100.157
100.352
100.153
100.053
100.24
100.035
100.104
100.554
100.32
100.456
100.36
100.3
100.461
100.64
100.589
100.321
101.115
100.609
100.331
100.979
100.588
100.575
100.541
100.898
100.658
100.512
100.857
100.562
100.685
100.276
100.211
100.758
100.2
100.969
100.36
100.535
100.435
100.284
100.417
100.314
100.602
100.478
100.609
100.626
100.168
100.96
100.339
100.962
100.562
100.53
100.812
100.468
100.857
100.654
100.857
100.503
102.164
101.276
101.019
100.757
101.235
101.017
102.192
105.697
113.912
97.0317
96.9355
112.947
97.0148
105.859
102.103
100.39
98.1325
98.3476
100.373
98.1312
102.108
104.107
100.673
101.397
105.344
101.392
105.493
104.112
102.159
100.97
101.235
101.016
101.242
101.168
102.146
106.061
96.7924
114.6
96.9713
116.086
96.9974
105.606
102.117
98.3144
100.351
98.1299
100.35
98.1384
102.104
94.8688
96.2121
95.7112
96.9937
96.1509
95.7119
94.8646
93.4541
93.7121
94.2204
94.9593
94.237
94.1636
93.5684
94.3047
95.7592
95.3178
95.8198
95.7709
95.2751
94.2932
92.255
97.8278
93.2682
91.4724
93.1959
95.0333
92.3949
94.8818
96.8832
96.0486
95.7064
96.1969
95.709
94.8976
93.2709
96.5843
120.126
94.0062
96.5896
94.1291
93.1729
94.3084
95.8661
95.7622
95.2977
95.8189
95.2975
94.3321
97.9482
97.2255
97.7152
97.0408
97.223
97.7233
98.8749
99.4019
101.827
100.318
98.5128
101.478
100.449
99.4183
98.429
98.3004
99.2819
98.9278
98.2997
99.2863
98.1777
101.248
121.126
97.0126
111.451
99.2163
109.937
98.8728
98.097
97.0969
97.2252
97.6777
97.2344
97.8621
98.2015
99.5233
98.3928
103.207
100.141
101.338
100.113
99.3668
98.4574
98.9337
98.3155
99.2913
98.3121
99.2756
99.6615
99.7207
99.9047
99.2074
98.7655
99.9304
99.2168
99.6457
98.5833
100.661
98.058
97.2312
100.84
98.0309
100.805
98.7004
97.7218
98.5891
98.6595
97.4494
98.5988
98.7258
99.9528
103.128
100.346
100.028
100.365
101.625
100.571
99.5585
98.7651
99.8892
99.2266
99.8919
99.2228
99.5268
98.6832
96.7696
102.002
98.1301
101.191
98.1726
98.6261
98.883
98.7023
97.5535
98.5999
97.7805
98.6003
98.8931
97.6822
98.0538
98.0282
98.3981
98.0616
98.003
97.6672
97.8516
99.4646
97.5835
97.9268
98.1212
97.8391
97.5857
97.7019
98.3493
97.6283
97.9901
98.2957
97.6838
97.6354
97.6473
99.0854
97.9172
97.4933
97.8959
97.6023
97.6711
97.6851
98.4089
98.0675
97.9684
98.0662
97.9824
97.6854
97.8579
97.9095
98.1419
97.5855
98.1344
97.8604
97.581
97.7146
97.9443
98.255
97.6417
98.2722
97.7205
97.6308
98.1434
97.3914
98.2463
97.7345
98.139
98.2255
97.3878
99.8511
101.724
99.6288
111.994
99.8979
101.249
99.6851
99.0071
98.9832
100.144
98.9095
99.0451
98.8756
100.135
98.1827
96.0743
96.9032
100.645
100.372
98.2528
96.9727
98.1283
97.7843
97.3626
98.236
98.2221
98.14
97.407
99.7458
99.6106
97.7521
99.5471
106.763
99.7798
102.559
99.0244
98.9151
98.8221
100.127
98.8431
100.129
98.9309
102.414
101.757
101.027
101.429
102.412
101.754
101.03
106.428
108.5
102.965
103.911
106.385
108.75
102.961
104.937
103.857
102.216
101.53
104.942
103.862
102.226
104.273
114.642
101.761
121.005
101.711
133.874
104.568
102.424
101.423
101.76
101.032
101.753
101.031
102.445
106.666
103.917
108.608
102.839
111.073
102.927
106.52
104.936
101.53
103.877
102.218
103.875
102.222
104.931
100.987
102.78
100.855
102.516
100.974
102.771
100.851
100.207
97.7288
99.0037
99.5698
100.167
99.8244
98.8615
100.749
100.819
99.9387
99.9571
100.671
100.789
100.01
100.438
103.405
103.171
102.254
103.23
102.297
100.582
101.005
102.514
102.707
100.837
102.74
100.847
101.016
101.626
99.648
100.824
98.9275
99.191
98.879
101.525
101.026
99.9568
100.816
100.064
100.77
99.9544
100.993
100.116
100.453
100.179
100.169
100.175
100.203
100.177
100.6
99.9323
100.071
100.892
100.913
103.129
100.085
100.136
100.171
99.9988
100.148
100.119
100.182
99.9991
102.752
99.9563
99.1636
101.362
100.596
101.418
105.377
100.072
100.164
100.253
100.111
100.252
100.148
99.8357
100.295
100.906
106.308
100.042
103.412
100.056
100.443
100.125
100.333
100.123
100.008
100.149
100.014
100.164
100.48
100.295
100.426
100.331
100.48
100.28
100.404
100.61
100.117
100.955
100.551
100.58
101.953
100.949
100.534
100.469
100.862
100.62
100.51
100.501
100.845
100.421
100.339
100.224
100.277
100.214
100.158
100.38
100.489
100.374
100.285
100.42
100.292
100.428
100.469
100.6
100.536
100.847
100.986
100.658
100.949
100.628
100.522
100.622
100.443
100.855
100.461
100.847
100.515
102.17
101.239
101.039
100.815
102.147
101.232
101.013
105.866
120.209
96.8765
102.854
105.708
115.751
96.8163
102.086
100.334
98.132
98.3823
102.095
100.334
98.0862
104.021
100.628
101.405
107.658
101.406
110.839
104.031
102.168
100.814
101.228
101.024
101.232
101.016
102.176
105.705
94.737
119.871
96.5173
117.363
96.5889
105.352
102.077
98.2933
100.343
98.094
100.346
98.0839
102.091
94.958
96.1538
95.7108
96.9459
94.9284
96.1035
95.71
92.5168
104.366
93.8765
92.8708
93.1212
86.7625
93.7344
94.3572
95.781
95.3167
95.792
94.3775
95.7551
95.3081
92.9027
90.2564
93.6964
89.8839
93.5519
92.5578
93.2521
94.9938
96.8369
96.0844
95.6933
96.2113
95.7303
95.0217
92.3347
92.4894
85.2004
93.4912
84.749
93.6161
92.7625
94.3717
95.8228
95.733
95.3366
95.7714
95.3882
94.367
98.033
97.2036
97.7154
97.026
97.9406
97.172
97.7264
99.2638
103.938
100.091
101.063
99.3642
101.954
100.047
99.5254
98.3186
99.3114
98.9352
98.7903
98.3264
99.3523
98.2821
95.0763
97.1855
111.443
97.1112
109.542
98.3136
97.9844
97.0289
97.1378
97.7891
97.1716
97.808
97.9569
99.3636
101.063
102.031
99.9522
101.896
100.011
99.414
98.9235
98.9374
98.3308
99.4417
98.3332
99.4086
98.8277
99.5608
99.9039
99.2291
98.7661
99.5447
99.927
99.2272
98.7475
103.029
98.1954
97.1068
98.6624
100.439
98.307
98.8409
97.5683
98.6003
98.7417
98.8677
97.6428
98.6
99.9483
102.219
100.08
98.7473
100.146
98.694
99.9897
99.5463
98.7684
99.9633
99.2209
99.9597
99.2253
99.48
99.0404
97.2377
100.876
99.2218
100.532
98.3248
99.1237
98.8151
98.7337
97.9032
98.5935
97.6058
98.5961
98.7875
97.6831
98.0656
97.9603
98.4209
97.6847
98.0616
97.9588
97.8555
98.1493
97.5918
97.6426
97.8552
98.1933
97.5925
97.7119
98.2488
97.6509
97.9483
97.7197
98.2457
97.6551
97.7084
99.1418
98.15
99.5112
98.4614
98.7275
97.7229
97.6804
98.4205
98.0508
97.9662
98.0562
97.9605
97.6783
97.8796
97.8191
98.2352
97.5887
98.2063
97.8693
97.5991
97.6995
97.9511
98.2249
97.6723
98.2381
97.6792
97.6527
98.1897
97.3838
98.2486
97.721
98.1676
98.2741
97.3571
99.9412
99.5683
99.773
99.7864
99.8596
99.6835
99.399
98.8771
98.9189
100.122
98.9512
98.9052
98.9794
100.119
98.3232
97.2363
96.8788
100.949
101.263
98.3623
96.8939
98.1632
97.7264
97.3299
98.4842
98.3248
98.1314
97.3182
100.137
104.34
110.33
99.8221
98.5101
99.3713
103.62
98.8663
98.9753
99.0523
100.105
99.0179
100.113
98.8754
102.491
101.773
101.031
101.399
102.466
101.78
101.033
106.46
108.624
103.337
108.322
106.651
108.518
103.035
104.919
103.872
102.218
101.532
104.923
103.863
102.227
104.985
102.408
101.785
114.279
101.759
115.305
104.452
102.513
101.381
101.778
101.024
101.783
101.032
102.514
106.535
110.862
110.66
102.986
108.759
103.021
106.672
104.921
101.535
103.846
102.24
103.852
102.245
104.918
101.052
102.702
100.841
102.509
101.044
102.697
100.838
100.948
105.801
98.8285
98.7773
101.022
102.711
98.7618
101.184
100.719
100.051
99.9517
100.995
100.806
99.98
101.328
102.781
103.242
118.05
103.266
113.504
101.437
101.113
102.509
102.706
100.838
102.698
100.839
101.091
100.849
98.0226
101.314
98.7387
101.015
98.7339
101.131
100.875
99.9452
100.802
99.9964
100.809
99.9745
100.88
99.7271
99.8621
100.151
100.16
99.7723
99.8585
100.121
99.926
100.505
100.034
103.129
99.8795
100.852
99.9935
100.174
100.184
100.004
100.192
100.151
100.156
99.9931
95.7382
99.7712
98.9878
100.919
99.0142
100.632
95.6374
99.6927
100.146
99.9278
100.112
100.021
100.116
99.6899
100.231
97.7327
100.888
100.084
101.955
99.979
100.111
100.261
100.247
100.157
100.016
100.148
100
100.217
100.464
100.313
100.462
100.338
100.479
100.281
100.423
100.588
100.832
100.978
100.541
100.597
100.921
100.947
100.569
100.565
100.856
100.63
100.518
100.473
100.849
100.434
100.557
100.292
100.307
100.265
100.281
100.436
100.468
100.325
100.295
100.463
100.282
100.424
100.618
100.593
100.679
101.318
101.025
100.877
100.947
100.595
100.537
100.633
100.514
100.858
100.473
100.866
100.527
102.166
101.228
101.021
100.818
102.175
101.216
101.014
104.901
110.211
96.4191
91.1742
105.126
108.852
96.3243
102.008
100.347
98.0719
98.3513
101.996
100.35
98.0568
103.894
100.672
101.439
105.667
101.431
105.864
103.863
102.167
100.821
101.226
101.039
101.217
101.016
102.167
104.897
90.6698
107.952
96.2985
108.219
96.3147
104.831
102.005
98.3026
100.357
98.0482
100.354
98.0487
101.994
95.0058
96.1972
95.7151
96.9493
95.0319
96.146
95.6844
94.373
110.665
93.9482
102.246
92.8245
111.307
94.8122
94.3378
95.7333
95.3392
95.8383
94.3533
95.7389
95.315
94.6363
89.9564
94.1251
110.996
94.107
107.484
94.7763
95.0193
97.0006
96.1639
95.7216
96.1942
95.688
95.0255
92.4907
94.7769
97.9888
93.827
93.9873
93.8586
92.872
94.3247
95.8195
95.7567
95.3374
95.7519
95.3044
94.3585
97.9574
97.1345
97.8955
97.0672
97.8287
97.1443
97.7288
99.4662
102.304
99.9672
108.235
99.4682
102.799
99.9984
99.7313
98.3369
99.5018
98.9391
100.116
98.3362
99.4698
98.5604
96.7691
97.3619
104.8
97.299
101.333
98.7459
97.8668
97.0198
97.1426
97.8113
97.1453
97.7813
97.8687
99.4189
102.977
102.983
100.032
102.893
100.009
99.6513
99.6196
98.9396
98.34
99.5053
98.3399
99.4647
99.9382
99.4911
99.9861
99.2176
98.7693
99.5108
99.9947
99.2124
103.848
100.849
99.1261
100.101
99.1814
100.933
99.3267
98.6908
97.8028
98.5982
98.7609
98.7339
99.5751
98.5985
99.5298
104.346
100.301
99.6761
100.024
98.7313
100.218
99.5025
98.7723
100.01
99.1958
100.007
99.2098
99.5951
103.873
98.0603
106.295
98.5952
101.316
98.4529
107.923
98.759
98.6848
97.6704
98.5843
97.6627
98.5942
98.8313
97.6742
98.0466
97.9748
98.4046
97.6768
98.0439
97.9872
97.8541
98.2661
97.5868
97.9847
97.8742
98.3209
97.5931
97.622
98.2059
97.6265
97.969
97.6555
98.175
97.6467
97.716
98.026
98.0548
97.7155
97.9857
97.9406
97.8802
97.6702
98.394
98.033
98.0341
98.0412
98.0075
97.6591
97.8438
98.0183
97.7926
97.6024
100.47
97.8453
97.5954
97.6031
97.9987
98.4613
97.6447
98.1807
97.7115
97.6407
100.254
100.291
100.228
100.212
100.297
100.279
100.205
100.399
100.353
100.401
100.322
100.26
100.259
100.32
100.384
100.445
100.379
100.054
100.238
100.226
100.042
96.6928
97.6418
96.6885
97.1322
97.7134
97.716
97.1257
100.201
100.311
100.194
100.207
100.286
100.208
100.289
100.38
100.361
100.418
100.311
100.26
100.312
100.262
100.362
100.475
100.4
100.034
100.242
100.035
100.25
96.685
97.6663
96.6846
97.1261
97.713
97.127
97.711
100.094
100.322
100.25
100.208
100.281
100.208
100.274
100.368
100.43
100.425
100.308
100.261
100.311
100.269
100.38
100.474
100.389
100.028
100.244
100.041
100.263
96.6647
97.6413
96.6685
97.1275
97.7163
97.1267
97.714
100.27
100.421
100.246
100.203
100.229
100.233
100.196
100.3
100.295
100.239
100.211
100.283
100.274
100.208
100.47
100.163
100.321
100.202
100.231
100.234
100.199
100.435
100.459
100.421
100.352
100.334
100.33
100.34
100.357
100.457
100.385
100.315
100.267
100.258
100.311
100.536
100.381
100.485
100.352
100.349
100.381
100.327
99.8277
98.5149
99.7911
99.4729
98.5725
98.5733
99.4642
100.445
100.448
100.372
100.039
100.245
100.229
100.032
98.588
99.8098
99.8451
99.4683
98.575
98.5812
99.4575
96.5196
96.5277
96.5106
96.9736
96.9593
96.9164
96.9675
97.6621
96.6831
96.6835
97.1309
97.7099
97.7138
97.1291
96.5578
96.5202
96.6118
96.9744
96.9315
96.9252
96.9747
100.289
100.519
100.257
100.198
100.231
100.198
100.229
100.31
100.15
100.214
100.207
100.288
100.289
100.207
100.496
100.234
100.214
100.198
100.231
100.23
100.199
100.523
100.399
100.387
100.33
100.344
100.332
100.341
100.333
100.404
100.375
100.31
100.26
100.262
100.312
100.473
100.382
100.458
100.332
100.344
100.349
100.33
99.8149
98.5424
99.7995
99.4599
98.5714
99.4674
98.5743
100.464
100.394
100.384
100.039
100.246
100.245
100.036
98.6089
99.808
99.8614
99.4645
98.5751
98.5803
99.4577
96.5543
96.5413
96.5093
96.9758
96.9383
96.9753
96.94
97.7078
96.6708
96.6804
97.1262
97.711
97.7176
97.1258
96.547
96.5245
96.5526
96.9767
96.9375
96.9412
96.9762
100.319
100.423
100.228
100.199
100.232
100.199
100.231
100.285
100.227
100.22
100.21
100.3
100.269
100.202
100.434
100.232
100.235
100.201
100.229
100.232
100.194
100.491
100.448
100.425
100.316
100.37
100.341
100.326
100.352
100.407
100.378
100.324
100.259
100.259
100.325
100.446
100.471
100.416
100.344
100.341
100.325
100.364
99.8875
98.5274
99.8024
99.4553
98.5763
99.4622
98.5758
100.46
100.406
100.365
100.044
100.234
100.216
100.068
98.5325
99.8409
99.798
99.475
98.5788
98.5779
99.4859
96.601
96.5264
96.5046
96.9758
96.932
96.9763
96.9209
97.6329
96.6693
96.6613
97.1299
97.7132
97.7167
97.124
96.5253
96.5423
96.5005
96.9763
96.9515
96.9243
96.9683
97.7628
97.0384
97.7677
97.8923
97.4243
97.8886
97.4258
97.7679
97.0767
97.7734
97.8527
97.4157
97.871
97.3982
100.894
100.133
100.892
100.777
100.193
100.778
100.198
100.132
100.888
100.892
100.778
100.191
100.196
100.77
97.0417
97.7612
97.7688
97.8915
97.4209
97.4278
97.8834
97.7835
97.0767
97.7939
97.8413
97.3516
97.3844
97.8142
100.896
100.184
100.905
100.741
100.134
100.156
100.722
100.172
100.895
100.903
100.758
100.191
100.176
100.766
97.0656
97.7651
97.7858
97.8629
97.4096
97.4007
97.8804
100.89
100.152
100.89
100.748
100.179
100.761
100.168
100.161
100.882
100.89
100.733
100.125
100.152
100.71
97.085
97.7786
97.7807
97.8279
97.3475
97.3729
97.7961
98.7539
98.1232
98.1155
97.7197
97.6644
97.6806
97.7244
98.1214
98.764
98.1271
97.7573
97.6505
97.7233
97.6448
98.7632
98.1333
98.1252
97.7503
97.6493
97.644
97.7603
98.1331
98.7492
98.1318
97.7547
97.6654
97.7515
97.6647
98.1486
98.7444
98.1035
97.7327
97.7881
97.7022
97.8704
98.7487
98.1487
98.1261
97.7733
97.7788
97.6944
97.8667
100.986
101.925
100.985
100.293
100.697
100.3
100.691
100.986
101.913
100.99
100.299
100.704
100.295
100.717
101.926
100.985
100.984
100.317
100.705
100.723
100.303
101.925
100.984
100.986
100.294
100.693
100.693
100.288
100.992
101.914
100.98
100.336
100.848
100.757
100.396
101.903
100.996
100.993
100.32
100.846
100.753
100.376
102.881
109.128
57.4303
99.2537
103.164
105.092
67.9658
89.9782
97.6976
95.0338
118.387
91.3425
116.102
95.1504
102.311
100.096
99.7287
102.064
102.185
100.149
99.7583
102.565
100.114
99.8651
102.078
102.427
100.124
100.011
100.738
93.473
108.288
98.9628
101.978
94.7538
95.6513
108.143
100.253
100.439
99.2799
95.0663
99.9126
100.561
103.558
98.8762
97.429
97.8864
100.335
100.206
99.737
100.098
101.107
100.389
92.5418
100.805
100.936
100.394
98.2184
85.5408
86.1063
90.9381
98.2297
86.6978
86.4282
101.021
95.8279
99.5197
97.875
100.369
97.2426
84.5306
100.798
91.4189
95.4353
97.5203
101.85
60.6192
95.2872
94.1587
95.5386
93.8056
96.4732
94.1586
95.5365
93.8054
99.7654
99.9301
98.7033
99.2013
99.7604
99.9432
98.7231
99.7643
99.1868
99.9364
98.7329
99.9407
98.7287
99.7595
94.1513
95.5524
93.797
96.4654
94.1603
95.5397
93.8073
94.1592
95.5393
93.8063
96.5191
94.1502
95.5516
93.7958
99.7482
99.0821
99.9066
98.6937
99.8622
98.6889
99.751
99.72
99.9194
98.7305
99.187
99.746
99.914
98.7059
94.5819
96.6534
94.3764
96.7711
94.5818
96.644
94.3765
100.16
99.1823
100.11
99.2444
100.16
99.1779
100.112
100.163
99.2511
99.1853
100.102
99.1908
100.115
100.153
94.5821
96.6394
94.377
96.7872
94.5726
96.6893
94.3662
100.11
99.1973
100.103
99.1372
100.146
99.158
100.024
94.574
96.6934
94.3677
96.7669
94.5834
96.6524
94.3782
100.143
99.2761
99.1665
100.101
99.173
100.12
100.143
99.794
99.9619
98.7922
99.0809
99.8723
98.7399
99.751
99.6859
99.0515
99.9942
98.9345
99.8279
98.6795
99.8379
100.084
99.1504
99.344
100.122
99.1321
100.045
100.21
100.148
99.2506
100.139
99.1596
99.1664
100.03
100.146
98.9621
98.8643
98.9727
97.1768
97.075
97.1754
97.0741
98.8652
98.9255
98.9543
97.1783
97.0748
97.0742
97.1784
98.9596
98.8509
98.9938
97.1876
97.0833
97.1856
97.0918
98.8526
98.9712
98.9745
97.1817
97.0822
97.0896
97.1796
98.8402
98.919
98.9496
97.2055
97.1811
97.1257
97.2396
98.9173
98.8442
98.9423
97.2009
97.1787
97.1216
97.2369
101.202
102.73
102.723
100.354
99.7842
99.7864
100.354
102.739
101.203
102.736
100.348
99.7895
100.348
99.7864
99.2768
98.043
98.6726
97.1603
99.2806
98.033
98.6757
102.749
101.195
102.763
100.353
99.7897
100.355
99.7909
99.2576
97.2132
98.0162
98.6761
98.0217
98.6809
99.2561
99.2805
97.1806
98.0399
98.6724
98.0413
98.6785
99.2719
99.2482
98.0389
98.671
97.1696
99.2658
98.0309
98.6601
99.29
98.1179
98.648
97.2015
98.0594
98.641
99.2601
100.202
100.148
98.8279
98.62
100.201
100.156
98.8251
100.202
98.6059
100.155
98.8294
100.16
98.8224
100.199
101.185
102.957
102.813
100.361
99.8675
99.8157
100.36
99.2434
97.1961
98.2278
98.6452
98.0525
98.6492
99.3327
102.941
101.184
102.813
100.366
99.8731
99.8216
100.364
101.193
102.74
102.762
100.359
99.7947
99.7979
100.358
100.189
98.6054
100.147
98.8305
100.124
98.8351
100.192
100.178
100.148
98.8447
98.6443
100.191
100.152
98.8567
100.2
100.128
98.936
98.6266
100.122
98.8767
100.164
100.167
98.624
100.132
99.005
100.118
98.8772
100.199
94.8811
96.0585
94.8328
96.1148
94.8815
96.0588
94.8338
99.9903
97.8393
100.099
98.1773
99.9878
97.8392
100.1
99.9897
98.1758
97.8379
100.104
97.8383
100.1
99.9912
94.8815
96.0629
94.834
96.123
94.8718
96.0706
94.8216
99.9757
97.8463
100.098
98.1864
99.9839
97.8504
100.092
94.8708
96.0699
94.8206
96.1191
94.8809
96.0625
94.833
99.9758
98.2023
97.8454
100.098
97.8514
100.09
99.9852
93.6683
94.3059
93.4059
94.438
93.6688
94.3056
93.4058
97.2993
96.4338
97.9125
95.6029
97.9282
95.6027
97.2949
93.6571
94.3126
93.396
94.4466
93.6686
94.308
93.4072
97.2786
96.4257
97.9119
95.6086
97.9083
95.6135
97.2905
97.2966
97.9244
95.6024
96.4111
97.2917
97.9141
95.6046
93.6678
94.3068
93.406
94.4531
93.6553
94.3112
93.3945
99.9674
97.9356
100.066
98.2211
97.8771
100.07
99.9476
99.9629
98.217
97.9378
100.065
97.8773
100.08
99.9506
97.2827
97.932
95.6094
96.4327
97.2853
97.9034
95.6098
97.2718
97.8732
95.6946
96.4601
97.8923
95.6382
97.2532
97.2667
96.4611
97.8715
95.7013
97.8879
95.6384
97.2556
100.416
100.827
100.379
98.0075
100.279
100.818
100.372
99.4966
97.5446
99.233
97.5954
99.2294
97.5971
99.4957
96.6499
95.2928
96.2898
95.1816
96.6479
95.294
96.2825
96.6497
95.1818
95.2924
96.2829
95.2936
96.2881
96.65
99.4896
99.229
97.5999
97.5436
99.4924
99.2321
97.5994
96.6424
95.1793
95.2965
96.2832
95.2962
96.2878
96.6455
99.4971
99.2286
97.5957
97.5445
99.4965
99.2326
97.5976
96.6417
95.2964
96.2887
95.1833
96.6457
95.2955
96.2709
99.4806
97.5548
99.3077
97.6653
99.2346
97.6178
99.4717
99.4894
97.5485
99.2326
97.6004
99.2184
97.5999
99.4949
96.6367
95.353
96.37
95.1902
95.3123
96.2842
96.63
96.6355
95.1964
95.3512
96.3561
95.3125
96.2801
96.6338
99.4804
99.2963
97.6655
97.5612
99.2339
97.6177
99.4734
100.11
99.6226
89.9335
76.945
97.7471
98.9162
89.1749
99.0006
87.1372
90.1227
115.965
98.4926
92.4958
88.5729
136.615
97.3235
92.103
93.1235
88.1857
110.685
97.095
105.353
176.505
119.334
106.582
105.906
93.2621
116.294
96.5399
94.2104
94.8189
108.412
98.8358
95.0284
104.187
104.317
99.4846
100.888
101.884
106.165
99.4365
99.1668
108.105
90.9502
114.823
101.489
110.174
110.567
91.548
82.8552
81.2266
81.268
83.9507
82.4034
80.1534
80.0641
97.5661
97.6875
97.6866
96.8479
97.0576
97.07
96.8671
97.488
98.065
97.655
96.8367
97.0586
97.0582
96.8856
97.619
97.4787
97.6887
96.8148
97.0603
96.8351
97.0596
97.9624
97.5209
99.4522
96.7896
97.0666
96.845
97.0684
97.5292
97.6251
97.8287
96.8037
97.0654
97.0654
96.824
97.7659
97.5724
97.3879
96.8418
97.0587
97.0689
96.858
103.777
104.722
58.4199
98.7716
104.751
101.605
87.5063
111.321
96.5336
90.1087
99.7922
113.094
90.3018
96.745
101.677
101.128
101.834
99.8716
100.556
101.289
100.602
100.741
97.1782
99.1131
98.4621
100.646
97.0534
95.9724
94.9688
96.2135
94.8885
96.2537
94.9692
96.2133
94.8892
110.1
101.289
229.755
98.7335
107.781
100.674
180.227
98.7024
97.6694
98.7597
97.5132
98.7057
97.6692
98.7534
98.7005
97.513
97.6695
98.7584
97.6694
98.7558
98.7025
94.9587
96.2173
94.8766
96.2558
94.9687
96.2143
94.8889
98.7206
97.5161
97.673
98.7702
97.6732
98.7927
98.7141
94.9692
96.2144
94.8894
96.2568
94.9596
96.2176
94.8774
98.7174
97.6733
98.7698
97.5188
98.7083
97.6734
98.7835
98.7471
97.6683
98.8911
97.5214
97.6777
98.8215
98.83
98.7449
97.5239
97.6682
98.8842
97.6778
98.8197
98.8225
93.4293
94.63
93.5087
94.4822
93.4299
94.6299
93.5089
96.1575
96.1035
95.4561
95.3605
96.1614
96.0999
95.4558
96.157
95.3604
96.1033
95.4563
96.0988
95.4557
96.1555
93.4181
94.6314
93.4976
94.483
93.4291
94.6295
93.5095
93.43
94.6297
93.5096
94.4854
93.4181
94.6319
93.4978
96.1747
95.3643
96.1183
95.4602
96.1282
95.4607
96.1697
96.1674
96.1157
95.4604
95.363
96.1628
96.1377
95.461
96.2005
96.232
95.4569
95.3699
96.1627
95.466
96.2889
96.1968
95.3682
96.2371
95.4569
96.1634
95.4662
96.2845
115.286
102.817
111.751
70.7056
113.678
103.254
109.572
100.444
100.796
100.794
99.4248
99.2715
99.2714
99.4254
100.792
100.445
100.792
99.4257
99.2723
99.4272
99.2718
100.804
100.448
100.815
99.428
99.2747
99.4285
99.2743
100.454
100.799
100.81
99.429
99.276
99.2756
99.4304
100.465
100.882
100.833
99.4335
99.2701
99.2787
99.4234
100.869
100.466
100.827
99.4336
99.2705
99.28
99.4238
98.7561
274.277
207.873
124.095
97.8205
106.474
108.62
102.074
99.9094
105.003
103.079
102.838
102.096
102.686
106.805
95.8685
87.9195
99.0713
104.196
134.927
105.253
96.7951
99.785
100.563
101.5
96.5093
99.9121
100.841
101.806
99.137
83.8823
101.336
47.0602
50.1696
113.42
97.2125
96.9207
97.2133
97.006
96.7174
97.0055
96.7168
96.9414
97.2145
97.2177
97.0059
96.7217
96.7223
97.0079
97.2328
96.9676
97.2232
97.0094
96.7174
96.7275
96.9993
97.2167
96.9424
97.2216
97.0065
96.7216
97.0081
96.7228
96.9207
97.2142
97.2136
97.006
96.7172
96.7168
97.0055
96.9683
97.2347
97.2271
97.01
96.7174
96.7277
97
104.042
100.792
98.855
101.869
104.584
102.739
98.6081
82.3894
81.1565
79.9151
85.2765
87.7458
82.1974
79.6254
94.6255
121.744
106.964
87.1978
66.0132
114.475
107.999
110.164
100.74
102.258
100.829
102.483
99.5298
110.291
102.185
118.285
108.328
101.168
101.182
118.138
110.381
112.185
106.417
98.9358
99.6602
111.066
100.626
100.212
118.447
100.875
99.0519
100.728
98.8517
102.501
99.2644
100.29
100.709
102.183
99.1764
101.847
99.0959
99.2317
103.121
100.302
100.962
100.002
106.444
110.163
100.008
100.823
100.091
100.946
99.2707
101.521
103.235
101.233
100.924
104.849
106.084
100.653
101.553
99.0948
102.748
104.258
99.1382
100.243
99.8366
111.654
102.066
101.465
98.8303
94.5863
88.8376
85.3363
99.4915
94.8296
90.0245
98.7217
97.9773
98.8841
97.7836
98.8818
97.7841
98.7248
96.3514
95.7798
95.657
96.4296
95.6569
96.4289
96.3531
98.722
98.8842
97.7834
97.9775
98.7251
98.8815
97.7842
96.338
95.6535
96.4283
95.7802
96.3482
95.6531
96.4258
96.337
95.7799
95.6516
96.4272
95.6521
96.4262
96.3415
96.3453
95.654
96.4274
95.7795
96.347
95.6532
96.4298
98.7272
97.9755
98.8882
97.7861
98.8914
97.784
98.7274
98.7286
98.8878
97.7865
97.9753
98.7272
98.8907
97.7846
96.3622
95.6497
96.4408
95.7833
95.6605
96.4344
96.3833
96.3507
95.7826
95.6471
96.4404
95.6574
96.4373
96.375
199.741
78.6608
75.0206
90.4225
74.3148
119.538
192.679
98.7332
98.8975
97.7766
97.9785
98.8955
97.7876
98.7459
98.7343
97.9781
98.8974
97.7768
98.8956
97.788
98.7437
102.122
95.1203
97.9861
118.877
102.117
121.543
98.5614
98.6297
99.3132
98.6162
98.2454
98.4355
98.2438
98.4362
99.3139
98.6233
98.6068
98.2453
98.4358
98.4363
98.2434
99.3101
98.6018
98.57
98.2414
98.4376
98.4359
98.2453
98.6154
99.3087
98.5798
98.2418
98.4382
98.2444
98.4368
99.3032
98.5596
98.5634
98.2429
98.4292
98.4396
98.2343
102.768
107.921
107.527
150.666
113.897
135.607
106.575
98.5659
99.305
98.5612
98.2419
98.4291
98.4392
98.2331
103.817
100.42
101.107
103.519
98.9859
100.752
105.978
96.0075
88.5328
107.177
89.1801
86.9423
104.694
107.587
121.219
97.0408
122.033
109.675
108.567
99.333
105.748
138.626
128.208
138.187
122.69
142.57
144.791
117.887
90.8183
88.5339
93.1056
92.2572
91.2355
89.3728
93.9827
91.1542
103.187
109.139
71.8455
92.562
103.781
106.64
71.7218
111.527
108.817
100.975
68.4605
103.375
104.02
116.867
131.211
115.716
110.356
114.877
122.609
114.734
114.38
121.746
115.913
103.978
113.783
121.67
118.535
108.888
92.4686
102.162
108.158
101.696
103.262
113.286
108.882
89.92
113.591
130.2
119.408
109.782
110.671
450.273
98.2831
228.663
107.054
94.7303
95.4198
148.141
105.085
105.366
106.431
93.3205
109.507
102.582
102.022
100.255
120.676
108.727
105.923
96.8802
96.7319
119.03
108.365
106.129
108.606
86.6824
105.698
108.899
109.884
102.061
93.4708
102.746
109.207
98.3541
98.7922
108.024
123.839
110.507
125.163
104.964
94.702
96.464
105.141
93.1649
102.229
102.13
109.712
99.1844
98.6672
113.475
129.844
109.609
157.477
132.301
128.722
110.217
126.558
100.056
103.038
114.208
97.3644
113.104
94.5969
98.4565
105.217
102.32
141.052
113.482
113.48
106.611
141.133
97.0305
111.781
112.08
101.816
108.128
95.4274
109.728
100.655
106.068
105.852
103.358
101.374
103.39
109.513
83.4165
90.7863
94.8139
88.5556
83.4404
88.1912
90.7137
98.1282
97.3562
101.733
102.758
100.75
98.2658
105.404
97.1884
97.2007
97.185
96.9662
96.9553
96.9661
96.9525
97.1956
97.1876
97.1853
96.9659
96.952
96.9661
96.9514
97.2073
97.2181
97.1945
96.9704
96.9543
96.9605
96.9624
97.191
97.212
97.1971
96.9707
96.9559
96.9699
96.9568
97.2096
97.1925
97.1908
96.9671
96.958
96.9688
96.958
92.62
104.974
105.202
107.889
108.069
87.0173
86.2096
97.2112
97.2388
97.2162
96.9748
96.9534
96.9651
96.9622
104.833
89.1653
105.246
108.241
87.3238
105.812
107.432
82.2274
82.9637
80.2542
83.5013
82.2811
83.7404
80.9551
88.0622
92.9674
109.612
85.4801
87.7495
88.0362
80.836
99.8141
98.7666
91.6521
96.9981
126.25
95.8167
135.076
85.4846
88.7674
89.0928
87.9842
88.0009
80.4295
85.2687
99.5134
95.5497
91.5993
110.995
94.3436
79.3269
87.7522
89.6933
105.999
105.502
92.3982
107.507
95.8913
107.312
90.8305
70.5078
89.4875
99.1191
91.5961
98.9855
71.1569
100.979
102.493
108.461
102.599
100.982
103.106
109.143
95.2896
97.2938
83.5466
87.7023
89.2158
96.7742
89.0739
93.5284
94.3605
92.948
99.5274
70.7239
70.4928
100.261
99.4099
104.497
97.5002
101.153
101.293
101.566
101.397
98.3297
99.2048
107.984
101.373
101.795
102.134
101.39
97.8337
132.08
121.279
101.162
93.9784
96.9108
100.523
92.5399
109.946
109.962
108.785
106.972
95.096
94.6522
97.6349
97.2215
97.6453
97.4908
97.0847
97.4899
97.0851
102.388
108.177
117.028
151.045
98.1831
139.725
111.671
62.7652
147.043
153.764
103.666
100.544
85.5765
89.3135
97.1787
97.6841
97.2665
102.401
109.239
111.781
105.123
105.887
94.8151
108.591
87.2588
103.039
93.8061
105.354
129.093
107.792
102.991
100.906
112.208
127.055
116.59
96.297
96.4647
96.2914
95.4324
95.5665
95.4333
95.5668
97.207
97.6346
97.6483
97.4917
97.0884
97.4926
97.0892
136.03
109.313
143.975
110.443
109.428
99.6272
103.694
96.4689
96.2901
96.2894
95.4311
95.5654
95.5668
95.4293
71.7018
87.2253
87.1956
86.6787
81.9213
79.4798
87.4268
92.8673
103.005
93.795
107.342
93.7462
105.467
88.3045
100.203
106.814
131.779
126.03
127.164
115.917
100.398
114.095
94.4747
95.0197
117.017
113.822
111.674
119.216
96.2902
96.4609
96.2872
95.5689
95.4318
95.4303
95.5681
96.4784
96.2984
96.3068
95.5713
95.4383
95.4371
95.5707
96.7385
96.6474
96.7368
95.7428
95.7429
95.8338
95.8343
96.6492
96.7367
96.7376
95.7396
95.7394
95.8305
95.8288
97.6491
97.2273
97.6509
97.4934
97.0898
97.4942
97.0901
97.2023
97.6509
97.651
97.4918
97.0873
97.4918
97.0863
96.7335
96.6537
96.7331
95.7436
95.7434
95.8333
95.8326
96.6464
96.7395
96.7456
95.7444
95.7426
95.8354
95.8343
97.2359
97.6683
97.6601
97.4966
97.0848
97.4873
97.0935
97.6614
97.2177
97.6581
97.4958
97.0847
97.4871
97.0924
96.3213
96.5002
96.3234
95.4392
95.5627
95.5744
95.4273
96.4875
96.3312
96.2999
95.4348
95.5607
95.5718
95.4237
92.9281
108.573
107.061
116.293
128.937
117.817
94.4583
96.6783
96.7752
96.7493
95.739
95.7499
95.8381
95.8279
96.77
96.666
96.764
95.7388
95.7496
95.8404
95.8306
104.337
102.637
101.385
100.429
100.911
105.787
104.684
109.31
115.572
105.637
86.4208
110.103
112.42
107.801
97.9427
96.7167
99.3887
101.889
99.9704
95.7112
99.515
96.8386
97.3652
108.792
97.3665
102.624
102.454
108.773
106.206
104.996
106.343
103.176
106.966
100.606
104.612
100.552
100.736
100.554
100.386
101.844
102.064
100.707
97.4284
99.4714
97.3581
101.397
101.379
101.148
101.538
108.33
111.358
86.6027
87.056
105.441
110.364
85.6441
108.495
92.6761
108.868
107.262
95.781
107.207
95.8433
103.006
101.192
99.3658
101.688
100.727
101.989
101.198
98.8792
101.282
103.48
99.5827
101.673
101.752
100.166
106.491
100.274
100.589
100.543
121.704
99.8415
100.129
112.408
99.4469
105.977
107.563
100.676
98.1281
121.705
102.302
98.7499
102.733
98.917
102.272
100.045
103.016
101.466
169.709
102.72
141.892
84.7555
111.617
85.2717
132.502
107.541
103.203
124.045
95.4688
102.797
122.765
100.407
102.427
100.694
103.079
107.031
103.462
106.461
127.565
99.3557
111.202
101.531
102.141
102.034
102.701
99.7502
101.329
101.119
99.5391
110.88
108.381
101.845
112.273
92.3027
95.808
97.8199
161.015
87.9108
90.5831
100.487
99.9607
100.504
100.507
102.032
99.6914
101.981
97.9359
101.793
104.531
103.537
105.59
104.241
101.477
90.8458
140.642
144.977
82.3534
128.485
119.879
78.4745
255.918
111.766
149.124
146.773
141.87
196.549
129.806
99.3425
87.63
92.4241
97.0117
71.4708
89.3872
92.2782
103.669
101.512
101.231
103.01
105.306
107.485
107.329
100.348
100.813
100.39
103.888
106.075
106.216
104.404
114.737
114.217
281.963
103.132
125.232
115.614
82.4224
100.067
94.3
106.919
97.1295
100.203
93.3336
105.483
80.2087
159.452
144.225
218.701
105.821
59.9533
138.084
101.84
99.8256
111.054
101.46
114.171
102.689
111.566
100.551
100.78
105.946
105.79
105.937
100.571
104.003
99.8593
97.7651
97.2086
101.594
99.7913
112.305
121.96
92.0753
90.1394
128.086
105.294
94.3675
91.7614
125.756
86.9094
79.63
90.1387
71.4935
86.9565
85.4831
79.4644
94.4143
91.9713
102.401
92.6014
93.5673
86.6189
93.9297
103.513
106.535
105.636
93.6476
93.662
106.934
102.75
110.709
104.974
110.97
81.8403
118.307
102.134
106.807
94.8115
85.7895
88.0405
100.769
50.5835
49.9557
111.954
142.055
90.2761
159.027
109.204
100.646
86.7458
105.385
122.212
98.1366
126.004
99.3836
86.9289
87.0224
106.731
117.873
109.322
116.567
114.803
114.033
114.062
124.769
130.344
111.893
127.06
105.204
106.996
99.4444
97.6709
117.235
106.698
135.293
132.28
117.155
131.468
145.263
111.31
107.564
140.833
103.271
140.099
96.249
132.391
105.928
103.257
106.797
120.932
108.231
123.828
104.806
136.731
109.702
117.582
131.469
131.206
109.718
119.321
102.122
89.7296
101.038
94.6694
92.6118
95.8417
103.35
116.225
112.648
113.751
117.331
117.134
117.599
116.264
70.8977
137.554
28.765
165.789
103.283
162.98
122.233
143.09
109.759
124.403
117.677
142.735
109.532
123.683
131.762
289.476
128.435
125.529
232.573
545.889
103.198
120.951
98.8893
98.0165
105.43
116.722
98.4451
101.645
97.9161
132.445
121.4
98.5616
86.7181
88.2921
136.948
95.9729
95.5367
95.973
95.1577
94.7906
95.1585
94.7913
95.5365
95.974
95.9743
95.1553
94.7896
94.7895
95.1543
94.7737
96.3444
91.3266
98.1049
92.6923
98.0377
94.7304
95.539
95.9758
95.9849
94.7915
95.1607
95.1576
94.7878
95.975
95.5428
95.9731
94.7915
95.1574
95.1557
94.789
96.8151
96.767
96.8144
95.9525
95.9079
95.9526
95.9089
95.4187
92.5848
97.7081
94.4015
94.7801
93.0177
103.587
104.199
103.719
98.6553
101.183
99.9668
100.784
100.677
97.1672
98.9983
104.278
107.709
101.437
97.3149
101.26
96.7693
96.8162
96.8153
95.9525
95.9079
95.9091
95.9511
97.4789
100.579
100.946
102.865
97.8335
102.111
100.805
96.8157
96.7694
96.8122
95.9106
95.9531
95.9506
95.9077
168.256
91.3494
133.783
99.6818
86.7229
95.2049
125.517
96.7733
96.8177
96.825
95.9113
95.9561
95.9537
95.9085
72.9236
178.669
150.641
201.361
95.5617
201.753
195.71
105.637
97.7473
96.3257
102.611
107.628
105.425
95.7369
95.9963
95.5443
95.9971
95.1623
94.784
94.7945
95.1531
95.5495
96.0012
95.9803
95.1603
94.7823
94.7934
95.1504
93.5015
71.2212
70.2029
117.282
212.692
177.337
86.6233
112.936
96.7002
97.8751
93.3219
96.9309
216.113
151.136
94.831
91.3334
95.0532
96.3007
103.584
89.9107
94.9243
96.0593
98.0186
102.47
101.391
94.9871
98.2286
98.2016
103.953
117.669
104.598
101.468
98.5084
113.205
98.6529
96.2182
103.956
104.229
98.5163
100.63
100.983
98.6174
104.199
97.9207
98.3365
100.639
98.4486
101.079
100.727
127.181
87.4873
87.7141
102.565
90.0826
88.2661
102.202
99.0272
98.7906
98.6137
101.965
99.0485
100.93
102.981
98.2426
101.788
101.941
102.122
102.907
102.114
98.8643
100.245
101.542
103.207
99.5429
102.849
102.216
98.986
98.5098
97.8705
99.6755
98.6892
97.8199
95.263
99.4827
96.8316
96.7825
96.8332
95.9563
95.8993
95.9117
95.9446
98.3973
98.3722
104.205
100.671
101.795
98.4255
98.3197
96.778
96.8367
96.8184
95.9536
95.898
95.9106
95.942
97.2722
100.163
93.532
100.128
99.3511
96.9157
97.3682
106.939
103.689
106.387
98.1064
103.438
99.6211
97.9892
100.353
99.8893
97.0665
93.6966
104.942
97.4063
93.1615
85.0284
97.2353
101.605
108.916
124.179
100.035
110.512
111.457
98.2555
105.593
115.315
111.024
105.651
107.921
99.8945
102.719
101.871
101.902
103.043
98.6223
108.477
100.289
101.127
101.472
100.47
97.5628
98.8289
113.831
106.588
109.859
103.131
99.5253
100.136
98.4735
97.6062
111.374
104.976
109.928
108.616
110.438
100.979
103.523
99.2356
98.3774
103.268
103.335
99.2214
103.821
103.188
138.941
135.955
146.561
126.926
-43.6231
-26.7809
164.861
101.367
125.835
129.678
121.422
129.81
119.662
101.762
115.72
113.353
105.736
106.419
114.385
104.846
107.638
102.11
98.4219
95.0244
96.1852
95.3791
92.1676
93.4474
108.172
107.954
107.963
140.289
185.102
106.304
119.408
115.797
119.029
114.752
117.756
112.895
115.465
117.34
113.523
116.185
117.347
114.511
116.189
115.014
114.166
112.308
110.916
109.816
107.68
110.635
109.842
107.586
108.342
101.201
98.0218
109.046
106.791
101.042
99.2861
95.9933
105.48
103.02
105.32
95.459
99.5795
99.4328
173.296
123.743
122.232
145.007
113.18
127.944
180.859
119.977
71.0502
110.668
86.6933
99.4613
113.451
112.353
111.252
129.712
127.366
107.853
107.65
101.572
100.308
107.266
97.1251
101.862
119.339
117.529
101.605
102.22
119.324
93.2886
127.391
99.8881
128.802
117.158
117.857
130.299
131.023
126.983
118.472
119.417
116.348
114.713
126.967
113.93
99.7047
125.696
114.626
116.798
112.352
110.827
109.553
110.8
108.352
111.096
111.026
111.672
133.531
124.854
135.243
114.817
118.555
117.003
147.061
106.726
118.329
105.421
115.309
150.553
119.736
139.86
150.483
128.058
104.319
115.352
116.001
113.4
104.86
111.173
100.975
104.536
109.757
111.819
104.9
102.986
97.3168
111.455
125.964
111.351
97.7222
111.915
128.351
124.007
98.541
99.7369
123.997
143.033
98.7793
97.4695
117.708
120.497
112.378
119.875
116.372
122.839
112.119
106.937
104.927
103.772
118.736
120.222
102.725
98.8367
103.287
134.351
103.424
127.168
102.424
137.617
103.691
67.9687
62.9758
72.3018
67.9006
71.9608
60.2249
61.0594
106.942
69.453
97.9929
123.86
98.4583
122.938
105.766
103.557
105.962
105.621
112.477
151.005
141.372
111.048
103.488
116.721
129.149
104.778
128.099
105.193
103.843
124.13
119.077
131.823
119.232
124.995
112.982
121.208
130.225
129.213
117.512
107.312
99.8805
114.309
116.883
109.404
110.497
110.59
110.998
111.403
107.941
111.137
250.055
277.427
134.283
135.477
274.29
-13.4865
237.672
109.18
106.241
106.414
106.852
107.955
108.159
106.184
110.794
111.783
110.546
108.92
109.373
108.847
109.554
112.092
111.407
111.281
109.065
109.228
109.658
111.265
104.904
102.013
107.036
116.989
105.816
123.272
107.592
100.545
100.481
100.126
99.2859
113.275
100.723
102.677
119.757
121.961
123.913
130.506
122.676
111.271
111.116
81.9193
122.298
85.8968
98.7553
129.114
127.508
100.419
98.4731
96.7692
138.651
97.3568
97.9756
96.6126
116.16
119.255
109.417
105.109
103.238
113.802
112.817
102.157
97.3388
96.8499
102.494
97.3334
96.6349
99.1911
105.236
129.237
127.472
94.0806
103.576
108.859
105.189
98.1756
144.641
107.719
104.43
116.519
101.806
106.261
115.877
131.346
160.299
151.751
118.68
102.439
105.573
117.471
148.814
145.534
150.826
104.411
116.857
117.116
105.045
97.8891
158.594
111.843
96.1251
104.172
92.7088
218.354
101.021
101.539
101.619
115.093
105.07
108.441
100.986
104.91
137.671
110.741
118.341
138.55
105.691
100.773
99.9133
100.598
100.733
107.104
104.482
107.022
104.455
90.7084
112.27
101.459
102.332
115.785
88.6963
89.1791
88.2229
98.0812
80.1513
80.1801
97.8516
89.1022
103.761
102.43
113.993
124.931
108.406
184.573
136.32
106.769
115.712
95.5576
116.193
103.755
100.431
99.5383
92.9459
104.4
102.531
101.948
105.735
102.14
100.312
106.458
94.4044
92.2987
92.1109
85.4035
92.41
91.8364
85.9666
111.484
100.401
118.734
130.463
99.2775
89.9301
97.1425
98.1073
98.4381
109.508
96.6894
100.41
96.8095
98.7637
111.128
110.431
110.754
101.718
97.9247
109.235
115.379
89.5827
104.902
102.704
98.732
96.7812
87.6379
94.3258
106.583
103.889
105.095
103.072
106.426
105.197
109.157
118.362
100.412
101.178
116.184
117.954
117.591
100.475
101.628
94.3735
104.056
105.591
99.2059
106.206
99.5087
111.498
102.926
102.57
98.0526
98.4095
97.5629
98.6416
111.054
97.2022
95.2731
98.8078
107.922
107.431
95.6978
107.821
97.0705
99.555
102.346
107.651
95.9932
97.2927
109.378
85.4674
120.494
102.043
112.758
101.596
107.097
96.1569
98.0447
95.5336
102.27
96.004
93.7776
99.6863
101.926
101.876
100.747
98.7029
96.6713
98.754
100.972
97.8477
100.72
104.571
93.7661
100.013
100.892
107.217
96.2183
105.437
97.221
97.4723
101.835
96.3138
100.75
106.203
100.509
97.8674
96.2464
102.035
100.584
98.7977
145.724
105.632
118.302
100.956
117.357
116.962
105.425
171.536
108.737
197.175
88.8977
214.869
106.591
140.488
173.603
90.4214
110.219
147.097
108.633
147.164
132.987
102.237
99.1263
99.7108
98.9278
100.585
105.888
104.157
101.739
102.365
101.917
100.313
99.1424
100.916
106.775
99.4084
98.2525
98.3574
96.2322
96.4967
97.2097
97.3446
96.3845
94.6722
92.9131
92.3636
96.3207
97.2649
93.186
83.8703
119.49
126.643
87.8807
133.356
95.7729
160.923
112.937
91.4097
111.815
94.0107
130.12
99.6274
128.17
112.456
108.946
115.696
104.883
109.814
111.176
117.939
134.983
102.204
105.635
116.715
116.602
135.112
101.813
119.628
99.2793
124.298
105.375
106.891
98.8805
103.22
106.171
109.081
107.175
116.575
98.7477
99.0497
114.434
98.4253
100.276
98.679
100.733
98.817
101.257
97.5669
88.0133
461.153
115.347
91.5656
77.8523
169.865
119.904
217.883
66.9782
78.1411
175.428
208.411
319.782
159.871
327.479
50.0278
139
40.7998
217.245
554.583
146.304
78.7947
91.9866
289.372
109.795
163.995
119.076
162.801
68.4825
150.631
77.9054
207.872
151.878
164.758
241.654
61.1359
258.995
123.939
68.3743
356.599
158.453
103.474
112.251
116.092
124.455
94.4748
122.081
96.2407
119.821
90.9818
110.58
114.743
95.0984
129.424
106.87
127.753
111.187
106.332
128.324
117.937
121.271
118.012
113.864
102.186
93.4865
93.8701
94.4894
121.14
119.287
96.8799
99.2814
112.547
100.775
102.361
96.7914
96.622
102.279
89.3959
100.669
101.422
91.9301
92.1909
106.04
96.7022
88.8062
90.3531
100.304
93.7928
112.434
109.31
98.4974
68.906
100.013
98.6042
125.748
121.815
106.537
102.306
114.969
112.605
107.921
91.5513
114.604
121.603
92.5969
115.991
99.8928
114.585
104.622
111.845
122.953
103.365
94.1619
100.285
93.9765
110.101
101.076
106.069
95.0036
164.451
100.302
405.607
178.496
126.791
98.6734
200.836
94.1638
107.823
98.732
98.0619
108.973
97.0446
108.005
108.124
115.208
109.338
108.661
108.55
112.562
112.674
91.4641
163.559
163.617
101.016
124.344
113.006
102.15
113.049
114.822
111.104
119.555
128.048
120.807
134.775
98.9811
106.719
100.488
103.216
103.767
105.085
100.092
99.3874
100.356
90.4071
103.992
99.4065
99.9435
101.516
122.398
115.296
140.978
134.78
140.476
138.25
109.24
102.89
94.6783
99.1942
100.73
100.777
94.1402
97.4815
219.854
104.227
102.865
119.874
122.801
98.7976
148.119
139.358
111.644
115.154
126.583
113.436
126.716
136.987
163.559
122.566
148.207
124.983
209.928
131.054
161.743
114.256
99.9789
104.042
118.048
148.902
148.116
123.191
95.643
106.093
97.3682
99.7201
106.055
97.37
95.8185
114.061
116.423
110.845
116.126
116.749
110.146
116.443
116.885
151.602
90.3707
153.9
90.0575
130.285
96.7857
164.766
113.837
159.898
113.119
119.997
113.116
117.804
120.61
113.877
112.257
123.227
122.102
119.863
115.932
110.036
116.359
120.684
122.413
146.343
118.579
120.99
107.972
94.6147
108.787
100.913
117.84
101.527
119.121
103.378
101.837
121.828
103.434
116.636
101.478
102.678
97.6389
94.5255
93.9693
121.823
132.456
124.653
108.332
105.689
106.779
102.898
99.187
127.903
134.987
100.026
118.787
119.438
106.512
104.738
128.459
99.0399
114.419
106.182
107.966
105.831
100.016
101.606
103.841
114.679
89.7786
94.9358
103.421
92.1255
96.9861
103.498
89.6069
100.264
100.793
97.2796
100.37
100.937
97.7733
100.839
107.237
96.1211
103.072
121.13
96.6277
105.009
115.21
99.9002
104.268
103.805
109.057
153.175
105.277
104.767
100.568
96.8018
97.9775
105.461
116.063
114.426
100.197
104.552
138.163
123.87
101.824
126.205
99.3255
109.628
109.318
108.428
108.834
101.053
119.141
118.886
101.845
91.1592
85.2822
79.8674
86.6945
85.8675
91.2369
117.182
98.3511
101.369
102.452
102.645
100.984
102.806
99.3573
101.952
98.2784
104.737
93.178
95.1012
94.8298
97.0373
92.8603
92.1226
90.3048
87.329
83.4784
112.761
85.02
88.2057
89.6685
87.8469
89.3487
108.635
101.731
89.4219
94.0401
89.0297
89.0805
88.3389
81.1466
90.9021
91.5944
106.18
129.548
118.688
119.8
103.403
129.694
118.437
135.739
144.675
142.531
136.056
141.192
156.076
142.872
127.054
123.179
132.182
161.427
149.554
113.84
192.81
156.53
125.463
133.691
100.277
108.844
102.322
104.725
105.555
97.7281
107.105
105.145
103.906
100.221
105.509
163.486
136.785
111.827
137.173
110.718
148.114
147.117
103.665
99.9333
95.4244
116.004
113.801
110.189
115.016
106.053
105.136
92.4699
104.585
95.142
104.672
106.51
89.544
120.901
131.134
95.1924
93.7552
94.7207
94.4919
157.026
130.536
150.406
143.573
135.73
88.2277
186.364
104.32
82.4135
96.8209
118.205
171.695
158.202
132.498
101.835
115.411
103.041
109.681
107.821
105.896
105.577
114.991
104.033
103.759
105.616
106.361
105.537
106.836
134.852
115.15
132.021
124.678
123.784
126.808
125.947
134.937
128.205
127.294
108.452
103.027
109.719
110.805
140.731
114.757
137.807
116.27
136.966
111.346
130.661
175.373
133.327
112.362
151.721
111.144
129.971
166.922
249.503
120.681
109.526
174.669
195.574
84.203
119.432
102.564
106.436
102.726
126.018
122.643
98.7137
98.7618
116.912
109.942
115.772
110.935
106.963
105.932
96.5379
127.578
131.553
126.269
137.095
133.552
93.3098
102.254
128.663
129.826
126.469
140.574
133.45
81.64
85.282
124.488
130.947
135.948
143.91
98.3689
90.8625
144.377
134.279
120.252
101.839
128.52
119.389
102.571
136.606
111.767
110.607
109.926
109.055
112.497
107.596
116.086
122.821
139.156
146.659
128.065
147.414
161.248
114.949
98.1235
97.1973
86.2047
126.858
108.603
115.578
134.028
108.203
107.173
111.117
101.867
107.166
108.977
102.013
107.41
104.973
110.415
103.042
125.324
106.455
110.865
134.827
91.4887
132.293
122.572
112.099
79.6922
76.9625
108.716
102.967
116.716
100.438
104.816
102.138
103.36
160.257
147.952
140.924
124.225
160.409
147.514
141.27
109.716
115.582
96.1686
108.669
109.16
96.3711
125.643
135.478
124.459
161.656
112.899
144.166
146.632
89.7476
99.5945
141.305
104.155
91.9121
110.414
107.094
85.0124
114.267
103.29
106.535
141.262
103.962
97.0867
114.982
134.417
286.991
113.01
87.2206
132.212
111.496
106.009
114.861
98.0107
111.019
98.1056
95.7909
100.344
97.3944
85.6726
132.191
130.377
110.719
112.333
82.4596
85.5962
119.448
126.349
124.554
142.366
116.155
121.484
121.831
116.614
109.424
113.776
99.9784
99.8445
102.982
99.8863
92.7848
107.362
87.9074
96.6368
90.5427
98.317
90.5791
93.6282
102.775
113.598
96.8103
101.654
95.8462
94.4839
108.342
105.523
106.544
102.651
108.121
106.269
106.143
104.62
133.958
93.2104
104.888
104.206
79.653
92.7412
114.777
95.5341
130.649
125.483
168.455
89.1199
88.1989
112.599
104.054
104.985
103.833
107.408
91.1202
99.0131
137.542
193.186
289.844
90.9337
126.832
144.055
129.693
97.5558
102.386
103.242
142.014
128.959
102.723
98.8032
119.152
163.702
125.064
131.326
145.121
132.185
112.818
105.694
119.014
128.675
113.236
104.804
101.385
98.0675
122.647
77.0381
71.418
82.89
91.2643
90.6545
77.2019
97.176
157.015
122.377
111.734
103.088
134.806
99.5285
147.91
315.017
158.003
124.611
56.2329
103.32
137.152
88.7518
80.6276
94.3082
87.1874
78.8322
81.7836
79.4587
70.3553
188.055
90.5137
97.0783
115.716
120.69
122.239
88.5942
86.974
81.7091
91.2932
87.3841
102.85
90.5721
107.068
110.744
106.203
99.2764
107.332
115.678
116.102
102.228
76.8352
71.6982
114.057
94.9245
112.369
80.9486
91.0671
102.875
112.371
88.6048
116.888
103.698
103.274
110.008
123.448
108.884
103.898
114.889
121.536
107.403
110.017
102.175
149.272
107.839
108.367
110.316
103.626
125.344
113.344
303.916
100.537
114.857
105.488
130.727
350.086
352.799
294.843
87.6595
107.674
191.02
23.4641
79.6845
90.5909
134.524
139.534
126.321
170.426
82.7524
88.4555
105.343
107.259
77.6745
166.833
148.343
77.9759
88.4829
89.156
89.51
130.731
129.635
110.496
114.351
95.2177
84.7776
99.2257
109.998
93.5905
149.205
98.9915
120.639
108.052
105.22
108.075
102.758
109.434
112.705
128.922
105.193
116.764
179.814
56.0141
203.727
81.1238
61.7469
462.546
151.773
169.924
122.144
144.384
173.709
102.558
120.267
90.6991
95.1677
107.242
95.0023
92.9071
122.044
113.207
101.034
84.771
141.188
112.052
117.024
130.96
95.4222
220.307
57.3313
172.385
86.0342
95.4095
117.22
100.193
96.1913
98.0622
94.0764
96.3465
101.391
78.3069
86.292
72.6102
127.552
113.478
84.906
82.5824
91.6753
93.0814
103.707
94.6865
92.2884
93.2781
105.55
71.0401
89.8857
100.214
126.459
72.2413
87.9418
104.171
100.628
102.869
108.009
106.912
100.583
104.357
106.096
112.278
97.0655
95.4317
99.3114
110.352
97.0559
95.7653
147.678
121.085
120.813
128.177
126.779
129.995
123.099
104.825
98.46
104.225
99.1364
105.923
99.8534
104.049
120.146
97.6047
100.002
107.398
117.674
95.9135
97.0647
104.792
99.3492
99.1093
102.228
103.95
100.261
98.7187
111.607
96.9339
97.9426
100.448
110.852
96.9492
100.418
118.005
86.2858
97.7917
129.477
116.4
88.1518
84.4214
105.601
99.5965
103.857
100.821
105.014
99.7672
103.688
84.9494
84.1404
173.465
117.109
216.528
115.722
95.176
53.405
82.2615
81.0117
78.732
256.02
251.665
105.368
112.016
128.679
128.785
148.496
131.497
146.781
111.815
142.036
89.6305
147.637
148.203
456.218
200.734
99.9076
87.2789
71.0448
142.471
177.821
119.613
204.071
98.4651
94.8046
92.1506
141.776
78.582
83.8181
111.559
130.969
233.754
134.05
272.13
68.89
172.389
94.2762
320.933
68.4431
98.6896
107.947
178.962
110.161
127.869
77.6846
89.2214
107.593
103.764
116.857
164.2
107.995
100.635
116.153
83.7353
41.3266
141.438
152.251
333.665
87.3951
96.458
117.273
149.977
85.8931
142.031
148.038
88.2167
59.6499
63.4263
185.906
183.701
249.537
361.537
78.4583
83.5147
97.9521
130.634
88.316
95.8572
95.9019
87.7775
102.608
129.02
124.459
101.287
117.126
162.299
103.969
113.392
114.12
112.773
117.966
198.631
108.3
105.629
127.027
107.304
132.795
112.076
120.58
93.6471
131.872
177.569
143.217
554.62
102.696
254.061
194.365
97.0425
156.514
77.3086
136.49
162.22
223.447
212.755
126.869
116.04
75.8944
72.4434
177.584
159.441
192.848
164.536
145.548
137.989
136.058
207.69
-101.309
73.8044
471.599
98.7716
210.512
130.717
201.819
106.439
361.655
162.807
143.554
185.113
138.725
127.778
104.449
167.904
114.774
100.575
92.3352
76.8338
140.032
126.795
96.2998
166.706
160.496
143.905
171.474
129.144
162.797
422.321
131.892
113.416
78.9316
128.877
60.7157
79.2763
81.9841
113.235
65.1936
48.0661
73.5779
167.311
201.081
-137.281
-188.647
102.97
89.1897
98.9909
101.047
102.828
86.4569
102.287
128.401
128.243
132.39
151.447
132.489
143.258
124.518
109.584
149.72
96.5869
97.3816
157.144
95.5913
109.704
169.476
161.855
183.588
101.162
155.579
71.1405
154.606
)
;

boundaryField
{
    inlet
    {
        type            calculated;
        value           nonuniform List<scalar> 
72
(
89.1045
96.1795
70.8788
99.0892
96.7104
94.1543
99.8743
91.3045
96.6909
93.1803
93.1039
94.1239
97.7999
98.7264
93.4053
96.0761
78.6687
94.7859
91.641
84.0838
95.2506
100.101
104.236
98.6986
90.2944
99.5425
106.542
97.4559
94.72
95.9265
92.3053
91.0453
90.1938
100.766
78.9544
91.1182
111.252
93.4785
96.3677
64.1108
94.4453
95.7249
102.158
96.7905
102.084
105.648
111.842
103.807
81.8707
81.1356
94.8303
98.6335
109.626
98.8085
90.0154
84.7682
95.8044
100.361
102.219
114.801
84.2289
92.7046
102.19
89.7142
90.0376
86.3196
96.0618
100.149
92.4288
99.362
100.126
92.9543
)
;
    }
    outlet
    {
        type            calculated;
        value           uniform 0;
    }
    lowerWall
    {
        type            calculated;
        value           nonuniform List<scalar> 
1055
(
94.1228
96.67
108.675
98.5977
94.5724
96.5548
97.8477
95.003
94.8603
91.8294
94.9697
100.045
131.849
102.089
98.8577
88.4948
125.81
99.6462
91.6436
88.9643
82.012
101.073
115.368
98.7725
100.169
102.335
102.443
99.528
109.105
83.5838
191.54
116.997
105.148
101.167
98.2507
101.876
104.554
107.284
102.308
90.3365
93.7362
117.389
95.8859
100.982
97.9434
103.432
106.218
101
93.0875
103.382
106.473
103.553
105.24
100.118
100.5
100.686
94.6865
106.57
103.224
96.8323
97.2435
100.558
101.897
100.295
100.392
100.472
97.7784
97.0752
98.8208
97.0416
94.7363
95.4205
96.2556
96.1214
96.7863
96.5139
94.4537
94.485
94.0478
94.2473
92.1401
92.4777
92.4127
92.335
92.2321
91.8813
91.4506
91.447
91.6546
91.848
89.5206
89.717
89.7595
89.7375
89.6013
89.3923
89.169
89.1313
89.2121
89.3314
86.9322
87.051
87.0878
87.0632
86.9746
86.8434
86.7235
86.683
86.7372
86.8194
84.366
84.4368
84.4541
84.4658
84.3874
84.3077
84.2423
84.2145
84.2505
84.2919
81.8218
81.8863
81.8855
81.8786
81.8448
81.7967
81.7733
81.755
81.7661
81.7727
79.3192
79.3582
79.3655
79.3517
79.3269
79.3035
79.2925
79.2797
79.2831
79.2992
76.8356
76.8535
76.8639
76.8611
76.8541
76.8501
76.8307
76.802
76.8165
76.8245
74.3783
74.3964
74.389
74.3923
74.3913
74.3936
74.3822
74.3799
74.3817
74.3709
71.9378
71.9451
71.9591
71.9589
71.9667
71.9704
71.9631
71.9505
71.933
71.9329
69.5299
69.549
69.5688
69.5626
69.5511
69.5511
69.5547
69.5414
69.5255
69.525
67.1396
67.1689
67.1836
67.1623
67.1403
67.1339
67.1353
67.1484
67.1377
67.1361
64.7787
64.7843
64.7829
64.7874
64.7875
64.7742
64.7627
64.7563
64.7635
64.7669
62.4189
62.427
62.4269
62.4421
62.4429
62.4368
62.4229
62.4132
62.4062
62.41
60.082
60.0853
60.0897
60.0909
60.0894
60.0836
60.0823
60.0775
60.0701
60.0738
57.773
57.7655
57.7626
57.7646
57.7677
57.7686
57.7668
57.765
57.7684
57.7722
55.4577
55.4596
55.4566
55.4585
55.4608
55.4711
55.4788
55.4799
55.4747
55.4641
53.1661
53.1578
53.1619
53.1737
53.1822
53.1876
53.1928
53.1924
53.1938
53.1838
50.895
50.8818
50.8775
50.8884
50.9034
50.9171
50.9143
50.9191
50.918
50.9141
48.6312
48.6207
48.6114
48.6109
48.6209
48.6313
48.6369
48.6381
48.635
48.6345
46.3649
46.3676
46.3737
46.3804
46.3749
46.3692
46.3663
46.3621
46.3614
46.3629
44.1186
44.1272
44.1368
44.1321
44.1198
44.1108
44.1128
44.1238
44.1173
44.1148
41.8971
41.9015
41.9029
41.894
41.8879
41.8714
41.8874
41.8935
41.8922
41.8936
39.6733
39.6891
39.6936
39.6941
39.6876
39.6761
39.6765
39.6722
39.6615
39.6644
37.4746
37.4889
37.4881
37.4839
37.4739
37.4659
37.4555
37.4531
37.4541
37.4612
35.3056
35.3025
35.2826
35.2773
35.2737
35.265
35.2589
35.2631
35.2829
35.2991
33.131
33.1196
33.1086
33.1039
33.1017
33.1036
33.1096
33.1163
33.1221
33.1302
30.9465
30.9495
30.9553
30.9643
30.9641
30.9694
30.9705
30.9689
30.9623
30.9523
28.7952
28.8015
28.8155
28.8322
28.8413
28.8437
28.837
28.8261
28.8161
28.803
26.6991
26.6933
26.6934
26.6988
26.7091
26.7203
26.7249
26.7242
26.7182
26.7091
24.6374
24.6214
24.6122
24.6077
24.6111
24.625
24.6367
24.6475
24.6509
24.6473
22.5849
22.5685
22.5649
22.5653
22.5685
22.5729
22.5739
22.5797
22.5834
22.5863
20.5282
20.5278
20.5312
20.5365
20.5452
20.5463
20.5374
20.5321
20.5299
20.5282
18.4995
18.5057
18.5156
18.5216
18.5198
18.5137
18.506
18.5017
18.499
18.499
16.5158
16.5202
16.5215
16.5103
16.4941
16.4785
16.4775
16.4832
16.4948
16.5063
14.5367
14.54
14.5321
14.5109
14.4935
14.4793
14.4785
14.4907
14.5068
14.5241
12.5329
12.5477
12.5493
12.5398
12.5305
12.5202
12.5202
12.5232
12.5239
12.5252
10.5547
10.5604
10.5708
10.5785
10.5759
10.5721
10.5685
10.5667
10.5628
10.5565
8.62822
8.61256
8.61138
8.61484
8.61681
8.62178
8.62394
8.62607
8.62702
8.63035
6.69982
6.68566
6.68005
6.68055
6.68877
6.70528
6.71174
6.71022
6.70278
6.70593
4.76667
4.76311
4.76432
4.77188
4.78606
4.81078
4.81074
4.79964
4.78878
4.77713
2.85526
2.85548
2.85791
2.86445
2.87333
2.88419
2.8881
2.88624
2.87565
2.86093
0.95447
0.954071
0.953768
0.949394
0.947419
0.950345
0.959519
0.96335
0.96439
0.954994
102.306
98.9752
97.9017
106.022
101.535
101.386
99.8556
99.9731
102.515
100.82
100.342
100.175
100.604
100.681
100.354
97.2386
98.3322
100.775
95.4324
95.8103
96.939
98.492
98.9247
97.0346
96.7626
98.626
98.7618
97.9686
98.1136
98.3807
113.976
89.7198
99.3576
113.287
118.307
105.545
101.494
101.365
106.036
100.886
99.6017
100.505
100.69
100.899
101.086
89.2911
128.741
98.9536
131.721
147.194
62.7741
99.7002
104.292
108.926
83.6508
96.2302
120.563
100.105
98.5812
100.755
97.538
97.9575
97.1334
107.364
104.549
102.175
97.499
100.451
103.343
100.858
105.674
99.893
100.856
100.303
100.272
105.7
104.211
101.42
91.1372
92.1254
93.0969
119.435
99.2341
97.0431
101.484
99.6293
100.369
97.7505
97.6529
97.9131
99.3004
97.3506
96.581
101.175
98.217
97.9218
100.184
97.5142
97.9673
100.433
98.2942
97.5583
100.471
99.3704
98.7291
98.5473
97.2985
99.264
96.5352
95.1984
96.5129
98.7304
95.7728
95.3597
97.6503
95.8894
96.0455
97.2202
96.3133
96.0474
99.9434
101.094
100.626
99.0666
99.1173
100.137
97.4459
98.0907
98.4698
103.856
106.325
111.689
103.788
104.95
102.256
101.777
102.429
101.024
99.0485
100.373
97.7164
100.71
100.76
99.9596
102.765
101.056
100.866
100.112
100.437
99.4855
100.177
100.213
100.027
100.433
100.598
100.252
101.115
100.588
100.321
100.541
100.562
100.898
100.32
100.64
100.456
97.0317
105.859
113.912
100.39
102.108
98.1325
101.276
102.192
101.019
94.2204
93.5684
93.7121
95.7592
94.2932
95.3178
96.2121
94.8646
95.7112
100.318
99.4183
101.827
98.3004
98.1777
99.2819
97.2255
98.8749
97.7152
98.058
100.805
100.661
97.7218
98.7258
98.5891
99.9047
99.6457
99.2074
97.5835
97.8391
99.4646
98.3493
97.6838
97.6283
98.0538
97.6672
98.0282
100.254
100.205
100.297
100.399
100.32
100.26
100.384
100.042
100.238
96.6928
97.1257
97.7134
100.229
100.196
100.27
100.334
100.34
100.435
98.5725
99.4642
99.8277
96.9593
96.9675
96.5196
97.7835
97.8142
97.3516
100.134
100.722
100.896
97.7881
97.8704
98.1486
100.992
100.396
100.848
109.128
57.4303
102.881
100.114
99.8651
102.565
85.5408
86.1063
98.2184
95.5524
93.797
94.1513
96.6934
94.3677
94.574
99.9619
99.751
98.7922
99.2506
100.146
100.139
98.9173
97.2369
97.1787
98.1179
99.2601
98.648
99.8731
100.364
102.941
100.128
100.164
98.936
96.0699
94.8206
94.8708
94.3126
93.396
93.6571
97.9356
99.9476
100.066
97.8732
97.2532
95.6946
95.353
96.63
96.37
99.2963
99.4734
97.6655
99.6226
89.9335
100.11
176.505
119.334
105.353
97.0587
96.858
97.7659
96.5336
90.1087
111.321
101.128
101.834
101.677
96.2173
94.8766
94.9587
97.6683
98.83
98.8911
94.6314
93.4976
93.4181
96.232
96.2889
95.4569
100.869
99.4238
99.2705
97.2328
96.9993
96.7174
100.792
98.855
104.042
106.084
102.748
104.849
104.258
101.465
111.654
95.6497
96.3833
96.4408
90.4225
192.679
78.6608
98.8975
98.7459
97.7766
107.921
107.527
102.768
98.4291
98.2331
98.5659
101.107
105.978
100.42
107.177
107.587
88.5328
108.567
105.748
121.219
138.626
117.887
142.57
106.431
102.022
105.366
108.606
109.884
106.129
102.061
108.024
98.3541
96.8802
119.03
100.255
96.9543
96.9605
97.2073
82.9637
80.2542
82.2274
97.6614
97.4871
97.0847
96.3213
95.4273
95.5627
95.7388
95.8306
96.77
102.637
101.385
104.337
111.358
86.6027
108.33
100.274
100.589
106.491
94.3
106.919
100.067
104.974
110.97
110.709
85.7895
111.954
50.5835
142.055
105.385
109.204
86.9289
106.731
122.212
117.873
124.769
114.803
106.698
135.293
117.235
102.122
103.35
94.6694
137.554
28.765
70.8977
109.759
124.403
143.09
94.784
95.1531
95.9963
97.8705
99.6755
98.5098
96.8316
95.9446
95.8993
104.942
93.1615
99.8893
97.2353
101.605
85.0284
98.2555
105.593
111.457
103.043
108.477
102.719
101.127
113.831
97.5628
99.5253
97.6062
109.859
96.7692
138.651
98.4731
109.417
105.109
119.255
116.857
105.045
148.814
98.732
94.3258
104.902
110.431
115.379
101.718
94.6722
92.9131
96.3845
100.276
98.679
98.4253
111.845
103.365
115.991
101.076
106.069
94.1619
98.9811
100.092
103.767
99.3874
101.516
99.4065
94.6783
99.1942
102.89
110.845
116.443
116.423
119.997
117.804
164.766
128.459
114.419
119.438
105.831
114.679
107.966
103.072
115.21
96.1211
99.9002
104.767
153.175
125.463
104.725
108.844
97.7281
107.105
105.555
104.32
132.498
171.695
123.784
125.947
134.852
108.603
134.028
97.1973
107.173
102.013
107.166
99.5945
85.0124
110.414
107.362
87.9074
92.7848
97.0783
122.239
70.3553
93.0814
103.707
91.6753
89.8857
100.214
71.0401
102.869
108.009
100.628
104.449
114.774
185.113
167.311
-188.647
65.1936
)
;
    }
    upperWall
    {
        type            calculated;
        value           nonuniform List<scalar> 
1079
(
93.2852
97.1471
103.581
102.346
102.611
99.6818
100.448
95.4831
94.6785
91.9737
92.2572
107.054
107.398
102.758
118.877
124.095
88.6048
97.3871
94.7964
89.6888
71.8455
103.978
109.757
97.875
101.5
103.079
100.821
98.7335
97.0117
85.2765
100.975
132.301
109.046
97.5203
92.5418
102.228
103.072
104.888
108.412
85.3363
101.564
126.992
119.19
100.494
105.064
99.9792
108.519
111.211
102.912
95.514
97.3382
101.381
102.98
99.9394
100.558
100.75
89.9685
95.985
105.009
97.7956
97.2466
100.556
101.888
100.299
100.393
100.485
97.6499
97.0834
98.8197
97.0449
94.7367
95.42
96.2568
96.123
96.7872
96.5191
94.4531
94.4854
94.048
94.2476
92.14
92.4776
92.4139
92.3349
92.2315
91.8807
91.4506
91.4474
91.655
91.8478
89.5204
89.7166
89.7594
89.7368
89.6016
89.3926
89.1689
89.1312
89.2119
89.3313
86.9323
87.0509
87.0877
87.0631
86.9746
86.8431
86.7234
86.6829
86.7371
86.8196
84.366
84.4368
84.454
84.4656
84.3874
84.3076
84.2422
84.2144
84.2504
84.2914
81.8216
81.8861
81.8854
81.8784
81.8445
81.797
81.7732
81.7549
81.766
81.7722
79.3193
79.3581
79.3654
79.3516
79.3268
79.3034
79.2924
79.2796
79.283
79.2991
76.8355
76.8534
76.8638
76.861
76.8542
76.8501
76.8306
76.8019
76.8164
76.8244
74.3778
74.396
74.3889
74.3922
74.3913
74.3935
74.3821
74.3798
74.382
74.3714
71.9377
71.945
71.959
71.9588
71.9666
71.9703
71.963
71.951
71.9333
71.9328
69.5299
69.5493
69.5684
69.5622
69.551
69.5512
69.5543
69.5408
69.5251
69.5244
67.1397
67.1687
67.1835
67.1622
67.1399
67.1337
67.1352
67.1487
67.1376
67.1363
64.7783
64.784
64.7827
64.7871
64.7877
64.774
64.7627
64.7563
64.7635
64.7667
62.4188
62.4276
62.4266
62.4422
62.443
62.4372
62.4228
62.4131
62.4061
62.4096
60.082
60.0855
60.0896
60.0908
60.0893
60.0833
60.0822
60.0775
60.0702
60.0737
57.7729
57.7651
57.7622
57.7644
57.7673
57.7684
57.7669
57.7651
57.7684
57.7722
55.4574
55.4589
55.4564
55.4584
55.4609
55.4714
55.4787
55.4798
55.4745
55.4641
53.166
53.1578
53.1619
53.1733
53.1817
53.1878
53.1924
53.1923
53.1936
53.1838
50.895
50.8817
50.8772
50.888
50.9034
50.9171
50.9142
50.9191
50.9179
50.914
48.6309
48.6205
48.6118
48.6111
48.6211
48.631
48.6367
48.6382
48.6345
48.6341
46.3648
46.3675
46.3737
46.3804
46.3748
46.3689
46.3662
46.3621
46.3614
46.363
44.1182
44.1273
44.1369
44.1321
44.1191
44.1107
44.1132
44.1234
44.1173
44.115
41.8968
41.9018
41.9031
41.8938
41.8878
41.872
41.8874
41.8934
41.8924
41.8936
39.6733
39.6897
39.6932
39.6938
39.6875
39.6763
39.6766
39.672
39.6614
39.6641
37.4746
37.489
37.4876
37.4838
37.4738
37.4653
37.4553
37.453
37.4538
37.4614
35.3056
35.3023
35.2827
35.2772
35.2734
35.2647
35.2587
35.2631
35.284
35.2997
33.1307
33.1195
33.1087
33.1038
33.1016
33.1035
33.1095
33.1162
33.122
33.13
30.9464
30.9494
30.9553
30.9644
30.964
30.9694
30.9705
30.9688
30.962
30.9518
28.7951
28.8014
28.8155
28.832
28.8412
28.8436
28.8368
28.8262
28.8161
28.8033
26.6989
26.6932
26.6932
26.6987
26.7091
26.7203
26.7249
26.7241
26.7182
26.7091
24.6373
24.6219
24.6122
24.6078
24.611
24.625
24.6366
24.6473
24.6506
24.6472
22.5849
22.5682
22.5648
22.5653
22.5684
22.5728
22.5738
22.5796
22.5832
22.5863
20.5279
20.5276
20.5309
20.5364
20.5453
20.5464
20.5375
20.5322
20.5297
20.5281
18.4992
18.5057
18.5155
18.5215
18.5196
18.5133
18.5059
18.5012
18.4991
18.4989
16.5158
16.5203
16.5217
16.51
16.4942
16.4785
16.477
16.4833
16.495
16.5064
14.5368
14.5399
14.532
14.5106
14.4935
14.4794
14.4785
14.4906
14.5067
14.524
12.533
12.5471
12.5489
12.5398
12.5304
12.5202
12.5201
12.5231
12.5235
12.5249
10.5547
10.5605
10.5711
10.5787
10.5759
10.5718
10.5683
10.5665
10.5626
10.5564
8.62827
8.61255
8.61127
8.61475
8.61672
8.62168
8.62385
8.62598
8.62704
8.6304
6.69961
6.68546
6.67975
6.68034
6.68886
6.70526
6.71206
6.71016
6.70264
6.70563
4.7665
4.76302
4.76438
4.77176
4.78588
4.81099
4.8105
4.79957
4.78868
4.77702
2.85511
2.85575
2.85792
2.86433
2.87316
2.88348
2.88755
2.88617
2.87588
2.86093
0.954504
0.953832
0.953659
0.94891
0.947376
0.950281
0.959598
0.963419
0.964299
0.954908
97.8155
99.005
102.219
101.364
101.532
107.739
102.501
99.9562
97.9352
100.152
100.205
96.8824
100.335
100.638
100.604
100.845
98.3015
90.4311
96.8596
95.8199
95.6339
97.0206
98.9394
104.549
98.7697
98.6399
98.7104
98.3752
98.1835
97.195
91.5438
101.471
106.115
90.1245
103.445
127.96
109.053
97.1207
96.0397
100.706
102.109
101.83
100.104
101.282
101.99
98.4031
10.5369
106.915
102.826
76.9117
105.922
97.8166
100.103
102.809
96.2347
103.232
108.068
97.5462
105.042
99.2531
96.8788
98.3623
100.949
101.785
104.452
114.279
103.242
101.437
118.05
98.9878
95.6374
100.919
100.292
100.436
100.307
101.439
103.863
105.667
94.1251
94.7763
110.996
97.3619
98.7459
104.8
100.301
100.218
99.6761
98.0548
97.8802
97.7155
96.5807
97.35
99.2986
97.9199
98.2183
101.17
97.9668
97.5134
100.162
97.5606
98.2779
100.411
98.737
99.3388
100.489
99.3048
97.2875
98.6188
96.5112
95.1962
96.5479
95.3608
95.772
98.7324
96.0451
95.8896
97.6431
96.0467
96.3136
97.2187
98.4842
98.1314
97.3299
100.105
98.8754
99.0523
110.33
103.62
99.8221
101.024
102.514
101.778
102.24
104.918
103.846
110.66
106.672
102.986
100.838
101.091
102.706
99.9964
100.88
100.802
101.314
101.131
98.7387
100.112
99.6899
99.9278
100.016
100.217
100.157
100.888
100.111
100.084
100.463
100.618
100.295
100.858
100.527
100.514
101.318
100.595
101.025
101.039
102.167
101.226
98.0482
101.994
100.357
107.952
104.831
96.2985
95.7216
95.0255
96.1639
95.3374
94.3585
95.7567
97.9888
92.872
93.827
97.8113
97.8687
97.1426
99.5053
99.9382
98.34
102.983
99.6513
100.032
99.1958
99.5951
100.01
98.5843
98.8313
97.6704
106.295
107.923
98.5952
98.0341
97.6591
98.033
97.6447
97.7115
98.4613
97.7926
97.8453
97.6024
100.3
100.202
100.227
100.259
100.325
100.407
100.234
100.068
100.406
97.7132
97.124
96.6693
100.232
100.194
100.229
100.471
100.364
100.341
99.8409
99.4859
98.5788
96.5423
96.9683
96.9515
97.3475
97.7961
97.7786
100.882
100.71
100.125
98.1487
97.8667
97.7788
100.846
100.376
100.996
100.805
100.394
100.936
100.369
84.5306
97.2426
101.85
95.2872
60.6192
94.1502
93.7958
95.5516
94.5726
94.3662
96.6893
98.9345
99.8379
99.9942
100.122
100.21
99.344
97.1811
97.2396
98.919
102.957
100.36
99.8675
98.6452
99.3327
98.2278
99.005
100.199
100.132
94.8718
94.8216
96.0706
93.6553
93.3945
94.3112
100.065
99.9506
97.9378
95.7013
97.2556
97.8715
97.6653
99.4717
99.3077
96.3561
96.6338
95.3512
98.8358
104.187
95.0284
97.6875
96.8671
97.0576
107.781
180.227
100.674
94.9596
94.8774
96.2176
98.8842
98.8225
97.6682
93.4181
93.4978
94.6319
95.4569
96.2845
96.2371
99.2701
99.4234
100.882
97.8205
108.62
106.474
102.838
102.686
102.096
96.5093
100.841
99.9121
96.7174
97
97.2347
87.7458
79.6254
82.1974
99.4915
90.0245
94.8296
96.4404
96.375
95.6471
97.7768
98.7437
98.8974
102.117
98.5614
121.543
98.5596
98.2343
98.4292
91.2355
93.9827
89.3728
92.562
106.64
103.781
68.4605
104.02
103.375
113.783
118.535
121.67
94.7303
148.141
95.4198
128.722
126.558
110.217
111.781
109.728
101.816
103.358
109.513
106.068
100.75
105.404
98.2658
97.2388
96.9651
96.9534
88.7674
85.2687
89.0928
95.5497
87.7522
110.995
107.507
95.8913
105.999
97.2938
96.7742
89.2158
70.7239
100.261
94.3605
101.153
101.397
104.497
109.946
94.6522
108.785
151.045
111.671
117.028
103.666
89.3135
147.043
97.6841
105.123
109.239
87.2253
87.4268
81.9213
126.03
100.398
131.779
93.795
88.3045
107.342
113.822
119.216
94.4747
97.0848
97.4873
97.6683
95.5607
95.4237
96.3312
96.7752
95.8279
95.739
105.977
121.705
107.563
71.4708
92.2782
89.3872
97.7651
121.96
101.594
91.3266
94.7304
98.1049
104.278
97.3149
107.709
86.7229
125.517
95.2049
107.628
95.7369
105.425
96.0012
95.1504
94.7823
101.965
102.981
98.7906
90.0826
102.202
87.4873
95.898
95.942
96.8367
106.791
99.2861
101.042
111.819
102.986
104.9
105.962
111.048
151.005
129.213
116.883
107.312
106.241
106.184
107.955
119.232
121.208
131.823
129.149
103.843
104.778
110.497
111.137
111.403
109.065
111.265
111.407
113.275
102.677
100.481
102.926
98.6416
98.4095
106.426
109.157
105.197
107.651
97.2927
95.9932
100.013
107.217
100.72
100.509
98.7977
102.035
99.7108
104.157
99.1263
102.365
106.775
100.313
105.635
135.112
116.715
110.58
106.87
129.424
121.14
96.8799
93.4865
128.324
113.864
117.937
100.013
102.306
125.748
108.973
97.0446
107.823
121.828
102.678
103.434
85.2822
117.182
85.8675
111.827
147.117
137.173
113.801
115.016
99.9333
112.362
166.922
151.721
129.826
85.282
140.574
98.3689
144.377
130.947
163.702
112.818
131.326
104.206
92.7412
79.653
116.888
103.274
103.698
110.852
100.418
96.9492
117.674
97.0647
95.9135
75.8944
164.536
159.441
105.014
103.688
99.7672
103.95
98.7187
100.261
)
;
    }
    frontWall
    {
        type            cyclic;
    }
    backWall
    {
        type            cyclic;
    }
}


// ************************************************************************* //
