/*--------------------------------*- C++ -*----------------------------------*\
| =========                 |                                                 |
| \\      /  F ield         | OpenFOAM: The Open Source CFD Toolbox           |
|  \\    /   O peration     | Version:  5.0                                   |
|   \\  /    A nd           | Web:      www.OpenFOAM.org                      |
|    \\/     M anipulation  |                                                 |
\*---------------------------------------------------------------------------*/
FoamFile
{
    version     2.0;
    format      ascii;
    class       volScalarField;
    location    "1.2";
    object      p_rgh;
}
// * * * * * * * * * * * * * * * * * * * * * * * * * * * * * * * * * * * * * //

dimensions      [1 -1 -2 0 0 0 0];

internalField   nonuniform List<scalar> 
7975
(
104.886
101.294
102.374
107.487
95.4675
100.702
96.4082
92.7625
90.3336
87.8672
85.3942
82.9156
80.4424
78.001
75.5669
73.157
70.7621
68.3979
66.0541
63.7338
61.4208
59.1275
56.8619
54.5901
52.3431
50.1127
47.8872
45.6609
43.4524
41.2706
39.0833
36.9211
34.7871
32.6455
30.4972
28.3817
26.3184
24.2906
22.2725
20.2445
18.2462
16.2928
14.3409
12.3627
10.4119
8.50876
6.60673
4.70141
2.8161
0.941656
90.6586
101.343
107.042
94.9316
129.949
99.8369
95.5681
92.5756
90.2685
87.8518
85.3971
82.9188
80.4664
78.0138
75.5702
73.1665
70.7634
68.4139
66.0779
63.739
61.4273
59.1295
56.8545
54.5905
52.3306
50.0955
47.8777
45.6632
43.4622
41.2723
39.0985
36.9354
34.7856
32.6399
30.5005
28.388
26.3138
24.2739
22.25
20.2426
18.2515
16.297
14.3491
12.3816
10.4194
8.49999
6.59846
4.7003
2.81771
0.941583
117.607
102.975
107.239
123.282
121.385
98.8994
96.1571
92.889
90.4517
87.9379
85.4548
82.9442
80.4688
78.0214
75.5806
73.1588
70.7777
68.4337
66.0933
63.7378
61.4297
59.1332
56.8475
54.5861
52.334
50.091
47.8654
45.6677
43.4681
41.2737
39.1029
36.9348
34.7663
32.6289
30.5114
28.4036
26.3138
24.2647
22.2483
20.2448
18.2597
16.2918
14.3324
12.3831
10.4312
8.49835
6.59373
4.70228
2.82097
0.941493
94.2828
93.4463
106.676
108.429
106.205
105.295
98.4624
93.946
90.5188
88.0627
85.5135
83.0076
80.4941
78.0282
75.591
73.1705
70.7823
68.4296
66.0732
63.741
61.4374
59.1325
56.8496
54.5873
52.345
50.1014
47.8648
45.6738
43.4651
41.2648
39.1035
36.9302
34.7609
32.6234
30.519
28.4207
26.3201
24.2609
22.2488
20.2508
18.264
16.2806
14.3157
12.3699
10.4366
8.49983
6.59226
4.70875
2.82721
0.936919
100.87
100.502
116.372
108.614
104.987
102.661
99.7653
94.3166
90.6839
88.1604
85.5655
83.02
80.5166
78.0385
75.6079
73.1849
70.7991
68.424
66.0554
63.7449
61.4424
59.1322
56.8559
54.591
52.3538
50.1165
47.875
45.6697
43.4523
41.2574
39.0979
36.9221
34.7577
32.6216
30.5193
28.4294
26.3301
24.2657
22.2533
20.2593
18.263
16.2687
14.2955
12.359
10.4333
8.50096
6.59917
4.72281
2.83509
0.934784
103.014
104.493
99.7965
101.412
96.1776
100.57
99.3037
94.4318
90.7058
88.1865
85.5815
83.0321
80.5247
78.0484
75.6187
73.195
70.8098
68.4295
66.0522
63.7348
61.4391
59.1295
56.8566
54.6015
52.3599
50.1294
47.8851
45.6634
43.4458
41.251
39.0915
36.9161
34.7503
32.6231
30.5224
28.4308
26.3401
24.2753
22.256
20.2601
18.2574
16.2547
14.2819
12.35
10.4286
8.50535
6.61557
4.74679
2.84478
0.937572
106.995
117.873
107.025
99.0071
99.6102
100.102
99.4958
94.2364
90.6192
88.109
85.5572
83.0228
80.5363
78.0592
75.6142
73.1944
70.8092
68.438
66.0572
63.7259
61.4278
59.1292
56.8556
54.6094
52.3655
50.1297
47.8921
45.6606
43.4468
41.2594
39.0871
36.9035
34.7432
32.6292
30.525
28.4253
26.3455
24.2892
22.2576
20.2518
18.25
16.2459
14.2781
12.3473
10.4241
8.50717
6.62179
4.74674
2.85045
0.946912
102.925
101.145
100.93
100.206
101.363
99.0856
98.2097
93.2562
90.6566
88.0667
85.5235
82.9991
80.5211
78.0492
75.59
73.1939
70.7993
68.4261
66.0726
63.72
61.4188
59.1245
56.8528
54.6102
52.363
50.1336
47.8936
45.6583
43.46
41.2673
39.0825
36.9005
34.7478
32.6363
30.5235
28.4144
26.3449
24.2988
22.2633
20.2464
18.2456
16.2592
14.2914
12.3523
10.4233
8.50967
6.62065
4.73612
2.84828
0.950606
101.044
98.5698
99.0233
100.541
99.6195
99.8857
96.7836
93.0624
90.5394
88.0022
85.4827
82.9782
80.4971
78.0304
75.5899
73.1858
70.772
68.405
66.0581
63.7259
61.4111
59.1187
56.8595
54.6072
52.3694
50.1336
47.8906
45.6583
43.4532
41.2654
39.0706
36.901
34.7659
32.6418
30.5159
28.4037
26.3405
24.3054
22.2682
20.2451
18.2439
16.2659
14.3049
12.3518
10.4187
8.51051
6.61358
4.72501
2.83756
0.951275
100.002
100.303
97.0042
101.234
99.6134
99.3365
96.5794
92.9484
90.4524
87.9268
85.4336
82.9345
80.4492
78.0099
75.5765
73.1634
70.7657
68.4006
66.0535
63.7304
61.4128
59.1192
56.8618
54.5962
52.3577
50.1303
47.892
45.6598
43.4518
41.2676
39.0745
36.9075
34.7808
32.6458
30.5044
28.3889
26.3284
24.2999
22.2712
20.2439
18.2449
16.2828
14.3239
12.3546
10.4127
8.51272
6.61303
4.71215
2.82287
0.942779
104.85
101.775
98.8273
106.782
124.342
100.697
96.4094
92.763
90.3336
87.8672
85.3942
82.9157
80.4422
78.001
75.5668
73.1567
70.7621
68.398
66.0542
63.7335
61.4207
59.1275
56.8619
54.59
52.3431
50.1127
47.887
45.6609
43.4522
41.2703
39.0832
36.9211
34.7872
32.6454
30.4972
28.3817
26.3183
24.2906
22.2724
20.2443
18.2461
16.2929
14.341
12.3628
10.4119
8.5088
6.60665
4.70139
2.81605
0.941725
112.745
100.976
110.085
90.761
106.451
99.3649
95.56
92.5758
90.2685
87.8518
85.3971
82.9188
80.4664
78.0138
75.5702
73.1663
70.7634
68.414
66.0778
63.7389
61.4274
59.1296
56.8544
54.5905
52.3307
50.0955
47.8776
45.6632
43.4622
41.2723
39.099
36.9355
34.7856
32.6399
30.5005
28.388
26.3137
24.2739
22.25
20.2426
18.2516
16.2971
14.349
12.3814
10.4194
8.49999
6.59826
4.70029
2.81791
0.941533
116.958
106.028
107.431
118.763
115.917
98.506
96.1295
92.89
90.4519
87.9379
85.4549
82.9441
80.4687
78.0213
75.5806
73.159
70.7777
68.4336
66.0933
63.7378
61.4292
59.1332
56.8474
54.5859
52.334
50.0909
47.8655
45.6677
43.4681
41.2738
39.1026
36.9347
34.7664
32.6289
30.5115
28.4036
26.3137
24.2647
22.2482
20.2448
18.2597
16.2919
14.3324
12.3829
10.4312
8.49829
6.59352
4.70234
2.82099
0.941488
100.596
91.4738
105.782
113.851
101.24
109.396
98.4923
93.9464
90.5194
88.0624
85.5135
83.0078
80.4941
78.0282
75.591
73.1705
70.7823
68.4295
66.0731
63.7409
61.4374
59.1325
56.8497
54.5874
52.3449
50.1013
47.865
45.6739
43.4653
41.2647
39.1034
36.9303
34.7608
32.6233
30.5191
28.4202
26.3198
24.2609
22.2488
20.2507
18.2642
16.2805
14.3155
12.3701
10.4368
8.49984
6.59215
4.70875
2.8272
0.936776
97.3515
102.507
98.5686
103.771
103.075
102.259
99.7557
94.3163
90.6842
88.1604
85.5656
83.02
80.5161
78.0385
75.6079
73.1848
70.799
68.424
66.0554
63.745
61.4424
59.1323
56.8558
54.591
52.3536
50.1166
47.8751
45.6696
43.4521
41.2573
39.0979
36.9221
34.7577
32.6216
30.5193
28.4294
26.3301
24.2657
22.2533
20.2597
18.2629
16.2683
14.2955
12.3589
10.4331
8.50094
6.5991
4.7228
2.83509
0.934832
105.429
104.078
103.788
102.122
97.822
99.8796
99.3322
94.4311
90.7061
88.1865
85.5814
83.0321
80.5249
78.0484
75.6187
73.1949
70.8098
68.4296
66.0521
63.7346
61.439
59.1294
56.8566
54.6015
52.36
50.1295
47.8851
45.6633
43.4458
41.2512
39.0916
36.9156
34.7501
32.6232
30.5225
28.4308
26.3402
24.2753
22.256
20.2601
18.2573
16.2543
14.2819
12.35
10.4283
8.50533
6.61554
4.74695
2.84448
0.937539
116.605
100.454
116.225
99.9202
101.359
100.01
99.6159
94.2336
90.6198
88.1088
85.5572
83.0228
80.5363
78.0592
75.6142
73.1944
70.8092
68.4379
66.0572
63.7259
61.4279
59.1292
56.8556
54.6093
52.3652
50.1297
47.8921
45.6606
43.4469
41.2595
39.0873
36.9033
34.7432
32.6292
30.525
28.4252
26.3455
24.2891
22.2576
20.2519
18.25
16.2457
14.2781
12.3473
10.4239
8.50715
6.62191
4.74682
2.85048
0.947016
103.661
101.296
100.021
99.1155
99.0505
99.0361
98.0719
93.2568
90.6567
88.0667
85.5235
82.9991
80.5211
78.0492
75.59
73.1938
70.7996
68.4258
66.0727
63.72
61.4188
59.1245
56.8529
54.6102
52.3629
50.1336
47.8936
45.6583
43.4599
41.2673
39.0824
36.9003
34.7478
32.6363
30.5235
28.4144
26.3449
24.2988
22.2633
20.2463
18.2455
16.2592
14.2914
12.3523
10.4233
8.50965
6.62065
4.73611
2.84839
0.950739
100.693
98.4927
102.719
99.8527
99.2191
99.3741
96.7914
93.0629
90.5395
88.0022
85.4827
82.9782
80.4971
78.0304
75.5899
73.186
70.7722
68.4046
66.0582
63.726
61.411
59.1188
56.8595
54.6072
52.3694
50.1336
47.8904
45.6582
43.4533
41.2654
39.0707
36.9009
34.7663
32.6419
30.5158
28.4038
26.3406
24.3053
22.2681
20.2451
18.244
16.2659
14.3048
12.3517
10.4186
8.51048
6.61353
4.72498
2.83763
0.951281
99.9286
100.673
96.9869
99.7964
100.968
99.2958
96.5807
92.9489
90.4523
87.9267
85.4336
82.9344
80.449
78.0102
75.5764
73.1636
70.7657
68.4004
66.0536
63.7303
61.4127
59.119
56.8618
54.5962
52.3577
50.1302
47.8918
45.6599
43.4518
41.2676
39.0744
36.9075
34.781
32.6455
30.5043
28.389
26.3284
24.2999
22.2712
20.2439
18.2449
16.2828
14.3239
12.3545
10.4126
8.513
6.61279
4.71213
2.8229
0.942759
104.854
101.292
100.026
103.16
120.683
100.671
96.4084
92.7629
90.3335
87.8671
85.3942
82.9158
80.4419
78.0012
75.5667
73.1564
70.7621
68.398
66.0545
63.7333
61.4204
59.1275
56.8617
54.5898
52.3431
50.1127
47.8869
45.6608
43.452
41.2703
39.0833
36.9211
34.7871
32.6452
30.4971
28.3816
26.3182
24.2906
22.2723
20.2442
18.2459
16.2929
14.341
12.3629
10.412
8.50896
6.60651
4.70135
2.81595
0.941663
113.828
100.616
107.28
81.2287
87.9542
99.5666
95.5614
92.5751
90.2684
87.8517
85.397
82.9187
80.4663
78.0137
75.5701
73.1661
70.7634
68.4141
66.0777
63.7388
61.4274
59.1296
56.8538
54.5899
52.3307
50.0953
47.8775
45.6631
43.4623
41.2725
39.0991
36.9355
34.7854
32.6398
30.5005
28.3879
26.3136
24.2743
22.2498
20.2418
18.2515
16.2972
14.3488
12.3808
10.4195
8.49999
6.59811
4.70023
2.81796
0.941343
118.101
114.61
107.79
117.657
98.9709
97.9472
96.1439
92.89
90.4532
87.9378
85.4545
82.944
80.4685
78.0213
75.5805
73.1593
70.7776
68.4333
66.0933
63.7377
61.429
59.1331
56.8473
54.5858
52.3339
50.0907
47.8655
45.6676
43.4681
41.2738
39.1025
36.9343
34.7664
32.6291
30.5115
28.4036
26.3135
24.2647
22.2482
20.2447
18.26
16.292
14.3324
12.3827
10.4313
8.49819
6.59344
4.70234
2.82095
0.941178
105.644
95.0827
101.084
119.374
99.0119
96.5083
98.4747
93.9483
90.5188
88.0622
85.5134
83.0076
80.494
78.0281
75.5909
73.1704
70.7822
68.4294
66.073
63.7408
61.4375
59.1324
56.8496
54.5874
52.3446
50.101
47.8651
45.6738
43.4652
41.2646
39.1033
36.9302
34.7608
32.6233
30.5191
28.4202
26.3197
24.2609
22.2489
20.251
18.2641
16.2804
14.3153
12.3702
10.4367
8.49978
6.59205
4.70874
2.82707
0.936443
81.0115
105.737
96.5953
97.6021
104.837
101.059
99.7406
94.3166
90.6834
88.1607
85.5655
83.0191
80.5159
78.0384
75.6079
73.1847
70.799
68.4239
66.0553
63.745
61.4424
59.1323
56.8556
54.5911
52.3533
50.1166
47.8752
45.6696
43.452
41.2571
39.0979
36.9221
34.7575
32.6216
30.5193
28.4293
26.3301
24.2657
22.2532
20.26
18.2628
16.2678
14.2955
12.3588
10.4329
8.50087
6.59925
4.72276
2.83489
0.934741
103.393
116.212
96.4762
99.8154
103.337
99.9223
99.3365
94.4314
90.7052
88.1867
85.5812
83.032
80.5249
78.0483
75.6187
73.1948
70.8097
68.4296
66.052
63.7344
61.4389
59.1288
56.8564
54.6018
52.36
50.1294
47.885
45.6632
43.4457
41.2514
39.0917
36.9154
34.75
32.624
30.5226
28.4307
26.3401
24.2752
22.2559
20.2602
18.2572
16.2539
14.2819
12.3499
10.4281
8.50526
6.61554
4.74695
2.84401
0.937514
117.915
100.443
98.3565
108.046
100.174
98.9714
99.5811
94.2327
90.6192
88.1089
85.5571
83.0227
80.5362
78.0591
75.6141
73.1943
70.8091
68.4377
66.0571
63.7259
61.4282
59.1291
56.8555
54.6093
52.3651
50.1297
47.892
45.6609
43.4471
41.2594
39.0871
36.9032
34.7431
32.6292
30.525
28.425
26.3455
24.2891
22.2575
20.2519
18.2499
16.2456
14.2781
12.3472
10.4238
8.50708
6.62206
4.74666
2.85046
0.946954
107.872
113.634
92.8733
98.9705
99.4548
98.9661
98.1105
93.2564
90.6569
88.0666
85.5234
82.999
80.521
78.0491
75.5899
73.1938
70.7998
68.4255
66.0728
63.7199
61.4187
59.1245
56.8529
54.6101
52.3628
50.1335
47.8936
45.6582
43.4596
41.2674
39.0824
36.9002
34.7477
32.6362
30.5234
28.4143
26.3448
24.2986
22.2632
20.2463
18.2454
16.2592
14.2913
12.3522
10.4231
8.50958
6.62059
4.73606
2.84835
0.950715
101.143
99.9104
101.536
100.078
99.9546
100.088
96.7347
93.0625
90.5396
88.0021
85.4826
82.9781
80.497
78.0303
75.5898
73.1861
70.7722
68.4044
66.0582
63.726
61.411
59.1187
56.8595
54.6071
52.3692
50.1335
47.8903
45.6581
43.4533
41.2655
39.0706
36.9008
34.7663
32.6419
30.5156
28.4039
26.3406
24.3051
22.268
20.245
18.244
16.2659
14.3047
12.3515
10.4185
8.51041
6.61336
4.72491
2.83779
0.951183
100.882
99.1294
97.3112
99.0073
98.433
99.2974
96.5808
92.9487
90.4523
87.9267
85.4336
82.9343
80.4488
78.0102
75.5764
73.1638
70.7656
68.3998
66.0536
63.7302
61.4126
59.1189
56.8618
54.5962
52.3576
50.13
47.8914
45.6598
43.4517
41.2674
39.074
36.9076
34.7814
32.6451
30.5041
28.3891
26.3284
24.2998
22.2711
20.2438
18.2449
16.2827
14.3238
12.3544
10.4126
8.5129
6.61262
4.71205
2.82292
0.942697
97.4597
100.304
96.5329
100.709
97.4606
100.285
96.5446
96.2609
96.7087
96.399
99.9191
96.2564
98.9107
96.3104
96.5565
100.313
98.6936
97.7373
96.4987
98.3713
98.6679
99.1022
102.459
99.9741
108.533
99.101
101.269
99.953
99.856
100.6
99.5579
102.281
99.864
100.334
99.53
99.4512
101.179
99.1468
99.9162
99.4277
99.8635
99.1524
99.3075
99.3966
99.2021
99.9958
99.3191
99.3713
99.2133
99.0507
99.9146
98.7959
99.0417
99.064
99.5834
98.7764
98.4321
101.06
97.4018
99.4264
98.2429
100.126
97.4217
97.4353
100.286
97.7061
99.3035
97.4322
100.274
97.71
97.4553
100.29
96.5243
100.671
97.4577
100.357
96.5354
96.2757
96.8316
96.2875
99.9278
96.176
97.0322
96.3114
96.481
98.9529
98.6646
98.1358
96.4557
98.0579
98.6766
99.0975
101.035
99.9265
101.94
99.1036
101.962
99.9098
99.8551
100.665
99.5795
100.88
99.8658
100.119
99.5535
99.4997
100.357
99.1597
99.9544
99.4246
99.1691
99.1594
99.3392
99.3738
99.2099
99.6383
99.3499
99.3502
99.2086
99.066
99.7266
98.7885
98.9958
99.0676
101.766
98.8262
98.1592
99.977
97.3989
99.2022
98.3532
99.8298
97.4243
97.4348
100.301
97.7103
99.2934
97.4313
100.287
97.7166
97.463
100.358
96.5438
100.649
97.4615
100.32
96.5386
96.187
97.2067
96.3387
102.765
96.2242
99.6842
96.4078
96.4575
98.0737
98.6775
98.2022
96.5297
98.1625
98.682
99.1066
102.154
99.8904
97.3941
99.1014
101.772
99.8789
99.8654
100.105
99.5826
101.278
99.8548
100.277
99.5791
99.4549
99.0699
99.1661
99.9705
99.4748
99.0897
99.1539
99.383
99.3351
99.2105
99.1436
99.3694
99.324
99.196
99.0663
100.378
98.8414
98.9513
99.0589
100.788
98.7939
98.3523
99.7838
97.4303
99.648
98.5771
99.7808
97.41
97.4353
100.278
97.7212
99.3065
97.4237
100.237
97.7131
101.995
110.08
100.109
109.883
102.158
106.848
100.259
99.2035
100.079
100.101
100.708
100.104
99.1938
100.109
94.7185
96.0796
94.5025
96.4089
94.7267
96.08
94.5108
99.2328
113.759
95.4729
100.569
104.349
113.863
95.2363
97.4514
98.544
96.0183
99.6611
98.3933
98.3125
97.2611
94.3195
95.8154
94.2504
95.5654
94.3272
95.8091
94.2581
102.87
99.1423
102.293
118.641
98.9269
99.8287
112.125
97.5312
96.9951
100.056
97.9456
97.0065
100.194
97.535
94.6174
98.1911
95.2312
96.1325
94.6257
98.0284
95.2387
118.361
106.827
105.342
109.437
102.157
106.945
104.822
101.095
100.209
116.72
104.911
99.2332
103.857
104.27
95.437
99.9986
95.6612
98.4949
95.4335
99.9398
95.668
101.835
101.399
100.468
103.774
99.9559
100.62
100.707
100.468
100.547
102.43
103.006
100.559
102.219
100.326
95.761
99.3281
95.964
99.7557
95.7695
99.3291
95.9726
100.569
102.266
105.01
97.3735
100.365
102.295
101.758
99.1732
100.051
99.4104
100.176
99.9876
99.6347
99.1538
96.127
99.1481
95.651
99.3297
96.139
99.1519
95.6594
99.8963
100.753
98.6429
99.5786
99.5652
99.7445
99.6331
99.4094
99.5722
99.7295
100.131
99.5933
99.4541
99.3982
95.684
98.5825
95.6444
99.6052
95.6969
98.5917
95.6413
98.4935
103.464
97.5226
99.0338
99.0333
98.8528
97.4408
99.0981
99.0824
100.2
99.0731
99.0605
99.3696
99.3471
95.6221
96.8447
95.2547
98.0779
95.6312
96.7799
95.2641
99.579
100.615
100.787
99.2569
99.1337
100.11
99.3026
99.9372
99.6519
101.459
99.7292
99.654
101.887
99.9195
95.0964
96.4934
94.9701
96.8087
95.1059
96.4925
94.979
99.9568
96.2987
100.712
98.8284
99.2866
95.8589
100.46
99.3551
99.2885
99.5038
99.3188
99.2516
99.5181
99.3146
94.912
96.6014
94.8662
96.5797
94.9206
96.6021
94.875
102.447
104.849
100.396
107.147
102.361
96.2357
99.9522
99.2385
100.128
100.111
100.682
99.2305
100.114
100.14
94.7255
96.0799
94.5096
96.4092
94.7254
96.0796
94.5095
93.6535
114.566
95.6519
94.0311
102.078
88.3081
96.6678
97.414
98.3679
103.225
99.4052
97.7922
98.1884
101.614
94.3258
95.8055
94.257
95.5569
94.3253
95.8199
94.2572
99.2464
99.8549
107.653
99.8671
97.2088
97.6317
105.606
97.7447
97.0127
100.662
97.9723
97.4636
96.998
100.426
94.6243
98.0134
95.2368
96.1338
94.6241
97.9914
95.2371
99.1462
106.026
109.216
100.275
106.936
105.784
106.43
102.319
101.151
104.101
97.7157
100.407
99.219
103.479
95.4312
100.276
95.6663
98.4812
95.432
100.024
95.6672
100.651
100.767
100.955
102.97
100.497
100.794
101.261
100.335
100.551
105.768
102.259
100.496
100.445
105.728
95.7676
99.3446
95.9673
99.7466
95.7672
99.3305
95.967
100.528
102.339
104.08
103.823
104.502
98.0074
102.562
99.0808
100.093
99.3428
100.224
99.0998
100.088
99.9993
96.1377
99.1741
95.6569
99.3356
96.138
99.1766
95.658
102.987
100.125
103.443
101.566
98.4064
99.9587
102.003
99.3994
99.7185
99.879
100.061
99.4919
99.5523
99.7787
95.6952
98.593
95.6391
99.5299
95.694
98.5903
95.6392
99.8897
99.1475
96.9217
99.6404
99.6644
99.56
105.796
101.526
99.1053
105.229
99.0057
102.354
99.0877
102.644
95.6299
96.7725
95.263
98.0934
95.6293
96.7674
95.2624
99.2019
99.6811
99.3251
100.08
101.253
99.8555
99.2993
99.409
99.6584
100.791
99.3161
99.6864
99.659
100.779
95.1053
96.4903
94.9779
96.7351
95.105
96.4881
94.9779
99.2194
96.1024
100.304
98.5649
99.1202
96.8325
100.183
99.3665
99.2609
99.5193
99.2818
99.3616
99.2803
99.5304
94.9194
96.6028
94.8738
96.5813
94.9192
96.6027
94.8739
102.36
97.912
100.578
117.607
102.362
102.188
100.911
99.2455
100.155
100.134
100.667
99.245
100.172
100.152
94.7264
96.0793
94.5105
96.4078
94.718
96.0793
94.5019
93.603
86.6274
94.4857
88.9035
93.2631
87.4123
96.8367
98.5002
98.2753
100.919
99.1811
97.8165
98.2912
101.054
94.3259
95.8161
94.2589
95.5668
94.3176
95.8151
94.2517
96.9241
98.1406
105.718
97.5658
96.6659
98.4783
105.561
97.6198
96.919
99.6148
98.0585
97.652
97.0399
99.4928
94.6257
98.0114
95.2391
96.1553
94.6176
98.145
95.2315
103.183
105.18
98.5953
101.326
104.161
105.413
104.931
104.865
99.653
106.324
97.6025
105.498
99.9566
107.086
95.4351
100.253
95.6698
98.4527
95.439
100.018
95.6608
108.813
100.1
100.812
108.46
105.491
103.869
100.95
100.304
100.414
102.558
101.196
100.289
100.424
102.607
95.7699
99.3239
95.9729
99.7436
95.7611
99.3226
95.9633
102.878
98.0684
95.3004
103.474
101.989
99.0799
95.4824
99.0366
100.031
102.059
99.9278
99.0566
100.042
99.5509
96.1397
99.1908
95.6613
99.3077
96.128
99.153
95.6516
98.9588
99.8573
99.5649
101.113
100.748
99.8599
99.2587
99.3838
99.5166
99.1874
99.1239
99.3733
99.4915
99.5006
95.6956
98.5911
95.6415
99.4468
95.6837
98.5821
95.6448
99.6083
98.7037
103.593
100.303
99.5386
99.3103
105.198
98.2007
99.4104
103.715
98.9444
98.2714
99.2425
94.8361
95.6301
96.7665
95.2628
98.226
95.6213
96.839
95.2532
100.164
98.7507
99.2883
101.336
100.639
96.4392
99.0499
99.7258
99.6161
100.178
99.3506
99.7043
99.6272
100.276
95.1054
96.4877
94.9791
96.7874
95.096
96.4893
94.9704
99.0337
97.2064
100.281
98.7666
99.1663
100.803
100.699
99.3372
99.3716
99.522
99.3012
99.3439
99.3436
99.5243
94.9202
96.6018
94.875
96.5799
94.9113
96.601
94.8664
98.3914
98.8235
97.1321
97.468
97.1414
98.452
98.7483
99.4139
100.291
98.8657
100.315
100.292
98.8837
99.4043
98.5889
96.9922
97.9106
96.5403
96.9988
97.8979
98.68
99.2133
100.71
100.123
100.101
100.096
99.2213
100.128
98.3716
97.4626
98.7295
97.1358
97.1369
98.3676
98.7297
99.422
100.296
100.307
99.0263
100.286
98.8742
99.4281
98.5608
96.5454
96.9917
97.8158
96.9929
97.8582
98.5425
97.5935
98.124
96.1678
96.2493
97.8355
96.1429
97.7304
96.7326
103.394
97.2341
96.8071
96.5871
97.2296
96.6845
96.7428
96.0786
97.6655
96.3767
96.0292
97.6314
96.6404
98.1592
99.7272
98.3773
93.5716
98.3901
95.2728
97.6608
98.5159
96.2372
97.8828
96.1161
97.837
96.0913
98.1007
96.8107
98.0359
97.2313
97.2319
96.9158
97.2244
96.7679
96.6768
96.3386
95.881
97.6921
95.9893
97.6515
96.5285
98.4157
98.1977
97.6863
96.5276
98.2251
97.6566
98.4103
98.7367
103.674
98.5005
102.455
120.548
98.1287
98.828
99.2235
98.3731
99.2558
98.6565
98.4048
99.2491
99.208
97.6105
100.434
97.01
99.9137
97.0217
100.377
97.4611
98.4205
96.5116
98.2236
97.7061
98.2308
97.6868
98.4074
98.7022
98.4132
100.692
98.1496
100.838
98.1155
98.6938
99.2595
98.6705
98.3678
99.2465
98.3887
99.244
99.2914
99.8059
99.4551
99.9357
99.1093
99.4468
99.9446
99.609
104.436
112.293
100.736
101.526
121.2
100.75
102.812
99.8179
99.5585
100.192
99.9864
99.5568
100.166
99.9667
102.124
110.083
99.7375
106.085
99.2393
104.789
102.278
99.8305
99.1063
99.3736
99.9288
99.4151
99.9417
99.9602
101.243
101.297
103.756
100.638
101.748
100.673
102.14
99.7812
99.9863
99.5381
100.181
99.5457
100.163
99.9808
100.107
100.237
99.7634
99.8524
100.239
99.7492
100.131
100.356
100.613
100.029
100.45
100.57
99.9312
100.418
99.832
99.5852
99.8151
99.5318
99.6034
99.8134
100.232
100.194
102.318
100.465
102.134
100.51
102.089
100.339
100.185
99.887
100.248
99.7748
100.249
99.7951
100.075
100.307
100.315
100.974
99.9156
100.85
99.9414
100.334
99.8225
99.5441
99.6143
99.819
99.6166
99.7963
99.827
99.5113
99.6571
99.1717
99.4306
99.6346
99.1621
99.4984
99.7254
99.7287
99.3542
100.056
98.6233
99.346
99.7345
98.8591
99.426
99.4166
99.1465
99.4251
99.3643
98.6499
99.1212
100.075
100.053
99.3332
99.9939
99.2896
99.1112
99.5052
99.4482
99.6402
99.1922
99.6419
99.2204
99.4851
99.7342
100.16
98.723
99.2656
98.7979
99.4406
99.8354
98.5208
99.1518
99.4184
99.349
99.4212
99.3638
99.2624
99.3501
99.4609
99.2106
99.302
99.4632
99.2149
99.3585
99.3442
99.8632
99.3822
99.3898
99.8627
99.3243
99.3471
99.4291
99.3478
99.3419
99.214
99.3697
99.3331
99.4329
99.3256
100.022
99.5337
100.323
99.5205
99.4793
99.3697
99.3723
99.2985
99.4538
99.2054
99.4624
99.2112
99.3715
99.3413
99.4133
99.8662
99.3421
99.8932
99.3346
99.345
99.4296
99.2153
99.3629
99.3205
99.3738
99.3243
99.4331
99.6082
99.2861
98.9227
99.0657
99.2864
98.955
99.6147
100.381
98.5371
100.103
99.6902
94.457
100.054
104.646
99.9064
98.5089
99.5597
98.7914
98.5267
99.5832
99.9177
101.153
99.1158
98.9753
106.807
99.2803
100.502
100.677
99.5974
99.0614
99.2851
98.9975
99.3089
98.9824
99.5902
100.502
99.7599
103.599
100.03
111.079
100.067
100.3
99.8756
98.7802
98.555
99.5821
98.5502
99.5924
99.8484
98.9911
99.0997
98.0204
98.3618
99.1148
97.787
98.9611
99.2664
100.505
99.313
100.447
100.424
99.333
99.2561
98.7076
97.6145
98.4382
97.4469
97.5266
98.4039
98.723
99.944
99.601
99.6538
100.799
99.6553
101.231
99.9497
99.0435
98.309
99.091
97.8816
99.1138
97.7771
99.0824
99.2843
100.328
99.8751
99.3221
100.156
99.4011
99.3005
98.7062
97.4529
97.5278
98.342
97.5182
98.4584
98.7111
98.4858
98.821
97.3869
97.4288
98.6985
97.3946
98.631
99.5942
99.7078
100.726
100.235
99.7197
99.5522
100.34
98.4645
97.3807
99.0187
97.7146
97.3897
98.5628
98.9329
99.371
99.341
99.2275
99.5138
99.3642
99.514
99.3604
98.4612
97.4181
98.6649
97.3889
98.8094
97.3889
98.456
99.6204
100.371
99.6992
100.332
99.714
99.611
100.475
98.4414
97.7099
97.3821
98.9669
97.3835
98.4327
98.9073
98.3638
98.7297
97.1315
97.4553
98.3634
97.1306
98.7341
99.4251
100.335
98.9975
100.312
99.4208
100.36
98.9748
98.5398
96.9854
97.7716
96.5184
98.5308
96.9834
97.7643
99.2431
100.67
100.155
100.119
100.106
99.2456
100.147
98.3639
97.4558
98.7346
97.1304
97.1303
98.3644
98.7344
99.4246
100.337
100.358
98.9686
100.369
98.9593
99.4177
98.5494
96.5247
96.9857
97.7556
96.9828
97.7593
98.5487
97.9066
97.8776
96.1729
96.236
98.681
97.62
96.0392
96.7783
98.1245
97.2339
96.8475
96.8122
98.6158
97.2409
96.8049
95.971
97.7065
96.269
96.7483
95.908
97.6964
97.8999
99.7791
98.2467
101.241
98.3431
101.485
97.688
97.5394
96.1767
97.9383
96.0355
97.977
95.962
97.7116
96.8338
96.9361
98.891
97.2264
98.7781
97.2239
96.8206
96.8311
96.2873
95.9347
97.6726
95.957
97.6984
96.7271
98.379
98.221
97.7056
96.471
98.3885
98.2168
97.6815
98.6084
100.595
98.1645
98.4707
98.6472
99.7719
98.1742
99.3757
98.369
99.247
98.6769
99.3288
98.4008
99.2455
97.5053
98.1016
96.8867
99.8585
96.9454
100.206
97.5445
98.3737
96.4612
98.1671
97.6553
98.1963
97.6672
98.3592
98.6781
98.2527
99.5794
98.3514
99.5324
98.2157
98.5263
99.4126
98.681
98.3601
99.2456
98.3944
99.2437
99.4014
99.9062
99.3526
99.9281
99.0975
99.8404
99.2627
99.9292
101.058
103.539
100.659
102.464
100.777
104.631
100.6
99.8679
99.5378
100.192
99.927
99.9954
99.5385
100.189
101.57
101.597
100.039
107.34
99.4481
102.401
101.98
99.6587
99.0998
99.24
99.8753
99.2263
99.9058
99.764
99.646
104.021
104.043
100.727
100.378
100.58
99.8807
99.9126
99.926
99.5225
100.236
99.5335
100.206
99.7971
100.092
100.218
99.7803
99.8568
100.075
100.223
99.7665
100.312
100.943
99.9307
100.291
100.3
101.09
99.955
99.8779
99.6628
99.7954
99.5562
99.8608
99.653
99.7972
100.229
104.068
100.415
102.446
100.475
102.499
100.259
100.105
99.8764
100.238
99.7762
100.306
99.807
100.092
100.334
100.174
100.682
99.9591
100.896
99.9581
100.38
99.909
99.5805
99.6597
99.8052
99.6753
99.8
99.9114
99.4949
99.6457
99.2249
99.4096
99.5029
99.6665
99.1989
99.6324
98.7829
99.2127
100.381
99.9575
99.2775
99.2346
100.108
99.4152
99.3416
99.1586
99.2363
99.4177
99.331
99.0698
100.335
100.092
99.3757
100.153
99.4923
99.058
99.4958
99.4564
99.6705
99.1917
99.6668
99.2192
99.4856
99.6424
101.122
99.5725
99.2586
99.8157
99.2583
99.7341
100.116
99.1594
99.4182
99.3174
99.4137
99.3269
100.087
99.3923
99.4617
99.207
99.3289
99.3836
99.4729
99.2159
99.3513
99.9218
99.3417
99.3508
99.3473
99.9111
99.339
99.4283
99.3587
99.3224
99.2071
99.4514
99.3644
99.3282
99.3577
102.146
99.5474
102.158
99.5733
100.826
99.3634
99.3998
99.3415
99.4683
99.2125
99.473
99.2195
99.4088
99.3835
99.3522
99.9351
99.3361
99.9244
99.3453
99.3673
99.4295
99.2073
99.3395
99.3333
99.3605
99.3308
99.4402
99.5337
99.2847
98.9995
99.0697
99.5739
99.2826
98.9933
107.242
103.938
99.9522
100.372
101.117
104.313
100.109
99.9113
98.5951
99.5748
98.8073
99.8539
98.6237
99.5872
102.281
99.0074
98.9031
99.2798
98.8996
104.368
98.6765
99.4895
99.0699
99.2771
98.9784
99.2795
98.9869
99.4555
100.091
99.2334
122.619
100.225
103.726
99.9318
100.275
99.7985
98.8198
98.558
99.5896
98.5548
99.6008
99.8688
98.379
98.9962
97.7615
98.1852
98.7336
99.0139
97.4532
99.3269
99.7586
99.3323
99.8974
99.3191
99.7752
99.343
98.6815
97.5159
98.3738
97.4079
98.7095
97.4994
98.3839
99.5283
99.2274
99.6261
100.245
99.6265
100.551
99.6576
98.6816
98.2966
99.1527
97.8885
99.1149
97.6501
99.0435
99.3256
99.8516
99.873
99.3145
99.8275
99.3379
99.3308
98.6735
97.4189
97.4888
98.3673
97.4889
98.3726
98.7201
98.4414
98.6444
97.3829
97.4287
98.4478
98.62
97.3813
99.5745
99.6884
100.295
100.309
99.5867
99.6779
100.298
98.4426
97.3769
98.9803
97.7143
98.4292
97.3759
98.9515
99.362
99.2878
99.3061
99.5204
99.2931
99.527
99.3563
98.432
97.4283
98.603
97.3815
98.6019
97.3806
98.4302
99.6019
100.287
99.6732
100.308
99.6593
99.6483
100.293
98.4373
97.7149
97.3793
98.9468
97.376
98.4285
98.9436
98.3697
98.7368
97.1343
97.4652
98.3661
97.1354
98.7391
99.4287
100.352
99.0078
100.352
99.4194
100.363
98.973
98.5507
96.9903
97.8078
96.5373
98.5509
96.993
97.8341
99.2377
100.661
100.119
100.196
100.199
99.2236
100.139
98.3884
97.4705
98.8317
97.1314
97.1403
98.4597
98.7586
99.4178
100.337
100.357
98.9572
100.364
98.9685
99.4117
98.5656
96.5397
96.9963
97.9134
97.0007
97.8615
98.6817
98.396
98.02
96.28
96.1807
97.8
98.0843
96.2177
96.8048
99.3717
97.2092
108.928
96.8403
107.179
97.2074
96.5379
95.9804
97.659
96.3559
96.5892
96.0315
97.6606
97.9549
99.3187
98.3262
101.443
98.2762
101.291
97.9057
97.7545
96.2045
98.0128
96.1456
98.0061
96.133
97.7596
96.8807
99.6066
100.077
97.3856
97.8859
97.2263
96.9607
96.6668
96.3825
96.0796
97.6187
96.0657
97.6473
96.6196
98.3744
98.1558
97.6386
96.4743
98.358
98.1626
97.6177
98.4854
99.6112
98.2653
98.1713
98.4949
99.6074
98.2581
99.427
98.3491
99.2451
98.6724
99.395
98.392
99.2417
97.6186
98.4451
97.0686
100.035
97.087
99.4524
97.629
98.3837
96.5014
98.1478
97.6848
98.1648
97.6301
98.3882
98.4193
98.0612
99.7397
98.2663
99.6104
98.233
98.604
99.4409
98.6592
98.3553
99.2387
98.3983
99.241
99.4037
98.9944
99.1489
99.8635
99.1056
101.366
99.5592
99.8789
99.8018
98.2464
100.59
101.855
99.7209
100.766
100.559
99.8225
99.5245
100.244
99.8982
99.9031
99.5404
100.251
103.655
97.0161
100.385
113.698
100.107
102.712
107.61
98.8761
99.1091
99.2218
99.8806
99.2184
99.8881
99.2066
101.686
101.535
99.4883
100.534
104.515
100.547
100.888
100.01
99.8979
99.5459
100.314
99.5509
100.25
99.902
100.076
100.226
99.8101
99.8544
100.112
100.225
99.7516
100.4
100.657
99.9861
100.186
100.341
100.636
99.943
99.9141
99.7014
99.8291
99.5481
99.9158
99.6364
99.8177
100.325
101.316
100.493
102.59
100.425
102.594
100.337
100.088
99.8523
100.225
99.7996
100.227
99.7536
100.254
100.398
100.147
102.041
100.063
100.693
99.9587
100.594
99.9326
99.5433
99.6741
99.8157
99.6303
99.8183
99.9277
99.4691
99.6691
99.2128
99.4345
99.4967
99.6685
99.1612
99.6005
98.6525
99.2282
98.9864
99.7371
98.694
99.2075
100.056
99.4224
99.3111
99.1529
100.056
99.4264
99.2944
99.0298
100.093
99.9535
99.7756
100.099
99.7446
99.0491
99.4787
99.4323
99.6697
99.1911
99.6706
99.1575
99.5495
99.6105
98.9558
98.7496
99.2556
98.6795
99.2262
99.6149
100.061
99.1529
99.4295
99.2892
99.4293
99.3312
100.054
99.4218
99.4805
99.2148
99.3533
99.4188
99.4873
99.223
99.3862
99.9753
99.3355
99.3059
99.4326
99.9095
99.3349
99.4393
99.3306
99.3341
99.2092
99.4375
99.3436
99.3324
99.3632
99.1545
99.6437
99.6162
99.4848
99.6184
99.396
99.4445
99.3675
99.5867
99.2332
99.4886
99.2338
99.4384
99.3947
99.3338
99.9928
99.3402
99.9401
99.3511
99.3927
99.457
99.2072
99.3403
99.3327
99.3509
99.3321
99.4482
99.4085
99.2771
98.9645
99.0587
99.4285
99.2752
98.9333
99.4384
95.4287
100.048
100.228
99.2758
96.8638
100.043
99.8268
98.3861
99.5925
98.8496
99.751
98.5267
99.613
98.2167
98.9352
99.1518
95.1424
99.0088
94.4685
98.1397
99.3935
99.0484
99.2797
98.8971
99.2737
98.9231
99.3824
101.469
100.556
97.6007
100.049
98.331
100.062
101.085
99.817
98.8289
98.4758
99.6009
98.3971
99.6191
99.8061
99.0868
99.1476
97.83
98.3665
99.0042
99.1668
97.9611
99.358
99.8745
99.2972
99.7115
99.3633
99.8473
99.3109
98.7971
97.5003
98.3692
97.4259
98.8293
97.5113
98.3951
99.7097
99.4313
99.6113
101.238
99.6057
100.348
99.6927
98.9042
98.2834
99.2057
97.9669
99.0952
97.8563
99.1614
99.3747
99.6518
99.845
99.3239
99.842
99.3231
99.3658
98.7752
97.424
97.6007
98.4748
97.5568
98.4392
98.7468
98.4459
98.6507
97.3868
97.426
98.4372
98.6594
97.3896
99.4879
99.6627
100.315
100.271
99.5386
99.653
100.347
98.4895
97.3849
98.9569
97.7214
98.465
97.3887
98.9636
99.3337
99.3016
99.2869
99.509
99.3689
99.519
99.3266
98.4774
97.424
98.8205
97.3888
98.7668
97.3969
98.6035
99.5107
100.252
99.6423
100.511
99.6589
99.5
100.381
98.5045
97.7253
97.3858
98.9877
97.3958
98.5939
98.9695
99.4338
98.4836
99.4431
96.9542
96.5922
96.535
97.0157
99.5578
99.6969
99.4754
98.5749
98.5963
98.4496
98.7028
99.1715
99.3209
99.1285
98.5463
98.848
98.8087
98.6739
99.1759
99.4485
99.2098
97.3611
98.1159
97.9979
97.4529
99.4923
98.492
99.5115
96.8621
96.5084
96.8762
96.5104
99.5272
99.7563
99.5299
98.6421
98.482
98.6326
98.492
99.1772
99.3331
99.1729
98.6206
98.7283
98.6337
98.7215
99.2049
99.4785
99.2145
97.3241
97.9721
97.3365
97.9392
99.4451
98.4732
99.4156
96.9259
96.5217
96.9045
96.5188
99.5225
99.7183
99.4829
98.5803
98.4958
98.6468
98.4561
99.1632
99.3339
99.1243
98.509
98.7532
98.6008
98.7756
99.1895
99.5597
99.1845
97.3273
97.9905
97.3481
98.0835
99.4892
102.007
99.4283
98.1369
101.267
97.9191
101.417
102.193
99.2786
99.292
98.8814
108.133
99.2665
105.866
99.4983
100.076
99.5175
97.5513
98.176
98.1243
97.6104
98.4952
99.4718
99.4552
96.9208
96.5106
96.5106
96.9054
99.9659
99.541
99.5257
97.5189
98.0252
97.9789
97.4957
99.4178
99.3465
99.3998
98.765
98.8965
98.8399
98.8532
99.7667
99.5179
99.5064
98.6331
98.4982
98.5348
98.6333
99.3385
99.4085
99.3936
98.7512
98.7684
98.7807
98.786
99.3577
99.1267
99.3051
98.6564
98.0957
98.008
98.7854
99.326
99.1366
99.1217
98.543
98.7468
98.7736
98.5702
99.1264
99.3316
99.306
98.6535
98.0073
97.9924
98.696
99.1577
98.583
99.1744
97.1477
96.8155
96.7705
97.2104
99.6872
99.203
99.2135
97.3385
97.9926
98.2315
97.3359
98.5883
99.1829
99.1787
97.1174
96.7499
96.7499
97.1133
100.266
100.721
100.174
99.1319
100.898
99.3789
100.83
100.73
100.116
100.178
99.0613
101.009
99.1326
100.932
99.282
103.678
99.3014
100.824
107.424
98.4596
115.062
102.133
99.0877
99.2437
102.109
113.412
120.024
105.926
99.5499
100.071
99.5449
97.4939
98.4059
97.4851
98.0716
98.4876
99.4693
99.4885
96.8696
96.5171
96.5139
96.8836
100.151
99.5333
99.5358
97.5047
98.1067
98.1572
97.4966
99.4183
99.3412
99.4261
98.8013
98.8173
98.797
98.8186
99.7643
99.5261
99.5363
98.6516
98.4821
98.5064
98.6382
99.3433
99.4204
99.4233
98.7858
98.8023
98.8255
98.7788
99.3573
99.172
99.367
98.7124
98.0183
98.7176
98.0059
99.3336
99.1634
99.1854
98.6409
98.7339
98.7238
98.6021
99.1733
99.368
99.3705
98.706
98.0078
98.0029
98.7042
99.1837
98.5923
99.1838
97.1103
96.7464
97.1101
96.7462
99.6075
99.1975
99.2125
97.3235
97.9042
98.107
97.333
98.5908
99.1902
99.1855
97.1083
96.7461
96.7462
97.1036
99.9559
100.175
99.9146
99.6926
101.537
99.3701
101.401
100.104
103.269
102.795
99.5741
101.75
99.5632
101.577
99.0092
102.375
98.9881
100.573
107.114
100.381
107.104
102.35
99.0327
98.9677
101.184
107.064
101.209
106.934
99.5287
100.022
99.52
97.513
98.3938
97.4992
98.0257
98.4652
99.3766
99.3919
96.9648
96.5966
96.5401
97.0443
100.123
99.4861
99.5086
97.5459
98.1775
98.1781
97.6122
99.4049
99.3404
99.4112
98.7168
98.7718
98.7332
98.7804
99.7132
99.5586
99.4815
98.5643
98.5776
98.4608
98.6957
99.3423
99.4157
99.4344
98.7788
98.8967
98.8335
98.8318
99.3558
99.146
99.3362
98.6427
98.0552
98.6842
97.984
99.326
99.1829
99.152
98.5454
98.8508
98.8108
98.6695
99.1626
99.3999
99.3332
98.6407
98.0904
98.0244
98.7881
99.1874
98.5905
99.1797
97.1166
96.7494
97.1116
96.7484
99.4279
99.1555
99.1878
97.3599
98.0772
97.9754
97.4498
98.5863
99.1519
99.1685
97.1496
96.8128
96.7692
97.2118
97.5158
100.086
97.6222
100.088
101.889
99.2626
102.09
100.246
97.4142
97.4799
100.096
114.297
108.425
102.593
97.6153
98.0728
97.6167
96.8374
96.7916
96.8437
96.7972
97.5848
98.1221
97.629
96.8162
96.7865
96.8248
96.7772
97.3659
98.0143
97.3219
96.182
96.2652
96.1667
96.2563
98.0064
97.3884
97.3282
96.1796
96.2665
96.258
96.1564
98.0734
97.5757
97.6097
96.8305
96.7941
96.8003
96.8257
97.8436
98.1343
97.7579
96.8331
96.7831
96.7989
96.8251
97.4696
98.0561
97.4339
96.1915
96.2778
96.2668
96.1662
98.0543
97.3754
97.3621
96.1868
96.2658
96.2574
96.1686
98.0942
97.6364
97.7026
96.8352
96.7904
96.7938
96.8465
97.3743
98.0202
97.3533
96.174
96.2625
96.1566
96.2508
98.0271
97.4541
97.4179
96.1775
96.2667
96.261
96.1489
98.1429
97.7972
97.6913
96.8114
96.784
96.7822
96.7979
96.7891
96.9427
96.9974
96.5118
96.4519
96.4491
96.5157
96.9099
96.7692
96.9333
96.5051
96.45
96.5082
96.4507
96.7685
96.9779
96.9365
96.5104
96.4497
96.4504
96.514
97.0558
96.7711
97.114
96.5087
96.4519
96.5163
96.4498
97.0644
96.8038
97.0196
96.5115
96.4403
96.4511
96.4995
96.7928
97.1172
96.9925
96.515
96.4404
96.452
96.5043
96.4978
96.1246
96.5
95.6813
95.505
95.6841
95.5036
96.526
96.1491
96.5543
95.6766
95.5042
95.6821
95.5011
96.1419
96.518
96.5536
95.6849
95.5071
95.5049
95.6858
96.1269
96.5072
96.5105
95.68
95.5025
95.5044
95.6772
96.6758
96.1514
96.5692
95.6891
95.4975
95.5066
95.6817
96.1523
96.6709
96.5794
95.6753
95.4938
95.5028
95.6649
98.004
96.8808
99.8082
100.599
98.0008
97.7286
95.774
98.157
98.253
95.8328
99.9682
98.784
97.4197
96.18
99.3759
99.6925
100.236
99.8847
99.9065
99.1827
100.051
107.915
175.044
101.994
106.26
100.443
86.7649
49.3323
99.0285
97.3822
100.192
100.405
99.177
96.9685
100.152
100.33
102.135
100.259
104.823
101.581
104.744
101.442
101.579
100.21
100.237
105.987
101.947
100.925
105.9
99.9662
100.284
99.9919
105.665
106.235
99.8592
104.623
98.7737
97.6988
99.0356
101.826
99.0523
98.1944
100.747
100.298
100.117
100.316
99.912
91.5236
96.7483
100.08
100.198
100.237
100.272
109.454
99.2412
119.332
106.284
99.3784
99.402
99.2946
99.9059
99.5366
99.3036
99.7994
99.2932
99.1933
99.317
100.703
99.1934
99.7449
99.1692
99.2327
99.3697
99.3176
102.179
99.5234
110.678
99.5457
97.6652
98.8353
98.9144
100.31
98.3029
99.5135
99.4706
97.6041
98.0822
97.5168
112.226
99.937
98.0086
97.5236
99.3796
99.3148
99.268
99.4452
99.2065
99.3191
99.7665
99.1243
99.206
99.1387
100.12
99.7319
99.7409
100.118
99.4252
97.9212
102.28
105.303
103.261
102.297
100.323
99.6236
100.847
100.227
94.4894
100.287
100.114
103.746
99.1064
99.0641
99.1661
100.061
98.8514
100.095
98.9569
97.1608
103.895
103.727
112.843
98.2127
104.256
101.689
99.8335
99.2713
99.6043
101.042
105.587
99.5629
99.8338
97.6197
99.3438
100.198
100.105
97.7587
98.9187
100.405
103.082
106.574
100.085
98.8634
99.6058
102.997
97.7448
97.4456
103.921
108.252
98.0973
96.3622
110.739
108.246
114.039
109.149
102.084
100.982
116.401
110.63
99.5602
124.717
118.321
100.004
101.523
93.7893
149.879
99.8388
100.688
97.6899
102.095
100.65
100.35
97.2214
113.351
100.901
95.6124
101.705
116.116
100.611
95.2182
102.039
98.9678
95.4402
92.0877
98.9069
100.075
94.3153
97.4134
98.787
99.2763
98.8687
99.5034
99.3526
99.1915
99.5279
94.201
158.331
97.2262
99.3378
95.2778
71.2143
98.7716
101.369
104.882
99.2879
116.867
104.341
116.736
99.5716
101.571
100.581
101.027
102.099
101.636
100.867
101.229
101.544
100.15
100.37
99.4732
102.234
100.701
104.918
101.001
110.284
100.281
102.057
101.294
108.784
98.9819
101.465
90.5849
103.229
104.274
101.269
121.254
108.158
99.9935
99.9522
99.9982
105.766
102.369
105.459
101.291
99.3601
99.0987
98.9232
99.3668
99.7289
99.5969
100.15
100.595
123.535
111.07
104.46
100.503
116.981
116.517
101.483
89.0791
108.362
107.563
99.9063
124.48
105.648
100.744
85.7885
133.997
99.0066
101.821
71.1393
135.586
99.1357
102.742
94.6541
94.9422
101.011
116.967
95.4576
128.264
103.136
102.422
99.683
108.22
100.712
100.875
116.222
103.557
103.659
105.844
103.217
101.031
104.674
102.867
77.429
126.736
113.557
108.623
-34.6446
182.113
105.381
108.326
99.3829
96.0406
111.504
106.585
99.5901
101.106
118.383
95.8509
97.4406
101.136
124.784
96.7768
102.069
102.38
91.5629
93.9917
99.5626
105.097
91.6983
109.588
101.582
107.7
108.068
109.131
101.292
103.781
113.77
120.603
92.5725
113.521
108.998
112.982
111.724
100.943
94.0672
98.2137
105.839
97.0466
109.996
153.077
112.133
108.752
120.445
101.004
111.853
101.853
117.755
123.681
100.476
99.9762
98.7268
114.169
100.289
101.452
104.508
110.867
108.638
111.803
108.301
107.178
106.939
107.466
107.496
107.316
116.248
108.176
110.871
107.606
97.6337
96.9785
96.3998
99.6048
97.6923
96.7462
95.7435
111.828
102.051
116.379
101.296
116.402
101.814
114.916
108.369
101.118
97.9735
96.955
109.993
101.758
97.0167
115.146
106.345
106.346
107.257
112.762
106.687
106.277
98.9217
101.023
100.498
101.994
102.025
101.409
100.419
113.27
106.958
104.78
107.667
112.036
107.948
108.617
130.55
109.409
110.172
118.074
105.964
109.474
109.669
107.134
110.054
106.761
114.164
108.814
107.994
106.613
104.04
110.612
107.731
119.555
107.836
108.7
108.156
99.1606
99.2944
99.1575
100.359
100.114
101.261
103.542
100.856
99.0477
98.4041
98.8065
99.5602
100.391
98.6926
100.158
116.108
117.494
95.6893
103.694
123.875
136.857
100.846
100.981
103.194
104.779
103.146
100.779
101.288
101.584
96.7323
105.504
107.732
98.6535
101.694
96.9772
99.2948
100.035
100.003
97.8715
110.04
111.21
97.8808
99.6642
100.453
100.43
111.223
97.9742
97.887
111.062
91.2095
119.137
110.71
97.6115
101.431
97.2688
93.1988
105.345
102.388
101.419
106.428
101.646
103.69
105.658
118.795
115.269
103.476
115.528
110.467
109.16
103.678
103.992
111.553
110.214
106.887
105.447
111.994
110.805
99.0578
98.7184
98.6246
99.4654
99.5247
99.4097
103.288
105.506
106.125
99.9353
102.818
124.059
106.098
97.8579
101.77
105.519
106.771
131.504
99.0774
129.962
103.553
93.1825
94.321
93.0801
94.4309
93.1823
94.3208
93.08
96.3618
96.8713
95.7104
96.1388
96.3651
96.8684
95.7101
96.3635
96.139
96.8699
95.7112
96.8665
95.7104
96.3664
93.1729
94.3236
93.0684
94.4319
93.1825
94.3213
93.0808
93.1821
94.3207
93.0804
94.431
93.1722
94.3231
93.0677
96.3828
96.1354
96.8707
95.715
96.8683
95.7156
96.372
96.3918
96.8714
95.7171
96.1369
96.3713
96.8683
95.7177
93.0768
94.4592
93.1604
94.3163
93.0765
94.4582
93.1608
103.117
102.033
118.939
103.629
103.76
97.9432
118.354
96.6844
95.9416
96.7097
95.9655
96.6837
95.9417
96.7023
96.6875
95.9654
95.9449
96.7098
95.9428
96.7035
96.6923
93.0762
94.4587
93.1605
94.3161
93.0662
94.4612
93.1479
100.27
100.399
116.397
104.946
112.89
102.195
99.7715
96.7285
95.9501
96.7285
95.973
96.7066
95.95
96.752
93.0671
94.4622
93.1489
94.3169
93.0769
94.4598
93.161
96.7048
95.9726
95.9454
96.7306
95.9453
96.7491
96.6912
96.4042
96.8645
95.7084
96.1379
96.8664
95.7202
96.4196
96.4144
96.1391
96.8646
95.7103
96.8667
95.7221
96.4182
96.7366
95.9757
95.9403
96.7378
95.9523
96.7545
96.7221
96.719
95.9392
96.739
95.9761
95.9495
96.7505
96.7285
102.165
102.577
102.267
105.575
99.7322
102.065
107.363
106.32
101.687
108.458
101.21
99.8304
100.11
109.222
99.4433
98.975
98.8703
97.9266
98.0171
97.494
97.45
99.7349
112.291
112.955
91.1834
101.819
101.858
92.8321
100.38
101.63
102.37
101.182
100.111
99.7292
101.301
104.046
100.407
104.948
102.241
101.011
96.8742
98.3063
99.1275
99.5817
104.32
99.5906
102.028
99.1502
98.9896
106.124
96.7768
102.962
98.1065
99.6022
101.132
102.862
102.811
103.601
117.83
117.584
128.151
118.646
108.082
105.221
99.2688
97.0996
103.735
97.1594
102.851
101.498
105.983
102.922
102.899
128.1
108.605
117.233
100.804
106.441
95.326
111.1
105.524
108.716
101.484
108.836
102.014
106.19
103.412
127.507
101.362
101.145
107.751
95.3177
104.13
104.359
107.058
106.575
107.35
109.436
100.338
101.276
97.6386
99.5413
99.883
99.8619
97.9001
101.749
106.391
106.527
100.768
106.046
106.797
106.59
108.345
98.8981
103.524
79.758
102.551
77.7031
110.102
94.0844
79.8223
84.4173
96.3716
96.2178
96.2307
101.805
96.8987
96.7554
96.9033
96.3197
96.2549
96.3156
96.2496
96.7348
96.9164
96.9118
96.3238
96.2382
96.2436
96.326
106.453
95.2171
95.1723
86.7279
88.6479
97.0624
97.0088
96.9183
96.7293
96.9222
96.3253
96.2399
96.3291
96.2402
107.861
110.137
106.535
99.6783
116.159
97.8976
107.153
100.643
95.4623
96.3208
99.0795
102.835
104.133
104.165
96.0263
104.779
96.5564
105.119
179.676
106.654
94.8459
96.8025
96.902
96.9147
96.3129
96.2611
96.2589
96.3156
96.7488
96.9151
96.9207
96.3267
96.2388
96.247
96.3136
104.1
110.181
101.211
152.657
105.861
146.603
109.105
76.6213
164.862
108.406
115.968
162.132
78.1242
107.834
96.9246
96.7906
96.9225
96.3175
96.2439
96.2593
96.3076
95.8209
95.5079
95.5055
95.1143
95.3019
95.3039
95.1133
95.5208
95.81
95.5127
95.1148
95.302
95.1143
95.302
96.3881
95.817
96.2508
95.6578
96.3884
95.8175
96.2554
95.5143
95.8119
95.5195
95.1124
95.3035
95.1143
95.3001
96.796
195.459
123.415
190.768
147.938
107.375
144.093
96.4032
95.6579
95.8205
96.2509
95.8196
96.258
96.3932
96.3891
95.6583
95.8179
96.2548
95.8176
96.2599
96.3894
96.3982
95.8211
96.2492
95.6595
96.3916
95.8205
96.2625
96.4187
95.8124
96.2785
95.662
95.8237
96.2706
96.4336
96.4862
96.4938
95.7616
95.7686
96.4932
96.4802
95.7624
96.4844
95.7683
96.4834
95.7608
96.4765
95.7616
96.4855
95.8087
95.5238
95.521
95.1142
95.2916
95.3016
95.1073
96.4143
95.6629
95.8124
96.2746
95.8241
96.2761
96.4335
95.5356
95.8228
95.529
95.1161
95.2951
95.3036
95.1098
95.8199
95.5245
95.5253
95.1139
95.3026
95.3011
95.1158
96.4838
95.7679
96.489
95.7645
96.4768
95.7637
96.4888
96.4881
96.4847
95.7638
95.7689
96.4822
96.4881
95.7634
96.5035
96.5173
95.7567
95.7708
96.493
95.7674
96.5296
96.5085
95.7716
96.5107
95.756
96.5007
95.7668
96.5265
99.4135
99.7947
99.7496
99.0377
99.7379
98.9726
99.583
98.8014
107.782
100.219
100.139
101.085
100.821
105.987
101.103
98.7532
97.8331
99.6683
97.7899
99.2791
101.117
104.3
123.903
109.491
104.951
104.392
101.568
105.273
98.8698
104.594
103.064
105.878
101.048
107.311
109.122
122.235
100.984
108.732
96.3311
112.389
110.747
104.231
110.41
80.6367
104.086
105.682
98.7419
104.852
77.6004
94.8319
108.054
108.04
101.192
102.881
100.286
99.3743
96.0227
111.025
112.034
112.083
101.56
99.8732
117.734
102.174
103.083
103.02
103.032
101.877
101.959
101.726
102.125
107.336
102.791
100.238
98.2251
98.9281
100.255
96.829
99.3784
103.485
101.728
100.447
103.982
102.001
99.3962
104.61
103.05
102.384
103.045
101.817
104.384
99.4745
98.8124
98.957
102.489
105.565
97.5975
97.6398
108.291
106.41
103.473
100.811
101.978
108.682
99.8263
96.6849
92.3037
92.5584
101.437
96.8025
101.767
101.637
112.191
109.04
99.6697
109.014
96.1458
95.3487
108.785
98.5491
98.0354
97.5613
96.8426
96.8204
99.3831
99.2305
91.7046
92.4064
103.175
99.3284
99.6059
118.974
130.407
116.501
107.597
104.653
107.193
111.46
106.229
106.442
105.14
103.968
101.749
102.46
109.988
103.888
101.996
95.708
110.307
98.7826
111.431
119.084
113.029
96.0433
92.2909
100.228
108.457
104.551
99.1349
99.9945
102.574
113.471
103.338
112.028
108.361
112.457
104.983
112.085
112.395
109.455
111.767
102.667
113.815
113.852
102.367
108.138
105.288
112.663
110.855
106.563
106.174
103.031
72.7115
110.792
95.9403
118.939
158.609
109.334
117.763
93.2909
130.164
132.994
102.353
113.152
121.501
105.26
95.2973
110.353
93.0699
110.34
115.43
79.6601
97.5847
113.797
102.866
106.318
69.7234
107.551
101.963
64.9636
95.0111
108.517
95.0667
122.751
95.5013
90.8482
96.7382
111.525
108.387
113.655
106.561
112.24
105.315
107.615
99.4233
99.6574
100.087
103.107
99.9919
100.833
104.933
96.3301
95.5584
96.3553
101.5
101.34
105.608
104.879
105.919
95.9296
112.754
102.355
97.518
97.5559
98.3594
108.109
102.558
102.691
112.336
102.251
104.036
102.783
100.602
142.107
117.318
144.38
132.265
100.316
144.359
95.3176
109.566
113.352
107.231
94.6987
111.411
114.271
102.637
109.041
130.873
107.317
101.496
108.951
110.702
92.6947
94.1981
92.9307
93.9466
92.6951
94.1981
92.9316
96.2426
95.5467
96.3883
95.6672
96.2463
95.5476
96.4212
83.049
181.768
122.698
91.0521
132.735
194.848
133.964
107.956
197.643
129.511
88.0276
82.9522
140.119
65.8776
96.2423
95.667
95.5463
96.4081
95.5473
96.4394
96.2448
103.713
128.866
103.671
98.5748
163.077
101.456
168.547
94.931
110.544
110.161
106.519
92.9606
106.003
118.21
92.6954
94.1987
92.9318
93.9482
92.6856
94.2011
92.9202
96.2496
95.548
96.392
95.6671
96.2474
95.5453
96.4246
91.4975
103.837
103.489
216.274
102.469
112.194
169.312
92.6845
94.2
92.9192
93.9468
92.6946
94.198
92.9308
96.2517
95.6668
95.5485
96.4021
95.5458
96.4348
96.2497
112.254
315.887
180.676
232.254
596.239
28.4538
151.721
102.634
117.47
94.4337
111.566
94.6841
111.558
101.783
108.587
110.931
105.268
113.59
111.089
113.435
127.054
107.601
121.32
119.693
114.557
126.517
107.694
142.793
92.9832
94.1152
92.8245
94.2325
92.9837
94.115
92.8241
96.0903
95.6964
96.2845
95.5159
96.2515
95.517
96.091
92.9723
94.1185
92.8133
94.2347
92.9833
94.1157
92.8254
98.9795
94.0181
94.6607
102.373
96.0048
95.9139
103.36
96.0972
95.694
96.2931
95.5185
96.2554
95.5161
96.095
96.09
96.301
95.5164
95.6969
96.0925
96.2624
95.5173
102.757
82.5047
102.831
93.1477
167.331
168.566
91.9103
110.629
95.5149
111.274
91.7464
93.1971
112.628
115.4
92.9834
94.115
92.8246
94.2348
92.9713
94.1175
92.8123
96.2549
95.5364
96.4287
95.6714
95.548
96.4425
96.2547
96.2538
95.6702
95.5363
96.4276
95.5477
96.4445
96.2542
96.096
96.2923
95.5179
95.6941
96.0921
96.2668
95.5152
112.187
105.005
106.641
121.78
111.488
114.756
118.229
115.339
103.53
100.739
101.937
112.392
101.29
105.891
112.6
105.431
108.69
109.287
90.9446
92.8934
110.479
102.146
101.154
101.464
101.513
101.391
101.629
101.581
95.9812
100.518
96.664
113.87
98.1054
96.1846
99.5266
96.1024
96.2945
95.5079
95.6954
96.2615
95.5191
96.1053
96.1016
95.6956
96.2919
95.5069
96.2691
95.5182
96.1035
100.69
100.581
99.6213
100.52
99.6675
103.644
102.917
112.223
95.3236
133.47
95.7174
94.1655
109.864
96.8414
105.233
92.2088
91.1914
100.612
105.065
99.5054
129.096
106.831
105.455
97.4686
124.945
105.761
123.084
106.624
118.865
98.199
104.854
116.146
108.689
99.8031
100.667
111.583
107.882
112.529
105.495
105.147
106.058
105.947
102.786
102.665
103.53
102.992
105.563
102.433
102.177
119.32
98.2633
123.188
78.3523
87.5879
71.6868
79.6459
102.693
103.722
107.392
109.472
93.9007
102.488
100.187
116.174
99.4455
115.571
103.063
90.4019
93.6274
101.982
99.7935
110.145
98.9252
94.1563
108.003
98.5598
99.7625
111.506
112.93
113.786
110.541
112.379
112.374
113.774
132.482
110.379
111.127
224.546
216.973
55.686
56.5631
103.22
99.5905
110.568
114.547
101.472
98.3125
108.669
90.4016
112.66
90.7218
91.9733
91.1867
93.0748
92.9044
98.143
99.6766
98.1866
100.835
99.0403
98.7664
100.631
110.717
94.3806
104.19
101.135
106.227
101.072
118.096
99.6951
98.5568
97.7888
99.091
101.868
101.143
99.0007
94.1981
134.779
248.809
194.792
134.769
68.1226
109.069
101.434
115.522
115.67
121.763
122.665
100.424
102.962
127.803
101.031
66.0074
114.203
111.065
110.957
113.809
88.644
92.137
91.461
115.441
88.0501
94.5865
90.6692
94.2529
99.8101
95.4061
105.505
96.1877
104.303
96.6896
95.9055
100.607
96.8659
101.185
95.7435
95.8072
99.8631
99.8933
101.259
100.341
103.191
101.407
103.35
102.263
99.9202
103.126
101.329
101.386
100.045
98.9008
97.2292
95.6358
100.142
92.0713
95.9805
99.0008
99.3423
95.7664
108.466
95.6973
94.6988
103.742
104.057
105.556
103.995
100.226
115.752
109.247
108.408
114.56
116.364
110.533
111.444
118.97
142.675
90.0871
113.513
136.606
136.486
104.341
107.073
107.221
108.374
103.502
102.942
108.737
99.8366
134.786
98.5533
100.111
99.438
100.398
97.703
115.483
91.2412
120.774
77.5395
71.9524
78.7611
76.1154
123.827
180.895
306.81
234.471
195.39
121.614
221.012
97.988
100.875
109.873
107.807
110.56
102.417
99.086
111.747
96.6959
112.693
91.956
136.738
97.2166
92.9324
109.078
114.335
97.3104
101.018
101.301
108.802
82.6452
111.981
96.3349
112.02
99.1171
92.937
93.2476
112.854
101.792
141.081
121.139
117.11
102.44
102.134
120.99
101.666
162.393
114.227
102.253
96.4745
108.765
114.041
92.3017
111.825
89.5968
75.2915
71.6502
74.249
75.2426
89.5166
141.877
94.6759
93.4004
88.6413
140.183
94.1024
92.0381
100.882
109.671
83.8647
109.462
83.7741
89.8352
102.09
69.3299
67.27
109.87
115.765
114.963
109.268
100.385
100.422
100.021
105.761
99.1435
102.598
101.241
81.1685
176.988
177.305
103.642
103.304
-44.3647
-59.1705
102.542
107.248
96.3306
111.714
116.013
114.498
127.831
118.731
103.647
117.792
112.738
119.547
119.873
121.878
102.594
121.81
120.747
106.05
125.145
106.88
119.205
111.588
114.258
103.652
82.8765
91.8152
91.8621
91.8769
114.433
132.488
101.673
96.177
104.107
105.049
97.9194
102.427
114.91
88.8979
110.218
110.561
107.147
90.1384
102.019
134.849
147.029
102.314
118.957
119.259
102.9
112.683
103.704
97.2017
108.804
108.102
94.6687
98.4959
106.168
102.351
105.263
112.431
105.995
89.9232
112.155
103.927
99.0927
98.0592
103.295
109.325
96.5096
95.3654
102.416
97.9592
112.434
123.909
94.8207
111.375
102.768
105.161
117.568
119.075
99.2312
117.776
102.619
110.647
128.754
99.7193
125.451
98.8229
132.405
100.641
130.491
96.4142
113.563
115.481
93.2883
108.478
106.264
93.4194
109.061
108.737
107.499
107.545
108.391
115.343
111.237
84.8226
92.0349
79.7646
95.5672
87.0986
90.319
88.9092
89.5174
93.5276
94.0516
112.393
96.7138
93.7842
91.3785
100.103
100.352
102.801
101.74
100.856
99.498
101.341
100.573
170.394
92.5495
101.617
102.271
136.368
88.9621
98.5305
101.528
132.618
87.1502
134.958
86.8203
94.4391
99.8264
109.113
100.934
102.618
100.962
105.013
109.98
117.416
117.121
123.21
211.931
212.991
54.9446
35.8447
108.229
112.141
112.886
75.954
115.919
112.718
108.171
102.634
98.7025
94.5375
102.163
98.1247
100.26
104.924
100.198
94.1247
99.6702
112.409
99.4872
115.03
99.1972
96.5052
98.9741
97.163
107.775
101.733
107.799
97.4272
100.715
102.768
103.53
103.335
103.182
101.627
101.262
99.1143
124.404
104.862
128.792
104.754
128.751
122.808
162.147
107.089
161.048
87.4676
79.3632
107.931
103.664
104.382
107.594
109.062
100.075
105.239
108.013
112.518
111.816
114.169
112.457
111.535
111.568
111.643
111.499
103.302
108.503
102.975
101.57
105.596
113.003
103.276
94.3415
109.652
101.247
99.7032
93.9672
110.663
101.73
89.6388
94.5221
141.045
92.0418
141.062
96.5129
90.4854
126.6
110.21
107.52
109.496
110.327
124.33
126.689
127.588
133.844
130.5
119.303
112.282
121.183
119.805
108.399
107.752
108.285
110.101
109.312
106.281
106.277
107.468
104.871
105.94
97.7994
109.425
106.412
106.873
100.409
134.946
104.43
103.429
103.734
95.1998
93.9401
100.802
108.584
105.304
105.987
101.178
99.5362
99.0365
100.52
98.9513
100.498
101.213
100.701
98.6833
100.205
105.351
120.277
99.8315
99.323
108.639
105.751
120.055
96.3346
112.493
96.3509
153.224
87.9022
140.628
109.291
130.227
107.339
109.76
113.954
109.47
135.149
129.055
107.058
108.685
109.205
111.264
112.84
107.023
107.463
101.084
99.4083
103.255
105.342
103.041
113.104
110.602
99.5693
105.799
120.677
108.516
105.57
120.619
100.177
99.3631
98.9756
99.1505
101.799
99.3772
107.327
99.5914
99.02
98.9715
97.5871
108.495
111.409
130.291
109.035
109.144
108.505
94.0093
143.035
128.2
95.9379
96.8969
107.762
95.1394
94.9883
121.307
126.486
96.3984
95.438
115.425
109.06
110.01
112.096
108.597
110.384
117.334
111.496
109.359
108.956
113.199
113.002
107.114
107.234
112.234
111.348
105.585
134.473
111.619
135.025
108.185
110.223
107.592
109.983
109.632
109.489
107.283
108.591
94.6513
103.396
107.294
107.734
100.067
111.342
100.208
113.347
94.1857
121.212
142.101
113.728
93.1762
227.552
105.694
89.3883
102.04
102.037
104.202
87.0608
102.483
101.161
94.9432
95.5759
99.847
109.965
100.999
99.8458
109.098
110.476
110.079
106.318
111.334
111.577
106.233
107.035
107.789
106.669
113.38
113.707
107.59
106.515
99.7536
95.9099
100.946
98.8043
99.4417
102.68
102.192
111.572
103.997
106.037
102.29
110.01
103.623
108.687
104.726
110.237
109.225
106.479
104.829
110.767
110.595
101.301
103.54
81.2195
104.406
84.385
103.563
100.843
98.6616
109.402
107.721
107.927
100.115
100.373
108.197
98.5556
113.907
98.4596
110.816
104.079
106.486
106.952
102.756
105.064
104.04
102.456
103.366
102.727
101.277
107.069
107.203
107.41
110.578
110.547
110.195
110.213
103.558
108.563
109.407
104.748
103.248
108.674
115.013
111.204
98.9409
112.454
105.681
111.726
105.368
104.345
107.792
129.372
95.3581
101.18
95.586
104.381
109.416
89.7558
121.274
92.1358
89.1406
89.628
106.384
111.346
119.61
92.3904
92.3455
88.7295
88.9724
106.231
106.014
116.069
100.487
98.4059
95.4345
111.276
113.121
98.6453
110.123
114.618
104.286
74.8407
102.922
131.488
102.004
105.384
106.867
113.779
109.833
110.501
110.102
112.913
114.735
112.557
114.579
111.287
111.35
132.787
117.979
93.7833
115.769
89.6713
112.186
98.0804
117.066
93.651
106.792
116.241
119.499
111.145
109.047
111.316
127.39
104.446
104.751
104.838
96.9857
126.882
101.823
104.649
91.2001
104.118
93.0605
98.4179
92.2599
97.2417
97.6646
103.484
84.3848
59.8816
103.656
103.117
82.9649
60.1281
109.839
102.69
109.434
125.556
108.04
101.246
107.847
112.917
101.301
103.724
104.597
103.456
105.681
112.495
104.591
112.31
108.822
104.715
108.063
108.404
104.687
101.81
105.106
113.511
105.95
104.118
104.466
119.884
106.245
103.662
104.245
98.0233
100.292
100.672
101.192
97.2932
104.398
111.285
104.595
103.939
92.1757
91.8406
103.296
104.585
104.233
97.803
101.257
101.247
115.885
103.548
108.757
98.8644
118.14
104.464
104.373
114.713
144.221
86.7566
84.8869
85.9865
82.5995
122.957
91.1531
68.0647
104.696
111.574
138.135
105.978
132.915
163.184
150.799
104.587
100.316
108.887
173.143
125.79
136.383
176.626
134.631
189.795
109.459
133.788
133.639
161.166
123.269
116.782
87.2772
117.661
107.378
111.829
107.84
105.682
99.8701
101.335
134.278
128.919
105.454
142.778
98.5099
103.28
100.956
105.026
100.37
103.445
100.267
90.5278
108.782
122.174
56.3053
69.8205
88.0999
108.733
108.329
105.775
110.498
111.913
109.241
114.059
101.979
97.0095
97.9762
111.363
91.3716
99.2099
93.7545
89.3192
109.192
107.723
108.017
109.631
111.167
116.828
111.894
113.139
119.248
129.729
112.056
116.552
96.0378
113.532
100.044
97.6775
97.5803
116.355
111.148
114.931
126.434
116.992
106.88
108.906
123.562
114.615
105
104.258
113.073
114.858
104.499
108.522
108.58
110.063
108.081
104.819
110.629
88.264
109.868
121.208
115.556
110.101
110.078
107.758
103.513
112.836
103.45
105.749
101.443
138.963
92.7745
130.763
95.1763
92.929
95.002
137.562
97.9627
106.515
104.139
97.7505
99.1637
98.8464
99.2052
129.466
117.705
127.087
108.625
90.2728
116.926
91.189
110.946
77.9547
106.43
118.512
94.571
94.1708
116.086
110.333
105.804
109.246
106.085
108.358
109.532
108.237
115.592
91.4096
81.956
107.229
107.163
115.143
131.75
138.883
109.281
125.266
138.511
106.378
127.512
100.761
79.1673
111.262
79.3424
94.5873
126.079
91.44
124.002
98.2173
105.909
106.655
122.061
123.745
102.091
131.788
112.429
111.346
115.376
113.253
114.938
113.828
112.095
103.184
103.018
115.998
104.695
102.733
100.719
110.379
96.855
99.1441
109.945
118.977
100.384
111.509
97.4889
130.458
113.409
92.1106
130.763
103.697
129.488
111.612
108.717
214.461
210.128
111.321
152.981
375.705
165.881
96.1967
99.0528
94.0548
96.656
142.827
136.118
96.3559
116.068
134.577
127.425
125.803
107.282
91.416
95.4847
112.633
80.7191
81.279
102.366
87.9691
119.477
122.378
102.844
113.156
102.158
131.017
158.526
117.032
128.175
116.64
139.034
107.664
104.98
115.787
108.816
140.462
107.933
105.449
119.509
99.6088
109.156
106.235
111.343
92.703
101.789
108.859
98.1443
100.2
93.8794
100.773
97.7726
99.2116
111.764
133.868
97.269
99.5711
117.132
100.02
92.9685
95.2409
109.309
100.814
100.094
107.958
96.1161
112.972
102.033
118.081
96.1016
104.834
93.3109
103.717
92.7139
116.613
101.795
97.7394
99.1856
100.432
113.76
123.439
118.962
116.591
104.937
102.276
115.355
97.9921
104.589
98.0457
114.575
116.163
111.517
114.244
114.516
110.715
111.529
113.362
110.645
108.862
113.147
109.12
127.186
125.523
125.845
117.735
122.321
128.224
103.733
101.973
100.969
120.753
117.597
113.926
113.411
100.526
108.959
102.242
102.009
84.9682
99.4179
87.6047
108.001
102.822
104.618
107.15
112.196
88.4423
91.5305
113.058
103.497
114.164
101.491
112.924
105.147
107.992
113.619
134.693
120.886
107.896
97.2945
134.006
90.7575
109.469
95.038
95.609
108.304
107.9
102.094
110.709
101.953
103.111
99.4242
102.119
99.2516
102.567
99.7506
96.6655
96.3807
102.268
104.99
98.9394
104.482
103.621
93.2968
103.958
95.8096
89.7219
90.5441
93.8227
92.8466
106.799
102.863
94.8276
103.836
117.693
109.122
106.305
129.298
110.477
116.465
127.062
128.417
119.747
123.068
103.349
103.775
112.705
110.228
97.7268
111.084
118.413
103.705
96.6665
105.45
77.5288
103.5
104.636
92.2092
100.878
101.688
98.6506
117.194
101.29
98.1122
118.634
148.425
86.5754
95.9964
94.1084
131.998
147.724
91.2763
113.95
88.4677
104.078
103.656
114.719
98.8092
88.1937
108.366
105.64
91.3594
107.952
94.2561
94.8013
111.539
75.7744
102.002
102.588
102.338
93.207
92.0354
104.361
103.278
112.971
99.4836
112.54
104.096
106.403
114.04
114.307
108.043
92.1274
98.1238
111.567
109.854
96.7161
105.154
108.29
100.291
106.391
104.396
132.688
105.679
101.816
99.4112
109.991
111.654
100.661
97.6837
109.763
112.955
103.448
61.3998
80.6733
109.229
103.068
61.7979
105.174
114.314
120.206
109.105
94.9613
123.247
101.276
100.787
124.91
97.6212
92.7296
121.66
98.7707
132.964
109.536
104.482
98.1366
110.057
98.4284
135.807
101.262
76.359
232.444
63.0425
140.112
105.85
123.138
173.945
106.384
107.927
112.286
106.34
108.949
105.754
106.067
133.687
104.999
93.5103
109.054
105.241
105.053
92.69
107.641
119.335
115.977
109.96
114.755
104.369
116.271
106.309
109.84
90.9669
89.2645
103.776
102.127
106.98
103.477
118.652
95.26
100.791
103.052
88.5856
134.369
113.286
106.087
117.108
133.022
105.682
103.469
131.253
154.717
113.543
141.618
123.856
112.243
120.789
133.607
108.118
131.717
117.165
107.335
135.022
120.849
105.528
95.4205
122.604
113.012
93.9222
97.3208
122.036
109.529
124.212
99.3812
113.194
123.841
102.808
114.243
136.143
111.343
114.146
111.67
115.519
127.273
143.639
113.754
104.809
102.272
104.727
104.762
105.084
101.928
104.63
101.698
108.576
133.686
109.721
104.134
106.754
119.729
110.535
112.135
111.356
112.422
124.123
109.661
111.38
98.9925
111.997
99.1458
97.4375
99.5771
99.7643
106.759
112.7
101.943
104.734
106.089
108.337
102.139
104.315
120.4
99.6123
107.146
98.3705
115.735
99.3353
101.185
122.786
96.4897
126.502
98.9111
144.013
103.518
113.544
115.314
104.082
126.91
120.064
130.987
111.84
108.993
78.1544
122.45
117.669
133.188
113.484
130.602
82.1307
112.072
118.773
111.409
113.677
114.346
117.771
117.866
126.078
110.972
110.858
121.486
116.524
132.352
118.544
224.656
83.196
168.263
115.077
101.9
-82.0949
-51.7555
218.345
159.617
157.73
109.924
123.869
42.6779
13.6161
288.872
164.539
669.921
109.785
282.418
176.668
5.59202
108.898
107.338
111.15
112.699
106.702
116.427
109.759
117.733
107.43
112.929
105.473
110.695
110.965
117.827
108.441
108.761
116.316
101.946
130.329
133.239
101.495
101.087
125.276
122.286
113.885
144.121
118.015
112.465
95.3166
117.434
136.956
135.581
111.365
95.9278
113.773
121.342
113.295
117.486
118.454
105.628
117.069
111.043
103.187
102.244
107.732
113.945
89.4639
121.684
151.073
124.772
99.1535
132.01
125.386
102.321
123.11
100.645
114.87
117.343
108.123
116.477
104.262
108.351
111.003
98.5531
161.57
150.018
114.952
118.847
100.28
111.733
115.141
116.202
114.995
108.976
109.519
107.969
105.35
117.422
116.948
115.192
111.418
99.4861
100.855
100.052
101.867
110.799
108.527
116.151
108.069
122.468
107.914
100.949
109.923
94.741
102.355
105.795
110.827
97.4539
103.935
99.3574
129.122
121.608
92.2753
105.09
93.1707
107.285
108.6
117.713
117.521
101.247
115.287
108.116
101.806
111.522
110.505
93.3807
109.924
93.2872
101.838
100.377
98.1795
100.912
95.0913
146.065
93.5782
120.173
102.705
286.349
99.5738
101.368
137.895
85.8933
342.537
359.768
111.188
71.4397
120.75
123.866
162.452
97.545
116.622
78.7382
106.052
93.9278
111.677
90.4112
74.5239
158.312
153.617
147.962
109.783
108.068
4.63289
32.1543
111.797
107.816
110.32
123.836
106.057
107.026
100.795
369.313
143.349
54.3492
129.605
72.2859
316.737
243.084
108.029
118.244
111.126
100.722
108.065
136.076
110.881
97.6322
114.155
112.925
99.4694
121.095
100.124
96.4869
96.4503
104.836
105.69
96.7885
101.212
99.6253
103.535
122.158
146.358
121.783
142.003
111.202
112.6
146.831
118.042
116.616
117.972
113.844
104.263
110.528
116.47
102.326
111.752
93.5479
109.749
109.523
97.7394
95.5642
131.176
110.142
73.4431
165.532
107.079
138.826
248.736
96.3477
83.9365
105.978
84.0912
103.026
105.885
98.6792
127.737
159.719
97.458
126.778
121.887
128.971
167.83
118.512
123.036
105.398
117.621
128.114
132.012
104.905
108.275
108.757
111.888
101.151
109.275
107.544
111.356
116.834
102.155
103.975
88.9816
145.786
93.0574
104.577
164.781
120.155
114.762
140.199
119.484
134.315
109.234
-30.9265
181.729
246.005
105.175
282.219
236.716
135.95
96.2998
196.374
103.97
112.207
117.392
141.378
103.888
113.06
81.9462
87.6082
189.771
218.448
137.043
116.948
83.3704
87.9561
88.0103
86.7712
76.4035
87.5474
105.933
86.0543
99.876
94.8567
120.165
139.694
90.1802
101.447
97.9233
104.701
105.381
104.479
104.739
105.489
99.8466
113.818
101.202
110.084
110.397
112.499
114.632
116.562
108.179
109.339
110.769
104.383
109.266
104.382
112.34
114.917
85.3822
118.638
117.967
130.751
114.035
99.5735
106.648
98.352
88.2616
71.1678
91.6033
100.876
107.66
102.364
16.3911
78.0379
86.8382
90.4043
237.332
20.1634
209.358
53.017
61.8288
67.2377
109.016
116.266
43.5975
169.25
95.5011
178.718
68.0169
166.061
91.9106
75.0659
45.757
90.426
87.9692
195.251
-33.2001
190.078
22.848
181.007
106.94
82.5904
123.115
105.49
102.203
241.597
127.465
198.236
119.02
142.734
135.898
116.59
99.1957
)
;

boundaryField
{
    inlet
    {
        type            fixedFluxPressure;
        gradient        nonuniform List<scalar> 
168
(
176.171
2395.32
-12557.3
207.153
-3206.72
4488.13
-9030.38
-320.408
-137.402
-1322.67
-133.725
-30309.8
-11480.8
-1515.24
-1875.5
-2022.97
4810.55
7341.31
-6.38564
-29.8457
-159.699
-2202.5
-73529.9
-26315.2
14428.6
-2497.32
-33305.4
-16075.2
-659.844
124.105
-2052.21
46.1722
-5648.39
-100020
22742
-9431.78
-12819.6
-1916.17
-33240.1
-1593.98
-14167.2
3692.29
-706.521
-3279.39
4756.96
-1365.07
-18036.7
45402.5
0
-34.1643
-5971.39
-18547.1
-5996.66
75.2068
30.9585
-1360.07
-5123.81
-43446.9
-95726.6
-37366
-5905.02
-96995.5
-1281.3
-11377.7
-652931
-5834.09
-3.41934
-158.579
43.3837
2571.54
7587.6
-23457.8
-6858.26
10311.4
-44419.4
-27333.1
-475467
-54024.3
7295.8
-3302.31
-403.667
-1531.04
-353.832
-34810.6
21793.5
-11836.5
-1961.16
22333.1
-57418.8
2039.79
648.01
-309.771
-149964
-54751.8
-38497.7
-15469.1
-1217.48
-3706.14
-584.517
4752.34
-1085.77
-71119.6
2689.35
277.952
230.833
-3095.71
-1254.61
66175.2
-256.316
-15641
-1079.13
-7668.89
464.445
-275280
-18506.6
-37621
-322079
2314.99
305.752
0
28251.5
1224.6
-1795.37
121.829
-13614.7
109740
-43.8124
-57.6601
-372.146
-34960.6
805.332
14188.5
41.7779
-20286.9
-56150.6
1206.75
-209.197
-1657.44
-6726.41
8547.21
-26660.7
-125051
-12089.9
23342.1
4485.34
2230.05
717.65
3892.6
-63663.5
19.2125
0
-2204.33
-286.854
-71877.9
-2351.78
-364.711
-104522
-16265.3
3072.26
-6085.93
305.424
6415.43
0.152611
-974650
-1.28514e+06
0
-36980.5
76619.4
)
;
        value           nonuniform List<scalar> 
168
(
105.239
93.0547
111.326
94.4901
97.6618
107.504
97.9618
102.284
100.77
97.3554
104.582
82.4253
111.216
99.8387
96.4135
103.406
121.417
111.005
100.68
99.8689
104.534
111.625
81.3263
92.4826
88.2277
100.895
84.5989
91.7918
99.8234
101.131
97.9802
71.1624
80.1382
63.5337
-23.2707
72.7119
109.117
108.201
98.6447
106.767
90.8109
107.032
94.8605
87.0385
96.7934
75.2713
103.697
134.849
100.075
107.979
101.621
83.0169
107.004
108.578
104.779
107.313
103.438
53.1116
83.6125
95.93
95.4642
49.1471
92.4197
62.3736
-163.414
103.06
91.3699
89.2399
97.9979
111.154
119.351
98.8973
105.975
110.906
85.5421
124.841
-137.069
82.2577
111.993
97.4153
102.615
103.449
108.462
104.212
124.262
107.226
113.535
120.291
99.5025
126.865
97.6186
90.6026
59.6917
99.6788
103.811
102.74
109.01
107.377
103.19
79.9059
91.6661
61.0975
94.552
92.1745
75.8898
86.9195
87.5661
147.821
108.848
107.601
113.235
89.6749
92.9224
-4.00829
105.497
97.4527
-41.7466
119.81
88.7385
95.26
120.219
131.865
132.124
108.179
114.039
189.906
93.8784
121.978
122.232
106.354
114.646
120.29
114.166
103.606
87.4362
105.969
101.719
100.614
102.992
115.304
81.906
61.5717
105.333
123.809
110.576
104.37
102.661
100.858
71.6736
96.4993
107.338
108.656
112.556
81.4858
112.596
111.182
78.0547
125.103
110.297
96.3132
93.3234
95.4839
101.368
-144.987
-356.481
-30.9265
218.218
320.539
)
;
    }
    outlet
    {
        type            fixedValue;
        value           uniform 0;
    }
    lowerWall
    {
        type            fixedFluxPressure;
        gradient        uniform 0;
        value           nonuniform List<scalar> 
1001
(
104.886
90.6586
117.607
94.2828
100.87
103.014
106.995
102.925
101.044
100.002
101.294
101.343
102.975
93.4463
100.502
104.493
117.873
101.145
98.5698
100.303
102.374
107.042
107.239
106.676
116.372
99.7965
107.025
100.93
99.0233
97.0042
107.487
94.9316
123.282
108.429
108.614
101.412
99.0071
100.206
100.541
101.234
95.4675
129.949
121.385
106.205
104.987
96.1776
99.6102
101.363
99.6195
99.6134
100.702
99.8369
98.8994
105.295
102.661
100.57
100.102
99.0856
99.8857
99.3365
96.4082
95.5681
96.1571
98.4624
99.7653
99.3037
99.4958
98.2097
96.7836
96.5794
92.7625
92.5756
92.889
93.946
94.3166
94.4318
94.2364
93.2562
93.0624
92.9484
90.3336
90.2685
90.4517
90.5188
90.6839
90.7058
90.6192
90.6566
90.5394
90.4524
87.8672
87.8518
87.9379
88.0627
88.1604
88.1865
88.109
88.0667
88.0022
87.9268
85.3942
85.3971
85.4548
85.5135
85.5655
85.5815
85.5572
85.5235
85.4827
85.4336
82.9156
82.9188
82.9442
83.0076
83.02
83.0321
83.0228
82.9991
82.9782
82.9345
80.4424
80.4664
80.4688
80.4941
80.5166
80.5247
80.5363
80.5211
80.4971
80.4492
78.001
78.0138
78.0214
78.0282
78.0385
78.0484
78.0592
78.0492
78.0304
78.0099
75.5669
75.5702
75.5806
75.591
75.6079
75.6187
75.6142
75.59
75.5899
75.5765
73.157
73.1665
73.1588
73.1705
73.1849
73.195
73.1944
73.1939
73.1858
73.1634
70.7621
70.7634
70.7777
70.7823
70.7991
70.8098
70.8092
70.7993
70.772
70.7657
68.3979
68.4139
68.4337
68.4296
68.424
68.4295
68.438
68.4261
68.405
68.4006
66.0541
66.0779
66.0933
66.0732
66.0554
66.0522
66.0572
66.0726
66.0581
66.0535
63.7338
63.739
63.7378
63.741
63.7449
63.7348
63.7259
63.72
63.7259
63.7304
61.4208
61.4273
61.4297
61.4374
61.4424
61.4391
61.4278
61.4188
61.4111
61.4128
59.1275
59.1295
59.1332
59.1325
59.1322
59.1295
59.1292
59.1245
59.1187
59.1192
56.8619
56.8545
56.8475
56.8496
56.8559
56.8566
56.8556
56.8528
56.8595
56.8618
54.5901
54.5905
54.5861
54.5873
54.591
54.6015
54.6094
54.6102
54.6072
54.5962
52.3431
52.3306
52.334
52.345
52.3538
52.3599
52.3655
52.363
52.3694
52.3577
50.1127
50.0955
50.091
50.1014
50.1165
50.1294
50.1297
50.1336
50.1336
50.1303
47.8872
47.8777
47.8654
47.8648
47.875
47.8851
47.8921
47.8936
47.8906
47.892
45.6609
45.6632
45.6677
45.6738
45.6697
45.6634
45.6606
45.6583
45.6583
45.6598
43.4524
43.4622
43.4681
43.4651
43.4523
43.4458
43.4468
43.46
43.4532
43.4518
41.2706
41.2723
41.2737
41.2648
41.2574
41.251
41.2594
41.2673
41.2654
41.2676
39.0833
39.0985
39.1029
39.1035
39.0979
39.0915
39.0871
39.0825
39.0706
39.0745
36.9211
36.9354
36.9348
36.9302
36.9221
36.9161
36.9035
36.9005
36.901
36.9075
34.7871
34.7856
34.7663
34.7609
34.7577
34.7503
34.7432
34.7478
34.7659
34.7808
32.6455
32.6399
32.6289
32.6234
32.6216
32.6231
32.6292
32.6363
32.6418
32.6458
30.4972
30.5005
30.5114
30.519
30.5193
30.5224
30.525
30.5235
30.5159
30.5044
28.3817
28.388
28.4036
28.4207
28.4294
28.4308
28.4253
28.4144
28.4037
28.3889
26.3184
26.3138
26.3138
26.3201
26.3301
26.3401
26.3455
26.3449
26.3405
26.3284
24.2906
24.2739
24.2647
24.2609
24.2657
24.2753
24.2892
24.2988
24.3054
24.2999
22.2725
22.25
22.2483
22.2488
22.2533
22.256
22.2576
22.2633
22.2682
22.2712
20.2445
20.2426
20.2448
20.2508
20.2593
20.2601
20.2518
20.2464
20.2451
20.2439
18.2462
18.2515
18.2597
18.264
18.263
18.2574
18.25
18.2456
18.2439
18.2449
16.2928
16.297
16.2918
16.2806
16.2687
16.2547
16.2459
16.2592
16.2659
16.2828
14.3409
14.3491
14.3324
14.3157
14.2955
14.2819
14.2781
14.2914
14.3049
14.3239
12.3627
12.3816
12.3831
12.3699
12.359
12.35
12.3473
12.3523
12.3518
12.3546
10.4119
10.4194
10.4312
10.4366
10.4333
10.4286
10.4241
10.4233
10.4187
10.4127
8.50876
8.49999
8.49835
8.49983
8.50096
8.50535
8.50717
8.50967
8.51051
8.51272
6.60673
6.59846
6.59373
6.59226
6.59917
6.61557
6.62179
6.62065
6.61358
6.61303
4.70141
4.7003
4.70228
4.70875
4.72281
4.74679
4.74674
4.73612
4.72501
4.71215
2.8161
2.81771
2.82097
2.82721
2.83509
2.84478
2.85045
2.84828
2.83756
2.82287
0.941656
0.941583
0.941493
0.936919
0.934784
0.937572
0.946912
0.950606
0.951275
0.942779
100.304
96.5329
97.4597
96.7087
96.399
96.2609
100.313
98.6936
96.5565
102.459
99.9741
99.1022
100.6
99.5579
99.856
101.179
99.1468
99.4512
99.3966
99.2021
99.3075
99.9146
98.7959
99.0507
101.06
97.4018
98.4321
100.286
97.7061
97.4353
110.08
100.109
101.995
113.759
95.4729
99.2328
99.1423
102.293
102.87
106.827
105.342
118.361
101.399
100.468
101.835
102.266
105.01
100.569
100.753
98.6429
99.8963
103.464
97.5226
98.4935
100.615
100.787
99.579
96.2987
100.712
99.9568
100.101
99.1938
100.079
96.0183
97.2611
98.544
100.056
97.535
96.9951
116.72
104.27
100.209
102.43
100.326
100.547
99.4104
99.1538
100.051
99.7295
99.3982
99.5722
100.2
99.3471
99.0824
101.459
99.9195
99.6519
99.5038
99.3146
99.2885
96.0796
94.5025
94.7185
95.8154
94.2504
94.3195
98.1911
95.2312
94.6174
99.9986
95.6612
95.437
99.3281
95.964
95.761
99.1481
95.651
96.127
98.5825
95.6444
95.684
96.8447
95.2547
95.6221
96.4934
94.9701
95.0964
96.6014
94.8662
94.912
98.8657
99.4043
100.291
96.9922
98.68
97.9106
98.8235
98.452
97.1321
97.2341
96.6845
103.394
96.0786
96.6404
97.6655
98.124
97.7304
96.1678
98.5005
98.828
103.674
98.3731
99.208
99.2558
98.1977
98.4103
97.6863
100.736
102.812
112.293
99.5585
99.9667
100.192
99.4551
99.609
99.9357
100.029
100.418
100.613
99.5852
100.232
99.8151
100.237
100.131
99.7634
99.3542
99.7345
99.7287
99.426
98.6499
99.4166
99.6571
99.4984
99.1717
99.3822
99.3471
99.8632
99.3478
99.4329
99.3419
99.4609
99.3585
99.2106
100.103
104.646
98.5371
98.5089
99.9177
99.5597
99.2861
99.6147
98.9227
99.313
99.2561
100.505
97.6145
98.723
98.4382
99.0997
98.9611
98.0204
100.726
99.5522
99.7078
97.3807
98.5628
99.0187
98.821
98.631
97.3869
99.4338
97.0157
96.5922
99.5578
98.7028
98.5963
99.1715
98.6739
98.848
99.1759
97.4529
98.1159
101.267
97.9191
99.4892
100.266
99.3789
100.898
98.176
97.6104
99.4983
98.8965
98.8532
99.4178
98.0957
98.7854
99.3577
96.8155
97.2104
99.1577
97.8436
96.8251
96.7831
96.2778
96.1662
97.4696
96.4403
96.4995
97.0644
96.6758
95.6817
95.4975
100.298
100.08
91.5236
99.5366
99.7994
99.3784
99.3438
100.198
97.6197
109.149
102.084
114.039
95.6124
101.705
100.901
90.5849
103.229
101.465
89.0791
108.362
101.483
102.38
91.5629
102.069
101.582
107.7
109.588
94.0672
98.2137
100.943
110.867
108.638
104.508
96.9785
96.3998
97.6337
99.0477
98.4041
100.856
94.3236
93.0684
93.1729
94.4622
93.1489
93.0671
96.8645
96.4196
95.7084
95.9392
96.7285
96.739
110.137
106.535
107.861
96.9246
96.3076
96.2439
95.8124
96.4336
96.2785
95.2951
95.1098
95.5356
96.5173
96.5296
95.7567
104.594
103.064
98.8698
107.597
104.653
116.501
103.968
101.749
105.14
103.338
112.028
113.471
112.395
102.367
113.815
132.994
105.26
130.164
110.792
95.9403
72.7115
107.551
64.9636
113.797
110.353
97.5847
93.0699
111.525
107.615
112.24
96.3301
104.879
101.5
109.566
113.352
95.3176
181.768
122.698
83.049
94.2
92.9192
92.6845
110.931
127.054
113.59
121.32
142.793
126.517
94.1185
92.8133
92.9723
110.629
115.4
91.7464
167.331
91.9103
102.757
95.5364
96.2547
96.4287
111.488
118.229
112.187
112.6
110.479
90.9446
112.392
105.891
115.339
96.2945
96.1053
95.5079
102.665
103.53
102.786
75.2915
75.2426
111.825
111.714
127.831
102.542
118.731
121.878
112.738
82.8765
91.8769
111.588
108.804
98.4959
112.683
112.434
102.768
97.9592
119.075
110.647
117.568
92.0349
79.7646
84.8226
94.0516
91.3785
93.5276
117.416
35.8447
211.931
98.1247
104.924
102.634
104.862
122.808
128.792
87.4676
103.664
162.147
107.594
109.062
104.382
96.3509
109.291
153.224
130.227
129.055
113.954
120.677
100.177
105.799
108.597
117.334
115.425
111.496
107.234
113.199
108.563
109.407
103.558
104.464
114.713
103.548
104.585
115.885
104.233
105.682
142.778
134.278
106.88
104.258
123.562
110.629
88.264
104.819
122.061
131.788
105.909
108.29
100.291
105.154
122.604
113.012
95.4205
113.194
136.143
99.3812
115.077
-51.7555
224.656
108.441
101.495
130.329
144.121
112.465
125.276
107.43
117.827
112.929
108.527
107.914
110.799
153.617
32.1543
109.783
108.757
111.888
108.275
)
;
    }
    upperWall
    {
        type            fixedFluxPressure;
        gradient        uniform 0;
        value           nonuniform List<scalar> 
1091
(
104.854
109.721
112.836
113.557
74.8407
104.695
109.105
106.089
101.143
100.882
101.292
104.383
106.887
97.4406
95.6893
102.818
99.3378
98.0973
101.042
101.994
100.026
107.28
107.667
101.296
96.955
96.0406
98.9069
94.4894
102.179
112.226
103.656
80.6733
119.555
114.164
98.7268
99.4732
105.303
99.5413
100.405
99.9682
117.607
88.9035
97.5658
101.326
108.46
103.474
101.113
100.303
101.336
98.7666
100.649
102.765
98.2022
97.3941
101.278
99.9705
99.1436
98.9513
99.648
99.3065
96.4078
95.5668
96.1553
98.4527
99.7436
99.3077
99.4468
98.226
96.7874
96.5799
92.7629
92.5751
92.89
93.9482
94.3161
94.431
94.2348
93.2564
93.0625
92.9487
90.3335
90.2684
90.4532
90.5188
90.6834
90.7052
90.6192
90.6569
90.5396
90.4523
87.8671
87.8517
87.9378
88.0622
88.1607
88.1867
88.1089
88.0666
88.0021
87.9267
85.3942
85.397
85.4545
85.5134
85.5655
85.5812
85.5571
85.5234
85.4826
85.4336
82.9158
82.9187
82.944
83.0076
83.0191
83.032
83.0227
82.999
82.9781
82.9343
80.4419
80.4663
80.4685
80.494
80.5159
80.5249
80.5362
80.521
80.497
80.4488
78.0012
78.0137
78.0213
78.0281
78.0384
78.0483
78.0591
78.0491
78.0303
78.0102
75.5667
75.5701
75.5805
75.5909
75.6079
75.6187
75.6141
75.5899
75.5898
75.5764
73.1564
73.1661
73.1593
73.1704
73.1847
73.1948
73.1943
73.1938
73.1861
73.1638
70.7621
70.7634
70.7776
70.7822
70.799
70.8097
70.8091
70.7998
70.7722
70.7656
68.398
68.4141
68.4333
68.4294
68.4239
68.4296
68.4377
68.4255
68.4044
68.3998
66.0545
66.0777
66.0933
66.073
66.0553
66.052
66.0571
66.0728
66.0582
66.0536
63.7333
63.7388
63.7377
63.7408
63.745
63.7344
63.7259
63.7199
63.726
63.7302
61.4204
61.4274
61.429
61.4375
61.4424
61.4389
61.4282
61.4187
61.411
61.4126
59.1275
59.1296
59.1331
59.1324
59.1323
59.1288
59.1291
59.1245
59.1187
59.1189
56.8617
56.8538
56.8473
56.8496
56.8556
56.8564
56.8555
56.8529
56.8595
56.8618
54.5898
54.5899
54.5858
54.5874
54.5911
54.6018
54.6093
54.6101
54.6071
54.5962
52.3431
52.3307
52.3339
52.3446
52.3533
52.36
52.3651
52.3628
52.3692
52.3576
50.1127
50.0953
50.0907
50.101
50.1166
50.1294
50.1297
50.1335
50.1335
50.13
47.8869
47.8775
47.8655
47.8651
47.8752
47.885
47.892
47.8936
47.8903
47.8914
45.6608
45.6631
45.6676
45.6738
45.6696
45.6632
45.6609
45.6582
45.6581
45.6598
43.452
43.4623
43.4681
43.4652
43.452
43.4457
43.4471
43.4596
43.4533
43.4517
41.2703
41.2725
41.2738
41.2646
41.2571
41.2514
41.2594
41.2674
41.2655
41.2674
39.0833
39.0991
39.1025
39.1033
39.0979
39.0917
39.0871
39.0824
39.0706
39.074
36.9211
36.9355
36.9343
36.9302
36.9221
36.9154
36.9032
36.9002
36.9008
36.9076
34.7871
34.7854
34.7664
34.7608
34.7575
34.75
34.7431
34.7477
34.7663
34.7814
32.6452
32.6398
32.6291
32.6233
32.6216
32.624
32.6292
32.6362
32.6419
32.6451
30.4971
30.5005
30.5115
30.5191
30.5193
30.5226
30.525
30.5234
30.5156
30.5041
28.3816
28.3879
28.4036
28.4202
28.4293
28.4307
28.425
28.4143
28.4039
28.3891
26.3182
26.3136
26.3135
26.3197
26.3301
26.3401
26.3455
26.3448
26.3406
26.3284
24.2906
24.2743
24.2647
24.2609
24.2657
24.2752
24.2891
24.2986
24.3051
24.2998
22.2723
22.2498
22.2482
22.2489
22.2532
22.2559
22.2575
22.2632
22.268
22.2711
20.2442
20.2418
20.2447
20.251
20.26
20.2602
20.2519
20.2463
20.245
20.2438
18.2459
18.2515
18.26
18.2641
18.2628
18.2572
18.2499
18.2454
18.244
18.2449
16.2929
16.2972
16.292
16.2804
16.2678
16.2539
16.2456
16.2592
16.2659
16.2827
14.341
14.3488
14.3324
14.3153
14.2955
14.2819
14.2781
14.2913
14.3047
14.3238
12.3629
12.3808
12.3827
12.3702
12.3588
12.3499
12.3472
12.3522
12.3515
12.3544
10.412
10.4195
10.4313
10.4367
10.4329
10.4281
10.4238
10.4231
10.4185
10.4126
8.50896
8.49999
8.49819
8.49978
8.50087
8.50526
8.50708
8.50958
8.51041
8.5129
6.60651
6.59811
6.59344
6.59205
6.59925
6.61554
6.62206
6.62059
6.61336
6.61262
4.70135
4.70023
4.70234
4.70874
4.72276
4.74695
4.74666
4.73606
4.72491
4.71205
2.81595
2.81796
2.82095
2.82707
2.83489
2.84401
2.85046
2.84835
2.83779
2.82292
0.941663
0.941343
0.941178
0.936443
0.934741
0.937514
0.946954
0.950715
0.951183
0.942697
97.4615
96.5386
100.32
96.2242
96.4078
99.6842
96.5297
98.682
98.1625
99.1014
99.8789
101.772
99.8548
99.5791
100.277
99.4748
99.1539
99.0897
99.3694
99.196
99.324
99.0589
98.7939
100.788
98.5771
97.41
99.7808
97.4237
97.7131
100.237
102.362
100.911
102.188
93.2631
96.8367
87.4123
96.6659
105.561
98.4783
104.161
104.931
105.413
105.491
100.95
103.869
101.989
95.4824
99.0799
100.748
99.2587
99.8599
99.5386
105.198
99.3103
100.639
99.0499
96.4392
99.1663
100.699
100.803
100.119
99.2236
100.196
98.3262
97.9057
101.443
97.0686
97.629
100.035
100.385
107.61
113.698
100.493
100.337
102.59
99.9535
99.0491
99.7756
99.6437
99.396
99.6162
99.1518
98.1397
95.1424
99.6113
99.6927
101.238
99.2869
99.3266
99.509
94.718
94.5019
96.0793
94.3176
94.2517
95.8151
94.6176
95.2315
98.145
95.439
95.6608
100.018
95.7611
95.9633
99.3226
96.128
95.6516
99.153
95.6837
95.6448
98.5821
95.6213
95.2532
96.839
95.096
94.9704
96.4893
94.9113
94.8664
96.601
97.1314
98.4597
98.8317
97.9134
98.6817
96.9963
100.357
99.4117
98.9572
96.1456
97.7596
98.0128
97.6187
96.6196
96.0796
100.077
96.9607
97.3856
97.6848
98.3882
98.1478
99.2387
99.4037
98.3553
99.7397
98.604
98.2663
99.8806
99.2066
99.2218
100.314
99.902
99.5459
99.4883
100.888
100.534
99.7996
100.254
100.225
99.8157
99.9277
99.6741
102.041
100.594
100.063
99.1911
99.5495
99.6697
99.2892
100.054
99.4295
98.7496
99.6149
99.2556
99.2332
99.4384
99.5867
99.3327
99.4482
99.3403
99.9928
99.3927
99.3402
98.8971
99.3824
99.2797
99.6009
99.8061
98.4758
97.6007
101.085
100.049
97.9669
99.1614
99.2057
98.4748
98.7468
97.6007
99.845
99.3658
99.3239
97.3888
98.6035
98.8205
98.9877
98.5939
97.3858
99.6423
99.5
100.511
96.5966
97.0443
99.3766
98.5776
98.6957
99.5586
98.8508
98.6695
99.1829
98.0772
97.4498
99.1555
99.0327
101.209
107.064
114.297
108.425
97.4142
99.4861
97.6122
98.1775
99.4157
98.8318
98.8967
99.3999
98.7881
98.0904
99.1519
97.2118
96.8128
96.784
96.7979
97.7972
97.4541
96.1489
96.2667
97.1172
96.5043
96.4404
95.4938
95.6649
96.6709
98.784
96.18
97.4197
99.177
100.152
96.9685
101.947
105.9
100.21
99.5234
99.5457
110.678
99.937
97.5236
98.0086
100.287
103.746
100.114
103.261
100.323
102.297
105.587
99.8338
99.5629
96.3622
108.246
110.739
100.075
97.4134
94.3153
95.2778
98.7716
71.2143
102.234
104.918
100.701
99.0987
100.15
99.7289
108.623
182.113
-34.6446
111.504
99.5901
106.585
101.136
96.7768
124.784
114.169
101.452
100.289
116.402
114.916
101.814
109.993
97.0167
101.758
102.025
100.419
101.409
112.036
108.617
107.948
108.814
106.613
107.994
107.836
108.156
108.7
99.2944
103.542
100.114
103.694
136.857
123.875
97.9742
111.062
100.453
110.71
93.1988
97.6115
101.419
105.658
106.428
105.447
110.805
111.994
124.059
97.8579
106.098
93.1722
93.0677
94.3231
93.0662
93.1479
94.4612
95.7103
96.4182
96.8646
96.7378
96.7221
95.9403
98.975
97.45
97.9266
112.291
92.8321
101.819
100.111
101.301
101.63
104.32
98.9896
99.5906
117.83
108.082
117.584
97.0996
101.498
103.735
106.19
107.751
101.362
106.575
109.436
104.13
99.883
97.9001
99.8619
106.391
106.59
106.046
103.524
110.102
79.758
96.2178
101.805
79.8223
86.7279
97.0088
95.2171
96.2388
96.3136
96.9151
123.415
144.093
195.459
95.5238
95.1073
95.2916
96.2746
96.4335
95.8124
95.756
96.5265
96.5107
99.7496
99.583
99.0377
107.782
105.987
101.085
104.392
105.273
123.903
97.8331
101.117
99.6683
101.56
117.734
111.025
108.054
99.3743
102.881
104.61
104.384
102.384
106.41
99.8263
101.978
92.3037
101.637
101.437
109.04
108.785
96.1458
98.0354
99.2305
96.8426
92.4064
130.407
99.3284
92.6856
92.9202
94.2011
92.9713
92.8123
94.1175
96.4276
96.2542
95.5363
95.5069
96.1035
96.2919
104.19
118.096
101.135
98.5568
99.0007
101.868
96.8659
95.8072
101.185
101.329
97.2292
103.126
101.407
102.263
101.259
100.142
95.7664
99.0008
103.742
103.995
95.6973
115.765
109.268
69.3299
83.8647
89.8352
109.671
134.849
102.9
118.957
113.563
93.4194
108.478
100.934
109.98
109.113
105.987
99.0365
108.584
102.922
102.004
131.488
113.779
112.913
109.833
103.117
60.1281
82.9649
103.724
112.495
104.597
112.31
104.687
108.063
104.118
119.884
105.106
116.552
113.532
119.248
103.45
101.443
105.749
91.4096
131.75
107.163
102.733
110.379
100.719
142.827
96.3559
99.0528
125.803
95.4847
134.577
102.366
122.378
80.7191
102.822
91.5305
107.15
102.002
104.361
93.207
99.4836
114.04
112.971
111.567
96.7161
108.043
94.9613
101.276
123.247
109.229
61.7979
103.068
95.26
134.369
100.791
135.022
105.528
131.717
104.134
119.729
106.754
126.502
113.544
98.9111
108.337
104.315
102.139
120.064
108.993
126.91
133.188
82.1307
117.669
102.244
151.073
113.945
93.9278
74.5239
106.052
282.219
135.95
181.729
81.9462
116.948
189.771
109.266
112.34
104.382
53.017
43.5975
109.016
)
;
    }
    frontWall
    {
        type            cyclic;
    }
    backWall
    {
        type            cyclic;
    }
}


// ************************************************************************* //
