/*--------------------------------*- C++ -*----------------------------------*\
| =========                 |                                                 |
| \\      /  F ield         | OpenFOAM: The Open Source CFD Toolbox           |
|  \\    /   O peration     | Version:  5.0                                   |
|   \\  /    A nd           | Web:      www.OpenFOAM.org                      |
|    \\/     M anipulation  |                                                 |
\*---------------------------------------------------------------------------*/
FoamFile
{
    version     2.0;
    format      ascii;
    class       volScalarField;
    location    "2.4";
    object      p;
}
// * * * * * * * * * * * * * * * * * * * * * * * * * * * * * * * * * * * * * //

dimensions      [1 -1 -2 0 0 0 0];

internalField   nonuniform List<scalar> 
8710
(
107.348
108.633
118.923
99.5532
99.3114
96.4394
94.4517
91.4224
89.0591
86.6204
84.1753
81.7239
79.2757
76.8561
74.4512
72.0677
69.6986
67.3602
65.0404
62.7471
60.4591
58.1923
55.9546
53.7108
51.4929
49.295
47.0958
44.8971
42.7175
40.5682
38.4116
36.2809
34.1796
32.0703
29.955
27.8716
25.8425
23.8486
21.8637
19.8717
17.9079
15.9898
14.0741
12.1302
10.2152
8.34744
6.48093
4.61215
2.76314
0.923794
97.3614
94.8053
98.0185
97.1004
95.8459
97.0618
95.3759
91.7755
89.2458
86.7489
84.2583
81.7755
79.3297
76.8898
74.4653
72.0836
69.7033
67.3782
65.0667
62.753
60.4662
58.1959
55.9482
53.7103
51.4774
49.2676
47.0815
44.8987
42.7299
40.5701
38.4272
36.2959
34.178
32.0652
29.9598
27.8789
25.8378
23.8322
21.844
19.8707
17.9137
15.9936
14.0821
12.15
10.2229
8.34007
6.47263
4.61088
2.76276
0.923617
101.04
98.8697
96.9854
97.8183
100.623
96.9643
96.176
92.6687
89.3234
86.8548
84.3305
81.8145
79.3409
76.9052
74.4807
72.0788
69.7192
67.3986
65.0838
62.7523
60.4684
58.1981
55.9357
53.7042
51.4814
49.267
47.0703
44.9031
42.7346
40.571
38.4316
36.2952
34.1586
32.0532
29.9676
27.8939
25.8382
23.8231
21.8413
19.8725
17.9224
15.9912
14.0666
12.1519
10.2368
8.33876
6.46982
4.61364
2.76898
0.92429
98.6206
98.999
97.7452
97.8977
97.6518
97.5897
97.1708
93.0979
89.5212
86.9927
84.4023
81.8815
79.3693
76.9136
74.4919
72.0907
69.7255
67.3958
65.0633
62.7563
60.4791
58.1994
55.9446
53.7076
51.4916
49.2751
47.0697
44.9099
42.7322
40.5632
38.432
36.2906
34.1527
32.0474
29.9754
27.9104
25.8435
23.8186
21.8414
19.8777
17.9266
15.9786
14.0491
12.1394
10.2417
8.34102
6.46965
4.62106
2.77428
0.919168
83.5261
94.911
96.122
100.828
101.796
100.174
97.6177
93.1178
89.5096
87.0064
84.4078
81.8693
79.3774
76.9151
74.501
72.1011
69.7392
67.3883
65.0442
62.7569
60.4825
58.1993
55.9486
53.7106
51.501
49.2919
47.0803
44.9049
42.7193
40.5567
38.4255
36.2809
34.1494
32.0454
29.9759
27.9195
25.8537
23.8226
21.8452
19.8865
17.9258
15.966
14.0285
12.1281
10.2387
8.34148
6.47537
4.63543
2.7827
0.917116
108.517
94.2399
102.395
105.927
102.235
99.037
97.9056
93.1284
89.447
86.9683
84.378
81.8506
79.366
76.9144
74.5117
72.1103
69.7481
67.3918
65.0404
62.7496
60.4791
58.1948
55.9495
53.7216
51.5078
49.31
47.0928
44.9008
42.7123
40.5429
38.4156
36.2738
34.141
32.0468
29.9792
27.9213
25.8649
23.8349
21.8488
19.8872
17.9192
15.9522
14.0149
12.1184
10.232
8.34528
6.49124
4.6576
2.79287
0.920043
99.9955
96.6612
92.1569
86.3394
104.4
97.7221
98.0156
93.2799
89.3254
86.8413
84.3125
81.8118
79.3577
76.9119
74.4972
72.1031
69.7437
67.3988
65.0431
62.7387
60.4668
58.1948
55.949
53.7313
51.5155
49.306
47.0984
44.8969
42.7152
40.5584
38.4162
36.2635
34.1348
32.0535
29.9825
27.9159
25.87
23.8468
21.8505
19.8793
17.9122
15.9434
14.0105
12.1155
10.2278
8.3465
6.49674
4.65722
2.79661
0.929084
101.314
99.1062
102.363
175.966
93.0737
96.6286
96.7922
92.411
89.0174
86.6647
84.2038
81.7488
79.32
76.8883
74.4629
72.0973
69.7292
67.3828
65.054
62.7307
60.4567
58.1902
55.9473
53.7324
51.5147
49.3119
47.1006
44.8953
42.7236
40.5627
38.4119
36.2609
34.1391
32.0601
29.9805
27.9051
25.8701
23.8597
21.8569
19.8741
17.9079
15.9559
14.0225
12.1198
10.2264
8.34866
6.49539
4.64675
2.79535
0.933171
110.703
115.347
120.692
107.52
100.173
96.5461
95.3524
91.2905
88.9735
86.5835
84.1579
81.7221
79.2928
76.8682
74.4611
72.0891
69.7056
67.3658
65.0472
62.7385
60.4499
58.1839
55.9519
53.728
51.5178
49.3118
47.0976
44.8934
42.7189
40.5623
38.3988
36.2607
34.1577
32.0651
29.9736
27.8951
25.8644
23.8634
21.861
19.8726
17.9065
15.9638
14.0397
12.1204
10.2224
8.34896
6.488
4.63488
2.78208
0.934
94.4955
103.773
112.575
134.856
100.517
96.0539
94.4164
91.2388
88.9564
86.5538
84.141
81.6996
79.2592
76.8598
74.4542
72.0692
69.6987
67.3595
65.0396
62.7422
60.4522
58.1854
55.955
53.7171
51.5068
49.3089
47.0993
44.8958
42.7164
40.5635
38.4027
36.2678
34.1737
32.0726
29.9628
27.8815
25.8539
23.8585
21.8639
19.8712
17.907
15.9791
14.0533
12.121
10.2141
8.3506
6.48771
4.6228
2.76922
0.923996
105.225
109.449
117.229
104.287
98.8477
96.2658
94.4458
91.4231
89.059
86.6204
84.1754
81.7239
79.2755
76.8562
74.4512
72.0675
69.6986
67.3603
65.0406
62.7469
60.459
58.1923
55.9545
53.7107
51.4928
49.295
47.0957
44.8971
42.7173
40.5679
38.4116
36.281
34.1796
32.0703
29.955
27.8715
25.8424
23.8486
21.8637
19.8716
17.9077
15.9899
14.0742
12.1303
10.2152
8.34761
6.48084
4.61214
2.7631
0.923873
106.304
106.117
98.2549
97.243
97.2975
97.738
95.356
91.7758
89.2457
86.7487
84.2583
81.7754
79.3297
76.8898
74.4652
72.0833
69.7033
67.3783
65.0667
62.7529
60.4665
58.1959
55.9483
53.7103
51.4775
49.2676
47.0814
44.8986
42.7299
40.5701
38.4277
36.296
34.178
32.0652
29.9598
27.8789
25.8378
23.8322
21.844
19.8701
17.9138
15.9937
14.082
12.1497
10.2229
8.34008
6.47255
4.61088
2.76292
0.92357
100.169
98.7829
96.9938
97.763
97.3136
96.933
96.1496
92.6675
89.3249
86.8547
84.3306
81.8144
79.3409
76.9052
74.4807
72.0788
69.7192
67.3985
65.0838
62.7523
60.4679
58.1981
55.9355
53.7041
51.4814
49.2668
47.0703
44.9031
42.7345
40.5712
38.4313
36.2951
34.1587
32.0533
29.9677
27.8939
25.8381
23.8231
21.8413
19.8724
17.9225
15.9915
14.0666
12.1517
10.2368
8.33872
6.46975
4.61367
2.76902
0.924279
98.5791
98.6691
97.5169
98.3095
97.5662
97.7616
97.1736
93.0977
89.5217
86.9923
84.4023
81.8813
79.3693
76.9136
74.4919
72.0907
69.7255
67.3957
65.0633
62.7562
60.4791
58.1994
55.9447
53.7077
51.4911
49.275
47.0698
44.91
42.7323
40.563
38.4319
36.2905
34.1527
32.0474
29.9755
27.9104
25.8435
23.8187
21.8414
19.8776
17.9266
15.9785
14.049
12.1395
10.2418
8.34104
6.46956
4.62102
2.77427
0.919053
108.879
113.025
96.779
100.938
101.443
98.2646
97.5838
93.1102
89.5099
87.0064
84.4079
81.8692
79.3771
76.9151
74.5012
72.1011
69.7392
67.3883
65.0439
62.7572
60.4825
58.1993
55.9482
53.7107
51.5008
49.2919
47.0804
44.9049
42.7188
40.5566
38.4255
36.2809
34.1488
32.0454
29.976
27.9195
25.8537
23.8226
21.8452
19.8869
17.9257
15.9656
14.0285
12.128
10.2388
8.34147
6.47529
4.63536
2.78269
0.917167
107.804
93.7922
97.6108
99.9274
106.128
98.8824
97.8593
93.1189
89.4473
86.9683
84.3779
81.8505
79.3662
76.9144
74.5117
72.1103
69.7481
67.3919
65.0403
62.7496
60.4791
58.1947
55.9493
53.7215
51.5078
49.3101
47.0928
44.9006
42.7123
40.5431
38.4155
36.2733
34.1408
32.0467
29.9793
27.9213
25.8649
23.8349
21.8488
19.8872
17.9192
15.9518
14.015
12.1184
10.2319
8.34526
6.49122
4.65772
2.7926
0.920007
100.504
96.3989
95.445
87.0734
102.42
97.6735
97.9542
93.2751
89.3259
86.8412
84.3125
81.8118
79.3577
76.9119
74.4972
72.103
69.7437
67.3987
65.0431
62.7388
60.4667
58.1948
55.949
53.7312
51.5154
49.3059
47.0983
44.8969
42.7153
40.5583
38.4165
36.2634
34.1348
32.0535
29.9825
27.9158
25.87
23.8468
21.8504
19.8794
17.9121
15.9432
14.0104
12.1155
10.2276
8.34648
6.49684
4.65733
2.79653
0.929205
101.902
124.69
94.508
120.705
91.9973
96.6585
96.766
92.4079
89.0181
86.6646
84.2038
81.7488
79.32
76.8882
74.4628
72.0973
69.7295
67.3827
65.0542
62.7306
60.4567
58.1903
55.9473
53.7324
51.5147
49.3119
47.1009
44.8949
42.7235
40.5627
38.4118
36.2607
34.1391
32.06
29.9805
27.9051
25.8701
23.8597
21.8569
19.8741
17.9078
15.9559
14.0225
12.1198
10.2263
8.34864
6.49538
4.64673
2.79538
0.933143
114.647
110.584
142.251
103.969
101.557
95.6631
95.2694
91.2909
88.9735
86.5835
84.1578
81.7221
79.293
76.8681
74.4611
72.0893
69.7057
67.3653
65.0473
62.7385
60.4499
58.1839
55.9519
53.728
51.5178
49.3118
47.0975
44.8933
42.7189
40.5624
38.3988
36.2606
34.1581
32.065
29.9735
27.895
25.8646
23.8633
21.8609
19.8726
17.9065
15.9638
14.0396
12.1203
10.2223
8.3489
6.4879
4.63485
2.78215
0.933997
124.389
102.472
127.701
116.637
93.0162
94.4448
94.4067
91.2393
88.9563
86.5538
84.1411
81.6995
79.2589
76.8599
74.4542
72.0694
69.6987
67.3595
65.0396
62.7421
60.4521
58.1854
55.955
53.7171
51.507
49.309
47.0993
44.8958
42.7164
40.5635
38.4026
36.2679
34.1738
32.0725
29.9627
27.8817
25.854
23.8585
21.8639
19.8712
17.907
15.979
14.0533
12.1208
10.2141
8.35062
6.48749
4.62279
2.76928
0.923985
50.0134
107.433
96.8692
98.1274
98.8917
96.2766
94.4481
91.4228
89.059
86.6203
84.1755
81.7239
79.2753
76.8564
74.4511
72.0673
69.6985
67.3606
65.0407
62.7467
60.4587
58.1923
55.9544
53.7105
51.4928
49.2949
47.0955
44.897
42.7172
40.5679
38.4117
36.281
34.1795
32.0701
29.9549
27.8715
25.8424
23.8486
21.8637
19.8714
17.9076
15.9899
14.0743
12.1304
10.2152
8.34762
6.4807
4.61207
2.76301
0.923855
106.277
104.985
95.604
97.0224
98.1272
97.1628
95.3665
91.775
89.2457
86.7485
84.2582
81.7754
79.3296
76.8897
74.4652
72.0831
69.7032
67.3783
65.0666
62.7527
60.4665
58.196
55.9481
53.7097
51.4777
49.2674
47.0813
44.8986
42.73
40.5701
38.4278
36.296
34.1779
32.0652
29.9597
27.8788
25.8377
23.8327
21.8438
19.87
17.9137
15.9938
14.0819
12.1492
10.223
8.34015
6.47216
4.61084
2.76299
0.923386
100.236
97.0478
97.5886
97.3877
96.7227
96.9317
96.15
92.6689
89.3248
86.8547
84.3304
81.8144
79.3408
76.9051
74.4806
72.0787
69.7195
67.3983
65.0837
62.7522
60.4677
58.1981
55.9354
53.704
51.4814
49.2667
47.0703
44.903
42.7345
40.5711
38.4312
36.2947
34.1587
32.0534
29.9678
27.8938
25.8379
23.8231
21.8412
19.8723
17.9225
15.9916
14.066
12.1515
10.2368
8.33864
6.46965
4.61392
2.76898
0.923953
97.8181
98.5209
97.4915
96.751
97.5289
97.6434
97.1742
93.0995
89.5211
86.9919
84.4022
81.8812
79.3692
76.9135
74.4918
72.0906
69.7254
67.3954
65.0632
62.756
60.4791
58.1993
55.9446
53.7077
51.4909
49.2745
47.0699
44.91
42.7322
40.563
38.4318
36.2904
34.1526
32.0473
29.9754
27.9103
25.8434
23.8187
21.8414
19.8775
17.9266
15.9784
14.0487
12.1397
10.2418
8.34076
6.46946
4.62094
2.77415
0.918727
102.454
102.522
99.7938
100.639
100.512
98.1864
97.5997
93.1137
89.5091
87.0068
84.4078
81.8691
79.3769
76.915
74.5012
72.101
69.7391
67.3882
65.0438
62.7571
60.4825
58.1992
55.9482
53.7108
51.5005
49.2919
47.0805
44.9048
42.7187
40.5564
38.4265
36.2808
34.1487
32.0453
29.976
27.9195
25.854
23.8225
21.8452
19.8871
17.9256
15.9651
14.0287
12.128
10.2385
8.3414
6.47542
4.63526
2.78247
0.917062
96.4212
93.8513
96.8109
109.522
98.1986
99.7558
97.8593
93.1233
89.4465
86.9685
84.3777
81.8504
79.3663
76.9143
74.5116
72.1102
69.748
67.392
65.0402
62.7494
60.4792
58.1941
55.9492
53.7214
51.5079
49.31
47.0927
44.9004
42.7122
40.543
38.4157
36.2731
34.1407
32.0476
29.9794
27.9212
25.8649
23.8348
21.8487
19.8873
17.9191
15.9513
14.0149
12.1184
10.2317
8.34519
6.49124
4.65771
2.79217
0.919982
99.3292
102.572
98.4556
143.491
101.308
97.7486
97.9696
93.2751
89.3254
86.8412
84.3124
81.8117
79.3576
76.9118
74.4971
72.103
69.7436
67.3985
65.043
62.7388
60.4669
58.1947
55.9489
53.7312
51.5153
49.3059
47.0982
44.8972
42.7155
40.5583
38.4165
36.2632
34.1347
32.0535
29.9821
27.9157
25.87
23.8467
21.8503
19.8794
17.912
15.9431
14.0103
12.1155
10.2275
8.34641
6.49703
4.65702
2.79604
0.929199
94.2399
118.398
101.052
98.3653
97.0784
96.5748
96.7852
92.4082
89.0177
86.6646
84.2037
81.7487
79.3199
76.8882
74.4628
72.0972
69.7297
67.3823
65.0543
62.7306
60.4566
58.1904
55.9474
53.7323
51.5147
49.3119
47.1008
44.8948
42.7234
40.5626
38.4118
36.2606
34.1391
32.06
29.9803
27.9051
25.87
23.8596
21.8568
19.8742
17.9077
15.9559
14.0225
12.1197
10.2262
8.34857
6.49533
4.64668
2.79536
0.933111
111.748
103.644
99.4651
105.347
94.4391
95.7158
95.2665
91.2907
88.9739
86.5835
84.1578
81.7221
79.2932
76.8681
74.461
72.0894
69.7058
67.3652
65.0473
62.7385
60.4498
58.1842
55.9519
53.7279
51.5175
49.3117
47.0971
44.8932
42.7193
40.5624
38.3987
36.2605
34.1589
32.065
29.9734
27.895
25.8645
23.8631
21.8608
19.8725
17.9066
15.9638
14.0395
12.1201
10.2222
8.34881
6.4878
4.63478
2.78231
0.933908
125.531
127.167
126.131
96.3258
92.4617
94.7654
94.3956
91.2391
88.9564
86.5537
84.1411
81.6993
79.2587
76.8599
74.4541
72.0696
69.6986
67.3586
65.0401
62.742
60.452
58.1853
55.9549
53.7171
51.5069
49.3089
47.0993
44.8958
42.7163
40.5635
38.4022
36.268
34.1743
32.0724
29.9627
27.8819
25.8541
23.8584
21.8638
19.8711
17.907
15.9789
14.0532
12.1207
10.2141
8.35057
6.48733
4.62265
2.76927
0.923916
95.5698
97.0651
96.2806
96.3082
95.4978
97.0618
96.1487
96.5168
97.0908
96.6871
97.7262
96.405
97.0919
96.7163
96.943
97.3951
97.1997
96.9233
96.9555
97.3748
97.167
97.2275
98.401
97.6955
97.6668
97.2452
98.0999
97.7264
97.7477
100.184
97.7968
98.1403
97.7718
99.9716
97.7373
97.9442
101.127
97.8501
98.9025
97.8911
100.148
97.848
98.0604
99.4451
97.0374
97.7208
98.1602
96.7574
97.0189
96.7695
95.2458
96.0191
96.5917
96.799
95.2884
96.0288
95.9867
95.4934
95.2316
95.68
95.9908
95.2426
95.1993
95.3512
95.679
95.2417
95.4243
95.2538
95.6993
95.1598
95.4821
97.0683
96.1363
96.2658
95.4814
96.985
96.1398
96.3879
97.0881
96.7181
97.1565
96.3589
97.0775
96.7196
96.9546
97.363
97.2358
96.9416
96.9503
97.3511
97.1436
97.2702
98.0721
97.5913
97.6494
97.2669
98.1736
97.6068
97.7122
99.9413
97.7567
98.2719
97.7177
102.797
97.7876
97.9054
98.9906
97.8865
98.8347
97.9084
99.0055
97.8376
98.0587
96.7069
97.0139
97.7579
97.9485
97.3854
96.9987
96.7734
95.277
96.0298
96.5062
96.7814
95.1588
96.0456
95.9963
95.2883
95.1962
95.7242
96.0038
95.1149
95.2047
95.2621
95.6648
95.1403
94.7453
95.2686
95.6599
95.1634
95.4926
97.213
96.1527
96.2983
95.5682
97.0598
96.2766
96.3719
97.0677
96.7147
97.6426
96.5134
97.075
96.6877
96.9479
97.3626
97.2536
96.9588
96.9317
97.5391
97.2109
97.2938
97.9521
97.526
97.6496
97.2429
98.1219
97.6067
97.7809
99.8272
97.8235
98.2459
97.7088
101.229
97.7737
97.9084
98.9408
97.8772
98.6571
97.9046
99.3181
97.8607
98.0307
97.3524
96.9948
97.8392
97.9582
97.4931
96.9901
96.8201
95.2195
96.0419
95.6231
96.7637
95.086
96.0385
96.0014
95.2882
95.2135
95.7185
95.9852
95.1756
95.2378
95.2757
95.8132
95.1732
94.7991
95.3552
95.8348
95.2512
97.4629
98.4514
98.6737
99.9665
96.7662
97.2538
97.4554
96.4011
96.1385
96.563
96.344
96.6552
96.3901
96.1453
93.2369
94.7687
93.4955
94.4481
93.2454
94.7647
93.504
97.0707
98.8154
96.9955
96.1338
96.8741
97.7686
96.994
96.6918
96.7498
97.1078
97.3016
96.7561
96.8458
96.668
93.6958
96.0771
93.9451
95.3556
93.705
95.9569
93.954
97.2889
97.465
97.3459
102.095
97.4648
96.8854
97.2743
97.135
97.0672
97.1751
96.9691
97.0558
97.1482
97.1607
94.1703
96.9725
94.0385
96.1573
93.7802
96.9447
94.0453
98.6667
99.1622
97.7462
97.64
98.4996
98.6364
97.7821
97.2971
97.6157
99.5362
97.659
97.489
99.5157
97.414
94.1407
97.8075
94.9116
97.1775
94.144
97.6069
94.9311
101.429
110.359
98.3823
101.521
100.483
100.765
98.3142
98.1255
98.2413
99.4105
101.882
97.7506
99.3704
98.1387
94.7784
97.6981
95.0448
97.6333
94.7241
97.6521
94.9466
102.177
103.311
102.195
102.917
101.286
103.403
102.153
98.7459
98.5158
99.7391
98.9135
98.5353
99.7171
98.745
95.1133
97.8478
94.7602
97.9267
95.0183
97.7939
94.7001
101.246
92.7241
98.7318
101.071
101.212
92.3783
100.496
98.1697
98.3974
98.7036
97.7556
98.3941
98.6401
98.1558
94.9572
97.0889
93.8594
98.0403
94.9787
97.0937
93.863
100.389
94.9083
95.3968
99.1497
95.7593
97.0031
94.5915
96.1572
96.6673
96.1378
96.6133
96.6937
96.096
96.12
93.7163
95.4874
93.1472
96.7711
93.7232
95.484
93.1547
95.7005
109.25
102.574
101.911
96.8265
105.066
96.2526
95.702
95.8562
97.0922
96.8758
95.8067
96.0771
95.8086
93.1328
94.4704
92.986
95.2759
93.1404
94.4475
92.9947
100.449
105.689
93.7147
94.0142
94.6373
100.354
94.8073
95.8778
95.1741
97.1402
96.0449
95.1716
97.0181
95.8739
92.9967
94.1678
93.0711
94.4152
93.0056
94.1632
93.0789
97.112
97.0597
96.9687
98.852
97.1186
97.0911
96.7572
96.3912
96.1418
96.4588
96.2582
96.392
96.454
96.1416
93.2443
94.7619
93.5029
94.4458
93.2442
94.7622
93.5027
96.8652
97.8119
97.0033
99.9341
97.5741
97.7695
97.0355
96.7422
96.7388
96.9907
97.0677
96.7221
96.7601
96.9744
93.7043
95.9484
93.9534
95.3646
93.7039
95.9421
93.9533
97.0384
97.1892
97.8293
100.505
97.0078
102.068
97.2297
97.1491
97.0468
97.1813
96.9339
97.1796
97.0551
97.1927
93.7762
96.9388
94.0421
96.1431
93.7623
96.9302
94.0418
98.5699
98.78
97.9576
97.7873
98.7121
98.2498
97.7074
98.2206
97.6298
99.7481
97.6828
98.6446
97.6464
99.7745
94.1408
97.5701
94.9297
97.1736
94.1412
97.6075
94.9333
100.592
101.315
98.2122
100.835
100.903
101.93
98.0996
98.1059
97.8701
98.9402
98.1522
98.1063
97.8688
98.7885
94.7208
97.7155
94.9401
97.6218
94.72
97.6871
94.9401
101.889
99.3388
101.943
110.104
106.427
111.53
99.0153
98.6845
98.3683
99.5785
98.8592
98.6988
98.3379
99.8301
95.0112
97.8133
94.6953
97.8599
95.0122
97.8101
94.6951
101.805
95.4989
102.184
124.443
101.453
110.577
101.186
98.0815
98.3812
99.1386
97.6831
98.05
98.3734
98.4052
94.9764
97.0935
93.8586
97.9719
94.9747
97.0941
93.8588
96.1042
92.4274
94.6017
95.6711
96.1211
92.5589
94.6914
96.1483
96.544
96.9881
96.4959
96.0872
96.5384
97.4092
93.7199
95.4804
93.1525
96.7787
93.7201
95.5349
93.1517
96.5675
100.873
96.2457
94.6963
95.7636
101.09
96.2511
95.7261
95.7918
95.9398
95.7392
95.7223
95.7843
95.6829
93.1387
94.447
92.9939
95.2531
93.1388
94.4478
92.9938
96.6764
95.3202
93.5254
92.5897
93.2444
82.8792
93.5371
95.8568
95.1607
97.0891
94.7078
95.8813
95.1622
96.8543
93.0049
94.1582
93.078
94.3943
93.0048
94.1593
93.0778
96.7936
97.104
98.311
99.2848
97.0141
98.0911
97.6026
96.3956
96.1417
96.4811
96.2736
96.3937
96.4433
96.1431
93.2452
94.7649
93.5036
94.4518
93.2366
94.7686
93.495
96.923
97.7113
96.9953
98.2382
97.0077
98.1569
97.0031
96.7928
96.7522
97.0562
97.1637
96.8162
96.7722
97.0079
93.7039
95.9513
93.9545
95.3703
93.6939
96.0678
93.9463
97.0136
97.9221
97.2492
96.1395
97.0861
97.9581
97.3583
97.1146
97.0424
97.2142
96.9534
97.1448
97.0406
97.2105
93.7583
96.9411
94.0452
96.1672
94.1623
96.9529
94.0384
99.564
99.5583
97.6943
97.8103
98.8555
99.0216
98.1651
98.3923
97.7294
100.224
97.6411
98.3338
98.0337
100.47
94.1444
97.6052
94.9335
97.1688
94.1409
97.7284
94.912
101.142
101.125
97.8565
101.744
100.99
103.294
98.5908
97.9751
97.9239
98.4248
98.0674
98.0842
97.921
98.4356
94.7225
97.7271
94.9467
97.6157
94.7774
97.715
95.0404
98.5104
108.326
100.334
98.37
97.1339
98.9411
99.4349
98.7711
98.4649
98.5446
98.6639
98.7548
98.2959
97.5505
95.0183
97.8299
94.6999
97.8928
95.1164
97.8813
94.7594
100.859
106.911
99.0898
99.6621
102.299
111.653
97.0949
98.1458
98.3353
98.509
97.7784
98.1523
98.3327
98.5852
94.9761
97.0965
93.8628
97.9358
94.9554
97.0879
93.8593
96.6355
92.7633
94.6769
99.65
97.0368
91.377
95.0397
95.9112
96.5921
96.4043
98.6122
95.9244
96.6419
97.1045
93.7232
95.5246
93.1536
96.8046
93.7158
95.507
93.1447
95.6523
101.227
96.2455
96.4754
97.5922
99.3253
96.3893
95.7791
95.7792
95.6971
95.7089
95.8148
95.791
95.6944
93.1404
94.4486
92.9946
95.3481
93.1324
94.4712
92.986
93.3918
81.5608
95.5687
92.9926
95.9798
96.8987
94.7102
95.791
95.1604
96.3369
94.7691
95.7961
95.1684
96.2641
93.0052
94.1623
93.0791
94.4163
92.9961
94.1666
93.0713
96.5935
96.2561
95.741
95.5204
95.6677
96.5834
96.2718
96.7362
96.819
96.8686
97.1269
96.8269
96.876
96.7322
96.6968
96.0341
96.7678
96.2117
95.9796
96.7832
96.6833
96.3972
96.3355
96.143
96.4422
96.4437
96.3943
96.1442
96.6018
95.4992
96.2926
95.6337
95.6389
96.6021
96.2843
96.7322
97.0511
96.7487
96.8729
96.7465
96.8759
96.7285
96.7075
96.1678
95.9329
96.8078
95.9466
96.7986
96.7132
96.4767
96.5767
96.5547
96.415
96.5902
96.4649
96.4902
96.9222
97.0788
96.9445
97.0644
97.0826
96.9268
96.9221
96.6979
96.6438
96.7638
96.698
96.6744
96.7672
96.6877
96.7077
96.778
96.7297
97.0006
96.7445
96.8678
96.7126
96.4908
96.3866
96.6108
96.4457
96.5922
96.4558
96.4952
96.9068
97.0743
97.0701
96.9396
97.0712
96.9604
96.9255
96.6954
96.7105
96.6999
96.7624
96.6936
96.7675
96.6918
97.2487
96.9601
97.0791
96.9527
96.9552
97.0892
97.2029
97.0864
97.3356
97.3564
97.4089
97.2451
97.3565
97.0823
97.5013
97.1128
97.3092
97.182
97.116
97.3238
97.7286
97.1625
96.9282
97.0599
97.1718
97.0741
97.159
97.14
97.1595
96.9541
96.9607
97.0803
97.0146
97.0951
97.1235
97.0729
97.3742
97.2549
97.3982
97.2462
97.4284
97.0668
97.3478
97.228
97.1124
97.3066
97.1253
97.3963
97.4092
97.5725
97.3883
97.4464
97.2355
97.2871
97.4561
97.5843
97.7304
100.308
98.2106
98.0639
100.317
97.7605
98.0061
97.4914
97.429
97.6423
97.75
97.4033
97.5623
97.5746
97.6331
97.5282
97.6095
99.4855
97.4713
99.512
98.5019
97.5547
97.3249
97.3126
97.441
97.3642
97.5068
97.6962
97.7296
98.2133
100.475
97.7947
100.43
97.8014
97.7029
97.4896
97.7215
97.3812
97.5702
97.5648
97.5636
97.4842
97.867
97.8212
97.7694
97.7341
97.7066
97.7715
98.0379
98.0369
99.0021
98.4923
99.9505
99.0671
98.4512
98.0745
97.9768
97.881
98.1419
97.7944
97.8519
98.0949
98.044
98.1144
97.9964
97.9528
99.0897
98.0931
99.2656
98.1076
97.8639
97.8331
97.7176
97.761
97.7068
97.8759
97.8778
98.0394
100.222
99.0329
98.3997
98.9251
98.4628
98.0325
97.9776
97.8998
97.8086
98.1011
98.0078
98.0981
97.9745
98.3095
98.192
97.9575
97.9147
98.1634
97.9563
98.3626
98.348
98.6374
98.6058
98.9159
96.6236
98.4002
98.3455
98.1163
98.0002
98.0293
97.8546
98.0008
98.0307
98.1193
98.7449
98.9029
98.4094
99.7546
98.4623
99.7032
98.7333
98.3066
97.9634
98.1726
97.9396
98.2498
97.9993
98.3069
98.4172
100.061
96.952
98.4877
96.9709
98.5214
98.4044
98.152
97.8485
98.0004
98.0044
98.0094
98.0567
98.1044
97.7443
98.1639
97.4515
98.1727
98.0972
97.4356
97.7796
97.2834
97.7068
97.2032
97.0567
97.425
97.1923
97.3872
97.3406
97.4219
97.1037
97.0276
97.4415
97.1041
97.3312
98.1045
97.7925
98.3986
98.7417
98.3944
98.6801
98.0837
97.7636
97.9581
98.2899
97.4286
98.3237
97.4841
97.7614
97.3082
96.8685
97.316
97.1788
97.367
97.1942
97.4132
97.353
97.0246
97.4442
97.0994
97.5
97.1063
97.3301
96.7791
96.7142
96.4265
96.7702
96.6192
96.4442
96.2136
98.7722
95.1237
95.6468
95.2519
95.1179
95.6549
98.8862
95.0182
96.4951
96.0965
96.0362
96.5068
96.8839
95.1691
96.084
96.6655
96.5479
95.9727
96.6308
95.9956
96.1438
96.4553
96.8358
96.6301
96.4242
96.6543
96.4283
96.7927
98.7559
95.3041
95.1716
95.6519
95.1125
95.6429
98.6448
97.9219
96.031
96.4331
96.1156
96.4068
95.2516
98.7081
95.6651
95.8486
95.7141
95.9812
95.8555
95.7459
95.6544
95.5196
99.1339
95.3206
95.4647
97.4698
95.2889
95.58
95.4471
95.5014
95.3791
95.2138
95.5131
95.3899
95.4382
95.688
96.9633
95.7995
96.2097
95.8088
96.0141
95.7137
95.6634
95.9857
95.8459
95.7548
95.849
95.7492
95.6595
95.6136
95.7246
96.8167
95.2927
96.897
95.2734
95.4917
95.4442
95.203
95.535
95.3976
95.5249
95.3941
95.4405
95.697
95.2898
95.5915
95.3092
95.3061
95.4403
95.666
95.5555
95.7558
95.6071
95.6669
95.6831
95.542
95.5907
95.7511
95.6527
95.9771
95.2158
95.5815
95.7033
95.9092
95.8827
99.1723
95.166
98.3479
95.1602
98.3236
95.8798
95.7241
95.2829
95.3029
95.4057
95.317
95.4028
95.7314
95.5391
95.6519
95.5498
95.5963
95.7258
95.536
95.5894
95.7175
95.1912
95.4727
95.9534
95.4861
95.7117
95.924
96.6043
96.298
95.6272
95.4812
96.6031
95.6291
96.2988
96.7292
96.7611
96.8721
97.0093
96.7273
96.7187
96.8764
96.7185
95.9209
96.8105
96.1371
96.7163
95.9202
96.8101
96.3926
96.2575
96.1418
96.4598
96.4527
96.3938
96.142
96.6041
95.4811
96.2986
95.6286
95.6292
96.6005
96.2991
96.7339
97.0601
96.9866
96.889
96.7505
96.8819
96.7409
96.7236
96.1381
95.9162
96.804
95.9173
96.8059
96.7306
96.5009
96.6179
96.4346
96.3738
96.4991
96.6281
96.43
96.9649
97.0672
96.9639
97.0915
96.9347
97.0586
96.9584
96.6913
96.7048
96.7622
96.7197
96.6892
96.7062
96.7653
96.7462
97.1591
96.7542
97.0458
96.7637
97.0312
96.7659
96.4962
96.3634
96.6428
96.4454
96.6372
96.4346
96.4915
96.9548
97.0802
97.0527
96.9707
97.0563
96.9695
96.9691
96.6912
96.7203
96.7068
96.761
96.7073
96.7666
96.6906
97.0944
96.9686
97.0769
96.9526
97.1321
96.9481
97.073
97.0483
97.2178
97.3531
97.3583
97.0529
97.179
97.3597
97.3674
97.1057
97.3068
97.1798
97.4845
97.1016
97.2912
97.1561
96.912
97.0314
97.1944
97.0468
97.1791
97.1347
97.1767
96.952
96.8856
97.0641
96.9477
97.0734
97.0843
97.0553
97.3589
97.1592
97.3743
97.167
97.3675
97.023
97.4644
97.2835
97.0931
97.3248
97.1093
97.3064
97.4878
97.5651
97.3047
97.4417
97.1837
97.5914
97.3066
97.4572
97.9095
104.776
97.7966
98.1238
97.6649
105.079
97.9107
97.4847
97.4217
97.6074
97.593
97.4821
97.3942
97.5488
98.2332
97.6942
98.1579
100.159
98.2231
99.9
98.3118
97.6117
97.2578
97.3156
97.4309
97.3062
97.4427
97.6293
97.6362
98.191
96.7738
97.8384
99.1191
97.8973
97.585
97.4914
97.7211
97.4263
97.5597
97.3924
97.6218
97.5866
97.8951
97.7214
97.7848
97.7039
97.8812
97.7215
97.7215
98.0512
98.7682
98.2849
99.9613
98.0253
98.5196
98.3787
97.994
97.8312
98.1039
97.7423
97.9715
97.8186
98.1137
98.0898
98.1335
97.8113
98.4968
97.9901
98.6326
98.0908
97.8976
97.7128
97.7386
97.7267
97.7271
97.7413
97.9034
98.0845
102.377
98.4787
98.3648
98.2873
98.3162
98.0932
97.9713
97.7193
97.8019
98.1512
97.8343
98.1181
97.9771
98.2998
98.1422
97.9686
97.9019
98.307
98.141
97.9332
98.4439
96.8279
98.4343
99.1199
98.4267
110.545
98.4676
98.0906
98.0071
98.0156
97.8839
98.0855
97.9926
98.0124
98.7387
98.8432
98.3088
101.263
98.3201
99.8458
98.7408
98.295
97.9014
98.1676
97.942
98.146
97.9573
98.2824
98.5443
99.1001
103.914
98.3167
103.387
98.6411
98.4917
98.1399
97.8594
97.9937
98.0222
97.9998
98.0145
98.2162
97.75
98.1693
97.4422
97.9023
97.7564
98.1237
97.4523
97.2971
97.5193
97.1844
97.6506
97.3361
97.3147
97.1983
97.3199
97.4561
97.1142
96.9736
97.3574
97.4195
97.1104
98.1713
97.6648
98.347
98.5171
98.3786
98.3033
98.169
97.7805
97.8325
98.0952
97.4378
98.3413
97.4447
97.7749
97.276
98.8478
97.3821
97.1893
97.2542
97.1947
97.3397
97.3421
96.9948
97.3928
97.1191
97.459
97.1112
97.3097
95.7752
96.6348
96.4115
96.757
96.8271
96.6202
96.4265
98.0884
95.0694
95.5794
95.2922
98.6109
95.6241
95.7875
99.4001
96.4313
96.1132
96.0313
96.2781
96.337
95.5098
95.9684
96.4694
96.5423
96.1342
96.552
96.1252
95.9518
95.7398
96.7576
96.6235
96.4302
96.611
96.4225
97.0005
98.5194
95.1912
94.793
95.755
96.0654
95.4463
96.3977
98.4038
96.0356
96.3392
97.0828
96.3339
95.5453
98.7991
95.6677
95.8488
95.7593
95.9995
95.6609
95.8542
95.7596
95.492
96.6458
95.3071
95.1616
95.5962
96.6673
95.3081
95.443
95.54
95.3994
95.194
95.441
95.537
95.3978
95.7542
95.726
95.8
95.6934
95.7971
95.6784
95.7715
95.6721
96.0023
95.8695
95.7534
95.8624
95.7595
95.6741
95.5112
95.1298
96.1896
95.2625
96.1649
95.2716
95.5965
95.4429
95.1983
95.5316
95.395
95.533
95.3955
95.4422
95.6999
95.305
95.4373
95.2621
95.7413
95.3037
95.3972
95.5494
95.6322
95.5916
95.656
95.5536
95.4423
95.593
95.7683
95.5354
95.9626
95.1417
95.7677
95.5641
95.9607
95.8236
94.7338
95.1558
96.4658
95.1593
96.659
95.8058
95.7017
95.272
95.3133
95.4218
95.3114
95.3837
95.7038
95.5378
95.6326
95.4468
95.6047
95.3775
95.5342
95.5992
95.695
95.1476
95.4842
95.9659
95.4976
95.6948
95.9586
96.5969
96.293
95.6371
95.5012
96.5967
95.641
96.2876
96.7504
96.751
96.8996
97.0801
96.7447
96.7665
96.9117
96.7235
95.929
96.8052
96.1713
96.729
95.9457
96.7993
96.3986
96.2709
96.1397
96.5118
96.46
96.3903
96.1452
96.5913
95.525
96.2624
95.7436
95.6691
96.5818
96.2773
96.7538
97.0504
96.695
96.9009
96.8088
96.9117
96.7453
96.7097
96.2129
96.0302
96.7717
95.9774
96.7876
96.6919
96.4774
96.6331
96.4558
96.4071
96.4887
96.6147
96.4383
96.9929
97.0505
96.9729
97.0607
97.0081
97.0437
96.9768
96.6982
96.7029
96.7591
96.7074
96.6924
96.6917
96.7634
96.8094
97.1664
96.7977
97.2858
96.7962
97.0008
96.818
96.4711
96.4549
96.5814
96.5718
96.6091
96.4437
96.5131
97.0417
97.065
97.0667
96.9684
97.0393
96.9708
97.0438
96.7018
96.6995
96.6408
96.7669
96.6691
96.7684
96.6947
97.1625
96.8996
97.0722
96.9447
97.0531
96.8866
97.0676
96.9735
97.1533
97.357
97.3886
97.0112
97.1478
97.347
97.4613
97.0999
97.3449
97.1947
97.5416
97.1077
97.3108
97.1276
96.9441
97.08
97.2078
97.0389
97.2095
97.2073
97.2308
96.9418
96.9602
97.062
96.8938
97.0688
97.1674
96.9545
97.3805
97.171
97.3467
97.1587
97.3445
97.0216
97.484
97.1913
97.1177
97.333
97.1146
97.3146
97.4852
97.6559
97.3022
97.4691
97.2385
97.65
97.491
97.437
97.5466
97.2045
97.833
98.3565
97.5594
93.4051
97.8592
97.5057
97.448
97.5768
97.6006
97.5416
97.4023
97.5746
98.4659
97.6457
97.9509
100.603
97.964
100.585
98.5209
98.0928
97.2357
97.4861
97.5536
97.4237
97.6384
97.8829
97.7205
98.2168
93.5805
97.8996
93.2074
97.9169
97.7482
97.5038
97.6535
97.4079
97.5958
97.415
97.5815
97.5125
97.9175
97.7319
97.7371
97.7046
97.9051
97.7276
97.7302
98.121
98.5005
98.3362
99.85
98.0925
98.4339
98.3116
97.9671
97.8413
98.1347
97.7669
97.9738
97.8149
98.1551
97.9723
98.0979
97.9111
99.0634
97.8311
98.9964
98.014
97.9185
97.7014
97.7356
97.7553
97.7319
97.7272
97.9877
98.0839
99.9206
103.303
98.5138
98.9388
98.3184
98.0722
97.9739
97.768
97.8704
98.1524
97.8154
98.1437
97.9666
98.2971
98.1566
97.9683
97.911
98.2949
98.1438
97.9335
98.536
102.638
98.2649
99.4417
98.5194
102.67
98.2832
98.2162
98.0187
98.0117
97.9065
98.1657
98.0124
98.0135
98.7742
98.6592
98.3075
98.833
98.2871
98.5139
98.8589
98.2817
97.9249
98.156
97.9752
98.1403
97.9344
98.2776
98.5412
99.3757
101.527
98.3564
101.579
98.3075
98.5535
98.2444
97.86
98.0182
98.0427
98.0215
98.0196
98.2471
97.7674
98.0983
97.4578
97.8031
97.7951
97.9418
97.4464
97.3444
97.3259
97.1875
97.2986
97.3168
97.2312
97.1579
97.3123
97.4342
97.1322
97.0129
97.3111
97.3824
97.1343
98.1947
97.8472
98.3278
98.7697
98.3218
98.3639
98.1683
97.8058
98.2145
97.9566
97.4594
97.9758
97.4465
97.8302
97.3936
97.261
97.3387
97.2011
97.3934
97.144
97.5166
97.3157
96.9949
97.418
97.1406
97.3831
97.1299
97.3293
96.9825
96.6258
96.4308
96.7656
96.3774
96.61
96.4279
94.7763
95.0668
95.5825
95.5068
94.654
95.0018
95.8125
95.7444
96.3431
96.2673
96.0432
98.6428
96.3532
96.0207
96.2688
95.4466
96.571
95.1886
96.4782
97.1699
96.2089
96.909
96.7639
96.6101
96.4289
96.6097
96.4351
96.8235
94.6961
95.1268
95.4156
95.6385
94.8554
95.6323
95.1966
95.7726
96.0544
96.4294
95.9854
96.4708
96.5379
95.2788
95.6778
95.8711
95.7452
95.9934
95.6764
95.8787
95.7345
95.5441
96.2975
95.2425
95.1368
95.5653
96.0619
95.2607
95.4556
95.5299
95.3931
95.2191
95.4429
95.5251
95.3919
95.7413
95.7064
95.8778
95.7183
95.8035
95.7013
95.7929
95.6813
95.9846
95.8806
95.7148
95.8874
95.7262
95.679
95.5507
95.1728
96.6085
95.2949
96.6702
95.2822
95.569
95.4643
95.2252
95.4968
95.3799
95.5139
95.3903
95.4613
95.6759
95.314
95.44
95.2721
95.6925
95.2967
95.4561
95.5352
95.4597
95.6089
95.7734
95.5364
95.4708
95.6113
95.7079
95.5055
95.9599
95.162
95.7095
95.5124
95.9541
95.7872
94.7916
95.1721
96.7884
95.1725
97.3021
95.7838
95.6832
95.2905
95.2794
95.5424
95.2818
95.4907
95.6701
95.5396
95.8731
95.4881
95.6085
95.4633
95.5395
95.6146
95.726
95.1863
95.6262
95.9219
95.5608
95.7217
95.9368
97.3796
97.1771
97.3823
97.1594
96.8484
96.8673
97.132
97.5996
97.5838
97.5973
97.4332
97.3921
97.4011
97.4254
97.8996
97.8618
97.8646
97.6094
97.697
97.7032
97.601
97.5523
97.9117
97.5497
97.2803
97.3993
97.4123
97.2926
97.3816
97.1727
97.3813
97.173
96.8842
97.1691
96.8805
97.5928
97.6368
97.611
97.4254
97.4008
97.4259
97.4
97.8942
97.8609
97.9227
97.603
97.6988
97.6031
97.6998
97.5451
97.9483
97.5494
97.2942
97.4215
97.2908
97.4242
97.3808
97.1778
97.3832
97.164
96.8774
97.1754
96.8689
97.5879
97.6321
97.6058
97.4283
97.4002
97.4265
97.4011
97.8894
97.8689
97.8935
97.6081
97.7024
97.607
97.7059
97.5294
97.9194
97.5369
97.2727
97.4182
97.2804
97.4156
97.3735
97.681
97.3653
97.148
97.3044
97.3196
97.2134
97.1758
97.3869
97.3824
97.1626
96.8804
96.8723
97.1669
97.701
97.3729
97.3866
97.172
97.3314
97.325
97.1785
97.7375
97.6669
97.7206
97.5701
97.535
97.5418
97.561
97.5862
97.6053
97.5833
97.4306
97.401
97.4007
97.4277
97.6905
97.7174
97.7512
97.5692
97.5369
97.5404
97.5655
97.9336
97.7702
97.91
97.6836
97.5201
97.5275
97.6763
97.8714
97.9072
97.8747
97.6079
97.6989
97.7003
97.6047
97.8129
97.9216
97.9582
97.6818
97.5254
97.5274
97.6782
97.3901
97.0957
97.3912
97.1756
96.8055
96.8166
97.1667
97.9195
97.5482
97.5469
97.2753
97.4191
97.4175
97.2876
97.0958
97.3907
97.3932
97.1818
96.8327
96.8253
97.1887
97.384
97.6198
97.3754
97.1889
97.3359
97.1851
97.3367
97.1722
97.3794
97.3809
97.1785
96.8773
96.8807
97.1791
97.7359
97.3698
97.3752
97.1924
97.3345
97.3359
97.1888
97.7923
97.6777
97.7277
97.563
97.5345
97.5635
97.5346
97.5607
97.6148
97.6002
97.4251
97.3995
97.3989
97.4263
97.7059
97.7351
97.787
97.5636
97.5362
97.5358
97.565
97.9639
97.7703
97.909
97.6757
97.5245
97.6758
97.5251
97.8569
97.9213
97.8978
97.6035
97.701
97.6997
97.605
97.8515
97.9353
97.9815
97.6757
97.5276
97.5264
97.6772
97.3905
97.0925
97.3883
97.1915
96.8329
97.189
96.8351
97.9721
97.5403
97.5436
97.2927
97.4213
97.4245
97.2899
97.0944
97.3861
97.3894
97.1866
96.8354
96.8345
97.1825
97.3854
97.6129
97.3548
97.1612
97.3319
97.1872
97.3275
97.1759
97.3753
97.3789
97.1491
96.8444
96.8587
97.132
97.6221
97.3621
97.3565
97.1791
97.3053
97.3203
97.1887
97.8116
97.6719
97.7328
97.5658
97.5367
97.5657
97.5382
97.577
97.611
97.5734
97.4334
97.3912
97.4007
97.4255
97.6672
97.7817
97.7254
97.5697
97.5349
97.5412
97.5613
97.9638
97.7833
97.9131
97.6798
97.5276
97.6784
97.5294
97.8531
97.9396
97.8702
97.6118
97.7
97.7061
97.6048
97.7764
97.9793
97.9143
97.6848
97.5245
97.5316
97.6782
97.3927
97.0951
97.3839
97.1764
96.8303
97.1822
96.8218
97.9222
97.5329
97.5267
97.2561
97.3972
97.4121
97.3052
97.0949
97.3855
97.3848
97.1857
96.802
96.8134
97.1643
96.4374
96.7667
96.3886
95.8585
96.2534
95.9402
96.2518
96.4081
96.7996
96.4189
95.8373
96.2433
95.8127
96.2367
96.9842
96.9325
96.9808
96.1345
96.3553
96.1411
96.3548
96.9318
96.9752
96.9789
96.1398
96.3491
96.3526
96.1271
96.7701
96.4103
96.4043
95.8414
96.2503
96.2501
95.8295
96.52
96.7957
96.518
96.0185
96.2269
96.2447
96.1272
96.9894
96.9766
96.9871
96.1562
96.336
96.3406
96.2086
96.9693
96.9792
96.9791
96.1429
96.3537
96.3495
96.1395
96.7913
96.4109
96.4468
95.9195
96.2418
96.2431
95.8806
96.9786
96.9499
96.9876
96.1218
96.3427
96.1142
96.3401
96.956
96.9773
96.9865
96.1436
96.3262
96.334
96.194
96.81
96.4203
96.4283
95.8671
96.2262
96.2328
95.9229
95.4929
95.9955
96.1572
95.0977
94.6107
94.5993
95.0979
96.119
95.5018
95.9712
94.9911
94.6091
95.1939
94.5995
95.5232
96.0689
96.0252
94.9797
94.5957
94.5939
95.0326
95.9565
95.5274
95.9858
95.008
94.6023
95.0048
94.6074
96.4139
95.5082
96.437
95.3542
94.7081
94.6293
95.1976
95.5254
96.0328
96.055
95.0929
94.7097
94.6309
95.1023
96.5502
96.1437
96.5515
95.4938
95.293
95.5012
95.2893
96.5504
96.1557
96.5478
95.501
95.29
95.5054
95.2924
96.1676
96.5513
96.5543
95.5176
95.294
95.2978
95.5055
96.1432
96.5511
96.5508
95.496
95.2888
95.2894
95.4909
96.534
96.1712
96.5451
95.5408
95.3256
95.3078
95.6093
96.1606
96.5393
96.551
95.5269
95.3223
95.3045
95.5898
98.4504
73.0956
129.112
101.395
109.844
84.5208
152.853
94.943
102.145
97.7722
96.5472
94.854
101.77
92.3767
93.9064
102.909
95.6685
96.7437
96.3781
103.198
93.4034
90.5042
86.5448
137.488
98.9729
90.8728
83.0755
182.054
90.3801
90.3717
119.735
91.0802
90.4326
112.608
138.666
96.8914
130.726
126.783
105.685
97.5932
100.845
127.107
99.8926
96.5154
102.422
97.6234
100.248
96.5482
107.395
97.8886
98.513
101.74
99.7472
101.698
98.3834
102.362
110.391
95.6868
97.5293
96.3548
98.2112
97.0865
98.7587
99.6327
105.179
104.562
97.0336
99.5595
94.8765
98.4624
98.4501
100.496
97.4268
98.7586
100.069
97.6645
98.2404
102.061
98.3016
99.8271
98.6628
102.413
98.4961
103.685
96.9649
98.4352
99.8484
97.9586
97.062
97.6602
99.2532
97.8167
97.6282
99.1497
97.3904
98.6589
97.4375
100.495
102.541
102.419
100.694
100.625
103.153
101.497
101.449
118.973
174.741
103.048
117.966
99.3446
129.899
181.529
100.032
97.359
100.343
98.1256
101.959
97.4404
100.48
99.4696
96.8455
99.8036
97.0646
99.7208
98.1354
98.8406
108.754
96.7243
99.0556
97.4101
104.2
97.4247
98.7032
98.2956
99.1075
99.4132
96.9032
98.5802
99.2184
100.385
100.119
95.7667
98.7809
100.152
98.7911
98.0582
101.676
92.0518
93.0641
91.9272
93.1189
92.0515
93.0637
91.927
97.3818
97.4055
94.9087
95.0147
97.379
97.4051
94.9113
97.3809
95.0138
97.404
94.9106
97.4052
94.9116
97.3803
92.0418
93.0749
91.915
93.1233
92.0516
93.0684
91.9277
92.0512
93.0673
91.9273
93.1281
92.0411
93.0739
91.9143
97.3725
95.0198
97.4003
94.9157
97.3958
94.9152
97.3771
97.3707
97.4036
94.9177
95.0242
97.3756
97.3978
94.9166
92.0111
93.1557
92.0477
93.11
92.0108
93.1549
92.048
97.2591
94.936
97.2308
94.9429
97.2566
94.9371
97.2327
97.2583
94.9429
94.9364
97.2328
94.9372
97.2329
97.2588
92.0104
93.1589
92.0477
93.1172
92.0004
93.1662
92.0348
97.2455
94.943
97.2268
94.9446
97.2519
94.9444
97.2228
92.0012
93.1673
92.0356
93.1143
92.011
93.1599
92.048
97.2488
94.9498
94.9423
97.2305
94.9452
97.2241
97.2549
97.3651
97.3758
95.0124
95.0427
97.3879
94.9384
97.3493
97.3611
95.0403
97.3778
95.0209
97.3863
94.9396
97.3544
97.2352
94.9668
95.0427
97.2012
94.9665
97.2139
97.227
97.2396
95.0373
97.2019
94.969
94.9664
97.2126
97.2237
94.707
95.2552
94.7053
94.0427
94.2185
94.0423
94.2242
95.2489
94.7103
94.7045
94.0442
94.2275
94.2286
94.0437
94.7224
95.2753
94.7302
94.0452
94.2281
94.0457
94.2244
103.062
102.058
99.7773
96.8726
102.453
102.345
99.4055
95.274
94.7116
94.7273
94.0463
94.2211
94.2204
94.0457
95.2936
94.8489
94.7599
94.0518
94.2282
94.2302
94.0443
94.8349
95.2884
94.7689
94.0528
94.2292
94.2284
94.0417
95.9424
95.5641
95.5616
94.9345
95.0755
95.0764
94.9348
95.5633
95.9408
95.5616
94.9352
95.0786
94.9363
95.0755
97.3629
94.8738
97.0716
94.6968
97.3583
94.8747
97.0711
95.5719
95.9606
95.5823
94.9388
95.0792
94.9383
95.0784
97.352
94.7011
94.8803
97.0745
94.879
97.0743
97.357
97.3603
94.6972
94.8751
97.0753
94.8745
97.0702
97.3613
97.3493
94.8799
97.0728
94.7001
97.3545
94.881
97.0748
97.3458
94.9727
97.0854
94.7159
94.9002
97.0758
97.3351
96.9985
96.7897
94.7828
94.7226
96.9965
96.7852
94.7858
96.9976
94.7227
96.7882
94.7839
96.7858
94.7846
96.9985
95.9859
95.7124
95.6129
94.9431
95.0774
95.0851
94.9343
97.3417
94.7155
94.9775
97.0843
94.9017
97.0776
97.3398
95.7142
95.9916
95.6148
94.9461
95.0809
95.0861
94.9373
95.9718
95.5731
95.5831
94.9415
95.081
95.0798
94.9407
96.9911
94.7217
96.7885
94.788
96.7919
94.7867
96.9953
96.9873
96.7912
94.7888
94.7224
96.992
96.7898
94.7893
96.9843
96.7972
94.8727
94.7367
96.7952
94.8074
96.9724
96.9792
94.7369
96.7966
94.8763
96.7923
94.8086
96.9749
106.058
95.297
97.6726
94.1846
101.433
95.2104
97.8261
99.838
113.831
106.255
99.2203
99.5
113.741
104.442
91.8216
93.3882
91.9726
93.0979
91.822
93.3882
91.9734
96.0807
94.4458
96.4327
94.9346
96.085
94.4439
96.4202
96.0857
94.9363
94.4429
96.4261
94.4444
96.4163
96.0796
91.8223
93.3894
91.9738
93.0996
91.8128
93.3926
91.9619
96.0562
94.4402
96.4448
94.9301
96.105
94.4458
96.4713
91.8115
93.3911
91.9606
93.098
91.8213
93.3883
91.9725
96.0956
94.9298
94.4454
96.4465
94.4385
96.4671
96.0869
91.8526
92.8025
91.5308
93.274
91.8531
92.802
91.5304
96.3456
94.9768
96.7984
94.3495
96.7909
94.3497
96.3506
91.8411
92.8067
91.52
93.2771
91.8527
92.8037
91.5318
96.3346
94.9752
96.8089
94.3507
96.8383
94.3553
96.3587
96.3461
96.7944
94.3487
94.9775
96.3481
96.7885
94.3508
91.8527
92.8024
91.5308
93.2786
91.8399
92.8053
91.5187
96.0698
94.461
96.549
94.93
94.4523
96.5038
96.1911
96.0762
94.929
94.4556
96.5514
94.463
96.5096
96.1564
96.3525
96.8152
94.3507
94.974
96.349
96.8421
94.3464
96.3562
96.9276
94.3618
94.9747
96.8805
94.3685
96.441
96.3382
94.9736
96.9266
94.3654
96.8816
94.3611
96.4607
99.4603
101.225
103.159
103.819
100.58
105.059
102.762
111.002
90.851
100.389
108.089
103.978
90.226
113.499
102.139
100.615
99.6634
100.694
102.061
100.759
100.742
95.4728
94.1407
95.0023
94.4202
94.998
94.419
95.4773
95.5975
94.2473
94.9935
93.8579
95.6032
94.2468
94.9905
95.6035
93.858
94.2446
94.9915
94.2462
94.9921
95.6063
95.5168
95.009
94.4212
94.1443
95.4921
95.019
94.4183
95.6333
93.8633
94.2494
94.9991
94.2471
95.0065
95.6123
95.4792
94.9991
94.4164
94.1405
95.485
94.9982
94.4173
95.6138
94.2469
95
93.8636
95.6246
94.249
95.0033
95.5425
94.149
95.1172
94.4157
95.0382
94.4237
95.6077
95.5004
94.145
95.0101
94.4186
95.0097
94.4197
95.5018
95.6571
94.2453
95.1209
93.8689
94.2535
95.0315
95.7236
95.651
93.8693
94.2453
95.1187
94.2568
95.0315
95.7221
95.5354
95.1104
94.4151
94.1499
95.0391
94.426
95.6042
108.017
105.428
117.779
104.517
103.617
101.241
103.828
97.3866
96.4983
60.566
95.0663
115.62
105.911
0.323514
103.971
101.176
105.355
106.165
96.6823
102.388
117.159
113.336
115.435
76.9713
121.323
82.3262
102.653
79.8148
93.4511
83.7973
75.6631
85.477
93.0172
94.8586
78.3603
99.2485
105.26
106.529
108.713
100.223
106.65
107.635
102.336
100.713
95.1487
100.903
97.2504
130.836
127.962
78.4905
97.742
143.984
103.521
72.8255
84.1188
94.9556
105.512
89.3592
102.445
120.14
104.505
99.1035
100.717
94.4585
94.5415
94.4601
93.8725
94.0009
94.0114
93.8632
94.4488
94.4247
94.4218
93.8641
94.0079
94.0085
93.8642
94.4173
94.4484
94.4165
93.8648
94.0078
93.8655
94.0085
94.4331
94.4514
94.437
93.867
94.0102
93.8674
94.0085
94.4513
94.4266
94.4401
93.8691
94.01
94.0077
93.8695
94.5303
94.4587
94.4664
93.8737
94.0015
94.0107
93.8635
94.2967
95.8159
96.9511
153.761
121.328
100.288
87.0761
114.004
104.037
160.543
92.1626
123.209
136.188
70.6398
103.391
82.3614
219.025
102.99
110.424
77.1678
13.2965
123.892
110.461
119.045
131.42
121.71
110.735
103.553
126.578
114.316
103.856
100.349
120.428
112.888
104.208
97.4646
111.103
99.8838
118.25
114.304
109.778
109.073
101.85
110.88
107.387
104.691
114.675
176.922
103.467
103.262
102.2
100.165
101.208
101.877
100.789
100.677
98.0382
99.1268
99.7363
97.7355
97.7575
99.1514
99.4134
94.7068
92.7045
95.3248
104.943
97.5197
94.6786
95.4593
99.0097
97.2871
101.606
94.8823
100.749
100.507
109.725
91.5067
92.8627
91.6615
92.6678
91.5068
92.8626
91.6621
143.047
117.971
56.6117
101.039
101.092
112.452
61.6077
94.6387
94.1062
94.707
94.0424
94.6411
94.1066
94.7058
94.6359
94.042
94.1071
94.7076
94.107
94.7075
94.6389
91.4969
92.8649
91.6499
92.6681
91.5063
92.8625
91.6616
98.1516
105.44
93.323
96.9842
96.9033
113.466
93.4311
110.601
111.909
107.511
134.571
106.586
112.436
113.867
94.6439
94.0448
94.1083
94.7092
94.107
94.7126
94.6414
91.5068
92.8631
91.6623
92.6697
91.4976
92.8654
91.6507
94.6509
94.1098
94.7093
94.0454
94.6457
94.1087
94.7116
94.6519
94.0995
94.7693
94.0485
94.1095
94.7278
94.6569
94.6535
94.0486
94.1006
94.7695
94.1112
94.7271
94.6549
91.3101
92.0917
91.0514
92.4074
91.3106
92.0916
91.0514
94.2153
94.5272
93.5752
93.72
94.2104
94.5253
93.5754
94.2244
93.7198
94.5258
93.5773
94.5246
93.576
94.2226
91.2984
92.0941
91.0399
92.4089
91.3095
92.0918
91.052
91.3107
92.0918
91.052
92.4111
91.2986
92.0941
91.04
94.2278
93.7227
94.5299
93.5764
94.5334
93.5751
94.2329
94.232
94.5291
93.5796
93.7231
94.2349
94.5328
93.5775
94.2166
94.5935
93.5688
93.7268
94.5487
93.5803
94.2488
94.2286
93.7266
94.593
93.5694
94.5483
93.5809
94.239
97.5879
98.4667
98.5985
98.5862
98.6701
97.9484
98.3221
93.4951
102.652
97.0079
120.926
92.6157
110.799
95.9023
96.2155
96.0843
92.0828
108.856
96.7028
96.2096
93.3219
95.36
95.463
95.4689
94.8519
94.8401
94.8407
94.8499
95.4722
95.3582
95.4718
94.8535
94.8386
94.8541
94.84
95.4614
95.3618
95.467
94.851
94.8412
94.8519
94.8382
95.3628
95.4721
95.4708
94.8545
94.8408
94.8391
94.8565
95.3627
95.5029
95.4827
94.8552
94.8296
94.8408
94.8452
95.4987
95.3728
95.4797
94.8578
94.8309
94.8424
94.8468
95.9315
94.896
97.0243
94.9105
95.9716
95.3717
97.2216
104.177
96.7676
110.535
98.076
101.411
96.575
108.826
98.076
95.5238
97.4978
93.9058
99.2385
94.9525
96.7299
101.174
98.9907
100.963
102.538
104.72
99.7466
101.968
97.5296
98.946
98.291
98.7147
98.6796
98.316
98.6149
99.3387
103.44
105.281
103.65
103.796
125.391
115.471
106.301
97.4649
102.416
105.796
108.992
105.573
114.275
98.8786
103.777
103.933
101.823
103.802
103.463
101.658
103.951
99.2923
103.954
101.573
104.117
101.804
105.898
97.2593
100.415
100.573
105.689
78.0477
71.3721
105.749
100.796
100.886
114.987
98.4408
101.63
101.31
98.7267
97.0934
95.6503
97.1155
95.9849
102.648
101.891
95.1984
97.4628
106.088
97.452
100.106
95.4262
99.9506
95.4357
97.7292
89.4107
93.2038
96.245
97.4255
90.0743
95.9321
96.4814
95.4161
97.8917
95.244
95.1871
95.8008
98.9959
104.651
108.059
106.244
116.946
109.084
111.597
109.219
101.473
99.5707
97.4113
101.117
102.772
96.7807
95.8678
85.2386
83.1012
86.7438
97.9685
91.0423
94.1908
167.264
95.3956
95.175
95.8532
110.979
95.8866
98.0699
95.424
99.9727
98.4635
108.394
95.8278
122.87
96.9033
98.344
96.8035
104.947
104.911
100.691
92.4211
92.6215
95.0566
105.088
109.825
97.8089
102.009
101.7
107.033
99.0876
108.836
100.858
98.3758
97.7719
102.189
97.6134
100.672
95.3703
95.9389
93.8123
106.595
95.5749
104.851
95.653
97.361
97.1294
99.4007
97.0163
99.6392
96.4416
97.4426
103.751
96.9664
103.68
99.9335
101.251
101.938
100.192
106.618
91.7256
95.6139
93.0692
92.1842
95.1442
106.855
97.511
96.5039
95.4623
91.5546
93.3209
94.5773
94.5294
92.9902
92.0428
91.9463
95.6419
119.474
103.203
97.7977
80.495
85.9593
85.7685
82.1847
78.0711
89.9081
85.9567
97.0516
93.8983
102.748
97.2625
107.831
102.244
97.4308
82.9445
82.7043
76.8322
79.0463
84.3228
83.3829
79.0975
95.2553
145.628
97.5316
102.366
100.841
103.786
101.269
98.716
97.7984
97.7584
107.554
98.5977
97.9958
97.5511
100.387
100.68
102.574
98.8932
102.279
98.871
100.837
100.574
105.01
105.827
103.602
103.81
130.015
98.4951
86.6981
102.894
98.9853
97.3563
99.0347
98.2273
95.0646
97.8791
118.086
104.532
99.8598
104.781
107.226
105.984
112.778
107.641
104.561
100.003
101.237
107.624
109.032
114.299
104.881
118.831
106.623
104.819
118.551
104.951
119.012
106.952
108.198
115.234
118.828
109.997
107.434
96.8849
105.637
96.9805
103.556
104.597
106.32
106.358
97.3556
98.7855
98.7457
99.7015
99.1788
97.6908
98.757
104.723
100.484
103.408
96.8327
97.5663
104.91
103.526
110.268
105.633
109.162
113.121
109.429
116.937
111.749
100.435
102.683
104.041
100.133
102.664
101.261
99.4339
101.121
100.604
101.189
102.045
100.813
101.548
100.861
97.8488
96.443
96.4698
100.227
102.447
97.0772
100.218
96.9957
102.585
100.228
100.114
100.369
109.578
96.831
97.3428
97.0522
96.6682
97.5492
98.7389
98.7383
97.8135
100.377
89.2646
104.781
103.567
104.795
103.473
81.6001
99.6299
98.918
98.9773
98.9346
98.2848
99.5677
98.6869
100.684
101.168
100.531
101.965
101.271
100.565
100.613
103.444
103.334
103.532
91.9726
106.459
106.505
118.853
103.8
121.585
104.155
121.403
117.372
139.706
121.783
99.9105
99.5417
98.9158
99.1585
99.6223
98.2833
98.4291
100.217
121.636
102.183
99.6034
99.5692
99.2428
108.088
95.8036
102.583
94.7848
121.808
94.1295
102.696
97.1064
100.648
101.744
102.038
101.28
102.317
100.927
101.609
99.7716
101.614
105.656
96.8322
109.277
96.5236
101.201
98.9292
98.8954
98.979
99.5961
99.5775
98.5356
99.1596
98.1566
98.6281
99.5412
97.9532
98.3298
99.1285
101.007
102.85
103.468
100.637
105.04
103.326
103.346
114.082
99.0803
99.1376
99.5798
99.6597
99.7659
100.061
99.2072
94.5337
94.4033
94.54
94.0815
93.9475
94.0795
93.946
94.4274
94.5344
94.5387
94.0782
93.9515
93.9496
94.0808
94.5524
94.4254
94.5453
94.082
93.9407
93.9523
94.0717
94.5578
94.401
94.5552
94.0818
93.9457
94.0852
93.9448
94.3978
94.555
94.5477
94.083
93.9433
93.9447
94.0832
94.4092
94.5531
94.5529
94.084
93.939
93.9489
94.072
98.0306
96.4883
98.2248
97.9644
97.6121
102.2
99.8573
74.0374
80.147
86.7855
98.2627
78.05
80.1288
87.7383
117.153
86.6769
87.3631
122.216
116.636
86.4956
95.2633
103.444
106.376
100.657
107.901
103.084
111.892
100.169
96.4519
98.8265
98.6261
100.881
101.878
101.002
101.003
96.7331
95.3771
103.542
98.0068
97.7975
96.7762
97.0933
111.031
99.8483
102.244
109.97
106.36
99.5991
98.6826
115.454
98.6005
100.233
103.497
98.4897
114.064
100.226
98.3571
97.8924
98.5156
96.9198
96.9201
97.5157
96.9084
97.8667
98.3384
97.704
98.7436
99.1851
98.1915
97.5698
97.4656
98.3405
98.5714
98.1657
98.654
98.7118
98.2586
104.839
99.4189
108.87
101.85
104.964
100.321
110.76
103.286
103.143
94.9868
99.9631
107.238
100.968
93.1617
95.0038
98.6664
123.12
97.8351
92.8991
98.8386
92.0118
98.5695
100.724
89.7006
96.3442
100.244
91.2553
98.6662
94.3619
100.402
93.9539
91.7084
92.8784
92.166
92.2892
120.597
113.342
106.377
102.017
95.1991
113.634
107.759
106.112
109.795
126.805
115.52
108.724
112.257
138.235
91.3762
109.344
122.2
100.189
94.9115
109.104
127.286
78.6547
112.357
339.447
297.813
330.508
235.566
99.7018
131.61
113.966
110.617
99.868
140.443
109.411
159.387
176.336
74.5304
76.0323
118.701
127.6
100.275
74.9417
115.105
122.077
117.537
121.168
116.388
118.575
121.113
111.494
107.134
114.635
107.634
123.118
123.461
109.152
94.1428
133.813
119.197
97.1759
92.3962
131.039
120.537
148.674
160.9
113.024
119.978
148.894
117.736
109.406
100.067
112.512
103.175
113.832
103.122
102.806
108.519
90.1599
110.358
101.256
118.003
92.492
137.778
122.013
142.757
122.915
107.395
123.556
151.287
126.747
113.601
99.0132
99.224
100.16
98.8041
98.9313
99.0938
99.3746
99.187
107.23
109.544
121.106
100.219
107.116
109.841
100.042
103.547
99.7105
101.417
103.446
99.8876
99.8951
115.031
106.676
114.521
113.474
107.238
115.727
113.569
147.145
128.267
126.572
105.459
132.241
127.188
107.266
111.51
114.643
134.923
130.424
166.139
129.774
120.744
100.536
101.183
95.5036
103.061
97.8656
97.8136
105.981
101.364
96.9471
98.3542
97.1944
103.56
103.514
98.3482
101.832
99.7747
98.183
98.3046
97.8508
98.5732
99.2718
102.006
98.0608
98.1867
97.7831
97.845
98.54
98.6152
102.191
95.261
99.0769
96.3711
98.6799
97.0185
95.9906
103.72
102.44
108.21
96.3229
98.1729
97.1275
102.342
100.236
103.012
101.856
96.5438
107.913
110.789
97.4593
96.6323
99.732
110.573
97.0337
100.519
95.924
95.9558
124.501
121.586
105.359
141.435
134.815
145.653
137.79
99.4145
104.24
103.94
101.543
110.542
117.636
101.817
97.6912
95.5005
96.3073
100.295
97.4513
100.685
97.4029
99.3082
105.752
101.598
102.526
99.8493
99.549
105.457
101.182
99.8974
103.086
103.963
99.6008
102.752
99.6307
129.093
113.221
104.624
116.511
104.409
117.225
135.837
102.952
98.2948
96.9356
103.779
128.876
103.057
98.6747
119.271
102.755
132.046
107.425
103.322
99.5456
115.046
125.675
100.705
105.483
99.4031
101.954
99.0815
98.872
104.087
110.883
104.585
99.0342
120.764
99.2951
113.145
93.9022
97.7829
90.509
97.6275
93.9602
98.8832
90.1445
150.289
103.442
99.9187
106.472
152.507
102.904
99.5769
98.3814
98.846
101.054
118.395
98.4485
112.064
97.7135
109.444
112.441
103.802
126.458
109.964
153.386
104.732
105.124
105.325
104.675
99.8211
105.668
104.656
105.109
104.834
104.891
99.3239
108.774
99.3483
107.299
104.601
89.042
106.168
76.2178
108.315
87.5321
97.0799
92.7378
93.7781
101.832
91.7833
99.9456
96.9666
102.574
136.066
104.27
98.4526
104.429
98.2635
104.496
98.6265
101.686
104.069
106.941
95.6082
99.1794
107.01
104.807
99.8809
103.581
97.4431
92.0223
131.501
101.935
98.5219
91.1613
104.009
99.8556
104.16
102.392
103.041
104.393
102.911
105.158
109.946
97.8555
103.07
123.585
102.063
104.717
101.883
106.142
98.6943
106.903
109.106
114.085
105.006
100.322
101.421
100.95
103.216
99.4573
99.4463
103.227
126.262
110.86
125.596
106.481
87.3808
91.8596
103.386
120.335
107.322
110.131
106.55
107.353
100.144
100.083
107.845
108.323
103.882
105.14
107.721
102.237
100.5
104.589
104.678
101.744
102.269
103.921
117.714
101.825
106.828
103.733
107.52
113.186
106.827
99.4179
109.049
104.182
99.6912
106.58
93.0908
104.704
88.5737
104.33
149.266
106.901
99.8214
162.682
105.17
99.792
156.952
95.7124
105.847
100.671
117.09
104.451
97.5106
126.084
93.9829
101.968
101.607
90.7369
98.8509
90.8045
94.3223
95.6211
98.5808
97.5526
97.6664
97.788
97.4481
97.3423
105.729
100.444
108.053
105.092
105.127
99.4786
99.8393
125.586
122.398
91.0672
96.075
95.2029
91.5813
86.8427
86.3857
182.854
139.22
102.811
87.8693
69.5402
74.434
100.097
111.707
114.609
104.661
98.6174
97.3254
104.431
123.041
86.9922
89.4612
95.3753
94.9107
44.094
37.6203
114.665
108.214
108.627
129.65
107.334
101.25
120.112
78.4036
78.0735
78.6935
76.5215
79.7186
82.1885
80.2032
71.4174
121.351
83.6049
92.122
61.206
77.436
96.6535
104.075
102.764
113.086
97.0901
97.1977
100.645
101.734
115.093
110.549
107.367
100.272
92.1199
91.0097
97.0415
100.533
103.31
101.932
112.69
105.016
100.42
111.822
100.584
103.005
98.8232
118.233
110.93
100.311
112.841
109.537
125.125
98.6194
108.177
122.69
97.3424
116.073
125.649
99.895
138.595
108.2
123.361
103.652
120.414
126.134
103.476
119.851
126.723
121.427
118.387
94.9267
100.636
95.4437
96.7631
103.969
99.3233
96.2331
97.8353
81.4569
91.2786
81.835
178.412
92.3737
86.9606
178.545
97.6686
96.1345
95.717
99.7927
106.266
101.429
101.882
101.788
101.62
99.8416
102.616
100.57
99.8632
99.6377
108.985
95.2005
96.4446
97.9364
100.887
97.3775
97.8043
97.1703
100.114
96.4512
97.4389
99.7925
98.0828
98.8518
96.5722
104.929
103.332
102.401
100.15
100.336
110.031
113.622
100.59
113.428
106.003
96.8462
96.81
104.354
150.76
91.8361
87.2085
100.251
129.715
98.2217
139.312
127.119
80.5404
89.5665
121.495
86.8136
132.89
84.5989
92.7948
97.4289
122.001
116.657
92.8682
97.8363
93.3157
102.029
104.181
104.15
96.8655
96.6978
101.099
99.8937
107.741
117.534
139.269
111.631
116.267
91.8143
107.939
99.674
98.4285
99.0326
100.228
100.912
99.6565
100.595
158.497
40.1354
32.7262
109.581
109.057
135.32
104.705
117.223
113.283
111.685
109.048
107.535
105.393
119.647
105.631
75.8862
76.3194
120.785
98.1054
97.3463
133.497
112.735
99.2196
108.018
100.014
107.573
104.904
111.491
99.1892
101.521
98.6322
99.4501
99.5291
102.551
102.832
100.611
95.8822
100.087
94.4692
92.425
95.1977
96.4135
103.774
104.967
104.034
102.811
107.082
106.455
104.098
99.9991
98.3133
98.0373
107.719
118.09
105.021
113.205
120.495
101.282
98.868
99.8656
127.004
126.959
97.5448
107.213
102.399
108.328
99.928
113.003
100.253
105.246
103.696
99.5692
101.181
124.515
99.8227
110.137
104.802
96.1738
98.8306
96.0023
100.537
99.0714
110.956
98.743
104.842
104.773
104.248
104.108
110.369
104.677
104.228
96.0755
97.7727
98.4813
110.95
99.2542
98.8955
122.096
95.6509
119.284
94.9382
118.674
76.946
117.923
77.4587
111.878
101.168
100.313
103.24
100.559
103.714
110.897
118.337
101.966
105.076
118.146
107.328
139.961
104.425
105.779
107.465
106.786
131.284
130.56
101.796
98.0654
104.217
102.14
103.789
95.5499
95.9748
100.564
100.054
96.2053
101.141
100.292
93.9247
93.7013
96.3406
95.1562
93.1869
118.137
116.67
107.352
98.2406
94.3376
96.2526
110.361
100.195
104.329
100.566
109.962
101.588
106.182
103.239
102.733
115.47
101.191
103.587
103.575
114.382
105.023
111.303
116.908
98.0104
94.9917
144.97
151.061
104.611
103.967
107.455
104.934
106.676
104.821
110.216
109.09
112.794
101.071
106.56
129.469
111.489
102.368
103.715
103.637
105.316
116.852
106.718
102.75
102.32
112.105
102.168
104.87
101.369
112.163
102.5
103.63
89.6399
106.085
88.0557
106.711
105.876
89.8359
88.1145
98.5037
100.613
98.4139
100.827
99.6445
100.838
99.7153
116.896
103.474
103.23
101.878
113.488
103.883
103.55
100.818
98.6194
98.6132
101.357
100.289
100.27
102.45
98.0349
101.913
102.043
102.328
99.8493
99.3718
102.548
109.103
101.599
102.771
104.118
102.182
104.068
111.574
100.177
99.0722
98.6651
98.7484
99.8416
101.558
101.768
101.408
107.737
107.161
103.92
103.299
108.819
120.062
98.2663
105.873
101.988
106.697
96.9677
97.3052
106.381
103.029
97.7492
102.423
102.147
97.4402
101.455
103.05
98.7406
101.022
98.6804
103.085
100.806
101.216
102.558
101.791
98.0153
101.235
102.439
100.287
103.134
100.384
112.631
100.148
100.78
104.662
100.832
104.293
120.531
100.991
98.8376
98.7475
99.0278
101.508
101.478
101.065
103.949
104.538
103.853
129.476
103.615
113.388
105.736
98.0563
105.018
101.276
102.213
100.612
100.436
102.064
189.578
71.5229
55.9324
115.891
99.4746
235.359
212.631
88.9194
90.9485
99.9364
114.961
101.593
100.632
116.535
101.573
95.7956
107.356
102.049
100.826
92.9178
94.6926
99.8274
104.818
105.179
103.347
103.505
108.515
100.416
104.54
98.303
101.177
93.7321
97.5536
97.4635
106.746
101.057
101.052
97.2795
105.212
96.6642
102.462
101.173
98.8117
96.6125
101.102
96.4587
100.196
102.964
98.4154
99.167
100.623
100.986
102.659
98.5309
100.439
100.642
104.249
98.41
99.3957
102.803
98.6177
101.601
105.377
103.321
101.936
105.268
97.6912
97.5609
101.365
102.812
108.828
102.182
103.551
89.9455
121.977
105.953
89.6073
107.451
104.388
103.196
105.708
101.508
107.552
109.634
105.933
106.599
112.477
114.856
109.426
106.788
109.781
100.279
104.54
104.438
107.75
139.348
113.624
134.47
103.22
103.848
104.808
117.41
108.537
107.663
108.138
106.88
103.076
104.347
101.79
101.924
104.512
123.737
106.721
107.278
106.873
112.536
118.097
114.899
117.806
114.947
113.796
6.56064
101.38
115.559
97.1403
16.9242
98.8541
100.241
98.6866
99.6978
100.558
100.479
109.675
98.7188
102.585
100.347
101.633
100.213
102.228
99.8616
98.2743
100.307
97.8109
101.407
98.6063
100.179
98.4872
155.157
114.15
115.644
84.0959
101.659
103.248
98.0883
104.951
99.7441
109.966
106.329
139.639
101.209
104.925
104.732
108.668
107.055
103.294
108.193
106.832
116.802
106.924
111.873
103.335
112.437
108.483
111.073
108.928
105.678
126.02
112.727
87.9269
106.23
104.682
107.687
94.4452
22.6566
241.297
282.912
132.752
50.8225
165.813
96.3087
107.855
95.8536
96.4114
109.939
95.5195
108.662
103.327
108.703
109.174
109.059
106.724
108.936
118.245
112.259
105.198
102.316
117.068
114.325
108.394
129.832
142.361
86.4422
165.031
103.419
102.685
100.045
104.475
113.409
114.734
112.176
86.0773
101.87
87.0609
102.505
107.942
109.154
111.23
109.772
106.344
107.028
111.999
131.204
84.695
98.8321
108.001
89.8066
107.793
90.2911
214.237
78.7128
82.4437
195.08
122.091
242.704
252.019
110.737
107.275
106.055
103.945
106.017
106.17
111.715
99.8359
105.002
104.573
100.769
104.631
105.417
106.686
119.431
117.199
96.3305
112.687
92.1733
121.672
107.96
90.3
99.4618
92.3276
100.526
116.553
98.0071
117.167
95.7393
97.4256
95.8969
97.8096
96.9461
97.737
96.9656
116.613
111.94
111.522
87.9361
87.7839
102.845
103.66
156.019
106.173
100.05
96.9075
99.3424
106.344
96.3569
103.168
96.0133
93.7504
98.1163
101.704
97.1465
92.7754
90.9697
110.974
96.0574
82.2532
88.2428
108.671
98.69
161.933
176.128
217.865
235.607
335.044
344.034
139.271
107.582
97.9054
105.9
98.5815
105.844
92.9588
95.0212
96.4646
91.5493
96.8647
106.559
83.6952
102.067
87.3298
97.5102
87.4702
85.6669
89.0698
102.946
93.8545
92.7369
120.133
136.287
94.9514
110.147
125.427
242.837
198.603
139.419
13.8986
136.402
157.105
76.5121
30.9637
153.351
15.4971
129.583
117.407
33.8511
138.322
34.6631
120.178
147.536
114.116
102.959
130.451
104.447
148.578
137.94
106.629
127.321
310.683
101.316
70.5748
294.946
112.857
111.011
97.3935
134.286
184.544
88.2969
139.727
153.096
116.843
114.834
90.7637
132.013
124.525
77.7949
77.8108
104.721
103.582
96.6106
102.992
104.234
105.368
95.8024
91.8959
125.814
91.2201
100.137
100.292
128.342
127.107
125.497
92.6854
92.3421
111.363
102.592
126.377
136.335
232.862
91.8775
211.201
446.286
55.2281
442.58
196.202
196.087
94.3856
103.838
159.289
64.645
282.87
91.0215
100.181
101.338
100.952
101.828
101.463
100.672
102.235
94.4514
103.966
108.376
102.141
94.5455
103.669
116.655
123.536
106.714
133.97
97.9181
109.873
111.471
93.8352
92.0337
108.613
96.3632
137.245
93.6994
82.3817
160.516
118.876
109.689
116.971
121.871
110.687
126.01
113.864
97.0534
95.5596
94.7219
112.526
147.314
90.1977
140.072
87.5187
85.1638
114.155
94.7957
117.659
89.1895
93.5931
95.5816
94.0432
100.239
94.9143
91.4125
94.6815
91.2769
124.228
102.589
184.533
119.848
148.796
124.663
150.602
99.3096
131.014
86.7652
113.964
121.598
179.13
156.328
63.6001
191.74
195.058
156.929
182.082
64.5784
60.9688
95.2907
89.6519
88.7295
108.733
82.8198
113.991
83.3269
98.6658
88.8534
73.5194
75.8042
185.076
185.16
90.0486
89.1778
101.767
120.17
71.4592
154.961
86.3112
156.872
104.305
104.404
100.583
112.058
111.172
102.9
103.391
100.672
120.9
128.869
107.741
129.886
158.755
106.91
119.377
100.343
73.977
124.66
74.5261
123.534
107
141.906
101.437
101.135
128.465
130.74
132.597
133.53
109.833
128.187
123.367
138.42
125.139
118.778
147.9
99.0132
102.14
84.2649
89.9814
180.985
86.8354
184.799
101.893
128.528
100.079
94.8992
110.591
137.869
96.3799
111.593
158.854
342.993
122.611
93.4432
137.917
194.278
102.826
100.281
106.862
108.028
103.06
87.1349
88.6894
101.69
80.554
69.6425
72.2266
86.6669
226.226
159.669
148.415
124.937
125.318
108.312
127.53
112.259
129.124
110.116
120.551
92.0611
97.3555
126.468
106.96
92.4297
112.337
108.845
108.765
128.088
113.282
110.667
131.558
99.4246
106.386
118.534
85.7237
98.6187
84.9305
105.356
99.669
141.276
89.6611
107.805
95.7355
124.547
97.9731
94.1687
104.531
92.6483
100.834
95.3963
107.004
98.797
107.818
110.561
108.504
130.1
110.931
128.323
111.256
96.7513
91.3304
99.372
108.294
97.335
105.718
91.3635
94.3427
142.012
141.118
102.613
106.21
103.379
97.5764
120.762
97.1496
114.847
118.538
104.328
123.385
100.957
111.714
117.555
117.896
99.8612
101.743
129.297
97.5097
101.775
108.56
102.929
108.248
116.361
103.391
107.932
89.02
140.563
140.738
113.811
126.398
99.0578
107.285
90.2459
104.15
114.594
99.2263
117.531
99.8066
90.4506
80.8778
120.788
116.276
103.603
100.627
103.921
101.787
98.0353
108.82
94.9138
96.9408
93.0619
91.353
92.7734
112.135
111.27
138.652
133.489
115.919
94.3418
121.017
96.8855
150.319
93.9314
93.1356
105.08
107.916
91.4789
114.278
112.3
105.599
101.502
112.802
106.196
114.089
97.1989
110.613
101.549
99.634
112.415
98.6759
108.5
129.022
100.516
164.347
133.47
102.85
160.543
126.172
98.4241
106.888
142.873
80.9168
142.646
104.944
165.34
100.37
99.6607
98.105
97.2251
98.3861
100.087
98.0557
87.0031
62.8004
66.8348
124.31
195.809
72.5652
74.4487
106.272
96.7371
104.527
102.301
102.362
103.404
102.755
99.521
138.326
97.7894
147.923
100.553
97.7625
91.1617
160.284
140.342
150.867
124.437
121.863
125.228
121.101
113.712
107.617
106.537
113.933
113.472
113.197
115.438
99.1316
108
97.2297
98.5792
98.5078
103.833
98.1532
157.768
99.1985
144.246
103.484
193.6
153.473
100.284
110.948
168.847
137.468
113.454
132.898
152.825
136.819
95.9549
110.89
118.069
117.947
120.892
104.591
113.89
109.481
114.913
109.134
105.147
87.6139
103.988
119.299
95.8304
130.24
105.176
106.639
105.582
99.0702
82.8027
111.289
123.575
114.097
93.5793
91.8874
71.7277
92.7638
137.242
157.686
132.441
100.243
89.917
102.554
103.973
96.1882
119.707
97.9065
96.8472
135.491
97.6164
137.041
96.4158
93.2636
92.8976
104.793
139.612
152.05
124.223
165.746
111.89
108.097
155.257
98.3546
105.779
159.214
108.229
105.329
113.742
111.647
109.853
107.606
137.981
107.263
108.416
108.41
101.622
96.5999
104.843
97.4989
101.457
117.508
108.255
95.1438
101.962
108.095
111.362
132.55
125.876
127.402
148.351
106.791
108.533
122.091
127.271
118.311
144.781
101.463
117.533
129.13
117.343
120.09
121.649
120.504
103.211
117.585
117.015
111.503
96.9625
96.8944
93.0394
99.2222
96.4511
109.381
118.578
105.844
121.31
118.439
97.7796
80.2521
77.0225
109.812
113.219
110.954
127.821
116.399
116.333
106.715
137.738
133.133
87.2747
141.343
90.5354
70.1838
88.5461
69.2165
121.843
120.43
101.574
136.794
123.408
124.325
159.962
104.371
109.329
128.901
133.267
109.414
129.888
108.146
105.52
120.26
129.612
102.004
111.394
106.372
150.031
125.842
90.7798
129.643
132.396
114.099
80.2668
83.7436
131.158
92.1459
133.311
148.933
111.72
95.2023
88.2554
109.987
119.681
166.133
132.43
100.292
139.718
119.547
100.861
94.9505
107.103
114.985
117.635
111.962
107
120.082
137.722
99.2601
132.042
146.461
169.677
128.81
150.993
145.391
128.815
125.579
105.1
222.749
181
117.507
117.434
112.376
131.883
174.665
143.371
145.048
133.908
95.0745
95.7923
109.715
116.194
112.48
109.021
86.3265
106.882
98.8152
102.4
86.819
108.378
98.1179
115.699
130.054
111.947
117.906
119.954
130.73
112.044
84.9845
235.196
118.069
122.874
89.9778
273.89
105.883
104.627
124.672
97.8849
133.181
134.534
119.183
121.667
105.568
97.4692
123.326
102.568
89.297
103.35
99.4092
99.7127
126.786
96.3972
122.231
114.942
123.503
113.836
94.5623
93.7672
94.4582
93.8757
94.4554
93.8755
94.5649
98.0789
99.721
103.362
98.8039
97.683
113.986
103.195
112.728
120.58
126.553
137.285
111.843
117.162
114.954
116.878
115.413
115.799
126.058
129.002
118.715
152.944
89.227
129.273
114.093
120.661
144.038
128.644
123.911
134.743
128.008
124.088
110.051
107.926
125.95
113.68
127.414
132.096
125.615
128.597
141.28
139.406
94.8926
111.902
120.782
110.125
133.899
143.495
130.296
146.254
259.007
142.187
170.881
87.4559
74.4484
118.86
95.7264
129.387
127.848
89.1203
87.9134
70.447
126.403
124.033
102.402
108.572
91.8793
116.668
106.95
97.0389
103.277
94.0829
93.1529
93.481
93.6202
93.4801
93.6234
94.0789
94.5612
94.453
93.8728
93.772
94.561
94.4536
93.8747
94.077
93.4775
93.6179
93.1532
94.0843
93.4779
93.6173
94.0757
93.1528
93.4756
93.6192
93.4773
93.618
94.0832
118.129
109.717
119.317
97.4626
106.005
101.053
93.4667
121.379
109.919
111.577
107.538
107.567
110.762
105.805
108.362
111.141
112.936
110.772
139.516
115.18
109.638
118.543
108.301
101.886
99.4617
102.598
110.721
109.841
111.263
117.163
109.765
148.582
141.67
138.907
126.785
116.507
96.4708
102.856
130.266
121.727
126.677
122.325
104.073
110.57
104.693
149.761
112.137
119.127
160.283
94.8724
127.866
179.52
67.5111
82.8385
126.771
126.893
123.106
108.881
104.753
82.3171
113.856
111.466
96.7648
94.0844
93.4776
93.6214
93.1516
94.0818
93.476
93.6231
78.1325
104.493
211.328
74.3102
268.156
189.675
78.0959
103.071
132.009
127.113
108.689
120.42
122.083
110.411
101.717
114.975
118.32
140.716
121.874
139.666
152.001
106.747
133.206
127.794
126.111
128.876
94.8797
98.6551
101.608
124.145
132.353
131.229
128.671
96.7409
97.6983
171.265
155.169
124.648
111.353
141.991
122.972
121.534
132.38
78.0363
124.174
133.177
89.8641
89.1011
141.445
107.233
111.488
116.723
97.5778
93.8109
130.366
99.1126
109.265
96.8876
106.521
101.645
102.165
104.74
101.893
103.965
68.9172
107.138
86.2626
134.508
83.5716
121.624
73.5809
112.032
109.139
123.689
79.1086
77.387
121.969
102.015
120.458
105.937
96.0686
95.5406
98.6912
98.1997
97.8825
103.827
104.865
89.744
102.098
127.969
102.036
135.134
67.5475
160.299
132.287
129.821
65.1934
216.033
97.1409
121.525
139.691
140.829
99.5111
124.638
141.931
94.5746
93.7667
94.4528
93.8725
94.4528
93.8658
94.562
163.913
107.006
112.21
98.8863
96.0997
86.4818
161.583
102.809
97.3868
104.3
115.626
106.169
95.4984
104.439
114.179
98.4808
86.2933
88.461
90.0065
149.773
160.975
87.3596
135.111
139.245
92.0204
87.0283
90.1899
71.8398
106.728
120.842
117.943
114.134
109.839
97.7015
109.377
111.939
76.736
155.636
123.552
179.627
163.144
59.2434
99.3142
106.225
93.5207
105.218
98.496
106.245
92.5299
100.375
94.8296
95.5995
99.4369
102.222
94.7998
96.263
125.385
101.801
134.054
136.574
125.827
99.0815
136.962
94.5755
94.4615
93.8777
93.7493
94.5672
94.4602
93.871
89.9874
91.2142
89.5867
115.446
92.7661
116.604
96.6899
164.986
27.9804
60.6972
77.1776
88.1644
256.794
1167.37
131.792
109.648
138.355
137.616
108.65
267.669
125.711
102.554
129.806
111.605
137.408
102.003
118.64
149.939
96.8415
106.872
121.386
115.082
127.321
103.803
104.96
131.81
102.159
99.994
111.858
91.0515
135.813
131.954
75.4626
81.9405
61.7525
84.3296
71.0938
61.0615
111.43
122.567
105.259
102.786
140.575
108.497
104.379
142.652
101.416
107.818
103.285
112.395
101.271
94.7357
100.659
112.805
112.717
123.329
116.109
111.281
105.814
114.994
112.636
109.738
137.92
114.032
114.084
117.835
119.624
270.281
42.8942
83.3059
297.666
263.147
105.706
48.7724
131.263
127.071
90.2551
90.5745
131.502
107.94
121.943
137.269
177.414
127.724
68.8024
144.45
133.055
124.847
87.7352
98.8981
122.767
90.4718
103.605
135.609
125.1
103.57
98.427
100.846
108.326
102.593
98.6484
98.9889
97.4569
95.2884
96.9597
104.065
98.1439
95.5019
97.0535
152.208
65.8915
182.357
112.113
282.655
236.052
300.295
93.2657
87.9618
115.977
121.088
87.2961
128.85
102.698
92.9233
91.2614
92.6437
90.9172
85.8608
103.504
103.414
126.814
82.8522
97.5478
91.7155
174.674
156.743
117.746
102.808
103.189
201.917
110.666
107.326
115.809
134.473
95.9867
96.639
114.54
122.895
85.9217
93.8661
114.171
260.823
85.1704
114.531
192.165
166.348
104.816
115.097
481.407
53.4934
231.405
293.974
36.688
190.434
49.6616
78.7364
122.221
78.9146
91.7006
36.9919
40.3801
148.729
118.483
135.003
166.208
124.897
139.924
90.8547
129.764
247.701
107.586
160.916
87.3785
164.919
119.877
284.387
130.04
123.358
112.931
111.394
123.676
106.209
121.918
179.82
32.9013
139.437
163.935
37.0042
109.973
59.5056
43.9624
108.057
80.4007
246.084
100.851
59.527
151.453
106.305
85.8002
122.868
123.069
140.274
90.821
82.026
126.324
181.3
98.299
108.704
159.608
69.4132
102.469
105.685
132.242
107.293
115.526
120.499
125.447
110.442
115.883
164.407
102.881
165.625
120.434
122.422
119.87
94.0946
93.4754
93.6252
93.1569
93.4837
93.6259
94.0855
94.0919
93.1546
93.4703
93.6252
93.479
93.6258
94.0882
83.3383
82.321
82.413
55.6682
76.4203
60.4846
64.3269
118.723
126.009
109.505
129.762
96.0523
135.308
100.128
50.4247
215.969
371.661
163.587
141.177
188.961
69.0965
133.114
98.0026
133.803
59.3663
119.256
161.392
99.5867
106.677
166.476
264.35
182.176
202.533
44.7466
-6.15153
71.8557
81.7459
83.9304
99.1068
109.45
178.294
179.257
113.881
76.0385
70.9541
196.307
109.085
155.355
101.057
128.021
100.368
77.648
154.264
171.469
156.425
225.662
147.393
115.902
96.3502
287.398
119.651
95.7593
83.6968
90.124
76.8723
54.3281
130.562
78.4698
97.4592
143.936
239.443
-4.22159
83.5746
67.1406
41.3589
-16.2003
93.6986
59.3972
164.565
79.4999
108.964
165.599
93.5647
81.6492
133.618
67.7792
102.599
251.157
60.0449
93.6029
134.552
51.9654
346.522
396.674
51.4099
262.282
42.9211
289.086
)
;

boundaryField
{
    inlet
    {
        type            calculated;
        value           nonuniform List<scalar> 
216
(
103.436
98.6733
101.745
100.01
98.2865
123.878
98.9706
96.6375
112.628
82.4925
105.402
87.8126
99.7153
99.7425
105.659
103.021
98.9503
104.347
114.569
119.899
50.0144
121.619
97.5047
97.0422
102.133
92.1873
99.3784
94.2476
108.667
94.0362
94.3376
89.2476
-47.5059
99.8566
97.7214
102.894
121.85
77.801
73.6044
89.3576
119.562
132.876
121.086
117.422
90.6777
71.669
132.32
107.558
-31.355
7.78722
120.648
152.592
128.779
114.531
100.983
96.5835
114.496
99.6999
104.938
102.067
91.0558
86.6998
98.2713
111.019
99.1463
60.7919
94.3413
98.9309
107.372
107.803
150.39
141.513
98.2646
83.9667
110.714
91.4021
91.339
96.4384
45.2242
75.9693
99.9843
105.645
97.3619
98.0758
87.0356
91.3553
84.7399
41.5086
125.352
118.915
97.2152
101.963
97.3311
75.9612
73.1414
62.7946
22.9785
90.5514
117.542
95.4756
103.215
97.7219
112.661
65.7089
197.436
117.52
108.451
110.01
108.995
100.082
106.339
89.4459
97.5235
102.99
94.7335
121.747
108.19
99.2239
113.895
94.4966
119.692
118.644
132.25
127.12
107.009
119.814
144.666
103.885
96.9592
117.276
-51.0234
125.318
109.57
108.787
34.2483
95.7606
82.9193
119.337
71.5021
132.189
122.504
121.359
-173.054
194.763
-26.5918
104.697
83.6915
112.475
98.6624
-34.0957
131.509
115.83
124.103
143.287
135.689
116.336
70.7913
126.104
124.971
-39.096
97.0836
69.2005
105.06
109.049
102.037
96.7362
119.127
109.082
127.641
126.796
66.5288
82.3171
109.782
99.165
102.654
19.1133
68.8164
103.902
99.0163
91.1903
89.9586
98.9344
89.9327
21.8042
-51.3815
130.927
105.244
106.202
107.829
176.126
-20.2491
129.91
108.674
22.9182
-102.723
230.889
105.706
-56.622
127.029
121.822
88.5492
91.2265
91.4059
93.8698
123.676
121.918
123.307
83.3012
82.026
155.873
113.224
111.984
245.669
7.26616
110.579
115.746
)
;
    }
    outlet
    {
        type            calculated;
        value           uniform 0;
    }
    lowerWall
    {
        type            calculated;
        value           nonuniform List<scalar> 
1055
(
107.348
97.3614
101.04
98.6206
83.5261
108.517
99.9955
101.314
110.703
94.4955
108.633
94.8053
98.8697
98.999
94.911
94.2399
96.6612
99.1062
115.347
103.773
118.923
98.0185
96.9854
97.7452
96.122
102.395
92.1569
102.363
120.692
112.575
99.5532
97.1004
97.8183
97.8977
100.828
105.927
86.3394
175.966
107.52
134.856
99.3114
95.8459
100.623
97.6518
101.796
102.235
104.4
93.0737
100.173
100.517
96.4394
97.0618
96.9643
97.5897
100.174
99.037
97.7221
96.6286
96.5461
96.0539
94.4517
95.3759
96.176
97.1708
97.6177
97.9056
98.0156
96.7922
95.3524
94.4164
91.4224
91.7755
92.6687
93.0979
93.1178
93.1284
93.2799
92.411
91.2905
91.2388
89.0591
89.2458
89.3234
89.5212
89.5096
89.447
89.3254
89.0174
88.9735
88.9564
86.6204
86.7489
86.8548
86.9927
87.0064
86.9683
86.8413
86.6647
86.5835
86.5538
84.1753
84.2583
84.3305
84.4023
84.4078
84.378
84.3125
84.2038
84.1579
84.141
81.7239
81.7755
81.8145
81.8815
81.8693
81.8506
81.8118
81.7488
81.7221
81.6996
79.2757
79.3297
79.3409
79.3693
79.3774
79.366
79.3577
79.32
79.2928
79.2592
76.8561
76.8898
76.9052
76.9136
76.9151
76.9144
76.9119
76.8883
76.8682
76.8598
74.4512
74.4653
74.4807
74.4919
74.501
74.5117
74.4972
74.4629
74.4611
74.4542
72.0677
72.0836
72.0788
72.0907
72.1011
72.1103
72.1031
72.0973
72.0891
72.0692
69.6986
69.7033
69.7192
69.7255
69.7392
69.7481
69.7437
69.7292
69.7056
69.6987
67.3602
67.3782
67.3986
67.3958
67.3883
67.3918
67.3988
67.3828
67.3658
67.3595
65.0404
65.0667
65.0838
65.0633
65.0442
65.0404
65.0431
65.054
65.0472
65.0396
62.7471
62.753
62.7523
62.7563
62.7569
62.7496
62.7387
62.7307
62.7385
62.7422
60.4591
60.4662
60.4684
60.4791
60.4825
60.4791
60.4668
60.4567
60.4499
60.4522
58.1923
58.1959
58.1981
58.1994
58.1993
58.1948
58.1948
58.1902
58.1839
58.1854
55.9546
55.9482
55.9357
55.9446
55.9486
55.9495
55.949
55.9473
55.9519
55.955
53.7108
53.7103
53.7042
53.7076
53.7106
53.7216
53.7313
53.7324
53.728
53.7171
51.4929
51.4774
51.4814
51.4916
51.501
51.5078
51.5155
51.5147
51.5178
51.5068
49.295
49.2676
49.267
49.2751
49.2919
49.31
49.306
49.3119
49.3118
49.3089
47.0958
47.0815
47.0703
47.0697
47.0803
47.0928
47.0984
47.1006
47.0976
47.0993
44.8971
44.8987
44.9031
44.9099
44.9049
44.9008
44.8969
44.8953
44.8934
44.8958
42.7175
42.7299
42.7346
42.7322
42.7193
42.7123
42.7152
42.7236
42.7189
42.7164
40.5682
40.5701
40.571
40.5632
40.5567
40.5429
40.5584
40.5627
40.5623
40.5635
38.4116
38.4272
38.4316
38.432
38.4255
38.4156
38.4162
38.4119
38.3988
38.4027
36.2809
36.2959
36.2952
36.2906
36.2809
36.2738
36.2635
36.2609
36.2607
36.2678
34.1796
34.178
34.1586
34.1527
34.1494
34.141
34.1348
34.1391
34.1577
34.1737
32.0703
32.0652
32.0532
32.0474
32.0454
32.0468
32.0535
32.0601
32.0651
32.0726
29.955
29.9598
29.9676
29.9754
29.9759
29.9792
29.9825
29.9805
29.9736
29.9628
27.8716
27.8789
27.8939
27.9104
27.9195
27.9213
27.9159
27.9051
27.8951
27.8815
25.8425
25.8378
25.8382
25.8435
25.8537
25.8649
25.87
25.8701
25.8644
25.8539
23.8486
23.8322
23.8231
23.8186
23.8226
23.8349
23.8468
23.8597
23.8634
23.8585
21.8637
21.844
21.8413
21.8414
21.8452
21.8488
21.8505
21.8569
21.861
21.8639
19.8717
19.8707
19.8725
19.8777
19.8865
19.8872
19.8793
19.8741
19.8726
19.8712
17.9079
17.9137
17.9224
17.9266
17.9258
17.9192
17.9122
17.9079
17.9065
17.907
15.9898
15.9936
15.9912
15.9786
15.966
15.9522
15.9434
15.9559
15.9638
15.9791
14.0741
14.0821
14.0666
14.0491
14.0285
14.0149
14.0105
14.0225
14.0397
14.0533
12.1302
12.15
12.1519
12.1394
12.1281
12.1184
12.1155
12.1198
12.1204
12.121
10.2152
10.2229
10.2368
10.2417
10.2387
10.232
10.2278
10.2264
10.2224
10.2141
8.34744
8.34007
8.33876
8.34102
8.34148
8.34528
8.3465
8.34866
8.34896
8.3506
6.48093
6.47263
6.46982
6.46965
6.47537
6.49124
6.49674
6.49539
6.488
6.48771
4.61215
4.61088
4.61364
4.62106
4.63543
4.6576
4.65722
4.64675
4.63488
4.6228
2.76314
2.76276
2.76898
2.77428
2.7827
2.79287
2.79661
2.79535
2.78208
2.76922
0.923794
0.923617
0.92429
0.919168
0.917116
0.920043
0.929084
0.933171
0.934
0.923996
97.0651
96.2806
95.5698
97.0908
96.6871
96.5168
97.3951
97.1997
96.943
98.401
97.6955
97.2275
100.184
97.7968
97.7477
101.127
97.8501
97.9442
99.4451
97.0374
98.0604
95.2458
96.0191
96.7695
95.4934
95.2316
95.9867
95.679
95.2417
95.3512
98.4514
98.6737
97.4629
98.8154
96.9955
97.0707
97.465
97.3459
97.2889
99.1622
97.7462
98.6667
110.359
98.3823
101.429
103.311
102.195
102.177
92.7241
98.7318
101.246
94.9083
95.3968
100.389
109.25
102.574
95.7005
105.689
93.7147
100.449
96.563
96.3901
96.1385
97.1078
96.668
96.7498
97.1751
97.1607
97.0672
99.5362
97.414
97.6157
99.4105
98.1387
98.2413
99.7391
98.745
98.5158
98.7036
98.1558
98.3974
96.1378
96.12
96.6673
97.0922
95.8086
95.8562
97.1402
95.8739
95.1741
94.7687
93.4955
93.2369
96.0771
93.9451
93.6958
96.9725
94.0385
94.1703
97.8075
94.9116
94.1407
97.6981
95.0448
94.7784
97.8478
94.7602
95.1133
97.0889
93.8594
94.9572
95.4874
93.1472
93.7163
94.4704
92.986
93.1328
94.1678
93.0711
92.9967
96.8686
96.7322
96.819
96.0341
96.6833
96.7678
96.2561
96.5834
95.741
96.9445
96.9221
97.0788
96.6438
96.6877
96.7638
96.5767
96.4902
96.5547
97.3564
97.0823
97.3356
97.1128
97.7286
97.3092
96.9601
97.2029
97.0791
98.2106
98.0061
100.308
97.429
97.5746
97.6423
97.3883
97.5843
97.4464
98.4923
98.0745
99.0021
97.881
98.044
98.1419
97.8212
98.0379
97.7694
98.6058
98.3455
98.6374
98.0002
98.1193
98.0293
98.192
98.3626
97.9575
97.2032
97.3872
97.7068
97.4219
97.3312
97.1037
98.1639
97.7796
97.4515
95.6468
98.8862
95.1237
96.4951
95.1691
96.0965
96.7142
96.2136
96.4265
95.3206
95.58
99.1339
95.5014
95.4382
95.3791
95.8486
95.6544
95.7141
95.6071
95.542
95.7558
95.6527
95.7033
95.9771
95.2898
95.666
95.5915
97.3796
97.132
96.8484
97.5996
97.4254
97.3921
97.8996
97.601
97.697
97.5523
97.2926
97.3993
97.3044
97.2134
97.3735
97.535
97.561
97.7375
97.5201
97.6763
97.9336
96.8055
97.1667
97.3901
96.52
96.1272
96.2269
96.336
96.2086
96.9894
94.7081
95.1976
96.4139
96.534
95.6093
95.3256
73.0956
129.112
98.4504
102.145
97.7722
94.943
90.3717
119.735
90.3801
98.513
101.74
97.8886
105.179
104.562
99.6327
98.4352
99.8484
96.9649
174.741
103.048
118.973
93.0749
91.915
92.0418
93.1673
92.0356
92.0012
97.3758
97.3493
95.0124
95.0373
97.2237
97.2019
102.058
99.7773
103.062
94.8349
94.0417
94.2292
94.9727
97.3351
97.0854
95.0809
94.9373
95.7142
96.7972
96.9724
94.8727
95.297
97.6726
106.058
113.831
106.255
99.838
93.3911
91.9606
91.8115
92.8067
91.52
91.8411
94.461
96.1911
96.549
96.9276
96.441
94.3618
90.851
100.389
111.002
94.2453
95.7236
95.1209
95.1104
95.6042
94.4151
105.428
117.779
108.017
115.435
76.9713
113.336
83.7973
75.6631
93.4511
94.0015
93.8635
94.5303
110.461
119.045
123.892
102.2
100.165
103.262
92.8649
91.6499
91.4969
94.0995
94.6569
94.7693
92.0941
91.0399
91.2984
94.5935
94.2488
93.5688
95.4987
94.8468
94.8309
109.825
97.8089
105.088
96.8849
106.358
103.556
102.583
94.7848
95.8036
98.6281
99.5412
98.1566
94.5524
94.0717
93.9407
106.376
100.657
103.444
98.3384
97.704
97.8667
103.143
94.9868
103.286
123.12
92.0118
98.6664
89.7006
98.6662
100.724
92.8784
92.2892
94.3619
103.175
108.519
113.832
107.23
109.544
99.187
100.536
105.981
97.8656
99.7747
99.2718
98.3046
98.1729
102.342
103.72
96.6323
95.9558
99.732
106.168
76.2178
89.042
129.65
120.112
108.214
86.9922
37.6203
95.3753
61.206
96.6535
71.4174
115.093
97.0415
92.1199
118.233
112.841
100.584
98.6194
116.073
125.125
81.4569
178.545
92.3737
96.1345
101.429
106.266
101.62
99.6377
101.788
100.228
100.595
98.4285
99.4501
102.832
99.1892
107.573
111.491
112.735
131.284
98.0654
105.779
88.0557
89.8359
106.085
105.179
100.416
104.818
104.54
106.746
97.5536
107.451
109.634
105.708
121.977
89.6073
108.828
107.278
117.806
118.097
104.347
123.737
103.076
100.558
109.675
98.8541
141.276
89.6611
99.669
104.531
92.6483
94.1687
114.594
90.4506
104.15
120.788
101.787
100.627
113.811
107.285
140.563
93.0619
92.7734
98.0353
108
97.2297
99.1316
106.882
98.8152
86.3265
130.054
111.947
115.699
235.196
118.069
84.9845
91.8793
103.277
108.572
104.073
160.283
112.137
111.488
99.1126
97.5778
102.015
98.1997
95.5406
102.809
104.439
115.626
114.179
160.975
88.461
106.225
93.5207
99.3142
94.8296
95.5995
100.375
102.003
149.939
102.554
137.269
124.847
144.45
98.8981
125.1
87.7352
103.189
134.473
102.808
80.4007
59.527
108.057
93.4754
94.0855
93.6252
182.176
-6.15153
166.476
71.8557
179.257
99.1068
119.256
99.5867
133.114
346.522
42.9211
262.282
)
;
    }
    upperWall
    {
        type            calculated;
        value           nonuniform List<scalar> 
1118
(
82.3171
103.969
100.236
97.8181
102.454
96.4212
102.141
97.1759
119.978
118.701
109.97
108.856
103.819
107.554
100.152
94.9105
96.9842
134.571
115.52
126.458
96.8692
94.8823
97.4101
98.1256
102.538
98.076
102.99
101.039
102.017
131.501
98.1163
97.0224
97.3877
96.9032
100.625
105.685
122.216
98.2627
108.713
101.38
99.2848
98.2382
96.1395
97.8103
101.744
98.37
99.6621
99.65
96.4754
92.9926
96.2983
97.6426
96.9588
97.6496
98.2459
98.6571
97.8392
95.6231
95.7185
94.7991
94.4518
95.3703
96.1672
97.1688
97.6157
97.8928
97.9358
96.8046
95.3481
94.4163
91.4228
91.775
92.6697
93.0996
93.1172
93.1281
93.2786
92.4111
91.2907
91.2391
89.059
89.2457
89.3248
89.5211
89.5091
89.4465
89.3254
89.0177
88.9739
88.9564
86.6203
86.7485
86.8547
86.9919
87.0068
86.9685
86.8412
86.6646
86.5835
86.5537
84.1755
84.2582
84.3304
84.4022
84.4078
84.3777
84.3124
84.2037
84.1578
84.1411
81.7239
81.7754
81.8144
81.8812
81.8691
81.8504
81.8117
81.7487
81.7221
81.6993
79.2753
79.3296
79.3408
79.3692
79.3769
79.3663
79.3576
79.3199
79.2932
79.2587
76.8564
76.8897
76.9051
76.9135
76.915
76.9143
76.9118
76.8882
76.8681
76.8599
74.4511
74.4652
74.4806
74.4918
74.5012
74.5116
74.4971
74.4628
74.461
74.4541
72.0673
72.0831
72.0787
72.0906
72.101
72.1102
72.103
72.0972
72.0894
72.0696
69.6985
69.7032
69.7195
69.7254
69.7391
69.748
69.7436
69.7297
69.7058
69.6986
67.3606
67.3783
67.3983
67.3954
67.3882
67.392
67.3985
67.3823
67.3652
67.3586
65.0407
65.0666
65.0837
65.0632
65.0438
65.0402
65.043
65.0543
65.0473
65.0401
62.7467
62.7527
62.7522
62.756
62.7571
62.7494
62.7388
62.7306
62.7385
62.742
60.4587
60.4665
60.4677
60.4791
60.4825
60.4792
60.4669
60.4566
60.4498
60.452
58.1923
58.196
58.1981
58.1993
58.1992
58.1941
58.1947
58.1904
58.1842
58.1853
55.9544
55.9481
55.9354
55.9446
55.9482
55.9492
55.9489
55.9474
55.9519
55.9549
53.7105
53.7097
53.704
53.7077
53.7108
53.7214
53.7312
53.7323
53.7279
53.7171
51.4928
51.4777
51.4814
51.4909
51.5005
51.5079
51.5153
51.5147
51.5175
51.5069
49.2949
49.2674
49.2667
49.2745
49.2919
49.31
49.3059
49.3119
49.3117
49.3089
47.0955
47.0813
47.0703
47.0699
47.0805
47.0927
47.0982
47.1008
47.0971
47.0993
44.897
44.8986
44.903
44.91
44.9048
44.9004
44.8972
44.8948
44.8932
44.8958
42.7172
42.73
42.7345
42.7322
42.7187
42.7122
42.7155
42.7234
42.7193
42.7163
40.5679
40.5701
40.5711
40.563
40.5564
40.543
40.5583
40.5626
40.5624
40.5635
38.4117
38.4278
38.4312
38.4318
38.4265
38.4157
38.4165
38.4118
38.3987
38.4022
36.281
36.296
36.2947
36.2904
36.2808
36.2731
36.2632
36.2606
36.2605
36.268
34.1795
34.1779
34.1587
34.1526
34.1487
34.1407
34.1347
34.1391
34.1589
34.1743
32.0701
32.0652
32.0534
32.0473
32.0453
32.0476
32.0535
32.06
32.065
32.0724
29.9549
29.9597
29.9678
29.9754
29.976
29.9794
29.9821
29.9803
29.9734
29.9627
27.8715
27.8788
27.8938
27.9103
27.9195
27.9212
27.9157
27.9051
27.895
27.8819
25.8424
25.8377
25.8379
25.8434
25.854
25.8649
25.87
25.87
25.8645
25.8541
23.8486
23.8327
23.8231
23.8187
23.8225
23.8348
23.8467
23.8596
23.8631
23.8584
21.8637
21.8438
21.8412
21.8414
21.8452
21.8487
21.8503
21.8568
21.8608
21.8638
19.8714
19.87
19.8723
19.8775
19.8871
19.8873
19.8794
19.8742
19.8725
19.8711
17.9076
17.9137
17.9225
17.9266
17.9256
17.9191
17.912
17.9077
17.9066
17.907
15.9899
15.9938
15.9916
15.9784
15.9651
15.9513
15.9431
15.9559
15.9638
15.9789
14.0743
14.0819
14.066
14.0487
14.0287
14.0149
14.0103
14.0225
14.0395
14.0532
12.1304
12.1492
12.1515
12.1397
12.128
12.1184
12.1155
12.1197
12.1201
12.1207
10.2152
10.223
10.2368
10.2418
10.2385
10.2317
10.2275
10.2262
10.2222
10.2141
8.34762
8.34015
8.33864
8.34076
8.3414
8.34519
8.34641
8.34857
8.34881
8.35057
6.4807
6.47216
6.46965
6.46946
6.47542
6.49124
6.49703
6.49533
6.4878
6.48733
4.61207
4.61084
4.61392
4.62094
4.63526
4.65771
4.65702
4.64668
4.63478
4.62265
2.76301
2.76299
2.76898
2.77415
2.78247
2.79217
2.79604
2.79536
2.78231
2.76927
0.923855
0.923386
0.923953
0.918727
0.917062
0.919982
0.929199
0.933111
0.933908
0.923916
95.5682
96.2766
97.0598
96.5134
96.6877
97.075
96.9317
97.2109
97.5391
97.2429
97.6067
98.1219
97.7088
97.7737
101.229
97.9046
97.8607
99.3181
97.9582
96.9901
97.4931
96.7637
96.0385
95.086
95.9852
95.2378
95.1756
95.3552
95.2512
95.8348
97.0141
97.6026
98.0911
97.0077
97.0031
98.1569
97.0861
97.3583
97.9581
98.8555
98.1651
99.0216
100.99
98.5908
103.294
97.1339
99.4349
98.9411
102.299
97.0949
111.653
97.0368
95.0397
91.377
97.5922
96.3893
99.3253
95.9798
94.7102
96.8987
96.1397
96.3903
96.5118
96.7977
96.818
97.2858
97.08
97.2073
97.2078
97.9509
98.5209
100.603
97.9111
98.014
99.0634
98.3075
98.8589
98.833
98.3278
98.1683
98.7697
96.571
96.2089
95.1886
95.8778
95.7929
95.7183
95.1721
95.7838
96.7884
93.2366
93.495
94.7686
93.6939
93.9463
96.0678
94.1623
94.0384
96.9529
94.1409
94.912
97.7284
94.7774
95.0404
97.715
95.1164
94.7594
97.8813
94.9554
93.8593
97.0879
93.7158
93.1447
95.507
93.1324
92.986
94.4712
92.9961
93.0713
94.1666
95.7436
96.5818
96.2624
96.7717
96.6919
96.0302
96.695
96.7453
96.9009
96.5718
96.5131
96.5814
96.7669
96.6947
96.6408
97.0667
97.0438
96.9684
97.062
97.1674
96.9602
97.333
97.4852
97.1177
97.171
97.0216
97.3467
97.5536
97.8829
97.4861
97.5958
97.5125
97.4079
93.5805
97.7482
97.8996
97.7553
97.9877
97.7356
98.1524
97.9666
97.8704
103.303
98.0722
98.5138
97.9752
98.2776
98.156
98.0427
98.2471
98.0182
101.527
98.5535
98.3564
97.4594
97.8302
97.9566
97.1406
97.3293
97.418
97.3387
97.5166
97.2011
96.4289
96.8235
96.6101
95.9854
95.2788
96.4294
95.4156
95.1966
95.6385
95.7148
95.679
95.8806
95.3799
95.4613
95.4968
96.6085
95.569
95.2949
95.5424
95.6701
95.2794
95.9219
95.7217
95.6262
95.4881
95.5395
95.6085
96.8444
97.132
97.3753
97.3912
97.4255
97.611
97.7
97.6048
97.9396
97.3972
97.3052
97.5329
97.3621
97.1887
97.3053
97.7817
97.5613
97.5349
97.9793
97.6782
97.5245
97.3855
97.1643
96.802
96.2262
95.9229
96.4203
96.9773
96.194
96.3262
96.0328
95.1023
94.7097
95.3223
95.5898
96.5393
97.5932
127.107
100.845
103.153
101.449
101.497
101.959
100.48
97.4404
104.2
98.7032
97.4247
98.5802
100.385
99.2184
98.7911
101.676
98.0582
92.0411
91.9143
93.0739
92.0004
92.0348
93.1662
95.0209
97.3544
97.3778
97.2012
97.227
95.0427
94.2282
94.0443
94.8489
95.7124
94.9343
95.0774
97.0843
97.3398
94.9775
94.8763
96.9749
96.7966
91.8128
91.9619
93.3926
91.8399
91.5187
92.8053
96.5514
96.1564
94.4556
94.3654
96.4607
96.9266
100.58
102.762
105.059
94.4157
95.6077
95.1172
95.1187
95.7221
94.2453
100.223
107.635
106.65
94.5415
93.8632
94.0009
110.424
13.2965
77.1678
100.749
109.725
100.507
101.092
61.6077
112.452
96.9033
93.4311
113.466
106.586
113.867
112.436
91.4976
91.6507
92.8654
94.7695
94.6549
94.1006
91.2986
91.04
92.0941
93.5694
94.239
94.593
96.7028
93.3219
96.2096
94.8296
94.8452
95.5029
95.9716
97.2216
95.3717
101.411
108.826
96.575
104.72
101.968
99.7466
100.415
105.749
78.0477
101.117
95.8678
99.5707
91.5546
94.5294
96.5039
119.474
97.7977
92.0428
93.8983
97.4308
107.831
84.3228
79.0975
82.7043
98.5977
97.5511
97.9958
103.567
81.6001
104.781
97.0522
97.8135
98.7389
121.636
108.088
99.6034
101.744
101.609
101.28
96.8322
101.201
105.656
99.5961
99.1596
98.8954
93.939
94.072
94.5531
78.05
87.7383
80.1288
116.636
95.2633
86.4956
106.36
98.6826
99.5991
95.1991
107.759
113.634
108.724
138.235
112.257
127.6
74.9417
100.275
92.3962
120.537
131.039
148.894
109.406
117.736
128.267
107.266
132.241
134.923
120.744
130.424
110.542
101.817
104.24
105.752
105.457
99.8493
109.964
104.732
153.386
101.935
91.1613
98.5219
106.58
104.33
93.0908
104.451
126.084
105.847
99.8214
156.952
162.682
101.607
94.3223
90.7369
98.5808
97.3423
97.788
102.811
74.434
182.854
78.0735
80.2032
79.7186
112.69
111.822
103.31
99.3233
97.8353
96.2331
100.114
98.8518
99.7925
100.15
110.031
104.929
109.581
104.705
40.1354
75.8862
133.497
98.1054
127.004
97.5448
101.282
101.181
104.802
124.515
110.369
104.228
104.773
97.7727
122.096
99.2542
118.137
96.2526
107.352
93.9247
95.1562
101.141
100.78
120.531
104.662
98.8376
101.065
101.508
100.612
102.064
105.018
103.853
105.736
129.476
99.3957
105.377
102.803
101.936
102.812
97.6912
115.559
16.9242
97.1403
117.068
129.832
105.198
106.724
118.245
108.703
106.055
111.715
103.945
105.002
106.686
104.631
111.94
103.66
87.9361
101.704
92.7754
97.1465
138.322
34.6631
129.583
114.834
77.8108
132.013
111.363
136.335
92.6854
101.828
102.235
101.338
94.5455
116.655
103.669
101.437
133.53
128.465
125.139
147.9
128.187
113.282
131.558
108.845
105.176
82.8027
106.639
91.8874
92.7638
123.575
93.2636
124.223
139.612
107.103
107
114.985
96.8944
118.578
99.2222
121.31
109.812
80.2521
127.821
137.738
110.954
129.002
152.944
115.413
125.615
94.8926
128.597
96.4708
122.325
130.266
97.4626
93.4667
109.717
113.856
96.7648
111.466
132.009
110.411
120.42
114.975
152.001
140.716
131.229
97.6983
124.145
155.169
121.534
111.353
121.386
104.96
115.082
84.3296
111.43
81.9405
93.6252
94.0882
93.4703
)
;
    }
    frontWall
    {
        type            cyclic;
    }
    backWall
    {
        type            cyclic;
    }
}


// ************************************************************************* //
