/*--------------------------------*- C++ -*----------------------------------*\
| =========                 |                                                 |
| \\      /  F ield         | OpenFOAM: The Open Source CFD Toolbox           |
|  \\    /   O peration     | Version:  5.0                                   |
|   \\  /    A nd           | Web:      www.OpenFOAM.org                      |
|    \\/     M anipulation  |                                                 |
\*---------------------------------------------------------------------------*/
FoamFile
{
    version     2.0;
    format      ascii;
    class       refinementHistory;
    location    "1.3/polyMesh";
    object      refinementHistory;
}
// * * * * * * * * * * * * * * * * * * * * * * * * * * * * * * * * * * * * * //

// splitCells

4964
(
1 0()
-1 8(0 2 3 4 5 6 7 8)
1 0()
1 0()
1 0()
1 0()
1 0()
1 0()
1 0()
10 0()
-1 8(9 11 20 29 38 47 56 65)
10 8(12 13 14 15 16 17 18 19)
11 0()
11 0()
11 0()
11 0()
11 0()
11 0()
11 0()
11 0()
10 8(21 22 23 24 25 26 27 28)
20 0()
20 0()
20 0()
20 0()
20 0()
20 0()
20 0()
20 0()
10 8(30 31 32 33 34 35 36 37)
29 0()
29 0()
29 0()
29 0()
29 0()
29 0()
29 0()
29 0()
10 8(39 40 41 42 43 44 45 46)
38 0()
38 0()
38 0()
38 0()
38 0()
38 0()
38 0()
38 0()
10 8(48 49 50 51 52 53 54 55)
47 0()
47 0()
47 0()
47 0()
47 0()
47 0()
47 0()
47 0()
10 8(57 58 59 60 61 62 63 64)
56 0()
56 0()
56 0()
56 0()
56 0()
56 0()
56 0()
56 0()
10 8(66 67 68 69 70 71 72 73)
65 0()
65 0()
65 0()
65 0()
65 0()
65 0()
65 0()
65 0()
75 0()
-1 8(74 76 77 78 79 80 81 82)
75 0()
75 0()
75 0()
75 0()
75 0()
75 0()
75 0()
84 0()
-1 8(83 85 86 87 88 89 90 91)
84 0()
84 0()
84 0()
84 0()
84 0()
84 0()
84 0()
93 0()
-1 8(92 94 95 96 97 98 99 100)
93 0()
93 0()
93 0()
93 0()
93 0()
93 0()
93 0()
102 0()
103 8(101 159 160 161 162 163 164 165)
-1 8(102 104 113 122 131 140 149 150)
103 8(105 106 107 108 109 110 111 112)
104 0()
104 0()
104 0()
104 0()
104 0()
104 0()
104 0()
104 0()
103 8(114 115 116 117 118 119 120 121)
113 0()
113 0()
113 0()
113 0()
113 0()
113 0()
113 0()
113 0()
103 8(123 124 125 126 127 128 129 130)
122 0()
122 0()
122 0()
122 0()
122 0()
122 0()
122 0()
122 0()
103 8(132 133 134 135 136 137 138 139)
131 0()
131 0()
131 0()
131 0()
131 0()
131 0()
131 0()
131 0()
103 8(141 142 143 144 145 146 147 148)
140 0()
140 0()
140 0()
140 0()
140 0()
140 0()
140 0()
140 0()
103 0()
103 8(151 152 153 154 155 156 157 158)
150 0()
150 0()
150 0()
150 0()
150 0()
150 0()
150 0()
150 0()
102 0()
102 0()
102 0()
102 0()
102 0()
102 0()
102 0()
167 0()
168 8(166 200 201 202 203 204 205 206)
-1 8(167 169 170 179 180 189 190 199)
168 0()
168 8(171 172 173 174 175 176 177 178)
170 0()
170 0()
170 0()
170 0()
170 0()
170 0()
170 0()
170 0()
168 0()
168 8(181 182 183 184 185 186 187 188)
180 0()
180 0()
180 0()
180 0()
180 0()
180 0()
180 0()
180 0()
168 0()
168 8(191 192 193 194 195 196 197 198)
190 0()
190 0()
190 0()
190 0()
190 0()
190 0()
190 0()
190 0()
168 0()
167 0()
167 0()
167 0()
167 0()
167 0()
167 0()
167 0()
208 0()
-1 8(207 209 210 211 212 213 214 215)
208 0()
208 0()
208 0()
208 0()
208 0()
208 0()
208 0()
217 0()
-1 8(216 218 219 228 237 238 247 256)
217 0()
217 8(220 221 222 223 224 225 226 227)
219 0()
219 0()
219 0()
219 0()
219 0()
219 0()
219 0()
219 0()
217 8(229 230 231 232 233 234 235 236)
228 0()
228 0()
228 0()
228 0()
228 0()
228 0()
228 0()
228 0()
217 0()
217 8(239 240 241 242 243 244 245 246)
238 0()
238 0()
238 0()
238 0()
238 0()
238 0()
238 0()
238 0()
217 8(248 249 250 251 252 253 254 255)
247 0()
247 0()
247 0()
247 0()
247 0()
247 0()
247 0()
247 0()
217 8(257 258 259 260 261 262 263 264)
256 0()
256 0()
256 0()
256 0()
256 0()
256 0()
256 0()
256 0()
266 0()
-1 8(265 267 268 269 270 271 272 273)
266 0()
266 0()
266 0()
266 0()
266 0()
266 0()
266 0()
275 0()
-1 8(274 276 277 278 279 280 281 282)
275 0()
275 0()
275 0()
275 0()
275 0()
275 0()
275 0()
284 0()
-1 8(283 285 286 287 288 289 290 291)
284 0()
284 0()
284 0()
284 0()
284 0()
284 0()
284 0()
293 0()
-1 8(292 294 295 296 297 298 299 300)
293 0()
293 0()
293 0()
293 0()
293 0()
293 0()
293 0()
302 0()
-1 8(301 303 304 305 314 315 316 317)
302 0()
302 0()
302 8(306 307 308 309 310 311 312 313)
305 0()
305 0()
305 0()
305 0()
305 0()
305 0()
305 0()
305 0()
302 0()
302 0()
302 0()
302 0()
319 0()
320 8(318 384 385 386 387 388 389 390)
-1 8(319 321 330 339 348 357 366 375)
320 8(322 323 324 325 326 327 328 329)
321 0()
321 0()
321 0()
321 0()
321 0()
321 0()
321 0()
321 0()
320 8(331 332 333 334 335 336 337 338)
330 0()
330 0()
330 0()
330 0()
330 0()
330 0()
330 0()
330 0()
320 8(340 341 342 343 344 345 346 347)
339 0()
339 0()
339 0()
339 0()
339 0()
339 0()
339 0()
339 0()
320 8(349 350 351 352 353 354 355 356)
348 0()
348 0()
348 0()
348 0()
348 0()
348 0()
348 0()
348 0()
320 8(358 359 360 361 362 363 364 365)
357 0()
357 0()
357 0()
357 0()
357 0()
357 0()
357 0()
357 0()
320 8(367 368 369 370 371 372 373 374)
366 0()
366 0()
366 0()
366 0()
366 0()
366 0()
366 0()
366 0()
320 8(376 377 378 379 380 381 382 383)
375 0()
375 0()
375 0()
375 0()
375 0()
375 0()
375 0()
375 0()
319 0()
319 0()
319 0()
319 0()
319 0()
319 0()
319 0()
392 0()
-1 8(391 393 394 395 396 397 398 399)
392 0()
392 0()
392 0()
392 0()
392 0()
392 0()
392 0()
401 0()
-1 8(400 402 403 404 405 406 407 408)
401 0()
401 0()
401 0()
401 0()
401 0()
401 0()
401 0()
410 0()
-1 8(409 411 412 413 414 415 416 417)
410 0()
410 0()
410 0()
410 0()
410 0()
410 0()
410 0()
419 0()
-1 8(418 420 429 430 439 440 441 442)
419 8(421 422 423 424 425 426 427 428)
420 0()
420 0()
420 0()
420 0()
420 0()
420 0()
420 0()
420 0()
419 0()
419 8(431 432 433 434 435 436 437 438)
430 0()
430 0()
430 0()
430 0()
430 0()
430 0()
430 0()
430 0()
419 0()
419 0()
419 0()
419 0()
444 0()
445 8(443 509 510 511 512 513 514 515)
-1 8(444 446 455 464 473 482 491 500)
445 8(447 448 449 450 451 452 453 454)
446 0()
446 0()
446 0()
446 0()
446 0()
446 0()
446 0()
446 0()
445 8(456 457 458 459 460 461 462 463)
455 0()
455 0()
455 0()
455 0()
455 0()
455 0()
455 0()
455 0()
445 8(465 466 467 468 469 470 471 472)
464 0()
464 0()
464 0()
464 0()
464 0()
464 0()
464 0()
464 0()
445 8(474 475 476 477 478 479 480 481)
473 0()
473 0()
473 0()
473 0()
473 0()
473 0()
473 0()
473 0()
445 8(483 484 485 486 487 488 489 490)
482 0()
482 0()
482 0()
482 0()
482 0()
482 0()
482 0()
482 0()
445 8(492 493 494 495 496 497 498 499)
491 0()
491 0()
491 0()
491 0()
491 0()
491 0()
491 0()
491 0()
445 8(501 502 503 504 505 506 507 508)
500 0()
500 0()
500 0()
500 0()
500 0()
500 0()
500 0()
500 0()
444 0()
444 0()
444 0()
444 0()
444 0()
444 0()
444 0()
517 0()
-1 8(516 518 519 520 521 522 523 524)
517 0()
517 0()
517 0()
517 0()
517 0()
517 0()
517 0()
526 0()
-1 8(525 527 528 529 530 531 532 533)
526 0()
526 0()
526 0()
526 0()
526 0()
526 0()
526 0()
535 0()
-1 8(534 536 537 538 539 540 541 542)
535 0()
535 0()
535 0()
535 0()
535 0()
535 0()
535 0()
544 0()
-1 8(543 545 546 547 548 549 550 551)
544 0()
544 0()
544 0()
544 0()
544 0()
544 0()
544 8(552 553 554 555 556 557 558 559)
551 0()
551 0()
551 0()
551 0()
551 0()
551 0()
551 0()
551 0()
561 0()
-1 8(560 562 563 564 565 566 567 568)
561 0()
561 0()
561 0()
561 0()
561 0()
561 0()
561 0()
570 0()
-1 8(569 571 572 573 574 575 576 577)
570 0()
570 0()
570 0()
570 0()
570 0()
570 0()
570 0()
579 0()
-1 8(578 580 581 582 583 584 585 586)
579 0()
579 0()
579 0()
579 0()
579 0()
579 0()
579 0()
588 0()
-1 8(587 589 590 591 592 593 594 595)
588 0()
588 0()
588 0()
588 0()
588 0()
588 0()
588 0()
597 0()
598 8(596 646 647 648 649 650 651 652)
-1 8(597 599 608 617 626 627 636 637)
598 8(600 601 602 603 604 605 606 607)
599 0()
599 0()
599 0()
599 0()
599 0()
599 0()
599 0()
599 0()
598 8(609 610 611 612 613 614 615 616)
608 0()
608 0()
608 0()
608 0()
608 0()
608 0()
608 0()
608 0()
598 8(618 619 620 621 622 623 624 625)
617 0()
617 0()
617 0()
617 0()
617 0()
617 0()
617 0()
617 0()
598 0()
598 8(628 629 630 631 632 633 634 635)
627 0()
627 0()
627 0()
627 0()
627 0()
627 0()
627 0()
627 0()
598 0()
598 8(638 639 640 641 642 643 644 645)
637 0()
637 0()
637 0()
637 0()
637 0()
637 0()
637 0()
637 0()
597 0()
597 0()
597 0()
597 0()
597 0()
597 0()
597 0()
654 0()
655 8(653 719 720 721 722 723 724 725)
-1 8(654 656 665 674 683 692 701 710)
655 8(657 658 659 660 661 662 663 664)
656 0()
656 0()
656 0()
656 0()
656 0()
656 0()
656 0()
656 0()
655 8(666 667 668 669 670 671 672 673)
665 0()
665 0()
665 0()
665 0()
665 0()
665 0()
665 0()
665 0()
655 8(675 676 677 678 679 680 681 682)
674 0()
674 0()
674 0()
674 0()
674 0()
674 0()
674 0()
674 0()
655 8(684 685 686 687 688 689 690 691)
683 0()
683 0()
683 0()
683 0()
683 0()
683 0()
683 0()
683 0()
655 8(693 694 695 696 697 698 699 700)
692 0()
692 0()
692 0()
692 0()
692 0()
692 0()
692 0()
692 0()
655 8(702 703 704 705 706 707 708 709)
701 0()
701 0()
701 0()
701 0()
701 0()
701 0()
701 0()
701 0()
655 8(711 712 713 714 715 716 717 718)
710 0()
710 0()
710 0()
710 0()
710 0()
710 0()
710 0()
710 0()
654 0()
654 0()
654 0()
654 0()
654 0()
654 0()
654 0()
727 0()
728 8(726 760 761 762 763 764 765 766)
-1 8(727 729 730 739 740 749 750 759)
728 0()
728 8(731 732 733 734 735 736 737 738)
730 0()
730 0()
730 0()
730 0()
730 0()
730 0()
730 0()
730 0()
728 0()
728 8(741 742 743 744 745 746 747 748)
740 0()
740 0()
740 0()
740 0()
740 0()
740 0()
740 0()
740 0()
728 0()
728 8(751 752 753 754 755 756 757 758)
750 0()
750 0()
750 0()
750 0()
750 0()
750 0()
750 0()
750 0()
728 0()
727 0()
727 0()
727 0()
727 0()
727 0()
727 0()
727 0()
768 0()
-1 8(767 769 770 771 772 773 774 775)
768 0()
768 0()
768 0()
768 0()
768 0()
768 0()
768 0()
777 0()
-1 8(776 778 779 780 781 782 783 784)
777 0()
777 0()
777 0()
777 0()
777 0()
777 0()
777 0()
786 0()
-1 8(785 787 788 789 790 791 800 801)
786 0()
786 0()
786 0()
786 0()
786 8(792 793 794 795 796 797 798 799)
791 0()
791 0()
791 0()
791 0()
791 0()
791 0()
791 0()
791 0()
786 0()
786 8(802 803 804 805 806 807 808 809)
801 0()
801 0()
801 0()
801 0()
801 0()
801 0()
801 0()
801 0()
811 0()
812 8(810 868 869 870 871 872 873 874)
-1 8(811 813 822 831 840 849 858 867)
812 8(814 815 816 817 818 819 820 821)
813 0()
813 0()
813 0()
813 0()
813 0()
813 0()
813 0()
813 0()
812 8(823 824 825 826 827 828 829 830)
822 0()
822 0()
822 0()
822 0()
822 0()
822 0()
822 0()
822 0()
812 8(832 833 834 835 836 837 838 839)
831 0()
831 0()
831 0()
831 0()
831 0()
831 0()
831 0()
831 0()
812 8(841 842 843 844 845 846 847 848)
840 0()
840 0()
840 0()
840 0()
840 0()
840 0()
840 0()
840 0()
812 8(850 851 852 853 854 855 856 857)
849 0()
849 0()
849 0()
849 0()
849 0()
849 0()
849 0()
849 0()
812 8(859 860 861 862 863 864 865 866)
858 0()
858 0()
858 0()
858 0()
858 0()
858 0()
858 0()
858 0()
812 0()
811 0()
811 0()
811 0()
811 0()
811 0()
811 0()
811 0()
876 0()
877 8(875 925 926 927 928 929 930 931)
-1 8(876 878 887 896 905 914 915 924)
877 8(879 880 881 882 883 884 885 886)
878 0()
878 0()
878 0()
878 0()
878 0()
878 0()
878 0()
878 0()
877 8(888 889 890 891 892 893 894 895)
887 0()
887 0()
887 0()
887 0()
887 0()
887 0()
887 0()
887 0()
877 8(897 898 899 900 901 902 903 904)
896 0()
896 0()
896 0()
896 0()
896 0()
896 0()
896 0()
896 0()
877 8(906 907 908 909 910 911 912 913)
905 0()
905 0()
905 0()
905 0()
905 0()
905 0()
905 0()
905 0()
877 0()
877 8(916 917 918 919 920 921 922 923)
915 0()
915 0()
915 0()
915 0()
915 0()
915 0()
915 0()
915 0()
877 0()
876 0()
876 0()
876 0()
876 0()
876 0()
876 0()
876 0()
933 0()
-1 8(932 934 935 936 937 938 939 940)
933 0()
933 0()
933 0()
933 0()
933 0()
933 0()
933 0()
942 0()
-1 8(941 943 944 945 946 947 948 949)
942 0()
942 0()
942 0()
942 0()
942 0()
942 0()
942 0()
951 0()
-1 8(950 952 953 954 955 956 957 958)
951 0()
951 0()
951 0()
951 0()
951 0()
951 0()
951 0()
960 0()
-1 8(959 961 962 963 964 965 966 967)
960 0()
960 0()
960 0()
960 0()
960 0()
960 0()
960 0()
969 0()
-1 8(968 970 971 972 973 974 975 976)
969 0()
969 0()
969 0()
969 0()
969 0()
969 0()
969 0()
978 0()
-1 8(977 979 980 981 982 983 984 985)
978 0()
978 0()
978 0()
978 0()
978 0()
978 0()
978 0()
987 0()
-1 8(986 988 989 990 991 992 993 994)
987 0()
987 0()
987 0()
987 0()
987 0()
987 0()
987 0()
996 0()
-1 8(995 997 998 999 1000 1001 1002 1003)
996 0()
996 0()
996 0()
996 0()
996 0()
996 0()
996 0()
1005 0()
-1 8(1004 1006 1007 1008 1009 1010 1011 1012)
1005 0()
1005 0()
1005 0()
1005 0()
1005 0()
1005 0()
1005 0()
1014 0()
-1 8(1013 1015 1016 1017 1018 1019 1020 1021)
1014 0()
1014 0()
1014 0()
1014 0()
1014 0()
1014 0()
1014 0()
1023 0()
-1 8(1022 1024 1025 1026 1027 1028 1029 1030)
1023 0()
1023 0()
1023 0()
1023 0()
1023 0()
1023 0()
1023 0()
1032 0()
-1 8(1031 1033 1042 1043 1052 1053 1054 1063)
1032 8(1034 1035 1036 1037 1038 1039 1040 1041)
1033 0()
1033 0()
1033 0()
1033 0()
1033 0()
1033 0()
1033 0()
1033 0()
1032 0()
1032 8(1044 1045 1046 1047 1048 1049 1050 1051)
1043 0()
1043 0()
1043 0()
1043 0()
1043 0()
1043 0()
1043 0()
1043 0()
1032 0()
1032 0()
1032 8(1055 1056 1057 1058 1059 1060 1061 1062)
1054 0()
1054 0()
1054 0()
1054 0()
1054 0()
1054 0()
1054 0()
1054 0()
1032 8(1064 1065 1066 1067 1068 1069 1070 1071)
1063 0()
1063 0()
1063 0()
1063 0()
1063 0()
1063 0()
1063 0()
1063 0()
1073 0()
1074 8(1072 1114 1115 1116 1117 1118 1119 1120)
-1 8(1073 1075 1076 1085 1094 1095 1096 1105)
1074 0()
1074 8(1077 1078 1079 1080 1081 1082 1083 1084)
1076 0()
1076 0()
1076 0()
1076 0()
1076 0()
1076 0()
1076 0()
1076 0()
1074 8(1086 1087 1088 1089 1090 1091 1092 1093)
1085 0()
1085 0()
1085 0()
1085 0()
1085 0()
1085 0()
1085 0()
1085 0()
1074 0()
1074 0()
1074 8(1097 1098 1099 1100 1101 1102 1103 1104)
1096 0()
1096 0()
1096 0()
1096 0()
1096 0()
1096 0()
1096 0()
1096 0()
1074 8(1106 1107 1108 1109 1110 1111 1112 1113)
1105 0()
1105 0()
1105 0()
1105 0()
1105 0()
1105 0()
1105 0()
1105 0()
1073 0()
1073 0()
1073 0()
1073 0()
1073 0()
1073 0()
1073 0()
1122 0()
-1 8(1121 1123 1124 1125 1126 1127 1128 1129)
1122 0()
1122 0()
1122 0()
1122 0()
1122 0()
1122 0()
1122 0()
1131 0()
-1 8(1130 1132 1133 1134 1135 1136 1137 1138)
1131 0()
1131 0()
1131 0()
1131 0()
1131 0()
1131 0()
1131 0()
1140 0()
-1 8(1139 1141 1150 1151 1160 1169 1178 1187)
1140 8(1142 1143 1144 1145 1146 1147 1148 1149)
1141 0()
1141 0()
1141 0()
1141 0()
1141 0()
1141 0()
1141 0()
1141 0()
1140 0()
1140 8(1152 1153 1154 1155 1156 1157 1158 1159)
1151 0()
1151 0()
1151 0()
1151 0()
1151 0()
1151 0()
1151 0()
1151 0()
1140 8(1161 1162 1163 1164 1165 1166 1167 1168)
1160 0()
1160 0()
1160 0()
1160 0()
1160 0()
1160 0()
1160 0()
1160 0()
1140 8(1170 1171 1172 1173 1174 1175 1176 1177)
1169 0()
1169 0()
1169 0()
1169 0()
1169 0()
1169 0()
1169 0()
1169 0()
1140 8(1179 1180 1181 1182 1183 1184 1185 1186)
1178 0()
1178 0()
1178 0()
1178 0()
1178 0()
1178 0()
1178 0()
1178 0()
1140 8(1188 1189 1190 1191 1192 1193 1194 1195)
1187 0()
1187 0()
1187 0()
1187 0()
1187 0()
1187 0()
1187 0()
1187 0()
1197 0()
1198 8(1196 1254 1255 1256 1257 1258 1259 1260)
-1 8(1197 1199 1208 1217 1226 1235 1244 1253)
1198 8(1200 1201 1202 1203 1204 1205 1206 1207)
1199 0()
1199 0()
1199 0()
1199 0()
1199 0()
1199 0()
1199 0()
1199 0()
1198 8(1209 1210 1211 1212 1213 1214 1215 1216)
1208 0()
1208 0()
1208 0()
1208 0()
1208 0()
1208 0()
1208 0()
1208 0()
1198 8(1218 1219 1220 1221 1222 1223 1224 1225)
1217 0()
1217 0()
1217 0()
1217 0()
1217 0()
1217 0()
1217 0()
1217 0()
1198 8(1227 1228 1229 1230 1231 1232 1233 1234)
1226 0()
1226 0()
1226 0()
1226 0()
1226 0()
1226 0()
1226 0()
1226 0()
1198 8(1236 1237 1238 1239 1240 1241 1242 1243)
1235 0()
1235 0()
1235 0()
1235 0()
1235 0()
1235 0()
1235 0()
1235 0()
1198 8(1245 1246 1247 1248 1249 1250 1251 1252)
1244 0()
1244 0()
1244 0()
1244 0()
1244 0()
1244 0()
1244 0()
1244 0()
1198 0()
1197 0()
1197 0()
1197 0()
1197 0()
1197 0()
1197 0()
1197 0()
1262 0()
-1 8(1261 1263 1264 1265 1266 1267 1268 1269)
1262 0()
1262 0()
1262 0()
1262 0()
1262 0()
1262 0()
1262 0()
1271 0()
-1 8(1270 1272 1273 1274 1275 1276 1277 1278)
1271 0()
1271 0()
1271 0()
1271 0()
1271 0()
1271 0()
1271 0()
1280 0()
-1 8(1279 1281 1282 1283 1284 1285 1286 1295)
1280 0()
1280 0()
1280 0()
1280 0()
1280 0()
1280 8(1287 1288 1289 1290 1291 1292 1293 1294)
1286 0()
1286 0()
1286 0()
1286 0()
1286 0()
1286 0()
1286 0()
1286 0()
1280 8(1296 1297 1298 1299 1300 1301 1302 1303)
1295 0()
1295 0()
1295 0()
1295 0()
1295 0()
1295 0()
1295 0()
1295 0()
1305 0()
-1 8(1304 1306 1307 1316 1317 1318 1319 1328)
1305 0()
1305 8(1308 1309 1310 1311 1312 1313 1314 1315)
1307 0()
1307 0()
1307 0()
1307 0()
1307 0()
1307 0()
1307 0()
1307 0()
1305 0()
1305 0()
1305 0()
1305 8(1320 1321 1322 1323 1324 1325 1326 1327)
1319 0()
1319 0()
1319 0()
1319 0()
1319 0()
1319 0()
1319 0()
1319 0()
1305 8(1329 1330 1331 1332 1333 1334 1335 1336)
1328 0()
1328 0()
1328 0()
1328 0()
1328 0()
1328 0()
1328 0()
1328 0()
1338 0()
-1 8(1337 1339 1340 1341 1342 1343 1344 1345)
1338 0()
1338 0()
1338 0()
1338 0()
1338 0()
1338 0()
1338 0()
1347 0()
1348 8(1346 1412 1413 1414 1415 1416 1417 1418)
-1 8(1347 1349 1358 1367 1376 1385 1394 1403)
1348 8(1350 1351 1352 1353 1354 1355 1356 1357)
1349 0()
1349 0()
1349 0()
1349 0()
1349 0()
1349 0()
1349 0()
1349 0()
1348 8(1359 1360 1361 1362 1363 1364 1365 1366)
1358 0()
1358 0()
1358 0()
1358 0()
1358 0()
1358 0()
1358 0()
1358 0()
1348 8(1368 1369 1370 1371 1372 1373 1374 1375)
1367 0()
1367 0()
1367 0()
1367 0()
1367 0()
1367 0()
1367 0()
1367 0()
1348 8(1377 1378 1379 1380 1381 1382 1383 1384)
1376 0()
1376 0()
1376 0()
1376 0()
1376 0()
1376 0()
1376 0()
1376 0()
1348 8(1386 1387 1388 1389 1390 1391 1392 1393)
1385 0()
1385 0()
1385 0()
1385 0()
1385 0()
1385 0()
1385 0()
1385 0()
1348 8(1395 1396 1397 1398 1399 1400 1401 1402)
1394 0()
1394 0()
1394 0()
1394 0()
1394 0()
1394 0()
1394 0()
1394 0()
1348 8(1404 1405 1406 1407 1408 1409 1410 1411)
1403 0()
1403 0()
1403 0()
1403 0()
1403 0()
1403 0()
1403 0()
1403 0()
1347 0()
1347 0()
1347 0()
1347 0()
1347 0()
1347 0()
1347 0()
1420 0()
-1 8(1419 1421 1422 1423 1424 1425 1426 1427)
1420 0()
1420 0()
1420 0()
1420 0()
1420 0()
1420 0()
1420 0()
1429 0()
-1 8(1428 1430 1431 1432 1433 1434 1435 1436)
1429 0()
1429 0()
1429 0()
1429 0()
1429 0()
1429 0()
1429 0()
1438 0()
1439 8(1437 1487 1488 1489 1490 1491 1492 1493)
-1 8(1438 1440 1449 1450 1451 1460 1469 1478)
1439 8(1441 1442 1443 1444 1445 1446 1447 1448)
1440 0()
1440 0()
1440 0()
1440 0()
1440 0()
1440 0()
1440 0()
1440 0()
1439 0()
1439 0()
1439 8(1452 1453 1454 1455 1456 1457 1458 1459)
1451 0()
1451 0()
1451 0()
1451 0()
1451 0()
1451 0()
1451 0()
1451 0()
1439 8(1461 1462 1463 1464 1465 1466 1467 1468)
1460 0()
1460 0()
1460 0()
1460 0()
1460 0()
1460 0()
1460 0()
1460 0()
1439 8(1470 1471 1472 1473 1474 1475 1476 1477)
1469 0()
1469 0()
1469 0()
1469 0()
1469 0()
1469 0()
1469 0()
1469 0()
1439 8(1479 1480 1481 1482 1483 1484 1485 1486)
1478 0()
1478 0()
1478 0()
1478 0()
1478 0()
1478 0()
1478 0()
1478 0()
1438 0()
1438 0()
1438 0()
1438 0()
1438 0()
1438 0()
1438 0()
1495 0()
1496 8(1494 1520 1521 1522 1523 1524 1525 1526)
-1 8(1495 1497 1498 1499 1500 1509 1518 1519)
1496 0()
1496 0()
1496 0()
1496 8(1501 1502 1503 1504 1505 1506 1507 1508)
1500 0()
1500 0()
1500 0()
1500 0()
1500 0()
1500 0()
1500 0()
1500 0()
1496 8(1510 1511 1512 1513 1514 1515 1516 1517)
1509 0()
1509 0()
1509 0()
1509 0()
1509 0()
1509 0()
1509 0()
1509 0()
1496 0()
1496 0()
1495 0()
1495 0()
1495 0()
1495 0()
1495 0()
1495 0()
1495 0()
1528 0()
-1 8(1527 1529 1530 1531 1532 1533 1534 1535)
1528 0()
1528 0()
1528 0()
1528 0()
1528 0()
1528 0()
1528 0()
1537 0()
-1 8(1536 1538 1539 1540 1541 1542 1543 1544)
1537 0()
1537 0()
1537 0()
1537 0()
1537 0()
1537 0()
1537 0()
1546 0()
-1 8(1545 1547 1548 1549 1550 1551 1552 1553)
1546 0()
1546 0()
1546 0()
1546 0()
1546 0()
1546 0()
1546 0()
1555 0()
-1 8(1554 1556 1557 1558 1559 1560 1561 1562)
1555 0()
1555 0()
1555 0()
1555 0()
1555 0()
1555 0()
1555 0()
1564 0()
-1 8(1563 1565 1566 1575 1584 1593 1594 1603)
1564 0()
1564 8(1567 1568 1569 1570 1571 1572 1573 1574)
1566 0()
1566 0()
1566 0()
1566 0()
1566 0()
1566 0()
1566 0()
1566 0()
1564 8(1576 1577 1578 1579 1580 1581 1582 1583)
1575 0()
1575 0()
1575 0()
1575 0()
1575 0()
1575 0()
1575 0()
1575 0()
1564 8(1585 1586 1587 1588 1589 1590 1591 1592)
1584 0()
1584 0()
1584 0()
1584 0()
1584 0()
1584 0()
1584 0()
1584 0()
1564 0()
1564 8(1595 1596 1597 1598 1599 1600 1601 1602)
1594 0()
1594 0()
1594 0()
1594 0()
1594 0()
1594 0()
1594 0()
1594 0()
1564 8(1604 1605 1606 1607 1608 1609 1610 1611)
1603 0()
1603 0()
1603 0()
1603 0()
1603 0()
1603 0()
1603 0()
1603 0()
1613 0()
-1 8(1612 1614 1615 1616 1617 1618 1619 1620)
1613 0()
1613 0()
1613 0()
1613 0()
1613 0()
1613 0()
1613 8(1621 1622 1623 1624 1625 1626 1627 1628)
1620 0()
1620 0()
1620 0()
1620 0()
1620 0()
1620 0()
1620 0()
1620 0()
1630 0()
-1 8(1629 1631 1632 1641 1642 1643 1644 1653)
1630 0()
1630 8(1633 1634 1635 1636 1637 1638 1639 1640)
1632 0()
1632 0()
1632 0()
1632 0()
1632 0()
1632 0()
1632 0()
1632 0()
1630 0()
1630 0()
1630 0()
1630 8(1645 1646 1647 1648 1649 1650 1651 1652)
1644 0()
1644 0()
1644 0()
1644 0()
1644 0()
1644 0()
1644 0()
1644 0()
1630 0()
1655 0()
-1 8(1654 1656 1657 1658 1659 1668 1677 1686)
1655 0()
1655 0()
1655 0()
1655 8(1660 1661 1662 1663 1664 1665 1666 1667)
1659 0()
1659 0()
1659 0()
1659 0()
1659 0()
1659 0()
1659 0()
1659 0()
1655 8(1669 1670 1671 1672 1673 1674 1675 1676)
1668 0()
1668 0()
1668 0()
1668 0()
1668 0()
1668 0()
1668 0()
1668 0()
1655 8(1678 1679 1680 1681 1682 1683 1684 1685)
1677 0()
1677 0()
1677 0()
1677 0()
1677 0()
1677 0()
1677 0()
1677 0()
1655 8(1687 1688 1689 1690 1691 1692 1693 1694)
1686 0()
1686 0()
1686 0()
1686 0()
1686 0()
1686 0()
1686 0()
1686 0()
1696 0()
-1 8(1695 1697 1698 1699 1700 1701 1702 1703)
1696 0()
1696 0()
1696 0()
1696 0()
1696 0()
1696 0()
1696 0()
1705 0()
-1 8(1704 1706 1707 1708 1709 1710 1711 1712)
1705 0()
1705 0()
1705 0()
1705 0()
1705 0()
1705 0()
1705 0()
1714 0()
1715 8(1713 1763 1764 1765 1766 1767 1768 1769)
-1 8(1714 1716 1725 1726 1735 1744 1753 1754)
1715 8(1717 1718 1719 1720 1721 1722 1723 1724)
1716 0()
1716 0()
1716 0()
1716 0()
1716 0()
1716 0()
1716 0()
1716 0()
1715 0()
1715 8(1727 1728 1729 1730 1731 1732 1733 1734)
1726 0()
1726 0()
1726 0()
1726 0()
1726 0()
1726 0()
1726 0()
1726 0()
1715 8(1736 1737 1738 1739 1740 1741 1742 1743)
1735 0()
1735 0()
1735 0()
1735 0()
1735 0()
1735 0()
1735 0()
1735 0()
1715 8(1745 1746 1747 1748 1749 1750 1751 1752)
1744 0()
1744 0()
1744 0()
1744 0()
1744 0()
1744 0()
1744 0()
1744 0()
1715 0()
1715 8(1755 1756 1757 1758 1759 1760 1761 1762)
1754 0()
1754 0()
1754 0()
1754 0()
1754 0()
1754 0()
1754 0()
1754 0()
1714 0()
1714 0()
1714 0()
1714 0()
1714 0()
1714 0()
1714 0()
1771 0()
-1 8(1770 1772 1781 1790 1799 1808 1817 1826)
1771 8(1773 1774 1775 1776 1777 1778 1779 1780)
1772 0()
1772 0()
1772 0()
1772 0()
1772 0()
1772 0()
1772 0()
1772 0()
1771 8(1782 1783 1784 1785 1786 1787 1788 1789)
1781 0()
1781 0()
1781 0()
1781 0()
1781 0()
1781 0()
1781 0()
1781 0()
1771 8(1791 1792 1793 1794 1795 1796 1797 1798)
1790 0()
1790 0()
1790 0()
1790 0()
1790 0()
1790 0()
1790 0()
1790 0()
1771 8(1800 1801 1802 1803 1804 1805 1806 1807)
1799 0()
1799 0()
1799 0()
1799 0()
1799 0()
1799 0()
1799 0()
1799 0()
1771 8(1809 1810 1811 1812 1813 1814 1815 1816)
1808 0()
1808 0()
1808 0()
1808 0()
1808 0()
1808 0()
1808 0()
1808 0()
1771 8(1818 1819 1820 1821 1822 1823 1824 1825)
1817 0()
1817 0()
1817 0()
1817 0()
1817 0()
1817 0()
1817 0()
1817 0()
1771 8(1827 1828 1829 1830 1831 1832 1833 1834)
1826 0()
1826 0()
1826 0()
1826 0()
1826 0()
1826 0()
1826 0()
1826 0()
1836 0()
1837 8(1835 1885 1886 1887 1888 1889 1890 1891)
-1 8(1836 1838 1847 1856 1857 1866 1875 1884)
1837 8(1839 1840 1841 1842 1843 1844 1845 1846)
1838 0()
1838 0()
1838 0()
1838 0()
1838 0()
1838 0()
1838 0()
1838 0()
1837 8(1848 1849 1850 1851 1852 1853 1854 1855)
1847 0()
1847 0()
1847 0()
1847 0()
1847 0()
1847 0()
1847 0()
1847 0()
1837 0()
1837 8(1858 1859 1860 1861 1862 1863 1864 1865)
1857 0()
1857 0()
1857 0()
1857 0()
1857 0()
1857 0()
1857 0()
1857 0()
1837 8(1867 1868 1869 1870 1871 1872 1873 1874)
1866 0()
1866 0()
1866 0()
1866 0()
1866 0()
1866 0()
1866 0()
1866 0()
1837 8(1876 1877 1878 1879 1880 1881 1882 1883)
1875 0()
1875 0()
1875 0()
1875 0()
1875 0()
1875 0()
1875 0()
1875 0()
1837 0()
1836 0()
1836 0()
1836 0()
1836 0()
1836 0()
1836 0()
1836 0()
1893 0()
-1 8(1892 1894 1895 1896 1897 1906 1915 1924)
1893 0()
1893 0()
1893 0()
1893 8(1898 1899 1900 1901 1902 1903 1904 1905)
1897 0()
1897 0()
1897 0()
1897 0()
1897 0()
1897 0()
1897 0()
1897 0()
1893 8(1907 1908 1909 1910 1911 1912 1913 1914)
1906 0()
1906 0()
1906 0()
1906 0()
1906 0()
1906 0()
1906 0()
1906 0()
1893 8(1916 1917 1918 1919 1920 1921 1922 1923)
1915 0()
1915 0()
1915 0()
1915 0()
1915 0()
1915 0()
1915 0()
1915 0()
1893 8(1925 1926 1927 1928 1929 1930 1931 1932)
1924 0()
1924 0()
1924 0()
1924 0()
1924 0()
1924 0()
1924 0()
1924 0()
1934 0()
-1 8(1933 1935 1936 1937 1938 1939 1940 1941)
1934 0()
1934 0()
1934 0()
1934 0()
1934 0()
1934 0()
1934 0()
1943 0()
-1 8(1942 1944 1945 1946 1947 1948 1949 1950)
1943 0()
1943 0()
1943 0()
1943 0()
1943 0()
1943 0()
1943 0()
1952 0()
-1 8(1951 1953 1962 1963 1972 1973 1982 1991)
1952 8(1954 1955 1956 1957 1958 1959 1960 1961)
1953 0()
1953 0()
1953 0()
1953 0()
1953 0()
1953 0()
1953 0()
1953 0()
1952 0()
1952 8(1964 1965 1966 1967 1968 1969 1970 1971)
1963 0()
1963 0()
1963 0()
1963 0()
1963 0()
1963 0()
1963 0()
1963 0()
1952 0()
1952 8(1974 1975 1976 1977 1978 1979 1980 1981)
1973 0()
1973 0()
1973 0()
1973 0()
1973 0()
1973 0()
1973 0()
1973 0()
1952 8(1983 1984 1985 1986 1987 1988 1989 1990)
1982 0()
1982 0()
1982 0()
1982 0()
1982 0()
1982 0()
1982 0()
1982 0()
1952 8(1992 1993 1994 1995 1996 1997 1998 1999)
1991 0()
1991 0()
1991 0()
1991 0()
1991 0()
1991 0()
1991 0()
1991 0()
2001 0()
2002 8(2000 2066 2067 2068 2069 2070 2071 2072)
-1 8(2001 2003 2012 2021 2030 2039 2048 2057)
2002 8(2004 2005 2006 2007 2008 2009 2010 2011)
2003 0()
2003 0()
2003 0()
2003 0()
2003 0()
2003 0()
2003 0()
2003 0()
2002 8(2013 2014 2015 2016 2017 2018 2019 2020)
2012 0()
2012 0()
2012 0()
2012 0()
2012 0()
2012 0()
2012 0()
2012 0()
2002 8(2022 2023 2024 2025 2026 2027 2028 2029)
2021 0()
2021 0()
2021 0()
2021 0()
2021 0()
2021 0()
2021 0()
2021 0()
2002 8(2031 2032 2033 2034 2035 2036 2037 2038)
2030 0()
2030 0()
2030 0()
2030 0()
2030 0()
2030 0()
2030 0()
2030 0()
2002 8(2040 2041 2042 2043 2044 2045 2046 2047)
2039 0()
2039 0()
2039 0()
2039 0()
2039 0()
2039 0()
2039 0()
2039 0()
2002 8(2049 2050 2051 2052 2053 2054 2055 2056)
2048 0()
2048 0()
2048 0()
2048 0()
2048 0()
2048 0()
2048 0()
2048 0()
2002 8(2058 2059 2060 2061 2062 2063 2064 2065)
2057 0()
2057 0()
2057 0()
2057 0()
2057 0()
2057 0()
2057 0()
2057 0()
2001 0()
2001 0()
2001 0()
2001 0()
2001 0()
2001 0()
2001 0()
2074 0()
2075 8(2073 2123 2124 2125 2126 2127 2128 2129)
-1 8(2074 2076 2077 2086 2087 2096 2105 2114)
2075 0()
2075 8(2078 2079 2080 2081 2082 2083 2084 2085)
2077 0()
2077 0()
2077 0()
2077 0()
2077 0()
2077 0()
2077 0()
2077 0()
2075 0()
2075 8(2088 2089 2090 2091 2092 2093 2094 2095)
2087 0()
2087 0()
2087 0()
2087 0()
2087 0()
2087 0()
2087 0()
2087 0()
2075 8(2097 2098 2099 2100 2101 2102 2103 2104)
2096 0()
2096 0()
2096 0()
2096 0()
2096 0()
2096 0()
2096 0()
2096 0()
2075 8(2106 2107 2108 2109 2110 2111 2112 2113)
2105 0()
2105 0()
2105 0()
2105 0()
2105 0()
2105 0()
2105 0()
2105 0()
2075 8(2115 2116 2117 2118 2119 2120 2121 2122)
2114 0()
2114 0()
2114 0()
2114 0()
2114 0()
2114 0()
2114 0()
2114 0()
2074 0()
2074 0()
2074 0()
2074 0()
2074 0()
2074 0()
2074 0()
2131 0()
-1 8(2130 2132 2133 2134 2135 2136 2137 2138)
2131 0()
2131 0()
2131 0()
2131 0()
2131 0()
2131 0()
2131 0()
2140 0()
-1 8(2139 2141 2142 2143 2144 2145 2146 2147)
2140 0()
2140 0()
2140 0()
2140 0()
2140 0()
2140 0()
2140 0()
2149 0()
-1 8(2148 2150 2151 2152 2153 2162 2171 2172)
2149 0()
2149 0()
2149 0()
2149 8(2154 2155 2156 2157 2158 2159 2160 2161)
2153 0()
2153 0()
2153 0()
2153 0()
2153 0()
2153 0()
2153 0()
2153 0()
2149 8(2163 2164 2165 2166 2167 2168 2169 2170)
2162 0()
2162 0()
2162 0()
2162 0()
2162 0()
2162 0()
2162 0()
2162 0()
2149 0()
2149 0()
2174 0()
-1 8(2173 2175 2176 2177 2178 2187 2188 2189)
2174 0()
2174 0()
2174 0()
2174 8(2179 2180 2181 2182 2183 2184 2185 2186)
2178 0()
2178 0()
2178 0()
2178 0()
2178 0()
2178 0()
2178 0()
2178 0()
2174 0()
2174 0()
2174 0()
2191 0()
-1 8(2190 2192 2193 2194 2195 2196 2197 2198)
2191 0()
2191 0()
2191 0()
2191 0()
2191 0()
2191 0()
2191 0()
2200 0()
-1 8(2199 2201 2202 2203 2204 2205 2206 2207)
2200 0()
2200 0()
2200 0()
2200 0()
2200 0()
2200 0()
2200 0()
2209 0()
-1 8(2208 2210 2211 2212 2213 2214 2215 2216)
2209 0()
2209 0()
2209 0()
2209 0()
2209 0()
2209 0()
2209 0()
2218 0()
-1 8(2217 2219 2220 2221 2222 2223 2224 2225)
2218 0()
2218 0()
2218 0()
2218 0()
2218 0()
2218 0()
2218 0()
2227 0()
-1 8(2226 2228 2229 2230 2231 2232 2233 2234)
2227 0()
2227 0()
2227 0()
2227 0()
2227 0()
2227 0()
2227 0()
2236 0()
2237 8(2235 2293 2294 2295 2296 2297 2298 2299)
-1 8(2236 2238 2247 2256 2265 2274 2275 2284)
2237 8(2239 2240 2241 2242 2243 2244 2245 2246)
2238 0()
2238 0()
2238 0()
2238 0()
2238 0()
2238 0()
2238 0()
2238 0()
2237 8(2248 2249 2250 2251 2252 2253 2254 2255)
2247 0()
2247 0()
2247 0()
2247 0()
2247 0()
2247 0()
2247 0()
2247 0()
2237 8(2257 2258 2259 2260 2261 2262 2263 2264)
2256 0()
2256 0()
2256 0()
2256 0()
2256 0()
2256 0()
2256 0()
2256 0()
2237 8(2266 2267 2268 2269 2270 2271 2272 2273)
2265 0()
2265 0()
2265 0()
2265 0()
2265 0()
2265 0()
2265 0()
2265 0()
2237 0()
2237 8(2276 2277 2278 2279 2280 2281 2282 2283)
2275 0()
2275 0()
2275 0()
2275 0()
2275 0()
2275 0()
2275 0()
2275 0()
2237 8(2285 2286 2287 2288 2289 2290 2291 2292)
2284 0()
2284 0()
2284 0()
2284 0()
2284 0()
2284 0()
2284 0()
2284 0()
2236 0()
2236 0()
2236 0()
2236 0()
2236 0()
2236 0()
2236 0()
2301 0()
2302 8(2300 2334 2335 2336 2337 2338 2339 2340)
-1 8(2301 2303 2304 2313 2322 2323 2324 2333)
2302 0()
2302 8(2305 2306 2307 2308 2309 2310 2311 2312)
2304 0()
2304 0()
2304 0()
2304 0()
2304 0()
2304 0()
2304 0()
2304 0()
2302 8(2314 2315 2316 2317 2318 2319 2320 2321)
2313 0()
2313 0()
2313 0()
2313 0()
2313 0()
2313 0()
2313 0()
2313 0()
2302 0()
2302 0()
2302 8(2325 2326 2327 2328 2329 2330 2331 2332)
2324 0()
2324 0()
2324 0()
2324 0()
2324 0()
2324 0()
2324 0()
2324 0()
2302 0()
2301 0()
2301 0()
2301 0()
2301 0()
2301 0()
2301 0()
2301 0()
2342 0()
-1 8(2341 2343 2344 2345 2346 2347 2348 2349)
2342 0()
2342 0()
2342 0()
2342 0()
2342 0()
2342 0()
2342 0()
2351 0()
2352 8(2350 2416 2417 2418 2419 2420 2421 2422)
-1 8(2351 2353 2362 2371 2380 2389 2398 2407)
2352 8(2354 2355 2356 2357 2358 2359 2360 2361)
2353 0()
2353 0()
2353 0()
2353 0()
2353 0()
2353 0()
2353 0()
2353 0()
2352 8(2363 2364 2365 2366 2367 2368 2369 2370)
2362 0()
2362 0()
2362 0()
2362 0()
2362 0()
2362 0()
2362 0()
2362 0()
2352 8(2372 2373 2374 2375 2376 2377 2378 2379)
2371 0()
2371 0()
2371 0()
2371 0()
2371 0()
2371 0()
2371 0()
2371 0()
2352 8(2381 2382 2383 2384 2385 2386 2387 2388)
2380 0()
2380 0()
2380 0()
2380 0()
2380 0()
2380 0()
2380 0()
2380 0()
2352 8(2390 2391 2392 2393 2394 2395 2396 2397)
2389 0()
2389 0()
2389 0()
2389 0()
2389 0()
2389 0()
2389 0()
2389 0()
2352 8(2399 2400 2401 2402 2403 2404 2405 2406)
2398 0()
2398 0()
2398 0()
2398 0()
2398 0()
2398 0()
2398 0()
2398 0()
2352 8(2408 2409 2410 2411 2412 2413 2414 2415)
2407 0()
2407 0()
2407 0()
2407 0()
2407 0()
2407 0()
2407 0()
2407 0()
2351 0()
2351 0()
2351 0()
2351 0()
2351 0()
2351 0()
2351 0()
2424 0()
2425 8(2423 2473 2474 2475 2476 2477 2478 2479)
-1 8(2424 2426 2435 2444 2453 2462 2463 2472)
2425 8(2427 2428 2429 2430 2431 2432 2433 2434)
2426 0()
2426 0()
2426 0()
2426 0()
2426 0()
2426 0()
2426 0()
2426 0()
2425 8(2436 2437 2438 2439 2440 2441 2442 2443)
2435 0()
2435 0()
2435 0()
2435 0()
2435 0()
2435 0()
2435 0()
2435 0()
2425 8(2445 2446 2447 2448 2449 2450 2451 2452)
2444 0()
2444 0()
2444 0()
2444 0()
2444 0()
2444 0()
2444 0()
2444 0()
2425 8(2454 2455 2456 2457 2458 2459 2460 2461)
2453 0()
2453 0()
2453 0()
2453 0()
2453 0()
2453 0()
2453 0()
2453 0()
2425 0()
2425 8(2464 2465 2466 2467 2468 2469 2470 2471)
2463 0()
2463 0()
2463 0()
2463 0()
2463 0()
2463 0()
2463 0()
2463 0()
2425 0()
2424 0()
2424 0()
2424 0()
2424 0()
2424 0()
2424 0()
2424 0()
2481 0()
-1 8(2480 2482 2483 2484 2485 2486 2487 2488)
2481 0()
2481 0()
2481 0()
2481 0()
2481 0()
2481 0()
2481 0()
2490 0()
-1 8(2489 2491 2492 2501 2510 2511 2512 2513)
2490 0()
2490 8(2493 2494 2495 2496 2497 2498 2499 2500)
2492 0()
2492 0()
2492 0()
2492 0()
2492 0()
2492 0()
2492 0()
2492 0()
2490 8(2502 2503 2504 2505 2506 2507 2508 2509)
2501 0()
2501 0()
2501 0()
2501 0()
2501 0()
2501 0()
2501 0()
2501 0()
2490 0()
2490 0()
2490 0()
2490 8(2514 2515 2516 2517 2518 2519 2520 2521)
2513 0()
2513 0()
2513 0()
2513 0()
2513 0()
2513 0()
2513 0()
2513 0()
2523 0()
-1 8(2522 2524 2525 2534 2543 2544 2545 2554)
2523 0()
2523 8(2526 2527 2528 2529 2530 2531 2532 2533)
2525 0()
2525 0()
2525 0()
2525 0()
2525 0()
2525 0()
2525 0()
2525 0()
2523 8(2535 2536 2537 2538 2539 2540 2541 2542)
2534 0()
2534 0()
2534 0()
2534 0()
2534 0()
2534 0()
2534 0()
2534 0()
2523 0()
2523 0()
2523 8(2546 2547 2548 2549 2550 2551 2552 2553)
2545 0()
2545 0()
2545 0()
2545 0()
2545 0()
2545 0()
2545 0()
2545 0()
2523 8(2555 2556 2557 2558 2559 2560 2561 2562)
2554 0()
2554 0()
2554 0()
2554 0()
2554 0()
2554 0()
2554 0()
2554 0()
2564 0()
2565 8(2563 2629 2630 2631 2632 2633 2634 2635)
-1 8(2564 2566 2575 2584 2593 2602 2611 2620)
2565 8(2567 2568 2569 2570 2571 2572 2573 2574)
2566 0()
2566 0()
2566 0()
2566 0()
2566 0()
2566 0()
2566 0()
2566 0()
2565 8(2576 2577 2578 2579 2580 2581 2582 2583)
2575 0()
2575 0()
2575 0()
2575 0()
2575 0()
2575 0()
2575 0()
2575 0()
2565 8(2585 2586 2587 2588 2589 2590 2591 2592)
2584 0()
2584 0()
2584 0()
2584 0()
2584 0()
2584 0()
2584 0()
2584 0()
2565 8(2594 2595 2596 2597 2598 2599 2600 2601)
2593 0()
2593 0()
2593 0()
2593 0()
2593 0()
2593 0()
2593 0()
2593 0()
2565 8(2603 2604 2605 2606 2607 2608 2609 2610)
2602 0()
2602 0()
2602 0()
2602 0()
2602 0()
2602 0()
2602 0()
2602 0()
2565 8(2612 2613 2614 2615 2616 2617 2618 2619)
2611 0()
2611 0()
2611 0()
2611 0()
2611 0()
2611 0()
2611 0()
2611 0()
2565 8(2621 2622 2623 2624 2625 2626 2627 2628)
2620 0()
2620 0()
2620 0()
2620 0()
2620 0()
2620 0()
2620 0()
2620 0()
2564 0()
2564 0()
2564 0()
2564 0()
2564 0()
2564 0()
2564 0()
2637 0()
2638 8(2636 2662 2663 2664 2665 2666 2667 2668)
-1 8(2637 2639 2648 2649 2650 2659 2660 2661)
2638 8(2640 2641 2642 2643 2644 2645 2646 2647)
2639 0()
2639 0()
2639 0()
2639 0()
2639 0()
2639 0()
2639 0()
2639 0()
2638 0()
2638 0()
2638 8(2651 2652 2653 2654 2655 2656 2657 2658)
2650 0()
2650 0()
2650 0()
2650 0()
2650 0()
2650 0()
2650 0()
2650 0()
2638 0()
2638 0()
2638 0()
2637 0()
2637 0()
2637 0()
2637 0()
2637 0()
2637 0()
2637 0()
2670 0()
-1 8(2669 2671 2672 2673 2674 2675 2676 2677)
2670 0()
2670 0()
2670 0()
2670 0()
2670 0()
2670 0()
2670 0()
2679 0()
-1 8(2678 2680 2681 2682 2683 2684 2685 2686)
2679 0()
2679 0()
2679 0()
2679 0()
2679 0()
2679 0()
2679 0()
2688 0()
2689 8(2687 2713 2714 2715 2716 2717 2718 2719)
-1 8(2688 2690 2699 2700 2701 2702 2711 2712)
2689 8(2691 2692 2693 2694 2695 2696 2697 2698)
2690 0()
2690 0()
2690 0()
2690 0()
2690 0()
2690 0()
2690 0()
2690 0()
2689 0()
2689 0()
2689 0()
2689 8(2703 2704 2705 2706 2707 2708 2709 2710)
2702 0()
2702 0()
2702 0()
2702 0()
2702 0()
2702 0()
2702 0()
2702 0()
2689 0()
2689 0()
2688 0()
2688 0()
2688 0()
2688 0()
2688 0()
2688 0()
2688 0()
2721 0()
2722 8(2720 2754 2755 2756 2757 2758 2759 2760)
-1 8(2721 2723 2732 2733 2734 2743 2752 2753)
2722 8(2724 2725 2726 2727 2728 2729 2730 2731)
2723 0()
2723 0()
2723 0()
2723 0()
2723 0()
2723 0()
2723 0()
2723 0()
2722 0()
2722 0()
2722 8(2735 2736 2737 2738 2739 2740 2741 2742)
2734 0()
2734 0()
2734 0()
2734 0()
2734 0()
2734 0()
2734 0()
2734 0()
2722 8(2744 2745 2746 2747 2748 2749 2750 2751)
2743 0()
2743 0()
2743 0()
2743 0()
2743 0()
2743 0()
2743 0()
2743 0()
2722 0()
2722 0()
2721 0()
2721 0()
2721 0()
2721 0()
2721 0()
2721 0()
2721 0()
2762 0()
-1 8(2761 2763 2764 2765 2766 2767 2768 2769)
2762 0()
2762 0()
2762 0()
2762 0()
2762 0()
2762 0()
2762 0()
2771 0()
-1 8(2770 2772 2773 2774 2775 2776 2777 2778)
2771 0()
2771 0()
2771 0()
2771 0()
2771 0()
2771 0()
2771 0()
2780 0()
-1 8(2779 2781 2782 2783 2784 2785 2786 2787)
2780 0()
2780 0()
2780 0()
2780 0()
2780 0()
2780 0()
2780 0()
2789 0()
-1 8(2788 2790 2791 2792 2793 2794 2795 2796)
2789 0()
2789 0()
2789 0()
2789 0()
2789 0()
2789 0()
2789 0()
2798 0()
-1 8(2797 2799 2800 2809 2818 2819 2820 2829)
2798 0()
2798 8(2801 2802 2803 2804 2805 2806 2807 2808)
2800 0()
2800 0()
2800 0()
2800 0()
2800 0()
2800 0()
2800 0()
2800 0()
2798 8(2810 2811 2812 2813 2814 2815 2816 2817)
2809 0()
2809 0()
2809 0()
2809 0()
2809 0()
2809 0()
2809 0()
2809 0()
2798 0()
2798 0()
2798 8(2821 2822 2823 2824 2825 2826 2827 2828)
2820 0()
2820 0()
2820 0()
2820 0()
2820 0()
2820 0()
2820 0()
2820 0()
2798 8(2830 2831 2832 2833 2834 2835 2836 2837)
2829 0()
2829 0()
2829 0()
2829 0()
2829 0()
2829 0()
2829 0()
2829 0()
2839 0()
-1 8(2838 2840 2841 2842 2843 2844 2845 2846)
2839 0()
2839 0()
2839 0()
2839 0()
2839 0()
2839 0()
2839 0()
2848 0()
-1 8(2847 2849 2850 2851 2852 2853 2854 2855)
2848 0()
2848 0()
2848 0()
2848 0()
2848 0()
2848 0()
2848 0()
2857 0()
2858 8(2856 2922 2923 2924 2925 2926 2927 2928)
-1 8(2857 2859 2868 2877 2886 2895 2904 2913)
2858 8(2860 2861 2862 2863 2864 2865 2866 2867)
2859 0()
2859 0()
2859 0()
2859 0()
2859 0()
2859 0()
2859 0()
2859 0()
2858 8(2869 2870 2871 2872 2873 2874 2875 2876)
2868 0()
2868 0()
2868 0()
2868 0()
2868 0()
2868 0()
2868 0()
2868 0()
2858 8(2878 2879 2880 2881 2882 2883 2884 2885)
2877 0()
2877 0()
2877 0()
2877 0()
2877 0()
2877 0()
2877 0()
2877 0()
2858 8(2887 2888 2889 2890 2891 2892 2893 2894)
2886 0()
2886 0()
2886 0()
2886 0()
2886 0()
2886 0()
2886 0()
2886 0()
2858 8(2896 2897 2898 2899 2900 2901 2902 2903)
2895 0()
2895 0()
2895 0()
2895 0()
2895 0()
2895 0()
2895 0()
2895 0()
2858 8(2905 2906 2907 2908 2909 2910 2911 2912)
2904 0()
2904 0()
2904 0()
2904 0()
2904 0()
2904 0()
2904 0()
2904 0()
2858 8(2914 2915 2916 2917 2918 2919 2920 2921)
2913 0()
2913 0()
2913 0()
2913 0()
2913 0()
2913 0()
2913 0()
2913 0()
2857 0()
2857 0()
2857 0()
2857 0()
2857 0()
2857 0()
2857 0()
2930 0()
-1 8(2929 2931 2932 2933 2934 2935 2936 2937)
2930 0()
2930 0()
2930 0()
2930 0()
2930 0()
2930 0()
2930 0()
2939 0()
-1 8(2938 2940 2941 2942 2943 2944 2945 2946)
2939 0()
2939 0()
2939 0()
2939 0()
2939 0()
2939 0()
2939 0()
2948 0()
-1 8(2947 2949 2950 2951 2952 2953 2954 2955)
2948 0()
2948 0()
2948 0()
2948 0()
2948 0()
2948 0()
2948 0()
2957 0()
2958 8(2956 3014 3015 3016 3017 3018 3019 3020)
-1 8(2957 2959 2968 2969 2978 2987 2996 3005)
2958 8(2960 2961 2962 2963 2964 2965 2966 2967)
2959 0()
2959 0()
2959 0()
2959 0()
2959 0()
2959 0()
2959 0()
2959 0()
2958 0()
2958 8(2970 2971 2972 2973 2974 2975 2976 2977)
2969 0()
2969 0()
2969 0()
2969 0()
2969 0()
2969 0()
2969 0()
2969 0()
2958 8(2979 2980 2981 2982 2983 2984 2985 2986)
2978 0()
2978 0()
2978 0()
2978 0()
2978 0()
2978 0()
2978 0()
2978 0()
2958 8(2988 2989 2990 2991 2992 2993 2994 2995)
2987 0()
2987 0()
2987 0()
2987 0()
2987 0()
2987 0()
2987 0()
2987 0()
2958 8(2997 2998 2999 3000 3001 3002 3003 3004)
2996 0()
2996 0()
2996 0()
2996 0()
2996 0()
2996 0()
2996 0()
2996 0()
2958 8(3006 3007 3008 3009 3010 3011 3012 3013)
3005 0()
3005 0()
3005 0()
3005 0()
3005 0()
3005 0()
3005 0()
3005 0()
2957 0()
2957 0()
2957 0()
2957 0()
2957 0()
2957 0()
2957 0()
3022 0()
-1 8(3021 3023 3024 3033 3042 3043 3044 3053)
3022 0()
3022 8(3025 3026 3027 3028 3029 3030 3031 3032)
3024 0()
3024 0()
3024 0()
3024 0()
3024 0()
3024 0()
3024 0()
3024 0()
3022 8(3034 3035 3036 3037 3038 3039 3040 3041)
3033 0()
3033 0()
3033 0()
3033 0()
3033 0()
3033 0()
3033 0()
3033 0()
3022 0()
3022 0()
3022 8(3045 3046 3047 3048 3049 3050 3051 3052)
3044 0()
3044 0()
3044 0()
3044 0()
3044 0()
3044 0()
3044 0()
3044 0()
3022 0()
3055 0()
-1 8(3054 3056 3057 3066 3067 3068 3069 3070)
3055 0()
3055 8(3058 3059 3060 3061 3062 3063 3064 3065)
3057 0()
3057 0()
3057 0()
3057 0()
3057 0()
3057 0()
3057 0()
3057 0()
3055 0()
3055 0()
3055 0()
3055 0()
3055 0()
3072 0()
3073 8(3071 3137 3138 3139 3140 3141 3142 3143)
-1 8(3072 3074 3083 3092 3101 3110 3119 3128)
3073 8(3075 3076 3077 3078 3079 3080 3081 3082)
3074 0()
3074 0()
3074 0()
3074 0()
3074 0()
3074 0()
3074 0()
3074 0()
3073 8(3084 3085 3086 3087 3088 3089 3090 3091)
3083 0()
3083 0()
3083 0()
3083 0()
3083 0()
3083 0()
3083 0()
3083 0()
3073 8(3093 3094 3095 3096 3097 3098 3099 3100)
3092 0()
3092 0()
3092 0()
3092 0()
3092 0()
3092 0()
3092 0()
3092 0()
3073 8(3102 3103 3104 3105 3106 3107 3108 3109)
3101 0()
3101 0()
3101 0()
3101 0()
3101 0()
3101 0()
3101 0()
3101 0()
3073 8(3111 3112 3113 3114 3115 3116 3117 3118)
3110 0()
3110 0()
3110 0()
3110 0()
3110 0()
3110 0()
3110 0()
3110 0()
3073 8(3120 3121 3122 3123 3124 3125 3126 3127)
3119 0()
3119 0()
3119 0()
3119 0()
3119 0()
3119 0()
3119 0()
3119 0()
3073 8(3129 3130 3131 3132 3133 3134 3135 3136)
3128 0()
3128 0()
3128 0()
3128 0()
3128 0()
3128 0()
3128 0()
3128 0()
3072 0()
3072 0()
3072 0()
3072 0()
3072 0()
3072 0()
3072 0()
3145 0()
-1 8(3144 3146 3147 3148 3149 3150 3151 3152)
3145 0()
3145 0()
3145 0()
3145 0()
3145 0()
3145 0()
3145 0()
3154 0()
-1 8(3153 3155 3156 3157 3158 3159 3160 3161)
3154 0()
3154 0()
3154 0()
3154 0()
3154 0()
3154 0()
3154 0()
3163 0()
3164 8(3162 3228 3229 3230 3231 3232 3233 3234)
-1 8(3163 3165 3174 3183 3192 3201 3210 3219)
3164 8(3166 3167 3168 3169 3170 3171 3172 3173)
3165 0()
3165 0()
3165 0()
3165 0()
3165 0()
3165 0()
3165 0()
3165 0()
3164 8(3175 3176 3177 3178 3179 3180 3181 3182)
3174 0()
3174 0()
3174 0()
3174 0()
3174 0()
3174 0()
3174 0()
3174 0()
3164 8(3184 3185 3186 3187 3188 3189 3190 3191)
3183 0()
3183 0()
3183 0()
3183 0()
3183 0()
3183 0()
3183 0()
3183 0()
3164 8(3193 3194 3195 3196 3197 3198 3199 3200)
3192 0()
3192 0()
3192 0()
3192 0()
3192 0()
3192 0()
3192 0()
3192 0()
3164 8(3202 3203 3204 3205 3206 3207 3208 3209)
3201 0()
3201 0()
3201 0()
3201 0()
3201 0()
3201 0()
3201 0()
3201 0()
3164 8(3211 3212 3213 3214 3215 3216 3217 3218)
3210 0()
3210 0()
3210 0()
3210 0()
3210 0()
3210 0()
3210 0()
3210 0()
3164 8(3220 3221 3222 3223 3224 3225 3226 3227)
3219 0()
3219 0()
3219 0()
3219 0()
3219 0()
3219 0()
3219 0()
3219 0()
3163 0()
3163 0()
3163 0()
3163 0()
3163 0()
3163 0()
3163 0()
3236 0()
3237 8(3235 3301 3302 3303 3304 3305 3306 3307)
-1 8(3236 3238 3247 3256 3265 3274 3283 3292)
3237 8(3239 3240 3241 3242 3243 3244 3245 3246)
3238 0()
3238 0()
3238 0()
3238 0()
3238 0()
3238 0()
3238 0()
3238 0()
3237 8(3248 3249 3250 3251 3252 3253 3254 3255)
3247 0()
3247 0()
3247 0()
3247 0()
3247 0()
3247 0()
3247 0()
3247 0()
3237 8(3257 3258 3259 3260 3261 3262 3263 3264)
3256 0()
3256 0()
3256 0()
3256 0()
3256 0()
3256 0()
3256 0()
3256 0()
3237 8(3266 3267 3268 3269 3270 3271 3272 3273)
3265 0()
3265 0()
3265 0()
3265 0()
3265 0()
3265 0()
3265 0()
3265 0()
3237 8(3275 3276 3277 3278 3279 3280 3281 3282)
3274 0()
3274 0()
3274 0()
3274 0()
3274 0()
3274 0()
3274 0()
3274 0()
3237 8(3284 3285 3286 3287 3288 3289 3290 3291)
3283 0()
3283 0()
3283 0()
3283 0()
3283 0()
3283 0()
3283 0()
3283 0()
3237 8(3293 3294 3295 3296 3297 3298 3299 3300)
3292 0()
3292 0()
3292 0()
3292 0()
3292 0()
3292 0()
3292 0()
3292 0()
3236 0()
3236 0()
3236 0()
3236 0()
3236 0()
3236 0()
3236 0()
3309 0()
3310 8(3308 3366 3367 3368 3369 3370 3371 3372)
-1 8(3309 3311 3320 3329 3330 3339 3348 3357)
3310 8(3312 3313 3314 3315 3316 3317 3318 3319)
3311 0()
3311 0()
3311 0()
3311 0()
3311 0()
3311 0()
3311 0()
3311 0()
3310 8(3321 3322 3323 3324 3325 3326 3327 3328)
3320 0()
3320 0()
3320 0()
3320 0()
3320 0()
3320 0()
3320 0()
3320 0()
3310 0()
3310 8(3331 3332 3333 3334 3335 3336 3337 3338)
3330 0()
3330 0()
3330 0()
3330 0()
3330 0()
3330 0()
3330 0()
3330 0()
3310 8(3340 3341 3342 3343 3344 3345 3346 3347)
3339 0()
3339 0()
3339 0()
3339 0()
3339 0()
3339 0()
3339 0()
3339 0()
3310 8(3349 3350 3351 3352 3353 3354 3355 3356)
3348 0()
3348 0()
3348 0()
3348 0()
3348 0()
3348 0()
3348 0()
3348 0()
3310 8(3358 3359 3360 3361 3362 3363 3364 3365)
3357 0()
3357 0()
3357 0()
3357 0()
3357 0()
3357 0()
3357 0()
3357 0()
3309 0()
3309 0()
3309 0()
3309 0()
3309 0()
3309 0()
3309 0()
3374 0()
-1 8(3373 3375 3376 3377 3378 3379 3380 3381)
3374 0()
3374 0()
3374 0()
3374 0()
3374 0()
3374 0()
3374 0()
3383 0()
-1 8(3382 3384 3385 3386 3387 3388 3389 3390)
3383 0()
3383 0()
3383 0()
3383 0()
3383 0()
3383 0()
3383 0()
3392 0()
3393 8(3391 3425 3426 3427 3428 3429 3430 3431)
-1 8(3392 3394 3403 3404 3405 3414 3423 3424)
3393 8(3395 3396 3397 3398 3399 3400 3401 3402)
3394 0()
3394 0()
3394 0()
3394 0()
3394 0()
3394 0()
3394 0()
3394 0()
3393 0()
3393 0()
3393 8(3406 3407 3408 3409 3410 3411 3412 3413)
3405 0()
3405 0()
3405 0()
3405 0()
3405 0()
3405 0()
3405 0()
3405 0()
3393 8(3415 3416 3417 3418 3419 3420 3421 3422)
3414 0()
3414 0()
3414 0()
3414 0()
3414 0()
3414 0()
3414 0()
3414 0()
3393 0()
3393 0()
3392 0()
3392 0()
3392 0()
3392 0()
3392 0()
3392 0()
3392 0()
3433 0()
-1 8(3432 3434 3435 3436 3437 3438 3439 3440)
3433 0()
3433 0()
3433 0()
3433 0()
3433 0()
3433 0()
3433 0()
3442 0()
3443 8(3441 3499 3500 3501 3502 3503 3504 3505)
-1 8(3442 3444 3453 3462 3471 3472 3481 3490)
3443 8(3445 3446 3447 3448 3449 3450 3451 3452)
3444 0()
3444 0()
3444 0()
3444 0()
3444 0()
3444 0()
3444 0()
3444 0()
3443 8(3454 3455 3456 3457 3458 3459 3460 3461)
3453 0()
3453 0()
3453 0()
3453 0()
3453 0()
3453 0()
3453 0()
3453 0()
3443 8(3463 3464 3465 3466 3467 3468 3469 3470)
3462 0()
3462 0()
3462 0()
3462 0()
3462 0()
3462 0()
3462 0()
3462 0()
3443 0()
3443 8(3473 3474 3475 3476 3477 3478 3479 3480)
3472 0()
3472 0()
3472 0()
3472 0()
3472 0()
3472 0()
3472 0()
3472 0()
3443 8(3482 3483 3484 3485 3486 3487 3488 3489)
3481 0()
3481 0()
3481 0()
3481 0()
3481 0()
3481 0()
3481 0()
3481 0()
3443 8(3491 3492 3493 3494 3495 3496 3497 3498)
3490 0()
3490 0()
3490 0()
3490 0()
3490 0()
3490 0()
3490 0()
3490 0()
3442 0()
3442 0()
3442 0()
3442 0()
3442 0()
3442 0()
3442 0()
3507 0()
-1 8(3506 3508 3509 3510 3511 3512 3513 3514)
3507 0()
3507 0()
3507 0()
3507 0()
3507 0()
3507 0()
3507 0()
3516 0()
-1 8(3515 3517 3518 3519 3520 3521 3522 3523)
3516 0()
3516 0()
3516 0()
3516 0()
3516 0()
3516 0()
3516 0()
3525 0()
-1 8(3524 3526 3527 3528 3529 3530 3531 3532)
3525 0()
3525 0()
3525 0()
3525 0()
3525 0()
3525 0()
3525 0()
3534 0()
-1 8(3533 3535 3536 3537 3538 3539 3540 3541)
3534 0()
3534 0()
3534 0()
3534 0()
3534 0()
3534 0()
3534 0()
3543 0()
-1 8(3542 3544 3545 3546 3547 3548 3549 3550)
3543 0()
3543 0()
3543 0()
3543 0()
3543 0()
3543 0()
3543 0()
3552 0()
-1 8(3551 3553 3554 3555 3556 3557 3558 3559)
3552 0()
3552 0()
3552 0()
3552 0()
3552 0()
3552 0()
3552 0()
3561 0()
-1 8(3560 3562 3563 3564 3565 3566 3567 3568)
3561 0()
3561 0()
3561 0()
3561 0()
3561 0()
3561 0()
3561 0()
3570 0()
-1 8(3569 3571 3572 3573 3574 3575 3576 3577)
3570 0()
3570 0()
3570 0()
3570 0()
3570 0()
3570 0()
3570 0()
3579 0()
-1 8(3578 3580 3581 3582 3583 3584 3585 3586)
3579 0()
3579 0()
3579 0()
3579 0()
3579 0()
3579 0()
3579 0()
3588 0()
-1 8(3587 3589 3590 3591 3592 3593 3594 3595)
3588 0()
3588 0()
3588 0()
3588 0()
3588 0()
3588 0()
3588 0()
3597 0()
-1 8(3596 3598 3599 3600 3601 3602 3603 3604)
3597 0()
3597 0()
3597 0()
3597 0()
3597 0()
3597 0()
3597 0()
3606 0()
-1 8(3605 3607 3608 3609 3610 3611 3612 3613)
3606 0()
3606 0()
3606 0()
3606 0()
3606 0()
3606 0()
3606 0()
3615 0()
-1 8(3614 3616 3617 3618 3619 3620 3621 3622)
3615 0()
3615 0()
3615 0()
3615 0()
3615 0()
3615 0()
3615 0()
3624 0()
-1 8(3623 3625 3626 3627 3628 3629 3630 3631)
3624 0()
3624 0()
3624 0()
3624 0()
3624 0()
3624 0()
3624 0()
3633 0()
-1 8(3632 3634 3635 3636 3637 3638 3639 3640)
3633 0()
3633 0()
3633 0()
3633 0()
3633 0()
3633 0()
3633 0()
3642 0()
-1 8(3641 3643 3644 3645 3646 3647 3648 3649)
3642 0()
3642 0()
3642 0()
3642 0()
3642 0()
3642 0()
3642 0()
3651 0()
-1 8(3650 3652 3653 3654 3655 3656 3657 3658)
3651 0()
3651 0()
3651 0()
3651 0()
3651 0()
3651 0()
3651 0()
3660 0()
-1 8(3659 3661 3662 3663 3664 3665 3666 3667)
3660 0()
3660 0()
3660 0()
3660 0()
3660 0()
3660 0()
3660 0()
3669 0()
-1 8(3668 3670 3671 3672 3673 3674 3675 3676)
3669 0()
3669 0()
3669 0()
3669 0()
3669 0()
3669 0()
3669 0()
3678 0()
-1 8(3677 3679 3680 3681 3682 3683 3684 3685)
3678 0()
3678 0()
3678 0()
3678 0()
3678 0()
3678 0()
3678 0()
3687 0()
-1 8(3686 3688 3689 3690 3691 3692 3693 3694)
3687 0()
3687 0()
3687 0()
3687 0()
3687 0()
3687 0()
3687 0()
3696 0()
-1 8(3695 3697 3698 3699 3700 3701 3702 3703)
3696 0()
3696 0()
3696 0()
3696 0()
3696 0()
3696 0()
3696 0()
3705 0()
-1 8(3704 3706 3707 3708 3709 3710 3711 3712)
3705 0()
3705 0()
3705 0()
3705 0()
3705 0()
3705 0()
3705 0()
3714 0()
-1 8(3713 3715 3716 3717 3718 3719 3720 3721)
3714 0()
3714 0()
3714 0()
3714 0()
3714 0()
3714 0()
3714 0()
3723 0()
-1 8(3722 3724 3725 3726 3727 3728 3729 3730)
3723 0()
3723 0()
3723 0()
3723 0()
3723 0()
3723 0()
3723 0()
3732 0()
-1 8(3731 3733 3734 3735 3736 3737 3738 3739)
3732 0()
3732 0()
3732 0()
3732 0()
3732 0()
3732 0()
3732 0()
3741 0()
-1 8(3740 3742 3743 3744 3745 3746 3747 3748)
3741 0()
3741 0()
3741 0()
3741 0()
3741 0()
3741 0()
3741 0()
3750 0()
-1 8(3749 3751 3752 3753 3754 3755 3756 3757)
3750 0()
3750 0()
3750 0()
3750 0()
3750 0()
3750 0()
3750 0()
3759 0()
-1 8(3758 3760 3761 3762 3763 3764 3765 3766)
3759 0()
3759 0()
3759 0()
3759 0()
3759 0()
3759 0()
3759 0()
3768 0()
-1 8(3767 3769 3770 3771 3772 3773 3774 3775)
3768 0()
3768 0()
3768 0()
3768 0()
3768 0()
3768 0()
3768 0()
3777 0()
-1 8(3776 3778 3779 3780 3781 3782 3783 3784)
3777 0()
3777 0()
3777 0()
3777 0()
3777 0()
3777 0()
3777 0()
3786 0()
-1 8(3785 3787 3788 3789 3790 3791 3792 3793)
3786 0()
3786 0()
3786 0()
3786 0()
3786 0()
3786 0()
3786 0()
3795 0()
-1 8(3794 3796 3797 3798 3799 3800 3801 3802)
3795 0()
3795 0()
3795 0()
3795 0()
3795 0()
3795 0()
3795 0()
3804 0()
-1 8(3803 3805 3806 3807 3808 3809 3810 3811)
3804 0()
3804 0()
3804 0()
3804 0()
3804 0()
3804 0()
3804 0()
3813 0()
-1 8(3812 3814 3815 3816 3817 3818 3819 3820)
3813 0()
3813 0()
3813 0()
3813 0()
3813 0()
3813 0()
3813 0()
3822 0()
-1 8(3821 3823 3824 3825 3826 3827 3828 3829)
3822 0()
3822 0()
3822 0()
3822 0()
3822 0()
3822 0()
3822 0()
3831 0()
-1 8(3830 3832 3833 3834 3835 3836 3837 3838)
3831 0()
3831 0()
3831 0()
3831 0()
3831 0()
3831 0()
3831 0()
3840 0()
-1 8(3839 3841 3842 3843 3844 3845 3846 3847)
3840 0()
3840 0()
3840 0()
3840 0()
3840 0()
3840 0()
3840 0()
3849 0()
-1 8(3848 3850 3851 3852 3853 3854 3855 3856)
3849 0()
3849 0()
3849 0()
3849 0()
3849 0()
3849 0()
3849 0()
3858 0()
-1 8(3857 3859 3860 3861 3862 3863 3864 3865)
3858 0()
3858 0()
3858 0()
3858 0()
3858 0()
3858 0()
3858 0()
3867 0()
-1 8(3866 3868 3869 3870 3871 3872 3873 3874)
3867 0()
3867 0()
3867 0()
3867 0()
3867 0()
3867 0()
3867 0()
3876 0()
-1 8(3875 3877 3878 3879 3880 3881 3882 3883)
3876 0()
3876 0()
3876 0()
3876 0()
3876 0()
3876 0()
3876 0()
3885 0()
-1 8(3884 3886 3887 3888 3889 3890 3891 3892)
3885 0()
3885 0()
3885 0()
3885 0()
3885 0()
3885 0()
3885 0()
3894 0()
-1 8(3893 3895 3896 3897 3898 3899 3900 3901)
3894 0()
3894 0()
3894 0()
3894 0()
3894 0()
3894 0()
3894 0()
3903 0()
-1 8(3902 3904 3905 3906 3907 3908 3909 3910)
3903 0()
3903 0()
3903 0()
3903 0()
3903 0()
3903 0()
3903 0()
3912 0()
-1 8(3911 3913 3914 3915 3916 3917 3918 3919)
3912 0()
3912 0()
3912 0()
3912 0()
3912 0()
3912 0()
3912 0()
3921 0()
-1 8(3920 3922 3923 3924 3925 3926 3927 3928)
3921 0()
3921 0()
3921 0()
3921 0()
3921 0()
3921 0()
3921 0()
3930 0()
-1 8(3929 3931 3932 3933 3934 3935 3936 3937)
3930 0()
3930 0()
3930 0()
3930 0()
3930 0()
3930 0()
3930 0()
3939 0()
-1 8(3938 3940 3941 3942 3943 3944 3945 3946)
3939 0()
3939 0()
3939 0()
3939 0()
3939 0()
3939 0()
3939 0()
3948 0()
-1 8(3947 3949 3950 3951 3952 3953 3954 3955)
3948 0()
3948 0()
3948 0()
3948 0()
3948 0()
3948 0()
3948 0()
3957 0()
-1 8(3956 3958 3959 3960 3961 3962 3963 3964)
3957 0()
3957 0()
3957 0()
3957 0()
3957 0()
3957 0()
3957 0()
3966 0()
-1 8(3965 3967 3968 3969 3970 3971 3972 3973)
3966 0()
3966 0()
3966 0()
3966 0()
3966 0()
3966 0()
3966 0()
3975 0()
-1 8(3974 3976 3977 3978 3979 3980 3981 3982)
3975 0()
3975 0()
3975 0()
3975 0()
3975 0()
3975 0()
3975 0()
3984 0()
-1 8(3983 3985 3986 3987 3988 3989 3990 3991)
3984 0()
3984 0()
3984 0()
3984 0()
3984 0()
3984 0()
3984 0()
3993 0()
-1 8(3992 3994 3995 3996 3997 3998 3999 4000)
3993 0()
3993 0()
3993 0()
3993 0()
3993 0()
3993 0()
3993 0()
4002 0()
-1 8(4001 4003 4004 4005 4006 4007 4008 4009)
4002 0()
4002 0()
4002 0()
4002 0()
4002 0()
4002 0()
4002 0()
4011 0()
-1 8(4010 4012 4013 4014 4015 4016 4017 4018)
4011 0()
4011 0()
4011 0()
4011 0()
4011 0()
4011 0()
4011 0()
4020 0()
-1 8(4019 4021 4022 4023 4024 4025 4026 4027)
4020 0()
4020 0()
4020 0()
4020 0()
4020 0()
4020 0()
4020 0()
4029 0()
-1 8(4028 4030 4031 4032 4033 4034 4035 4036)
4029 0()
4029 0()
4029 0()
4029 0()
4029 0()
4029 0()
4029 0()
4038 0()
-1 8(4037 4039 4040 4041 4042 4043 4044 4045)
4038 0()
4038 0()
4038 0()
4038 0()
4038 0()
4038 0()
4038 0()
4047 0()
-1 8(4046 4048 4049 4050 4051 4052 4053 4054)
4047 0()
4047 0()
4047 0()
4047 0()
4047 0()
4047 0()
4047 0()
4056 0()
-1 8(4055 4057 4058 4059 4060 4061 4062 4063)
4056 0()
4056 0()
4056 0()
4056 0()
4056 0()
4056 0()
4056 0()
4065 0()
-1 8(4064 4066 4067 4068 4069 4070 4071 4072)
4065 0()
4065 0()
4065 0()
4065 0()
4065 0()
4065 0()
4065 0()
4074 0()
-1 8(4073 4075 4076 4077 4078 4079 4080 4081)
4074 0()
4074 0()
4074 0()
4074 0()
4074 0()
4074 0()
4074 0()
4083 0()
-1 8(4082 4084 4085 4086 4087 4088 4089 4090)
4083 0()
4083 0()
4083 0()
4083 0()
4083 0()
4083 0()
4083 0()
4092 0()
-1 8(4091 4093 4094 4095 4096 4097 4098 4099)
4092 0()
4092 0()
4092 0()
4092 0()
4092 0()
4092 0()
4092 0()
4101 0()
-1 8(4100 4102 4103 4104 4105 4106 4107 4108)
4101 0()
4101 0()
4101 0()
4101 0()
4101 0()
4101 0()
4101 0()
4110 0()
-1 8(4109 4111 4112 4113 4114 4115 4116 4117)
4110 0()
4110 0()
4110 0()
4110 0()
4110 0()
4110 0()
4110 0()
4119 0()
-1 8(4118 4120 4121 4122 4123 4124 4125 4126)
4119 0()
4119 0()
4119 0()
4119 0()
4119 0()
4119 0()
4119 0()
4128 0()
-1 8(4127 4129 4130 4131 4132 4133 4134 4135)
4128 0()
4128 0()
4128 0()
4128 0()
4128 0()
4128 0()
4128 0()
4137 0()
-1 8(4136 4138 4139 4140 4141 4142 4143 4144)
4137 0()
4137 0()
4137 0()
4137 0()
4137 0()
4137 0()
4137 0()
4146 0()
-1 8(4145 4147 4148 4149 4150 4151 4152 4153)
4146 0()
4146 0()
4146 0()
4146 0()
4146 0()
4146 0()
4146 0()
4155 0()
-1 8(4154 4156 4157 4158 4159 4160 4161 4162)
4155 0()
4155 0()
4155 0()
4155 0()
4155 0()
4155 0()
4155 0()
4164 0()
-1 8(4163 4165 4166 4167 4168 4169 4170 4171)
4164 0()
4164 0()
4164 0()
4164 0()
4164 0()
4164 0()
4164 0()
4173 0()
-1 8(4172 4174 4175 4176 4177 4178 4179 4180)
4173 0()
4173 0()
4173 0()
4173 0()
4173 0()
4173 0()
4173 0()
4182 0()
-1 8(4181 4183 4184 4185 4186 4187 4188 4189)
4182 0()
4182 0()
4182 0()
4182 0()
4182 0()
4182 0()
4182 0()
4191 0()
-1 8(4190 4192 4193 4194 4195 4196 4197 4198)
4191 0()
4191 0()
4191 0()
4191 0()
4191 0()
4191 0()
4191 0()
4200 0()
-1 8(4199 4201 4202 4203 4204 4205 4206 4207)
4200 0()
4200 0()
4200 0()
4200 0()
4200 0()
4200 0()
4200 0()
4209 0()
-1 8(4208 4210 4211 4212 4213 4214 4215 4216)
4209 0()
4209 0()
4209 0()
4209 0()
4209 0()
4209 0()
4209 0()
4218 0()
-1 8(4217 4219 4220 4221 4222 4223 4224 4225)
4218 0()
4218 0()
4218 0()
4218 0()
4218 0()
4218 0()
4218 0()
4227 0()
-1 8(4226 4228 4229 4230 4231 4232 4233 4234)
4227 0()
4227 0()
4227 0()
4227 0()
4227 0()
4227 0()
4227 0()
4236 0()
-1 8(4235 4237 4238 4239 4240 4241 4242 4243)
4236 0()
4236 0()
4236 0()
4236 0()
4236 0()
4236 0()
4236 0()
4245 0()
-1 8(4244 4246 4247 4248 4249 4250 4251 4252)
4245 0()
4245 0()
4245 0()
4245 0()
4245 0()
4245 0()
4245 0()
4254 0()
-1 8(4253 4255 4256 4257 4258 4259 4260 4261)
4254 0()
4254 0()
4254 0()
4254 0()
4254 0()
4254 0()
4254 0()
4263 0()
-1 8(4262 4264 4265 4266 4267 4268 4269 4270)
4263 0()
4263 0()
4263 0()
4263 0()
4263 0()
4263 0()
4263 0()
4272 0()
-1 8(4271 4273 4274 4275 4276 4277 4278 4279)
4272 0()
4272 0()
4272 0()
4272 0()
4272 0()
4272 0()
4272 0()
4281 0()
-1 8(4280 4282 4283 4284 4285 4286 4287 4288)
4281 0()
4281 0()
4281 0()
4281 0()
4281 0()
4281 0()
4281 0()
4290 0()
-1 8(4289 4291 4292 4293 4294 4295 4296 4297)
4290 0()
4290 0()
4290 0()
4290 0()
4290 0()
4290 0()
4290 0()
4299 0()
-1 8(4298 4300 4301 4302 4303 4304 4305 4306)
4299 0()
4299 0()
4299 0()
4299 0()
4299 0()
4299 0()
4299 0()
4308 0()
-1 8(4307 4309 4310 4311 4312 4313 4314 4315)
4308 0()
4308 0()
4308 0()
4308 0()
4308 0()
4308 0()
4308 0()
4317 0()
-1 8(4316 4318 4319 4320 4321 4322 4323 4324)
4317 0()
4317 0()
4317 0()
4317 0()
4317 0()
4317 0()
4317 0()
4326 0()
-1 8(4325 4327 4328 4329 4330 4331 4332 4333)
4326 0()
4326 0()
4326 0()
4326 0()
4326 0()
4326 0()
4326 0()
4335 0()
-1 8(4334 4336 4337 4338 4339 4340 4341 4342)
4335 0()
4335 0()
4335 0()
4335 0()
4335 0()
4335 0()
4335 0()
4344 0()
-1 8(4343 4345 4346 4347 4348 4349 4350 4351)
4344 0()
4344 0()
4344 0()
4344 0()
4344 0()
4344 0()
4344 0()
4353 0()
-1 8(4352 4354 4355 4356 4357 4358 4359 4360)
4353 0()
4353 0()
4353 0()
4353 0()
4353 0()
4353 0()
4353 0()
4362 0()
-1 8(4361 4363 4364 4365 4366 4367 4368 4369)
4362 0()
4362 0()
4362 0()
4362 0()
4362 0()
4362 0()
4362 0()
4371 0()
-1 8(4370 4372 4373 4374 4375 4376 4377 4378)
4371 0()
4371 0()
4371 0()
4371 0()
4371 0()
4371 0()
4371 0()
4380 0()
-1 8(4379 4381 4382 4383 4384 4385 4386 4387)
4380 0()
4380 0()
4380 0()
4380 0()
4380 0()
4380 0()
4380 0()
4389 0()
-1 8(4388 4390 4391 4392 4393 4394 4395 4396)
4389 0()
4389 0()
4389 0()
4389 0()
4389 0()
4389 0()
4389 0()
4398 0()
-1 8(4397 4399 4400 4401 4402 4403 4404 4405)
4398 0()
4398 0()
4398 0()
4398 0()
4398 0()
4398 0()
4398 0()
4407 0()
-1 8(4406 4408 4409 4410 4411 4412 4413 4414)
4407 0()
4407 0()
4407 0()
4407 0()
4407 0()
4407 0()
4407 0()
4416 0()
-1 8(4415 4417 4418 4419 4420 4421 4422 4423)
4416 0()
4416 0()
4416 0()
4416 0()
4416 0()
4416 0()
4416 0()
4425 0()
-1 8(4424 4426 4427 4428 4429 4430 4431 4432)
4425 0()
4425 0()
4425 0()
4425 0()
4425 0()
4425 0()
4425 0()
4434 0()
-1 8(4433 4435 4436 4437 4438 4439 4440 4441)
4434 0()
4434 0()
4434 0()
4434 0()
4434 0()
4434 0()
4434 0()
4443 0()
-1 8(4442 4444 4445 4446 4447 4448 4449 4450)
4443 0()
4443 0()
4443 0()
4443 0()
4443 0()
4443 0()
4443 0()
4452 0()
-1 8(4451 4453 4454 4455 4456 4457 4458 4459)
4452 0()
4452 0()
4452 0()
4452 0()
4452 0()
4452 0()
4452 0()
4461 0()
-1 8(4460 4462 4463 4464 4465 4466 4467 4468)
4461 0()
4461 0()
4461 0()
4461 0()
4461 0()
4461 0()
4461 0()
4470 0()
-1 8(4469 4471 4472 4473 4474 4475 4476 4477)
4470 0()
4470 0()
4470 0()
4470 0()
4470 0()
4470 0()
4470 0()
4479 0()
-1 8(4478 4480 4481 4482 4483 4484 4485 4486)
4479 0()
4479 0()
4479 0()
4479 0()
4479 0()
4479 0()
4479 0()
4488 0()
-1 8(4487 4489 4490 4491 4492 4493 4494 4495)
4488 0()
4488 0()
4488 0()
4488 0()
4488 0()
4488 0()
4488 0()
4497 0()
-1 8(4496 4498 4499 4500 4501 4502 4503 4504)
4497 0()
4497 0()
4497 0()
4497 0()
4497 0()
4497 0()
4497 0()
4506 0()
-1 8(4505 4507 4508 4509 4510 4511 4512 4513)
4506 0()
4506 0()
4506 0()
4506 0()
4506 0()
4506 0()
4506 0()
4515 0()
-1 8(4514 4516 4517 4518 4519 4520 4521 4522)
4515 0()
4515 0()
4515 0()
4515 0()
4515 0()
4515 0()
4515 0()
4524 0()
-1 8(4523 4525 4526 4527 4528 4529 4530 4531)
4524 0()
4524 0()
4524 0()
4524 0()
4524 0()
4524 0()
4524 0()
4533 0()
-1 8(4532 4534 4535 4536 4537 4538 4539 4540)
4533 0()
4533 0()
4533 0()
4533 0()
4533 0()
4533 0()
4533 0()
4542 0()
-1 8(4541 4543 4544 4545 4546 4547 4548 4549)
4542 0()
4542 0()
4542 0()
4542 0()
4542 0()
4542 0()
4542 0()
4551 0()
-1 8(4550 4552 4553 4554 4555 4556 4557 4558)
4551 0()
4551 0()
4551 0()
4551 0()
4551 0()
4551 0()
4551 0()
4560 0()
-1 8(4559 4561 4562 4563 4564 4565 4566 4567)
4560 0()
4560 0()
4560 0()
4560 0()
4560 0()
4560 0()
4560 0()
4569 0()
-1 8(4568 4570 4571 4572 4573 4574 4575 4576)
4569 0()
4569 0()
4569 0()
4569 0()
4569 0()
4569 0()
4569 0()
4578 0()
-1 8(4577 4579 4580 4581 4582 4583 4584 4585)
4578 0()
4578 0()
4578 0()
4578 0()
4578 0()
4578 0()
4578 0()
4587 0()
-1 8(4586 4588 4589 4590 4591 4592 4593 4594)
4587 0()
4587 0()
4587 0()
4587 0()
4587 0()
4587 0()
4587 0()
4596 0()
-1 8(4595 4597 4598 4599 4600 4601 4602 4603)
4596 0()
4596 0()
4596 0()
4596 0()
4596 0()
4596 0()
4596 0()
4605 0()
-1 8(4604 4606 4607 4608 4609 4610 4611 4612)
4605 0()
4605 0()
4605 0()
4605 0()
4605 0()
4605 0()
4605 0()
4614 0()
-1 8(4613 4615 4616 4617 4618 4619 4620 4621)
4614 0()
4614 0()
4614 0()
4614 0()
4614 0()
4614 0()
4614 0()
4623 0()
-1 8(4622 4624 4625 4626 4627 4628 4629 4630)
4623 0()
4623 0()
4623 0()
4623 0()
4623 0()
4623 0()
4623 0()
4632 0()
-1 8(4631 4633 4634 4635 4636 4637 4638 4639)
4632 0()
4632 0()
4632 0()
4632 0()
4632 0()
4632 0()
4632 0()
4641 0()
-1 8(4640 4642 4643 4644 4645 4646 4647 4648)
4641 0()
4641 0()
4641 0()
4641 0()
4641 0()
4641 0()
4641 0()
4650 0()
-1 8(4649 4651 4652 4653 4654 4655 4656 4657)
4650 0()
4650 0()
4650 0()
4650 0()
4650 0()
4650 0()
4650 0()
4659 0()
-1 8(4658 4660 4661 4662 4663 4664 4665 4666)
4659 0()
4659 0()
4659 0()
4659 0()
4659 0()
4659 0()
4659 0()
4668 0()
-1 8(4667 4669 4670 4671 4672 4673 4674 4675)
4668 0()
4668 0()
4668 0()
4668 0()
4668 0()
4668 0()
4668 0()
4677 0()
-1 8(4676 4678 4679 4680 4681 4682 4683 4684)
4677 0()
4677 0()
4677 0()
4677 0()
4677 0()
4677 0()
4677 0()
4686 0()
-1 8(4685 4687 4688 4689 4690 4691 4692 4693)
4686 0()
4686 0()
4686 0()
4686 0()
4686 0()
4686 0()
4686 0()
4695 0()
-1 8(4694 4696 4697 4698 4699 4700 4701 4702)
4695 0()
4695 0()
4695 0()
4695 0()
4695 0()
4695 0()
4695 0()
4704 0()
-1 8(4703 4705 4706 4707 4708 4709 4710 4711)
4704 0()
4704 0()
4704 0()
4704 0()
4704 0()
4704 0()
4704 0()
4713 0()
-1 8(4712 4714 4715 4716 4717 4718 4719 4720)
4713 0()
4713 0()
4713 0()
4713 0()
4713 0()
4713 0()
4713 0()
4722 0()
-1 8(4721 4723 4724 4725 4726 4727 4728 4729)
4722 0()
4722 0()
4722 0()
4722 0()
4722 0()
4722 0()
4722 0()
4731 0()
-1 8(4730 4732 4733 4734 4735 4736 4737 4738)
4731 0()
4731 0()
4731 0()
4731 0()
4731 0()
4731 0()
4731 0()
4740 0()
-1 8(4739 4741 4742 4743 4744 4745 4746 4747)
4740 0()
4740 0()
4740 0()
4740 0()
4740 0()
4740 0()
4740 0()
4749 0()
-1 8(4748 4750 4751 4752 4753 4754 4755 4756)
4749 0()
4749 0()
4749 0()
4749 0()
4749 0()
4749 0()
4749 0()
4758 0()
-1 8(4757 4759 4760 4761 4762 4763 4764 4765)
4758 0()
4758 0()
4758 0()
4758 0()
4758 0()
4758 0()
4758 0()
4767 0()
-1 8(4766 4768 4769 4770 4771 4772 4773 4774)
4767 0()
4767 0()
4767 0()
4767 0()
4767 0()
4767 0()
4767 0()
4776 0()
-1 8(4775 4777 4778 4779 4780 4781 4782 4783)
4776 0()
4776 0()
4776 0()
4776 0()
4776 0()
4776 0()
4776 0()
4785 0()
-1 8(4784 4786 4787 4788 4789 4790 4791 4792)
4785 0()
4785 0()
4785 0()
4785 0()
4785 0()
4785 0()
4785 0()
4794 0()
-1 8(4793 4795 4796 4797 4798 4799 4800 4801)
4794 0()
4794 0()
4794 0()
4794 0()
4794 0()
4794 0()
4794 0()
4803 0()
-1 8(4802 4804 4805 4806 4807 4808 4809 4810)
4803 0()
4803 0()
4803 0()
4803 0()
4803 0()
4803 0()
4803 0()
4812 0()
-1 8(4811 4813 4814 4815 4816 4817 4818 4819)
4812 0()
4812 0()
4812 0()
4812 0()
4812 0()
4812 0()
4812 0()
4821 0()
-1 8(4820 4822 4823 4824 4825 4826 4827 4828)
4821 0()
4821 0()
4821 0()
4821 0()
4821 0()
4821 0()
4821 0()
4830 0()
-1 8(4829 4831 4832 4833 4834 4835 4836 4837)
4830 0()
4830 0()
4830 0()
4830 0()
4830 0()
4830 0()
4830 0()
4839 0()
-1 8(4838 4840 4841 4842 4843 4844 4845 4846)
4839 0()
4839 0()
4839 0()
4839 0()
4839 0()
4839 0()
4839 0()
4848 0()
-1 8(4847 4849 4850 4851 4852 4853 4854 4855)
4848 0()
4848 0()
4848 0()
4848 0()
4848 0()
4848 0()
4848 0()
4857 0()
-1 8(4856 4858 4859 4860 4861 4862 4863 4864)
4857 0()
4857 0()
4857 0()
4857 0()
4857 0()
4857 0()
4857 0()
4866 0()
-1 8(4865 4867 4868 4869 4870 4871 4872 4873)
4866 0()
4866 0()
4866 0()
4866 0()
4866 0()
4866 0()
4866 0()
4875 0()
-1 8(4874 4876 4877 4878 4879 4880 4881 4882)
4875 0()
4875 0()
4875 0()
4875 0()
4875 0()
4875 0()
4875 0()
4884 0()
-1 8(4883 4885 4886 4887 4888 4889 4890 4891)
4884 0()
4884 0()
4884 0()
4884 0()
4884 0()
4884 0()
4884 0()
4893 0()
-1 8(4892 4894 4895 4896 4897 4898 4899 4900)
4893 0()
4893 0()
4893 0()
4893 0()
4893 0()
4893 0()
4893 0()
4902 0()
-1 8(4901 4903 4904 4905 4906 4907 4908 4909)
4902 0()
4902 0()
4902 0()
4902 0()
4902 0()
4902 0()
4902 0()
4911 0()
-1 8(4910 4912 4913 4914 4915 4916 4917 4918)
4911 0()
4911 0()
4911 0()
4911 0()
4911 0()
4911 0()
4911 0()
4920 0()
-1 8(4919 4921 4922 4923 4924 4925 4926 4927)
4920 0()
4920 0()
4920 0()
4920 0()
4920 0()
4920 0()
4920 0()
4929 0()
-1 8(4928 4930 4931 4932 4933 4934 4935 4936)
4929 0()
4929 0()
4929 0()
4929 0()
4929 0()
4929 0()
4929 0()
4938 0()
-1 8(4937 4939 4940 4941 4942 4943 4944 4945)
4938 0()
4938 0()
4938 0()
4938 0()
4938 0()
4938 0()
4938 0()
4947 0()
-1 8(4946 4948 4949 4950 4951 4952 4953 4954)
4947 0()
4947 0()
4947 0()
4947 0()
4947 0()
4947 0()
4947 0()
4956 0()
-1 8(4955 4957 4958 4959 4960 4961 4962 4963)
4956 0()
4956 0()
4956 0()
4956 0()
4956 0()
4956 0()
4956 0()
)

// visibleCells

7898
(
-1
-1
0
9
74
-1
-1
-1
-1
-1
-1
-1
-1
-1
-1
-1
-1
-1
-1
-1
-1
-1
-1
-1
-1
-1
-1
-1
-1
-1
-1
-1
-1
-1
-1
-1
-1
-1
-1
-1
-1
-1
-1
-1
-1
-1
-1
-1
-1
-1
83
-1
92
101
-1
-1
-1
-1
-1
-1
-1
-1
-1
-1
-1
-1
-1
-1
-1
-1
-1
-1
-1
-1
-1
-1
-1
-1
-1
-1
-1
-1
-1
-1
-1
-1
-1
-1
-1
-1
-1
-1
-1
-1
-1
-1
-1
-1
-1
-1
166
-1
207
216
265
-1
274
-1
-1
-1
-1
-1
-1
-1
-1
-1
-1
-1
-1
-1
-1
-1
-1
-1
-1
-1
-1
-1
-1
-1
-1
-1
-1
-1
-1
-1
-1
-1
-1
-1
-1
-1
-1
-1
-1
-1
-1
-1
-1
-1
283
292
301
318
-1
-1
391
400
-1
-1
-1
-1
-1
-1
-1
-1
-1
-1
-1
-1
-1
-1
-1
-1
-1
-1
-1
-1
-1
-1
-1
-1
-1
-1
-1
-1
-1
-1
-1
-1
-1
-1
-1
-1
-1
-1
-1
-1
-1
-1
409
418
443
516
-1
-1
525
534
-1
-1
-1
-1
-1
-1
-1
-1
-1
-1
-1
-1
-1
-1
-1
-1
-1
-1
-1
-1
-1
-1
-1
-1
-1
-1
-1
-1
-1
-1
-1
-1
-1
-1
-1
-1
-1
-1
-1
-1
-1
-1
543
560
569
-1
-1
-1
578
587
-1
-1
-1
-1
-1
-1
-1
-1
-1
-1
-1
-1
-1
-1
-1
-1
-1
-1
-1
-1
-1
-1
-1
-1
-1
-1
-1
-1
-1
-1
-1
-1
-1
-1
-1
-1
-1
-1
-1
-1
-1
-1
596
653
726
-1
-1
-1
767
776
-1
-1
-1
-1
-1
-1
-1
-1
-1
-1
-1
-1
-1
-1
-1
-1
-1
-1
-1
-1
-1
-1
-1
-1
-1
-1
-1
-1
-1
-1
-1
-1
-1
-1
-1
-1
-1
-1
-1
-1
-1
-1
785
810
875
932
-1
-1
941
-1
-1
-1
-1
-1
-1
-1
-1
-1
-1
-1
-1
-1
-1
-1
-1
-1
-1
-1
-1
-1
-1
-1
-1
-1
-1
-1
-1
-1
-1
-1
-1
-1
-1
-1
-1
-1
-1
-1
-1
-1
-1
-1
950
959
968
-1
-1
-1
977
-1
-1
-1
-1
-1
-1
-1
-1
-1
-1
-1
-1
-1
-1
-1
-1
-1
-1
-1
-1
-1
-1
-1
-1
-1
-1
-1
-1
-1
-1
-1
-1
-1
-1
-1
-1
-1
-1
-1
-1
-1
-1
-1
-1
-1
-1
986
-1
-1
-1
-1
-1
-1
-1
-1
-1
-1
-1
-1
-1
-1
-1
-1
-1
-1
-1
-1
-1
-1
-1
-1
-1
-1
-1
-1
-1
-1
-1
-1
-1
-1
-1
-1
-1
-1
-1
-1
-1
-1
-1
-1
-1
-1
-1
-1
995
1004
-1
-1
-1
-1
-1
-1
-1
-1
-1
-1
-1
-1
-1
-1
-1
-1
-1
-1
-1
-1
-1
-1
-1
-1
-1
-1
-1
-1
-1
-1
-1
-1
-1
-1
-1
-1
-1
-1
-1
-1
-1
-1
-1
-1
-1
-1
1013
1022
1031
1072
-1
-1
-1
-1
-1
-1
-1
-1
-1
-1
-1
-1
-1
-1
-1
-1
-1
-1
-1
-1
-1
-1
-1
-1
-1
-1
-1
-1
-1
-1
-1
-1
-1
-1
-1
-1
-1
-1
-1
-1
-1
-1
-1
-1
-1
-1
1121
1130
1139
1196
1261
-1
1270
-1
-1
-1
-1
-1
-1
-1
-1
-1
-1
-1
-1
-1
-1
-1
-1
-1
-1
-1
-1
-1
-1
-1
-1
-1
-1
-1
-1
-1
-1
-1
-1
-1
-1
-1
-1
-1
-1
-1
-1
-1
-1
-1
1279
1304
1337
1346
-1
-1
1419
1428
-1
-1
-1
-1
-1
-1
-1
-1
-1
-1
-1
-1
-1
-1
-1
-1
-1
-1
-1
-1
-1
-1
-1
-1
-1
-1
-1
-1
-1
-1
-1
-1
-1
-1
-1
-1
-1
-1
-1
-1
-1
-1
1437
1494
1527
1536
-1
-1
1545
1554
-1
-1
-1
-1
-1
-1
-1
-1
-1
-1
-1
-1
-1
-1
-1
-1
-1
-1
-1
-1
-1
-1
-1
-1
-1
-1
-1
-1
-1
-1
-1
-1
-1
-1
-1
-1
-1
-1
-1
-1
-1
-1
1563
1612
1629
1654
-1
-1
1695
1704
-1
-1
-1
-1
-1
-1
-1
-1
-1
-1
-1
-1
-1
-1
-1
-1
-1
-1
-1
-1
-1
-1
-1
-1
-1
-1
-1
-1
-1
-1
-1
-1
-1
-1
-1
-1
-1
-1
-1
-1
-1
-1
1713
1770
1835
1892
-1
-1
1933
1942
-1
-1
-1
-1
-1
-1
-1
-1
-1
-1
-1
-1
-1
-1
-1
-1
-1
-1
-1
-1
-1
-1
-1
-1
-1
-1
-1
-1
-1
-1
-1
-1
-1
-1
-1
-1
-1
-1
-1
-1
-1
-1
1951
2000
2073
2130
-1
-1
2139
-1
-1
-1
-1
-1
-1
-1
-1
-1
-1
-1
-1
-1
-1
-1
-1
-1
-1
-1
-1
-1
-1
-1
-1
-1
-1
-1
-1
-1
-1
-1
-1
-1
-1
-1
-1
-1
-1
-1
-1
-1
-1
-1
2148
2173
2190
-1
-1
-1
2199
-1
-1
-1
-1
-1
-1
-1
-1
-1
-1
-1
-1
-1
-1
-1
-1
-1
-1
-1
-1
-1
-1
-1
-1
-1
-1
-1
-1
-1
-1
-1
-1
-1
-1
-1
-1
-1
-1
-1
-1
-1
-1
-1
-1
-1
-1
-1
-1
-1
-1
-1
-1
-1
-1
-1
-1
-1
-1
-1
-1
-1
-1
-1
-1
-1
-1
-1
-1
-1
-1
-1
-1
-1
-1
-1
-1
-1
-1
-1
-1
-1
-1
-1
-1
-1
-1
-1
-1
-1
-1
-1
-1
-1
-1
-1
2208
2217
-1
-1
-1
-1
-1
-1
-1
-1
-1
-1
-1
-1
-1
-1
-1
-1
-1
-1
-1
-1
-1
-1
-1
-1
-1
-1
-1
-1
-1
-1
-1
-1
-1
-1
-1
-1
-1
-1
-1
-1
-1
-1
-1
-1
-1
-1
-1
2226
2235
2300
-1
-1
-1
-1
-1
-1
-1
-1
-1
-1
-1
-1
-1
-1
-1
-1
-1
-1
-1
-1
-1
-1
-1
-1
-1
-1
-1
-1
-1
-1
-1
-1
-1
-1
-1
-1
-1
-1
-1
-1
-1
-1
-1
-1
-1
-1
-1
2341
2350
2423
-1
-1
2480
-1
-1
-1
-1
-1
-1
-1
-1
-1
-1
-1
-1
-1
-1
-1
-1
-1
-1
-1
-1
-1
-1
-1
-1
-1
-1
-1
-1
-1
-1
-1
-1
-1
-1
-1
-1
-1
-1
-1
-1
-1
-1
-1
2489
2522
2563
2636
-1
-1
2669
2678
-1
-1
-1
-1
-1
-1
-1
-1
-1
-1
-1
-1
-1
-1
-1
-1
-1
-1
-1
-1
-1
-1
-1
-1
-1
-1
-1
-1
-1
-1
-1
-1
-1
-1
-1
-1
-1
-1
-1
-1
-1
-1
2687
2720
2761
2770
-1
-1
2779
2788
-1
-1
-1
-1
-1
-1
-1
-1
-1
-1
-1
-1
-1
-1
-1
-1
-1
-1
-1
-1
-1
-1
-1
-1
-1
-1
-1
-1
-1
-1
-1
-1
-1
-1
-1
-1
-1
-1
-1
-1
-1
-1
2797
2838
2847
2856
2929
-1
2938
2947
-1
-1
-1
-1
-1
-1
-1
-1
-1
-1
-1
-1
-1
-1
-1
-1
-1
-1
-1
-1
-1
-1
-1
-1
-1
-1
-1
-1
-1
-1
-1
-1
-1
-1
-1
-1
-1
-1
-1
-1
-1
-1
2956
3021
3054
3071
-1
-1
3144
3153
-1
-1
-1
-1
-1
-1
-1
-1
-1
-1
-1
-1
-1
-1
-1
-1
-1
-1
-1
-1
-1
-1
-1
-1
-1
-1
-1
-1
-1
-1
-1
-1
-1
-1
-1
-1
-1
-1
-1
-1
-1
-1
3162
3235
3308
3373
-1
-1
3382
-1
-1
-1
-1
-1
-1
-1
-1
-1
-1
-1
-1
-1
-1
-1
-1
-1
-1
-1
-1
-1
-1
-1
-1
-1
-1
-1
-1
-1
-1
-1
-1
-1
-1
-1
-1
-1
-1
-1
-1
-1
-1
-1
3391
3432
3441
3506
-1
-1
3515
-1
-1
-1
-1
-1
-1
-1
-1
-1
-1
-1
-1
-1
-1
-1
-1
-1
-1
-1
-1
-1
-1
-1
-1
-1
-1
-1
-1
-1
-1
-1
-1
-1
-1
-1
-1
-1
-1
-1
-1
-1
-1
-1
-1
-1
3524
3533
-1
-1
-1
-1
-1
-1
-1
-1
-1
-1
-1
-1
-1
-1
-1
-1
-1
-1
-1
-1
-1
-1
-1
-1
-1
-1
-1
-1
-1
-1
-1
-1
-1
-1
-1
-1
-1
-1
-1
-1
-1
-1
-1
-1
-1
-1
-1
-1
-1
-1
-1
-1
-1
-1
-1
-1
-1
-1
-1
-1
-1
-1
-1
-1
-1
-1
-1
-1
-1
-1
-1
-1
-1
-1
-1
-1
-1
-1
-1
-1
-1
-1
-1
-1
-1
-1
-1
-1
-1
-1
-1
-1
-1
-1
-1
-1
-1
-1
-1
-1
-1
-1
-1
-1
-1
-1
-1
-1
-1
-1
-1
-1
-1
-1
-1
-1
-1
-1
-1
-1
-1
-1
-1
-1
-1
-1
-1
-1
-1
-1
-1
-1
-1
-1
-1
-1
-1
-1
-1
-1
-1
-1
-1
-1
-1
-1
-1
-1
-1
-1
-1
-1
-1
-1
-1
-1
-1
-1
-1
-1
-1
-1
-1
-1
-1
-1
-1
-1
-1
-1
-1
-1
-1
-1
-1
-1
-1
-1
-1
-1
-1
-1
-1
-1
-1
-1
-1
-1
-1
-1
-1
-1
-1
-1
-1
-1
-1
-1
-1
-1
-1
-1
-1
-1
-1
-1
-1
-1
-1
-1
-1
-1
-1
-1
-1
-1
-1
-1
-1
-1
-1
-1
-1
-1
-1
-1
-1
-1
-1
-1
-1
-1
-1
-1
-1
-1
-1
-1
-1
-1
-1
-1
-1
-1
-1
-1
-1
-1
-1
-1
-1
-1
-1
-1
-1
-1
3542
-1
3551
3560
3569
-1
3578
-1
-1
-1
-1
-1
-1
-1
-1
-1
-1
-1
-1
-1
-1
-1
3587
3596
-1
-1
3605
3614
-1
-1
-1
-1
-1
-1
-1
-1
3623
-1
-1
-1
3632
-1
3641
-1
3650
3659
3668
-1
-1
-1
-1
-1
-1
-1
-1
-1
-1
3677
-1
3686
-1
3695
-1
3704
-1
3713
-1
3722
-1
3731
-1
-1
-1
-1
-1
-1
-1
-1
3740
3749
3758
-1
3767
3776
-1
-1
-1
-1
-1
-1
-1
-1
-1
-1
-1
-1
-1
-1
3785
3794
3803
3812
3821
3830
3839
-1
-1
-1
-1
-1
-1
-1
-1
-1
-1
-1
-1
-1
-1
3848
3857
3866
3875
3884
3893
3902
-1
-1
-1
-1
-1
-1
-1
-1
-1
-1
-1
-1
-1
-1
3911
3920
-1
3929
3938
3947
-1
-1
-1
-1
-1
-1
-1
-1
-1
-1
-1
-1
-1
-1
-1
-1
3956
-1
3965
-1
3974
-1
-1
-1
-1
-1
-1
-1
-1
-1
-1
-1
-1
-1
-1
-1
-1
-1
-1
3983
-1
-1
-1
3992
-1
4001
-1
4010
-1
4019
-1
-1
-1
-1
-1
-1
-1
-1
-1
-1
-1
-1
-1
-1
4028
-1
4037
-1
4046
-1
4055
-1
-1
-1
-1
-1
-1
-1
-1
-1
-1
-1
-1
-1
-1
-1
4064
-1
-1
-1
4073
-1
-1
-1
-1
-1
-1
-1
-1
-1
4082
-1
-1
-1
4091
-1
4100
-1
-1
4109
-1
-1
-1
-1
-1
-1
-1
-1
-1
-1
-1
4118
-1
4127
-1
4136
-1
4145
-1
4154
-1
4163
-1
4172
-1
-1
-1
-1
-1
-1
-1
-1
4181
4190
4199
-1
4208
4217
-1
-1
-1
-1
-1
-1
-1
-1
-1
-1
-1
-1
-1
-1
4226
4235
4244
4253
4262
4271
4280
-1
-1
-1
-1
-1
-1
-1
-1
-1
-1
-1
-1
-1
-1
4289
4298
4307
4316
4325
4334
4343
-1
-1
-1
-1
-1
-1
-1
-1
-1
-1
-1
-1
-1
-1
4352
4361
-1
4370
4379
4388
-1
-1
-1
-1
-1
-1
-1
-1
-1
-1
-1
-1
-1
-1
-1
-1
4397
-1
4406
-1
4415
-1
-1
-1
-1
-1
-1
-1
-1
-1
-1
-1
-1
-1
-1
-1
-1
-1
-1
4424
-1
-1
-1
4433
-1
4442
-1
4451
-1
4460
-1
-1
-1
-1
-1
-1
-1
-1
-1
-1
-1
-1
-1
-1
4469
-1
4478
-1
4487
-1
4496
-1
-1
-1
-1
-1
-1
-1
-1
-1
-1
-1
-1
-1
-1
-1
-1
-1
-1
-1
-1
-1
-1
-1
-1
-1
-1
-1
-1
-1
4505
-1
-1
-1
4514
-1
-1
-1
-1
-1
-1
-1
-1
-1
-1
-1
-1
-1
-1
-1
-1
4523
-1
4532
-1
4541
-1
-1
-1
-1
-1
-1
-1
-1
-1
-1
-1
-1
-1
-1
-1
-1
4550
4559
4568
-1
4577
4586
-1
-1
-1
-1
-1
-1
-1
-1
-1
-1
-1
-1
-1
-1
4595
4604
4613
4622
4631
4640
4649
4658
4667
4676
4685
4694
4703
4712
-1
-1
-1
-1
-1
-1
-1
4721
4730
4739
4748
4757
4766
4775
-1
-1
-1
-1
-1
-1
-1
-1
-1
-1
-1
-1
-1
-1
4784
4793
-1
4802
4811
4820
-1
4829
-1
4838
4847
4856
4865
4874
-1
-1
-1
-1
-1
-1
-1
-1
4883
-1
4892
-1
4901
-1
-1
-1
-1
-1
-1
-1
-1
-1
-1
-1
-1
-1
-1
-1
-1
-1
-1
4910
-1
-1
-1
4919
-1
4928
-1
4937
4946
4955
-1
-1
-1
-1
-1
-1
-1
-1
-1
-1
-1
-1
-1
-1
-1
-1
-1
-1
-1
-1
-1
-1
-1
-1
-1
-1
-1
-1
-1
-1
-1
-1
-1
-1
-1
-1
-1
-1
-1
-1
-1
-1
-1
-1
-1
-1
-1
-1
-1
-1
-1
-1
-1
-1
-1
-1
-1
-1
-1
-1
-1
-1
-1
-1
-1
-1
-1
-1
-1
-1
-1
-1
-1
-1
-1
-1
-1
-1
-1
-1
-1
-1
-1
-1
-1
-1
-1
-1
-1
-1
-1
-1
-1
-1
-1
-1
-1
-1
-1
-1
-1
-1
-1
-1
-1
-1
-1
-1
-1
-1
-1
-1
-1
-1
-1
-1
-1
-1
-1
-1
-1
-1
-1
-1
-1
-1
-1
-1
-1
-1
-1
-1
-1
-1
-1
-1
-1
-1
-1
-1
-1
-1
-1
-1
-1
-1
-1
-1
-1
-1
-1
-1
-1
-1
-1
-1
-1
-1
-1
-1
-1
-1
-1
-1
-1
-1
-1
-1
-1
-1
-1
-1
-1
-1
-1
-1
-1
-1
-1
-1
-1
-1
-1
-1
-1
-1
-1
-1
-1
-1
-1
-1
-1
-1
-1
-1
-1
-1
-1
-1
-1
-1
-1
-1
-1
-1
-1
-1
-1
-1
-1
-1
-1
-1
-1
-1
-1
-1
-1
-1
-1
-1
-1
-1
-1
-1
-1
-1
-1
-1
-1
-1
-1
-1
-1
-1
-1
-1
-1
-1
-1
-1
-1
-1
-1
-1
-1
-1
-1
-1
-1
-1
-1
-1
-1
-1
-1
-1
-1
-1
-1
-1
-1
-1
-1
-1
-1
-1
-1
-1
-1
-1
-1
-1
-1
-1
-1
-1
-1
-1
-1
-1
-1
-1
-1
-1
-1
-1
-1
-1
-1
-1
-1
-1
-1
-1
-1
-1
-1
-1
-1
-1
-1
-1
-1
-1
-1
-1
-1
-1
-1
-1
-1
-1
-1
-1
-1
-1
-1
-1
-1
-1
-1
-1
-1
-1
-1
-1
-1
-1
-1
-1
-1
-1
-1
-1
-1
-1
-1
-1
-1
-1
-1
-1
-1
-1
-1
-1
-1
-1
-1
-1
-1
-1
-1
-1
-1
-1
-1
-1
-1
-1
-1
-1
-1
-1
-1
-1
-1
-1
-1
-1
-1
-1
-1
-1
-1
-1
-1
-1
-1
-1
-1
-1
-1
-1
-1
-1
-1
-1
-1
-1
-1
-1
-1
-1
-1
-1
-1
-1
-1
-1
-1
-1
-1
-1
-1
-1
-1
-1
-1
-1
-1
-1
-1
-1
-1
-1
-1
-1
-1
-1
-1
-1
-1
-1
-1
-1
-1
-1
-1
-1
-1
-1
-1
-1
-1
-1
-1
-1
-1
-1
-1
-1
-1
-1
-1
-1
-1
-1
-1
-1
-1
-1
-1
-1
-1
-1
-1
-1
-1
-1
-1
-1
-1
-1
-1
-1
-1
-1
-1
-1
-1
-1
-1
-1
-1
-1
-1
-1
-1
-1
-1
-1
-1
-1
-1
-1
-1
-1
-1
-1
-1
-1
-1
-1
-1
-1
-1
-1
-1
-1
-1
-1
-1
-1
-1
-1
-1
-1
-1
-1
-1
-1
-1
-1
-1
-1
-1
-1
-1
-1
-1
-1
-1
-1
-1
-1
-1
-1
-1
-1
-1
-1
-1
-1
-1
-1
-1
-1
-1
-1
-1
-1
-1
-1
-1
-1
-1
-1
-1
-1
-1
-1
-1
-1
-1
-1
-1
-1
-1
-1
-1
-1
-1
-1
-1
-1
-1
-1
-1
-1
-1
-1
-1
-1
-1
-1
-1
-1
-1
-1
-1
-1
-1
-1
-1
-1
-1
-1
-1
-1
-1
-1
-1
-1
-1
-1
-1
-1
-1
-1
-1
-1
-1
-1
-1
-1
-1
-1
-1
-1
-1
-1
-1
-1
-1
-1
-1
-1
-1
-1
-1
-1
-1
-1
-1
-1
-1
-1
-1
-1
-1
-1
-1
-1
-1
-1
-1
-1
-1
-1
-1
-1
-1
-1
-1
-1
-1
-1
-1
-1
-1
-1
-1
-1
-1
-1
-1
-1
-1
-1
-1
-1
-1
-1
-1
-1
-1
-1
-1
-1
-1
-1
-1
-1
-1
-1
-1
-1
-1
-1
-1
-1
-1
-1
-1
-1
-1
-1
-1
-1
-1
-1
-1
-1
-1
-1
-1
-1
-1
-1
-1
-1
-1
-1
-1
-1
-1
-1
-1
-1
-1
-1
-1
-1
-1
-1
-1
-1
-1
-1
-1
-1
-1
-1
-1
-1
-1
-1
-1
-1
-1
-1
-1
-1
-1
-1
-1
-1
-1
-1
-1
-1
-1
-1
-1
-1
-1
-1
-1
-1
-1
-1
-1
-1
-1
-1
-1
-1
-1
-1
-1
-1
-1
-1
-1
-1
-1
-1
-1
-1
-1
-1
-1
-1
-1
-1
-1
-1
-1
-1
-1
-1
-1
-1
-1
-1
-1
-1
-1
-1
-1
-1
-1
-1
-1
-1
-1
-1
-1
-1
-1
-1
-1
-1
-1
-1
-1
-1
-1
-1
-1
-1
-1
-1
-1
-1
-1
-1
-1
-1
-1
-1
-1
-1
-1
-1
-1
-1
-1
-1
-1
-1
-1
-1
-1
-1
-1
-1
-1
-1
-1
-1
-1
-1
-1
-1
-1
-1
-1
-1
-1
-1
-1
-1
-1
-1
-1
-1
-1
-1
-1
-1
-1
-1
-1
-1
-1
-1
-1
-1
-1
-1
-1
-1
-1
-1
-1
-1
-1
-1
-1
-1
-1
-1
-1
-1
-1
-1
-1
-1
-1
-1
-1
-1
-1
-1
-1
-1
-1
-1
-1
-1
-1
-1
-1
-1
-1
-1
-1
-1
-1
-1
-1
-1
-1
-1
-1
-1
-1
-1
-1
-1
-1
-1
-1
-1
-1
-1
-1
-1
-1
-1
-1
-1
-1
-1
-1
-1
-1
-1
-1
-1
-1
-1
-1
-1
-1
-1
-1
-1
-1
-1
-1
-1
-1
-1
-1
-1
-1
-1
-1
-1
-1
-1
-1
-1
-1
-1
-1
-1
-1
-1
-1
-1
-1
-1
-1
-1
-1
-1
-1
-1
-1
-1
-1
-1
-1
-1
-1
-1
-1
-1
-1
-1
-1
-1
-1
-1
-1
-1
-1
-1
-1
-1
-1
-1
-1
-1
-1
-1
-1
-1
-1
-1
-1
-1
-1
-1
-1
-1
-1
-1
-1
-1
-1
-1
-1
-1
-1
-1
-1
-1
-1
-1
-1
-1
-1
-1
-1
-1
-1
-1
-1
-1
-1
-1
-1
-1
-1
-1
-1
-1
-1
-1
-1
-1
-1
-1
-1
-1
-1
-1
-1
-1
-1
-1
-1
-1
-1
-1
-1
-1
-1
-1
-1
-1
-1
-1
-1
-1
-1
-1
-1
-1
-1
-1
-1
-1
-1
-1
-1
-1
-1
-1
-1
-1
-1
-1
-1
-1
-1
-1
-1
-1
-1
-1
-1
-1
-1
-1
-1
-1
-1
-1
-1
-1
-1
-1
-1
-1
-1
-1
-1
-1
-1
-1
-1
-1
-1
-1
-1
-1
-1
-1
-1
-1
-1
-1
-1
-1
-1
-1
-1
-1
-1
-1
-1
-1
-1
-1
-1
-1
-1
-1
-1
-1
-1
-1
-1
-1
-1
-1
-1
-1
-1
-1
-1
-1
-1
-1
-1
-1
-1
-1
-1
-1
-1
-1
-1
-1
-1
-1
-1
-1
-1
-1
-1
-1
-1
-1
-1
-1
-1
-1
-1
-1
-1
-1
-1
-1
-1
-1
-1
-1
-1
-1
-1
-1
-1
-1
-1
-1
-1
-1
-1
-1
-1
-1
-1
-1
-1
-1
-1
-1
-1
-1
-1
-1
-1
-1
-1
-1
-1
-1
-1
-1
-1
-1
-1
-1
-1
-1
-1
-1
-1
-1
-1
-1
-1
-1
-1
-1
-1
-1
-1
-1
-1
-1
-1
-1
-1
-1
-1
-1
-1
-1
-1
-1
-1
-1
-1
-1
-1
-1
-1
-1
-1
-1
-1
-1
-1
-1
-1
-1
-1
-1
-1
-1
-1
-1
-1
-1
-1
-1
-1
-1
-1
-1
-1
-1
-1
-1
-1
-1
-1
-1
-1
-1
-1
-1
-1
-1
-1
-1
-1
-1
-1
-1
-1
-1
-1
-1
-1
-1
-1
-1
-1
-1
-1
-1
-1
-1
-1
-1
-1
-1
-1
-1
-1
-1
-1
-1
-1
-1
-1
-1
-1
-1
-1
-1
-1
-1
-1
-1
-1
-1
-1
-1
-1
-1
-1
-1
-1
-1
-1
-1
-1
-1
-1
-1
-1
-1
-1
-1
-1
-1
-1
-1
-1
-1
-1
-1
-1
-1
-1
-1
-1
-1
-1
-1
-1
-1
-1
-1
-1
-1
-1
-1
-1
-1
-1
-1
-1
-1
-1
-1
-1
-1
-1
-1
-1
-1
-1
-1
-1
-1
-1
-1
-1
-1
-1
-1
-1
-1
-1
-1
-1
-1
-1
-1
-1
-1
-1
-1
-1
-1
-1
-1
-1
-1
-1
-1
-1
-1
-1
-1
-1
-1
-1
-1
-1
-1
-1
-1
-1
-1
-1
-1
-1
-1
-1
-1
-1
-1
-1
-1
-1
-1
-1
-1
-1
-1
-1
-1
-1
-1
-1
-1
-1
-1
-1
-1
393
394
395
396
397
398
399
527
528
529
530
531
532
533
580
581
582
583
584
585
586
769
770
771
772
773
774
775
1421
1422
1423
1424
1425
1426
1427
1547
1548
1549
1550
1551
1552
1553
1697
1698
1699
1700
1701
1702
1703
1935
1936
1937
1938
1939
1940
1941
2671
2672
2673
2674
2675
2676
2677
2781
2782
2783
2784
2785
2786
2787
2940
2941
2942
2943
2944
2945
2946
3146
3147
3148
3149
3150
3151
3152
3544
3545
3546
3547
3548
3549
3550
3571
3572
3573
3574
3575
3576
3577
3742
3743
3744
3745
3746
3747
3748
3760
3761
3762
3763
3764
3765
3766
3769
3770
3771
3772
3773
3774
3775
3796
3797
3798
3799
3800
3801
3802
3814
3815
3816
3817
3818
3819
3820
3832
3833
3834
3835
3836
3837
3838
3859
3860
3861
3862
3863
3864
3865
3877
3878
3879
3880
3881
3882
3883
3895
3896
3897
3898
3899
3900
3901
3922
3923
3924
3925
3926
3927
3928
3931
3932
3933
3934
3935
3936
3937
3949
3950
3951
3952
3953
3954
3955
4003
4004
4005
4006
4007
4008
4009
4021
4022
4023
4024
4025
4026
4027
4030
4031
4032
4033
4034
4035
4036
4048
4049
4050
4051
4052
4053
4054
4183
4184
4185
4186
4187
4188
4189
4201
4202
4203
4204
4205
4206
4207
4210
4211
4212
4213
4214
4215
4216
4237
4238
4239
4240
4241
4242
4243
4255
4256
4257
4258
4259
4260
4261
4273
4274
4275
4276
4277
4278
4279
4300
4301
4302
4303
4304
4305
4306
4318
4319
4320
4321
4322
4323
4324
4336
4337
4338
4339
4340
4341
4342
4363
4364
4365
4366
4367
4368
4369
4372
4373
4374
4375
4376
4377
4378
4390
4391
4392
4393
4394
4395
4396
4444
4445
4446
4447
4448
4449
4450
4462
4463
4464
4465
4466
4467
4468
4471
4472
4473
4474
4475
4476
4477
4489
4490
4491
4492
4493
4494
4495
4552
4553
4554
4555
4556
4557
4558
4570
4571
4572
4573
4574
4575
4576
4579
4580
4581
4582
4583
4584
4585
4606
4607
4608
4609
4610
4611
4612
4624
4625
4626
4627
4628
4629
4630
4642
4643
4644
4645
4646
4647
4648
4732
4733
4734
4735
4736
4737
4738
4750
4751
4752
4753
4754
4755
4756
4768
4769
4770
4771
4772
4773
4774
4795
4796
4797
4798
4799
4800
4801
4804
4805
4806
4807
4808
4809
4810
4822
4823
4824
4825
4826
4827
4828
4930
4931
4932
4933
4934
4935
4936
4957
4958
4959
4960
4961
4962
4963
2141
2142
2143
2144
2145
2146
2147
3384
3385
3386
3387
3388
3389
3390
4120
4121
4122
4123
4124
4125
4126
4138
4139
4140
4141
4142
4143
4144
4408
4409
4410
4411
4412
4413
4414
943
944
945
946
947
948
949
3679
3680
3681
3682
3683
3684
3685
3697
3698
3699
3700
3701
3702
3703
3967
3968
3969
3970
3971
3972
3973
4525
4526
4527
4528
4529
4530
4531
4543
4544
4545
4546
4547
4548
4549
4894
4895
4896
4897
4898
4899
4900
3976
3977
3978
3979
3980
3981
3982
4399
4400
4401
4402
4403
4404
4405
4417
4418
4419
4420
4421
4422
4423
4885
4886
4887
4888
4889
4890
4891
3958
3959
3960
3961
3962
3963
3964
4903
4904
4905
4906
4907
4908
4909
1272
1273
1274
1275
1276
1277
1278
2482
2483
2484
2485
2486
2487
2488
3688
3689
3690
3691
3692
3693
3694
4129
4130
4131
4132
4133
4134
4135
276
277
278
279
280
281
282
4534
4535
4536
4537
4538
4539
4540
1006
1007
1008
1009
1010
1011
1012
3508
3509
3510
3511
3512
3513
3514
4480
4481
4482
4483
4484
4485
4486
4498
4499
4500
4501
4502
4503
4504
4057
4058
4059
4060
4061
4062
4063
2192
2193
2194
2195
2196
2197
2198
3553
3554
3555
3556
3557
3558
3559
3580
3581
3582
3583
3584
3585
3586
3994
3995
3996
3997
3998
3999
4000
4435
4436
4437
4438
4439
4440
4441
3445
3454
3463
3471
3473
3482
3491
2076
2078
2086
2088
2097
2106
2115
3526
3527
3528
3529
3530
3531
3532
4012
4013
4014
4015
4016
4017
4018
4453
4454
4455
4456
4457
4458
4459
3075
3084
3093
3102
3111
3120
3129
3312
3321
3329
3331
3340
3349
3358
4921
4922
4923
4924
4925
4926
4927
2004
2013
2022
2031
2040
2049
2058
3434
3435
3436
3437
3438
3439
3440
879
888
897
906
914
916
924
3239
3248
3257
3266
3275
3284
3293
657
666
675
684
693
702
711
1773
1782
1791
1800
1809
1818
1827
1839
1848
1856
1858
1867
1876
1884
729
731
739
741
749
751
759
3056
3058
3066
3067
3068
3069
3070
3446
3447
3448
3449
3450
3451
3452
3023
3025
3034
3042
3043
3045
3053
1614
1615
1616
1617
1618
1619
1621
1656
1657
1658
1660
1669
1678
1687
2860
2869
2878
2887
2896
2905
2914
1631
1633
1641
1642
1643
1645
1653
571
572
573
574
575
576
577
4039
4040
4041
4042
4043
4044
4045
3474
3475
3476
3477
3478
3479
3480
1497
1498
1499
1501
1510
1518
1519
421
429
431
439
440
441
442
1281
1282
1283
1284
1285
1287
1296
1306
1308
1316
1317
1318
1320
1329
1529
1530
1531
1532
1533
1534
1535
1538
1539
1540
1541
1542
1543
1544
2491
2493
2502
2510
2511
2512
2514
2849
2850
2851
2852
2853
2854
2855
2524
2526
2535
2543
2544
2546
2555
294
295
296
297
298
299
300
518
519
520
521
522
523
524
303
304
306
314
315
316
317
1339
1340
1341
1342
1343
1344
1345
2772
2773
2774
2775
2776
2777
2778
322
331
340
349
358
367
376
1350
1359
1368
1377
1386
1395
1404
988
989
990
991
992
993
994
2567
2576
2585
2594
2603
2612
2621
2763
2764
2765
2766
2767
2768
2769
1142
1150
1152
1161
1170
1179
1188
2354
2363
2372
2381
2390
2399
2408
1200
1209
1218
1227
1236
1245
1253
2640
2648
2649
2651
2659
2660
2661
4939
4940
4941
4942
4943
4944
4945
2
3
4
5
6
7
8
2724
2732
2733
2735
2744
2752
2753
3499
3500
3501
3502
3503
3504
3505
3455
3456
3457
3458
3459
3460
3461
3464
3465
3466
3467
3468
3469
3470
3492
3493
3494
3495
3496
3497
3498
3483
3484
3485
3486
3487
3488
3489
2840
2841
2842
2843
2844
2845
2846
1706
1707
1708
1709
1710
1711
1712
4291
4292
4293
4294
4295
4296
4297
4327
4328
4329
4330
4331
4332
4333
589
590
591
592
593
594
595
2949
2950
2951
2952
2953
2954
2955
3886
3887
3888
3889
3890
3891
3892
4723
4724
4725
4726
4727
4728
4729
1556
1557
1558
1559
1560
1561
1562
2931
2932
2933
2934
2935
2936
2937
4246
4247
4248
4249
4250
4251
4252
4282
4283
4284
4285
4286
4287
4288
2790
2791
2792
2793
2794
2795
2796
4615
4616
4617
4618
4619
4620
4621
536
537
538
539
540
541
542
3841
3842
3843
3844
3845
3846
3847
3850
3851
3852
3853
3854
3855
3856
4759
4760
4761
4762
4763
4764
4765
4651
4652
4653
4654
4655
4656
4657
3805
3806
3807
3808
3809
3810
3811
2861
2862
2863
2864
2865
2866
2867
2906
2907
2908
2909
2910
2911
2912
2879
2880
2881
2882
2883
2884
2885
2888
2889
2890
2891
2892
2893
2894
4669
4670
4671
4672
4673
4674
4675
4687
4688
4689
4690
4691
4692
4693
4705
4706
4707
4708
4709
4710
4711
4660
4661
4662
4663
4664
4665
4666
4678
4679
4680
4681
4682
4683
4684
4696
4697
4698
4699
4700
4701
4702
4714
4715
4716
4717
4718
4719
4720
3375
3376
3377
3378
3379
3380
3381
2897
2898
2899
2900
2901
2902
2903
2201
2202
2203
2204
2205
2206
2207
4426
4427
4428
4429
4430
4431
4432
3517
3518
3519
3520
3521
3522
3523
447
456
465
474
483
492
501
752
753
754
755
756
757
758
3985
3986
3987
3988
3989
3990
3991
4912
4913
4914
4915
4916
4917
4918
979
980
981
982
983
984
985
4093
4094
4095
4096
4097
4098
4099
4084
4085
4086
4087
4088
4089
4090
4309
4310
4311
4312
4313
4314
4315
4507
4508
4509
4510
4511
4512
4513
3904
3905
3906
3907
3908
3909
3910
4345
4346
4347
4348
4349
4350
4351
4741
4742
4743
4744
4745
4746
4747
3868
3869
3870
3871
3872
3873
3874
4228
4229
4230
4231
4232
4233
4234
4264
4265
4266
4267
4268
4269
4270
4516
4517
4518
4519
4520
4521
4522
4777
4778
4779
4780
4781
4782
4783
3625
3626
3627
3628
3629
3630
3631
3634
3635
3636
3637
3638
3639
3640
3823
3824
3825
3826
3827
3828
3829
4597
4598
4599
4600
4601
4602
4603
3787
3788
3789
3790
3791
3792
3793
4633
4634
4635
4636
4637
4638
4639
4849
4850
4851
4852
4853
4854
4855
4858
4859
4860
4861
4862
4863
4864
4867
4868
4869
4870
4871
4872
4873
4876
4877
4878
4879
4880
4881
4882
562
563
564
565
566
567
568
209
210
211
212
213
214
215
814
823
832
841
850
859
867
694
695
696
697
698
699
700
712
713
714
715
716
717
718
600
609
618
626
628
636
638
667
668
669
670
671
672
673
742
743
744
745
746
747
748
218
220
229
237
239
248
257
719
720
721
722
723
724
725
658
659
660
661
662
663
664
676
677
678
679
680
681
682
760
761
762
763
764
765
766
732
733
734
735
736
737
738
94
95
96
97
98
99
100
1430
1431
1432
1433
1434
1435
1436
4192
4193
4194
4195
4196
4197
4198
105
114
123
132
141
149
151
1075
1077
1086
1094
1095
1097
1106
4219
4220
4221
4222
4223
4224
4225
1201
1202
1203
1204
1205
1206
1207
258
259
260
261
262
263
264
2680
2681
2682
2683
2684
2685
2686
4561
4562
4563
4564
4565
4566
4567
402
403
404
405
406
407
408
3778
3779
3780
3781
3782
3783
3784
3661
3662
3663
3664
3665
3666
3667
221
222
223
224
225
226
227
384
385
386
387
388
389
390
1944
1945
1946
1947
1948
1949
1950
4381
4382
4383
4384
4385
4386
4387
778
779
780
781
782
783
784
3670
3671
3672
3673
3674
3675
3676
3940
3941
3942
3943
3944
3945
3946
4354
4355
4356
4357
4358
4359
4360
230
231
232
233
234
235
236
3155
3156
3157
3158
3159
3160
3161
3751
3752
3753
3754
3755
3756
3757
4588
4589
4590
4591
4592
4593
4594
4786
4787
4788
4789
4790
4791
4792
323
324
325
326
327
328
329
3706
3707
3708
3709
3710
3711
3712
3724
3725
3726
3727
3728
3729
3730
3913
3914
3915
3916
3917
3918
3919
4813
4814
4815
4816
4817
4818
4819
3059
3060
3061
3062
3063
3064
3065
1859
1860
1861
1862
1863
1864
1865
1219
1220
1221
1222
1223
1224
1225
12
21
30
39
48
57
66
3366
3367
3368
3369
3370
3371
3372
1263
1264
1265
1266
1267
1268
1269
3607
3608
3609
3610
3611
3612
3613
3332
3333
3334
3335
3336
3337
3338
3341
3342
3343
3344
3345
3346
3347
2629
2630
2631
2632
2633
2634
2635
4066
4067
4068
4069
4070
4071
4072
133
134
135
136
137
138
139
2577
2578
2579
2580
2581
2582
2583
58
59
60
61
62
63
64
159
160
161
162
163
164
165
142
143
144
145
146
147
148
22
23
24
25
26
27
28
31
32
33
34
35
36
37
67
68
69
70
71
72
73
13
14
15
16
17
18
19
49
50
51
52
53
54
55
1511
1512
1513
1514
1515
1516
1517
2745
2746
2747
2748
2749
2750
2751
124
125
126
127
128
129
130
1441
1449
1450
1452
1461
1470
1479
1810
1811
1812
1813
1814
1815
1816
307
308
309
310
311
312
313
448
449
450
451
452
453
454
368
369
370
371
372
373
374
2915
2916
2917
2918
2919
2920
2921
332
333
334
335
336
337
338
377
378
379
380
381
382
383
1634
1635
1636
1637
1638
1639
1640
1646
1647
1648
1649
1650
1651
1652
341
342
343
344
345
346
347
2691
2699
2700
2701
2703
2711
2712
422
423
424
425
426
427
428
432
433
434
435
436
437
438
509
510
511
512
513
514
515
3562
3563
3564
3565
3566
3567
3568
457
458
459
460
461
462
463
466
467
468
469
470
471
472
2799
2801
2810
2818
2819
2821
2830
1885
1886
1887
1888
1889
1890
1891
1774
1775
1776
1777
1778
1779
1780
1877
1878
1879
1880
1881
1882
1883
2692
2693
2694
2695
2696
2697
2698
1849
1850
1851
1852
1853
1854
1855
2713
2714
2715
2716
2717
2718
2719
2704
2705
2706
2707
2708
2709
2710
2303
2305
2314
2322
2323
2325
2333
1453
1454
1455
1456
1457
1458
1459
106
107
108
109
110
111
112
115
116
117
118
119
120
121
76
77
78
79
80
81
82
2922
2923
2924
2925
2926
2927
2928
2870
2871
2872
2873
2874
2875
2876
3350
3351
3352
3353
3354
3355
3356
3359
3360
3361
3362
3363
3364
3365
1670
1671
1672
1673
1674
1675
1676
2586
2587
2588
2589
2590
2591
2592
1894
1895
1896
1898
1907
1916
1925
3313
3314
3315
3316
3317
3318
3319
2595
2596
2597
2598
2599
2600
2601
1899
1900
1901
1902
1903
1904
1905
1908
1909
1910
1911
1912
1913
1914
3137
3138
3139
3140
3141
3142
3143
3076
3077
3078
3079
3080
3081
3082
2568
2569
2570
2571
2572
2573
2574
2604
2605
2606
2607
2608
2609
2610
2613
2614
2615
2616
2617
2618
2619
2622
2623
2624
2625
2626
2627
2628
2427
2436
2445
2454
2462
2464
2472
1297
1298
1299
1300
1301
1302
1303
1378
1379
1380
1381
1382
1383
1384
1396
1397
1398
1399
1400
1401
1402
285
286
287
288
289
290
291
1123
1124
1125
1126
1127
1128
1129
1412
1413
1414
1415
1416
1417
1418
2132
2133
2134
2135
2136
2137
2138
3094
3095
3096
3097
3098
3099
3100
3103
3104
3105
3106
3107
3108
3109
3112
3113
3114
3115
3116
3117
3118
1360
1361
1362
1363
1364
1365
1366
1917
1918
1919
1920
1921
1922
1923
1926
1927
1928
1929
1930
1931
1932
3085
3086
3087
3088
3089
3090
3091
3121
3122
3123
3124
3125
3126
3127
3130
3131
3132
3133
3134
3135
3136
1868
1869
1870
1871
1872
1873
1874
2503
2504
2505
2506
2507
2508
2509
1405
1406
1407
1408
1409
1410
1411
2515
2516
2517
2518
2519
2520
2521
1387
1388
1389
1390
1391
1392
1393
2754
2755
2756
2757
2758
2759
2760
2527
2528
2529
2530
2531
2532
2533
1351
1352
1353
1354
1355
1356
1357
1369
1370
1371
1372
1373
1374
1375
1462
1463
1464
1465
1466
1467
1468
169
171
179
181
189
191
199
1015
1016
1017
1018
1019
1020
1021
4831
4832
4833
4834
4835
4836
4837
1210
1211
1212
1213
1214
1215
1216
1502
1503
1504
1505
1506
1507
1508
350
351
352
353
354
355
356
359
360
361
362
363
364
365
4147
4148
4149
4150
4151
4152
4153
85
86
87
88
89
90
91
182
183
184
185
186
187
188
192
193
194
195
196
197
198
1661
1662
1663
1664
1665
1666
1667
1688
1689
1690
1691
1692
1693
1694
200
201
202
203
204
205
206
1679
1680
1681
1682
1683
1684
1685
4840
4841
4842
4843
4844
4845
4846
1087
1088
1089
1090
1091
1092
1093
172
173
174
175
176
177
178
475
476
477
478
479
480
481
484
485
486
487
488
489
490
493
494
495
496
497
498
499
502
503
504
505
506
507
508
1840
1841
1842
1843
1844
1845
1846
249
250
251
252
253
254
255
1321
1322
1323
1324
1325
1326
1327
1330
1331
1332
1333
1334
1335
1336
2536
2537
2538
2539
2540
2541
2542
2547
2548
2549
2550
2551
2552
2553
2556
2557
2558
2559
2560
2561
2562
2725
2726
2727
2728
2729
2730
2731
2736
2737
2738
2739
2740
2741
2742
1309
1310
1311
1312
1313
1314
1315
267
268
269
270
271
272
273
1520
1521
1522
1523
1524
1525
1526
3589
3590
3591
3592
3593
3594
3595
2089
2090
2091
2092
2093
2094
2095
2098
2099
2100
2101
2102
2103
2104
1565
1567
1576
1585
1593
1595
1604
685
686
687
688
689
690
691
703
704
705
706
707
708
709
1792
1793
1794
1795
1796
1797
1798
1471
1472
1473
1474
1475
1476
1477
1480
1481
1482
1483
1484
1485
1486
3733
3734
3735
3736
3737
3738
3739
1828
1829
1830
1831
1832
1833
1834
1717
1725
1727
1736
1745
1753
1755
1954
1962
1964
1972
1974
1983
1992
2066
2067
2068
2069
2070
2071
2072
4165
4166
4167
4168
4169
4170
4171
1783
1784
1785
1786
1787
1788
1789
3035
3036
3037
3038
3039
3040
3041
1228
1229
1230
1231
1232
1233
1234
1246
1247
1248
1249
1250
1251
1252
2960
2968
2970
2979
2988
2997
3006
1801
1802
1803
1804
1805
1806
1807
1819
1820
1821
1822
1823
1824
1825
1728
1729
1730
1731
1732
1733
1734
2005
2006
2007
2008
2009
2010
2011
1237
1238
1239
1240
1241
1242
1243
2437
2438
2439
2440
2441
2442
2443
1718
1719
1720
1721
1722
1723
1724
1746
1747
1748
1749
1750
1751
1752
1756
1757
1758
1759
1760
1761
1762
787
788
789
790
792
800
802
3166
3175
3184
3193
3202
3211
3220
3535
3536
3537
3538
3539
3540
3541
3616
3617
3618
3619
3620
3621
3622
3643
3644
3645
3646
3647
3648
3649
3652
3653
3654
3655
3656
3657
3658
4102
4103
4104
4105
4106
4107
4108
4948
4949
4950
4951
4952
4953
4954
2032
2033
2034
2035
2036
2037
2038
639
640
641
642
643
644
645
1107
1108
1109
1110
1111
1112
1113
2446
2447
2448
2449
2450
2451
2452
1955
1956
1957
1958
1959
1960
1961
1975
1976
1977
1978
1979
1980
1981
2150
2151
2152
2154
2163
2171
2172
3228
3229
3230
3231
3232
3233
3234
3395
3403
3404
3406
3415
3423
3424
3598
3599
3600
3601
3602
3603
3604
4174
4175
4176
4177
4178
4179
4180
1622
1623
1624
1625
1626
1627
1628
842
843
844
845
846
847
848
1993
1994
1995
1996
1997
1998
1999
793
794
795
796
797
798
799
3167
3168
3169
3170
3171
3172
3173
3185
3186
3187
3188
3189
3190
3191
952
953
954
955
956
957
958
961
962
963
964
965
966
967
3301
3302
3303
3304
3305
3306
3307
4111
4112
4113
4114
4115
4116
4117
4156
4157
4158
4159
4160
4161
4162
851
852
853
854
855
856
857
860
861
862
863
864
865
866
1965
1966
1967
1968
1969
1970
1971
1984
1985
1986
1987
1988
1989
1990
2971
2972
2973
2974
2975
2976
2977
803
804
805
806
807
808
809
868
869
870
871
872
873
874
2175
2176
2177
2179
2187
2188
2189
3715
3716
3717
3718
3719
3720
3721
4075
4076
4077
4078
4079
4080
4081
2014
2015
2016
2017
2018
2019
2020
2023
2024
2025
2026
2027
2028
2029
2041
2042
2043
2044
2045
2046
2047
2050
2051
2052
2053
2054
2055
2056
2059
2060
2061
2062
2063
2064
2065
3249
3250
3251
3252
3253
3254
3255
3267
3268
3269
3270
3271
3272
3273
3026
3027
3028
3029
3030
3031
3032
3046
3047
3048
3049
3050
3051
3052
824
825
826
827
828
829
830
610
611
612
613
614
615
616
619
620
621
622
623
624
625
2811
2812
2813
2814
2815
2816
2817
3007
3008
3009
3010
3011
3012
3013
3176
3177
3178
3179
3180
3181
3182
3203
3204
3205
3206
3207
3208
3209
545
546
547
548
549
550
552
1034
1042
1044
1052
1053
1055
1064
2123
2124
2125
2126
2127
2128
2129
2473
2474
2475
2476
2477
2478
2479
3014
3015
3016
3017
3018
3019
3020
3425
3426
3427
3428
3429
3430
3431
2079
2080
2081
2082
2083
2084
2085
2107
2108
2109
2110
2111
2112
2113
3240
3241
3242
3243
3244
3245
3246
3258
3259
3260
3261
3262
3263
3264
3276
3277
3278
3279
3280
3281
3282
3285
3286
3287
3288
3289
3290
3291
1171
1172
1173
1174
1175
1176
1177
815
816
817
818
819
820
821
833
834
835
836
837
838
839
601
602
603
604
605
606
607
240
241
242
243
244
245
246
1098
1099
1100
1101
1102
1103
1104
2831
2832
2833
2834
2835
2836
2837
2428
2429
2430
2431
2432
2433
2434
2961
2962
2963
2964
2965
2966
2967
3194
3195
3196
3197
3198
3199
3200
3212
3213
3214
3215
3216
3217
3218
3221
3222
3223
3224
3225
3226
3227
2155
2156
2157
2158
2159
2160
2161
646
647
648
649
650
651
652
970
971
972
973
974
975
976
1254
1255
1256
1257
1258
1259
1260
3322
3323
3324
3325
3326
3327
3328
889
890
891
892
893
894
895
152
153
154
155
156
157
158
1078
1079
1080
1081
1082
1083
1084
1605
1606
1607
1608
1609
1610
1611
1737
1738
1739
1740
1741
1742
1743
2989
2990
2991
2992
2993
2994
2995
3407
3408
3409
3410
3411
3412
3413
3416
3417
3418
3419
3420
3421
3422
2239
2248
2257
2266
2274
2276
2285
2116
2117
2118
2119
2120
2121
2122
3294
3295
3296
3297
3298
3299
3300
1143
1144
1145
1146
1147
1148
1149
2802
2803
2804
2805
2806
2807
2808
2822
2823
2824
2825
2826
2827
2828
2306
2307
2308
2309
2310
2311
2312
2315
2316
2317
2318
2319
2320
2321
1596
1597
1598
1599
1600
1601
1602
2980
2981
2982
2983
2984
2985
2986
2164
2165
2166
2167
2168
2169
2170
3396
3397
3398
3399
3400
3401
3402
1045
1046
1047
1048
1049
1050
1051
1065
1066
1067
1068
1069
1070
1071
1763
1764
1765
1766
1767
1768
1769
1189
1190
1191
1192
1193
1194
1195
2355
2356
2357
2358
2359
2360
2361
2373
2374
2375
2376
2377
2378
2379
2326
2327
2328
2329
2330
2331
2332
2455
2456
2457
2458
2459
2460
2461
2998
2999
3000
3001
3002
3003
3004
2258
2259
2260
2261
2262
2263
2264
925
926
927
928
929
930
931
934
935
936
937
938
939
940
2219
2220
2221
2222
2223
2224
2225
2228
2229
2230
2231
2232
2233
2234
2334
2335
2336
2337
2338
2339
2340
898
899
900
901
902
903
904
907
908
909
910
911
912
913
917
918
919
920
921
922
923
2391
2392
2393
2394
2395
2396
2397
2409
2410
2411
2412
2413
2414
2415
40
41
42
43
44
45
46
2465
2466
2467
2468
2469
2470
2471
1568
1569
1570
1571
1572
1573
1574
1577
1578
1579
1580
1581
1582
1583
2249
2250
2251
2252
2253
2254
2255
2286
2287
2288
2289
2290
2291
2292
2210
2211
2212
2213
2214
2215
2216
2293
2294
2295
2296
2297
2298
2299
2343
2344
2345
2346
2347
2348
2349
2416
2417
2418
2419
2420
2421
2422
2662
2663
2664
2665
2666
2667
2668
880
881
882
883
884
885
886
2494
2495
2496
2497
2498
2499
2500
1153
1154
1155
1156
1157
1158
1159
2364
2365
2366
2367
2368
2369
2370
2382
2383
2384
2385
2386
2387
2388
2400
2401
2402
2403
2404
2405
2406
2652
2653
2654
2655
2656
2657
2658
629
630
631
632
633
634
635
1586
1587
1588
1589
1590
1591
1592
2240
2241
2242
2243
2244
2245
2246
2277
2278
2279
2280
2281
2282
2283
411
412
413
414
415
416
417
997
998
999
1000
1001
1002
1003
1024
1025
1026
1027
1028
1029
1030
1114
1115
1116
1117
1118
1119
1120
1132
1133
1134
1135
1136
1137
1138
1487
1488
1489
1490
1491
1492
1493
1288
1289
1290
1291
1292
1293
1294
1162
1163
1164
1165
1166
1167
1168
1180
1181
1182
1183
1184
1185
1186
2641
2642
2643
2644
2645
2646
2647
1442
1443
1444
1445
1446
1447
1448
2180
2181
2182
2183
2184
2185
2186
553
554
555
556
557
558
559
1035
1036
1037
1038
1039
1040
1041
1056
1057
1058
1059
1060
1061
1062
2267
2268
2269
2270
2271
2272
2273
)


// ************************************************************************* //
