/*--------------------------------*- C++ -*----------------------------------*\
| =========                 |                                                 |
| \\      /  F ield         | OpenFOAM: The Open Source CFD Toolbox           |
|  \\    /   O peration     | Version:  5.0                                   |
|   \\  /    A nd           | Web:      www.OpenFOAM.org                      |
|    \\/     M anipulation  |                                                 |
\*---------------------------------------------------------------------------*/
FoamFile
{
    version     2.0;
    format      ascii;
    class       volScalarField;
    location    "1.4";
    object      p;
}
// * * * * * * * * * * * * * * * * * * * * * * * * * * * * * * * * * * * * * //

dimensions      [1 -1 -2 0 0 0 0];

internalField   nonuniform List<scalar> 
7933
(
105.018
101.342
83.0364
111.915
102.327
99.5252
96.6868
93.0486
90.4036
87.7908
85.2324
82.7053
80.2052
77.748
75.3148
72.9085
70.5184
68.1599
65.8268
63.519
61.2194
58.9327
56.6776
54.4161
52.1792
49.9599
47.7434
45.5255
43.3252
41.1528
38.9742
36.8204
34.6952
32.5616
30.42
28.3107
26.2532
24.2321
22.2198
20.1977
18.2048
16.257
14.3111
12.3364
10.3905
8.49349
6.59622
4.69341
2.81169
0.939872
99.5159
104.596
14.1434
139.473
106.305
101.709
97.1629
93.4183
90.6316
87.9455
85.3359
82.7706
80.2684
77.7876
75.3324
72.9264
70.5237
68.1774
65.846
63.5228
61.2221
58.936
56.672
54.4165
52.1666
49.9408
47.7333
45.5284
43.3375
41.1536
38.9898
36.8353
34.6936
32.5548
30.4219
28.3165
26.2486
24.215
22.1973
20.195
18.2095
16.2607
14.3179
12.3551
10.3962
8.48126
6.58362
4.69006
2.81052
0.93947
135.208
154.16
89.1944
132.823
85.2274
102.85
98.2303
93.6043
90.7334
87.9979
85.3769
82.7844
80.2635
77.793
75.3419
72.9179
70.5423
68.2059
65.8775
63.5255
61.2245
58.9379
56.6576
54.4104
52.1697
49.9367
47.7206
45.5333
43.3435
41.1593
38.9953
36.8347
34.6733
32.5433
30.4347
28.3331
26.2497
24.2063
22.1953
20.1961
18.2159
16.2555
14.3021
12.3573
10.4109
8.48044
6.57866
4.69247
2.8162
0.939573
102.833
98.1915
97.8472
103.161
96.5579
102.752
99.4485
94.2475
90.4866
87.9395
85.3293
82.7866
80.2524
77.7771
75.3377
72.9208
70.5403
68.1974
65.8503
63.5276
61.2354
58.9394
56.6682
54.4135
52.1811
49.9479
47.7206
45.5391
43.34
41.1488
38.9957
36.8303
34.6684
32.5381
30.4406
28.3496
26.2558
24.2028
22.1977
20.2074
18.2259
16.2459
14.2852
12.3443
10.4153
8.48266
6.57899
4.69933
2.82194
0.935353
81.1493
92.2042
86.2912
95.0893
101.123
97.0233
98.6215
93.9672
90.2707
87.791
85.2301
82.7046
80.2172
77.751
75.3286
72.9181
70.547
68.1847
65.8271
63.5259
61.237
58.9388
56.6725
54.417
52.1895
49.9615
47.7306
45.5351
43.3272
41.1413
38.9902
36.8224
34.6659
32.5372
30.4422
28.3589
26.266
24.206
22.2008
20.2131
18.2232
16.2329
14.2646
12.3332
10.4125
8.48389
6.58586
4.71378
2.82971
0.933069
124.874
92.2973
93.4257
93.8506
110.721
98.8579
97.9939
93.4844
90.0018
87.6167
85.114
82.6316
80.1705
77.7293
75.3288
72.9241
70.5522
68.1856
65.8222
63.5185
61.2331
58.9327
56.6713
54.4266
52.1955
49.9765
47.7413
45.5293
43.3209
41.1343
38.9842
36.8165
34.6581
32.5387
30.4454
28.361
26.2773
24.2206
22.2053
20.2146
18.2175
16.2201
14.2518
12.324
10.4068
8.48786
6.60207
4.7371
2.83918
0.935833
166.842
117.857
102.891
96.5784
94.5976
98.0731
97.7316
93.0267
89.7339
87.4213
85.0103
82.5711
80.1499
77.719
75.3087
72.9117
70.5452
68.1906
65.8225
63.5049
61.2185
58.932
56.6703
54.4349
52.2011
49.9743
47.7472
45.5259
43.3228
41.1439
38.9779
36.8032
34.6511
32.5451
30.4482
28.3553
26.2823
24.2324
22.2069
20.2065
18.2098
16.2105
14.2468
12.3211
10.4021
8.48927
6.60797
4.73726
2.84513
0.945013
97.1203
103.911
100.806
97.4398
99.7105
97.1971
96.0655
91.8965
89.6898
87.3483
84.9623
82.5404
80.131
77.7059
75.2787
72.9087
70.5333
68.1761
65.8328
63.4969
61.2087
58.9269
56.6672
54.4357
52.1995
49.9793
47.7492
45.5242
43.3327
41.1491
38.9743
36.8003
34.6553
32.5518
30.4469
28.3447
26.282
24.2442
22.2128
20.2011
18.2051
16.2234
14.2603
12.3257
10.4007
8.49139
6.60637
4.72629
2.84348
0.949004
140.324
102.427
97.8377
98.4488
97.073
96.7768
94.9073
92.0387
89.7901
87.4198
85.0086
82.5751
80.1423
77.7101
75.2939
72.9085
70.5136
68.1607
65.8304
63.5059
61.2012
58.9194
56.6725
54.4318
52.2046
49.9791
47.7462
45.522
43.3269
41.1481
38.9623
36.8011
34.6741
32.5577
30.4394
28.3344
26.2798
24.2474
22.2165
20.199
18.2033
16.2309
14.2757
12.3261
10.397
8.49255
6.599
4.71458
2.83007
0.949836
101.641
94.9956
97.2384
96.3528
98.551
98.4014
95.7358
92.5184
90.0886
87.5899
85.1132
82.6268
80.1539
77.7306
75.305
72.9038
70.5157
68.1631
65.8268
63.5117
61.2015
58.9232
56.6764
54.4215
52.193
49.9755
47.747
45.524
43.3242
41.1501
38.966
36.8076
34.689
32.5616
30.4255
28.3172
26.2613
24.2405
22.2187
20.1972
18.2034
16.2456
14.29
12.3273
10.3901
8.49567
6.60219
4.7039
2.81752
0.940209
104.415
120.385
82.7424
104.516
99.0701
99.5209
96.6868
93.0493
90.4036
87.7908
85.2326
82.7053
80.205
77.7481
75.3147
72.908
70.5184
68.1599
65.8269
63.5187
61.2193
58.9328
56.6775
54.416
52.1791
49.9599
47.7433
45.5255
43.325
41.1527
38.9742
36.8206
34.6952
32.5614
30.4199
28.3106
26.2532
24.2321
22.2198
20.1976
18.2046
16.2571
14.3112
12.3365
10.3906
8.49352
6.59614
4.69339
2.81166
0.939934
102.065
107.559
13.7702
161.906
105.503
110.223
97.1553
93.4188
90.6315
87.9456
85.3359
82.7706
80.2684
77.7876
75.3324
72.9262
70.5237
68.1776
65.8458
63.5227
61.2222
58.9361
56.672
54.4165
52.1667
49.9409
47.7332
45.5284
43.3374
41.1536
38.9903
36.8354
34.6935
32.5548
30.4219
28.3165
26.2485
24.215
22.1973
20.1949
18.2095
16.2608
14.3178
12.3549
10.3962
8.48126
6.58339
4.69006
2.81073
0.939424
110.028
130.757
90.3918
129.642
111.963
102.445
98.0846
93.6053
90.7341
87.9978
85.3768
82.7844
80.2635
77.793
75.3419
72.9179
70.5423
68.2058
65.8775
63.5255
61.2244
58.9379
56.6574
54.4104
52.1698
49.9367
47.7206
45.5333
43.3435
41.1594
38.995
36.8346
34.6734
32.5433
30.4348
28.3331
26.2495
24.2063
22.1953
20.1961
18.216
16.2556
14.3019
12.3571
10.4109
8.48039
6.57851
4.69251
2.81619
0.939572
102.788
89.8211
95.8799
103.87
96.9463
100.055
99.4837
94.247
90.4872
87.9387
85.3293
82.7866
80.2524
77.777
75.3377
72.9208
70.5403
68.1971
65.8502
63.5275
61.2354
58.9394
56.6682
54.4136
52.1806
49.9477
47.7208
45.5392
43.3402
41.1487
38.9956
36.8303
34.6684
32.5381
30.4407
28.3496
26.2556
24.2028
22.1977
20.2074
18.2259
16.2458
14.2851
12.3444
10.4154
8.4827
6.57889
4.6994
2.82193
0.935202
65.5375
117.436
93.7106
93.6473
95.7328
100.058
98.653
93.9673
90.271
87.791
85.2301
82.7042
80.2168
77.751
75.3287
72.9181
70.547
68.1847
65.8271
63.526
61.2371
58.9387
56.6721
54.4171
52.1893
49.9615
47.7307
45.5351
43.327
41.141
38.9902
36.8224
34.6658
32.5371
30.4422
28.3589
26.2659
24.206
22.2009
20.2134
18.2231
16.2326
14.2645
12.3331
10.4124
8.48387
6.58578
4.71378
2.82969
0.933115
107.687
90.7162
93.4424
93.7729
96.7618
98.6158
97.9984
93.4839
90.002
87.6166
85.1139
82.6316
80.1707
77.7292
75.3288
72.924
70.5522
68.1857
65.8221
63.5185
61.2332
58.9325
56.6712
54.4266
52.1955
49.9766
47.7412
45.5292
43.3209
41.1343
38.9842
36.816
34.658
32.5387
30.4455
28.3609
26.2773
24.2206
22.2053
20.2146
18.2174
16.2197
14.2518
12.324
10.4067
8.48784
6.60204
4.73713
2.839
0.9358
123.482
116.513
99.0558
96.813
94.6955
97.7466
97.6732
93.0237
89.7344
87.4212
85.0103
82.5711
80.1499
77.719
75.3087
72.9117
70.5452
68.1905
65.8225
63.5049
61.2184
58.932
56.6703
54.4349
52.2007
49.9743
47.7472
45.5259
43.3229
41.1438
38.978
36.803
34.6511
32.5451
30.4481
28.3552
26.2823
24.2323
22.2069
20.2066
18.2098
16.2104
14.2468
12.3211
10.402
8.48925
6.60805
4.73736
2.84511
0.945132
112.614
102.61
101.87
96.8963
97.1422
97.2034
96.0466
91.8969
89.6898
87.3483
84.9623
82.5404
80.131
77.7059
75.2787
72.9086
70.5335
68.1759
65.8329
63.4969
61.2087
58.9269
56.6673
54.4357
52.1994
49.9794
47.7496
45.5238
43.3326
41.1491
38.9742
36.8002
34.6553
32.5518
30.4469
28.3446
26.282
24.2442
22.2128
20.201
18.205
16.2234
14.2603
12.3257
10.4006
8.49137
6.60636
4.72628
2.8434
0.949072
109.097
95.8412
97.8798
97.1439
97.1903
96.4111
94.9219
92.0391
89.7903
87.4198
85.0086
82.5752
80.1423
77.7101
75.2938
72.9087
70.5138
68.1606
65.8304
63.5059
61.2012
58.9193
56.6725
54.4317
52.2046
49.9791
47.746
45.522
43.3268
41.1482
38.9623
36.801
34.6744
32.5578
30.4394
28.3345
26.2798
24.2473
22.2164
20.199
18.2034
16.2309
14.2757
12.326
10.3969
8.49251
6.59895
4.71454
2.83013
0.949835
100.59
94.7136
95.9019
96.9275
98.3021
98.5133
95.7356
92.5189
90.0885
87.5899
85.1133
82.6267
80.1539
77.7306
75.305
72.9041
70.5157
68.1631
65.8269
63.5116
61.2014
58.9232
56.6764
54.4215
52.193
49.9755
47.7469
45.524
43.3242
41.15
38.9658
36.8076
34.6891
32.5613
30.4255
28.3173
26.2614
24.2405
22.2187
20.1972
18.2034
16.2455
14.29
12.3271
10.3901
8.49569
6.60206
4.70391
2.81758
0.940195
104.286
103.819
82.601
104.645
99.0089
99.5092
96.6864
93.049
90.4035
87.7907
85.2326
82.7054
80.2047
77.748
75.3147
72.9077
70.5183
68.1599
65.8273
63.5185
61.2192
58.9329
56.6774
54.4158
52.1791
49.9599
47.7431
45.5255
43.3248
41.1526
38.9742
36.8206
34.6952
32.5612
30.4198
28.3106
26.253
24.232
22.2198
20.1975
18.2045
16.2571
14.3112
12.3365
10.3905
8.49348
6.59599
4.69332
2.81157
0.939869
109.588
107.623
23.5387
84.0521
105.661
104.918
97.1616
93.4178
90.6314
87.9455
85.3358
82.7705
80.2683
77.7875
75.3323
72.9259
70.5236
68.1775
65.8455
63.5226
61.2223
58.9361
56.6719
54.4159
52.1668
49.9409
47.7329
45.5283
43.3375
41.154
38.9903
36.8354
34.6934
32.5543
30.4218
28.3164
26.2485
24.2155
22.1971
20.1948
18.2095
16.2608
14.3177
12.3542
10.3963
8.48137
6.58301
4.69
2.81084
0.939246
112.559
106.782
109.478
97.6405
101.775
103.134
98.1017
93.6053
90.7345
87.9978
85.3768
82.7843
80.2634
77.7929
75.3418
72.9178
70.5422
68.2056
65.8775
63.5254
61.2242
58.9378
56.6573
54.4104
52.1698
49.9365
47.7206
45.5332
43.3435
41.1595
38.9949
36.8343
34.6735
32.5434
30.4349
28.3331
26.2493
24.2063
22.1952
20.1959
18.216
16.2557
14.3015
12.3569
10.4109
8.48031
6.57842
4.69246
2.81613
0.93927
95.3742
98.787
114.354
99.7239
107.984
100.781
99.4901
94.2476
90.4865
87.9386
85.3292
82.7865
80.2523
77.777
75.3376
72.9207
70.5402
68.1969
65.8502
63.5273
61.2354
58.9393
56.6681
54.4138
52.1804
49.9475
47.7209
45.5391
43.3401
41.1486
38.9954
36.8303
34.6683
32.538
30.4406
28.3495
26.2555
24.2027
22.1977
20.2074
18.2258
16.2457
14.2848
12.3445
10.4154
8.48268
6.57879
4.69937
2.82179
0.934865
72.6012
91.785
85.2933
95.2986
102.18
100.099
98.6449
93.9673
90.2702
87.7913
85.2301
82.7041
80.2166
77.7509
75.3287
72.9181
70.5469
68.1846
65.8269
63.526
61.2371
58.9387
56.672
54.4172
52.189
49.9615
47.7308
45.535
43.3269
41.1409
38.9902
36.8224
34.6657
32.5371
30.4422
28.3588
26.2658
24.2059
22.2008
20.2136
18.223
16.2321
14.2647
12.3331
10.412
8.4838
6.58592
4.71375
2.82948
0.933023
98.3865
85.3766
93.0611
94.0465
96.1373
98.3313
98.0052
93.4841
90.0012
87.6168
85.1137
82.6316
80.1708
77.7292
75.3287
72.9239
70.5521
68.1858
65.822
63.5183
61.2333
58.9322
56.671
54.4271
52.1955
49.9765
47.7411
45.529
43.3209
41.135
38.9844
36.8158
34.6578
32.5396
30.4456
28.3608
26.2773
24.2205
22.2053
20.2147
18.2173
16.2193
14.2519
12.324
10.4065
8.48776
6.60205
4.73717
2.83799
0.935762
86.3451
123.167
100.72
96.7964
95.0502
97.2801
97.6843
93.0229
89.7339
87.4212
85.0102
82.571
80.1498
77.7189
75.3086
72.9116
70.5451
68.1902
65.8224
63.505
61.2185
58.9319
56.6702
54.4348
52.2006
49.9743
47.7471
45.5261
43.3232
41.1438
38.9778
36.8028
34.651
32.545
30.4481
28.3551
26.2822
24.2323
22.2068
20.2066
18.2097
16.2102
14.2467
12.321
10.4018
8.48918
6.60837
4.73709
2.84503
0.945132
223.087
106.49
96.0776
98.1391
97.6142
97.0439
96.0799
91.8967
89.69
87.3482
84.9622
82.5403
80.1309
77.7058
75.2786
72.9086
70.5337
68.1756
65.833
63.4969
61.2086
58.9269
56.6674
54.4356
52.1993
49.9794
47.7495
45.5237
43.3323
41.1491
38.9742
36.8001
34.6552
32.5517
30.4466
28.3445
26.2819
24.2441
22.2127
20.201
18.2049
16.2234
14.2603
12.3256
10.4005
8.4913
6.60631
4.72623
2.84341
0.949071
99.991
98.3313
99.5581
97.3011
98.5027
98.8324
94.9007
92.0389
89.7904
87.4196
85.0085
82.5751
80.1421
77.71
75.2938
72.9088
70.5139
68.1604
65.8306
63.5059
61.2012
58.9192
56.6724
54.4316
52.2044
49.9791
47.7459
45.5219
43.3267
41.1483
38.9622
36.8009
34.6751
32.5578
30.4393
28.3344
26.2799
24.2471
22.2163
20.1989
18.2034
16.2309
14.2756
12.3258
10.3968
8.49244
6.59885
4.71447
2.83026
0.949745
100.961
95.2994
97.1751
92.5708
98.3541
97.9713
95.7358
92.5187
90.0885
87.5898
85.1134
82.6265
80.1537
77.7306
75.3049
72.9043
70.5156
68.1631
65.827
63.5115
61.2012
58.9231
56.6764
54.4214
52.193
49.9753
47.7466
45.5241
43.3241
41.1499
38.9653
36.8078
34.6895
32.5609
30.4254
28.3174
26.2614
24.2404
22.2186
20.1971
18.2034
16.2454
14.2899
12.327
10.3901
8.49567
6.60188
4.70362
2.81757
0.940125
97.4334
101.902
98.8397
99.5241
97.4342
101.846
98.8418
97.8149
104.421
99.7789
105.241
97.6728
104.097
99.6601
100.174
99.3757
99.8804
102.303
100.201
101.697
99.886
99.8424
98.6972
98.7855
100.783
99.8504
98.5188
98.7797
98.5554
96.3447
97.7737
99.9967
98.5577
95.822
97.7574
97.9707
97.7036
97.6476
99.2177
97.9311
97.3853
97.6294
97.3391
97.1601
96.9087
97.7528
97.3197
96.9257
96.9117
96.997
95.6042
95.5045
97.2029
97.0072
95.4966
95.5734
95.969
98.2118
95.9763
96.4303
95.8797
98.0882
95.9428
96.416
99.0976
97.3707
98.5809
96.4028
99.106
97.3713
97.4294
101.903
98.8299
99.5092
97.4311
101.901
98.8612
97.7033
104.088
99.5882
104.867
97.7823
104.728
99.6218
100.203
101.712
99.8824
103.234
100.209
101.603
99.8922
99.848
98.4655
98.7774
100.895
99.8546
98.7644
98.7842
98.5143
95.713
97.7863
100.203
98.5535
95.5399
97.7668
97.9961
97.2834
97.7332
98.1375
97.9543
103.227
97.6278
97.4105
97.1071
96.907
97.2432
97.3369
96.838
96.9049
97.0049
103.174
95.5724
98.0864
97.0002
97.6707
95.5223
95.8702
98.0737
95.9182
96.1956
95.8776
98.0493
95.9216
96.4094
99.1103
97.3664
97.9371
96.4214
99.0987
97.3678
97.4364
101.911
98.8442
99.4989
97.4367
101.76
98.8344
97.8065
103.863
99.6871
102.047
97.7953
104.161
99.7637
100.225
101.678
99.8958
102.689
100.2
99.7023
99.8856
99.8591
98.7089
98.7843
100.811
99.8535
98.8061
98.7795
98.5285
94.6355
97.7963
99.4461
98.536
109.32
97.8071
97.9735
102.692
97.6988
99.1787
97.9885
104.286
97.6144
97.4397
96.8139
96.9091
97.4224
97.3607
97.1647
96.9038
97.0043
96.2885
95.4491
97.2053
96.9949
95.1446
95.4315
95.8732
98.0471
95.9295
97.4096
95.9496
98.0707
95.9601
96.4274
99.0949
97.3731
97.9821
96.4221
99.1252
97.3717
99.4292
103.403
102.307
99.0679
99.9249
103.478
101.011
100.004
99.3791
100.447
99.5324
100.445
99.9648
99.4042
95.0081
97.2432
95.4443
96.6871
95.0167
97.2433
95.4531
107.281
105.351
103.362
105.181
103.073
85.8362
109.287
102.075
101.652
108.187
109.802
101.391
104.222
102.117
95.5836
98.4372
95.8934
97.1578
95.5923
98.4106
95.9031
102.114
96.4658
98.8905
114.834
101.863
97.0072
98.7866
100.746
101.544
101.037
102.375
101.55
98.1393
100.973
95.8652
99.1597
95.9921
98.1097
95.8742
99.1179
96
98.1503
102.058
99.3905
96.6869
96.8217
100.746
98.7611
100.426
101.192
101.663
101.693
100.396
99.775
104.351
95.8939
99.0268
95.4946
99.4818
94.8049
98.9916
95.5025
97.1203
94.2648
101.236
95.7736
97.3234
93.2538
104.176
98.1763
98.3168
96.5898
97.2858
98.2886
96.6093
98.16
95.5077
97.8853
94.6783
98.6518
95.5179
97.892
94.6835
95.9949
92.5168
98.9745
106.912
100.553
90.5338
96.8752
98.1985
97.9441
99.5518
99.6477
98.0898
100.931
97.9452
94.6118
97.652
94.5741
97.9989
94.616
97.6798
94.5846
96.9238
96.9042
97.2468
94.7956
97.3725
97.1055
97.7662
98.1606
97.3845
98.8069
97.6192
97.3438
98.0745
97.8006
94.2728
96.7174
94.0563
97.7267
94.2819
96.7513
93.6643
97.4697
100.288
95.2844
97.2012
97.043
97.2078
93.9496
96.883
97.1056
98.1893
97.2004
97.0338
98.4247
96.7083
93.6082
94.7825
93.5725
96.0432
93.6143
94.6297
93.5798
97.0819
100.661
98.118
97.3862
97.0013
100.347
97.9819
96.8592
96.7813
98.2719
96.4271
96.7774
97.3608
96.8494
93.5823
95.0418
93.8714
94.9315
93.5899
95.0376
93.8792
98.097
96.6771
99.0047
98.8006
98.235
96.7495
99.0727
98.1034
97.8502
98.4794
98.4234
97.8754
98.4956
98.0845
94.2264
96.1727
94.6183
95.7357
94.2345
96.1728
94.6265
99.2751
105.607
101.038
99.162
99.4211
102.622
100.972
99.9799
99.4116
100.473
99.5116
99.9879
100.497
99.4148
95.0157
97.2444
95.4522
96.6867
95.0155
97.2451
95.452
102.943
84.8344
108.836
105.41
102.766
73.6271
106.186
101.961
101.394
104.069
110.098
101.93
101.392
104.303
95.5911
98.4607
95.9027
97.1579
95.5905
98.4408
95.9026
103.608
102.023
98.5336
101.375
101.999
101.178
99.3456
101.03
101.594
103.794
103.664
101.089
101.619
103.837
95.8726
99.11
95.9973
98.091
95.8724
99.1073
95.9972
96.9009
100.312
97.8131
106.451
109.195
101.336
97.3307
100.989
100.281
103.198
100.85
101.067
100.386
103
94.8194
99.1385
95.5004
99.4938
94.8629
99.0367
95.5012
96.9809
101.792
96.6422
95.8038
96.9892
96.6336
95.6629
98.0898
98.3035
96.6231
103.69
98.0584
98.2982
96.8674
95.5159
97.8919
94.6793
98.6509
95.5159
97.887
94.6792
100.234
95.2908
98.5388
95.8574
102.986
95.8827
96.7588
97.6188
97.9118
99.6267
101.097
97.5564
97.9422
99.0462
94.6122
97.6856
94.5824
98.0009
94.6127
97.6914
94.5824
97.8467
97.1972
97.752
94.8813
95.4443
96.483
97.3583
96.8904
97.3985
97.2228
97.327
97.0723
97.3595
97.2784
94.2796
96.7567
93.6626
97.6838
94.2787
96.7651
93.6617
97.0281
97.2722
98.1312
97.5171
99.1177
97.4983
100.599
97.1099
97.1001
98.1857
97.0505
96.9657
97.1004
97.8871
93.6095
94.612
93.5806
96.0861
93.6067
94.5461
93.5818
96.9444
100.09
97.9016
98.727
96.9434
100.114
97.7151
96.8708
96.7596
97.5567
96.3076
96.8687
96.6835
97.3837
93.5888
95.0341
93.8784
94.892
93.5886
95.0341
93.8784
98.1824
96.7328
99.0786
98.4941
98.2102
96.7418
99.2122
98.0994
97.8603
98.4927
98.8448
98.1069
97.8978
98.5022
94.2334
96.1728
94.6254
95.7359
94.2332
96.1727
94.6254
99.4823
104.729
103.788
99.014
99.654
103.938
102.177
99.9734
99.4037
100.506
99.5078
99.9654
100.538
99.4002
95.0164
97.2447
95.4526
96.6865
95.0076
97.2441
95.4436
105.868
92.9664
106.121
108.859
104.307
91.4277
108.797
102.474
101.397
104.191
118.727
102.347
101.391
105.917
95.591
98.4278
95.9036
97.1636
95.5815
98.4251
95.8945
101.881
99.514
99.0608
100.447
101.226
100.515
99.5455
101.306
101.7
102.687
103.19
101.212
101.721
102.284
95.8737
99.1136
95.9998
98.2223
95.8648
99.1421
95.9913
110.78
101.689
98.8975
101.203
108.847
99.8905
99.2139
100.194
100.047
100.334
100.707
100.109
99.9943
100.319
94.8748
99.1055
95.504
99.4527
94.8671
99.0278
95.4945
96.924
98.8648
95.5605
110.152
100.083
101.131
96.5193
98.1734
98.2638
100.565
100.014
98.1376
98.7553
99.4881
95.5177
97.887
94.6836
98.6145
95.507
97.8803
94.6777
100.368
95.1828
96.5961
105.37
103.104
112.656
96.5314
97.8682
97.8221
104.036
99.7405
97.8308
97.8398
103.675
94.6169
97.69
94.5845
97.9977
94.613
97.6636
94.5738
95.678
96.3078
97.2576
94.7519
95.0061
96.5852
100.109
96.9349
97.3241
96.7829
97.466
96.8967
97.3447
96.7702
94.2809
96.7593
93.6629
97.6923
94.272
96.7191
94.0586
100.354
97.2997
97.301
97.5107
100.394
97.1949
75.0952
96.9599
97.1362
98.2772
96.9631
96.7871
97.3019
97.9385
93.6098
94.5442
93.5815
96.0664
93.6059
94.6258
93.5725
97.1931
100.115
97.7148
97.6573
97.1009
97.1267
97.7965
96.8858
96.8551
97.3998
98.383
96.8965
96.6757
97.3746
93.5895
95.037
93.8795
94.9156
93.5818
95.0397
93.8719
98.2155
96.4717
99.3097
98.2367
98.0677
91.2423
99.3912
98.0769
97.8421
98.6733
98.1279
98.0165
97.8284
98.5256
94.2341
96.1724
94.6265
95.736
94.2258
96.1722
94.6184
99.3608
98.7869
98.0592
97.4421
98.0688
99.4249
98.7171
100.427
101.113
101.14
101.875
101.112
101.21
100.45
99.5581
97.9833
100.028
98.866
97.9882
99.9787
99.6841
99.986
99.5292
99.4068
100.448
100.429
100.007
99.4101
99.2883
97.4361
98.6862
98.0599
98.0612
99.3247
98.6917
100.494
101.904
101.175
101.086
101.123
101.162
100.625
99.6065
98.8646
97.9674
99.9198
97.9669
99.9297
99.7487
100.707
98.4392
99.7288
97.7506
98.4359
99.6764
100.734
101.666
108.481
101.38
104.801
103.135
101.377
101.628
101.046
100.015
101.156
99.7655
99.9712
101.177
100.997
101.989
103.864
101.369
103.985
101.382
104.285
101.942
100.647
97.6805
98.7159
99.6198
98.7128
99.6452
100.681
101.684
104.167
103.893
101.375
103.347
101.366
101.535
101.157
99.7886
99.6182
101.108
99.9367
101.19
100.742
100.858
101.186
100.508
100.178
101.206
100.499
100.883
100.106
102.126
99.904
100.16
102.653
99.909
100.206
100.167
100.164
100.115
99.8919
100.205
100.123
100.138
100.979
102.33
101.593
104.164
101.571
105.153
100.793
100.865
100.195
101.206
100.471
101.215
100.469
100.861
100.06
102.041
101.828
99.7614
101.635
99.9338
100.018
100.174
99.8921
100.16
100.142
100.184
100.137
100.175
99.6221
99.9167
99.6269
99.8518
99.923
99.6458
99.6783
99.7318
108.505
98.5284
98.3649
100.738
98.5067
101.905
99.6792
99.3656
98.7505
98.797
99.3666
98.6622
99.6118
100.566
102.158
100.286
97.9583
100.528
116.217
100.513
99.6061
99.853
99.8621
99.6542
99.9189
99.653
99.759
99.8133
98.4645
100.548
98.4996
100.845
98.5276
100.394
99.537
98.8238
99.3686
98.6535
99.3658
98.6649
99.7
98.2252
98.4609
98.1937
98.5496
98.465
98.1958
98.2576
97.0309
97.4806
97.9868
96.2117
97.2522
97.8101
96.9829
97.9086
98.0357
97.8988
97.7552
97.9973
97.8858
98.0064
98.0679
97.2732
98.3201
97.5347
98.2829
100.321
98.0462
98.2275
98.6569
98.4437
98.1781
98.4556
98.2094
98.2401
97.0408
96.1938
98.447
97.8267
97.575
97.813
97.3678
97.9219
97.7638
98.0223
97.8825
98.017
97.8936
97.9295
98.1469
98.0993
97.6646
97.9385
98.0574
97.6547
98.1444
97.8964
99.6352
97.8654
97.8101
98.9408
97.857
97.9434
98.3068
97.7379
97.7888
97.628
97.7294
97.7888
98.2963
98.0631
97.8916
97.9745
99.6165
97.8128
100.016
97.6955
98.1162
97.9605
98.0715
97.636
98.0683
97.7007
98.0912
98.016
97.5488
99.6852
97.8669
99.8866
97.8656
97.9911
98.2533
97.6308
97.8397
97.7856
97.7589
97.7875
98.3017
97.1879
97.4752
97.1585
97.3362
97.4286
97.158
97.2068
97.0902
97.1035
96.7802
97.2353
97.1144
96.778
97.0823
97.1909
97.2475
96.9743
96.9176
97.2645
96.9528
97.1978
97.5458
97.5179
97.3624
99.8361
97.3844
100.878
97.1916
97.1932
97.3286
97.4549
97.1461
97.4264
97.1574
97.2409
97.0408
96.9925
96.8564
96.7787
96.905
96.7671
97.0858
97.1854
96.9165
97.2576
96.945
97.272
96.9606
97.1927
96.7986
97.1005
96.6037
97.0076
97.1
96.6302
96.8123
97.2921
103.632
95.6342
95.6895
103.467
95.8046
98.5607
97.18
96.1084
96.2845
95.5232
96.0726
96.2985
97.1821
96.9567
97.211
97.0984
98.2422
97.0846
97.6139
96.9658
96.7969
97.0108
97.1081
96.6011
97.1007
96.6347
96.7948
97.2019
95.0677
102.264
97.1644
102.857
95.8036
97.8211
97.1618
95.5525
96.3677
96.2661
96.0122
96.2981
97.1369
96.5276
96.6249
96.0632
95.9385
96.6403
95.9815
96.5115
97.2834
97.9233
97.6264
98.1564
97.8965
97.6249
97.302
97.0511
96.2502
97.1685
95.9633
96.0404
97.1346
97.1829
96.8598
96.4159
96.794
97.1909
96.7837
97.2651
96.8722
96.545
95.9074
96.6441
95.975
96.6469
95.945
96.5402
97.3131
98.1095
97.8395
97.5984
97.8376
97.6246
97.3161
97.1045
95.962
96.064
97.0955
96.0617
97.1325
97.115
97.8548
97.7505
96.6537
96.4127
97.7064
96.6563
97.9177
97.9743
98.2279
99.3302
99.1062
98.2461
97.946
99.3413
97.721
96.7206
98.7209
97.379
96.7271
97.8028
98.6082
98.1174
98.5665
97.8504
98.4877
97.8715
98.4862
98.1329
97.7968
96.4007
97.678
96.655
97.6944
96.6519
97.7712
97.9929
99.1014
98.2475
99.3604
98.253
98.0104
99.354
97.6873
97.3736
96.7184
98.5681
96.7197
97.6627
98.5736
99.3323
98.6753
98.0595
97.429
99.3303
98.0619
98.6722
100.751
101.165
101.304
101.885
100.531
101.193
101.127
99.7565
97.9964
100.129
98.8602
99.5203
98.0067
99.9273
99.9878
99.5064
99.4146
100.505
100.508
99.9745
99.4162
99.3226
97.4292
98.6834
98.0651
98.0639
99.3187
98.6778
100.509
101.896
101.25
101.133
101.214
101.13
100.594
99.5367
98.8802
97.946
100.002
97.9739
99.9564
99.5796
100.659
98.8025
99.6
97.7379
100.688
98.8488
99.626
101.709
103.769
101.389
103.832
101.508
103.836
101.429
100.898
99.4824
101.116
99.679
100.587
99.9161
101.238
102.165
104.884
101.414
103.839
101.414
104.154
102.059
101.033
97.7606
98.9962
99.5237
98.9205
99.72
100.692
102.258
105.269
106.162
101.494
104.192
101.46
102.289
101.17
99.6097
99.9386
101.163
100.03
101.201
100.887
100.816
101.205
100.493
100.194
100.838
101.204
100.491
100.131
102.745
99.7622
104.373
99.8211
105.106
99.9492
100.336
100.15
100.166
99.886
100.182
100.138
100.168
101.008
103.634
101.677
104.787
101.667
104.386
101.041
100.788
100.192
101.158
100.426
101.183
100.479
100.76
99.5564
101.227
98.2458
99.8979
98.0007
99.8814
99.5851
100.447
99.8909
100.129
100.176
100.129
100.178
100.371
100.192
99.8887
99.663
99.8491
99.9019
99.9133
99.6745
100.83
99.7161
98.5313
98.8178
100.191
100.375
98.5052
99.2232
99.37
98.6503
98.7822
99.3357
99.3746
98.7027
100.833
100.922
100.307
102.429
100.403
100.095
100.656
100.499
99.8507
99.9528
99.6482
99.9319
99.6686
99.685
99.9894
98.8162
99.7173
98.5063
106.454
98.4969
100.132
99.163
98.7986
99.3596
98.6928
99.3717
98.6722
99.3269
98.2476
98.503
98.2167
98.5355
98.2385
98.4719
98.1857
98.0948
96.6312
97.8336
95.6521
98.2255
96.5473
97.8545
97.9665
98.0433
97.886
97.7515
98.0124
98.0489
97.9008
98.1044
99.1134
98.2299
97.1455
98.2575
96.5671
98.1055
98.2455
98.5756
98.4776
98.1923
98.4783
98.217
98.2493
98.0194
95.5593
96.3653
98.1114
96.409
97.934
97.9702
97.9679
97.7993
98.0574
97.9036
98.0797
97.9039
97.9723
98.1073
98.0719
97.6948
97.9474
98.1148
98.0776
97.65
97.9084
99.8165
97.9654
98.8789
97.9975
98.0386
98.3362
98.3245
97.7366
97.7926
97.6294
98.2814
97.7021
97.8136
97.6989
100.518
97.8483
113.65
97.84
99.1996
97.7373
98.1008
97.9745
98.0771
97.6344
98.0821
97.6928
98.088
97.9138
97.4457
107.896
98.5731
98.4165
97.7926
97.9546
98.3189
97.6033
97.8342
97.8373
97.732
97.8087
98.3176
97.2141
97.4508
97.1464
97.3302
97.2137
97.4652
97.1509
97.0408
97.0245
96.7448
98.5625
97.0131
96.9398
96.7588
97.2199
97.2536
96.9402
96.9032
97.2218
97.2628
96.9558
96.8932
97.3547
97.3483
98.1255
97.3679
97.7598
96.9341
97.2188
97.4594
97.4536
97.1434
97.4548
97.1534
97.2169
97.0868
96.8727
97.0899
96.7663
97.1265
96.7579
97.0792
97.1951
96.9031
97.2384
96.9531
97.2604
96.951
97.214
96.7884
97.0982
96.5364
97.002
96.7946
97.0938
96.544
97.2336
102.155
98.8247
98.0655
97.3225
102.286
97.9337
97.1508
95.6019
96.2338
95.5715
96.9504
96.1099
96.2338
96.9
97.3485
97.1055
97.8111
97.1035
98.1191
96.8274
96.7979
97.0012
97.0932
96.598
97.0893
96.5914
96.7918
97.1046
98.0265
106.354
96.1552
107.233
100.012
98.1238
96.967
95.5791
96.0776
96.1861
96.3095
96.2287
97.2011
96.4869
96.6407
95.9305
95.8904
96.5193
96.6354
95.9087
97.3292
97.7519
97.5935
98.0585
97.3257
97.7976
97.6112
97.1426
96.0685
97.1069
95.9063
97.1529
96.0525
97.1575
96.8896
96.243
96.6167
97.5212
96.6259
97.7476
96.8943
96.5206
95.9029
96.622
95.9584
96.6349
95.9731
96.5128
97.3307
98.061
97.6896
97.5837
97.7127
97.6045
97.3523
97.1316
95.9152
96.0362
97.1379
96.015
97.1416
97.1871
97.7848
97.6464
96.6531
96.4187
97.7782
97.6189
96.6556
97.9544
98.2541
99.3641
99.1066
97.9888
98.2712
99.3704
97.6828
96.7144
98.5627
97.3656
97.6618
96.7153
98.5652
98.1118
97.9729
97.8471
98.5426
97.8618
98.5191
98.0625
97.7858
96.4217
97.6107
96.6571
97.6125
96.6567
97.7824
97.9095
99.1017
98.3176
99.3738
98.2987
97.8693
99.3755
97.7156
97.3661
96.7197
98.5699
96.7177
97.7411
98.5666
99.2993
98.691
98.0676
97.4379
99.3193
98.0652
98.695
100.801
102.575
101.238
104.121
100.838
101.919
101.335
99.647
97.9356
100.071
98.8504
99.6382
97.9345
100.048
99.9627
99.5014
99.3762
100.55
100.537
100.043
99.3842
99.2819
97.4446
98.805
98.0634
98.0703
99.4271
98.7092
100.555
101.815
101.503
101.161
101.542
101.272
100.432
99.6625
98.8576
97.9555
100.071
97.9511
100.064
99.7347
100.935
99.0506
99.8225
97.8121
101.19
99.0634
99.6514
102.386
104.192
101.538
103.863
102.34
104.204
101.551
100.894
99.8919
101.175
99.7138
100.821
99.8726
101.186
102.372
101.349
101.382
102.655
101.383
103.196
102.339
100.864
97.8125
99.0847
99.6943
99.0312
99.5929
100.726
102.416
104.388
104.782
101.614
103.992
101.573
102.461
100.926
99.7355
100.096
101.154
99.9041
101.179
100.911
100.795
101.153
100.395
100.227
100.762
101.169
100.406
99.5932
98.5046
99.8936
100.142
99.6785
98.6376
99.8391
100.328
100.106
100.191
99.8979
100.301
100.145
100.173
101.41
102.669
101.825
104.466
101.745
102.209
101.528
100.794
100.211
101.16
100.435
101.176
100.396
100.808
99.6394
99.7474
98.8761
99.8405
98.8759
99.8341
99.6304
100.316
99.8983
100.139
100.172
100.183
100.171
100.292
99.3584
99.9526
99.6425
99.8605
99.457
99.9657
99.6612
104.609
98.76
98.5293
98.7263
99.5285
100.345
98.5418
99.578
99.3617
98.7003
98.7852
99.3062
99.374
98.7009
100.77
100.756
100.087
99.9509
100.235
100.61
100.51
99.4099
99.8601
99.9674
99.6566
99.969
99.669
99.4215
98.7194
99.1066
99.2097
98.5358
99.5043
98.5125
97.5129
99.3992
98.793
99.3765
98.7152
99.3797
98.7041
99.4013
98.2349
98.476
98.2414
98.5318
98.2396
98.48
98.1988
98.4189
100.527
98.1254
99.6207
98.131
100.005
98.1833
97.9775
98.0884
97.9148
97.7754
97.9754
98.0577
97.899
98.1925
100.322
98.8555
102.085
99.112
106.122
98.2651
98.3055
98.5453
98.5042
98.1983
98.576
98.1954
98.2776
98.5798
115.039
110.013
98.4172
118.839
98.2724
98.8584
97.9779
97.7802
98.1085
97.9242
98.0623
97.9143
98.0062
98.1212
98.0809
97.7095
97.9407
98.0964
98.0736
97.6473
98.0457
112.347
97.6922
110.457
98.0096
102.477
97.9166
98.2119
97.7509
97.8084
97.6176
98.2342
97.7565
97.8101
97.9067
99.3554
97.8858
107.022
97.8615
103.684
97.909
98.1397
97.9462
98.0716
97.6871
98.073
97.6491
98.1443
98.0424
102.15
111.244
98.0179
102.416
98.0867
98.1567
98.2571
97.615
97.7703
97.8355
97.7752
97.8194
98.2144
97.208
97.4575
97.1481
97.2862
97.2137
97.4774
97.146
97.1178
97.1141
96.8077
96.8757
97.1167
96.9223
96.7894
97.2158
97.2299
96.9627
96.9092
97.2194
97.2393
96.967
96.9481
97.4053
97.4431
96.9132
97.269
96.8298
96.9341
97.2114
97.4123
97.4672
97.1615
97.4446
97.1561
97.2498
97.1282
97.4574
97.296
96.7897
96.929
96.7871
97.134
97.2235
96.9113
97.2395
96.9585
97.2472
96.9556
97.226
96.7892
97.0913
96.4963
97.0079
96.7872
97.1016
96.4366
97.7966
107.293
96.7474
95.4482
97.7764
109.451
93.195
97.3516
95.7239
96.1557
95.4632
96.9224
96.5084
96.1581
97.1397
96.9704
97.1106
99.1794
96.9517
97.4979
98.0681
96.7769
97.006
97.1121
96.6092
97.1275
96.5502
96.7866
97.1631
95.0807
111.849
92.4394
110.893
92.703
98.9657
97.3944
95.4649
95.9948
96.1461
95.8951
96.158
97.4024
96.5029
96.6275
95.9677
95.8777
96.5118
96.6389
96.0006
97.3825
97.7206
97.571
98.0431
97.3707
97.7293
97.5862
97.1903
96.0725
97.1282
95.9402
97.1946
96.1122
97.1115
96.8818
97.2737
96.6947
98.7804
96.7378
97.1529
96.8656
96.4844
95.9019
96.6405
96.0903
96.6471
96.0384
96.4917
97.3924
98.0467
97.7098
97.6022
97.7246
97.6004
97.3808
97.1784
95.9547
96.1938
97.1337
96.1525
97.1131
97.1448
97.7701
97.6005
96.6619
96.4292
97.7664
97.6087
96.6604
97.8217
98.3525
99.3689
99.092
97.8409
98.403
99.3674
97.74
96.7217
98.5793
97.375
97.7465
96.7243
98.5896
98.1182
97.9827
97.8406
98.5128
97.8327
98.5122
98.0942
97.816
96.432
97.7153
96.6577
97.6464
96.6628
97.9246
97.7433
99.0931
98.4322
99.3649
98.4112
97.7199
99.3678
97.8017
97.3805
96.7256
98.7323
96.7323
97.894
98.6237
99.3789
99.4654
99.4035
97.7187
97.4986
97.4351
97.7997
98.2699
98.6407
98.2821
97.8353
98.0225
97.9835
97.8462
97.8377
98.0044
97.85
97.3604
97.7031
97.7114
97.3584
97.3514
97.6424
97.3718
96.0367
96.9674
96.8454
96.1302
99.454
99.488
99.4666
97.6149
97.3819
97.631
97.3746
98.2848
98.6543
98.287
97.8131
97.9264
97.8163
97.9124
97.8607
97.9979
97.863
97.363
97.7265
97.3642
97.7272
97.372
97.6656
97.3736
96.0012
96.748
96.0157
96.8192
99.4374
99.4853
99.4306
97.7043
97.3797
97.6816
97.3874
98.2884
98.639
98.2882
97.8283
97.9393
97.8213
97.9558
97.865
98.0083
97.8653
97.3644
97.7263
97.3645
97.7215
97.3483
97.6906
97.327
95.9772
96.8063
96.0297
96.8934
100.605
99.6183
100.176
103.677
101.378
104.951
103.457
99.3996
100.657
100.043
102.942
99.5713
102.555
99.9988
99.2539
99.0577
99.2744
97.9979
98.1088
98.0376
98.0836
99.4754
99.4403
99.4188
97.6745
97.392
97.4046
97.6519
98.9912
99.2979
99.2878
97.9584
97.9988
97.9319
97.9236
98.1007
97.8949
98.1106
97.8714
97.5685
97.5751
97.8636
98.6482
98.2838
98.2823
97.8275
97.9392
97.954
97.8221
97.893
98.1086
98.1083
97.8774
97.5812
97.5799
97.8787
97.932
97.666
97.945
97.3748
97.0351
97.0057
97.3756
98.0011
97.8548
97.8513
97.3629
97.7225
97.7179
97.3629
97.6722
97.9476
97.9463
97.3742
96.9458
96.9737
97.3736
97.2135
96.7322
97.2263
95.6374
95.031
94.9549
95.6996
97.7396
97.3595
97.3635
96.0056
96.8394
96.9729
96.0047
96.7431
97.2448
97.237
95.6095
94.9219
94.9322
95.5879
98.2291
99.0676
98.2774
99.4525
101.084
100.068
100.435
99.0307
97.9021
98.0588
99.3296
100.395
99.4079
100.478
99.9156
99.3045
99.9721
102.273
99.5336
102.38
99.5328
99.3886
100.139
100.082
102.191
99.7193
105.372
99.5313
99.2887
99.0809
99.2843
97.9456
98.2585
97.913
98.0476
99.4904
99.4493
99.4595
97.6166
97.3735
97.3724
97.6536
99.0687
99.2667
99.2776
97.9744
98.0549
98.0129
97.971
98.1106
97.8909
98.1123
97.8798
97.581
97.8792
97.5816
98.6545
98.2895
98.2895
97.8128
97.9225
97.9099
97.8156
97.889
98.1137
98.1131
97.8798
97.5823
97.5815
97.8812
97.9484
97.6893
97.9475
97.3686
96.9307
97.3698
96.9305
97.9976
97.8642
97.8635
97.3637
97.7281
97.7283
97.3635
97.6913
97.9472
97.9473
97.3681
96.9349
96.9322
97.3714
97.2431
96.765
97.2422
95.5773
94.9149
95.58
94.9119
97.6911
97.3527
97.3683
96.0063
96.7801
96.8816
96.0132
96.7673
97.2455
97.2452
95.5837
94.9149
94.9121
95.5754
97.6596
99.1439
98.0917
96.4661
100.438
99.4408
100.487
99.2086
98.8306
98.0079
100.414
100.574
99.84
100.816
105.325
99.5263
103.048
108.686
99.7858
104.27
99.8385
99.6074
102.736
102.662
100.422
100.174
100.432
99.9772
99.2577
99.0116
99.2541
97.9658
98.2161
97.961
97.9878
99.4752
99.3762
99.4123
97.7364
97.4957
97.4198
97.8381
99.0366
99.2295
99.2441
98.0008
98.115
98.0238
98.0915
98.1166
97.8889
98.1201
97.8744
97.5803
97.879
97.5786
98.6322
98.275
98.2882
97.8348
98.0199
97.9835
97.8437
97.8911
98.1084
98.1206
97.8678
97.568
97.5735
97.8633
97.9466
97.6863
97.9464
97.3735
96.9484
97.3723
96.9753
98.0092
97.8521
97.8643
97.3621
97.7051
97.7141
97.3602
97.6792
97.934
97.9465
97.3734
97.0378
97.0064
97.3749
97.2413
96.7501
97.2312
95.5969
94.9219
95.5889
94.9255
97.6195
97.3296
97.3561
96.0351
96.9458
96.8119
96.1239
96.7357
97.2115
97.2342
95.6368
95.027
94.9552
95.6916
99.231
99.3249
100.977
100.293
100.935
99.8557
102.287
99.4906
97.2745
97.2361
100.672
103.595
120.988
103.227
95.4719
96.0639
95.5458
94.5685
94.6612
94.6015
94.6642
95.4894
96.0696
95.4312
94.5773
94.6632
94.5523
94.6569
98.6892
99.1001
98.664
97.711
97.3015
97.7056
97.303
99.1031
98.7116
98.6723
97.7028
97.298
97.3019
97.6856
96.0763
95.6304
95.6285
94.5452
94.6634
94.6647
94.5375
95.6779
96.0642
95.6377
94.6021
94.7179
94.6717
94.5812
98.7889
99.1435
98.7374
97.7274
97.3507
97.3162
97.6973
99.1349
98.6912
98.6839
97.7236
97.3003
97.2987
97.7078
96.0604
95.5038
95.5925
94.6126
94.6577
94.6566
94.6198
98.6651
99.1129
98.6749
97.7148
97.2949
97.6944
97.2898
99.1213
98.7888
98.7436
97.7165
97.3422
97.3086
97.6792
96.0679
95.6814
95.5715
94.5864
94.7129
94.6694
94.5654
94.6519
95.1801
94.9831
94.4828
94.282
94.2828
94.4747
94.7617
94.5934
94.9138
94.5041
94.2777
94.4834
94.277
94.5629
94.9927
94.9049
94.5135
94.2801
94.2779
94.5183
94.8041
94.5751
95.22
94.4852
94.2851
94.5117
94.2862
95.0934
94.6873
94.9727
94.4937
94.2769
94.2853
94.4894
94.5798
95.0416
95.0515
94.4879
94.2789
94.2884
94.4923
98.3434
98.0752
98.3331
97.4949
97.4599
97.4941
97.4566
98.3841
98.1146
98.4371
97.4805
97.4588
97.4933
97.4574
98.1364
98.346
98.3775
97.4933
97.4643
97.4652
97.4952
98.0835
98.3509
98.3435
97.4996
97.4552
97.4565
97.4954
98.5117
98.1643
98.4215
97.4983
97.4555
97.4677
97.488
98.15
98.5956
98.4632
97.4805
97.45
97.4611
97.4745
102.742
93.7431
100.166
103.289
101.512
95.1992
99.0707
96.9717
100.051
101.564
99.4866
97.4594
99.8382
100.549
98.9394
98.1825
98.3993
101.089
98.9912
98.141
98.3941
93.3745
89.666
114.069
102.949
98.5804
91.1502
111.354
95.9731
97.3167
96.7666
96.7409
95.9159
97.4239
97.166
104.691
96.9018
98.3385
96.96
103.993
98.1269
100.193
104.762
96.4537
99.7271
103.732
99.578
100.453
98.7835
98.4751
97.0971
99.0175
97.6403
98.771
99.3882
103.322
98.6257
101.79
98.704
100.944
99.4623
98.4805
98.8861
98.8435
109.129
98.8885
105.113
99.9167
104.428
98.9102
95.7223
151.613
92.191
119.262
96.8307
139.715
91.7402
95.9392
140.941
92.6004
126.561
99.0759
150.816
91.4297
98.6875
98.0401
97.2041
100.127
95.0063
98.0799
97.3432
98.2816
98.4075
97.2755
101.526
97.7629
98.3233
98.8577
94.4613
98.9002
97.2114
98.583
94.4096
98.9855
97.0789
101.439
180.525
94.4024
92.701
103.503
127.724
95.9128
86.8307
92.8115
91.9966
88.7018
87.3243
104.844
94.1717
102.085
106.544
92.803
110.161
107.912
100.381
104.825
91.7813
95.666
95.0207
93.293
92.0556
95.8238
96.314
92.6219
96.2937
94.9323
92.8053
91.7945
95.7889
95.4469
89.0492
88.4184
89.4676
91.7184
88.815
87.9263
89.2095
97.1964
84.569
91.353
106.864
88.5321
84.3791
91.4522
104.113
47.8339
-5.33638
92.4736
68.2062
58.1947
19.6511
94.2848
99.7342
101.214
88.3624
124.904
87.9794
94.6973
94.8162
85.5148
91.9372
90.1541
91.7355
89.4781
91.9993
67.4219
58.3911
28.2121
104.281
88.5947
69.2099
36.2185
92.0318
92.4377
94.2802
94.1667
93.0793
93.3477
94.1373
121.465
84.6183
93.5822
99.7567
107.713
84.6132
94.4118
96.4459
94.8302
104.998
93.5583
95.9569
94.598
98.8107
94.4037
91.3767
85.0035
96.1668
92.7849
91.2936
97.2848
91.8869
90.2018
94.8124
114.165
93.2701
94.2642
94.5117
95.3865
93.9686
91.6046
94.4525
105.742
105.192
92.8595
100.946
104.527
97.7283
103.44
102.572
101.515
97.7357
99.7296
100.515
97.5845
98.5438
100.909
99.9688
97.3452
97.2127
100.393
98.3353
96.0519
97.4692
99.8363
97.9331
94.7904
96.3358
95.6023
113.975
107.247
96.1836
107.953
92.2733
88.8913
92.4342
83.6968
91.7542
91.8558
93.5024
107.438
112.535
107.472
101.849
134.662
115.209
118.447
100.644
114.277
108.76
114.83
95.3689
113.602
108.05
78.5058
106.033
98.9043
98.7415
89.7555
97.5754
94.4918
97.1464
96.038
97.2714
100.071
97.8247
96.99
97.2598
98.0582
98.6054
98.4807
96.9577
98.651
98.6655
96.642
109.1
113.128
-10.7651
82.4985
104.748
111.338
454.35
88.305
87.8008
88.3745
92.4424
87.3445
87.9103
87.4424
86.8005
91.2963
93.4993
85.7817
87.0122
87.1165
94.658
92.2961
93.3292
92.1172
93.4838
92.2958
93.3289
92.117
95.3399
95.4139
94.5377
94.6116
95.3397
95.4133
94.5374
95.3402
94.6118
95.4129
94.5382
95.4133
94.5376
95.3408
92.2871
93.3314
92.1059
93.4844
92.2963
93.3292
92.118
92.2958
93.3285
92.1175
93.484
92.2863
93.3307
92.1052
95.3419
94.6166
95.418
94.5415
95.4176
94.5417
95.3421
95.3436
95.417
94.5423
94.618
95.3435
95.4185
94.5426
92.7205
93.6785
92.4371
93.9673
92.7203
93.6775
92.4375
95.6492
94.9208
95.4881
94.6789
95.65
94.9201
95.488
95.6485
94.6788
94.9206
95.4878
94.92
95.4877
95.6491
92.72
93.6778
92.4375
93.9667
92.7099
93.6804
92.4249
95.6536
94.9245
95.4902
94.6843
95.6526
94.9251
95.4893
92.7108
93.6814
92.4259
93.9676
92.7207
93.6788
92.438
95.654
94.684
94.9248
95.4909
94.9255
95.4918
95.6532
95.3575
95.5157
94.5353
94.6213
95.4375
94.5462
95.4181
95.3585
94.6225
95.5182
94.5365
95.4379
94.5473
95.4202
95.673
94.6884
94.9191
95.5781
94.9293
95.5089
95.742
95.6727
94.9196
95.58
94.6887
94.9297
95.5081
95.7434
101.739
99.4746
99.8468
105.229
102.165
100.685
107.536
97.5084
115.84
114.076
99.0205
92.8454
90.7753
104.877
97.7942
109.698
97.9223
101.255
94.708
94.4972
118.425
97.5347
117.08
94.497
109.136
91.7895
112.543
106.046
96.1746
96.9263
97.552
98.3369
96.0911
97.4544
98.4793
102.576
99.5454
99.324
101.591
102.906
97.3379
115.7
95.2
94.8868
95.2177
94.7089
94.4097
94.7057
94.4073
94.8767
95.2235
95.2266
94.7119
94.4029
94.4046
94.7128
95.2239
94.9059
95.2284
94.7105
94.4073
94.7139
94.4077
93.7798
85.6561
95.3838
114.473
93.4246
84.568
99.244
99.9489
98.4404
99.9604
104.826
105.548
98.0667
98.5033
94.9207
95.1947
95.2035
94.702
94.4143
94.4124
94.7047
94.9119
95.2253
95.2273
94.7117
94.4027
94.4115
94.7022
95.2196
94.9125
95.2116
94.7057
94.4016
94.4132
94.6988
98.4706
98.3091
98.2907
97.3264
97.5583
97.5637
97.3263
98.2824
98.4847
98.2788
97.3277
97.5569
97.3296
97.5613
95.1976
94.4314
95.2885
94.583
95.1978
94.4311
95.2874
98.316
98.4305
98.3128
97.3275
97.557
97.3298
97.5506
95.2013
94.582
94.4354
95.2887
94.4356
95.2876
95.1994
95.197
94.5832
94.4318
95.2886
94.4311
95.287
95.1974
95.1995
94.4356
95.2885
94.5822
95.1993
94.4362
95.2868
95.2156
94.4294
95.288
94.5851
94.4404
95.2868
95.269
95.7754
96.2214
95.0302
95.5168
95.7762
96.2198
95.0302
95.7751
95.5169
96.2211
95.0303
96.2196
95.0301
95.7753
98.4312
98.3106
98.3116
97.3306
97.5408
97.5525
97.3175
95.2151
94.585
94.4293
95.288
94.4406
95.2861
95.2676
98.3048
98.4073
98.3118
97.3379
97.5389
97.5469
97.3244
98.3885
98.2966
98.3085
97.3347
97.551
97.5443
97.3355
95.7793
95.5152
96.2218
95.0341
96.2207
95.0337
95.7774
95.7777
96.2212
95.034
95.5153
95.7763
96.2192
95.0339
95.7924
96.2235
95.0266
95.5184
96.2212
95.0385
95.831
95.7915
95.518
96.2225
95.0259
96.2199
95.0379
95.8298
99.6947
96.9099
96.5309
105.906
96.5446
97.6941
106.874
75.9304
104.251
104.21
98.3676
123.606
124.507
98.3787
85.9306
81.9011
99.1403
91.7022
84.7921
89.6803
92.0287
114.204
111
96.0225
88.2755
114.143
110.429
95.9082
100.869
98.882
110.597
103.058
100.729
94.9544
98.318
106.772
95.1218
92.8821
107.522
98.1085
98.6029
105.439
128.833
91.8135
116.73
119.078
93.0995
105.496
122.886
138.395
140.612
121.183
122.865
148.253
136.969
111.991
106.866
82.7269
121.924
130.24
100.56
108.533
80.2599
81.0252
103.881
100.739
127.137
78.6893
100.694
97.7286
107.726
93.9846
100.826
95.3486
94.4626
101.986
110.554
121.842
92.1308
116.682
114.79
103.671
101.171
114.653
130.395
103.558
129.863
94.6565
80.3518
80.6485
95.7117
100.01
98.4045
100.074
103.687
104.282
98.1552
98.1307
205.801
122.517
113.072
22.9811
205.474
121.392
111.088
92.9592
94.0952
92.8166
94.2466
92.9594
94.0952
92.8174
96.2181
95.6182
96.0346
95.5013
96.2284
95.6171
96.0755
113.334
103.619
85.7482
137.564
107.87
124.658
85.8167
105.031
135.972
85.5935
92.4017
106.992
90.6446
90.4396
96.2147
95.5011
95.6145
96.0553
95.6156
96.0932
96.2189
92.9599
94.0958
92.8179
94.2466
92.9495
94.0983
92.8058
96.2302
95.6174
96.0395
95.5017
96.2252
95.6163
96.0751
92.9481
94.097
92.8046
94.2475
92.9588
94.095
92.8167
96.2342
95.5011
95.6226
96.0472
95.622
96.0858
96.2348
102.032
85.1625
131.876
100.915
130.863
98.6117
101.901
91.8984
92.8029
91.6634
93.0227
91.8989
92.8027
91.663
94.6549
94.2802
94.8913
94.0951
94.8556
94.0958
94.6528
91.8884
92.8063
91.6528
93.0251
91.8988
92.8031
91.6645
101.14
96.2282
96.4524
107.213
137.564
132.807
109.825
94.6615
94.281
94.8992
94.0992
94.8571
94.0982
94.6577
94.6545
94.8994
94.0961
94.2807
94.6559
94.8596
94.0964
91.8986
92.8028
91.6636
93.0253
91.8872
92.8051
91.6516
96.2378
95.6099
96.0913
95.5062
95.6238
96.1009
96.2412
96.2366
95.5057
95.6107
96.0914
95.6207
96.0989
96.2412
94.6626
94.8947
94.0982
94.2805
94.6521
94.8634
94.097
94.6723
94.9133
94.0882
94.2836
94.8656
94.101
94.6751
94.6754
94.2828
94.9116
94.0872
94.8741
94.0998
94.6732
100.574
118.22
102.155
100.167
108.328
123.237
99.3109
101.459
156.547
98.7385
105.596
100.771
163.334
96.4892
99.0726
100.424
107.897
109.569
96.9245
100.005
114.308
110.498
86.4164
118.26
125.524
117.647
126.62
111.81
110.264
96.9049
100.45
108.202
99.7839
112.558
110.328
91.0882
105.1
87.7283
101.244
103.554
103.487
99.2836
89.7028
91.1143
92.3972
160.31
89.8724
93.4231
93.5436
137.599
106.903
86.4847
190.536
184.082
99.2548
97.7486
90.3783
156.91
88.6666
102.405
94.9409
93.3377
95.1949
103.47
99.1039
101.042
100.431
103.17
98.309
95.1063
97.4398
102.394
100.454
97.2605
99.303
97.4123
108.392
103.463
103.135
103.983
104.451
104.565
106.495
110.645
100.501
102.258
104.379
102.446
102.536
104.798
105.757
58.5189
97.6563
92.7524
71.438
71.8599
91.0469
93.1753
123.035
98.3969
95.475
102.012
95.8104
104.053
114.004
91.6143
105.011
97.0853
92.092
98.1454
99.8795
101.008
105.002
104.7
95.2222
90.7173
89.9828
111.531
111.511
95.0495
95.9702
95.0648
92.6204
92.5723
91.9221
91.7698
71.1381
89.1831
91.2516
75.131
74.6539
98.7054
94.7995
93.1186
86.0305
90.3026
104.016
100.548
84.7262
85.1339
85.396
101.516
101.905
98.6443
96.6028
83.2164
88.2582
109.414
81.8056
153.158
97.5196
107.471
112.352
122.669
125.901
93.7118
100.945
96.6473
103.642
101.977
102.265
98.3933
99.9332
99.8576
98.5325
101.17
101.676
98.6168
117.255
78.504
87.9251
71.6927
117.161
75.8409
87.9316
99.8152
98.0157
99.8459
98.8289
110.897
98.3459
101.126
71.4401
115.911
78.3112
131.952
75.8455
96.3027
91.9844
99.956
114.803
95.928
88.9231
105.226
115.447
96.1703
115.491
111.89
112.206
89.5923
92.1779
98.1946
100.296
97.41
100.013
99.9037
95.2285
102.15
105.589
95.3505
95.575
97.0118
96.6567
98.0791
95.8233
97.1101
96.5197
101.333
103.728
99.6302
99.1934
99.6048
104.907
99.7932
123.056
87.9621
87.0167
105.839
100.616
97.0795
119.898
91.8619
97.5734
93.7237
97.6055
93.1384
95.3235
92.7437
90.2055
101.077
94.5431
94.6572
90.0126
99.0037
95.9259
13.1649
73.2235
150.905
159.832
216.133
217.188
156.53
75.0657
31.6103
52.2989
203.197
155.461
156.392
203.209
33.0348
58.4897
63.3996
156.82
202.196
203.786
156.317
73.2014
119.059
73.6778
97.4798
77.5735
89.3933
89.5574
96.2609
99.7679
96.2582
105.553
97.1413
105.255
96.8669
97.0963
102.843
97.0953
97.5921
107.752
97.1203
99.9185
102.238
96.9318
101.997
97.7839
107.045
100.845
100.482
102.663
119.04
108.436
98.2578
138.665
102.235
124.755
109.593
118.084
129.662
86.9012
117.824
130.346
112.814
80.3609
117.765
117.64
98.6069
83.5756
121.37
116.093
91.754
116.067
116.144
145.514
93.0959
126.251
93.0069
91.634
117.622
116.122
113.845
92.3116
92.5015
115.021
144.728
137.248
111.051
87.0548
155.675
293.367
122.98
108.412
92.0793
99.9756
125.883
108.267
96.5172
103.12
100.479
143.488
94.7701
98.141
107.227
159.429
100.704
101.506
113.32
87.6398
104.642
123.944
124.351
104.671
115.432
102.977
103.671
99.9569
137.239
117.218
108.554
103.598
97.091
99.6883
99.858
99.9957
95.86
99.6392
97.6548
97.5606
98.9761
96.8279
97.3985
96.9816
99.3356
83.8535
122.042
124.424
108.982
80.5271
118.84
121.666
217.716
121.048
108.912
45.8548
93.4595
114.944
104.157
98.8758
99.3797
98.6712
101.594
100.512
101.461
101.84
98.5943
97.4621
99.962
97.3573
100.629
100.179
100.81
99.7449
99.6698
99.4368
101.262
102.549
101.964
100.964
102.078
96.6402
100.105
101.082
95.5379
95.355
105.644
146.857
116.668
104.833
30.2162
140.497
116.919
104.679
98.6344
98.1686
98.6389
103.025
100.508
100.762
103.736
142.555
131.194
82.2914
117.667
140.954
158.702
90.9019
108.525
120.139
149.871
117.289
120.036
135.859
98.8984
108.168
113.127
119.028
119
113.361
100.736
101.654
106.492
105.719
112.547
102.857
100.578
102.84
100.931
103.855
93.0313
102.986
103.298
106.036
93.4312
102.755
194.116
73.1926
192.121
79.0831
76.9538
78.5521
80.5184
70.3701
98.649
77.189
84.8765
71.2682
119.394
89.7632
87.0462
97.2625
100.852
116.951
104.963
96.3714
99.9346
105.694
103.496
98.0351
97.6861
101.632
98.0361
102.596
86.9935
93.143
86.5928
91.0049
95.3842
92.976
93.9291
104.013
89.611
109.419
89.6472
92.532
84.6852
83.61
106.369
99.3308
115.176
93.1563
104.786
98.305
98.4346
105.598
113.736
125.595
109.397
97.9177
107.929
133.796
103.393
99.5924
100.024
106.115
100.488
99.8849
105.219
90.3416
90.3597
89.9245
105.981
92.6699
92.8665
113.479
102.667
101.371
100.762
99.9102
89.9884
99.5323
93.4127
97.802
95.4973
91.6029
95.9032
94.7879
93.838
91.5487
95.9703
94.7456
94.6346
92.6201
92.5861
91.8607
91.9426
89.6003
93.5049
87.206
92.4312
96.5316
92.5869
95.2147
103.24
95.327
85.4427
100.312
95.1223
99.5765
100.391
85.0558
105.445
95.1393
101.27
94.4153
102.491
99.8222
112.813
106.143
97.1974
107.89
109.152
97.8161
108.14
86.9239
73.048
110.061
121.52
106.2
80.1371
103.746
98.4724
134.393
108.604
114.145
120.669
193.444
101.018
93.3978
118.727
90.6283
97.5415
98.9878
109.266
90.2758
91.9273
92.7108
92.8276
94.7729
95.3034
93.9852
94.3223
116.765
106.698
168.794
82.8863
106.663
98.1357
157.656
100.899
105.786
95.1145
107.325
101.513
107.005
93.2606
112.212
105.429
101.916
110.235
102.151
121.108
108.898
122.381
99.7152
97.817
98.0465
103.441
109.61
98.6254
96.9999
105.769
103.225
97.5164
98.4696
98.6102
97.418
93.6156
92.5993
97.3589
90.7756
93.4329
93.8136
90.9835
104.207
137.689
107.476
102.686
99.7075
114.17
101.621
101.639
95.6381
99.0658
104.036
103.504
95.8017
104.592
97.3508
101.638
97.4576
109.262
98.0143
101.674
100.24
96.7179
119.1
101.119
96.8515
100.234
98.9479
97.7578
100.173
109.352
100.32
98.1297
102.467
103.719
99.7476
96.1754
94.7895
95.1796
92.7985
92.5784
92.1256
91.847
110.356
94.8958
92.1937
98.2638
103.452
109.147
96.0689
74.7165
92.0463
76.5434
94.8299
94.1948
94.1816
93.9736
112.316
104.961
100.043
107.319
109.082
110.819
102.635
106.939
102.072
118.056
106.197
102.114
114.726
107.23
104.068
182.264
108.672
132.612
102.226
87.7021
107.211
88.2806
101.368
87.5659
104.798
113.948
124.93
104.326
97.3086
101.858
98.295
106.866
121.063
130.983
105.94
98.7584
100.416
101.256
103.269
101.092
102.705
98.6497
99.4528
99.9906
97.5776
107.51
99.9274
98.0091
97.7457
46.6006
82.5429
46.9331
80.5295
78.5114
79.7824
80.0429
82.6045
42.5654
43.8285
97.577
81.8986
79.7386
78.784
99.1075
79.7225
99.4403
122.389
105.86
104.215
124.079
111.523
130.066
133.19
112.847
125.806
126.455
107.035
149.317
106.455
109.504
104.571
103.929
100.926
105.996
102.032
122.95
103.176
85.9648
117.941
97.4049
102.942
96.52
92.295
103.357
95.8484
96.5794
92.6149
100.023
104.136
105.631
98.2698
103.336
95.8457
100.073
96.1351
108.862
108.32
109.702
95.609
95.2742
86.2495
85.9382
106.067
111.696
113.182
100.561
107.646
108.025
111.785
97.1016
97.1379
98.9747
97.3394
98.0806
96.9287
98.8474
102.884
107.935
117.547
110.543
102.685
108.738
109.834
95.7636
94.8524
95.1531
93.8551
95.9219
94.3365
90.7593
103.205
102.436
109.867
108.271
104.414
102.64
110.664
98.1044
100.893
102.568
101.696
98.4569
100.998
102.988
106.747
97.8939
103.108
97.7384
100.186
98.9774
104.495
93.1766
103.764
95.9587
101.285
99.9711
97.7739
98.5396
122.103
134.178
105.613
155.8
95.6851
138.732
98.7125
99.1011
97.8418
97.4836
98.1357
98.1853
97.533
97.7381
108.645
101.143
100.244
101.445
100.359
102.936
97.5678
100.679
104.292
104.994
98.0185
97.3946
99.1537
97.3731
93.7384
91.0526
95.2663
104.982
93.7203
105.998
97.164
86.0274
90.1986
99.0882
99.6385
99.0091
101.182
97.9449
99.7275
92.9247
108.937
113.212
100.587
130.307
93.7007
95.4704
98.883
95.0246
94.4689
102.024
96.959
93.7459
124.345
103.149
109.891
88.2051
99.3388
117.076
92.9908
87.3066
118.682
87.2641
84.6272
89.8289
85.4779
89.738
105.487
99.6451
99.9876
105.572
100.068
101.219
102.123
99.8362
104.19
99.7799
101.331
98.7867
99.1707
106.4
98.3095
98.6778
98.2025
98.7093
99.45
99.0911
101.49
97.0431
99.4136
99.2696
100.661
100.674
100.957
100.871
95.6288
93.2156
93.0619
99.6597
98.4624
91.0511
95.5577
95.9973
102.927
101.521
102.962
93.7832
104.093
102.948
87.1101
86.0781
85.6888
92.4421
86.3766
85.3617
94.3791
98.6872
86.0467
86.9067
86.9274
98.4226
87.0739
86.2688
90.5883
85.5738
90.1677
139.479
89.173
139.574
90.0689
95.5095
95.0356
99.1067
83.7109
136.241
84.9417
149.028
86.7606
103.98
111.125
97.6608
100.079
79.6144
77.7212
84.9982
103.326
102.837
98.5326
96.7903
78.9284
86.1282
110.423
143.714
107.507
164.543
124.665
136.38
115.281
93.009
103.079
94.3356
105.563
96.4439
96.5444
112.925
112.172
138.507
122.451
96.7732
99.9236
99.9428
105.518
212.141
121.28
119.864
112.316
127.668
110.108
98.9243
94.3426
161.479
119.904
150.666
92.5747
98.4076
135.266
111.317
106.782
103.629
118.406
105.34
106.021
103.852
100.435
104.896
115.123
105.118
101.112
99.8276
106.294
110.444
98.5046
93.5586
99.5019
93.3412
99.4483
129.938
87.0463
98.4243
85.2532
89.1156
86.507
88.6804
91.9611
89.7923
88.2378
87.9854
92.1824
90.4944
91.2263
94.998
82.8565
102.246
102.179
90.095
77.9953
84.4421
84.9413
112.313
135.719
136.8
102.921
108.129
107.725
105.514
82.3122
83.074
0.731811
112.897
81.3013
84.5385
16.9469
75.8519
93.1104
75.5708
85.3793
91.314
91.3829
85.5263
96.1435
94.6934
94.3671
93.9269
96.301
94.5651
94.5047
99.2127
108.558
95.5398
95.2148
95.4401
95.6121
98.1638
97.5063
99.9742
100.589
106.027
99.5719
102.235
100.82
103.726
95.3525
101.788
76.021
78.9373
85.0347
85.0389
88.7854
87.9768
89.3515
93.2138
102.321
94.9561
93.0347
87.8787
106.857
93.3475
86.7664
86.2391
85.7125
93.4016
116.367
104.675
98.065
91.7275
135.052
94.1374
128.326
111.459
99.7528
95.4223
122.096
100.118
101.234
122.944
91.1143
90.8133
86.9623
87.0398
89.0572
89.4738
86.7386
102.92
90.1522
103.011
95.6157
102.757
88.404
88.8844
118.466
124.082
186.292
113.083
121.359
133.169
118.649
96.4747
112.188
97.11
103.514
97.1324
99.4452
99.2829
103.359
91.5494
97.4931
99.8941
97.5147
100.243
101.052
102.236
100.229
101.317
102.101
97.0749
100.449
98.1624
114.757
105.846
119.301
126.293
98.9638
113.447
89.1829
114.579
128.782
129.248
111.427
111.06
128.768
129.639
103.141
97.9418
96.7372
91.6877
99.7572
96.7502
104.13
96.1422
95.6568
95.1546
92.6492
92.5002
91.9781
91.8664
95.6449
96.3155
92.7768
104.156
98.0378
99.2474
99.3634
98.2088
98.1858
98.6957
96.1867
96.7179
103.499
107.64
100.066
102.101
100.435
99.8775
98.023
100.591
99.6567
99.4143
87.6103
103.097
126.223
152.589
104.049
101.336
103.7
100.098
97.1179
100.218
100.062
97.5178
98.4525
113.876
95.1816
95.7655
108.697
95.2232
95.4663
101.116
97.9408
97.478
98.098
88.493
92.5143
90.8935
117.144
102.837
96.6108
103.594
99.1434
100.474
100.454
99.6357
98.8056
97.7136
98.8038
94.2403
98.286
103.478
101.266
103.881
101.913
108.23
96.3969
101.943
101.711
96.6074
179.391
121.451
210.465
100.567
104.585
117.435
157.015
94.8885
95.0839
94.1198
97.0662
97.6296
91.1927
89.7721
94.0875
98.8519
95.2703
94.3869
95.1654
91.515
98.618
114.594
84.3996
104.687
102.408
110.065
104.288
103.112
86.8042
87.1401
97.1169
122.889
92.806
89.0681
90.0904
107.799
74.2734
99.1132
99.976
97.3143
102.772
121.406
75.4027
96.4223
97.4175
101.417
98.0249
96.0331
98.7592
92.9191
105.505
89.4627
117.988
99.5412
114.794
98.375
81.09
98.3162
200.664
98.6404
80.2583
103.001
95.8611
109.099
119.425
128.055
83.2915
108.431
125.284
135.126
105.4
103.979
104.526
105.76
125.534
104.572
126.6
114.478
148.657
95.3624
166.032
198.092
223.578
114.516
116.799
91.1221
136.944
103.726
104.028
119.273
118.599
126.98
213.621
64.8079
138.209
58.2714
189.607
122.404
85.1142
72.4331
80.9277
120.474
88.1681
138.934
90.5393
93.4735
79.986
83.1011
103.961
86.6728
88.611
92.74
78.124
123.269
74.5325
88.271
92.1212
91.5619
100.416
94.5237
102.472
102.66
89.09
94.3146
101.105
126.041
105.904
79.366
157.193
180.25
124.157
141.025
126.573
63.1738
6.50718
64.7273
202.613
368.445
238.637
218.041
94.9711
89.2749
101.833
110.76
101.338
135.226
95.5473
111.158
102.829
109.228
142.379
95.2644
104.55
104.583
117.747
157.171
86.3621
110.038
34.6133
39.0067
162.043
107.525
101.593
113.097
105.631
109.502
106.756
113.192
107.289
106.175
105.391
112.234
105.549
111.562
108.865
62.1508
89.514
168.868
100.878
202.429
64.7964
243.932
113.965
92.6982
101.494
101.047
122.587
88.2767
140.277
79.5923
105.018
99.1616
107.055
120.045
121.411
105.491
83.6221
112.224
113.707
120.252
119.956
102.8
103.808
90.3269
108.738
108.03
96.5347
101.942
95.9499
106.945
138.901
103.472
102.192
140.309
107.257
142.179
99.5611
129.136
123.178
129.264
97.6086
96.2453
95.0166
102.172
129.932
119.836
128.805
96.398
96.8906
97.1683
95.5384
163.199
113.948
68.8251
71.5237
96.733
159.455
106.037
93.3418
105.653
99.9492
149.383
93.0769
107.869
90.9896
94.7995
133.459
110.415
91.522
109.941
91.6452
96.084
93.7443
95.6195
94.9364
92.2541
92.364
91.6847
92.2563
93.8315
121.114
103.464
100.47
70.75
104.574
118.173
116.506
119.655
123.36
105.34
102.007
128.498
120.523
114.27
87.7219
113.318
121.653
120.839
102.79
105.83
110.489
117.665
145.684
91.3036
91.0449
103.185
103.287
116.018
109.157
101.96
216.077
133.535
85.5556
197.24
116.041
86.2278
123.228
104.109
105.575
108.481
107.665
121.773
90.6067
92.6292
73.3667
123.897
105.781
91.3927
331.714
54.8471
231.908
69.8933
92.2487
71.8753
109.972
56.3685
195.895
210.4
73.6627
78.1169
74.5219
78.4013
119.365
104.328
105.321
113.804
106.982
106.596
112.09
113.456
104.808
101.493
103.6
94.1579
122.767
161.304
104.948
118.544
107.024
115.593
110.879
105.797
116.667
129.042
105.416
102.85
101.365
100.737
105.427
107.883
86.9853
101.455
87.9887
102.49
101.962
112.638
108.344
102.788
91.4378
88.5378
101.583
104.461
108.99
109.857
109.483
116.045
114.213
108.624
108.876
105.658
103.156
61.728
190.45
191.196
78.5577
101.365
77.451
79.143
97.928
104.468
111.582
93.8704
109.476
88.9823
113.548
97.7227
102.952
95.6776
97.3843
95.0054
94.8312
95.8427
151.715
136.435
85.4502
253.05
191.378
97.4367
144.48
105.217
103.261
103.432
98.3746
99.3285
99.5782
99.8968
70.6556
124.831
90.0221
125.853
92.9927
92.4524
91.4282
73.514
114.198
124.243
94.1881
100.587
92.7393
94.2681
131.542
69.1717
126.637
92.8399
86.6845
92.9212
92.7015
73.4104
113.516
156.63
100.686
156.976
110.649
72.6596
100.713
82.0991
59.3826
100.48
76.8566
88.635
86.2975
91.329
88.653
93.0313
89.2099
91.5841
91.3325
91.1025
92.2971
91.2025
93.9672
91.6591
91.7175
91.8573
92.6031
97.4331
90.6542
86.6728
93.2607
91.4057
87.612
91.6462
80.6564
79.2599
111.167
88.8465
88.2312
92.1971
88.9008
93.9685
102.19
103.821
102.51
94.448
109.038
108.781
86.1682
122.177
102.543
90.183
100.819
89.5501
90.7898
94.8108
125.855
94.3753
99.1858
111.502
112.299
99.0807
86.3068
68.1266
65.8514
78.8723
150.414
69.6044
203.221
103.351
104.835
93.2183
114.527
100.298
101.773
98.4886
53.6226
135.477
68.4745
103.399
208.874
107.244
138.472
101.146
95.5535
95.4728
116.098
98.2117
96.5998
96.2258
102.035
120.182
95.9419
86.8343
87.382
85.2624
87.0898
103.748
140.325
115.905
148.424
120.347
133.769
155.325
96.2676
94.8505
96.3557
96.2206
96.3584
96.2332
96.2693
111.251
164.375
97.1013
95.4541
101.969
110.915
104.779
126.746
119.194
128.459
123.543
117.415
122.331
142.983
117.457
152.462
88.1209
116.149
167.364
47.0043
50.5451
100.361
119.606
109.386
98.9693
134.007
103.768
139.819
109.012
97.062
94.6828
110.968
105.344
103.256
114.957
94.5162
93.8534
94.1953
93.6626
94.5187
93.8533
94.1944
94.5154
93.6623
93.8533
94.1965
93.8536
94.1948
94.5169
85.8075
140.282
87.4124
115.724
129.335
133.772
121.74
135.145
103.486
141.214
125.008
114.732
119.181
112.521
115.839
205.039
100.787
95.0835
132.479
30.2236
180.523
92.2219
148.934
89.5926
90.5959
113.723
87.3431
111.356
108.981
107.437
110.228
99.692
101.37
112.257
109.854
160.295
82.8804
87.1606
159.903
151.69
114.58
253.11
96.2777
96.3538
96.2136
94.8776
96.2737
96.3535
96.2067
97.7944
161.616
86.5897
89.4556
122.789
136.224
94.7135
97.8759
99.4288
98.2893
107.891
95.9768
102.325
94.8192
98.3089
97.0701
95.8175
99.2982
100.224
92.0151
106.229
93.9947
95.2056
96.8936
103.379
96.2334
94.5989
101.435
99.91
140.054
96.924
93.1453
93.7579
123.974
159.909
110.727
126.997
127.833
57.1899
137.429
137.051
89.1589
146.229
94.9556
115.77
98.3564
119.281
90.4463
131.403
126.822
141.395
137.406
130.725
155.352
178.369
146.02
128.936
85.0648
91.241
165.936
151.183
142.034
138.247
125.755
114.382
81.2962
140.917
76.3821
101.621
123.679
111.879
36.8241
160.209
46.1442
162.246
51.8399
52.2466
8.71284
152.129
131.521
117.975
108.27
156.118
153.552
163.531
73.4182
220.542
90.8155
32.0954
60.5062
167.811
94.5299
93.6552
93.8537
94.1974
93.8401
94.2027
94.5207
96.2668
96.3723
96.2587
94.8336
96.2668
96.3651
96.2479
94.5293
93.8542
94.1982
93.6546
94.5192
93.8413
94.2035
78.7826
142.353
101.52
130.679
116.728
82.6361
115.358
125.908
119.037
87.8819
98.8908
89.6602
96.3944
134.174
106.413
96.4625
103.654
92.7996
97.8881
98.6793
93.6606
90.4234
96.0874
87.8439
96.3303
90.2049
89.6516
89.9579
200.034
120.005
119.843
22.475
95.1699
96.6441
20.7227
127.719
202.051
120.163
21.0664
97.1087
97.625
197.232
112.046
135.94
138.087
139.612
144.803
139.29
139.49
154.941
194.972
142.463
82.635
84.9786
114.088
113.433
116.332
225.649
150.341
148.356
285.13
157.061
191.111
105.547
98.5758
93.5205
96.1088
96.9428
96.1968
104.745
104.999
105.52
118.209
131.421
103.692
119.285
127.702
92.7348
144.58
81.2103
124.774
94.5873
97.2676
131.015
115.869
134.646
109.68
100.949
102.097
112.962
137.447
241.731
135.13
112.113
504.876
132.24
371.172
223.314
106.815
82.9037
98.9494
267.234
114.983
163.395
207.514
89.2844
100.103
129.544
135.979
122.667
84.7999
102.862
144.726
269.331
81.5158
119.668
121.275
125.277
196.865
59.4825
197.616
106.588
107.798
137.509
58.8239
190.815
123.378
6.86018
99.5427
128.165
104.694
157.077
161.325
89.0602
209.416
108.522
105.857
137.393
91.528
394.672
333.15
144.811
204.357
126.138
198.894
110.978
145.035
114.653
117.207
120.636
100.978
109.923
103.479
114.853
114.088
101.199
145.341
121.557
102.202
102.201
111.28
147.437
124.412
113.314
84.5791
84.3577
161.48
161.528
111.15
125.428
112.953
98.3238
193.51
321.104
114.635
140.563
120.801
156.432
131.922
132.167
164.818
192.167
209.632
199.351
330.032
124.677
236.571
111.551
111.898
128.49
104.277
134.704
127.149
120.485
111.994
124.397
177.765
115.725
166.546
543.332
1221.85
174.006
121.858
108.384
141.658
110.053
139.038
111.328
126.685
126.026
112.01
112.446
122.823
165.342
100.812
101.883
145.379
155.692
98.522
96.1061
134.614
153.813
97.7363
98.0018
104.18
109.857
95.7387
94.6787
102.832
108.848
99.0921
96.2836
94.882
96.3559
96.2015
96.3553
96.2088
96.2918
94.3549
88.4595
121.345
126.459
127.727
98.3622
111.638
131.89
128.314
126.468
115.746
122.496
121.804
113.787
118.688
85.3895
88.0479
126.207
85.0468
86.8109
80.6176
115.244
-14.5369
176.13
112.446
128.026
59.5619
247.537
90.2679
113.953
106.562
87.7674
134.153
99.5009
135.305
290.241
111.234
112.157
131.66
238.666
185.199
238.974
75.4303
91.0267
179.885
94.4814
156.931
102.138
158.871
104.679
148.325
87.6949
82.4115
63.1986
131.787
84.8466
121.422
138.583
139.622
117.867
124.211
124.644
102.687
359.219
168.099
371.014
39.9875
669.722
33.1045
639.681
114.382
111.339
109.785
129.307
114.883
109.818
132.853
108.584
149.438
157.425
141.757
148.627
121.657
133.228
154.632
162.855
305.188
136.194
992.335
269.117
132.841
243.168
201.059
270.055
82.5689
102.892
182.497
192.878
214.373
113.537
106.99
94.6158
73.2667
223.74
70.41
89.1667
69.9528
90.8117
89.9428
70.7468
68.1391
84.2422
161.268
59.7759
64.2419
119.755
140.03
183.425
123.805
103.281
138.218
120.889
102.594
136.114
167.653
123.06
49.1006
136.133
93.4672
208.184
219.755
266.38
209.673
195.752
66.0479
78.2726
175.239
20.6735
17.2919
144.113
76.6477
103.116
103.23
103.954
77.8288
104.881
108.59
132.497
-39.3171
153.668
131.243
28.7049
212.585
154.608
87.5997
148.729
84.5161
169.379
145.9
93.8514
96.4557
90.3012
147.621
87.337
115.867
242.112
97.9114
96.8609
107.392
79.24
135.3
83.1629
111.505
82.2615
129.868
80.8121
101.683
167.037
155.832
90.3873
165.515
106.195
96.2503
94.7154
96.381
96.2733
96.4089
96.3368
96.2648
95.814
101.946
102.915
99.9259
93.1771
96.0568
117.954
232.212
103.864
120.865
96.3526
120.854
117.936
107.047
61.0426
2.77389
189.196
78.7082
-88.4601
162.354
-5.3536
157.956
121.715
60.0375
105.195
134.675
99.901
113.335
98.4368
107.889
97.0989
108.074
97.1146
96.0546
110.941
520.75
54.2045
90.7349
68.4695
76.9911
78.1321
160.47
100.139
93.0417
294.712
105.017
168.26
119.002
101.484
97.4904
59.0636
88.8663
122.068
68.656
308.035
115.567
171.217
142.671
154.506
47.4025
35.416
277.744
271.453
198.502
90.0301
99.2925
133.553
143.767
144.996
119.507
-19.2733
68.8058
48.4491
202.327
145.955
224.582
188.357
32.8883
119.398
197.666
111.53
190.467
100.277
129.349
151.48
120.268
186.829
130.682
189.958
98.8075
219.152
45.666
171.501
172.815
13.3875
355.736
44.635
229.205
147.916
54.5463
74.939
100.205
133.847
221.063
232.205
)
;

boundaryField
{
    inlet
    {
        type            calculated;
        value           nonuniform List<scalar> 
234
(
104.271
108.218
91.2603
105.433
93.5696
152.227
60.7527
96.9701
116.794
103.627
104.401
96.1887
110.026
107.559
65.5223
100.822
120.821
111.443
102.201
100.265
103.936
109.584
94.9407
90.7467
73.559
98.9865
75.6726
127.943
96.7435
95.5667
95.7001
60.8298
47.8392
120.896
52.4033
55.9985
122.918
137.777
180.002
71.7186
85.6527
95.7769
72.9992
89.1182
89.1997
98.6069
121.37
116.842
91.8473
-237.043
130.675
95.9022
96.5406
91.7962
101.03
-18.9758
143.488
99.858
83.8036
95.3894
94.574
118.977
109.668
86.3482
59.1767
50.1132
42.8998
22.6519
97.0777
-91.6363
96.3723
97.7218
103.106
106.205
102.207
98.3321
97.8726
93.1573
85.8269
104.837
97.5017
79.8299
107.854
111.249
119.732
106.579
107.884
148.631
110.001
121.718
94.9984
111.841
91.7205
70.2727
82.4805
84.5686
88.568
88.9257
95.3162
111.719
103.28
121.864
118.452
127.487
129.634
127.345
97.5624
99.3893
88.3027
90.0904
122.926
102.642
97.8161
92.7436
98.6265
101.234
98.4046
253.56
179.33
131.099
123.02
89.8558
92.1828
100.862
-28.396
89.514
85.5215
101.952
59.7629
119.681
95.5384
95.8027
93.2376
94.9943
114.912
97.5778
105.788
71.5084
73.1941
7.79796
85.6329
55.026
73.2279
76.5261
86.0534
-75.9033
51.0641
61.7913
76.7791
88.8012
89.2788
100.495
70.3264
122.05
87.657
73.4794
69.361
118.511
86.8418
90.3376
103.002
42.0125
90.585
85.7798
80.75
90.5025
90.1523
76.5307
99.1598
87.3289
94.1671
95.999
100.846
-70.9768
101.543
87.4943
104.331
106.762
111.15
99.557
18.2886
-96.7053
82.848
74.6534
103.176
140.908
89.7962
53.3362
72.7275
143.472
183.54
192.324
171.943
-311.893
131.471
104.071
111.675
118.613
79.6327
114.069
54.3169
84.1827
145.393
131.336
137.539
98.6892
89.2297
156.859
155.515
91.0267
21.388
85.0552
91.3001
142.77
133.042
103.09
106.233
133.293
122.436
62.2313
125.086
67.0125
88.2099
123.708
70.7468
115.867
95.9498
87.3523
155.845
105.211
97.8502
118.943
-45.5656
63.0548
)
;
    }
    outlet
    {
        type            calculated;
        value           uniform 0;
    }
    lowerWall
    {
        type            calculated;
        value           nonuniform List<scalar> 
1079
(
105.018
99.5159
135.208
102.833
81.1493
124.874
166.842
97.1203
140.324
101.641
101.342
104.596
154.16
98.1915
92.2042
92.2973
117.857
103.911
102.427
94.9956
83.0364
14.1434
89.1944
97.8472
86.2912
93.4257
102.891
100.806
97.8377
97.2384
111.915
139.473
132.823
103.161
95.0893
93.8506
96.5784
97.4398
98.4488
96.3528
102.327
106.305
85.2274
96.5579
101.123
110.721
94.5976
99.7105
97.073
98.551
99.5252
101.709
102.85
102.752
97.0233
98.8579
98.0731
97.1971
96.7768
98.4014
96.6868
97.1629
98.2303
99.4485
98.6215
97.9939
97.7316
96.0655
94.9073
95.7358
93.0486
93.4183
93.6043
94.2475
93.9672
93.4844
93.0267
91.8965
92.0387
92.5184
90.4036
90.6316
90.7334
90.4866
90.2707
90.0018
89.7339
89.6898
89.7901
90.0886
87.7908
87.9455
87.9979
87.9395
87.791
87.6167
87.4213
87.3483
87.4198
87.5899
85.2324
85.3359
85.3769
85.3293
85.2301
85.114
85.0103
84.9623
85.0086
85.1132
82.7053
82.7706
82.7844
82.7866
82.7046
82.6316
82.5711
82.5404
82.5751
82.6268
80.2052
80.2684
80.2635
80.2524
80.2172
80.1705
80.1499
80.131
80.1423
80.1539
77.748
77.7876
77.793
77.7771
77.751
77.7293
77.719
77.7059
77.7101
77.7306
75.3148
75.3324
75.3419
75.3377
75.3286
75.3288
75.3087
75.2787
75.2939
75.305
72.9085
72.9264
72.9179
72.9208
72.9181
72.9241
72.9117
72.9087
72.9085
72.9038
70.5184
70.5237
70.5423
70.5403
70.547
70.5522
70.5452
70.5333
70.5136
70.5157
68.1599
68.1774
68.2059
68.1974
68.1847
68.1856
68.1906
68.1761
68.1607
68.1631
65.8268
65.846
65.8775
65.8503
65.8271
65.8222
65.8225
65.8328
65.8304
65.8268
63.519
63.5228
63.5255
63.5276
63.5259
63.5185
63.5049
63.4969
63.5059
63.5117
61.2194
61.2221
61.2245
61.2354
61.237
61.2331
61.2185
61.2087
61.2012
61.2015
58.9327
58.936
58.9379
58.9394
58.9388
58.9327
58.932
58.9269
58.9194
58.9232
56.6776
56.672
56.6576
56.6682
56.6725
56.6713
56.6703
56.6672
56.6725
56.6764
54.4161
54.4165
54.4104
54.4135
54.417
54.4266
54.4349
54.4357
54.4318
54.4215
52.1792
52.1666
52.1697
52.1811
52.1895
52.1955
52.2011
52.1995
52.2046
52.193
49.9599
49.9408
49.9367
49.9479
49.9615
49.9765
49.9743
49.9793
49.9791
49.9755
47.7434
47.7333
47.7206
47.7206
47.7306
47.7413
47.7472
47.7492
47.7462
47.747
45.5255
45.5284
45.5333
45.5391
45.5351
45.5293
45.5259
45.5242
45.522
45.524
43.3252
43.3375
43.3435
43.34
43.3272
43.3209
43.3228
43.3327
43.3269
43.3242
41.1528
41.1536
41.1593
41.1488
41.1413
41.1343
41.1439
41.1491
41.1481
41.1501
38.9742
38.9898
38.9953
38.9957
38.9902
38.9842
38.9779
38.9743
38.9623
38.966
36.8204
36.8353
36.8347
36.8303
36.8224
36.8165
36.8032
36.8003
36.8011
36.8076
34.6952
34.6936
34.6733
34.6684
34.6659
34.6581
34.6511
34.6553
34.6741
34.689
32.5616
32.5548
32.5433
32.5381
32.5372
32.5387
32.5451
32.5518
32.5577
32.5616
30.42
30.4219
30.4347
30.4406
30.4422
30.4454
30.4482
30.4469
30.4394
30.4255
28.3107
28.3165
28.3331
28.3496
28.3589
28.361
28.3553
28.3447
28.3344
28.3172
26.2532
26.2486
26.2497
26.2558
26.266
26.2773
26.2823
26.282
26.2798
26.2613
24.2321
24.215
24.2063
24.2028
24.206
24.2206
24.2324
24.2442
24.2474
24.2405
22.2198
22.1973
22.1953
22.1977
22.2008
22.2053
22.2069
22.2128
22.2165
22.2187
20.1977
20.195
20.1961
20.2074
20.2131
20.2146
20.2065
20.2011
20.199
20.1972
18.2048
18.2095
18.2159
18.2259
18.2232
18.2175
18.2098
18.2051
18.2033
18.2034
16.257
16.2607
16.2555
16.2459
16.2329
16.2201
16.2105
16.2234
16.2309
16.2456
14.3111
14.3179
14.3021
14.2852
14.2646
14.2518
14.2468
14.2603
14.2757
14.29
12.3364
12.3551
12.3573
12.3443
12.3332
12.324
12.3211
12.3257
12.3261
12.3273
10.3905
10.3962
10.4109
10.4153
10.4125
10.4068
10.4021
10.4007
10.397
10.3901
8.49349
8.48126
8.48044
8.48266
8.48389
8.48786
8.48927
8.49139
8.49255
8.49567
6.59622
6.58362
6.57866
6.57899
6.58586
6.60207
6.60797
6.60637
6.599
6.60219
4.69341
4.69006
4.69247
4.69933
4.71378
4.7371
4.73726
4.72629
4.71458
4.7039
2.81169
2.81052
2.8162
2.82194
2.82971
2.83918
2.84513
2.84348
2.83007
2.81752
0.939872
0.93947
0.939573
0.935353
0.933069
0.935833
0.945013
0.949004
0.949836
0.940209
101.902
98.8397
97.4334
104.421
99.7789
97.8149
99.3757
99.8804
100.174
98.6972
98.7855
99.8424
96.3447
97.7737
98.5554
97.7036
97.6476
97.9707
97.1601
96.9087
97.3391
95.6042
95.5045
96.997
98.2118
95.9763
95.969
99.0976
97.3707
96.416
103.403
102.307
99.4292
105.351
103.362
107.281
96.4658
98.8905
102.114
102.058
99.3905
98.1503
94.2648
101.236
97.1203
92.5168
98.9745
95.9949
96.9042
97.2468
96.9238
100.288
95.2844
97.4697
100.661
98.118
97.0819
96.6771
99.0047
98.097
100.447
99.9648
99.3791
108.187
102.117
101.652
101.037
100.973
101.544
101.663
104.351
101.192
96.5898
98.16
98.3168
99.5518
97.9452
97.9441
98.8069
97.8006
97.3845
98.1893
96.7083
97.1056
98.2719
96.8494
96.7813
98.4794
98.0845
97.8502
97.2432
95.4443
95.0081
98.4372
95.8934
95.5836
99.1597
95.9921
95.8652
99.0268
95.4946
95.8939
97.8853
94.6783
95.5077
97.652
94.5741
94.6118
96.7174
94.0563
94.2728
94.7825
93.5725
93.6082
95.0418
93.8714
93.5823
96.1727
94.6183
94.2264
101.14
100.45
101.113
97.9833
99.6841
100.028
98.7869
99.4249
98.0592
101.38
101.628
108.481
100.015
100.997
101.156
98.4392
100.734
99.7288
99.904
100.206
102.126
100.164
100.138
100.115
101.186
100.883
100.508
98.5284
101.905
108.505
99.3656
99.6118
98.7505
99.9167
99.6783
99.6269
97.9868
96.9829
97.4806
98.0357
98.0064
97.8988
98.4609
98.2576
98.1937
97.8654
97.9434
99.6352
97.7379
98.2963
97.7888
98.0993
98.1444
97.6646
96.7802
97.0823
97.1035
97.2475
97.1978
96.9743
97.4752
97.2068
97.1585
95.6342
98.5607
103.632
96.1084
97.1821
96.2845
97.1005
96.8123
96.6037
97.6264
97.302
97.9233
96.2502
97.1829
97.1685
96.6249
96.5115
96.0632
99.3302
97.946
98.2279
96.7206
97.8028
98.7209
97.7505
97.9177
96.6537
99.3789
97.7997
97.4986
98.2699
97.8462
98.0225
97.8377
97.3584
97.7031
97.3514
96.1302
96.9674
101.378
104.951
100.605
98.2291
100.068
101.084
98.1088
98.0836
99.2539
97.5685
97.8636
98.1007
97.0351
97.3756
97.932
95.031
95.6996
97.2135
95.6779
94.5812
94.7179
97.3507
97.6973
98.7889
94.2769
94.4894
95.0934
98.5117
97.488
97.4555
101.79
98.704
98.6257
151.613
92.191
95.7223
98.4075
97.2755
98.2816
96.2937
94.9323
92.6219
84.569
91.353
97.1964
94.8302
104.998
96.4459
91.3767
85.0035
94.4037
104.527
97.7283
100.946
100.393
98.3353
97.2127
113.128
-10.7651
109.1
93.3314
92.1059
92.2871
93.6814
92.4259
92.7108
95.5157
95.4181
94.5353
94.9196
95.7434
95.58
85.6561
95.3838
93.7798
95.2196
94.6988
94.4016
94.4294
95.269
95.288
97.5389
97.3244
98.3048
96.2235
95.831
95.0266
81.9011
99.1403
85.9306
111
96.0225
114.204
98.882
110.597
100.869
140.612
121.183
138.395
103.881
100.739
81.0252
103.671
114.653
121.842
93.9846
110.554
100.826
130.395
95.7117
80.3518
100.01
98.1307
103.687
122.517
113.072
205.801
103.619
85.7482
113.334
94.097
92.8046
92.9481
92.8063
91.6528
91.8884
95.6099
96.2412
96.0913
94.9133
94.6751
94.0882
156.547
98.7385
101.459
190.536
97.7486
106.903
102.405
95.1949
90.3783
103.47
95.1063
100.431
104.451
110.645
103.463
93.1186
85.1339
104.016
101.516
88.2582
98.6443
89.5923
100.296
115.491
129.662
112.814
118.084
143.488
94.7701
100.479
122.042
124.424
83.8535
98.649
77.189
70.3701
97.2625
100.852
87.0462
95.4973
91.6029
97.802
103.24
100.391
95.327
94.7895
91.847
92.7985
94.8299
93.9736
74.7165
104.961
100.043
112.316
182.264
108.672
104.068
118.056
107.23
102.072
88.2806
104.326
113.948
121.063
105.94
97.3086
99.9274
97.7457
99.4528
46.6006
80.0429
78.5114
105.86
124.079
99.1075
92.295
103.357
96.52
104.571
105.996
149.317
103.176
102.942
122.95
108.32
85.9382
95.609
111.696
113.182
106.067
97.1379
98.9747
97.1016
97.8418
97.4836
99.1011
99.0882
97.9449
99.6385
95.2663
97.164
104.982
95.4704
93.7459
102.024
104.19
106.4
101.331
105.487
102.123
99.6451
98.3095
101.49
99.45
99.4136
100.871
100.674
86.0781
94.3791
85.6888
83.074
0.731811
82.3122
75.8519
85.5263
91.314
94.6934
94.3671
96.1435
103.726
85.0389
76.021
102.321
93.0347
88.7854
124.082
186.292
118.466
96.7372
104.13
97.9418
95.6449
99.3634
104.156
100.098
98.4525
100.062
95.7655
101.116
95.1816
102.837
99.6357
100.474
92.5143
117.144
97.9408
98.8056
101.266
94.2403
100.567
157.015
179.391
64.8079
122.404
213.621
92.1212
100.416
78.124
129.136
102.172
96.2453
114.27
105.83
121.653
90.183
90.7898
122.177
100.298
98.4886
103.351
94.6828
114.957
97.062
101.37
109.854
108.981
97.7944
94.7135
122.789
126.997
89.1589
137.429
93.1453
159.909
99.91
151.183
138.247
85.0648
81.2962
123.679
114.382
36.8241
52.2466
160.209
117.975
153.552
152.129
120.005
20.7227
95.1699
120.485
124.397
128.49
201.059
192.878
82.5689
103.116
103.23
76.6477
153.668
154.608
-39.3171
90.0301
119.507
143.767
)
;
    }
    upperWall
    {
        type            calculated;
        value           nonuniform List<scalar> 
1019
(
104.286
118.406
111.427
104.281
75.131
98.6404
90.8155
134.614
99.991
100.961
102.962
108.271
103.298
99.7567
92.4424
85.7817
92.701
105.113
97.6403
95.2994
83.1629
30.2162
114.83
113.975
83.6968
94.1667
98.583
96.96
99.4866
102.949
104.036
88.9231
94.6572
100.071
94.4525
110.161
96.7409
98.3369
97.3011
94.6787
99.014
108.859
100.447
101.203
110.152
105.37
94.7519
97.5107
97.6573
98.2367
99.4989
102.047
102.689
100.811
99.4461
99.1787
97.4224
97.2053
97.4096
97.9821
96.6865
97.1636
98.2223
99.4527
98.6145
97.9977
97.6923
96.0664
94.9156
95.736
93.049
93.4178
93.6053
94.2466
93.9667
93.484
93.0253
91.8967
92.0389
92.5187
90.4035
90.6314
90.7345
90.4865
90.2702
90.0012
89.7339
89.69
89.7904
90.0885
87.7907
87.9455
87.9978
87.9386
87.7913
87.6168
87.4212
87.3482
87.4196
87.5898
85.2326
85.3358
85.3768
85.3292
85.2301
85.1137
85.0102
84.9622
85.0085
85.1134
82.7054
82.7705
82.7843
82.7865
82.7041
82.6316
82.571
82.5403
82.5751
82.6265
80.2047
80.2683
80.2634
80.2523
80.2166
80.1708
80.1498
80.1309
80.1421
80.1537
77.748
77.7875
77.7929
77.777
77.7509
77.7292
77.7189
77.7058
77.71
77.7306
75.3147
75.3323
75.3418
75.3376
75.3287
75.3287
75.3086
75.2786
75.2938
75.3049
72.9077
72.9259
72.9178
72.9207
72.9181
72.9239
72.9116
72.9086
72.9088
72.9043
70.5183
70.5236
70.5422
70.5402
70.5469
70.5521
70.5451
70.5337
70.5139
70.5156
68.1599
68.1775
68.2056
68.1969
68.1846
68.1858
68.1902
68.1756
68.1604
68.1631
65.8273
65.8455
65.8775
65.8502
65.8269
65.822
65.8224
65.833
65.8306
65.827
63.5185
63.5226
63.5254
63.5273
63.526
63.5183
63.505
63.4969
63.5059
63.5115
61.2192
61.2223
61.2242
61.2354
61.2371
61.2333
61.2185
61.2086
61.2012
61.2012
58.9329
58.9361
58.9378
58.9393
58.9387
58.9322
58.9319
58.9269
58.9192
58.9231
56.6774
56.6719
56.6573
56.6681
56.672
56.671
56.6702
56.6674
56.6724
56.6764
54.4158
54.4159
54.4104
54.4138
54.4172
54.4271
54.4348
54.4356
54.4316
54.4214
52.1791
52.1668
52.1698
52.1804
52.189
52.1955
52.2006
52.1993
52.2044
52.193
49.9599
49.9409
49.9365
49.9475
49.9615
49.9765
49.9743
49.9794
49.9791
49.9753
47.7431
47.7329
47.7206
47.7209
47.7308
47.7411
47.7471
47.7495
47.7459
47.7466
45.5255
45.5283
45.5332
45.5391
45.535
45.529
45.5261
45.5237
45.5219
45.5241
43.3248
43.3375
43.3435
43.3401
43.3269
43.3209
43.3232
43.3323
43.3267
43.3241
41.1526
41.154
41.1595
41.1486
41.1409
41.135
41.1438
41.1491
41.1483
41.1499
38.9742
38.9903
38.9949
38.9954
38.9902
38.9844
38.9778
38.9742
38.9622
38.9653
36.8206
36.8354
36.8343
36.8303
36.8224
36.8158
36.8028
36.8001
36.8009
36.8078
34.6952
34.6934
34.6735
34.6683
34.6657
34.6578
34.651
34.6552
34.6751
34.6895
32.5612
32.5543
32.5434
32.538
32.5371
32.5396
32.545
32.5517
32.5578
32.5609
30.4198
30.4218
30.4349
30.4406
30.4422
30.4456
30.4481
30.4466
30.4393
30.4254
28.3106
28.3164
28.3331
28.3495
28.3588
28.3608
28.3551
28.3445
28.3344
28.3174
26.253
26.2485
26.2493
26.2555
26.2658
26.2773
26.2822
26.2819
26.2799
26.2614
24.232
24.2155
24.2063
24.2027
24.2059
24.2205
24.2323
24.2441
24.2471
24.2404
22.2198
22.1971
22.1952
22.1977
22.2008
22.2053
22.2068
22.2127
22.2163
22.2186
20.1975
20.1948
20.1959
20.2074
20.2136
20.2147
20.2066
20.201
20.1989
20.1971
18.2045
18.2095
18.216
18.2258
18.223
18.2173
18.2097
18.2049
18.2034
18.2034
16.2571
16.2608
16.2557
16.2457
16.2321
16.2193
16.2102
16.2234
16.2309
16.2454
14.3112
14.3177
14.3015
14.2848
14.2647
14.2519
14.2467
14.2603
14.2756
14.2899
12.3365
12.3542
12.3569
12.3445
12.3331
12.324
12.321
12.3256
12.3258
12.327
10.3905
10.3963
10.4109
10.4154
10.412
10.4065
10.4018
10.4005
10.3968
10.3901
8.49348
8.48137
8.48031
8.48268
8.4838
8.48776
8.48918
8.4913
8.49244
8.49567
6.59599
6.58301
6.57842
6.57879
6.58592
6.60205
6.60837
6.60631
6.59885
6.60188
4.69332
4.69
4.69246
4.69937
4.71375
4.73717
4.73709
4.72623
4.71447
4.70362
2.81157
2.81084
2.81613
2.82179
2.82948
2.83799
2.84503
2.84341
2.83026
2.81757
0.939869
0.939246
0.93927
0.934865
0.933023
0.935762
0.945132
0.949071
0.949745
0.940125
97.4367
98.8344
101.76
97.7953
99.7637
104.161
100.2
99.8856
99.7023
99.8535
98.7795
98.8061
98.536
97.8071
109.32
97.9885
97.6144
104.286
97.3607
96.9038
97.1647
96.9949
95.4315
95.1446
95.9496
95.9601
98.0707
96.4221
97.3717
99.1252
99.654
102.177
103.938
104.307
108.797
91.4277
101.226
99.5455
100.515
108.847
99.2139
99.8905
100.083
96.5193
101.131
103.104
96.5314
112.656
95.0061
100.109
96.5852
100.394
75.0952
97.1949
97.1009
97.7965
97.1267
98.0677
99.3912
91.2423
99.3762
100.043
100.55
101.382
102.339
102.655
101.825
101.528
104.466
100.087
100.51
99.9509
98.8555
98.2651
102.085
97.8858
97.909
107.022
97.4431
96.9341
96.9132
97.1106
98.0681
99.1794
96.6947
96.8656
98.7804
97.8406
98.0942
98.5128
95.0076
95.4436
97.2441
95.5815
95.8945
98.4251
95.8648
95.9913
99.1421
94.8671
95.4945
99.0278
95.507
94.6777
97.8803
94.613
94.5738
97.6636
94.272
94.0586
96.7191
93.6059
93.5725
94.6258
93.5818
93.8719
95.0397
94.2258
94.6184
96.1722
98.0634
99.4271
98.805
100.071
99.7347
97.9555
101.503
100.432
101.161
99.6943
100.726
99.0847
101.154
100.911
100.096
104.782
102.461
101.614
100.435
100.808
101.16
100.172
100.292
100.139
98.8761
99.6304
99.8405
99.6566
99.4215
99.9674
98.7152
99.4013
99.3765
99.2097
97.5129
98.5358
98.1983
98.2776
98.5042
97.9242
98.0062
98.1085
110.013
98.8584
98.4172
97.6871
98.1443
98.0716
97.8355
98.2144
97.7703
111.244
98.1567
98.0179
97.1615
97.2498
97.4672
96.9585
97.226
97.2395
97.296
97.134
96.7897
96.6092
96.7866
97.1121
96.1461
97.4024
95.9948
111.849
98.9657
92.4394
96.0903
96.4917
96.6405
97.1337
97.1448
96.1938
97.7098
97.3808
97.6022
96.6577
97.9246
97.7153
98.7323
97.894
96.7256
98.4322
97.7199
99.3649
97.4957
97.8381
99.3762
98.0199
97.8437
98.275
97.7051
97.3602
97.8521
96.9458
96.1239
97.3296
102.736
100.432
100.174
103.595
120.988
97.2745
99.2295
98.0915
98.115
98.1084
97.8633
97.568
97.934
97.3749
97.0378
97.2115
95.6916
95.027
94.7129
94.5654
95.6814
98.7888
97.6792
97.3422
95.0416
94.4923
94.2789
97.45
97.4745
98.5956
97.4594
100.549
99.8382
98.5804
111.354
91.1502
103.993
100.193
98.1269
95.9159
97.166
97.4239
98.771
103.322
99.3882
99.9167
98.9102
104.428
94.4096
97.0789
98.9855
103.503
95.9128
127.724
107.912
104.825
100.381
88.5947
36.2185
69.2099
93.0793
94.1373
93.3477
107.713
94.4118
84.6132
105.742
92.8595
105.192
107.247
107.953
96.1836
91.7542
93.5024
91.8558
95.3689
108.05
113.602
97.8247
97.2598
96.99
98.6054
96.642
98.651
87.3445
87.4424
87.9103
87.0122
94.658
87.1165
92.2863
92.1052
93.3307
92.7099
92.4249
93.6804
94.5365
95.4202
95.5182
95.5781
95.742
94.9191
102.165
107.536
99.4746
114.076
104.877
99.0205
97.9223
118.425
101.255
94.497
106.046
109.136
96.0911
98.4793
97.4544
99.5454
115.7
102.906
94.4027
94.7022
95.2253
98.3106
97.3175
97.5408
95.288
95.2676
94.4293
95.0259
95.8298
96.2225
96.9099
106.874
96.5446
123.606
98.3787
104.251
92.9495
92.8058
94.0983
91.8872
91.6516
92.8051
96.0914
96.2412
95.6107
94.0872
94.6732
94.9116
100.45
110.328
108.202
90.7173
111.511
104.7
74.6539
94.7995
98.7054
78.3112
91.9844
115.911
105.226
96.1703
115.447
102.15
95.3505
100.013
100.616
119.898
87.9621
97.6055
92.7437
93.7237
90.0126
95.9259
99.0037
58.4897
156.317
202.196
99.6698
100.964
102.549
140.497
104.679
116.919
103.025
103.736
98.1686
106.036
102.755
93.4312
99.5924
105.219
100.488
103.504
104.592
95.8017
104.414
110.664
102.64
101.143
97.5678
100.359
97.3946
97.3731
104.292
93.7832
102.948
104.093
105.563
112.925
103.079
105.34
103.852
106.021
115.123
106.294
105.118
93.5586
129.938
99.5019
111.06
129.639
128.768
80.2583
95.8611
103.001
106.982
112.09
104.328
118.544
116.667
110.879
103.6
161.304
104.808
91.4378
109.857
101.583
114.198
94.2681
100.587
101.365
79.143
190.45
93.8704
113.548
111.582
102.952
95.8427
97.3843
156.63
72.6596
100.686
86.6728
91.6462
93.2607
103.379
101.435
96.8936
97.0701
106.229
100.224
32.0954
167.811
60.5062
138.218
123.06
136.114
153.813
98.0018
97.7363
102.832
99.0921
108.848
121.345
98.3622
126.459
96.2015
96.2918
96.3559
136.133
209.673
208.184
20.6735
144.113
66.0479
111.505
129.868
82.2615
99.9259
117.954
101.946
54.5463
232.205
100.205
)
;
    }
    frontWall
    {
        type            cyclic;
    }
    backWall
    {
        type            cyclic;
    }
}


// ************************************************************************* //
