/*--------------------------------*- C++ -*----------------------------------*\
| =========                 |                                                 |
| \\      /  F ield         | OpenFOAM: The Open Source CFD Toolbox           |
|  \\    /   O peration     | Version:  5.0                                   |
|   \\  /    A nd           | Web:      www.OpenFOAM.org                      |
|    \\/     M anipulation  |                                                 |
\*---------------------------------------------------------------------------*/
FoamFile
{
    version     2.0;
    format      ascii;
    class       refinementHistory;
    location    "1.5/polyMesh";
    object      refinementHistory;
}
// * * * * * * * * * * * * * * * * * * * * * * * * * * * * * * * * * * * * * //

// splitCells

4965
(
1 0()
-1 8(0 2 3 4 5 6 7 8)
1 0()
1 0()
1 0()
1 0()
1 0()
1 0()
1 0()
10 0()
-1 8(9 11 12 13 14 15 16 17)
10 0()
10 0()
10 0()
10 0()
10 0()
10 0()
10 0()
19 0()
-1 8(18 20 29 30 31 32 33 42)
19 8(21 22 23 24 25 26 27 28)
20 0()
20 0()
20 0()
20 0()
20 0()
20 0()
20 0()
20 0()
19 0()
19 0()
19 0()
19 0()
19 8(34 35 36 37 38 39 40 41)
33 0()
33 0()
33 0()
33 0()
33 0()
33 0()
33 0()
33 0()
19 8(43 44 45 46 47 48 49 50)
42 0()
42 0()
42 0()
42 0()
42 0()
42 0()
42 0()
42 0()
52 0()
53 8(51 117 118 119 120 121 122 123)
-1 8(52 54 63 72 81 90 99 108)
53 8(55 56 57 58 59 60 61 62)
54 0()
54 0()
54 0()
54 0()
54 0()
54 0()
54 0()
54 0()
53 8(64 65 66 67 68 69 70 71)
63 0()
63 0()
63 0()
63 0()
63 0()
63 0()
63 0()
63 0()
53 8(73 74 75 76 77 78 79 80)
72 0()
72 0()
72 0()
72 0()
72 0()
72 0()
72 0()
72 0()
53 8(82 83 84 85 86 87 88 89)
81 0()
81 0()
81 0()
81 0()
81 0()
81 0()
81 0()
81 0()
53 8(91 92 93 94 95 96 97 98)
90 0()
90 0()
90 0()
90 0()
90 0()
90 0()
90 0()
90 0()
53 8(100 101 102 103 104 105 106 107)
99 0()
99 0()
99 0()
99 0()
99 0()
99 0()
99 0()
99 0()
53 8(109 110 111 112 113 114 115 116)
108 0()
108 0()
108 0()
108 0()
108 0()
108 0()
108 0()
108 0()
52 0()
52 0()
52 0()
52 0()
52 0()
52 0()
52 0()
125 0()
-1 8(124 126 127 128 129 138 147 156)
125 0()
125 0()
125 0()
125 8(130 131 132 133 134 135 136 137)
129 0()
129 0()
129 0()
129 0()
129 0()
129 0()
129 0()
129 0()
125 8(139 140 141 142 143 144 145 146)
138 0()
138 0()
138 0()
138 0()
138 0()
138 0()
138 0()
138 0()
125 8(148 149 150 151 152 153 154 155)
147 0()
147 0()
147 0()
147 0()
147 0()
147 0()
147 0()
147 0()
125 8(157 158 159 160 161 162 163 164)
156 0()
156 0()
156 0()
156 0()
156 0()
156 0()
156 0()
156 0()
166 0()
-1 8(165 167 176 177 186 195 204 213)
166 8(168 169 170 171 172 173 174 175)
167 0()
167 0()
167 0()
167 0()
167 0()
167 0()
167 0()
167 0()
166 0()
166 8(178 179 180 181 182 183 184 185)
177 0()
177 0()
177 0()
177 0()
177 0()
177 0()
177 0()
177 0()
166 8(187 188 189 190 191 192 193 194)
186 0()
186 0()
186 0()
186 0()
186 0()
186 0()
186 0()
186 0()
166 8(196 197 198 199 200 201 202 203)
195 0()
195 0()
195 0()
195 0()
195 0()
195 0()
195 0()
195 0()
166 8(205 206 207 208 209 210 211 212)
204 0()
204 0()
204 0()
204 0()
204 0()
204 0()
204 0()
204 0()
166 8(214 215 216 217 218 219 220 221)
213 0()
213 0()
213 0()
213 0()
213 0()
213 0()
213 0()
213 0()
223 0()
224 8(222 288 289 290 291 292 293 294)
-1 8(223 225 234 243 252 261 270 279)
224 8(226 227 228 229 230 231 232 233)
225 0()
225 0()
225 0()
225 0()
225 0()
225 0()
225 0()
225 0()
224 8(235 236 237 238 239 240 241 242)
234 0()
234 0()
234 0()
234 0()
234 0()
234 0()
234 0()
234 0()
224 8(244 245 246 247 248 249 250 251)
243 0()
243 0()
243 0()
243 0()
243 0()
243 0()
243 0()
243 0()
224 8(253 254 255 256 257 258 259 260)
252 0()
252 0()
252 0()
252 0()
252 0()
252 0()
252 0()
252 0()
224 8(262 263 264 265 266 267 268 269)
261 0()
261 0()
261 0()
261 0()
261 0()
261 0()
261 0()
261 0()
224 8(271 272 273 274 275 276 277 278)
270 0()
270 0()
270 0()
270 0()
270 0()
270 0()
270 0()
270 0()
224 8(280 281 282 283 284 285 286 287)
279 0()
279 0()
279 0()
279 0()
279 0()
279 0()
279 0()
279 0()
223 0()
223 0()
223 0()
223 0()
223 0()
223 0()
223 0()
296 0()
297 8(295 353 354 355 356 357 358 359)
-1 8(296 298 307 316 325 334 343 344)
297 8(299 300 301 302 303 304 305 306)
298 0()
298 0()
298 0()
298 0()
298 0()
298 0()
298 0()
298 0()
297 8(308 309 310 311 312 313 314 315)
307 0()
307 0()
307 0()
307 0()
307 0()
307 0()
307 0()
307 0()
297 8(317 318 319 320 321 322 323 324)
316 0()
316 0()
316 0()
316 0()
316 0()
316 0()
316 0()
316 0()
297 8(326 327 328 329 330 331 332 333)
325 0()
325 0()
325 0()
325 0()
325 0()
325 0()
325 0()
325 0()
297 8(335 336 337 338 339 340 341 342)
334 0()
334 0()
334 0()
334 0()
334 0()
334 0()
334 0()
334 0()
297 0()
297 8(345 346 347 348 349 350 351 352)
344 0()
344 0()
344 0()
344 0()
344 0()
344 0()
344 0()
344 0()
296 0()
296 0()
296 0()
296 0()
296 0()
296 0()
296 0()
361 0()
-1 8(360 362 363 364 365 366 367 368)
361 0()
361 0()
361 0()
361 0()
361 0()
361 0()
361 0()
370 0()
-1 8(369 371 372 381 382 383 384 393)
370 0()
370 8(373 374 375 376 377 378 379 380)
372 0()
372 0()
372 0()
372 0()
372 0()
372 0()
372 0()
372 0()
370 0()
370 0()
370 0()
370 8(385 386 387 388 389 390 391 392)
384 0()
384 0()
384 0()
384 0()
384 0()
384 0()
384 0()
384 0()
370 0()
395 0()
-1 8(394 396 397 398 399 408 417 426)
395 0()
395 0()
395 0()
395 8(400 401 402 403 404 405 406 407)
399 0()
399 0()
399 0()
399 0()
399 0()
399 0()
399 0()
399 0()
395 8(409 410 411 412 413 414 415 416)
408 0()
408 0()
408 0()
408 0()
408 0()
408 0()
408 0()
408 0()
395 8(418 419 420 421 422 423 424 425)
417 0()
417 0()
417 0()
417 0()
417 0()
417 0()
417 0()
417 0()
395 0()
428 0()
429 8(427 469 470 471 472 473 474 475)
-1 8(428 430 431 440 441 450 451 460)
429 0()
429 8(432 433 434 435 436 437 438 439)
431 0()
431 0()
431 0()
431 0()
431 0()
431 0()
431 0()
431 0()
429 0()
429 8(442 443 444 445 446 447 448 449)
441 0()
441 0()
441 0()
441 0()
441 0()
441 0()
441 0()
441 0()
429 0()
429 8(452 453 454 455 456 457 458 459)
451 0()
451 0()
451 0()
451 0()
451 0()
451 0()
451 0()
451 0()
429 8(461 462 463 464 465 466 467 468)
460 0()
460 0()
460 0()
460 0()
460 0()
460 0()
460 0()
460 0()
428 0()
428 0()
428 0()
428 0()
428 0()
428 0()
428 0()
477 0()
-1 8(476 478 479 480 481 482 483 484)
477 0()
477 0()
477 0()
477 0()
477 0()
477 0()
477 0()
486 0()
-1 8(485 487 488 489 490 491 492 493)
486 0()
486 0()
486 0()
486 0()
486 0()
486 0()
486 0()
495 0()
496 8(494 520 521 522 523 524 525 526)
-1 8(495 497 498 507 508 517 518 519)
496 0()
496 8(499 500 501 502 503 504 505 506)
498 0()
498 0()
498 0()
498 0()
498 0()
498 0()
498 0()
498 0()
496 0()
496 8(509 510 511 512 513 514 515 516)
508 0()
508 0()
508 0()
508 0()
508 0()
508 0()
508 0()
508 0()
496 0()
496 0()
496 0()
495 0()
495 0()
495 0()
495 0()
495 0()
495 0()
495 0()
528 0()
-1 8(527 529 530 531 532 541 550 559)
528 0()
528 0()
528 0()
528 8(533 534 535 536 537 538 539 540)
532 0()
532 0()
532 0()
532 0()
532 0()
532 0()
532 0()
532 0()
528 8(542 543 544 545 546 547 548 549)
541 0()
541 0()
541 0()
541 0()
541 0()
541 0()
541 0()
541 0()
528 8(551 552 553 554 555 556 557 558)
550 0()
550 0()
550 0()
550 0()
550 0()
550 0()
550 0()
550 0()
528 8(560 561 562 563 564 565 566 567)
559 0()
559 0()
559 0()
559 0()
559 0()
559 0()
559 0()
559 0()
569 0()
570 8(568 634 635 636 637 638 639 640)
-1 8(569 571 580 589 598 607 616 625)
570 8(572 573 574 575 576 577 578 579)
571 0()
571 0()
571 0()
571 0()
571 0()
571 0()
571 0()
571 0()
570 8(581 582 583 584 585 586 587 588)
580 0()
580 0()
580 0()
580 0()
580 0()
580 0()
580 0()
580 0()
570 8(590 591 592 593 594 595 596 597)
589 0()
589 0()
589 0()
589 0()
589 0()
589 0()
589 0()
589 0()
570 8(599 600 601 602 603 604 605 606)
598 0()
598 0()
598 0()
598 0()
598 0()
598 0()
598 0()
598 0()
570 8(608 609 610 611 612 613 614 615)
607 0()
607 0()
607 0()
607 0()
607 0()
607 0()
607 0()
607 0()
570 8(617 618 619 620 621 622 623 624)
616 0()
616 0()
616 0()
616 0()
616 0()
616 0()
616 0()
616 0()
570 8(626 627 628 629 630 631 632 633)
625 0()
625 0()
625 0()
625 0()
625 0()
625 0()
625 0()
625 0()
569 0()
569 0()
569 0()
569 0()
569 0()
569 0()
569 0()
642 0()
-1 8(641 643 644 653 654 663 672 681)
642 0()
642 8(645 646 647 648 649 650 651 652)
644 0()
644 0()
644 0()
644 0()
644 0()
644 0()
644 0()
644 0()
642 0()
642 8(655 656 657 658 659 660 661 662)
654 0()
654 0()
654 0()
654 0()
654 0()
654 0()
654 0()
654 0()
642 8(664 665 666 667 668 669 670 671)
663 0()
663 0()
663 0()
663 0()
663 0()
663 0()
663 0()
663 0()
642 8(673 674 675 676 677 678 679 680)
672 0()
672 0()
672 0()
672 0()
672 0()
672 0()
672 0()
672 0()
642 8(682 683 684 685 686 687 688 689)
681 0()
681 0()
681 0()
681 0()
681 0()
681 0()
681 0()
681 0()
691 0()
-1 8(690 692 693 694 695 696 697 698)
691 0()
691 0()
691 0()
691 0()
691 0()
691 0()
691 0()
700 0()
-1 8(699 701 702 703 704 705 706 707)
700 0()
700 0()
700 0()
700 0()
700 0()
700 0()
700 0()
709 0()
-1 8(708 710 711 712 713 714 715 716)
709 0()
709 0()
709 0()
709 0()
709 0()
709 0()
709 0()
718 0()
719 8(717 775 776 777 778 779 780 781)
-1 8(718 720 729 738 747 756 765 766)
719 8(721 722 723 724 725 726 727 728)
720 0()
720 0()
720 0()
720 0()
720 0()
720 0()
720 0()
720 0()
719 8(730 731 732 733 734 735 736 737)
729 0()
729 0()
729 0()
729 0()
729 0()
729 0()
729 0()
729 0()
719 8(739 740 741 742 743 744 745 746)
738 0()
738 0()
738 0()
738 0()
738 0()
738 0()
738 0()
738 0()
719 8(748 749 750 751 752 753 754 755)
747 0()
747 0()
747 0()
747 0()
747 0()
747 0()
747 0()
747 0()
719 8(757 758 759 760 761 762 763 764)
756 0()
756 0()
756 0()
756 0()
756 0()
756 0()
756 0()
756 0()
719 0()
719 8(767 768 769 770 771 772 773 774)
766 0()
766 0()
766 0()
766 0()
766 0()
766 0()
766 0()
766 0()
718 0()
718 0()
718 0()
718 0()
718 0()
718 0()
718 0()
783 0()
784 8(782 848 849 850 851 852 853 854)
-1 8(783 785 794 803 812 821 830 839)
784 8(786 787 788 789 790 791 792 793)
785 0()
785 0()
785 0()
785 0()
785 0()
785 0()
785 0()
785 0()
784 8(795 796 797 798 799 800 801 802)
794 0()
794 0()
794 0()
794 0()
794 0()
794 0()
794 0()
794 0()
784 8(804 805 806 807 808 809 810 811)
803 0()
803 0()
803 0()
803 0()
803 0()
803 0()
803 0()
803 0()
784 8(813 814 815 816 817 818 819 820)
812 0()
812 0()
812 0()
812 0()
812 0()
812 0()
812 0()
812 0()
784 8(822 823 824 825 826 827 828 829)
821 0()
821 0()
821 0()
821 0()
821 0()
821 0()
821 0()
821 0()
784 8(831 832 833 834 835 836 837 838)
830 0()
830 0()
830 0()
830 0()
830 0()
830 0()
830 0()
830 0()
784 8(840 841 842 843 844 845 846 847)
839 0()
839 0()
839 0()
839 0()
839 0()
839 0()
839 0()
839 0()
783 0()
783 0()
783 0()
783 0()
783 0()
783 0()
783 0()
856 0()
857 8(855 897 898 899 900 901 902 903)
-1 8(856 858 859 868 869 878 887 896)
857 0()
857 8(860 861 862 863 864 865 866 867)
859 0()
859 0()
859 0()
859 0()
859 0()
859 0()
859 0()
859 0()
857 0()
857 8(870 871 872 873 874 875 876 877)
869 0()
869 0()
869 0()
869 0()
869 0()
869 0()
869 0()
869 0()
857 8(879 880 881 882 883 884 885 886)
878 0()
878 0()
878 0()
878 0()
878 0()
878 0()
878 0()
878 0()
857 8(888 889 890 891 892 893 894 895)
887 0()
887 0()
887 0()
887 0()
887 0()
887 0()
887 0()
887 0()
857 0()
856 0()
856 0()
856 0()
856 0()
856 0()
856 0()
856 0()
905 0()
-1 8(904 906 907 908 909 910 911 912)
905 0()
905 0()
905 0()
905 0()
905 0()
905 0()
905 0()
914 0()
-1 8(913 915 916 917 918 919 920 921)
914 0()
914 0()
914 0()
914 0()
914 0()
914 0()
914 0()
923 0()
-1 8(922 924 925 926 927 928 929 930)
923 0()
923 0()
923 0()
923 0()
923 0()
923 0()
923 0()
932 0()
-1 8(931 933 934 935 944 945 954 963)
932 0()
932 0()
932 8(936 937 938 939 940 941 942 943)
935 0()
935 0()
935 0()
935 0()
935 0()
935 0()
935 0()
935 0()
932 0()
932 8(946 947 948 949 950 951 952 953)
945 0()
945 0()
945 0()
945 0()
945 0()
945 0()
945 0()
945 0()
932 8(955 956 957 958 959 960 961 962)
954 0()
954 0()
954 0()
954 0()
954 0()
954 0()
954 0()
954 0()
932 8(964 965 966 967 968 969 970 971)
963 0()
963 0()
963 0()
963 0()
963 0()
963 0()
963 0()
963 0()
973 0()
-1 8(972 974 975 984 985 986 987 996)
973 0()
973 8(976 977 978 979 980 981 982 983)
975 0()
975 0()
975 0()
975 0()
975 0()
975 0()
975 0()
975 0()
973 0()
973 0()
973 0()
973 8(988 989 990 991 992 993 994 995)
987 0()
987 0()
987 0()
987 0()
987 0()
987 0()
987 0()
987 0()
973 8(997 998 999 1000 1001 1002 1003 1004)
996 0()
996 0()
996 0()
996 0()
996 0()
996 0()
996 0()
996 0()
1006 0()
-1 8(1005 1007 1008 1009 1010 1011 1012 1013)
1006 0()
1006 0()
1006 0()
1006 0()
1006 0()
1006 0()
1006 0()
1015 0()
-1 8(1014 1016 1017 1018 1019 1020 1021 1022)
1015 0()
1015 0()
1015 0()
1015 0()
1015 0()
1015 0()
1015 0()
1024 0()
-1 8(1023 1025 1026 1027 1028 1029 1030 1031)
1024 0()
1024 0()
1024 0()
1024 0()
1024 0()
1024 0()
1024 0()
1033 0()
-1 8(1032 1034 1035 1036 1037 1038 1039 1040)
1033 0()
1033 0()
1033 0()
1033 0()
1033 0()
1033 0()
1033 0()
1042 0()
1043 8(1041 1107 1108 1109 1110 1111 1112 1113)
-1 8(1042 1044 1053 1062 1071 1080 1089 1098)
1043 8(1045 1046 1047 1048 1049 1050 1051 1052)
1044 0()
1044 0()
1044 0()
1044 0()
1044 0()
1044 0()
1044 0()
1044 0()
1043 8(1054 1055 1056 1057 1058 1059 1060 1061)
1053 0()
1053 0()
1053 0()
1053 0()
1053 0()
1053 0()
1053 0()
1053 0()
1043 8(1063 1064 1065 1066 1067 1068 1069 1070)
1062 0()
1062 0()
1062 0()
1062 0()
1062 0()
1062 0()
1062 0()
1062 0()
1043 8(1072 1073 1074 1075 1076 1077 1078 1079)
1071 0()
1071 0()
1071 0()
1071 0()
1071 0()
1071 0()
1071 0()
1071 0()
1043 8(1081 1082 1083 1084 1085 1086 1087 1088)
1080 0()
1080 0()
1080 0()
1080 0()
1080 0()
1080 0()
1080 0()
1080 0()
1043 8(1090 1091 1092 1093 1094 1095 1096 1097)
1089 0()
1089 0()
1089 0()
1089 0()
1089 0()
1089 0()
1089 0()
1089 0()
1043 8(1099 1100 1101 1102 1103 1104 1105 1106)
1098 0()
1098 0()
1098 0()
1098 0()
1098 0()
1098 0()
1098 0()
1098 0()
1042 0()
1042 0()
1042 0()
1042 0()
1042 0()
1042 0()
1042 0()
1115 0()
1116 8(1114 1164 1165 1166 1167 1168 1169 1170)
-1 8(1115 1117 1118 1127 1128 1137 1146 1155)
1116 0()
1116 8(1119 1120 1121 1122 1123 1124 1125 1126)
1118 0()
1118 0()
1118 0()
1118 0()
1118 0()
1118 0()
1118 0()
1118 0()
1116 0()
1116 8(1129 1130 1131 1132 1133 1134 1135 1136)
1128 0()
1128 0()
1128 0()
1128 0()
1128 0()
1128 0()
1128 0()
1128 0()
1116 8(1138 1139 1140 1141 1142 1143 1144 1145)
1137 0()
1137 0()
1137 0()
1137 0()
1137 0()
1137 0()
1137 0()
1137 0()
1116 8(1147 1148 1149 1150 1151 1152 1153 1154)
1146 0()
1146 0()
1146 0()
1146 0()
1146 0()
1146 0()
1146 0()
1146 0()
1116 8(1156 1157 1158 1159 1160 1161 1162 1163)
1155 0()
1155 0()
1155 0()
1155 0()
1155 0()
1155 0()
1155 0()
1155 0()
1115 0()
1115 0()
1115 0()
1115 0()
1115 0()
1115 0()
1115 0()
1172 0()
-1 8(1171 1173 1174 1175 1176 1177 1178 1179)
1172 0()
1172 0()
1172 0()
1172 0()
1172 0()
1172 0()
1172 0()
1181 0()
-1 8(1180 1182 1183 1184 1185 1186 1187 1188)
1181 0()
1181 0()
1181 0()
1181 0()
1181 0()
1181 0()
1181 0()
1190 0()
-1 8(1189 1191 1192 1193 1194 1195 1196 1197)
1190 0()
1190 0()
1190 0()
1190 0()
1190 0()
1190 0()
1190 0()
1199 0()
-1 8(1198 1200 1201 1202 1203 1204 1205 1206)
1199 0()
1199 0()
1199 0()
1199 0()
1199 0()
1199 0()
1199 0()
1208 0()
-1 8(1207 1209 1210 1211 1212 1221 1230 1231)
1208 0()
1208 0()
1208 0()
1208 8(1213 1214 1215 1216 1217 1218 1219 1220)
1212 0()
1212 0()
1212 0()
1212 0()
1212 0()
1212 0()
1212 0()
1212 0()
1208 8(1222 1223 1224 1225 1226 1227 1228 1229)
1221 0()
1221 0()
1221 0()
1221 0()
1221 0()
1221 0()
1221 0()
1221 0()
1208 0()
1208 0()
1233 0()
-1 8(1232 1234 1235 1236 1237 1246 1255 1256)
1233 0()
1233 0()
1233 0()
1233 8(1238 1239 1240 1241 1242 1243 1244 1245)
1237 0()
1237 0()
1237 0()
1237 0()
1237 0()
1237 0()
1237 0()
1237 0()
1233 8(1247 1248 1249 1250 1251 1252 1253 1254)
1246 0()
1246 0()
1246 0()
1246 0()
1246 0()
1246 0()
1246 0()
1246 0()
1233 0()
1233 0()
1258 0()
-1 8(1257 1259 1268 1269 1278 1279 1280 1281)
1258 8(1260 1261 1262 1263 1264 1265 1266 1267)
1259 0()
1259 0()
1259 0()
1259 0()
1259 0()
1259 0()
1259 0()
1259 0()
1258 0()
1258 8(1270 1271 1272 1273 1274 1275 1276 1277)
1269 0()
1269 0()
1269 0()
1269 0()
1269 0()
1269 0()
1269 0()
1269 0()
1258 0()
1258 0()
1258 0()
1258 0()
1283 0()
-1 8(1282 1284 1285 1286 1287 1288 1289 1290)
1283 0()
1283 0()
1283 0()
1283 0()
1283 0()
1283 0()
1283 0()
1292 0()
-1 8(1291 1293 1294 1295 1296 1297 1298 1299)
1292 0()
1292 0()
1292 0()
1292 0()
1292 0()
1292 0()
1292 0()
1301 0()
1302 8(1300 1358 1359 1360 1361 1362 1363 1364)
-1 8(1301 1303 1312 1321 1330 1331 1340 1349)
1302 8(1304 1305 1306 1307 1308 1309 1310 1311)
1303 0()
1303 0()
1303 0()
1303 0()
1303 0()
1303 0()
1303 0()
1303 0()
1302 8(1313 1314 1315 1316 1317 1318 1319 1320)
1312 0()
1312 0()
1312 0()
1312 0()
1312 0()
1312 0()
1312 0()
1312 0()
1302 8(1322 1323 1324 1325 1326 1327 1328 1329)
1321 0()
1321 0()
1321 0()
1321 0()
1321 0()
1321 0()
1321 0()
1321 0()
1302 0()
1302 8(1332 1333 1334 1335 1336 1337 1338 1339)
1331 0()
1331 0()
1331 0()
1331 0()
1331 0()
1331 0()
1331 0()
1331 0()
1302 8(1341 1342 1343 1344 1345 1346 1347 1348)
1340 0()
1340 0()
1340 0()
1340 0()
1340 0()
1340 0()
1340 0()
1340 0()
1302 8(1350 1351 1352 1353 1354 1355 1356 1357)
1349 0()
1349 0()
1349 0()
1349 0()
1349 0()
1349 0()
1349 0()
1349 0()
1301 0()
1301 0()
1301 0()
1301 0()
1301 0()
1301 0()
1301 0()
1366 0()
-1 8(1365 1367 1368 1369 1370 1371 1372 1373)
1366 0()
1366 0()
1366 0()
1366 0()
1366 0()
1366 0()
1366 0()
1375 0()
-1 8(1374 1376 1377 1378 1379 1380 1381 1382)
1375 0()
1375 0()
1375 0()
1375 0()
1375 0()
1375 0()
1375 0()
1384 0()
-1 8(1383 1385 1386 1387 1388 1389 1390 1391)
1384 0()
1384 0()
1384 0()
1384 0()
1384 0()
1384 0()
1384 0()
1393 0()
1394 8(1392 1434 1435 1436 1437 1438 1439 1440)
-1 8(1393 1395 1404 1413 1414 1423 1432 1433)
1394 8(1396 1397 1398 1399 1400 1401 1402 1403)
1395 0()
1395 0()
1395 0()
1395 0()
1395 0()
1395 0()
1395 0()
1395 0()
1394 8(1405 1406 1407 1408 1409 1410 1411 1412)
1404 0()
1404 0()
1404 0()
1404 0()
1404 0()
1404 0()
1404 0()
1404 0()
1394 0()
1394 8(1415 1416 1417 1418 1419 1420 1421 1422)
1414 0()
1414 0()
1414 0()
1414 0()
1414 0()
1414 0()
1414 0()
1414 0()
1394 8(1424 1425 1426 1427 1428 1429 1430 1431)
1423 0()
1423 0()
1423 0()
1423 0()
1423 0()
1423 0()
1423 0()
1423 0()
1394 0()
1394 0()
1393 0()
1393 0()
1393 0()
1393 0()
1393 0()
1393 0()
1393 0()
1442 0()
-1 8(1441 1443 1444 1445 1446 1447 1448 1449)
1442 0()
1442 0()
1442 0()
1442 0()
1442 0()
1442 0()
1442 0()
1451 0()
-1 8(1450 1452 1453 1454 1455 1456 1457 1458)
1451 0()
1451 0()
1451 0()
1451 0()
1451 0()
1451 0()
1451 0()
1460 0()
-1 8(1459 1461 1462 1471 1472 1473 1474 1475)
1460 0()
1460 8(1463 1464 1465 1466 1467 1468 1469 1470)
1462 0()
1462 0()
1462 0()
1462 0()
1462 0()
1462 0()
1462 0()
1462 0()
1460 0()
1460 0()
1460 0()
1460 0()
1460 0()
1477 0()
-1 8(1476 1478 1479 1488 1497 1498 1499 1500)
1477 0()
1477 8(1480 1481 1482 1483 1484 1485 1486 1487)
1479 0()
1479 0()
1479 0()
1479 0()
1479 0()
1479 0()
1479 0()
1479 0()
1477 8(1489 1490 1491 1492 1493 1494 1495 1496)
1488 0()
1488 0()
1488 0()
1488 0()
1488 0()
1488 0()
1488 0()
1488 0()
1477 0()
1477 0()
1477 0()
1477 8(1501 1502 1503 1504 1505 1506 1507 1508)
1500 0()
1500 0()
1500 0()
1500 0()
1500 0()
1500 0()
1500 0()
1500 0()
1510 0()
1511 8(1509 1527 1528 1529 1530 1531 1532 1533)
-1 8(1510 1512 1513 1522 1523 1524 1525 1526)
1511 0()
1511 8(1514 1515 1516 1517 1518 1519 1520 1521)
1513 0()
1513 0()
1513 0()
1513 0()
1513 0()
1513 0()
1513 0()
1513 0()
1511 0()
1511 0()
1511 0()
1511 0()
1511 0()
1510 0()
1510 0()
1510 0()
1510 0()
1510 0()
1510 0()
1510 0()
1535 0()
1536 8(1534 1568 1569 1570 1571 1572 1573 1574)
-1 8(1535 1537 1546 1555 1564 1565 1566 1567)
1536 8(1538 1539 1540 1541 1542 1543 1544 1545)
1537 0()
1537 0()
1537 0()
1537 0()
1537 0()
1537 0()
1537 0()
1537 0()
1536 8(1547 1548 1549 1550 1551 1552 1553 1554)
1546 0()
1546 0()
1546 0()
1546 0()
1546 0()
1546 0()
1546 0()
1546 0()
1536 8(1556 1557 1558 1559 1560 1561 1562 1563)
1555 0()
1555 0()
1555 0()
1555 0()
1555 0()
1555 0()
1555 0()
1555 0()
1536 0()
1536 0()
1536 0()
1536 0()
1535 0()
1535 0()
1535 0()
1535 0()
1535 0()
1535 0()
1535 0()
1576 0()
1577 8(1575 1601 1602 1603 1604 1605 1606 1607)
-1 8(1576 1578 1579 1588 1597 1598 1599 1600)
1577 0()
1577 8(1580 1581 1582 1583 1584 1585 1586 1587)
1579 0()
1579 0()
1579 0()
1579 0()
1579 0()
1579 0()
1579 0()
1579 0()
1577 8(1589 1590 1591 1592 1593 1594 1595 1596)
1588 0()
1588 0()
1588 0()
1588 0()
1588 0()
1588 0()
1588 0()
1588 0()
1577 0()
1577 0()
1577 0()
1577 0()
1576 0()
1576 0()
1576 0()
1576 0()
1576 0()
1576 0()
1576 0()
1609 0()
1610 8(1608 1666 1667 1668 1669 1670 1671 1672)
-1 8(1609 1611 1620 1629 1638 1639 1648 1657)
1610 8(1612 1613 1614 1615 1616 1617 1618 1619)
1611 0()
1611 0()
1611 0()
1611 0()
1611 0()
1611 0()
1611 0()
1611 0()
1610 8(1621 1622 1623 1624 1625 1626 1627 1628)
1620 0()
1620 0()
1620 0()
1620 0()
1620 0()
1620 0()
1620 0()
1620 0()
1610 8(1630 1631 1632 1633 1634 1635 1636 1637)
1629 0()
1629 0()
1629 0()
1629 0()
1629 0()
1629 0()
1629 0()
1629 0()
1610 0()
1610 8(1640 1641 1642 1643 1644 1645 1646 1647)
1639 0()
1639 0()
1639 0()
1639 0()
1639 0()
1639 0()
1639 0()
1639 0()
1610 8(1649 1650 1651 1652 1653 1654 1655 1656)
1648 0()
1648 0()
1648 0()
1648 0()
1648 0()
1648 0()
1648 0()
1648 0()
1610 8(1658 1659 1660 1661 1662 1663 1664 1665)
1657 0()
1657 0()
1657 0()
1657 0()
1657 0()
1657 0()
1657 0()
1657 0()
1609 0()
1609 0()
1609 0()
1609 0()
1609 0()
1609 0()
1609 0()
1674 0()
1675 8(1673 1723 1724 1725 1726 1727 1728 1729)
-1 8(1674 1676 1685 1686 1687 1696 1705 1714)
1675 8(1677 1678 1679 1680 1681 1682 1683 1684)
1676 0()
1676 0()
1676 0()
1676 0()
1676 0()
1676 0()
1676 0()
1676 0()
1675 0()
1675 0()
1675 8(1688 1689 1690 1691 1692 1693 1694 1695)
1687 0()
1687 0()
1687 0()
1687 0()
1687 0()
1687 0()
1687 0()
1687 0()
1675 8(1697 1698 1699 1700 1701 1702 1703 1704)
1696 0()
1696 0()
1696 0()
1696 0()
1696 0()
1696 0()
1696 0()
1696 0()
1675 8(1706 1707 1708 1709 1710 1711 1712 1713)
1705 0()
1705 0()
1705 0()
1705 0()
1705 0()
1705 0()
1705 0()
1705 0()
1675 8(1715 1716 1717 1718 1719 1720 1721 1722)
1714 0()
1714 0()
1714 0()
1714 0()
1714 0()
1714 0()
1714 0()
1714 0()
1674 0()
1674 0()
1674 0()
1674 0()
1674 0()
1674 0()
1674 0()
1731 0()
-1 8(1730 1732 1733 1742 1751 1752 1753 1762)
1731 0()
1731 8(1734 1735 1736 1737 1738 1739 1740 1741)
1733 0()
1733 0()
1733 0()
1733 0()
1733 0()
1733 0()
1733 0()
1733 0()
1731 8(1743 1744 1745 1746 1747 1748 1749 1750)
1742 0()
1742 0()
1742 0()
1742 0()
1742 0()
1742 0()
1742 0()
1742 0()
1731 0()
1731 0()
1731 8(1754 1755 1756 1757 1758 1759 1760 1761)
1753 0()
1753 0()
1753 0()
1753 0()
1753 0()
1753 0()
1753 0()
1753 0()
1731 0()
1764 0()
1765 8(1763 1805 1806 1807 1808 1809 1810 1811)
-1 8(1764 1766 1775 1784 1785 1786 1787 1796)
1765 8(1767 1768 1769 1770 1771 1772 1773 1774)
1766 0()
1766 0()
1766 0()
1766 0()
1766 0()
1766 0()
1766 0()
1766 0()
1765 8(1776 1777 1778 1779 1780 1781 1782 1783)
1775 0()
1775 0()
1775 0()
1775 0()
1775 0()
1775 0()
1775 0()
1775 0()
1765 0()
1765 0()
1765 0()
1765 8(1788 1789 1790 1791 1792 1793 1794 1795)
1787 0()
1787 0()
1787 0()
1787 0()
1787 0()
1787 0()
1787 0()
1787 0()
1765 8(1797 1798 1799 1800 1801 1802 1803 1804)
1796 0()
1796 0()
1796 0()
1796 0()
1796 0()
1796 0()
1796 0()
1796 0()
1764 0()
1764 0()
1764 0()
1764 0()
1764 0()
1764 0()
1764 0()
1813 0()
1814 8(1812 1870 1871 1872 1873 1874 1875 1876)
-1 8(1813 1815 1824 1833 1842 1851 1860 1869)
1814 8(1816 1817 1818 1819 1820 1821 1822 1823)
1815 0()
1815 0()
1815 0()
1815 0()
1815 0()
1815 0()
1815 0()
1815 0()
1814 8(1825 1826 1827 1828 1829 1830 1831 1832)
1824 0()
1824 0()
1824 0()
1824 0()
1824 0()
1824 0()
1824 0()
1824 0()
1814 8(1834 1835 1836 1837 1838 1839 1840 1841)
1833 0()
1833 0()
1833 0()
1833 0()
1833 0()
1833 0()
1833 0()
1833 0()
1814 8(1843 1844 1845 1846 1847 1848 1849 1850)
1842 0()
1842 0()
1842 0()
1842 0()
1842 0()
1842 0()
1842 0()
1842 0()
1814 8(1852 1853 1854 1855 1856 1857 1858 1859)
1851 0()
1851 0()
1851 0()
1851 0()
1851 0()
1851 0()
1851 0()
1851 0()
1814 8(1861 1862 1863 1864 1865 1866 1867 1868)
1860 0()
1860 0()
1860 0()
1860 0()
1860 0()
1860 0()
1860 0()
1860 0()
1814 0()
1813 0()
1813 0()
1813 0()
1813 0()
1813 0()
1813 0()
1813 0()
1878 0()
-1 8(1877 1879 1880 1889 1890 1891 1892 1901)
1878 0()
1878 8(1881 1882 1883 1884 1885 1886 1887 1888)
1880 0()
1880 0()
1880 0()
1880 0()
1880 0()
1880 0()
1880 0()
1880 0()
1878 0()
1878 0()
1878 0()
1878 8(1893 1894 1895 1896 1897 1898 1899 1900)
1892 0()
1892 0()
1892 0()
1892 0()
1892 0()
1892 0()
1892 0()
1892 0()
1878 0()
1903 0()
-1 8(1902 1904 1905 1906 1907 1908 1909 1910)
1903 0()
1903 0()
1903 0()
1903 0()
1903 0()
1903 0()
1903 0()
1912 0()
1913 8(1911 1977 1978 1979 1980 1981 1982 1983)
-1 8(1912 1914 1923 1932 1941 1950 1959 1968)
1913 8(1915 1916 1917 1918 1919 1920 1921 1922)
1914 0()
1914 0()
1914 0()
1914 0()
1914 0()
1914 0()
1914 0()
1914 0()
1913 8(1924 1925 1926 1927 1928 1929 1930 1931)
1923 0()
1923 0()
1923 0()
1923 0()
1923 0()
1923 0()
1923 0()
1923 0()
1913 8(1933 1934 1935 1936 1937 1938 1939 1940)
1932 0()
1932 0()
1932 0()
1932 0()
1932 0()
1932 0()
1932 0()
1932 0()
1913 8(1942 1943 1944 1945 1946 1947 1948 1949)
1941 0()
1941 0()
1941 0()
1941 0()
1941 0()
1941 0()
1941 0()
1941 0()
1913 8(1951 1952 1953 1954 1955 1956 1957 1958)
1950 0()
1950 0()
1950 0()
1950 0()
1950 0()
1950 0()
1950 0()
1950 0()
1913 8(1960 1961 1962 1963 1964 1965 1966 1967)
1959 0()
1959 0()
1959 0()
1959 0()
1959 0()
1959 0()
1959 0()
1959 0()
1913 8(1969 1970 1971 1972 1973 1974 1975 1976)
1968 0()
1968 0()
1968 0()
1968 0()
1968 0()
1968 0()
1968 0()
1968 0()
1912 0()
1912 0()
1912 0()
1912 0()
1912 0()
1912 0()
1912 0()
1985 0()
1986 8(1984 2050 2051 2052 2053 2054 2055 2056)
-1 8(1985 1987 1996 2005 2014 2023 2032 2041)
1986 8(1988 1989 1990 1991 1992 1993 1994 1995)
1987 0()
1987 0()
1987 0()
1987 0()
1987 0()
1987 0()
1987 0()
1987 0()
1986 8(1997 1998 1999 2000 2001 2002 2003 2004)
1996 0()
1996 0()
1996 0()
1996 0()
1996 0()
1996 0()
1996 0()
1996 0()
1986 8(2006 2007 2008 2009 2010 2011 2012 2013)
2005 0()
2005 0()
2005 0()
2005 0()
2005 0()
2005 0()
2005 0()
2005 0()
1986 8(2015 2016 2017 2018 2019 2020 2021 2022)
2014 0()
2014 0()
2014 0()
2014 0()
2014 0()
2014 0()
2014 0()
2014 0()
1986 8(2024 2025 2026 2027 2028 2029 2030 2031)
2023 0()
2023 0()
2023 0()
2023 0()
2023 0()
2023 0()
2023 0()
2023 0()
1986 8(2033 2034 2035 2036 2037 2038 2039 2040)
2032 0()
2032 0()
2032 0()
2032 0()
2032 0()
2032 0()
2032 0()
2032 0()
1986 8(2042 2043 2044 2045 2046 2047 2048 2049)
2041 0()
2041 0()
2041 0()
2041 0()
2041 0()
2041 0()
2041 0()
2041 0()
1985 0()
1985 0()
1985 0()
1985 0()
1985 0()
1985 0()
1985 0()
2058 0()
2059 8(2057 2115 2116 2117 2118 2119 2120 2121)
-1 8(2058 2060 2069 2078 2087 2096 2097 2106)
2059 8(2061 2062 2063 2064 2065 2066 2067 2068)
2060 0()
2060 0()
2060 0()
2060 0()
2060 0()
2060 0()
2060 0()
2060 0()
2059 8(2070 2071 2072 2073 2074 2075 2076 2077)
2069 0()
2069 0()
2069 0()
2069 0()
2069 0()
2069 0()
2069 0()
2069 0()
2059 8(2079 2080 2081 2082 2083 2084 2085 2086)
2078 0()
2078 0()
2078 0()
2078 0()
2078 0()
2078 0()
2078 0()
2078 0()
2059 8(2088 2089 2090 2091 2092 2093 2094 2095)
2087 0()
2087 0()
2087 0()
2087 0()
2087 0()
2087 0()
2087 0()
2087 0()
2059 0()
2059 8(2098 2099 2100 2101 2102 2103 2104 2105)
2097 0()
2097 0()
2097 0()
2097 0()
2097 0()
2097 0()
2097 0()
2097 0()
2059 8(2107 2108 2109 2110 2111 2112 2113 2114)
2106 0()
2106 0()
2106 0()
2106 0()
2106 0()
2106 0()
2106 0()
2106 0()
2058 0()
2058 0()
2058 0()
2058 0()
2058 0()
2058 0()
2058 0()
2123 0()
2124 8(2122 2188 2189 2190 2191 2192 2193 2194)
-1 8(2123 2125 2134 2143 2152 2161 2170 2179)
2124 8(2126 2127 2128 2129 2130 2131 2132 2133)
2125 0()
2125 0()
2125 0()
2125 0()
2125 0()
2125 0()
2125 0()
2125 0()
2124 8(2135 2136 2137 2138 2139 2140 2141 2142)
2134 0()
2134 0()
2134 0()
2134 0()
2134 0()
2134 0()
2134 0()
2134 0()
2124 8(2144 2145 2146 2147 2148 2149 2150 2151)
2143 0()
2143 0()
2143 0()
2143 0()
2143 0()
2143 0()
2143 0()
2143 0()
2124 8(2153 2154 2155 2156 2157 2158 2159 2160)
2152 0()
2152 0()
2152 0()
2152 0()
2152 0()
2152 0()
2152 0()
2152 0()
2124 8(2162 2163 2164 2165 2166 2167 2168 2169)
2161 0()
2161 0()
2161 0()
2161 0()
2161 0()
2161 0()
2161 0()
2161 0()
2124 8(2171 2172 2173 2174 2175 2176 2177 2178)
2170 0()
2170 0()
2170 0()
2170 0()
2170 0()
2170 0()
2170 0()
2170 0()
2124 8(2180 2181 2182 2183 2184 2185 2186 2187)
2179 0()
2179 0()
2179 0()
2179 0()
2179 0()
2179 0()
2179 0()
2179 0()
2123 0()
2123 0()
2123 0()
2123 0()
2123 0()
2123 0()
2123 0()
2196 0()
-1 8(2195 2197 2198 2199 2200 2201 2202 2203)
2196 0()
2196 0()
2196 0()
2196 0()
2196 0()
2196 0()
2196 0()
2205 0()
-1 8(2204 2206 2207 2208 2209 2210 2211 2212)
2205 0()
2205 0()
2205 0()
2205 0()
2205 0()
2205 0()
2205 0()
2214 0()
2215 8(2213 2239 2240 2241 2242 2243 2244 2245)
-1 8(2214 2216 2225 2226 2227 2236 2237 2238)
2215 8(2217 2218 2219 2220 2221 2222 2223 2224)
2216 0()
2216 0()
2216 0()
2216 0()
2216 0()
2216 0()
2216 0()
2216 0()
2215 0()
2215 0()
2215 8(2228 2229 2230 2231 2232 2233 2234 2235)
2227 0()
2227 0()
2227 0()
2227 0()
2227 0()
2227 0()
2227 0()
2227 0()
2215 0()
2215 0()
2215 0()
2214 0()
2214 0()
2214 0()
2214 0()
2214 0()
2214 0()
2214 0()
2247 0()
2248 8(2246 2296 2297 2298 2299 2300 2301 2302)
-1 8(2247 2249 2258 2259 2268 2277 2286 2287)
2248 8(2250 2251 2252 2253 2254 2255 2256 2257)
2249 0()
2249 0()
2249 0()
2249 0()
2249 0()
2249 0()
2249 0()
2249 0()
2248 0()
2248 8(2260 2261 2262 2263 2264 2265 2266 2267)
2259 0()
2259 0()
2259 0()
2259 0()
2259 0()
2259 0()
2259 0()
2259 0()
2248 8(2269 2270 2271 2272 2273 2274 2275 2276)
2268 0()
2268 0()
2268 0()
2268 0()
2268 0()
2268 0()
2268 0()
2268 0()
2248 8(2278 2279 2280 2281 2282 2283 2284 2285)
2277 0()
2277 0()
2277 0()
2277 0()
2277 0()
2277 0()
2277 0()
2277 0()
2248 0()
2248 8(2288 2289 2290 2291 2292 2293 2294 2295)
2287 0()
2287 0()
2287 0()
2287 0()
2287 0()
2287 0()
2287 0()
2287 0()
2247 0()
2247 0()
2247 0()
2247 0()
2247 0()
2247 0()
2247 0()
2304 0()
2305 8(2303 2353 2354 2355 2356 2357 2358 2359)
-1 8(2304 2306 2315 2324 2333 2342 2343 2352)
2305 8(2307 2308 2309 2310 2311 2312 2313 2314)
2306 0()
2306 0()
2306 0()
2306 0()
2306 0()
2306 0()
2306 0()
2306 0()
2305 8(2316 2317 2318 2319 2320 2321 2322 2323)
2315 0()
2315 0()
2315 0()
2315 0()
2315 0()
2315 0()
2315 0()
2315 0()
2305 8(2325 2326 2327 2328 2329 2330 2331 2332)
2324 0()
2324 0()
2324 0()
2324 0()
2324 0()
2324 0()
2324 0()
2324 0()
2305 8(2334 2335 2336 2337 2338 2339 2340 2341)
2333 0()
2333 0()
2333 0()
2333 0()
2333 0()
2333 0()
2333 0()
2333 0()
2305 0()
2305 8(2344 2345 2346 2347 2348 2349 2350 2351)
2343 0()
2343 0()
2343 0()
2343 0()
2343 0()
2343 0()
2343 0()
2343 0()
2305 0()
2304 0()
2304 0()
2304 0()
2304 0()
2304 0()
2304 0()
2304 0()
2361 0()
2362 8(2360 2394 2395 2396 2397 2398 2399 2400)
-1 8(2361 2363 2372 2373 2374 2383 2392 2393)
2362 8(2364 2365 2366 2367 2368 2369 2370 2371)
2363 0()
2363 0()
2363 0()
2363 0()
2363 0()
2363 0()
2363 0()
2363 0()
2362 0()
2362 0()
2362 8(2375 2376 2377 2378 2379 2380 2381 2382)
2374 0()
2374 0()
2374 0()
2374 0()
2374 0()
2374 0()
2374 0()
2374 0()
2362 8(2384 2385 2386 2387 2388 2389 2390 2391)
2383 0()
2383 0()
2383 0()
2383 0()
2383 0()
2383 0()
2383 0()
2383 0()
2362 0()
2362 0()
2361 0()
2361 0()
2361 0()
2361 0()
2361 0()
2361 0()
2361 0()
2402 0()
-1 8(2401 2403 2404 2405 2406 2407 2408 2409)
2402 0()
2402 0()
2402 0()
2402 0()
2402 0()
2402 0()
2402 0()
2411 0()
-1 8(2410 2412 2413 2414 2415 2416 2417 2418)
2411 0()
2411 0()
2411 0()
2411 0()
2411 0()
2411 0()
2411 0()
2420 0()
-1 8(2419 2421 2422 2423 2424 2425 2426 2427)
2420 0()
2420 0()
2420 0()
2420 0()
2420 0()
2420 0()
2420 0()
2429 0()
2430 8(2428 2486 2487 2488 2489 2490 2491 2492)
-1 8(2429 2431 2440 2449 2458 2459 2468 2477)
2430 8(2432 2433 2434 2435 2436 2437 2438 2439)
2431 0()
2431 0()
2431 0()
2431 0()
2431 0()
2431 0()
2431 0()
2431 0()
2430 8(2441 2442 2443 2444 2445 2446 2447 2448)
2440 0()
2440 0()
2440 0()
2440 0()
2440 0()
2440 0()
2440 0()
2440 0()
2430 8(2450 2451 2452 2453 2454 2455 2456 2457)
2449 0()
2449 0()
2449 0()
2449 0()
2449 0()
2449 0()
2449 0()
2449 0()
2430 0()
2430 8(2460 2461 2462 2463 2464 2465 2466 2467)
2459 0()
2459 0()
2459 0()
2459 0()
2459 0()
2459 0()
2459 0()
2459 0()
2430 8(2469 2470 2471 2472 2473 2474 2475 2476)
2468 0()
2468 0()
2468 0()
2468 0()
2468 0()
2468 0()
2468 0()
2468 0()
2430 8(2478 2479 2480 2481 2482 2483 2484 2485)
2477 0()
2477 0()
2477 0()
2477 0()
2477 0()
2477 0()
2477 0()
2477 0()
2429 0()
2429 0()
2429 0()
2429 0()
2429 0()
2429 0()
2429 0()
2494 0()
2495 8(2493 2527 2528 2529 2530 2531 2532 2533)
-1 8(2494 2496 2497 2506 2515 2516 2517 2526)
2495 0()
2495 8(2498 2499 2500 2501 2502 2503 2504 2505)
2497 0()
2497 0()
2497 0()
2497 0()
2497 0()
2497 0()
2497 0()
2497 0()
2495 8(2507 2508 2509 2510 2511 2512 2513 2514)
2506 0()
2506 0()
2506 0()
2506 0()
2506 0()
2506 0()
2506 0()
2506 0()
2495 0()
2495 0()
2495 8(2518 2519 2520 2521 2522 2523 2524 2525)
2517 0()
2517 0()
2517 0()
2517 0()
2517 0()
2517 0()
2517 0()
2517 0()
2495 0()
2494 0()
2494 0()
2494 0()
2494 0()
2494 0()
2494 0()
2494 0()
2535 0()
-1 8(2534 2536 2537 2538 2539 2540 2541 2542)
2535 0()
2535 0()
2535 0()
2535 0()
2535 0()
2535 0()
2535 0()
2544 0()
-1 8(2543 2545 2546 2547 2548 2549 2550 2551)
2544 0()
2544 0()
2544 0()
2544 0()
2544 0()
2544 0()
2544 0()
2553 0()
-1 8(2552 2554 2555 2556 2557 2558 2559 2560)
2553 0()
2553 0()
2553 0()
2553 0()
2553 0()
2553 0()
2553 0()
2562 0()
-1 8(2561 2563 2564 2565 2566 2567 2568 2569)
2562 0()
2562 0()
2562 0()
2562 0()
2562 0()
2562 0()
2562 0()
2571 0()
2572 8(2570 2636 2637 2638 2639 2640 2641 2642)
-1 8(2571 2573 2582 2591 2600 2609 2618 2627)
2572 8(2574 2575 2576 2577 2578 2579 2580 2581)
2573 0()
2573 0()
2573 0()
2573 0()
2573 0()
2573 0()
2573 0()
2573 0()
2572 8(2583 2584 2585 2586 2587 2588 2589 2590)
2582 0()
2582 0()
2582 0()
2582 0()
2582 0()
2582 0()
2582 0()
2582 0()
2572 8(2592 2593 2594 2595 2596 2597 2598 2599)
2591 0()
2591 0()
2591 0()
2591 0()
2591 0()
2591 0()
2591 0()
2591 0()
2572 8(2601 2602 2603 2604 2605 2606 2607 2608)
2600 0()
2600 0()
2600 0()
2600 0()
2600 0()
2600 0()
2600 0()
2600 0()
2572 8(2610 2611 2612 2613 2614 2615 2616 2617)
2609 0()
2609 0()
2609 0()
2609 0()
2609 0()
2609 0()
2609 0()
2609 0()
2572 8(2619 2620 2621 2622 2623 2624 2625 2626)
2618 0()
2618 0()
2618 0()
2618 0()
2618 0()
2618 0()
2618 0()
2618 0()
2572 8(2628 2629 2630 2631 2632 2633 2634 2635)
2627 0()
2627 0()
2627 0()
2627 0()
2627 0()
2627 0()
2627 0()
2627 0()
2571 0()
2571 0()
2571 0()
2571 0()
2571 0()
2571 0()
2571 0()
2644 0()
2645 8(2643 2693 2694 2695 2696 2697 2698 2699)
-1 8(2644 2646 2655 2664 2673 2682 2683 2692)
2645 8(2647 2648 2649 2650 2651 2652 2653 2654)
2646 0()
2646 0()
2646 0()
2646 0()
2646 0()
2646 0()
2646 0()
2646 0()
2645 8(2656 2657 2658 2659 2660 2661 2662 2663)
2655 0()
2655 0()
2655 0()
2655 0()
2655 0()
2655 0()
2655 0()
2655 0()
2645 8(2665 2666 2667 2668 2669 2670 2671 2672)
2664 0()
2664 0()
2664 0()
2664 0()
2664 0()
2664 0()
2664 0()
2664 0()
2645 8(2674 2675 2676 2677 2678 2679 2680 2681)
2673 0()
2673 0()
2673 0()
2673 0()
2673 0()
2673 0()
2673 0()
2673 0()
2645 0()
2645 8(2684 2685 2686 2687 2688 2689 2690 2691)
2683 0()
2683 0()
2683 0()
2683 0()
2683 0()
2683 0()
2683 0()
2683 0()
2645 0()
2644 0()
2644 0()
2644 0()
2644 0()
2644 0()
2644 0()
2644 0()
2701 0()
-1 8(2700 2702 2703 2704 2705 2706 2707 2708)
2701 0()
2701 0()
2701 0()
2701 0()
2701 0()
2701 0()
2701 0()
2710 0()
-1 8(2709 2711 2712 2713 2714 2715 2716 2717)
2710 0()
2710 0()
2710 0()
2710 0()
2710 0()
2710 0()
2710 0()
2719 0()
-1 8(2718 2720 2721 2722 2723 2724 2725 2726)
2719 0()
2719 0()
2719 0()
2719 0()
2719 0()
2719 0()
2719 0()
2728 0()
-1 8(2727 2729 2730 2731 2732 2733 2734 2735)
2728 0()
2728 0()
2728 0()
2728 0()
2728 0()
2728 0()
2728 0()
2737 0()
-1 8(2736 2738 2739 2740 2741 2742 2743 2744)
2737 0()
2737 0()
2737 0()
2737 0()
2737 0()
2737 0()
2737 0()
2746 0()
-1 8(2745 2747 2748 2749 2750 2751 2752 2753)
2746 0()
2746 0()
2746 0()
2746 0()
2746 0()
2746 0()
2746 0()
2755 0()
-1 8(2754 2756 2757 2758 2759 2760 2761 2762)
2755 0()
2755 0()
2755 0()
2755 0()
2755 0()
2755 0()
2755 0()
2764 0()
-1 8(2763 2765 2766 2775 2784 2785 2786 2795)
2764 0()
2764 8(2767 2768 2769 2770 2771 2772 2773 2774)
2766 0()
2766 0()
2766 0()
2766 0()
2766 0()
2766 0()
2766 0()
2766 0()
2764 8(2776 2777 2778 2779 2780 2781 2782 2783)
2775 0()
2775 0()
2775 0()
2775 0()
2775 0()
2775 0()
2775 0()
2775 0()
2764 0()
2764 0()
2764 8(2787 2788 2789 2790 2791 2792 2793 2794)
2786 0()
2786 0()
2786 0()
2786 0()
2786 0()
2786 0()
2786 0()
2786 0()
2764 8(2796 2797 2798 2799 2800 2801 2802 2803)
2795 0()
2795 0()
2795 0()
2795 0()
2795 0()
2795 0()
2795 0()
2795 0()
2805 0()
-1 8(2804 2806 2807 2808 2809 2810 2811 2812)
2805 0()
2805 0()
2805 0()
2805 0()
2805 0()
2805 0()
2805 0()
2814 0()
-1 8(2813 2815 2816 2817 2818 2819 2820 2821)
2814 0()
2814 0()
2814 0()
2814 0()
2814 0()
2814 0()
2814 0()
2823 0()
-1 8(2822 2824 2825 2826 2827 2828 2829 2830)
2823 0()
2823 0()
2823 0()
2823 0()
2823 0()
2823 0()
2823 0()
2832 0()
2833 8(2831 2897 2898 2899 2900 2901 2902 2903)
-1 8(2832 2834 2843 2852 2861 2870 2879 2888)
2833 8(2835 2836 2837 2838 2839 2840 2841 2842)
2834 0()
2834 0()
2834 0()
2834 0()
2834 0()
2834 0()
2834 0()
2834 0()
2833 8(2844 2845 2846 2847 2848 2849 2850 2851)
2843 0()
2843 0()
2843 0()
2843 0()
2843 0()
2843 0()
2843 0()
2843 0()
2833 8(2853 2854 2855 2856 2857 2858 2859 2860)
2852 0()
2852 0()
2852 0()
2852 0()
2852 0()
2852 0()
2852 0()
2852 0()
2833 8(2862 2863 2864 2865 2866 2867 2868 2869)
2861 0()
2861 0()
2861 0()
2861 0()
2861 0()
2861 0()
2861 0()
2861 0()
2833 8(2871 2872 2873 2874 2875 2876 2877 2878)
2870 0()
2870 0()
2870 0()
2870 0()
2870 0()
2870 0()
2870 0()
2870 0()
2833 8(2880 2881 2882 2883 2884 2885 2886 2887)
2879 0()
2879 0()
2879 0()
2879 0()
2879 0()
2879 0()
2879 0()
2879 0()
2833 8(2889 2890 2891 2892 2893 2894 2895 2896)
2888 0()
2888 0()
2888 0()
2888 0()
2888 0()
2888 0()
2888 0()
2888 0()
2832 0()
2832 0()
2832 0()
2832 0()
2832 0()
2832 0()
2832 0()
2905 0()
-1 8(2904 2906 2907 2908 2909 2910 2911 2912)
2905 0()
2905 0()
2905 0()
2905 0()
2905 0()
2905 0()
2905 0()
2914 0()
-1 8(2913 2915 2916 2917 2918 2919 2920 2921)
2914 0()
2914 0()
2914 0()
2914 0()
2914 0()
2914 0()
2914 0()
2923 0()
-1 8(2922 2924 2925 2926 2927 2928 2929 2930)
2923 0()
2923 0()
2923 0()
2923 0()
2923 0()
2923 0()
2923 0()
2932 0()
-1 8(2931 2933 2934 2935 2936 2937 2938 2939)
2932 0()
2932 0()
2932 0()
2932 0()
2932 0()
2932 0()
2932 0()
2941 0()
-1 8(2940 2942 2943 2944 2945 2946 2947 2948)
2941 0()
2941 0()
2941 0()
2941 0()
2941 0()
2941 0()
2941 0()
2950 0()
-1 8(2949 2951 2952 2953 2954 2955 2956 2957)
2950 0()
2950 0()
2950 0()
2950 0()
2950 0()
2950 0()
2950 0()
2959 0()
-1 8(2958 2960 2961 2962 2963 2964 2965 2966)
2959 0()
2959 0()
2959 0()
2959 0()
2959 0()
2959 0()
2959 0()
2968 0()
2969 8(2967 2985 2986 2987 2988 2989 2990 2991)
-1 8(2968 2970 2971 2980 2981 2982 2983 2984)
2969 0()
2969 8(2972 2973 2974 2975 2976 2977 2978 2979)
2971 0()
2971 0()
2971 0()
2971 0()
2971 0()
2971 0()
2971 0()
2971 0()
2969 0()
2969 0()
2969 0()
2969 0()
2969 0()
2968 0()
2968 0()
2968 0()
2968 0()
2968 0()
2968 0()
2968 0()
2993 0()
-1 8(2992 2994 2995 3004 3013 3014 3015 3016)
2993 0()
2993 8(2996 2997 2998 2999 3000 3001 3002 3003)
2995 0()
2995 0()
2995 0()
2995 0()
2995 0()
2995 0()
2995 0()
2995 0()
2993 8(3005 3006 3007 3008 3009 3010 3011 3012)
3004 0()
3004 0()
3004 0()
3004 0()
3004 0()
3004 0()
3004 0()
3004 0()
2993 0()
2993 0()
2993 0()
2993 0()
3018 0()
-1 8(3017 3019 3020 3021 3022 3023 3024 3025)
3018 0()
3018 0()
3018 0()
3018 0()
3018 0()
3018 0()
3018 0()
3027 0()
-1 8(3026 3028 3029 3030 3039 3040 3041 3042)
3027 0()
3027 0()
3027 8(3031 3032 3033 3034 3035 3036 3037 3038)
3030 0()
3030 0()
3030 0()
3030 0()
3030 0()
3030 0()
3030 0()
3030 0()
3027 0()
3027 0()
3027 0()
3027 0()
3044 0()
-1 8(3043 3045 3046 3047 3048 3049 3050 3051)
3044 0()
3044 0()
3044 0()
3044 0()
3044 0()
3044 0()
3044 0()
3053 0()
3054 8(3052 3102 3103 3104 3105 3106 3107 3108)
-1 8(3053 3055 3064 3073 3082 3083 3092 3093)
3054 8(3056 3057 3058 3059 3060 3061 3062 3063)
3055 0()
3055 0()
3055 0()
3055 0()
3055 0()
3055 0()
3055 0()
3055 0()
3054 8(3065 3066 3067 3068 3069 3070 3071 3072)
3064 0()
3064 0()
3064 0()
3064 0()
3064 0()
3064 0()
3064 0()
3064 0()
3054 8(3074 3075 3076 3077 3078 3079 3080 3081)
3073 0()
3073 0()
3073 0()
3073 0()
3073 0()
3073 0()
3073 0()
3073 0()
3054 0()
3054 8(3084 3085 3086 3087 3088 3089 3090 3091)
3083 0()
3083 0()
3083 0()
3083 0()
3083 0()
3083 0()
3083 0()
3083 0()
3054 0()
3054 8(3094 3095 3096 3097 3098 3099 3100 3101)
3093 0()
3093 0()
3093 0()
3093 0()
3093 0()
3093 0()
3093 0()
3093 0()
3053 0()
3053 0()
3053 0()
3053 0()
3053 0()
3053 0()
3053 0()
3110 0()
3111 8(3109 3143 3144 3145 3146 3147 3148 3149)
-1 8(3110 3112 3121 3130 3139 3140 3141 3142)
3111 8(3113 3114 3115 3116 3117 3118 3119 3120)
3112 0()
3112 0()
3112 0()
3112 0()
3112 0()
3112 0()
3112 0()
3112 0()
3111 8(3122 3123 3124 3125 3126 3127 3128 3129)
3121 0()
3121 0()
3121 0()
3121 0()
3121 0()
3121 0()
3121 0()
3121 0()
3111 8(3131 3132 3133 3134 3135 3136 3137 3138)
3130 0()
3130 0()
3130 0()
3130 0()
3130 0()
3130 0()
3130 0()
3130 0()
3111 0()
3111 0()
3111 0()
3111 0()
3110 0()
3110 0()
3110 0()
3110 0()
3110 0()
3110 0()
3110 0()
3151 0()
-1 8(3150 3152 3153 3162 3163 3164 3165 3166)
3151 0()
3151 8(3154 3155 3156 3157 3158 3159 3160 3161)
3153 0()
3153 0()
3153 0()
3153 0()
3153 0()
3153 0()
3153 0()
3153 0()
3151 0()
3151 0()
3151 0()
3151 0()
3151 0()
3168 0()
-1 8(3167 3169 3178 3179 3180 3181 3182 3183)
3168 8(3170 3171 3172 3173 3174 3175 3176 3177)
3169 0()
3169 0()
3169 0()
3169 0()
3169 0()
3169 0()
3169 0()
3169 0()
3168 0()
3168 0()
3168 0()
3168 0()
3168 0()
3168 0()
3185 0()
-1 8(3184 3186 3187 3188 3189 3190 3191 3192)
3185 0()
3185 0()
3185 0()
3185 0()
3185 0()
3185 0()
3185 0()
3194 0()
-1 8(3193 3195 3196 3197 3198 3199 3200 3201)
3194 0()
3194 0()
3194 0()
3194 0()
3194 0()
3194 0()
3194 0()
3203 0()
-1 8(3202 3204 3205 3206 3207 3208 3209 3210)
3203 0()
3203 0()
3203 0()
3203 0()
3203 0()
3203 0()
3203 0()
3212 0()
-1 8(3211 3213 3214 3215 3216 3217 3218 3219)
3212 0()
3212 0()
3212 0()
3212 0()
3212 0()
3212 0()
3212 0()
3221 0()
-1 8(3220 3222 3231 3232 3233 3234 3235 3236)
3221 8(3223 3224 3225 3226 3227 3228 3229 3230)
3222 0()
3222 0()
3222 0()
3222 0()
3222 0()
3222 0()
3222 0()
3222 0()
3221 0()
3221 0()
3221 0()
3221 0()
3221 0()
3221 0()
3238 0()
3239 8(3237 3247 3248 3249 3250 3251 3252 3253)
-1 8(3238 3240 3241 3242 3243 3244 3245 3246)
3239 0()
3239 0()
3239 0()
3239 0()
3239 0()
3239 0()
3239 0()
3238 0()
3238 0()
3238 0()
3238 0()
3238 0()
3238 0()
3238 0()
3255 0()
-1 8(3254 3256 3265 3266 3275 3276 3277 3278)
3255 8(3257 3258 3259 3260 3261 3262 3263 3264)
3256 0()
3256 0()
3256 0()
3256 0()
3256 0()
3256 0()
3256 0()
3256 0()
3255 0()
3255 8(3267 3268 3269 3270 3271 3272 3273 3274)
3266 0()
3266 0()
3266 0()
3266 0()
3266 0()
3266 0()
3266 0()
3266 0()
3255 0()
3255 0()
3255 0()
3255 0()
3280 0()
-1 8(3279 3281 3282 3283 3284 3285 3286 3287)
3280 0()
3280 0()
3280 0()
3280 0()
3280 0()
3280 0()
3280 0()
3289 0()
-1 8(3288 3290 3291 3292 3293 3294 3295 3296)
3289 0()
3289 0()
3289 0()
3289 0()
3289 0()
3289 0()
3289 0()
3298 0()
-1 8(3297 3299 3300 3301 3302 3303 3304 3305)
3298 0()
3298 0()
3298 0()
3298 0()
3298 0()
3298 0()
3298 0()
3307 0()
-1 8(3306 3308 3309 3310 3311 3312 3313 3314)
3307 0()
3307 0()
3307 0()
3307 0()
3307 0()
3307 0()
3307 0()
3316 0()
-1 8(3315 3317 3318 3319 3320 3321 3322 3323)
3316 0()
3316 0()
3316 0()
3316 0()
3316 0()
3316 0()
3316 0()
3325 0()
-1 8(3324 3326 3327 3328 3329 3330 3331 3332)
3325 0()
3325 0()
3325 0()
3325 0()
3325 0()
3325 0()
3325 0()
3334 0()
-1 8(3333 3335 3336 3337 3338 3339 3340 3341)
3334 0()
3334 0()
3334 0()
3334 0()
3334 0()
3334 0()
3334 0()
3343 0()
-1 8(3342 3344 3345 3346 3347 3348 3349 3350)
3343 0()
3343 0()
3343 0()
3343 0()
3343 0()
3343 0()
3343 0()
3352 0()
-1 8(3351 3353 3362 3363 3372 3373 3374 3375)
3352 8(3354 3355 3356 3357 3358 3359 3360 3361)
3353 0()
3353 0()
3353 0()
3353 0()
3353 0()
3353 0()
3353 0()
3353 0()
3352 0()
3352 8(3364 3365 3366 3367 3368 3369 3370 3371)
3363 0()
3363 0()
3363 0()
3363 0()
3363 0()
3363 0()
3363 0()
3363 0()
3352 0()
3352 0()
3352 0()
3352 0()
3377 0()
3378 8(3376 3394 3395 3396 3397 3398 3399 3400)
-1 8(3377 3379 3380 3389 3390 3391 3392 3393)
3378 0()
3378 8(3381 3382 3383 3384 3385 3386 3387 3388)
3380 0()
3380 0()
3380 0()
3380 0()
3380 0()
3380 0()
3380 0()
3380 0()
3378 0()
3378 0()
3378 0()
3378 0()
3378 0()
3377 0()
3377 0()
3377 0()
3377 0()
3377 0()
3377 0()
3377 0()
3402 0()
-1 8(3401 3403 3404 3405 3406 3407 3408 3409)
3402 0()
3402 0()
3402 0()
3402 0()
3402 0()
3402 0()
3402 0()
3411 0()
-1 8(3410 3412 3413 3414 3415 3416 3417 3418)
3411 0()
3411 0()
3411 0()
3411 0()
3411 0()
3411 0()
3411 0()
3420 0()
-1 8(3419 3421 3422 3423 3424 3425 3426 3427)
3420 0()
3420 0()
3420 0()
3420 0()
3420 0()
3420 0()
3420 0()
3429 0()
-1 8(3428 3430 3431 3432 3433 3434 3435 3436)
3429 0()
3429 0()
3429 0()
3429 0()
3429 0()
3429 0()
3429 0()
3438 0()
-1 8(3437 3439 3440 3441 3442 3443 3444 3445)
3438 0()
3438 0()
3438 0()
3438 0()
3438 0()
3438 0()
3438 0()
3447 0()
-1 8(3446 3448 3449 3450 3451 3452 3453 3454)
3447 0()
3447 0()
3447 0()
3447 0()
3447 0()
3447 0()
3447 0()
3456 0()
-1 8(3455 3457 3458 3459 3460 3461 3462 3463)
3456 0()
3456 0()
3456 0()
3456 0()
3456 0()
3456 0()
3456 0()
3465 0()
-1 8(3464 3466 3475 3476 3485 3486 3487 3488)
3465 8(3467 3468 3469 3470 3471 3472 3473 3474)
3466 0()
3466 0()
3466 0()
3466 0()
3466 0()
3466 0()
3466 0()
3466 0()
3465 0()
3465 8(3477 3478 3479 3480 3481 3482 3483 3484)
3476 0()
3476 0()
3476 0()
3476 0()
3476 0()
3476 0()
3476 0()
3476 0()
3465 0()
3465 0()
3465 0()
3465 0()
3490 0()
-1 8(3489 3491 3492 3493 3494 3495 3496 3497)
3490 0()
3490 0()
3490 0()
3490 0()
3490 0()
3490 0()
3490 0()
3499 0()
-1 8(3498 3500 3501 3502 3503 3504 3505 3506)
3499 0()
3499 0()
3499 0()
3499 0()
3499 0()
3499 0()
3499 0()
3508 0()
-1 8(3507 3509 3510 3511 3512 3513 3514 3515)
3508 0()
3508 0()
3508 0()
3508 0()
3508 0()
3508 0()
3508 0()
3517 0()
-1 8(3516 3518 3519 3520 3521 3522 3523 3524)
3517 0()
3517 0()
3517 0()
3517 0()
3517 0()
3517 0()
3517 0()
3526 0()
-1 8(3525 3527 3528 3529 3530 3531 3532 3533)
3526 0()
3526 0()
3526 0()
3526 0()
3526 0()
3526 0()
3526 0()
3535 0()
-1 8(3534 3536 3537 3538 3539 3540 3541 3542)
3535 0()
3535 0()
3535 0()
3535 0()
3535 0()
3535 0()
3535 0()
3544 0()
-1 8(3543 3545 3546 3547 3548 3549 3550 3551)
3544 0()
3544 0()
3544 0()
3544 0()
3544 0()
3544 0()
3544 0()
3553 0()
-1 8(3552 3554 3555 3556 3557 3558 3559 3560)
3553 0()
3553 0()
3553 0()
3553 0()
3553 0()
3553 0()
3553 0()
3562 0()
-1 8(3561 3563 3564 3565 3566 3567 3568 3569)
3562 0()
3562 0()
3562 0()
3562 0()
3562 0()
3562 0()
3562 0()
3571 0()
-1 8(3570 3572 3573 3574 3575 3576 3577 3578)
3571 0()
3571 0()
3571 0()
3571 0()
3571 0()
3571 0()
3571 0()
3580 0()
-1 8(3579 3581 3582 3583 3584 3585 3586 3587)
3580 0()
3580 0()
3580 0()
3580 0()
3580 0()
3580 0()
3580 0()
3589 0()
-1 8(3588 3590 3591 3592 3593 3594 3595 3596)
3589 0()
3589 0()
3589 0()
3589 0()
3589 0()
3589 0()
3589 0()
3598 0()
-1 8(3597 3599 3600 3601 3602 3603 3604 3605)
3598 0()
3598 0()
3598 0()
3598 0()
3598 0()
3598 0()
3598 0()
3607 0()
-1 8(3606 3608 3609 3610 3611 3612 3613 3614)
3607 0()
3607 0()
3607 0()
3607 0()
3607 0()
3607 0()
3607 0()
3616 0()
-1 8(3615 3617 3618 3619 3620 3621 3622 3623)
3616 0()
3616 0()
3616 0()
3616 0()
3616 0()
3616 0()
3616 0()
3625 0()
-1 8(3624 3626 3627 3628 3629 3630 3631 3632)
3625 0()
3625 0()
3625 0()
3625 0()
3625 0()
3625 0()
3625 0()
3634 0()
-1 8(3633 3635 3636 3637 3638 3639 3640 3641)
3634 0()
3634 0()
3634 0()
3634 0()
3634 0()
3634 0()
3634 0()
3643 0()
-1 8(3642 3644 3645 3646 3647 3648 3649 3650)
3643 0()
3643 0()
3643 0()
3643 0()
3643 0()
3643 0()
3643 0()
3652 0()
-1 8(3651 3653 3654 3655 3656 3657 3658 3659)
3652 0()
3652 0()
3652 0()
3652 0()
3652 0()
3652 0()
3652 0()
3661 0()
-1 8(3660 3662 3663 3664 3665 3666 3667 3668)
3661 0()
3661 0()
3661 0()
3661 0()
3661 0()
3661 0()
3661 0()
3670 0()
-1 8(3669 3671 3672 3673 3674 3675 3676 3677)
3670 0()
3670 0()
3670 0()
3670 0()
3670 0()
3670 0()
3670 0()
3679 0()
-1 8(3678 3680 3681 3682 3683 3684 3685 3686)
3679 0()
3679 0()
3679 0()
3679 0()
3679 0()
3679 0()
3679 0()
3688 0()
-1 8(3687 3689 3690 3691 3692 3693 3694 3695)
3688 0()
3688 0()
3688 0()
3688 0()
3688 0()
3688 0()
3688 0()
3697 0()
-1 8(3696 3698 3699 3700 3701 3702 3703 3704)
3697 0()
3697 0()
3697 0()
3697 0()
3697 0()
3697 0()
3697 0()
3706 0()
-1 8(3705 3707 3708 3709 3710 3711 3712 3713)
3706 0()
3706 0()
3706 0()
3706 0()
3706 0()
3706 0()
3706 0()
3715 0()
-1 8(3714 3716 3717 3718 3719 3720 3721 3722)
3715 0()
3715 0()
3715 0()
3715 0()
3715 0()
3715 0()
3715 0()
3724 0()
-1 8(3723 3725 3726 3727 3728 3729 3730 3731)
3724 0()
3724 0()
3724 0()
3724 0()
3724 0()
3724 0()
3724 0()
3733 0()
-1 8(3732 3734 3735 3736 3737 3738 3739 3740)
3733 0()
3733 0()
3733 0()
3733 0()
3733 0()
3733 0()
3733 0()
3742 0()
-1 8(3741 3743 3744 3745 3746 3747 3748 3749)
3742 0()
3742 0()
3742 0()
3742 0()
3742 0()
3742 0()
3742 0()
3751 0()
-1 8(3750 3752 3753 3754 3755 3756 3757 3758)
3751 0()
3751 0()
3751 0()
3751 0()
3751 0()
3751 0()
3751 0()
3760 0()
-1 8(3759 3761 3762 3763 3764 3765 3766 3767)
3760 0()
3760 0()
3760 0()
3760 0()
3760 0()
3760 0()
3760 0()
3769 0()
-1 8(3768 3770 3771 3772 3773 3774 3775 3776)
3769 0()
3769 0()
3769 0()
3769 0()
3769 0()
3769 0()
3769 0()
3778 0()
-1 8(3777 3779 3780 3781 3782 3783 3784 3785)
3778 0()
3778 0()
3778 0()
3778 0()
3778 0()
3778 0()
3778 0()
3787 0()
-1 8(3786 3788 3789 3790 3791 3792 3793 3794)
3787 0()
3787 0()
3787 0()
3787 0()
3787 0()
3787 0()
3787 0()
3796 0()
-1 8(3795 3797 3798 3799 3800 3801 3802 3803)
3796 0()
3796 0()
3796 0()
3796 0()
3796 0()
3796 0()
3796 0()
3805 0()
-1 8(3804 3806 3807 3808 3809 3810 3811 3812)
3805 0()
3805 0()
3805 0()
3805 0()
3805 0()
3805 0()
3805 0()
3814 0()
-1 8(3813 3815 3816 3817 3818 3819 3820 3821)
3814 0()
3814 0()
3814 0()
3814 0()
3814 0()
3814 0()
3814 0()
3823 0()
-1 8(3822 3824 3825 3826 3827 3828 3829 3830)
3823 0()
3823 0()
3823 0()
3823 0()
3823 0()
3823 0()
3823 0()
3832 0()
-1 8(3831 3833 3834 3835 3836 3837 3838 3839)
3832 0()
3832 0()
3832 0()
3832 0()
3832 0()
3832 0()
3832 0()
3841 0()
-1 8(3840 3842 3843 3844 3845 3846 3847 3848)
3841 0()
3841 0()
3841 0()
3841 0()
3841 0()
3841 0()
3841 0()
3850 0()
-1 8(3849 3851 3852 3853 3854 3855 3856 3857)
3850 0()
3850 0()
3850 0()
3850 0()
3850 0()
3850 0()
3850 0()
3859 0()
-1 8(3858 3860 3861 3862 3863 3864 3865 3866)
3859 0()
3859 0()
3859 0()
3859 0()
3859 0()
3859 0()
3859 0()
3868 0()
-1 8(3867 3869 3870 3871 3872 3873 3874 3875)
3868 0()
3868 0()
3868 0()
3868 0()
3868 0()
3868 0()
3868 0()
3877 0()
-1 8(3876 3878 3879 3880 3881 3882 3883 3884)
3877 0()
3877 0()
3877 0()
3877 0()
3877 0()
3877 0()
3877 0()
3886 0()
-1 8(3885 3887 3888 3889 3890 3891 3892 3893)
3886 0()
3886 0()
3886 0()
3886 0()
3886 0()
3886 0()
3886 0()
3895 0()
-1 8(3894 3896 3897 3898 3899 3900 3901 3902)
3895 0()
3895 0()
3895 0()
3895 0()
3895 0()
3895 0()
3895 0()
3904 0()
-1 8(3903 3905 3906 3907 3908 3909 3910 3911)
3904 0()
3904 0()
3904 0()
3904 0()
3904 0()
3904 0()
3904 0()
3913 0()
-1 8(3912 3914 3915 3916 3917 3918 3919 3920)
3913 0()
3913 0()
3913 0()
3913 0()
3913 0()
3913 0()
3913 0()
3922 0()
-1 8(3921 3923 3924 3925 3926 3927 3928 3929)
3922 0()
3922 0()
3922 0()
3922 0()
3922 0()
3922 0()
3922 0()
3931 0()
-1 8(3930 3932 3933 3934 3935 3936 3937 3938)
3931 0()
3931 0()
3931 0()
3931 0()
3931 0()
3931 0()
3931 0()
3940 0()
-1 8(3939 3941 3942 3943 3944 3945 3946 3947)
3940 0()
3940 0()
3940 0()
3940 0()
3940 0()
3940 0()
3940 0()
3949 0()
-1 8(3948 3950 3951 3952 3953 3954 3955 3956)
3949 0()
3949 0()
3949 0()
3949 0()
3949 0()
3949 0()
3949 0()
3958 0()
-1 8(3957 3959 3960 3961 3962 3963 3964 3965)
3958 0()
3958 0()
3958 0()
3958 0()
3958 0()
3958 0()
3958 0()
3967 0()
-1 8(3966 3968 3969 3970 3971 3972 3973 3974)
3967 0()
3967 0()
3967 0()
3967 0()
3967 0()
3967 0()
3967 0()
3976 0()
-1 8(3975 3977 3978 3979 3980 3981 3982 3983)
3976 0()
3976 0()
3976 0()
3976 0()
3976 0()
3976 0()
3976 0()
3985 0()
-1 8(3984 3986 3987 3988 3989 3990 3991 3992)
3985 0()
3985 0()
3985 0()
3985 0()
3985 0()
3985 0()
3985 0()
3994 0()
-1 8(3993 3995 3996 3997 3998 3999 4000 4001)
3994 0()
3994 0()
3994 0()
3994 0()
3994 0()
3994 0()
3994 0()
4003 0()
-1 8(4002 4004 4005 4006 4007 4008 4009 4010)
4003 0()
4003 0()
4003 0()
4003 0()
4003 0()
4003 0()
4003 0()
4012 0()
-1 8(4011 4013 4014 4015 4016 4017 4018 4019)
4012 0()
4012 0()
4012 0()
4012 0()
4012 0()
4012 0()
4012 0()
4021 0()
-1 8(4020 4022 4023 4024 4025 4026 4027 4028)
4021 0()
4021 0()
4021 0()
4021 0()
4021 0()
4021 0()
4021 0()
4030 0()
-1 8(4029 4031 4032 4033 4034 4035 4036 4037)
4030 0()
4030 0()
4030 0()
4030 0()
4030 0()
4030 0()
4030 0()
4039 0()
-1 8(4038 4040 4041 4042 4043 4044 4045 4046)
4039 0()
4039 0()
4039 0()
4039 0()
4039 0()
4039 0()
4039 0()
4048 0()
-1 8(4047 4049 4050 4051 4052 4053 4054 4055)
4048 0()
4048 0()
4048 0()
4048 0()
4048 0()
4048 0()
4048 0()
4057 0()
-1 8(4056 4058 4059 4060 4061 4062 4063 4064)
4057 0()
4057 0()
4057 0()
4057 0()
4057 0()
4057 0()
4057 0()
4066 0()
-1 8(4065 4067 4068 4069 4070 4071 4072 4073)
4066 0()
4066 0()
4066 0()
4066 0()
4066 0()
4066 0()
4066 0()
4075 0()
-1 8(4074 4076 4077 4078 4079 4080 4081 4082)
4075 0()
4075 0()
4075 0()
4075 0()
4075 0()
4075 0()
4075 0()
4084 0()
-1 8(4083 4085 4086 4087 4088 4089 4090 4091)
4084 0()
4084 0()
4084 0()
4084 0()
4084 0()
4084 0()
4084 0()
4093 0()
-1 8(4092 4094 4095 4096 4097 4098 4099 4100)
4093 0()
4093 0()
4093 0()
4093 0()
4093 0()
4093 0()
4093 0()
4102 0()
-1 8(4101 4103 4104 4105 4106 4107 4108 4109)
4102 0()
4102 0()
4102 0()
4102 0()
4102 0()
4102 0()
4102 0()
4111 0()
-1 8(4110 4112 4113 4114 4115 4116 4117 4118)
4111 0()
4111 0()
4111 0()
4111 0()
4111 0()
4111 0()
4111 0()
4120 0()
-1 8(4119 4121 4122 4123 4124 4125 4126 4127)
4120 0()
4120 0()
4120 0()
4120 0()
4120 0()
4120 0()
4120 0()
4129 0()
-1 8(4128 4130 4131 4132 4133 4134 4135 4136)
4129 0()
4129 0()
4129 0()
4129 0()
4129 0()
4129 0()
4129 0()
4138 0()
-1 8(4137 4139 4140 4141 4142 4143 4144 4145)
4138 0()
4138 0()
4138 0()
4138 0()
4138 0()
4138 0()
4138 0()
4147 0()
-1 8(4146 4148 4149 4150 4151 4152 4153 4154)
4147 0()
4147 0()
4147 0()
4147 0()
4147 0()
4147 0()
4147 0()
4156 0()
-1 8(4155 4157 4158 4159 4160 4161 4162 4163)
4156 0()
4156 0()
4156 0()
4156 0()
4156 0()
4156 0()
4156 0()
4165 0()
-1 8(4164 4166 4167 4168 4169 4170 4171 4172)
4165 0()
4165 0()
4165 0()
4165 0()
4165 0()
4165 0()
4165 0()
4174 0()
-1 8(4173 4175 4176 4177 4178 4179 4180 4181)
4174 0()
4174 0()
4174 0()
4174 0()
4174 0()
4174 0()
4174 0()
4183 0()
-1 8(4182 4184 4185 4186 4187 4188 4189 4190)
4183 0()
4183 0()
4183 0()
4183 0()
4183 0()
4183 0()
4183 0()
4192 0()
-1 8(4191 4193 4194 4195 4196 4197 4198 4199)
4192 0()
4192 0()
4192 0()
4192 0()
4192 0()
4192 0()
4192 0()
4201 0()
-1 8(4200 4202 4203 4204 4205 4206 4207 4208)
4201 0()
4201 0()
4201 0()
4201 0()
4201 0()
4201 0()
4201 0()
4210 0()
-1 8(4209 4211 4212 4213 4214 4215 4216 4217)
4210 0()
4210 0()
4210 0()
4210 0()
4210 0()
4210 0()
4210 0()
4219 0()
-1 8(4218 4220 4221 4222 4223 4224 4225 4226)
4219 0()
4219 0()
4219 0()
4219 0()
4219 0()
4219 0()
4219 0()
4228 0()
-1 8(4227 4229 4230 4231 4232 4233 4234 4235)
4228 0()
4228 0()
4228 0()
4228 0()
4228 0()
4228 0()
4228 0()
4237 0()
-1 8(4236 4238 4239 4240 4241 4242 4243 4244)
4237 0()
4237 0()
4237 0()
4237 0()
4237 0()
4237 0()
4237 0()
4246 0()
-1 8(4245 4247 4248 4249 4250 4251 4252 4253)
4246 0()
4246 0()
4246 0()
4246 0()
4246 0()
4246 0()
4246 0()
4255 0()
-1 8(4254 4256 4257 4258 4259 4260 4261 4262)
4255 0()
4255 0()
4255 0()
4255 0()
4255 0()
4255 0()
4255 0()
4264 0()
-1 8(4263 4265 4266 4267 4268 4269 4270 4271)
4264 0()
4264 0()
4264 0()
4264 0()
4264 0()
4264 0()
4264 0()
4273 0()
-1 8(4272 4274 4275 4276 4277 4278 4279 4280)
4273 0()
4273 0()
4273 0()
4273 0()
4273 0()
4273 0()
4273 0()
4282 0()
-1 8(4281 4283 4284 4285 4286 4287 4288 4289)
4282 0()
4282 0()
4282 0()
4282 0()
4282 0()
4282 0()
4282 0()
4291 0()
-1 8(4290 4292 4293 4294 4295 4296 4297 4298)
4291 0()
4291 0()
4291 0()
4291 0()
4291 0()
4291 0()
4291 0()
4300 0()
-1 8(4299 4301 4302 4303 4304 4305 4306 4307)
4300 0()
4300 0()
4300 0()
4300 0()
4300 0()
4300 0()
4300 0()
4309 0()
-1 8(4308 4310 4311 4312 4313 4314 4315 4316)
4309 0()
4309 0()
4309 0()
4309 0()
4309 0()
4309 0()
4309 0()
4318 0()
-1 8(4317 4319 4320 4321 4322 4323 4324 4325)
4318 0()
4318 0()
4318 0()
4318 0()
4318 0()
4318 0()
4318 0()
4327 0()
-1 8(4326 4328 4329 4330 4331 4332 4333 4334)
4327 0()
4327 0()
4327 0()
4327 0()
4327 0()
4327 0()
4327 0()
4336 0()
-1 8(4335 4337 4338 4339 4340 4341 4342 4343)
4336 0()
4336 0()
4336 0()
4336 0()
4336 0()
4336 0()
4336 0()
4345 0()
-1 8(4344 4346 4347 4348 4349 4350 4351 4352)
4345 0()
4345 0()
4345 0()
4345 0()
4345 0()
4345 0()
4345 0()
4354 0()
-1 8(4353 4355 4356 4357 4358 4359 4360 4361)
4354 0()
4354 0()
4354 0()
4354 0()
4354 0()
4354 0()
4354 0()
4363 0()
-1 8(4362 4364 4365 4366 4367 4368 4369 4370)
4363 0()
4363 0()
4363 0()
4363 0()
4363 0()
4363 0()
4363 0()
4372 0()
-1 8(4371 4373 4374 4375 4376 4377 4378 4379)
4372 0()
4372 0()
4372 0()
4372 0()
4372 0()
4372 0()
4372 0()
4381 0()
-1 8(4380 4382 4383 4384 4385 4386 4387 4388)
4381 0()
4381 0()
4381 0()
4381 0()
4381 0()
4381 0()
4381 0()
4390 0()
-1 8(4389 4391 4392 4393 4394 4395 4396 4397)
4390 0()
4390 0()
4390 0()
4390 0()
4390 0()
4390 0()
4390 0()
4399 0()
-1 8(4398 4400 4401 4402 4403 4404 4405 4406)
4399 0()
4399 0()
4399 0()
4399 0()
4399 0()
4399 0()
4399 0()
4408 0()
-1 8(4407 4409 4410 4411 4412 4413 4414 4415)
4408 0()
4408 0()
4408 0()
4408 0()
4408 0()
4408 0()
4408 0()
4417 0()
-1 8(4416 4418 4419 4420 4421 4422 4423 4424)
4417 0()
4417 0()
4417 0()
4417 0()
4417 0()
4417 0()
4417 0()
4426 0()
-1 8(4425 4427 4428 4429 4430 4431 4432 4433)
4426 0()
4426 0()
4426 0()
4426 0()
4426 0()
4426 0()
4426 0()
4435 0()
-1 8(4434 4436 4437 4438 4439 4440 4441 4442)
4435 0()
4435 0()
4435 0()
4435 0()
4435 0()
4435 0()
4435 0()
4444 0()
-1 8(4443 4445 4446 4447 4448 4449 4450 4451)
4444 0()
4444 0()
4444 0()
4444 0()
4444 0()
4444 0()
4444 0()
4453 0()
-1 8(4452 4454 4455 4456 4457 4458 4459 4460)
4453 0()
4453 0()
4453 0()
4453 0()
4453 0()
4453 0()
4453 0()
4462 0()
-1 8(4461 4463 4464 4465 4466 4467 4468 4469)
4462 0()
4462 0()
4462 0()
4462 0()
4462 0()
4462 0()
4462 0()
4471 0()
-1 8(4470 4472 4473 4474 4475 4476 4477 4478)
4471 0()
4471 0()
4471 0()
4471 0()
4471 0()
4471 0()
4471 0()
4480 0()
-1 8(4479 4481 4482 4483 4484 4485 4486 4487)
4480 0()
4480 0()
4480 0()
4480 0()
4480 0()
4480 0()
4480 0()
4489 0()
-1 8(4488 4490 4491 4492 4493 4494 4495 4496)
4489 0()
4489 0()
4489 0()
4489 0()
4489 0()
4489 0()
4489 0()
4498 0()
-1 8(4497 4499 4500 4501 4502 4503 4504 4505)
4498 0()
4498 0()
4498 0()
4498 0()
4498 0()
4498 0()
4498 0()
4507 0()
-1 8(4506 4508 4509 4510 4511 4512 4513 4514)
4507 0()
4507 0()
4507 0()
4507 0()
4507 0()
4507 0()
4507 0()
4516 0()
-1 8(4515 4517 4518 4519 4520 4521 4522 4523)
4516 0()
4516 0()
4516 0()
4516 0()
4516 0()
4516 0()
4516 0()
4525 0()
-1 8(4524 4526 4527 4528 4529 4530 4531 4532)
4525 0()
4525 0()
4525 0()
4525 0()
4525 0()
4525 0()
4525 0()
4534 0()
-1 8(4533 4535 4536 4537 4538 4539 4540 4541)
4534 0()
4534 0()
4534 0()
4534 0()
4534 0()
4534 0()
4534 0()
4543 0()
-1 8(4542 4544 4545 4546 4547 4548 4549 4550)
4543 0()
4543 0()
4543 0()
4543 0()
4543 0()
4543 0()
4543 0()
4552 0()
-1 8(4551 4553 4554 4555 4556 4557 4558 4559)
4552 0()
4552 0()
4552 0()
4552 0()
4552 0()
4552 0()
4552 0()
4561 0()
-1 8(4560 4562 4563 4564 4565 4566 4567 4568)
4561 0()
4561 0()
4561 0()
4561 0()
4561 0()
4561 0()
4561 0()
4570 0()
-1 8(4569 4571 4572 4573 4574 4575 4576 4577)
4570 0()
4570 0()
4570 0()
4570 0()
4570 0()
4570 0()
4570 0()
4579 0()
-1 8(4578 4580 4581 4582 4583 4584 4585 4586)
4579 0()
4579 0()
4579 0()
4579 0()
4579 0()
4579 0()
4579 0()
4588 0()
-1 8(4587 4589 4590 4591 4592 4593 4594 4595)
4588 0()
4588 0()
4588 0()
4588 0()
4588 0()
4588 0()
4588 0()
4597 0()
-1 8(4596 4598 4599 4600 4601 4602 4603 4604)
4597 0()
4597 0()
4597 0()
4597 0()
4597 0()
4597 0()
4597 0()
4606 0()
-1 8(4605 4607 4608 4609 4610 4611 4612 4613)
4606 0()
4606 0()
4606 0()
4606 0()
4606 0()
4606 0()
4606 0()
4615 0()
-1 8(4614 4616 4617 4618 4619 4620 4621 4622)
4615 0()
4615 0()
4615 0()
4615 0()
4615 0()
4615 0()
4615 0()
4624 0()
-1 8(4623 4625 4626 4627 4628 4629 4630 4631)
4624 0()
4624 0()
4624 0()
4624 0()
4624 0()
4624 0()
4624 0()
4633 0()
-1 8(4632 4634 4635 4636 4637 4638 4639 4640)
4633 0()
4633 0()
4633 0()
4633 0()
4633 0()
4633 0()
4633 0()
4642 0()
-1 8(4641 4643 4644 4645 4646 4647 4648 4649)
4642 0()
4642 0()
4642 0()
4642 0()
4642 0()
4642 0()
4642 0()
4651 0()
-1 8(4650 4652 4653 4654 4655 4656 4657 4658)
4651 0()
4651 0()
4651 0()
4651 0()
4651 0()
4651 0()
4651 0()
4660 0()
-1 8(4659 4661 4662 4663 4664 4665 4666 4667)
4660 0()
4660 0()
4660 0()
4660 0()
4660 0()
4660 0()
4660 0()
4669 0()
-1 8(4668 4670 4671 4672 4673 4674 4675 4676)
4669 0()
4669 0()
4669 0()
4669 0()
4669 0()
4669 0()
4669 0()
4678 0()
-1 8(4677 4679 4680 4681 4682 4683 4684 4685)
4678 0()
4678 0()
4678 0()
4678 0()
4678 0()
4678 0()
4678 0()
4687 0()
-1 8(4686 4688 4689 4690 4691 4692 4693 4694)
4687 0()
4687 0()
4687 0()
4687 0()
4687 0()
4687 0()
4687 0()
4696 0()
-1 8(4695 4697 4698 4699 4700 4701 4702 4703)
4696 0()
4696 0()
4696 0()
4696 0()
4696 0()
4696 0()
4696 0()
4705 0()
-1 8(4704 4706 4707 4708 4709 4710 4711 4712)
4705 0()
4705 0()
4705 0()
4705 0()
4705 0()
4705 0()
4705 0()
4714 0()
-1 8(4713 4715 4716 4717 4718 4719 4720 4721)
4714 0()
4714 0()
4714 0()
4714 0()
4714 0()
4714 0()
4714 0()
4723 0()
-1 8(4722 4724 4725 4726 4727 4728 4729 4730)
4723 0()
4723 0()
4723 0()
4723 0()
4723 0()
4723 0()
4723 0()
4732 0()
-1 8(4731 4733 4734 4735 4736 4737 4738 4739)
4732 0()
4732 0()
4732 0()
4732 0()
4732 0()
4732 0()
4732 0()
4741 0()
-1 8(4740 4742 4743 4744 4745 4746 4747 4748)
4741 0()
4741 0()
4741 0()
4741 0()
4741 0()
4741 0()
4741 0()
4750 0()
-1 8(4749 4751 4752 4753 4754 4755 4756 4757)
4750 0()
4750 0()
4750 0()
4750 0()
4750 0()
4750 0()
4750 0()
4759 0()
-1 8(4758 4760 4761 4762 4763 4764 4765 4766)
4759 0()
4759 0()
4759 0()
4759 0()
4759 0()
4759 0()
4759 0()
4768 0()
-1 8(4767 4769 4770 4771 4772 4773 4774 4775)
4768 0()
4768 0()
4768 0()
4768 0()
4768 0()
4768 0()
4768 0()
4777 0()
-1 8(4776 4778 4779 4780 4781 4782 4783 4784)
4777 0()
4777 0()
4777 0()
4777 0()
4777 0()
4777 0()
4777 0()
4786 0()
-1 8(4785 4787 4788 4789 4790 4791 4792 4793)
4786 0()
4786 0()
4786 0()
4786 0()
4786 0()
4786 0()
4786 0()
4795 0()
-1 8(4794 4796 4797 4798 4799 4800 4801 4802)
4795 0()
4795 0()
4795 0()
4795 0()
4795 0()
4795 0()
4795 0()
4804 0()
-1 8(4803 4805 4806 4807 4808 4809 4810 4811)
4804 0()
4804 0()
4804 0()
4804 0()
4804 0()
4804 0()
4804 0()
4813 0()
-1 8(4812 4814 4815 4816 4817 4818 4819 4820)
4813 0()
4813 0()
4813 0()
4813 0()
4813 0()
4813 0()
4813 0()
4822 0()
-1 8(4821 4823 4824 4825 4826 4827 4828 4829)
4822 0()
4822 0()
4822 0()
4822 0()
4822 0()
4822 0()
4822 0()
4831 0()
-1 8(4830 4832 4833 4834 4835 4836 4837 4838)
4831 0()
4831 0()
4831 0()
4831 0()
4831 0()
4831 0()
4831 0()
4840 0()
-1 8(4839 4841 4842 4843 4844 4845 4846 4847)
4840 0()
4840 0()
4840 0()
4840 0()
4840 0()
4840 0()
4840 0()
4849 0()
-1 8(4848 4850 4851 4852 4853 4854 4855 4856)
4849 0()
4849 0()
4849 0()
4849 0()
4849 0()
4849 0()
4849 0()
4858 0()
-1 8(4857 4859 4860 4861 4862 4863 4864 4865)
4858 0()
4858 0()
4858 0()
4858 0()
4858 0()
4858 0()
4858 0()
4867 0()
-1 8(4866 4868 4869 4870 4871 4872 4873 4874)
4867 0()
4867 0()
4867 0()
4867 0()
4867 0()
4867 0()
4867 0()
4876 0()
-1 8(4875 4877 4878 4879 4880 4881 4882 4883)
4876 0()
4876 0()
4876 0()
4876 0()
4876 0()
4876 0()
4876 0()
4885 0()
-1 8(4884 4886 4887 4888 4889 4890 4891 4892)
4885 0()
4885 0()
4885 0()
4885 0()
4885 0()
4885 0()
4885 0()
4894 0()
-1 8(4893 4895 4896 4897 4898 4899 4900 4901)
4894 0()
4894 0()
4894 0()
4894 0()
4894 0()
4894 0()
4894 0()
4903 0()
-1 8(4902 4904 4905 4906 4907 4908 4909 4910)
4903 0()
4903 0()
4903 0()
4903 0()
4903 0()
4903 0()
4903 0()
4912 0()
-1 8(4911 4913 4914 4915 4916 4917 4918 4919)
4912 0()
4912 0()
4912 0()
4912 0()
4912 0()
4912 0()
4912 0()
4921 0()
-1 8(4920 4922 4923 4924 4925 4926 4927 4928)
4921 0()
4921 0()
4921 0()
4921 0()
4921 0()
4921 0()
4921 0()
4930 0()
-1 8(4929 4931 4932 4933 4934 4935 4936 4937)
4930 0()
4930 0()
4930 0()
4930 0()
4930 0()
4930 0()
4930 0()
4939 0()
-1 8(4938 4940 4941 4942 4943 4944 4945 4946)
4939 0()
4939 0()
4939 0()
4939 0()
4939 0()
4939 0()
4939 0()
4948 0()
-1 8(4947 4949 4950 4951 4952 4953 4954 4955)
4948 0()
4948 0()
4948 0()
4948 0()
4948 0()
4948 0()
4948 0()
4957 0()
-1 8(4956 4958 4959 4960 4961 4962 4963 4964)
4957 0()
4957 0()
4957 0()
4957 0()
4957 0()
4957 0()
4957 0()
)

// visibleCells

7891
(
0
9
18
51
-1
-1
-1
-1
-1
-1
-1
-1
-1
-1
-1
-1
-1
-1
-1
-1
-1
-1
-1
-1
-1
-1
-1
-1
-1
-1
-1
-1
-1
-1
-1
-1
-1
-1
-1
-1
-1
-1
-1
-1
-1
-1
-1
-1
-1
-1
124
165
222
295
360
-1
-1
-1
-1
-1
-1
-1
-1
-1
-1
-1
-1
-1
-1
-1
-1
-1
-1
-1
-1
-1
-1
-1
-1
-1
-1
-1
-1
-1
-1
-1
-1
-1
-1
-1
-1
-1
-1
-1
-1
-1
-1
-1
-1
-1
369
394
427
476
-1
-1
485
-1
-1
-1
-1
-1
-1
-1
-1
-1
-1
-1
-1
-1
-1
-1
-1
-1
-1
-1
-1
-1
-1
-1
-1
-1
-1
-1
-1
-1
-1
-1
-1
-1
-1
-1
-1
-1
-1
-1
-1
-1
-1
-1
494
527
568
641
-1
-1
690
699
-1
-1
-1
-1
-1
-1
-1
-1
-1
-1
-1
-1
-1
-1
-1
-1
-1
-1
-1
-1
-1
-1
-1
-1
-1
-1
-1
-1
-1
-1
-1
-1
-1
-1
-1
-1
-1
-1
-1
-1
-1
-1
708
717
782
855
-1
-1
904
913
-1
-1
-1
-1
-1
-1
-1
-1
-1
-1
-1
-1
-1
-1
-1
-1
-1
-1
-1
-1
-1
-1
-1
-1
-1
-1
-1
-1
-1
-1
-1
-1
-1
-1
-1
-1
-1
-1
-1
-1
-1
-1
922
931
972
1005
-1
-1
1014
1023
-1
-1
-1
-1
-1
-1
-1
-1
-1
-1
-1
-1
-1
-1
-1
-1
-1
-1
-1
-1
-1
-1
-1
-1
-1
-1
-1
-1
-1
-1
-1
-1
-1
-1
-1
-1
-1
-1
-1
-1
-1
-1
1032
1041
1114
1171
-1
-1
1180
1189
-1
-1
-1
-1
-1
-1
-1
-1
-1
-1
-1
-1
-1
-1
-1
-1
-1
-1
-1
-1
-1
-1
-1
-1
-1
-1
-1
-1
-1
-1
-1
-1
-1
-1
-1
-1
-1
-1
-1
-1
-1
-1
1198
1207
1232
1257
-1
-1
1282
-1
-1
-1
-1
-1
-1
-1
-1
-1
-1
-1
-1
-1
-1
-1
-1
-1
-1
-1
-1
-1
-1
-1
-1
-1
-1
-1
-1
-1
-1
-1
-1
-1
-1
-1
-1
-1
-1
-1
-1
-1
-1
-1
-1
-1
1291
1300
1365
-1
1374
-1
-1
-1
-1
-1
-1
-1
-1
-1
-1
-1
-1
-1
-1
-1
-1
-1
-1
-1
-1
-1
-1
-1
-1
-1
-1
-1
-1
-1
-1
-1
-1
-1
-1
-1
-1
-1
-1
-1
-1
-1
-1
-1
-1
-1
1383
1392
1441
-1
-1
-1
-1
-1
-1
-1
-1
-1
-1
-1
-1
-1
-1
-1
-1
-1
-1
-1
-1
-1
-1
-1
-1
-1
-1
-1
-1
-1
-1
-1
-1
-1
-1
-1
-1
-1
-1
-1
-1
-1
-1
-1
-1
-1
1450
1459
1476
1509
-1
-1
-1
-1
-1
-1
-1
-1
-1
-1
-1
-1
-1
-1
-1
-1
-1
-1
-1
-1
-1
-1
-1
-1
-1
-1
-1
-1
-1
-1
-1
-1
-1
-1
-1
-1
-1
-1
-1
-1
-1
-1
-1
-1
-1
-1
1534
1575
1608
1673
-1
-1
-1
-1
-1
-1
-1
-1
-1
-1
-1
-1
-1
-1
-1
-1
-1
-1
-1
-1
-1
-1
-1
-1
-1
-1
-1
-1
-1
-1
-1
-1
-1
-1
-1
-1
-1
-1
-1
-1
-1
-1
-1
-1
-1
-1
1730
1763
1812
1877
-1
-1
1902
-1
-1
-1
-1
-1
-1
-1
-1
-1
-1
-1
-1
-1
-1
-1
-1
-1
-1
-1
-1
-1
-1
-1
-1
-1
-1
-1
-1
-1
-1
-1
-1
-1
-1
-1
-1
-1
-1
-1
-1
-1
-1
-1
1911
1984
2057
2122
-1
-1
2195
2204
-1
-1
-1
-1
-1
-1
-1
-1
-1
-1
-1
-1
-1
-1
-1
-1
-1
-1
-1
-1
-1
-1
-1
-1
-1
-1
-1
-1
-1
-1
-1
-1
-1
-1
-1
-1
-1
-1
-1
-1
-1
-1
2213
2246
2303
2360
-1
-1
2401
2410
-1
-1
-1
-1
-1
-1
-1
-1
-1
-1
-1
-1
-1
-1
-1
-1
-1
-1
-1
-1
-1
-1
-1
-1
-1
-1
-1
-1
-1
-1
-1
-1
-1
-1
-1
-1
-1
-1
-1
-1
-1
-1
2419
2428
2493
2534
-1
-1
2543
2552
-1
-1
-1
-1
-1
-1
-1
-1
-1
-1
-1
-1
-1
-1
-1
-1
-1
-1
-1
-1
-1
-1
-1
-1
-1
-1
-1
-1
-1
-1
-1
-1
-1
-1
-1
-1
-1
-1
-1
-1
-1
-1
2561
2570
2643
2700
-1
-1
2709
2718
-1
-1
-1
-1
-1
-1
-1
-1
-1
-1
-1
-1
-1
-1
-1
-1
-1
-1
-1
-1
-1
-1
-1
-1
-1
-1
-1
-1
-1
-1
-1
-1
-1
-1
-1
-1
-1
-1
-1
-1
-1
-1
-1
2727
2736
-1
-1
-1
2745
-1
-1
-1
-1
-1
-1
-1
-1
-1
-1
-1
-1
-1
-1
-1
-1
-1
-1
-1
-1
-1
-1
-1
-1
-1
-1
-1
-1
-1
-1
-1
-1
-1
-1
-1
-1
-1
-1
-1
-1
-1
-1
-1
-1
-1
2754
2763
2804
-1
2813
-1
-1
-1
-1
-1
-1
-1
-1
-1
-1
-1
-1
-1
-1
-1
-1
-1
-1
-1
-1
-1
-1
-1
-1
-1
-1
-1
-1
-1
-1
-1
-1
-1
-1
-1
-1
-1
-1
-1
-1
-1
-1
-1
-1
-1
2822
2831
2904
-1
-1
-1
-1
-1
-1
-1
-1
-1
-1
-1
-1
-1
-1
-1
-1
-1
-1
-1
-1
-1
-1
-1
-1
-1
-1
-1
-1
-1
-1
-1
-1
-1
-1
-1
-1
-1
-1
-1
-1
-1
-1
-1
-1
-1
-1
2913
2922
2931
-1
-1
-1
-1
-1
-1
-1
-1
-1
-1
-1
-1
-1
-1
-1
-1
-1
-1
-1
-1
-1
-1
-1
-1
-1
-1
-1
-1
-1
-1
-1
-1
-1
-1
-1
-1
-1
-1
-1
-1
-1
-1
-1
-1
-1
-1
2940
-1
2949
2958
-1
-1
-1
-1
-1
-1
-1
-1
-1
-1
-1
-1
-1
-1
-1
-1
-1
-1
-1
-1
-1
-1
-1
-1
-1
-1
-1
-1
-1
-1
-1
-1
-1
-1
-1
-1
-1
-1
-1
-1
-1
-1
-1
-1
-1
-1
2967
2992
3017
3026
-1
-1
3043
-1
-1
-1
-1
-1
-1
-1
-1
-1
-1
-1
-1
-1
-1
-1
-1
-1
-1
-1
-1
-1
-1
-1
-1
-1
-1
-1
-1
-1
-1
-1
-1
-1
-1
-1
-1
-1
-1
-1
-1
-1
-1
-1
3052
3109
3150
3167
3184
-1
3193
3202
-1
-1
-1
-1
-1
-1
-1
-1
-1
-1
-1
-1
-1
-1
-1
-1
-1
-1
-1
-1
-1
-1
-1
-1
-1
-1
-1
-1
-1
-1
-1
-1
-1
-1
-1
-1
-1
-1
-1
-1
-1
-1
3211
3220
3237
3254
3279
-1
3288
3297
-1
-1
-1
-1
-1
-1
-1
-1
-1
-1
-1
-1
-1
-1
-1
-1
-1
-1
-1
-1
-1
-1
-1
-1
-1
-1
-1
-1
-1
-1
-1
-1
-1
-1
-1
-1
-1
-1
-1
-1
-1
-1
-1
3306
3315
3324
-1
-1
3333
3342
-1
-1
-1
-1
-1
-1
-1
-1
-1
-1
-1
-1
-1
-1
-1
-1
-1
-1
-1
-1
-1
-1
-1
-1
-1
-1
-1
-1
-1
-1
-1
-1
-1
-1
-1
-1
-1
-1
-1
-1
-1
-1
-1
3351
3376
-1
-1
-1
3401
3410
-1
-1
-1
-1
-1
-1
-1
-1
-1
-1
-1
-1
-1
-1
-1
-1
-1
-1
-1
-1
-1
-1
-1
-1
-1
-1
-1
-1
-1
-1
-1
-1
-1
-1
-1
-1
-1
-1
-1
-1
-1
-1
-1
3419
3428
-1
-1
-1
3437
-1
-1
-1
-1
-1
-1
-1
-1
-1
-1
-1
-1
-1
-1
-1
-1
-1
-1
-1
-1
-1
-1
-1
-1
-1
-1
-1
-1
-1
-1
-1
-1
-1
-1
-1
-1
-1
-1
-1
-1
-1
-1
-1
-1
-1
-1
3446
-1
-1
3455
-1
-1
-1
-1
-1
-1
-1
-1
-1
-1
-1
-1
-1
-1
-1
-1
-1
-1
-1
-1
-1
-1
-1
-1
-1
-1
-1
-1
-1
-1
-1
-1
-1
-1
-1
-1
-1
-1
-1
-1
-1
-1
-1
-1
-1
-1
3464
3489
-1
-1
-1
-1
-1
-1
-1
-1
-1
-1
-1
-1
-1
-1
-1
-1
-1
-1
-1
-1
-1
-1
-1
-1
-1
-1
-1
-1
-1
-1
-1
-1
-1
-1
-1
-1
-1
-1
-1
-1
-1
-1
-1
-1
-1
-1
-1
-1
-1
-1
-1
-1
-1
-1
-1
-1
-1
-1
-1
-1
-1
-1
-1
-1
-1
-1
-1
-1
-1
-1
-1
-1
-1
-1
-1
-1
-1
-1
-1
-1
-1
-1
-1
-1
-1
-1
-1
-1
-1
-1
-1
-1
-1
-1
-1
-1
-1
-1
-1
-1
-1
-1
-1
-1
-1
-1
-1
-1
-1
-1
-1
-1
-1
-1
-1
-1
-1
-1
-1
-1
-1
-1
-1
-1
-1
-1
-1
-1
-1
-1
-1
-1
-1
-1
-1
-1
-1
-1
-1
-1
-1
-1
-1
-1
-1
-1
-1
-1
-1
-1
-1
-1
-1
-1
-1
-1
-1
-1
-1
-1
-1
-1
-1
-1
-1
-1
-1
-1
-1
-1
-1
-1
-1
-1
-1
-1
-1
-1
-1
-1
-1
-1
-1
-1
-1
-1
-1
-1
-1
-1
-1
-1
-1
-1
-1
-1
-1
-1
-1
-1
-1
-1
-1
-1
-1
-1
-1
-1
-1
-1
-1
-1
-1
-1
-1
-1
-1
-1
-1
-1
-1
-1
-1
-1
-1
-1
-1
-1
-1
-1
-1
-1
-1
-1
-1
-1
-1
-1
-1
-1
-1
-1
-1
-1
-1
-1
-1
-1
-1
-1
-1
-1
-1
-1
-1
-1
-1
-1
-1
-1
-1
-1
-1
-1
-1
-1
-1
-1
-1
-1
-1
-1
-1
-1
-1
-1
-1
-1
-1
3498
-1
-1
-1
-1
-1
-1
-1
-1
-1
-1
-1
3507
-1
-1
-1
3516
-1
-1
-1
-1
-1
-1
-1
-1
-1
-1
-1
-1
-1
-1
-1
-1
3525
-1
3534
-1
3543
-1
-1
-1
-1
-1
-1
-1
-1
-1
-1
-1
-1
-1
-1
-1
3552
3561
3570
3579
3588
3597
3606
-1
-1
-1
-1
-1
-1
-1
-1
-1
-1
-1
-1
-1
-1
3615
3624
3633
3642
3651
3660
3669
-1
-1
-1
-1
-1
-1
-1
-1
-1
-1
-1
-1
-1
-1
3678
3687
3696
3705
3714
3723
3732
-1
-1
-1
-1
-1
-1
-1
-1
-1
-1
-1
-1
-1
-1
3741
3750
3759
3768
3777
3786
3795
-1
3804
3813
-1
-1
3822
-1
-1
-1
-1
-1
-1
-1
-1
-1
3831
-1
3840
-1
3849
-1
3858
3867
3876
3885
3894
3903
3912
-1
-1
-1
-1
-1
-1
-1
-1
-1
-1
3921
-1
-1
-1
3930
-1
3939
3948
3957
-1
3966
-1
-1
-1
-1
-1
-1
-1
-1
-1
-1
-1
-1
-1
-1
-1
-1
-1
-1
-1
-1
-1
-1
-1
-1
-1
-1
-1
-1
-1
-1
-1
-1
-1
-1
-1
-1
-1
-1
-1
-1
-1
-1
-1
-1
-1
-1
-1
-1
-1
-1
3975
-1
-1
-1
3984
-1
-1
-1
-1
-1
-1
3993
4002
-1
-1
-1
-1
-1
-1
-1
-1
4011
-1
4020
-1
4029
-1
-1
-1
-1
4038
4047
-1
-1
-1
-1
-1
-1
-1
-1
-1
4056
4065
4074
4083
4092
4101
4110
-1
-1
-1
-1
-1
-1
-1
-1
-1
-1
-1
-1
-1
-1
4119
4128
4137
4146
4155
4164
4173
-1
-1
-1
-1
-1
-1
-1
-1
-1
-1
-1
-1
-1
-1
4182
4191
4200
4209
4218
4227
4236
-1
-1
-1
-1
-1
-1
-1
-1
-1
-1
-1
-1
-1
-1
4245
4254
4263
4272
4281
4290
4299
-1
-1
-1
-1
-1
-1
-1
-1
-1
-1
-1
-1
-1
-1
-1
4308
-1
4317
-1
4326
-1
4335
4344
4353
4362
4371
4380
4389
-1
-1
-1
-1
-1
-1
-1
-1
-1
-1
4398
-1
-1
-1
4407
4416
4425
4434
4443
4452
4461
-1
-1
-1
-1
-1
-1
-1
-1
-1
-1
-1
-1
-1
-1
-1
-1
-1
-1
-1
-1
-1
-1
-1
-1
-1
-1
-1
-1
-1
-1
-1
-1
-1
-1
-1
-1
-1
-1
-1
-1
-1
-1
-1
-1
-1
-1
-1
-1
-1
-1
4470
-1
-1
-1
4479
-1
-1
4488
4497
-1
-1
4506
-1
-1
-1
-1
-1
-1
-1
-1
-1
4515
-1
4524
-1
4533
-1
4542
-1
4551
4560
4569
-1
4578
-1
-1
-1
-1
-1
-1
-1
4587
4596
4605
4614
4623
4632
4641
-1
4650
4659
4668
-1
4677
-1
-1
-1
-1
-1
-1
-1
-1
4686
4695
4704
4713
4722
4731
4740
-1
-1
-1
-1
-1
-1
-1
-1
-1
-1
-1
-1
-1
-1
4749
4758
4767
4776
4785
4794
4803
-1
-1
-1
-1
-1
-1
-1
-1
-1
-1
-1
-1
-1
-1
4812
4821
4830
4839
4848
4857
4866
-1
-1
-1
-1
-1
-1
-1
-1
-1
-1
-1
-1
-1
-1
-1
4875
-1
4884
-1
4893
-1
-1
-1
4902
-1
-1
-1
-1
-1
-1
-1
-1
-1
-1
-1
-1
-1
-1
4911
-1
-1
-1
4920
4929
4938
-1
-1
4947
4956
-1
-1
-1
-1
-1
-1
-1
-1
-1
-1
-1
-1
-1
-1
-1
-1
-1
-1
-1
-1
-1
-1
-1
-1
-1
-1
-1
-1
-1
-1
-1
-1
-1
-1
-1
-1
-1
-1
-1
-1
-1
-1
-1
-1
-1
-1
-1
-1
-1
-1
-1
-1
-1
-1
-1
-1
-1
-1
-1
-1
-1
-1
-1
-1
-1
-1
-1
-1
-1
-1
-1
-1
-1
-1
-1
-1
-1
-1
-1
-1
-1
-1
-1
-1
-1
-1
-1
-1
-1
-1
-1
-1
-1
-1
-1
-1
-1
-1
-1
-1
-1
-1
-1
-1
-1
-1
-1
-1
-1
-1
-1
-1
-1
-1
-1
-1
-1
-1
-1
-1
-1
-1
-1
-1
-1
-1
-1
-1
-1
-1
-1
-1
-1
-1
-1
-1
-1
-1
-1
-1
-1
-1
-1
-1
-1
-1
-1
-1
-1
-1
-1
-1
-1
-1
-1
-1
-1
-1
-1
-1
-1
-1
-1
-1
-1
-1
-1
-1
-1
-1
-1
-1
-1
-1
-1
-1
-1
-1
-1
-1
-1
-1
-1
-1
-1
-1
-1
-1
-1
-1
-1
-1
-1
-1
-1
-1
-1
-1
-1
-1
-1
-1
-1
-1
-1
-1
-1
-1
-1
-1
-1
-1
-1
-1
-1
-1
-1
-1
-1
-1
-1
-1
-1
-1
-1
-1
-1
-1
-1
-1
-1
-1
-1
-1
-1
-1
-1
-1
-1
-1
-1
-1
-1
-1
-1
-1
-1
-1
-1
-1
-1
-1
-1
-1
-1
-1
-1
-1
-1
-1
-1
-1
-1
-1
-1
-1
-1
-1
-1
-1
-1
-1
-1
-1
-1
-1
-1
-1
-1
-1
-1
-1
-1
-1
-1
-1
-1
-1
-1
-1
-1
-1
-1
-1
-1
-1
-1
-1
-1
-1
-1
-1
-1
-1
-1
-1
-1
-1
-1
-1
-1
-1
-1
-1
-1
-1
-1
-1
-1
-1
-1
-1
-1
-1
-1
-1
-1
-1
-1
-1
-1
-1
-1
-1
-1
-1
-1
-1
-1
-1
-1
-1
-1
-1
-1
-1
-1
-1
-1
-1
-1
-1
-1
-1
-1
-1
-1
-1
-1
-1
-1
-1
-1
-1
-1
-1
-1
-1
-1
-1
-1
-1
-1
-1
-1
-1
-1
-1
-1
-1
-1
-1
-1
-1
-1
-1
-1
-1
-1
-1
-1
-1
-1
-1
-1
-1
-1
-1
-1
-1
-1
-1
-1
-1
-1
-1
-1
-1
-1
-1
-1
-1
-1
-1
-1
-1
-1
-1
-1
-1
-1
-1
-1
-1
-1
-1
-1
-1
-1
-1
-1
-1
-1
-1
-1
-1
-1
-1
-1
-1
-1
-1
-1
-1
-1
-1
-1
-1
-1
-1
-1
-1
-1
-1
-1
-1
-1
-1
-1
-1
-1
-1
-1
-1
-1
-1
-1
-1
-1
-1
-1
-1
-1
-1
-1
-1
-1
-1
-1
-1
-1
-1
-1
-1
-1
-1
-1
-1
-1
-1
-1
-1
-1
-1
-1
-1
-1
-1
-1
-1
-1
-1
-1
-1
-1
-1
-1
-1
-1
-1
-1
-1
-1
-1
-1
-1
-1
-1
-1
-1
-1
-1
-1
-1
-1
-1
-1
-1
-1
-1
-1
-1
-1
-1
-1
-1
-1
-1
-1
-1
-1
-1
-1
-1
-1
-1
-1
-1
-1
-1
-1
-1
-1
-1
-1
-1
-1
-1
-1
-1
-1
-1
-1
-1
-1
-1
-1
-1
-1
-1
-1
-1
-1
-1
-1
-1
-1
-1
-1
-1
-1
-1
-1
-1
-1
-1
-1
-1
-1
-1
-1
-1
-1
-1
-1
-1
-1
-1
-1
-1
-1
-1
-1
-1
-1
-1
-1
-1
-1
-1
-1
-1
-1
-1
-1
-1
-1
-1
-1
-1
-1
-1
-1
-1
-1
-1
-1
-1
-1
-1
-1
-1
-1
-1
-1
-1
-1
-1
-1
-1
-1
-1
-1
-1
-1
-1
-1
-1
-1
-1
-1
-1
-1
-1
-1
-1
-1
-1
-1
-1
-1
-1
-1
-1
-1
-1
-1
-1
-1
-1
-1
-1
-1
-1
-1
-1
-1
-1
-1
-1
-1
-1
-1
-1
-1
-1
-1
-1
-1
-1
-1
-1
-1
-1
-1
-1
-1
-1
-1
-1
-1
-1
-1
-1
-1
-1
-1
-1
-1
-1
-1
-1
-1
-1
-1
-1
-1
-1
-1
-1
-1
-1
-1
-1
-1
-1
-1
-1
-1
-1
-1
-1
-1
-1
-1
-1
-1
-1
-1
-1
-1
-1
-1
-1
-1
-1
-1
-1
-1
-1
-1
-1
-1
-1
-1
-1
-1
-1
-1
-1
-1
-1
-1
-1
-1
-1
-1
-1
-1
-1
-1
-1
-1
-1
-1
-1
-1
-1
-1
-1
-1
-1
-1
-1
-1
-1
-1
-1
-1
-1
-1
-1
-1
-1
-1
-1
-1
-1
-1
-1
-1
-1
-1
-1
-1
-1
-1
-1
-1
-1
-1
-1
-1
-1
-1
-1
-1
-1
-1
-1
-1
-1
-1
-1
-1
-1
-1
-1
-1
-1
-1
-1
-1
-1
-1
-1
-1
-1
-1
-1
-1
-1
-1
-1
-1
-1
-1
-1
-1
-1
-1
-1
-1
-1
-1
-1
-1
-1
-1
-1
-1
-1
-1
-1
-1
-1
-1
-1
-1
-1
-1
-1
-1
-1
-1
-1
-1
-1
-1
-1
-1
-1
-1
-1
-1
-1
-1
-1
-1
-1
-1
-1
-1
-1
-1
-1
-1
-1
-1
-1
-1
-1
-1
-1
-1
-1
-1
-1
-1
-1
-1
-1
-1
-1
-1
-1
-1
-1
-1
-1
-1
-1
-1
-1
-1
-1
-1
-1
-1
-1
-1
-1
-1
-1
-1
-1
-1
-1
-1
-1
-1
-1
-1
-1
-1
-1
-1
-1
-1
-1
-1
-1
-1
-1
-1
-1
-1
-1
-1
-1
-1
-1
-1
-1
-1
-1
-1
-1
-1
-1
-1
-1
-1
-1
-1
-1
-1
-1
-1
-1
-1
-1
-1
-1
-1
-1
-1
-1
-1
-1
-1
-1
-1
-1
-1
-1
-1
-1
-1
-1
-1
-1
-1
-1
-1
-1
-1
-1
-1
-1
-1
-1
-1
-1
-1
-1
-1
-1
-1
-1
-1
-1
-1
-1
-1
-1
-1
-1
-1
-1
-1
-1
-1
-1
-1
-1
-1
-1
-1
-1
-1
-1
-1
-1
-1
-1
-1
-1
-1
-1
-1
-1
-1
-1
-1
-1
-1
-1
-1
-1
-1
-1
-1
-1
-1
-1
-1
-1
-1
-1
-1
-1
-1
-1
-1
-1
-1
-1
-1
-1
-1
-1
-1
-1
-1
-1
-1
-1
-1
-1
-1
-1
-1
-1
-1
-1
-1
-1
-1
-1
-1
-1
-1
-1
-1
-1
-1
-1
-1
-1
-1
-1
-1
-1
-1
-1
-1
-1
-1
-1
-1
-1
-1
-1
-1
-1
-1
-1
-1
-1
-1
-1
-1
-1
-1
-1
-1
-1
-1
-1
-1
-1
-1
-1
-1
-1
-1
-1
-1
-1
-1
-1
-1
-1
-1
-1
-1
-1
-1
-1
-1
-1
-1
-1
-1
-1
-1
-1
-1
-1
-1
-1
-1
-1
-1
-1
-1
-1
-1
-1
-1
-1
-1
-1
-1
-1
-1
-1
-1
-1
-1
-1
-1
-1
-1
-1
-1
-1
-1
-1
-1
-1
-1
-1
-1
-1
-1
-1
-1
-1
-1
-1
-1
-1
-1
-1
-1
-1
-1
-1
-1
-1
-1
-1
-1
-1
-1
-1
-1
-1
-1
-1
-1
-1
-1
-1
-1
-1
-1
-1
-1
-1
-1
-1
-1
-1
-1
-1
-1
-1
-1
-1
-1
-1
-1
-1
-1
-1
-1
-1
-1
-1
-1
-1
-1
-1
-1
-1
-1
-1
-1
-1
-1
-1
-1
-1
-1
-1
-1
-1
-1
-1
-1
-1
-1
-1
-1
-1
-1
-1
-1
-1
-1
-1
-1
-1
-1
-1
-1
-1
-1
-1
-1
-1
-1
-1
-1
-1
-1
-1
-1
-1
-1
-1
-1
-1
-1
-1
-1
-1
-1
-1
-1
-1
-1
-1
-1
-1
-1
-1
-1
-1
-1
-1
-1
-1
-1
-1
-1
-1
-1
-1
-1
-1
-1
-1
-1
-1
-1
-1
-1
-1
-1
-1
-1
-1
-1
-1
-1
-1
-1
-1
-1
-1
-1
-1
-1
-1
-1
-1
-1
-1
-1
-1
-1
-1
-1
-1
-1
-1
-1
-1
-1
-1
-1
-1
-1
-1
-1
-1
-1
-1
-1
-1
-1
-1
-1
-1
-1
-1
-1
-1
-1
-1
-1
-1
-1
-1
-1
-1
-1
-1
-1
-1
-1
-1
-1
-1
-1
-1
-1
-1
-1
-1
-1
-1
-1
-1
-1
-1
-1
-1
-1
-1
-1
-1
-1
-1
-1
-1
-1
-1
-1
-1
-1
-1
-1
-1
-1
-1
-1
-1
-1
-1
-1
-1
-1
-1
-1
-1
-1
-1
-1
-1
-1
-1
-1
-1
-1
-1
-1
-1
-1
-1
-1
-1
-1
-1
-1
-1
-1
-1
-1
-1
692
693
694
695
696
697
698
906
907
908
909
910
911
912
1016
1017
1018
1019
1020
1021
1022
1182
1183
1184
1185
1186
1187
1188
2197
2198
2199
2200
2201
2202
2203
2403
2404
2405
2406
2407
2408
2409
2545
2546
2547
2548
2549
2550
2551
2711
2712
2713
2714
2715
2716
2717
3195
3196
3197
3198
3199
3200
3201
3290
3291
3292
3293
3294
3295
3296
3335
3336
3337
3338
3339
3340
3341
3403
3404
3405
3406
3407
3408
3409
3563
3564
3565
3566
3567
3568
3569
3581
3582
3583
3584
3585
3586
3587
3599
3600
3601
3602
3603
3604
3605
3626
3627
3628
3629
3630
3631
3632
3644
3645
3646
3647
3648
3649
3650
3662
3663
3664
3665
3666
3667
3668
3689
3690
3691
3692
3693
3694
3695
3707
3708
3709
3710
3711
3712
3713
3725
3726
3727
3728
3729
3730
3731
3752
3753
3754
3755
3756
3757
3758
3770
3771
3772
3773
3774
3775
3776
3788
3789
3790
3791
3792
3793
3794
3941
3942
3943
3944
3945
3946
3947
3968
3969
3970
3971
3972
3973
3974
4067
4068
4069
4070
4071
4072
4073
4085
4086
4087
4088
4089
4090
4091
4103
4104
4105
4106
4107
4108
4109
4130
4131
4132
4133
4134
4135
4136
4148
4149
4150
4151
4152
4153
4154
4166
4167
4168
4169
4170
4171
4172
4193
4194
4195
4196
4197
4198
4199
4211
4212
4213
4214
4215
4216
4217
4229
4230
4231
4232
4233
4234
4235
4256
4257
4258
4259
4260
4261
4262
4274
4275
4276
4277
4278
4279
4280
4292
4293
4294
4295
4296
4297
4298
4427
4428
4429
4430
4431
4432
4433
4463
4464
4465
4466
4467
4468
4469
4598
4599
4600
4601
4602
4603
4604
4616
4617
4618
4619
4620
4621
4622
4634
4635
4636
4637
4638
4639
4640
4697
4698
4699
4700
4701
4702
4703
4715
4716
4717
4718
4719
4720
4721
4733
4734
4735
4736
4737
4738
4739
4760
4761
4762
4763
4764
4765
4766
4778
4779
4780
4781
4782
4783
4784
4796
4797
4798
4799
4800
4801
4802
4823
4824
4825
4826
4827
4828
4829
4841
4842
4843
4844
4845
4846
4847
4859
4860
4861
4862
4863
4864
4865
4940
4941
4942
4943
4944
4945
4946
4958
4959
4960
4961
4962
4963
4964
2747
2748
2749
2750
2751
2752
2753
3439
3440
3441
3442
3443
3444
3445
4013
4014
4015
4016
4017
4018
4019
4031
4032
4033
4034
4035
4036
4037
4319
4320
4321
4322
4323
4324
4325
1284
1285
1286
1287
1288
1289
1290
3527
3528
3529
3530
3531
3532
3533
3545
3546
3547
3548
3549
3550
3551
3842
3843
3844
3845
3846
3847
3848
4517
4518
4519
4520
4521
4522
4523
4535
4536
4537
4538
4539
4540
4541
4886
4887
4888
4889
4890
4891
4892
3851
3852
3853
3854
3855
3856
3857
4310
4311
4312
4313
4314
4315
4316
4328
4329
4330
4331
4332
4333
4334
4877
4878
4879
4880
4881
4882
4883
3833
3834
3835
3836
3837
3838
3839
4895
4896
4897
4898
4899
4900
4901
1904
1905
1906
1907
1908
1909
1910
3045
3046
3047
3048
3049
3050
3051
3536
3537
3538
3539
3540
3541
3542
4022
4023
4024
4025
4026
4027
4028
487
488
489
490
491
492
493
4526
4527
4528
4529
4530
4531
4532
1512
1514
1522
1523
1524
1525
1526
1234
1235
1236
1238
1247
1255
1256
1045
1054
1063
1072
1081
1090
1099
2574
2583
2592
2601
2610
2619
2628
2647
2656
2665
2674
2682
2684
2692
1117
1119
1127
1129
1138
1147
1156
2432
2441
2450
2458
2460
2469
2478
3326
3327
3328
3329
3330
3331
3332
2496
2498
2507
2515
2516
2518
2526
974
976
984
985
986
988
997
2250
2258
2260
2269
2278
2286
2288
721
730
739
748
757
765
767
1915
1924
1933
1942
1951
1960
1969
1988
1997
2006
2015
2024
2033
2042
2307
2316
2325
2334
2342
2344
2352
3056
3065
3074
3082
3084
3092
3094
3317
3318
3319
3320
3321
3322
3323
858
860
868
870
879
888
896
572
581
590
599
608
617
626
2061
2070
2079
2088
2096
2098
2107
3257
3265
3267
3275
3276
3277
3278
643
645
653
655
664
673
682
2126
2135
2144
2153
2162
2171
2180
1396
1405
1413
1415
1424
1432
1433
3152
3154
3162
3163
3164
3165
3166
3240
3241
3242
3243
3244
3245
3246
1816
1825
1834
1843
1852
1861
1869
3019
3020
3021
3022
3023
3024
3025
1879
1881
1889
1890
1891
1893
1901
3170
3178
3179
3180
3181
3182
3183
21
29
30
31
32
34
43
3223
3231
3232
3233
3234
3235
3236
2554
2555
2556
2557
2558
2559
2560
4184
4185
4186
4187
4188
4189
4190
4220
4221
4222
4223
4224
4225
4226
1025
1026
1027
1028
1029
1030
1031
3344
3345
3346
3347
3348
3349
3350
3716
3717
3718
3719
3720
3721
3722
4751
4752
4753
4754
4755
4756
4757
2412
2413
2414
2415
2416
2417
2418
4139
4140
4141
4142
4143
4144
4145
4175
4176
4177
4178
4179
4180
4181
3299
3300
3301
3302
3303
3304
3305
4706
4707
4708
4709
4710
4711
4712
915
916
917
918
919
920
921
3671
3672
3673
3674
3675
3676
3677
3680
3681
3682
3683
3684
3685
3686
4787
4788
4789
4790
4791
4792
4793
4742
4743
4744
4745
4746
4747
4748
3635
3636
3637
3638
3639
3640
3641
2815
2816
2817
2818
2819
2820
2821
4400
4401
4402
4403
4404
4405
4406
3457
3458
3459
3460
3461
3462
3463
786
795
804
813
822
831
840
3923
3924
3925
3926
3927
3928
3929
4913
4914
4915
4916
4917
4918
4919
1376
1377
1378
1379
1380
1381
1382
3986
3987
3988
3989
3990
3991
3992
3977
3978
3979
3980
3981
3982
3983
4202
4203
4204
4205
4206
4207
4208
4472
4473
4474
4475
4476
4477
4478
3734
3735
3736
3737
3738
3739
3740
4238
4239
4240
4241
4242
4243
4244
4769
4770
4771
4772
4773
4774
4775
3698
3699
3700
3701
3702
3703
3704
4121
4122
4123
4124
4125
4126
4127
4157
4158
4159
4160
4161
4162
4163
4481
4482
4483
4484
4485
4486
4487
4805
4806
4807
4808
4809
4810
4811
3509
3510
3511
3512
3513
3514
3515
3518
3519
3520
3521
3522
3523
3524
3653
3654
3655
3656
3657
3658
3659
4688
4689
4690
4691
4692
4693
4694
3617
3618
3619
3620
3621
3622
3623
4724
4725
4726
4727
4728
4729
4730
933
934
936
944
946
955
964
430
432
440
442
450
452
461
1209
1210
1211
1213
1222
1230
1231
1082
1083
1084
1085
1086
1087
1088
1100
1101
1102
1103
1104
1105
1106
1130
1131
1132
1133
1134
1135
1136
1046
1047
1048
1049
1050
1051
1052
1064
1065
1066
1067
1068
1069
1070
1164
1165
1166
1167
1168
1169
1170
1120
1121
1122
1123
1124
1125
1126
226
235
244
253
262
271
280
2206
2207
2208
2209
2210
2211
2212
4076
4077
4078
4079
4080
4081
4082
299
308
317
326
335
343
345
1677
1685
1686
1688
1697
1706
1715
4112
4113
4114
4115
4116
4117
4118
3204
3205
3206
3207
3208
3209
3210
4607
4608
4609
4610
4611
4612
4613
701
702
703
704
705
706
707
3608
3609
3610
3611
3612
3613
3614
2720
2721
2722
2723
2724
2725
2726
4283
4284
4285
4286
4287
4288
4289
1191
1192
1193
1194
1195
1196
1197
3779
3780
3781
3782
3783
3784
3785
4247
4248
4249
4250
4251
4252
4253
3412
3413
3414
3415
3416
3417
3418
3572
3573
3574
3575
3576
3577
3578
4643
4644
4645
4646
4647
4648
4649
4814
4815
4816
4817
4818
4819
4820
3743
3744
3745
3746
3747
3748
3749
4850
4851
4852
4853
4854
4855
4856
55
64
73
82
91
100
109
65
66
67
68
69
70
71
56
57
58
59
60
61
62
2217
2225
2226
2228
2236
2237
2238
848
849
850
851
852
853
854
796
797
798
799
800
801
802
3028
3029
3031
3039
3040
3041
3042
1612
1621
1630
1638
1640
1649
1658
2951
2952
2953
2954
2955
2956
2957
2994
2996
3005
3013
3014
3015
3016
710
711
712
713
714
715
716
768
769
770
771
772
773
774
529
530
531
533
542
551
560
2261
2262
2263
2264
2265
2266
2267
1578
1580
1589
1597
1598
1599
1600
1478
1480
1489
1497
1498
1499
1501
4049
4050
4051
4052
4053
4054
4055
4544
4545
4546
4547
4548
4549
4550
977
978
979
980
981
982
983
937
938
939
940
941
942
943
168
176
178
187
196
205
214
117
118
119
120
121
122
123
1385
1386
1387
1388
1389
1390
1391
1461
1463
1471
1472
1473
1474
1475
22
23
24
25
26
27
28
2364
2372
2373
2375
2384
2392
2393
4553
4554
4555
4556
4557
4558
4559
2136
2137
2138
2139
2140
2141
2142
1293
1294
1295
1296
1297
1298
1299
4571
4572
4573
4574
4575
4576
4577
4580
4581
4582
4583
4584
4585
4586
627
628
629
630
631
632
633
2915
2916
2917
2918
2919
2920
2921
722
723
724
725
726
727
728
758
759
760
761
762
763
764
814
815
816
817
818
819
820
2353
2354
2355
2356
2357
2358
2359
2317
2318
2319
2320
2321
2322
2323
832
833
834
835
836
837
838
1732
1734
1743
1751
1752
1754
1762
2942
2943
2944
2945
2946
2947
2948
4670
4671
4672
4673
4674
4675
4676
4679
4680
4681
4682
4683
4684
4685
2251
2252
2253
2254
2255
2256
2257
2289
2290
2291
2292
2293
2294
2295
497
499
507
509
517
518
519
775
776
777
778
779
780
781
1007
1008
1009
1010
1011
1012
1013
731
732
733
734
735
736
737
740
741
742
743
744
745
746
2279
2280
2281
2282
2283
2284
2285
2188
2189
2190
2191
2192
2193
2194
2970
2972
2980
2981
2982
2983
2984
4094
4095
4096
4097
4098
4099
4100
4265
4266
4267
4268
4269
4270
4271
4301
4302
4303
4304
4305
4306
4307
4589
4590
4591
4592
4593
4594
4595
3797
3798
3799
3800
3801
3802
3803
4058
4059
4060
4061
4062
4063
4064
4832
4833
4834
4835
4836
4837
4838
263
264
265
266
267
268
269
1613
1614
1615
1616
1617
1618
1619
1666
1667
1668
1669
1670
1671
1672
4625
4626
4627
4628
4629
4630
4631
1490
1491
1492
1493
1494
1495
1496
3590
3591
3592
3593
3594
3595
3596
44
45
46
47
48
49
50
1481
1482
1483
1484
1485
1486
1487
2824
2825
2826
2827
2828
2829
2830
3761
3762
3763
3764
3765
3766
3767
4868
4869
4870
4871
4872
4873
4874
2080
2081
2082
2083
2084
2085
2086
3554
3555
3556
3557
3558
3559
3560
1304
1313
1322
1330
1332
1341
1350
2756
2757
2758
2759
2760
2761
2762
2835
2844
2853
2862
2871
2880
2889
1416
1417
1418
1419
1420
1421
1422
2765
2767
2776
2784
2785
2787
2796
2897
2898
2899
2900
2901
2902
2903
2108
2109
2110
2111
2112
2113
2114
1406
1407
1408
1409
1410
1411
1412
2308
2309
2310
2311
2312
2313
2314
823
824
825
826
827
828
829
2335
2336
2337
2338
2339
2340
2341
871
872
873
874
875
876
877
618
619
620
621
622
623
624
897
898
899
900
901
902
903
2326
2327
2328
2329
2330
2331
2332
2345
2346
2347
2348
2349
2350
2351
889
890
891
892
893
894
895
591
592
593
594
595
596
597
2071
2072
2073
2074
2075
2076
2077
1425
1426
1427
1428
1429
1430
1431
787
788
789
790
791
792
793
841
842
843
844
845
846
847
1342
1343
1344
1345
1346
1347
1348
2768
2769
2770
2771
2772
2773
2774
3995
3996
3997
3998
3999
4000
4001
4040
4041
4042
4043
4044
4045
4046
861
862
863
864
865
866
867
582
583
584
585
586
587
588
805
806
807
808
809
810
811
1351
1352
1353
1354
1355
1356
1357
3186
3187
3188
3189
3190
3191
3192
3268
3269
3270
3271
3272
3273
3274
1977
1978
1979
1980
1981
1982
1983
3281
3282
3283
3284
3285
3286
3287
4490
4491
4492
4493
4494
4495
4496
4499
4500
4501
4502
4503
4504
4505
4652
4653
4654
4655
4656
4657
4658
1397
1398
1399
1400
1401
1402
1403
1434
1435
1436
1437
1438
1439
1440
1443
1444
1445
1446
1447
1448
1449
3869
3870
3871
3872
3873
3874
3875
4562
4563
4564
4565
4566
4567
4568
3171
3172
3173
3174
3175
3176
3177
1323
1324
1325
1326
1327
1328
1329
2836
2837
2838
2839
2840
2841
2842
2777
2778
2779
2780
2781
2782
2783
1260
1268
1270
1278
1279
1280
1281
4508
4509
4510
4511
4512
4513
4514
1314
1315
1316
1317
1318
1319
1320
3032
3033
3034
3035
3036
3037
3038
371
373
381
382
383
385
393
1735
1736
1737
1738
1739
1740
1741
1755
1756
1757
1758
1759
1760
1761
1538
1547
1556
1564
1565
1566
1567
126
127
128
130
139
148
157
1943
1944
1945
1946
1947
1948
1949
3258
3259
3260
3261
3262
3263
3264
1358
1359
1360
1361
1362
1363
1364
1305
1306
1307
1308
1309
1310
1311
1173
1174
1175
1176
1177
1178
1179
158
159
160
161
162
163
164
1548
1549
1550
1551
1552
1553
1554
149
150
151
152
153
154
155
2
3
4
5
6
7
8
1452
1453
1454
1455
1456
1457
1458
131
132
133
134
135
136
137
1568
1569
1570
1571
1572
1573
1574
1271
1272
1273
1274
1275
1276
1277
140
141
142
143
144
145
146
4661
4662
4663
4664
4665
4666
4667
1916
1917
1918
1919
1920
1921
1922
510
511
512
513
514
515
516
386
387
388
389
390
391
392
374
375
376
377
378
379
380
1934
1935
1936
1937
1938
1939
1940
1261
1262
1263
1264
1265
1266
1267
3467
3475
3477
3485
3486
3487
3488
4949
4950
4951
4952
4953
4954
4955
520
521
522
523
524
525
526
1767
1776
1784
1785
1786
1788
1797
254
255
256
257
258
259
260
1961
1962
1963
1964
1965
1966
1967
1970
1971
1972
1973
1974
1975
1976
500
501
502
503
504
505
506
2973
2974
2975
2976
2977
2978
2979
2872
2873
2874
2875
2876
2877
2878
2239
2240
2241
2242
2243
2244
2245
2394
2395
2396
2397
2398
2399
2400
2906
2907
2908
2909
2910
2911
2912
2985
2986
2987
2988
2989
2990
2991
3213
3214
3215
3216
3217
3218
3219
3448
3449
3450
3451
3452
3453
3454
227
228
229
230
231
232
233
2229
2230
2231
2232
2233
2234
2235
2863
2864
2865
2866
2867
2868
2869
2797
2798
2799
2800
2801
2802
2803
3468
3469
3470
3471
3472
3473
3474
4382
4383
4384
4385
4386
4387
4388
4436
4437
4438
4439
4440
4441
4442
1998
1999
2000
2001
2002
2003
2004
272
273
274
275
276
277
278
281
282
283
284
285
286
287
2881
2882
2883
2884
2885
2886
2887
2890
2891
2892
2893
2894
2895
2896
2788
2789
2790
2791
2792
2793
2794
288
289
290
291
292
293
294
3905
3906
3907
3908
3909
3910
3911
3950
3951
3952
3953
3954
3955
3956
3959
3960
3961
3962
3963
3964
3965
4346
4347
4348
4349
4350
4351
4352
4355
4356
4357
4358
4359
4360
4361
4409
4410
4411
4412
4413
4414
4415
749
750
751
752
753
754
755
2089
2090
2091
2092
2093
2094
2095
236
237
238
239
240
241
242
11
12
13
14
15
16
17
396
397
398
400
409
418
426
2050
2051
2052
2053
2054
2055
2056
2806
2807
2808
2809
2810
2811
2812
3113
3122
3131
3139
3140
3141
3142
3491
3492
3493
3494
3495
3496
3497
3914
3915
3916
3917
3918
3919
3920
4391
4392
4393
4394
4395
4396
4397
4418
4419
4420
4421
4422
4423
4424
4445
4446
4447
4448
4449
4450
4451
4454
4455
4456
4457
4458
4459
4460
1952
1953
1954
1955
1956
1957
1958
2016
2017
2018
2019
2020
2021
2022
674
675
676
677
678
679
680
35
36
37
38
39
40
41
245
246
247
248
249
250
251
1622
1623
1624
1625
1626
1627
1628
1631
1632
1633
1634
1635
1636
1637
169
170
171
172
173
174
175
179
180
181
182
183
184
185
197
198
199
200
201
202
203
215
216
217
218
219
220
221
2854
2855
2856
2857
2858
2859
2860
353
354
355
356
357
358
359
478
479
480
481
482
483
484
634
635
636
637
638
639
640
2115
2116
2117
2118
2119
2120
2121
3143
3144
3145
3146
3147
3148
3149
3887
3888
3889
3890
3891
3892
3893
3896
3897
3898
3899
3900
3901
3902
3932
3933
3934
3935
3936
3937
3938
4337
4338
4339
4340
4341
4342
4343
4373
4374
4375
4376
4377
4378
4379
4931
4932
4933
4934
4935
4936
4937
1989
1990
1991
1992
1993
1994
1995
2025
2026
2027
2028
2029
2030
2031
2034
2035
2036
2037
2038
2039
2040
2043
2044
2045
2046
2047
2048
2049
3066
3067
3068
3069
3070
3071
3072
573
574
575
576
577
578
579
656
657
658
659
660
661
662
683
684
685
686
687
688
689
2145
2146
2147
2148
2149
2150
2151
1817
1818
1819
1820
1821
1822
1823
1844
1845
1846
1847
1848
1849
1850
1853
1854
1855
1856
1857
1858
1859
1862
1863
1864
1865
1866
1867
1868
309
310
311
312
313
314
315
327
328
329
330
331
332
333
1590
1591
1592
1593
1594
1595
1596
2845
2846
2847
2848
2849
2850
2851
1870
1871
1872
1873
1874
1875
1876
2933
2934
2935
2936
2937
2938
2939
4364
4365
4366
4367
4368
4369
4370
2575
2576
2577
2578
2579
2580
2581
300
301
302
303
304
305
306
318
319
320
321
322
323
324
336
337
338
339
340
341
342
346
347
348
349
350
351
352
74
75
76
77
78
79
80
188
189
190
191
192
193
194
206
207
208
209
210
211
212
3478
3479
3480
3481
3482
3483
3484
3114
3115
3116
3117
3118
3119
3120
3123
3124
3125
3126
3127
3128
3129
3132
3133
3134
3135
3136
3137
3138
362
363
364
365
366
367
368
1367
1368
1369
1370
1371
1372
1373
1723
1724
1725
1726
1727
1728
1729
2421
2422
2423
2424
2425
2426
2427
2563
2564
2565
2566
2567
2568
2569
2636
2637
2638
2639
2640
2641
2642
2693
2694
2695
2696
2697
2698
2699
3354
3362
3364
3372
3373
3374
3375
3500
3501
3502
3503
3504
3505
3506
3860
3861
3862
3863
3864
3865
3866
3878
3879
3880
3881
3882
3883
3884
1515
1516
1517
1518
1519
1520
1521
2611
2612
2613
2614
2615
2616
2617
1148
1149
1150
1151
1152
1153
1154
2442
2443
2444
2445
2446
2447
2448
2451
2452
2453
2454
2455
2456
2457
2499
2500
2501
2502
2503
2504
2505
600
601
602
603
604
605
606
2099
2100
2101
2102
2103
2104
2105
1678
1679
1680
1681
1682
1683
1684
101
102
103
104
105
106
107
110
111
112
113
114
115
116
1641
1642
1643
1644
1645
1646
1647
1650
1651
1652
1653
1654
1655
1656
1659
1660
1661
1662
1663
1664
1665
2997
2998
2999
3000
3001
3002
3003
3006
3007
3008
3009
3010
3011
3012
1744
1745
1746
1747
1748
1749
1750
1539
1540
1541
1542
1543
1544
1545
1557
1558
1559
1560
1561
1562
1563
1777
1778
1779
1780
1781
1782
1783
1789
1790
1791
1792
1793
1794
1795
1798
1799
1800
1801
1802
1803
1804
924
925
926
927
928
929
930
1034
1035
1036
1037
1038
1039
1040
1527
1528
1529
1530
1531
1532
1533
1601
1602
1603
1604
1605
1606
1607
2702
2703
2704
2705
2706
2707
2708
2729
2730
2731
2732
2733
2734
2735
2738
2739
2740
2741
2742
2743
2744
2960
2961
2962
2963
2964
2965
2966
3308
3309
3310
3311
3312
3313
3314
3379
3381
3389
3390
3391
3392
3393
3806
3807
3808
3809
3810
3811
3812
3815
3816
3817
3818
3819
3820
3821
3824
3825
3826
3827
3828
3829
3830
4904
4905
4906
4907
4908
4909
4910
4922
4923
4924
4925
4926
4927
4928
1073
1074
1075
1076
1077
1078
1079
2584
2585
2586
2587
2588
2589
2590
2593
2594
2595
2596
2597
2598
2599
2657
2658
2659
2660
2661
2662
2663
2666
2667
2668
2669
2670
2671
2672
2675
2676
2677
2678
2679
2680
2681
1157
1158
1159
1160
1161
1162
1163
3057
3058
3059
3060
3061
3062
3063
3075
3076
3077
3078
3079
3080
3081
880
881
882
883
884
885
886
2062
2063
2064
2065
2066
2067
2068
2127
2128
2129
2130
2131
2132
2133
2154
2155
2156
2157
2158
2159
2160
2163
2164
2165
2166
2167
2168
2169
2172
2173
2174
2175
2176
2177
2178
2181
2182
2183
2184
2185
2186
2187
1826
1827
1828
1829
1830
1831
1832
1835
1836
1837
1838
1839
1840
1841
956
957
958
959
960
961
962
965
966
967
968
969
970
971
433
434
435
436
437
438
439
453
454
455
456
457
458
459
1689
1690
1691
1692
1693
1694
1695
83
84
85
86
87
88
89
1581
1582
1583
1584
1585
1586
1587
2365
2366
2367
2368
2369
2370
2371
2376
2377
2378
2379
2380
2381
2382
2385
2386
2387
2388
2389
2390
2391
1333
1334
1335
1336
1337
1338
1339
3355
3356
3357
3358
3359
3360
3361
469
470
471
472
473
474
475
1107
1108
1109
1110
1111
1112
1113
1200
1201
1202
1203
1204
1205
1206
1805
1806
1807
1808
1809
1810
1811
2296
2297
2298
2299
2300
2301
2302
2486
2487
2488
2489
2490
2491
2492
2527
2528
2529
2530
2531
2532
2533
2536
2537
2538
2539
2540
2541
2542
2924
2925
2926
2927
2928
2929
2930
3102
3103
3104
3105
3106
3107
3108
3247
3248
3249
3250
3251
3252
3253
3394
3395
3396
3397
3398
3399
3400
3421
3422
3423
3424
3425
3426
3427
3430
3431
3432
3433
3434
3435
3436
4004
4005
4006
4007
4008
4009
4010
1239
1240
1241
1242
1243
1244
1245
1248
1249
1250
1251
1252
1253
1254
1055
1056
1057
1058
1059
1060
1061
1091
1092
1093
1094
1095
1096
1097
2602
2603
2604
2605
2606
2607
2608
2620
2621
2622
2623
2624
2625
2626
2629
2630
2631
2632
2633
2634
2635
2648
2649
2650
2651
2652
2653
2654
2685
2686
2687
2688
2689
2690
2691
1139
1140
1141
1142
1143
1144
1145
2433
2434
2435
2436
2437
2438
2439
2461
2462
2463
2464
2465
2466
2467
2470
2471
2472
2473
2474
2475
2476
2479
2480
2481
2482
2483
2484
2485
2508
2509
2510
2511
2512
2513
2514
2519
2520
2521
2522
2523
2524
2525
989
990
991
992
993
994
995
998
999
1000
1001
1002
1003
1004
2270
2271
2272
2273
2274
2275
2276
1925
1926
1927
1928
1929
1930
1931
2007
2008
2009
2010
2011
2012
2013
3085
3086
3087
3088
3089
3090
3091
3095
3096
3097
3098
3099
3100
3101
609
610
611
612
613
614
615
646
647
648
649
650
651
652
665
666
667
668
669
670
671
3155
3156
3157
3158
3159
3160
3161
1882
1883
1884
1885
1886
1887
1888
1894
1895
1896
1897
1898
1899
1900
3224
3225
3226
3227
3228
3229
3230
947
948
949
950
951
952
953
443
444
445
446
447
448
449
462
463
464
465
466
467
468
1214
1215
1216
1217
1218
1219
1220
1223
1224
1225
1226
1227
1228
1229
1698
1699
1700
1701
1702
1703
1704
1707
1708
1709
1710
1711
1712
1713
1716
1717
1718
1719
1720
1721
1722
92
93
94
95
96
97
98
2218
2219
2220
2221
2222
2223
2224
534
535
536
537
538
539
540
543
544
545
546
547
548
549
552
553
554
555
556
557
558
561
562
563
564
565
566
567
1502
1503
1504
1505
1506
1507
1508
1464
1465
1466
1467
1468
1469
1470
1768
1769
1770
1771
1772
1773
1774
401
402
403
404
405
406
407
410
411
412
413
414
415
416
419
420
421
422
423
424
425
3365
3366
3367
3368
3369
3370
3371
3382
3383
3384
3385
3386
3387
3388
)


// ************************************************************************* //
