/*--------------------------------*- C++ -*----------------------------------*\
| =========                 |                                                 |
| \\      /  F ield         | OpenFOAM: The Open Source CFD Toolbox           |
|  \\    /   O peration     | Version:  5.0                                   |
|   \\  /    A nd           | Web:      www.OpenFOAM.org                      |
|    \\/     M anipulation  |                                                 |
\*---------------------------------------------------------------------------*/
FoamFile
{
    version     2.0;
    format      ascii;
    class       refinementHistory;
    location    "0.5/polyMesh";
    object      refinementHistory;
}
// * * * * * * * * * * * * * * * * * * * * * * * * * * * * * * * * * * * * * //

// splitCells

1159
(
1 0()
-1 8(0 2 3 4 5 6 7 8)
1 0()
1 0()
1 0()
1 0()
1 0()
1 0()
1 0()
10 0()
-1 8(9 11 12 13 14 15 16 17)
10 0()
10 0()
10 0()
10 0()
10 0()
10 0()
10 0()
19 0()
-1 8(18 20 21 22 23 24 25 26)
19 0()
19 0()
19 0()
19 0()
19 0()
19 0()
19 0()
28 0()
-1 8(27 29 30 31 32 33 34 35)
28 0()
28 0()
28 0()
28 0()
28 0()
28 0()
28 0()
37 0()
-1 8(36 38 39 40 41 42 43 44)
37 0()
37 0()
37 0()
37 0()
37 0()
37 0()
37 0()
46 0()
-1 8(45 47 48 49 50 51 52 53)
46 0()
46 0()
46 0()
46 0()
46 0()
46 0()
46 0()
55 0()
-1 8(54 56 57 58 59 60 61 62)
55 0()
55 0()
55 0()
55 0()
55 0()
55 0()
55 0()
64 0()
-1 8(63 65 66 67 68 69 70 71)
64 0()
64 0()
64 0()
64 0()
64 0()
64 0()
64 0()
73 0()
-1 8(72 74 75 76 77 78 87 88)
73 0()
73 0()
73 0()
73 0()
73 8(79 80 81 82 83 84 85 86)
78 0()
78 0()
78 0()
78 0()
78 0()
78 0()
78 0()
78 0()
73 0()
73 8(89 90 91 92 93 94 95 96)
88 0()
88 0()
88 0()
88 0()
88 0()
88 0()
88 0()
88 0()
98 0()
-1 8(97 99 100 101 102 103 104 105)
98 0()
98 0()
98 0()
98 0()
98 0()
98 0()
98 0()
107 0()
-1 8(106 108 109 110 111 112 113 114)
107 0()
107 0()
107 0()
107 0()
107 0()
107 0()
107 0()
116 0()
-1 8(115 117 118 119 120 121 122 123)
116 0()
116 0()
116 0()
116 0()
116 0()
116 0()
116 0()
125 0()
-1 8(124 126 127 128 129 130 131 132)
125 0()
125 0()
125 0()
125 0()
125 0()
125 0()
125 0()
134 0()
-1 8(133 135 136 137 138 139 140 141)
134 0()
134 0()
134 0()
134 0()
134 0()
134 0()
134 0()
143 0()
-1 8(142 144 145 146 147 148 149 150)
143 0()
143 0()
143 0()
143 0()
143 0()
143 0()
143 0()
152 0()
-1 8(151 153 154 155 156 157 158 159)
152 0()
152 0()
152 0()
152 0()
152 0()
152 0()
152 0()
161 0()
-1 8(160 162 163 164 165 166 167 168)
161 0()
161 0()
161 0()
161 0()
161 0()
161 0()
161 0()
170 0()
-1 8(169 171 172 173 174 175 176 177)
170 0()
170 0()
170 0()
170 0()
170 0()
170 0()
170 0()
179 0()
-1 8(178 180 181 182 183 184 185 186)
179 0()
179 0()
179 0()
179 0()
179 0()
179 0()
179 0()
188 0()
-1 8(187 189 198 199 208 209 218 227)
188 8(190 191 192 193 194 195 196 197)
189 0()
189 0()
189 0()
189 0()
189 0()
189 0()
189 0()
189 0()
188 0()
188 8(200 201 202 203 204 205 206 207)
199 0()
199 0()
199 0()
199 0()
199 0()
199 0()
199 0()
199 0()
188 0()
188 8(210 211 212 213 214 215 216 217)
209 0()
209 0()
209 0()
209 0()
209 0()
209 0()
209 0()
209 0()
188 8(219 220 221 222 223 224 225 226)
218 0()
218 0()
218 0()
218 0()
218 0()
218 0()
218 0()
218 0()
188 8(228 229 230 231 232 233 234 235)
227 0()
227 0()
227 0()
227 0()
227 0()
227 0()
227 0()
227 0()
237 0()
-1 8(236 238 239 240 241 242 243 244)
237 0()
237 0()
237 0()
237 0()
237 0()
237 0()
237 0()
246 0()
-1 8(245 247 248 249 250 251 252 253)
246 0()
246 0()
246 0()
246 0()
246 0()
246 0()
246 0()
255 0()
-1 8(254 256 257 258 259 260 261 262)
255 0()
255 0()
255 0()
255 0()
255 0()
255 0()
255 0()
264 0()
-1 8(263 265 266 267 268 269 270 271)
264 0()
264 0()
264 0()
264 0()
264 0()
264 0()
264 0()
273 0()
-1 8(272 274 275 276 277 278 279 280)
273 0()
273 0()
273 0()
273 0()
273 0()
273 0()
273 0()
282 0()
-1 8(281 283 284 285 286 287 288 289)
282 0()
282 0()
282 0()
282 0()
282 0()
282 0()
282 0()
291 0()
-1 8(290 292 293 294 295 296 297 298)
291 0()
291 0()
291 0()
291 0()
291 0()
291 0()
291 0()
300 0()
-1 8(299 301 302 303 304 305 306 307)
300 0()
300 0()
300 0()
300 0()
300 0()
300 0()
300 0()
309 0()
-1 8(308 310 311 312 313 314 315 316)
309 0()
309 0()
309 0()
309 0()
309 0()
309 0()
309 0()
318 0()
-1 8(317 319 328 329 338 339 348 349)
318 8(320 321 322 323 324 325 326 327)
319 0()
319 0()
319 0()
319 0()
319 0()
319 0()
319 0()
319 0()
318 0()
318 8(330 331 332 333 334 335 336 337)
329 0()
329 0()
329 0()
329 0()
329 0()
329 0()
329 0()
329 0()
318 0()
318 8(340 341 342 343 344 345 346 347)
339 0()
339 0()
339 0()
339 0()
339 0()
339 0()
339 0()
339 0()
318 0()
318 8(350 351 352 353 354 355 356 357)
349 0()
349 0()
349 0()
349 0()
349 0()
349 0()
349 0()
349 0()
359 0()
-1 8(358 360 361 362 363 364 365 366)
359 0()
359 0()
359 0()
359 0()
359 0()
359 0()
359 0()
368 0()
-1 8(367 369 370 371 372 373 374 375)
368 0()
368 0()
368 0()
368 0()
368 0()
368 0()
368 0()
377 0()
-1 8(376 378 379 380 381 382 383 384)
377 0()
377 0()
377 0()
377 0()
377 0()
377 0()
377 0()
386 0()
-1 8(385 387 388 389 390 391 392 393)
386 0()
386 0()
386 0()
386 0()
386 0()
386 0()
386 0()
395 0()
-1 8(394 396 397 398 399 400 401 402)
395 0()
395 0()
395 0()
395 0()
395 0()
395 0()
395 0()
404 0()
-1 8(403 405 406 407 408 409 410 411)
404 0()
404 0()
404 0()
404 0()
404 0()
404 0()
404 0()
413 0()
-1 8(412 414 415 416 417 418 419 420)
413 0()
413 0()
413 0()
413 0()
413 0()
413 0()
413 0()
422 0()
-1 8(421 423 424 425 426 427 428 429)
422 0()
422 0()
422 0()
422 0()
422 0()
422 0()
422 0()
431 0()
-1 8(430 432 433 434 435 436 437 438)
431 0()
431 0()
431 0()
431 0()
431 0()
431 0()
431 0()
440 0()
-1 8(439 441 442 443 444 445 446 447)
440 0()
440 0()
440 0()
440 0()
440 0()
440 0()
440 0()
449 0()
-1 8(448 450 451 452 453 454 455 456)
449 0()
449 0()
449 0()
449 0()
449 0()
449 0()
449 0()
458 0()
-1 8(457 459 460 461 462 463 464 465)
458 0()
458 0()
458 0()
458 0()
458 0()
458 0()
458 0()
467 0()
-1 8(466 468 469 470 471 472 473 474)
467 0()
467 0()
467 0()
467 0()
467 0()
467 0()
467 0()
476 0()
-1 8(475 477 478 479 480 481 482 483)
476 0()
476 0()
476 0()
476 0()
476 0()
476 0()
476 0()
485 0()
-1 8(484 486 487 488 489 490 491 492)
485 0()
485 0()
485 0()
485 0()
485 0()
485 0()
485 0()
494 0()
-1 8(493 495 496 497 498 499 500 501)
494 0()
494 0()
494 0()
494 0()
494 0()
494 0()
494 0()
503 0()
-1 8(502 504 505 506 507 508 509 510)
503 0()
503 0()
503 0()
503 0()
503 0()
503 0()
503 0()
512 0()
-1 8(511 513 514 515 516 517 518 519)
512 0()
512 0()
512 0()
512 0()
512 0()
512 0()
512 0()
521 0()
-1 8(520 522 523 524 525 526 527 528)
521 0()
521 0()
521 0()
521 0()
521 0()
521 0()
521 0()
530 0()
-1 8(529 531 532 533 534 535 536 537)
530 0()
530 0()
530 0()
530 0()
530 0()
530 0()
530 0()
539 0()
-1 8(538 540 541 542 543 544 545 546)
539 0()
539 0()
539 0()
539 0()
539 0()
539 0()
539 0()
548 0()
-1 8(547 549 550 551 552 553 554 555)
548 0()
548 0()
548 0()
548 0()
548 0()
548 0()
548 0()
557 0()
-1 8(556 558 559 560 561 562 563 564)
557 0()
557 0()
557 0()
557 0()
557 0()
557 0()
557 0()
566 0()
-1 8(565 567 568 569 570 571 572 573)
566 0()
566 0()
566 0()
566 0()
566 0()
566 0()
566 0()
575 0()
-1 8(574 576 577 578 579 580 581 582)
575 0()
575 0()
575 0()
575 0()
575 0()
575 0()
575 0()
584 0()
-1 8(583 585 586 587 588 589 590 591)
584 0()
584 0()
584 0()
584 0()
584 0()
584 0()
584 0()
593 0()
-1 8(592 594 595 596 597 598 599 600)
593 0()
593 0()
593 0()
593 0()
593 0()
593 0()
593 0()
602 0()
-1 8(601 603 604 605 606 607 608 609)
602 0()
602 0()
602 0()
602 0()
602 0()
602 0()
602 0()
611 0()
-1 8(610 612 613 614 615 616 617 618)
611 0()
611 0()
611 0()
611 0()
611 0()
611 0()
611 0()
620 0()
-1 8(619 621 622 623 624 625 626 627)
620 0()
620 0()
620 0()
620 0()
620 0()
620 0()
620 0()
629 0()
-1 8(628 630 631 632 633 634 635 636)
629 0()
629 0()
629 0()
629 0()
629 0()
629 0()
629 0()
638 0()
-1 8(637 639 640 641 642 643 644 645)
638 0()
638 0()
638 0()
638 0()
638 0()
638 0()
638 0()
647 0()
-1 8(646 648 649 650 651 652 653 654)
647 0()
647 0()
647 0()
647 0()
647 0()
647 0()
647 0()
656 0()
-1 8(655 657 658 659 660 661 662 663)
656 0()
656 0()
656 0()
656 0()
656 0()
656 0()
656 0()
665 0()
-1 8(664 666 667 668 669 670 671 672)
665 0()
665 0()
665 0()
665 0()
665 0()
665 0()
665 0()
674 0()
-1 8(673 675 676 677 678 679 680 681)
674 0()
674 0()
674 0()
674 0()
674 0()
674 0()
674 0()
683 0()
-1 8(682 684 685 686 687 688 689 690)
683 0()
683 0()
683 0()
683 0()
683 0()
683 0()
683 0()
692 0()
-1 8(691 693 694 695 696 697 698 699)
692 0()
692 0()
692 0()
692 0()
692 0()
692 0()
692 0()
701 0()
-1 8(700 702 703 704 705 706 707 708)
701 0()
701 0()
701 0()
701 0()
701 0()
701 0()
701 0()
710 0()
-1 8(709 711 712 713 714 715 716 717)
710 0()
710 0()
710 0()
710 0()
710 0()
710 0()
710 0()
719 0()
-1 8(718 720 721 722 723 724 725 726)
719 0()
719 0()
719 0()
719 0()
719 0()
719 0()
719 0()
728 0()
-1 8(727 729 730 731 732 733 734 735)
728 0()
728 0()
728 0()
728 0()
728 0()
728 0()
728 0()
737 0()
-1 8(736 738 739 740 741 742 743 744)
737 0()
737 0()
737 0()
737 0()
737 0()
737 0()
737 0()
746 0()
-1 8(745 747 748 749 750 751 752 753)
746 0()
746 0()
746 0()
746 0()
746 0()
746 0()
746 0()
755 0()
-1 8(754 756 757 758 759 760 761 762)
755 0()
755 0()
755 0()
755 0()
755 0()
755 0()
755 0()
764 0()
-1 8(763 765 766 767 768 769 770 771)
764 0()
764 0()
764 0()
764 0()
764 0()
764 0()
764 0()
773 0()
-1 8(772 774 775 776 777 778 779 780)
773 0()
773 0()
773 0()
773 0()
773 0()
773 0()
773 0()
782 0()
-1 8(781 783 784 785 786 787 788 789)
782 0()
782 0()
782 0()
782 0()
782 0()
782 0()
782 0()
791 0()
-1 8(790 792 793 794 795 796 797 798)
791 0()
791 0()
791 0()
791 0()
791 0()
791 0()
791 0()
800 0()
-1 8(799 801 802 803 804 805 806 807)
800 0()
800 0()
800 0()
800 0()
800 0()
800 0()
800 0()
809 0()
-1 8(808 810 811 812 813 814 815 816)
809 0()
809 0()
809 0()
809 0()
809 0()
809 0()
809 0()
818 0()
-1 8(817 819 820 821 822 823 824 825)
818 0()
818 0()
818 0()
818 0()
818 0()
818 0()
818 0()
827 0()
-1 8(826 828 829 830 831 832 833 834)
827 0()
827 0()
827 0()
827 0()
827 0()
827 0()
827 0()
836 0()
-1 8(835 837 838 839 840 841 842 843)
836 0()
836 0()
836 0()
836 0()
836 0()
836 0()
836 0()
845 0()
-1 8(844 846 847 848 849 850 851 852)
845 0()
845 0()
845 0()
845 0()
845 0()
845 0()
845 0()
854 0()
-1 8(853 855 856 857 858 859 860 861)
854 0()
854 0()
854 0()
854 0()
854 0()
854 0()
854 0()
863 0()
-1 8(862 864 865 866 867 868 869 870)
863 0()
863 0()
863 0()
863 0()
863 0()
863 0()
863 0()
872 0()
-1 8(871 873 874 875 876 877 878 879)
872 0()
872 0()
872 0()
872 0()
872 0()
872 0()
872 0()
881 0()
-1 8(880 882 883 884 885 886 887 888)
881 0()
881 0()
881 0()
881 0()
881 0()
881 0()
881 0()
890 0()
-1 8(889 891 892 893 894 895 896 897)
890 0()
890 0()
890 0()
890 0()
890 0()
890 0()
890 0()
899 0()
-1 8(898 900 901 902 903 904 905 906)
899 0()
899 0()
899 0()
899 0()
899 0()
899 0()
899 0()
908 0()
-1 8(907 909 910 911 912 913 914 915)
908 0()
908 0()
908 0()
908 0()
908 0()
908 0()
908 0()
917 0()
-1 8(916 918 919 920 921 922 923 924)
917 0()
917 0()
917 0()
917 0()
917 0()
917 0()
917 0()
926 0()
-1 8(925 927 928 929 930 931 932 933)
926 0()
926 0()
926 0()
926 0()
926 0()
926 0()
926 0()
935 0()
-1 8(934 936 937 938 939 940 941 942)
935 0()
935 0()
935 0()
935 0()
935 0()
935 0()
935 0()
944 0()
-1 8(943 945 946 947 948 949 950 951)
944 0()
944 0()
944 0()
944 0()
944 0()
944 0()
944 0()
953 0()
-1 8(952 954 955 956 957 958 959 960)
953 0()
953 0()
953 0()
953 0()
953 0()
953 0()
953 0()
962 0()
-1 8(961 963 964 965 966 967 968 969)
962 0()
962 0()
962 0()
962 0()
962 0()
962 0()
962 0()
971 0()
-1 8(970 972 973 974 975 976 977 978)
971 0()
971 0()
971 0()
971 0()
971 0()
971 0()
971 0()
980 0()
-1 8(979 981 982 983 984 985 986 987)
980 0()
980 0()
980 0()
980 0()
980 0()
980 0()
980 0()
989 0()
-1 8(988 990 991 992 993 994 995 996)
989 0()
989 0()
989 0()
989 0()
989 0()
989 0()
989 0()
998 0()
-1 8(997 999 1000 1001 1002 1003 1004 1005)
998 0()
998 0()
998 0()
998 0()
998 0()
998 0()
998 0()
1007 0()
-1 8(1006 1008 1009 1010 1011 1012 1013 1014)
1007 0()
1007 0()
1007 0()
1007 0()
1007 0()
1007 0()
1007 0()
1016 0()
-1 8(1015 1017 1018 1019 1020 1021 1022 1023)
1016 0()
1016 0()
1016 0()
1016 0()
1016 0()
1016 0()
1016 0()
1025 0()
-1 8(1024 1026 1027 1028 1029 1030 1031 1032)
1025 0()
1025 0()
1025 0()
1025 0()
1025 0()
1025 0()
1025 0()
1034 0()
-1 8(1033 1035 1036 1037 1038 1039 1040 1041)
1034 0()
1034 0()
1034 0()
1034 0()
1034 0()
1034 0()
1034 0()
1043 0()
-1 8(1042 1044 1045 1046 1047 1048 1049 1050)
1043 0()
1043 0()
1043 0()
1043 0()
1043 0()
1043 0()
1043 0()
1052 0()
-1 8(1051 1053 1054 1055 1056 1057 1058 1059)
1052 0()
1052 0()
1052 0()
1052 0()
1052 0()
1052 0()
1052 0()
1061 0()
-1 8(1060 1062 1063 1064 1065 1066 1067 1068)
1061 0()
1061 0()
1061 0()
1061 0()
1061 0()
1061 0()
1061 0()
1070 0()
-1 8(1069 1071 1072 1073 1074 1075 1076 1077)
1070 0()
1070 0()
1070 0()
1070 0()
1070 0()
1070 0()
1070 0()
1079 0()
-1 8(1078 1080 1081 1082 1083 1084 1085 1086)
1079 0()
1079 0()
1079 0()
1079 0()
1079 0()
1079 0()
1079 0()
1088 0()
-1 8(1087 1089 1090 1091 1092 1093 1094 1095)
1088 0()
1088 0()
1088 0()
1088 0()
1088 0()
1088 0()
1088 0()
1097 0()
-1 8(1096 1098 1099 1100 1101 1102 1103 1104)
1097 0()
1097 0()
1097 0()
1097 0()
1097 0()
1097 0()
1097 0()
1106 0()
-1 8(1105 1107 1108 1109 1110 1111 1112 1113)
1106 0()
1106 0()
1106 0()
1106 0()
1106 0()
1106 0()
1106 0()
1115 0()
-1 8(1114 1116 1117 1118 1119 1120 1121 1122)
1115 0()
1115 0()
1115 0()
1115 0()
1115 0()
1115 0()
1115 0()
1124 0()
-1 8(1123 1125 1126 1127 1128 1129 1130 1131)
1124 0()
1124 0()
1124 0()
1124 0()
1124 0()
1124 0()
1124 0()
1133 0()
-1 8(1132 1134 1135 1136 1137 1138 1139 1140)
1133 0()
1133 0()
1133 0()
1133 0()
1133 0()
1133 0()
1133 0()
1142 0()
-1 8(1141 1143 1144 1145 1146 1147 1148 1149)
1142 0()
1142 0()
1142 0()
1142 0()
1142 0()
1142 0()
1142 0()
1151 0()
-1 8(1150 1152 1153 1154 1155 1156 1157 1158)
1151 0()
1151 0()
1151 0()
1151 0()
1151 0()
1151 0()
1151 0()
)

// visibleCells

4720
(
-1
-1
-1
0
-1
-1
-1
-1
-1
-1
-1
-1
-1
-1
-1
-1
-1
-1
-1
-1
-1
-1
-1
-1
-1
-1
-1
-1
-1
-1
-1
-1
-1
-1
-1
-1
-1
-1
-1
-1
-1
-1
-1
-1
-1
-1
-1
-1
-1
-1
-1
-1
-1
-1
-1
-1
-1
-1
-1
-1
-1
-1
-1
-1
-1
-1
-1
-1
-1
-1
-1
-1
-1
-1
-1
-1
-1
-1
-1
-1
-1
-1
-1
-1
-1
-1
-1
-1
-1
-1
-1
-1
-1
-1
-1
-1
-1
-1
-1
-1
-1
-1
-1
-1
-1
-1
9
-1
-1
-1
-1
-1
-1
-1
-1
-1
-1
-1
-1
-1
-1
-1
-1
-1
-1
-1
-1
-1
-1
-1
-1
-1
-1
-1
-1
-1
-1
-1
-1
-1
-1
-1
-1
-1
-1
-1
-1
-1
-1
-1
-1
-1
-1
-1
-1
-1
18
-1
-1
-1
-1
-1
-1
-1
-1
-1
-1
-1
-1
-1
-1
-1
-1
-1
-1
-1
-1
-1
-1
-1
-1
-1
-1
-1
-1
-1
-1
-1
-1
-1
-1
-1
-1
-1
-1
-1
-1
-1
-1
-1
-1
-1
-1
-1
-1
-1
27
-1
-1
-1
-1
-1
-1
-1
-1
-1
-1
-1
-1
-1
-1
-1
-1
-1
-1
-1
-1
-1
-1
-1
-1
-1
-1
-1
-1
-1
-1
-1
-1
-1
-1
-1
-1
-1
-1
-1
-1
-1
-1
-1
-1
-1
-1
-1
-1
-1
36
-1
-1
-1
-1
-1
-1
-1
-1
-1
-1
-1
-1
-1
-1
-1
-1
-1
-1
-1
-1
-1
-1
-1
-1
-1
-1
-1
-1
-1
-1
-1
-1
-1
-1
-1
-1
-1
-1
-1
-1
-1
-1
-1
-1
-1
-1
-1
-1
-1
45
-1
-1
-1
-1
-1
-1
-1
-1
-1
-1
-1
-1
-1
-1
-1
-1
-1
-1
-1
-1
-1
-1
-1
-1
-1
-1
-1
-1
-1
-1
-1
-1
-1
-1
-1
-1
-1
-1
-1
-1
-1
-1
-1
-1
-1
-1
-1
-1
-1
54
-1
-1
-1
-1
-1
-1
-1
-1
-1
-1
-1
-1
-1
-1
-1
-1
-1
-1
-1
-1
-1
-1
-1
-1
-1
-1
-1
-1
-1
-1
-1
-1
-1
-1
-1
-1
-1
-1
-1
-1
-1
-1
-1
-1
-1
-1
63
-1
-1
-1
-1
-1
-1
-1
-1
-1
-1
-1
-1
-1
-1
-1
-1
-1
-1
-1
-1
-1
-1
-1
-1
-1
-1
-1
-1
-1
-1
-1
-1
-1
-1
-1
-1
-1
-1
-1
-1
-1
-1
-1
-1
-1
-1
-1
-1
-1
72
97
-1
-1
-1
-1
-1
-1
-1
-1
-1
-1
-1
-1
-1
-1
-1
-1
-1
-1
-1
-1
-1
-1
-1
-1
-1
-1
-1
-1
-1
-1
-1
-1
-1
-1
-1
-1
-1
-1
-1
-1
-1
-1
-1
-1
-1
-1
-1
-1
106
-1
-1
-1
-1
-1
-1
-1
-1
-1
-1
-1
-1
-1
-1
-1
-1
-1
-1
-1
-1
-1
-1
-1
-1
-1
-1
-1
-1
-1
-1
-1
-1
-1
-1
-1
-1
-1
-1
-1
-1
-1
-1
-1
-1
-1
-1
-1
-1
-1
-1
-1
-1
-1
-1
-1
-1
-1
-1
-1
-1
-1
-1
-1
-1
-1
-1
-1
-1
-1
-1
-1
-1
-1
-1
-1
-1
-1
-1
-1
-1
-1
-1
-1
-1
-1
-1
-1
-1
-1
-1
-1
-1
-1
-1
-1
-1
-1
-1
-1
-1
-1
-1
115
-1
-1
-1
-1
-1
-1
-1
-1
-1
-1
-1
-1
-1
-1
-1
-1
-1
-1
-1
-1
-1
-1
-1
-1
-1
-1
-1
-1
-1
-1
-1
-1
-1
-1
-1
-1
-1
-1
-1
-1
-1
-1
-1
-1
-1
-1
-1
-1
-1
124
-1
-1
-1
-1
-1
-1
-1
-1
-1
-1
-1
-1
-1
-1
-1
-1
-1
-1
-1
-1
-1
-1
-1
-1
-1
-1
-1
-1
-1
-1
-1
-1
-1
-1
-1
-1
-1
-1
-1
-1
-1
-1
-1
-1
-1
-1
-1
-1
-1
133
-1
-1
-1
-1
-1
-1
-1
-1
-1
-1
-1
-1
-1
-1
-1
-1
-1
-1
-1
-1
-1
-1
-1
-1
-1
-1
-1
-1
-1
-1
-1
-1
-1
-1
-1
-1
-1
-1
-1
-1
-1
-1
-1
-1
-1
-1
-1
-1
-1
142
-1
-1
-1
-1
-1
-1
-1
-1
-1
-1
-1
-1
-1
-1
-1
-1
-1
-1
-1
-1
-1
-1
-1
-1
-1
-1
-1
-1
-1
-1
-1
-1
-1
-1
-1
-1
-1
-1
-1
-1
-1
-1
-1
-1
-1
-1
-1
-1
-1
151
-1
-1
-1
-1
-1
-1
-1
-1
-1
-1
-1
-1
-1
-1
-1
-1
-1
-1
-1
-1
-1
-1
-1
-1
-1
-1
-1
-1
-1
-1
-1
-1
-1
-1
-1
-1
-1
-1
-1
-1
-1
-1
-1
-1
-1
-1
-1
-1
-1
160
-1
-1
-1
-1
-1
-1
-1
-1
-1
-1
-1
-1
-1
-1
-1
-1
-1
-1
-1
-1
-1
-1
-1
-1
-1
-1
-1
-1
-1
-1
-1
-1
-1
-1
-1
-1
-1
-1
-1
-1
-1
-1
-1
-1
-1
-1
169
-1
-1
-1
-1
-1
-1
-1
-1
-1
-1
-1
-1
-1
-1
-1
-1
-1
-1
-1
-1
-1
-1
-1
-1
-1
-1
-1
-1
-1
-1
-1
-1
-1
-1
-1
-1
-1
-1
-1
-1
-1
-1
-1
-1
-1
-1
-1
-1
178
187
236
-1
-1
-1
-1
-1
-1
-1
-1
-1
-1
-1
-1
-1
-1
-1
-1
-1
-1
-1
-1
-1
-1
-1
-1
-1
-1
-1
-1
-1
-1
-1
-1
-1
-1
-1
-1
-1
-1
-1
-1
-1
-1
-1
-1
-1
-1
-1
-1
245
-1
-1
-1
-1
-1
-1
-1
-1
-1
-1
-1
-1
-1
-1
-1
-1
-1
-1
-1
-1
-1
-1
-1
-1
-1
-1
-1
-1
-1
-1
-1
-1
-1
-1
-1
-1
-1
-1
-1
-1
-1
-1
-1
-1
-1
-1
-1
-1
-1
-1
-1
-1
-1
-1
-1
-1
-1
-1
-1
-1
-1
-1
-1
-1
-1
-1
-1
-1
-1
-1
-1
-1
-1
-1
-1
-1
-1
-1
-1
-1
-1
-1
-1
-1
-1
-1
-1
-1
-1
-1
-1
-1
-1
-1
-1
-1
-1
-1
-1
-1
-1
-1
254
-1
-1
-1
-1
-1
-1
-1
-1
-1
-1
-1
-1
-1
-1
-1
-1
-1
-1
-1
-1
-1
-1
-1
-1
-1
-1
-1
-1
-1
-1
-1
-1
-1
-1
-1
-1
-1
-1
-1
-1
-1
-1
-1
-1
-1
-1
-1
-1
-1
263
-1
-1
-1
-1
-1
-1
-1
-1
-1
-1
-1
-1
-1
-1
-1
-1
-1
-1
-1
-1
-1
-1
-1
-1
-1
-1
-1
-1
-1
-1
-1
-1
-1
-1
-1
-1
-1
-1
-1
-1
-1
-1
-1
-1
-1
-1
-1
-1
-1
272
-1
-1
-1
-1
-1
-1
-1
-1
-1
-1
-1
-1
-1
-1
-1
-1
-1
-1
-1
-1
-1
-1
-1
-1
-1
-1
-1
-1
-1
-1
-1
-1
-1
-1
-1
-1
-1
-1
-1
-1
-1
-1
-1
-1
-1
-1
-1
-1
-1
281
-1
-1
-1
-1
-1
-1
-1
-1
-1
-1
-1
-1
-1
-1
-1
-1
-1
-1
-1
-1
-1
-1
-1
-1
-1
-1
-1
-1
-1
-1
-1
-1
-1
-1
-1
-1
-1
-1
-1
-1
-1
-1
-1
-1
-1
-1
-1
-1
-1
290
-1
-1
-1
-1
-1
-1
-1
-1
-1
-1
-1
-1
-1
-1
-1
-1
-1
-1
-1
-1
-1
-1
-1
-1
-1
-1
-1
-1
-1
-1
-1
-1
-1
-1
-1
-1
-1
-1
-1
-1
-1
-1
-1
-1
-1
-1
-1
-1
-1
299
-1
-1
-1
-1
-1
-1
-1
-1
-1
-1
-1
-1
-1
-1
-1
-1
-1
-1
-1
-1
-1
-1
-1
-1
-1
-1
-1
-1
-1
-1
-1
-1
-1
-1
-1
-1
-1
-1
-1
-1
-1
-1
-1
-1
-1
-1
308
-1
-1
-1
-1
-1
-1
-1
-1
-1
-1
-1
-1
-1
-1
-1
-1
-1
-1
-1
-1
-1
-1
-1
-1
-1
-1
-1
-1
-1
-1
-1
-1
-1
-1
-1
-1
-1
-1
-1
-1
-1
-1
-1
-1
-1
-1
-1
-1
-1
317
358
-1
-1
-1
-1
-1
-1
-1
-1
-1
-1
-1
-1
-1
-1
-1
-1
-1
-1
-1
-1
-1
-1
-1
-1
-1
-1
-1
-1
-1
-1
-1
-1
-1
-1
-1
-1
-1
-1
-1
-1
-1
-1
-1
-1
-1
-1
-1
-1
-1
-1
-1
-1
-1
-1
-1
-1
-1
-1
-1
-1
-1
-1
-1
-1
-1
-1
-1
-1
-1
-1
-1
-1
-1
-1
-1
-1
-1
-1
-1
-1
-1
-1
-1
-1
-1
-1
-1
-1
-1
-1
-1
-1
-1
-1
-1
-1
-1
-1
-1
-1
-1
-1
-1
-1
-1
-1
-1
-1
-1
-1
-1
-1
-1
-1
-1
-1
-1
-1
-1
-1
-1
-1
-1
-1
-1
-1
-1
-1
-1
-1
-1
-1
-1
-1
-1
-1
-1
-1
-1
-1
-1
-1
-1
-1
-1
-1
-1
-1
-1
-1
-1
-1
-1
-1
-1
-1
-1
-1
-1
-1
-1
-1
-1
-1
-1
-1
-1
-1
-1
-1
-1
-1
-1
-1
-1
-1
-1
-1
-1
-1
-1
-1
-1
-1
-1
-1
-1
-1
-1
-1
-1
-1
-1
-1
-1
-1
-1
-1
-1
-1
-1
-1
-1
-1
-1
-1
-1
-1
-1
-1
-1
-1
-1
-1
-1
-1
-1
-1
-1
-1
-1
-1
-1
-1
-1
-1
-1
-1
-1
-1
-1
-1
-1
-1
-1
-1
-1
-1
-1
-1
-1
-1
-1
-1
-1
-1
-1
-1
-1
-1
-1
-1
-1
-1
-1
367
-1
376
-1
385
-1
394
-1
-1
-1
-1
-1
-1
-1
-1
-1
-1
-1
-1
-1
-1
-1
-1
-1
-1
-1
-1
-1
-1
-1
-1
-1
-1
-1
-1
-1
-1
-1
-1
-1
-1
-1
-1
-1
-1
-1
-1
-1
-1
-1
-1
-1
-1
-1
-1
-1
-1
403
-1
412
-1
421
-1
-1
-1
-1
-1
-1
-1
-1
-1
-1
-1
-1
-1
-1
-1
-1
430
-1
439
-1
448
-1
-1
-1
-1
-1
-1
-1
-1
-1
-1
-1
-1
-1
-1
-1
-1
457
-1
466
-1
475
-1
-1
-1
-1
-1
-1
-1
-1
-1
-1
-1
-1
-1
-1
-1
-1
484
-1
493
-1
502
-1
-1
-1
-1
-1
-1
-1
-1
-1
-1
-1
-1
-1
-1
-1
-1
511
-1
520
-1
529
-1
-1
-1
-1
-1
-1
-1
-1
-1
-1
-1
-1
-1
-1
-1
-1
538
-1
547
-1
556
-1
-1
565
-1
-1
-1
574
583
-1
-1
-1
-1
-1
-1
-1
-1
-1
-1
-1
-1
-1
-1
592
-1
601
610
619
628
637
-1
-1
-1
-1
-1
-1
-1
-1
-1
-1
-1
-1
-1
-1
646
-1
-1
-1
655
-1
664
-1
-1
-1
-1
-1
-1
-1
-1
-1
-1
-1
-1
-1
-1
-1
-1
-1
-1
-1
-1
-1
-1
-1
-1
-1
-1
-1
-1
-1
-1
-1
-1
-1
-1
-1
-1
-1
-1
-1
-1
-1
-1
-1
-1
-1
-1
-1
-1
-1
-1
673
-1
682
-1
691
-1
-1
-1
-1
-1
-1
-1
-1
-1
-1
-1
-1
-1
-1
-1
-1
700
-1
709
-1
718
-1
-1
-1
-1
-1
-1
-1
-1
-1
-1
-1
-1
-1
-1
-1
-1
727
-1
736
-1
745
-1
-1
-1
-1
-1
-1
-1
-1
-1
-1
-1
-1
-1
-1
-1
-1
754
-1
763
-1
772
-1
-1
-1
-1
-1
-1
-1
-1
-1
-1
-1
-1
-1
-1
-1
-1
781
-1
790
-1
799
-1
-1
-1
-1
-1
-1
-1
-1
-1
-1
-1
-1
-1
-1
-1
-1
808
-1
817
-1
826
-1
-1
835
844
-1
-1
-1
-1
-1
-1
-1
-1
-1
-1
-1
-1
-1
-1
-1
-1
-1
-1
853
862
871
880
889
898
907
-1
-1
-1
-1
-1
-1
-1
-1
-1
-1
-1
-1
-1
-1
916
-1
925
-1
934
-1
943
-1
-1
-1
-1
-1
-1
-1
-1
-1
-1
-1
-1
-1
-1
-1
-1
-1
-1
-1
-1
-1
-1
-1
-1
-1
-1
-1
-1
-1
-1
-1
-1
-1
-1
-1
-1
-1
-1
-1
-1
-1
-1
-1
-1
-1
-1
-1
-1
-1
-1
952
-1
961
-1
970
-1
-1
-1
-1
-1
-1
-1
-1
-1
-1
-1
-1
-1
-1
-1
-1
979
-1
988
-1
997
-1
-1
-1
-1
-1
-1
-1
-1
-1
-1
-1
-1
-1
-1
-1
-1
1006
-1
1015
-1
1024
-1
-1
-1
-1
-1
-1
-1
-1
-1
-1
-1
-1
-1
-1
-1
-1
1033
-1
1042
-1
1051
-1
-1
-1
-1
-1
-1
-1
-1
-1
-1
-1
-1
-1
-1
-1
-1
1060
-1
1069
-1
1078
-1
-1
-1
-1
-1
-1
-1
-1
-1
-1
-1
-1
-1
-1
-1
-1
1087
-1
1096
-1
1105
-1
-1
-1
-1
-1
-1
-1
-1
-1
-1
-1
-1
-1
-1
-1
-1
-1
-1
-1
-1
-1
-1
-1
1114
1123
1132
-1
1141
1150
-1
-1
-1
-1
-1
-1
-1
-1
-1
-1
-1
-1
-1
-1
-1
-1
-1
-1
-1
-1
-1
-1
-1
-1
-1
-1
-1
-1
-1
-1
-1
-1
-1
-1
-1
-1
-1
-1
-1
-1
-1
-1
-1
-1
-1
-1
-1
-1
-1
-1
-1
-1
-1
-1
-1
-1
-1
-1
-1
-1
-1
-1
-1
-1
-1
-1
-1
-1
-1
-1
-1
-1
-1
-1
-1
-1
-1
-1
-1
-1
-1
-1
-1
-1
-1
-1
-1
-1
-1
-1
-1
-1
-1
-1
-1
-1
-1
-1
-1
-1
-1
-1
-1
-1
-1
-1
-1
-1
-1
-1
-1
-1
-1
-1
-1
-1
-1
-1
-1
-1
-1
-1
-1
-1
-1
-1
-1
-1
-1
-1
-1
-1
-1
-1
-1
-1
-1
-1
-1
-1
-1
-1
-1
-1
-1
-1
-1
-1
-1
-1
-1
-1
-1
-1
-1
-1
-1
-1
-1
-1
-1
-1
-1
-1
-1
-1
-1
-1
-1
-1
-1
-1
-1
-1
-1
-1
-1
-1
-1
-1
-1
-1
-1
-1
-1
-1
-1
-1
-1
-1
-1
-1
-1
-1
-1
-1
-1
-1
-1
-1
-1
-1
-1
-1
-1
-1
-1
-1
-1
-1
-1
-1
-1
-1
-1
-1
-1
-1
-1
-1
-1
-1
-1
-1
-1
-1
-1
-1
-1
-1
-1
-1
-1
-1
-1
-1
-1
-1
-1
-1
-1
-1
-1
-1
-1
-1
-1
-1
-1
-1
-1
-1
-1
-1
-1
-1
-1
-1
-1
-1
-1
-1
-1
-1
-1
-1
-1
-1
-1
-1
-1
-1
-1
-1
-1
-1
-1
-1
-1
-1
-1
-1
-1
-1
-1
-1
-1
-1
-1
-1
-1
-1
-1
-1
-1
-1
-1
-1
-1
-1
-1
-1
-1
-1
-1
-1
-1
-1
-1
-1
-1
-1
-1
-1
-1
-1
-1
-1
-1
-1
-1
-1
-1
-1
-1
-1
-1
-1
-1
-1
-1
-1
-1
-1
-1
-1
-1
-1
-1
-1
-1
-1
-1
-1
-1
-1
-1
-1
-1
-1
-1
-1
-1
-1
-1
-1
-1
-1
-1
-1
-1
-1
-1
-1
-1
-1
-1
-1
-1
-1
-1
-1
-1
-1
-1
-1
-1
-1
-1
-1
-1
-1
-1
-1
-1
-1
-1
-1
-1
-1
-1
-1
-1
-1
-1
-1
-1
-1
-1
-1
-1
-1
-1
-1
-1
-1
-1
-1
-1
-1
-1
-1
-1
-1
-1
-1
-1
-1
-1
-1
-1
-1
-1
-1
-1
-1
-1
-1
-1
-1
-1
-1
-1
-1
-1
-1
-1
-1
-1
-1
-1
-1
-1
-1
-1
-1
-1
-1
-1
-1
-1
-1
-1
-1
-1
-1
-1
-1
-1
-1
-1
-1
-1
-1
-1
-1
-1
-1
-1
-1
-1
-1
-1
-1
-1
-1
-1
-1
-1
-1
-1
-1
-1
-1
-1
-1
-1
-1
-1
-1
-1
-1
-1
-1
-1
-1
-1
-1
-1
-1
-1
-1
-1
-1
-1
-1
-1
-1
-1
-1
-1
-1
-1
-1
-1
-1
-1
-1
-1
-1
-1
-1
-1
-1
-1
-1
-1
-1
-1
-1
-1
-1
-1
-1
-1
-1
-1
-1
-1
-1
-1
-1
-1
-1
-1
-1
-1
-1
-1
-1
-1
-1
-1
-1
-1
-1
-1
-1
-1
-1
-1
-1
-1
-1
-1
-1
-1
-1
-1
-1
-1
-1
-1
-1
-1
-1
-1
-1
-1
-1
-1
-1
-1
-1
-1
-1
-1
-1
-1
-1
-1
-1
-1
-1
-1
-1
-1
-1
-1
-1
-1
-1
-1
-1
-1
-1
-1
-1
-1
-1
-1
-1
-1
-1
-1
-1
-1
-1
-1
-1
-1
-1
-1
-1
-1
-1
-1
-1
-1
-1
-1
-1
-1
-1
-1
-1
-1
-1
-1
-1
-1
-1
-1
-1
-1
-1
-1
-1
-1
-1
-1
-1
-1
-1
-1
-1
-1
-1
-1
-1
-1
-1
-1
-1
-1
-1
-1
-1
-1
-1
-1
-1
-1
-1
-1
-1
-1
-1
-1
-1
-1
-1
-1
-1
-1
-1
-1
-1
-1
-1
-1
-1
-1
-1
-1
-1
-1
-1
-1
-1
-1
-1
-1
-1
-1
-1
-1
-1
-1
-1
-1
-1
-1
-1
-1
-1
-1
-1
-1
-1
-1
-1
-1
-1
-1
-1
-1
-1
-1
-1
-1
-1
-1
-1
-1
-1
-1
-1
-1
-1
-1
-1
-1
-1
-1
-1
-1
-1
-1
-1
-1
-1
-1
-1
-1
-1
-1
-1
-1
-1
-1
-1
-1
-1
-1
-1
-1
-1
-1
-1
-1
-1
-1
-1
-1
-1
-1
-1
-1
-1
-1
-1
-1
-1
-1
-1
-1
-1
-1
-1
-1
-1
-1
-1
-1
-1
-1
-1
-1
-1
-1
-1
-1
-1
-1
-1
-1
-1
-1
-1
-1
-1
-1
-1
-1
-1
-1
-1
-1
-1
-1
-1
-1
-1
-1
-1
-1
-1
-1
-1
-1
-1
-1
-1
-1
-1
-1
-1
-1
-1
-1
-1
-1
-1
-1
-1
-1
-1
-1
-1
-1
-1
-1
-1
-1
-1
-1
-1
-1
-1
-1
-1
-1
-1
-1
-1
-1
-1
-1
-1
-1
-1
-1
-1
-1
-1
-1
-1
-1
-1
-1
-1
-1
-1
-1
-1
-1
-1
-1
-1
-1
-1
-1
-1
-1
-1
-1
-1
-1
-1
-1
-1
-1
-1
-1
-1
-1
-1
-1
-1
-1
-1
-1
-1
-1
-1
-1
-1
-1
-1
-1
-1
-1
-1
-1
-1
-1
-1
-1
-1
-1
-1
-1
-1
-1
-1
-1
-1
-1
-1
-1
-1
-1
-1
-1
-1
-1
-1
-1
-1
-1
-1
-1
-1
-1
-1
-1
-1
-1
-1
-1
-1
-1
-1
-1
-1
-1
-1
-1
-1
-1
-1
-1
-1
-1
-1
-1
-1
-1
-1
-1
-1
-1
-1
-1
-1
-1
-1
-1
-1
-1
-1
-1
-1
-1
-1
-1
-1
-1
-1
-1
-1
-1
-1
-1
-1
-1
-1
-1
-1
-1
-1
-1
-1
-1
-1
-1
-1
-1
-1
-1
-1
-1
-1
-1
-1
-1
-1
-1
-1
-1
-1
-1
-1
-1
-1
-1
-1
-1
-1
-1
-1
-1
-1
-1
-1
-1
-1
-1
-1
-1
-1
-1
-1
-1
-1
-1
-1
-1
-1
-1
-1
-1
-1
-1
-1
-1
-1
-1
-1
-1
-1
-1
-1
-1
-1
-1
-1
-1
-1
-1
-1
-1
-1
-1
-1
-1
-1
-1
-1
-1
-1
-1
-1
-1
-1
-1
-1
-1
-1
-1
-1
-1
-1
-1
-1
-1
-1
-1
-1
-1
-1
-1
-1
-1
-1
-1
-1
-1
-1
-1
-1
-1
-1
-1
-1
-1
-1
-1
-1
-1
-1
-1
-1
-1
-1
-1
-1
-1
-1
-1
-1
-1
-1
-1
-1
-1
-1
-1
-1
-1
-1
-1
-1
-1
-1
-1
-1
-1
-1
-1
-1
-1
-1
-1
-1
-1
-1
-1
-1
-1
-1
-1
-1
-1
-1
-1
-1
-1
-1
-1
-1
-1
-1
-1
-1
-1
-1
-1
-1
-1
-1
-1
-1
-1
-1
-1
-1
-1
-1
-1
-1
-1
-1
-1
-1
-1
-1
-1
-1
-1
-1
-1
-1
-1
-1
-1
-1
-1
-1
-1
-1
-1
-1
-1
-1
-1
-1
-1
-1
-1
-1
-1
-1
-1
-1
-1
-1
-1
-1
-1
-1
-1
-1
-1
-1
-1
-1
-1
-1
-1
-1
-1
-1
-1
-1
-1
-1
-1
-1
-1
-1
-1
-1
-1
-1
-1
-1
-1
-1
-1
-1
-1
-1
-1
-1
-1
-1
-1
-1
-1
-1
-1
-1
-1
-1
-1
-1
-1
-1
-1
-1
-1
-1
-1
-1
-1
-1
-1
-1
-1
-1
-1
-1
-1
-1
-1
-1
-1
-1
-1
-1
-1
-1
-1
-1
-1
-1
-1
-1
-1
-1
-1
-1
-1
-1
-1
-1
-1
-1
-1
-1
-1
-1
-1
-1
-1
-1
-1
-1
-1
-1
-1
-1
-1
-1
-1
-1
-1
-1
-1
-1
-1
-1
-1
-1
-1
-1
-1
-1
-1
-1
-1
-1
-1
-1
-1
-1
-1
-1
-1
-1
-1
-1
-1
-1
-1
-1
-1
-1
-1
-1
-1
-1
-1
-1
-1
-1
-1
-1
-1
-1
-1
-1
-1
-1
-1
-1
-1
-1
-1
-1
-1
-1
-1
-1
-1
-1
-1
-1
-1
-1
-1
-1
-1
-1
-1
-1
-1
-1
-1
-1
-1
-1
-1
-1
-1
-1
-1
-1
-1
-1
-1
-1
-1
-1
-1
-1
-1
-1
-1
-1
-1
-1
-1
-1
-1
-1
-1
-1
-1
-1
-1
-1
-1
-1
-1
-1
-1
-1
-1
-1
-1
-1
-1
-1
-1
-1
-1
-1
-1
-1
-1
-1
-1
-1
-1
-1
-1
-1
-1
-1
-1
-1
20
21
22
23
24
25
26
29
30
31
32
33
34
35
38
39
40
41
42
43
44
47
48
49
50
51
52
53
126
127
128
129
130
131
132
135
136
137
138
139
140
141
144
145
146
147
148
149
150
153
154
155
156
157
158
159
265
266
267
268
269
270
271
274
275
276
277
278
279
280
283
284
285
286
287
288
289
292
293
294
295
296
297
298
369
370
371
372
373
374
375
387
388
389
390
391
392
393
432
433
434
435
436
437
438
441
442
443
444
445
446
447
450
451
452
453
454
455
456
459
460
461
462
463
464
465
468
469
470
471
472
473
474
477
478
479
480
481
482
483
486
487
488
489
490
491
492
495
496
497
498
499
500
501
504
505
506
507
508
509
510
513
514
515
516
517
518
519
522
523
524
525
526
527
528
531
532
533
534
535
536
537
603
604
605
606
607
608
609
639
640
641
642
643
644
645
648
649
650
651
652
653
654
657
658
659
660
661
662
663
702
703
704
705
706
707
708
711
712
713
714
715
716
717
720
721
722
723
724
725
726
729
730
731
732
733
734
735
738
739
740
741
742
743
744
747
748
749
750
751
752
753
756
757
758
759
760
761
762
765
766
767
768
769
770
771
774
775
776
777
778
779
780
783
784
785
786
787
788
789
792
793
794
795
796
797
798
801
802
803
804
805
806
807
873
874
875
876
877
878
879
909
910
911
912
913
914
915
918
919
920
921
922
923
924
936
937
938
939
940
941
942
981
982
983
984
985
986
987
990
991
992
993
994
995
996
999
1000
1001
1002
1003
1004
1005
1008
1009
1010
1011
1012
1013
1014
1017
1018
1019
1020
1021
1022
1023
1026
1027
1028
1029
1030
1031
1032
1035
1036
1037
1038
1039
1040
1041
1044
1045
1046
1047
1048
1049
1050
1053
1054
1055
1056
1057
1058
1059
1062
1063
1064
1065
1066
1067
1068
1071
1072
1073
1074
1075
1076
1077
1080
1081
1082
1083
1084
1085
1086
1125
1126
1127
1128
1129
1130
1131
1152
1153
1154
1155
1156
1157
1158
162
163
164
165
166
167
168
301
302
303
304
305
306
307
675
676
677
678
679
680
681
693
694
695
696
697
698
699
819
820
821
822
823
824
825
56
57
58
59
60
61
62
405
406
407
408
409
410
411
423
424
425
426
427
428
429
549
550
551
552
553
554
555
954
955
956
957
958
959
960
972
973
974
975
976
977
978
1098
1099
1100
1101
1102
1103
1104
558
559
560
561
562
563
564
810
811
812
813
814
815
816
828
829
830
831
832
833
834
1089
1090
1091
1092
1093
1094
1095
540
541
542
543
544
545
546
1107
1108
1109
1110
1111
1112
1113
117
118
119
120
121
122
123
256
257
258
259
260
261
262
414
415
416
417
418
419
420
684
685
686
687
688
689
690
11
12
13
14
15
16
17
963
964
965
966
967
968
969
190
198
200
208
210
219
228
320
328
330
338
340
348
350
882
883
884
885
886
887
888
900
901
902
903
904
905
906
238
239
240
241
242
243
244
864
865
866
867
868
869
870
74
75
76
77
79
87
89
171
172
173
174
175
176
177
211
212
213
214
215
216
217
108
109
110
111
112
113
114
360
361
362
363
364
365
366
1116
1117
1118
1119
1120
1121
1122
229
230
231
232
233
234
235
247
248
249
250
251
252
253
310
311
312
313
314
315
316
630
631
632
633
634
635
636
321
322
323
324
325
326
327
331
332
333
334
335
336
337
65
66
67
68
69
70
71
612
613
614
615
616
617
618
621
622
623
624
625
626
627
1143
1144
1145
1146
1147
1148
1149
99
100
101
102
103
104
105
576
577
578
579
580
581
582
585
586
587
588
589
590
591
837
838
839
840
841
842
843
351
352
353
354
355
356
357
567
568
569
570
571
572
573
378
379
380
381
382
383
384
396
397
398
399
400
401
402
927
928
929
930
931
932
933
1134
1135
1136
1137
1138
1139
1140
341
342
343
344
345
346
347
945
946
947
948
949
950
951
594
595
596
597
598
599
600
666
667
668
669
670
671
672
846
847
848
849
850
851
852
855
856
857
858
859
860
861
191
192
193
194
195
196
197
201
202
203
204
205
206
207
180
181
182
183
184
185
186
220
221
222
223
224
225
226
891
892
893
894
895
896
897
2
3
4
5
6
7
8
80
81
82
83
84
85
86
90
91
92
93
94
95
96
)


// ************************************************************************* //
