/*--------------------------------*- C++ -*----------------------------------*\
| =========                 |                                                 |
| \\      /  F ield         | OpenFOAM: The Open Source CFD Toolbox           |
|  \\    /   O peration     | Version:  5.0                                   |
|   \\  /    A nd           | Web:      www.OpenFOAM.org                      |
|    \\/     M anipulation  |                                                 |
\*---------------------------------------------------------------------------*/
FoamFile
{
    version     2.0;
    format      ascii;
    class       volScalarField;
    location    "1.5";
    object      p_rgh;
}
// * * * * * * * * * * * * * * * * * * * * * * * * * * * * * * * * * * * * * //

dimensions      [1 -1 -2 0 0 0 0];

internalField   nonuniform List<scalar> 
7891
(
89.5994
90.6599
89.026
116.868
101.387
94.2269
88.4835
85.6556
83.5936
81.4092
79.1859
76.924
74.6449
72.3831
70.1228
67.8812
65.6467
63.4428
61.2553
59.0938
56.9388
54.8012
52.6929
50.5771
48.486
46.4131
44.342
42.2696
40.2155
38.1879
36.1563
34.1486
32.1688
30.179
28.1836
26.2197
24.3079
22.43
20.5616
18.6863
16.8389
15.0356
13.2347
11.4039
9.60276
7.84811
6.09495
4.33599
2.59793
0.868815
98.4928
99.8125
101.09
85.4908
85.5658
76.8607
88.7072
86.2171
83.9607
81.644
79.3348
77.0149
74.7224
72.428
70.1433
67.8969
65.6529
63.4626
61.2807
59.0998
56.9439
54.8046
52.6853
50.5768
48.4724
46.3918
44.3289
42.2712
40.2257
38.1914
36.1703
34.1609
32.1643
30.1736
28.1858
26.2255
24.3039
22.4151
20.5437
18.6854
16.8449
15.0401
13.2416
11.424
9.61062
7.83815
6.08247
4.33321
2.59681
0.868257
102.628
91.943
201.852
89.6958
88.3395
92.9686
91.6129
87.0569
84.4323
81.925
79.515
77.1157
74.7704
72.4653
70.1727
67.9024
65.6765
63.4867
61.3045
59.1029
56.9496
54.8079
52.6749
50.572
48.4767
46.3886
44.3195
42.2768
40.232
38.1924
36.175
34.1604
32.1449
30.1598
28.1964
26.2404
24.3019
22.405
20.5403
18.6873
16.853
15.0349
13.2251
11.424
9.62038
7.83606
6.07903
4.33546
2.60231
0.868367
96.9238
77.1432
113.553
92.1741
90.0397
96.1398
92.6491
87.8292
84.4847
82.0873
79.6202
77.2156
74.8235
72.4918
70.1963
67.9227
65.6856
63.4853
61.284
59.1076
56.9602
54.81
52.6831
50.5749
48.4881
46.4013
44.3191
42.2829
40.229
38.1831
36.1758
34.156
32.1397
30.1548
28.2029
26.257
24.3087
22.4007
20.5404
18.6933
16.8557
15.0225
13.2075
11.4113
9.62639
7.83802
6.07819
4.34236
2.60809
0.864257
111.011
201.835
104.285
120.072
96.5755
93.0178
92.4623
88.1184
84.6791
82.2027
79.6929
77.2446
74.8561
72.5086
70.216
67.9386
65.7025
63.4809
61.2659
59.1098
56.9647
54.8104
52.6894
50.5792
48.497
46.4144
44.3289
42.2787
40.2162
38.1755
36.1701
34.1479
32.1372
30.1532
28.2028
26.2658
24.3183
22.4059
20.544
18.7007
16.855
15.0107
13.1871
11.3999
9.62299
7.83919
6.08562
4.35618
2.61584
0.861942
111.912
116.377
105.148
90.8166
94.9075
94.1569
93.4233
88.6178
84.8098
82.2543
79.7076
77.2484
74.8585
72.5125
70.2246
67.9465
65.7109
63.4832
61.2612
59.1
56.9645
54.8056
52.6889
50.5892
48.5034
46.4298
44.3396
42.2726
40.2097
38.169
36.1642
34.142
32.1289
30.1553
28.2079
26.2679
24.329
22.4154
20.5471
18.7016
16.8494
14.9969
13.1733
11.3907
9.61817
7.84348
6.10159
4.38081
2.62578
0.864785
106.125
81.0334
57.9456
89.7868
97.7442
96.2044
94.5152
88.8126
84.6927
82.1185
79.6234
77.1929
74.8359
72.5008
70.2052
67.935
65.7024
63.4853
61.2605
59.0851
56.9398
54.8018
52.6855
50.5963
48.5079
46.4265
44.3453
42.2695
40.2107
38.1774
36.158
34.1286
32.1217
30.1604
28.2091
26.2617
24.334
22.4297
20.5491
18.6937
16.8418
14.9874
13.1683
11.3877
9.61358
7.84512
6.10786
4.38048
2.63086
0.873843
104.13
123.264
116.557
96.5359
98.1195
96.2925
93.6144
86.9294
84.3068
81.8231
79.4335
77.0741
74.7625
72.4545
70.1556
67.9204
65.6826
63.4677
61.2701
59.0782
56.9336
54.7975
52.684
50.5976
48.5068
46.4322
44.3476
42.2682
40.2237
38.1851
36.1548
34.126
32.1264
30.1683
28.208
26.2509
24.3338
22.4412
20.5551
18.6886
16.8377
15.0006
13.1819
11.3926
9.61245
7.84743
6.1065
4.36928
2.62914
0.877722
96.431
95.7259
93.5298
92.0512
113.68
96.1869
89.3048
85.264
83.4807
81.4074
79.2117
76.9566
74.6852
72.406
70.14
67.9034
65.6566
63.4498
61.262
59.085
56.9266
54.7909
52.6887
50.5937
48.5133
46.4323
44.3448
42.2662
40.2161
38.183
36.1427
34.1268
32.145
30.1728
28.2003
26.2398
24.3283
22.4442
20.559
18.687
16.8363
15.0085
13.1976
11.3933
9.60887
7.84836
6.09888
4.3576
2.6162
0.878312
94.6982
91.7531
89.3873
98.652
104.127
65.8203
85.3027
84.9236
83.2788
81.2661
79.1235
76.8896
74.624
72.3798
70.124
67.8821
65.6471
63.442
61.2561
59.0889
56.9272
54.792
52.6915
50.5822
48.4986
46.4276
44.3453
42.2684
40.2151
38.1848
36.146
34.1332
32.1607
30.1803
28.1894
26.227
24.3175
22.4399
20.5622
18.6858
16.8374
15.0255
13.2154
11.3954
9.60157
7.85123
6.10029
4.34646
2.60339
0.869402
98.8521
98.8682
93.1125
131.654
98.9919
94.1922
88.4834
85.6562
83.5935
81.4092
79.186
76.924
74.6447
72.3833
70.1228
67.8806
65.6467
63.4428
61.2554
59.0936
56.9387
54.8012
52.693
50.577
48.486
46.4131
44.3419
42.2696
40.2152
38.1877
36.1562
34.1486
32.1689
30.1788
28.1836
26.2196
24.3078
22.4299
20.5616
18.6863
16.8388
15.0356
13.2349
11.404
9.60276
7.84815
6.09487
4.33598
2.5979
0.868886
100.279
162.652
97.0427
147.423
95.9914
85.3226
88.6735
86.2175
83.9607
81.644
79.3348
77.0148
74.7224
72.428
70.1433
67.8968
65.6529
63.4626
61.2804
59.0997
56.944
54.8046
52.6852
50.5767
48.4725
46.3919
44.3288
42.2712
40.2257
38.1914
36.1709
34.161
32.1642
30.1732
28.1857
26.2255
24.3039
22.4151
20.5436
18.6851
16.8449
15.0402
13.2415
11.4238
9.61069
7.83814
6.08238
4.33318
2.59681
0.86821
100.4
176.521
88.3676
91.0141
88.142
92.7804
91.4513
87.058
84.4324
81.925
79.515
77.1157
74.7704
72.4652
70.1727
67.9024
65.6765
63.4866
61.3048
59.1028
56.9495
54.8078
52.6748
50.5718
48.4767
46.3886
44.3196
42.2768
40.232
38.1925
36.1747
34.1603
32.145
30.1599
28.1964
26.2404
24.3016
22.405
20.5403
18.6873
16.853
15.035
13.225
11.4238
9.62038
7.83593
6.07887
4.33553
2.60231
0.868368
78.9898
101.709
112.559
86.4418
88.8643
97.8295
92.6934
87.8296
84.4851
82.0869
79.6202
77.2156
74.8234
72.4917
70.1963
67.9227
65.6856
63.4852
61.2839
59.1075
56.9602
54.8099
52.6831
50.5751
48.4876
46.4011
44.3192
42.2829
40.2292
38.1829
36.1756
34.156
32.1396
30.1548
28.203
26.2569
24.3086
22.4007
20.5404
18.6932
16.8557
15.0225
13.2074
11.4115
9.62644
7.83801
6.07808
4.34232
2.60808
0.864105
110.534
277.256
110.709
122.82
94.2311
92.9634
92.4765
88.1179
84.6793
82.2027
79.693
77.2446
74.8557
72.5086
70.2161
67.9386
65.7025
63.4809
61.2659
59.1097
56.9648
54.8104
52.6893
50.5793
48.4968
46.4145
44.329
42.2787
40.216
38.1755
36.1702
34.1479
32.1366
30.1532
28.2028
26.2658
24.3183
22.4058
20.5441
18.7011
16.8549
15.0103
13.1871
11.3999
9.62298
7.83917
6.08556
4.35612
2.61577
0.861991
117.31
99.2945
98.6779
90.316
94.5748
94.3021
93.4271
88.6175
84.8101
82.2542
79.7075
77.2482
74.8585
72.5125
70.2244
67.9464
65.7109
63.4833
61.2611
59.0999
56.9644
54.8056
52.6886
50.5892
48.5034
46.4299
44.3395
42.2725
40.2097
38.1692
36.1642
34.1415
32.1288
30.1553
28.208
26.2679
24.329
22.4154
20.5471
18.7016
16.8493
14.9965
13.1734
11.3908
9.61804
7.84346
6.10156
4.38083
2.62549
0.864754
113.441
64.0681
51.857
89.7754
97.5327
96.1314
94.5359
88.8104
84.6934
82.1183
79.6234
77.1928
74.8359
72.5008
70.2052
67.935
65.7024
63.4852
61.2604
59.0852
56.9399
54.8018
52.6855
50.5963
48.5076
46.4265
44.3452
42.2695
40.2107
38.1774
36.1581
34.1283
32.1217
30.1604
28.2091
26.2617
24.334
22.4297
20.549
18.6938
16.8418
14.9873
13.1683
11.3877
9.61346
7.84511
6.10796
4.38057
2.63089
0.873945
103.227
104.695
103.881
97.3658
96.9147
96.4662
93.6192
86.9302
84.3068
81.823
79.4334
77.074
74.7625
72.4545
70.1556
67.9204
65.6829
63.4675
61.2701
59.0782
56.9336
54.7975
52.684
50.5975
48.5067
46.4322
44.348
42.2681
40.2235
38.1851
36.1547
34.126
32.1264
30.1683
28.208
26.2509
24.3338
22.4411
20.555
18.6885
16.8376
15.0006
13.1819
11.3926
9.61236
7.84741
6.1065
4.36927
2.62922
0.877773
95.7297
94.3703
95.5576
91.4014
128.83
95.4716
89.2595
85.2642
83.4809
81.4074
79.2117
76.9565
74.6852
72.406
70.14
67.9037
65.6566
63.4491
61.2621
59.0851
56.9265
54.7909
52.6887
50.5937
48.5133
46.4323
44.3446
42.2662
40.2162
38.1831
36.1428
34.1267
32.1454
30.1727
28.2001
26.2399
24.3284
22.4441
20.5589
18.6869
16.8364
15.0085
13.1976
11.3932
9.60883
7.84841
6.09883
4.35758
2.61626
0.878315
94.8123
92.5259
88.7109
98.9737
99.354
64.957
85.3032
84.9241
83.2787
81.2661
79.1236
76.8896
74.624
72.3801
70.124
67.8824
65.6471
63.442
61.2562
59.0888
56.9272
54.7919
52.6915
50.5822
48.4986
46.4275
44.3451
42.2684
40.215
38.1848
36.1458
34.1332
32.1608
30.1802
28.1893
26.2271
24.3175
22.4398
20.5622
18.6858
16.8374
15.0255
13.2154
11.3953
9.60154
7.85124
6.10019
4.34645
2.60347
0.869387
90.9687
90.3299
89.5858
105.629
99.125
94.155
88.4838
85.656
83.5935
81.4091
79.1861
76.9242
74.6445
72.3833
70.1227
67.8804
65.6467
63.4428
61.2554
59.0934
56.9384
54.8012
52.6928
50.5768
48.486
46.4131
44.3417
42.2695
40.2151
38.1873
36.1563
34.1486
32.1688
30.1786
28.1835
26.2196
24.3077
22.4299
20.5616
18.6861
16.8387
15.0356
13.2349
11.4041
9.60281
7.84806
6.09472
4.33591
2.59781
0.868853
102.628
83.5701
92.2588
87.0829
99.3298
107.502
88.6832
86.2167
83.9606
81.6439
79.3347
77.0148
74.7223
72.4279
70.1432
67.8964
65.6528
63.4627
61.2802
59.0995
56.9441
54.8046
52.685
50.5761
48.4726
46.3919
44.3288
42.2711
40.2258
38.1914
36.1709
34.161
32.1641
30.1731
28.1857
26.2254
24.3038
22.4155
20.5435
18.6851
16.845
15.0403
13.2414
11.4229
9.61072
7.83814
6.08226
4.33312
2.59678
0.868025
95.5245
92.6558
80.8274
91.1957
87.1965
92.8233
91.4453
87.0579
84.4332
81.9249
79.5149
77.1156
74.7702
72.4652
70.1726
67.9023
65.6764
63.4861
61.3048
59.1027
56.9493
54.8078
52.6747
50.5717
48.4768
46.3884
44.3195
42.2767
40.232
38.1924
36.1746
34.16
32.1451
30.16
28.1963
26.2404
24.3015
22.405
20.5402
18.6872
16.8533
15.0351
13.2245
11.4236
9.62033
7.83582
6.07878
4.33553
2.60225
0.868072
70.5293
123.735
107.748
97.239
95.427
97.3681
92.6868
87.8312
84.4846
82.0866
79.6201
77.2155
74.8233
72.4917
70.1962
67.9227
65.6855
63.485
61.2839
59.1074
56.9603
54.8099
52.683
50.5751
48.4874
46.4009
44.3193
42.2829
40.2291
38.1828
36.1755
34.1559
32.1396
30.1547
28.203
26.2568
24.3085
22.4008
20.5404
18.6932
16.8557
15.0223
13.2072
11.4116
9.62643
7.83793
6.07799
4.34223
2.60795
0.863771
76.0017
80.5975
122.049
89.2404
97.0432
93.3865
92.472
88.1184
84.6786
82.2031
79.6929
77.2446
74.8555
72.5085
70.216
67.9386
65.7024
63.4808
61.2657
59.1098
56.9648
54.8103
52.6892
50.5793
48.4965
46.4145
44.3291
42.2786
40.2159
38.1754
36.1702
34.1479
32.1365
30.1531
28.2028
26.2657
24.3187
22.4058
20.544
18.7013
16.8548
15.0099
13.1872
11.3999
9.62292
7.83911
6.08572
4.35605
2.61568
0.861904
110.861
99.2695
91.7501
92.5242
92.3982
93.8663
93.4338
88.6179
84.8093
82.2544
79.7073
77.2482
74.8585
72.5124
70.2244
67.9463
65.7108
63.4833
61.2609
59.0996
56.9645
54.8054
52.6885
50.5893
48.5036
46.4299
44.3394
42.2725
40.2097
38.1696
36.1644
34.1414
32.1286
30.1552
28.2081
26.2678
24.329
22.4153
20.547
18.7017
16.8492
14.9961
13.1733
11.3907
9.61784
7.84339
6.10157
4.38083
2.62504
0.864726
102.888
56.513
84.6708
94.4148
97.6147
96.0676
94.5299
88.8092
84.6927
82.1184
79.6233
77.1927
74.8358
72.5007
70.2051
67.9349
65.7023
63.485
61.2604
59.0851
56.9399
54.8017
52.6854
50.5962
48.5074
46.4264
44.3451
42.2697
40.211
38.1774
36.1579
34.1282
32.1216
30.1603
28.2088
26.2615
24.334
22.4296
20.549
18.6938
16.8417
14.9871
13.1683
11.3876
9.61332
7.84504
6.1082
4.38031
2.63086
0.873894
103.471
107.058
106.705
97.5256
95.4461
96.0599
93.6295
86.9297
84.307
81.823
79.4334
77.0739
74.7624
72.4544
70.1555
67.9203
65.6831
63.4672
61.2702
59.0781
56.9335
54.7975
52.6841
50.5975
48.5066
46.4323
44.3479
42.268
40.2235
38.1851
36.1546
34.1256
32.1264
30.1682
28.2079
26.2508
24.3338
22.4408
20.555
18.6886
16.8375
15.0006
13.1819
11.3926
9.61225
7.84735
6.10645
4.36922
2.62919
0.87778
96.8458
95.0361
93.6887
99.0334
102.435
95.0369
89.2682
85.2642
83.4811
81.4073
79.2117
76.9565
74.6851
72.4059
70.1399
67.9038
65.6573
63.4489
61.2621
59.0851
56.9265
54.7908
52.6887
50.5936
48.5131
46.4322
44.3446
42.2661
40.2166
38.1832
36.1427
34.1266
32.1454
30.1727
28.2
26.24
24.3284
22.4439
20.5588
18.6869
16.8364
15.0085
13.1975
11.393
9.60873
7.84836
6.09872
4.35751
2.61628
0.878227
94.442
91.8534
91.9877
101.604
114.351
64.5147
85.3047
84.924
83.2786
81.266
79.1235
76.8895
74.6238
72.3802
70.1239
67.8826
65.647
63.4417
61.2562
59.0887
56.927
54.7918
52.6915
50.5821
48.4985
46.4274
44.3449
42.2684
40.2149
38.1848
36.1457
34.1331
32.1613
30.1801
28.1892
26.2273
24.3175
22.4398
20.5621
18.6857
16.8373
15.0254
13.2154
11.3952
9.60151
7.8512
6.1
4.34629
2.60346
0.869324
89.129
92.9456
90.4684
94.2057
89.1316
93.6928
90.4983
90.1523
94.748
92.2865
86.4154
90.1336
93.1706
92.2944
93.1187
95.7265
93.5124
92.9839
93.1781
94.7658
93.5132
93.136
91.0064
92.0353
95.7681
93.1454
91.1465
92.0238
92.3929
93.7399
93.1531
92.9135
92.4207
93.7603
93.1338
93.5524
95.8252
94.509
94.7886
93.5254
95.5257
94.4806
94.746
96.3275
94.9182
96.294
94.795
96.1458
94.9239
94.8132
98.1554
93.0894
96.6452
94.8211
95.3506
93.1903
91.2013
76.2998
84.3571
95.4104
91.1559
76.8192
84.2785
81.5669
91.0096
87.8566
64.1033
81.5903
91.0101
87.8543
89.1216
93.432
90.4688
94.153
89.127
93.9298
90.5121
90.2648
93.1647
92.2563
112.505
89.8888
93.0989
92.1588
93.1839
94.3726
93.5083
92.7786
93.1645
93.7708
93.5156
93.1444
91.0478
91.9794
97.0258
93.1551
91.853
92.0126
92.3744
93.7141
93.1736
93.4017
92.4136
93.5936
93.148
93.5882
95.8464
94.5806
93.8375
93.5272
95.7187
94.4942
95.0352
96.1308
94.9199
96.0537
94.7008
96.0448
94.9198
94.8188
96.8967
93.1944
96.0957
94.8179
96.3996
93.0423
91.1455
74.2133
84.2624
95.1314
91.1506
72.1772
84.2601
81.5659
91.0184
87.8484
64.5387
81.5375
91.0116
87.848
89.1313
94.1393
90.502
94.1283
89.135
94.4974
90.5044
90.2042
94.0408
92.1717
105.569
90.0875
93.2723
92.2585
93.1598
93.0082
93.52
92.9188
93.145
92.9413
93.5101
93.1616
90.722
91.9939
98.253
93.1647
91.2334
92.0012
92.4194
93.6621
93.195
93.4446
92.3976
95.1194
93.1889
93.557
95.7043
94.5319
93.8984
93.5663
95.7245
94.5024
94.749
96.0439
94.9232
96.098
94.5167
96.1799
94.915
94.8205
96.4495
93.0509
96.3243
94.813
96.6873
93.0001
91.165
72.0296
84.2679
95.5916
91.1987
70.4609
84.3196
81.548
91.0014
87.8538
79.0131
81.5312
90.9935
87.8583
98.548
104.444
96.5361
99.0292
96.8785
103.993
96.0115
93.0439
92.2644
94.6327
94.2217
94.6228
93.0398
92.2369
87.013
89.2001
87.7198
88.4835
87.0209
89.2009
87.7283
100.4
93.9581
93.9786
81.3063
95.4803
92.8443
92.6946
97.4822
92.95
126.529
74.6342
92.9167
114.901
97.2832
87.9624
90.7997
88.5122
88.6928
87.9707
90.7216
88.5209
91.4014
96.3545
104.844
88.2955
92.5764
91.2805
105.855
94.332
93.6525
100.202
92.7884
93.6541
96.4073
94.1892
89.0686
92.7633
89.4409
91.4661
89.0775
92.7284
89.4484
80.9264
87.552
89.3255
89.763
80.2212
87.6364
89.3958
90.1984
93.5914
92.3471
95.9969
93.0418
92.1792
92.417
89.2207
92.399
89.3199
92.6875
89.2328
92.4302
89.3302
91.9069
91.9366
93.2745
94.1447
91.7648
93.2523
93.2433
92.2102
92.1355
92.213
92.8175
92.1308
92.308
92.2543
89.2042
93.0785
89.5968
92.4776
89.209
93.0833
89.6009
94.6129
97.7567
97.0798
94.6812
94.903
97.7242
96.3081
94.067
93.7278
94.7577
94.0438
93.7189
94.6867
94.154
89.7606
94.2614
90.2026
93.4279
89.7647
94.2777
90.21
97.7919
97.0384
96.9817
97.4835
96.8796
97.0763
96.7827
95.7278
95.5791
96.3713
96.2019
95.5404
96.6055
95.7002
90.4798
94.4333
89.9113
94.5331
90.492
94.4769
89.9253
98.4365
112.047
112.603
96.7916
97.452
121.408
98.5556
96.3906
95.7786
98.8064
96.2335
95.7599
98.7135
96.2105
89.8376
90.7233
88.7626
93.6151
89.8447
90.4841
88.772
110.694
115.013
105.64
129.818
118.882
115.809
103.615
92.1467
94.1476
93.9693
96.5281
94.1492
94.7357
92.2019
87.3354
85.1625
85.2796
89.2628
87.3429
85.1558
85.285
77.3156
105.823
91.6537
101.788
94.8004
105.007
91.7848
85.3415
74.3479
93.6137
66.1023
74.2992
96.2504
85.2774
85.1601
87.1603
86.1613
85.3018
85.1657
87.1609
86.168
96.794
103.698
98.0772
99.1449
96.9215
103.314
97.8347
93.0318
92.2835
94.6099
94.1758
93.1665
94.6137
92.2506
87.0196
89.2005
87.7274
88.4836
87.0195
89.2006
87.7272
96.0443
93.0644
92.7494
95.5961
96.5044
102.197
106.241
95.284
95.0626
90.216
93.0818
94.1793
93.8899
91.5085
87.9697
90.7293
88.5198
88.6685
87.969
90.8084
88.5198
91.8233
89.9266
107.514
87.7435
91.6029
89.9436
164.473
93.9814
93.6023
94.4977
92.6685
93.9382
93.6204
96.0592
89.0754
92.7231
89.4452
91.4347
89.0751
92.7163
89.4451
79.8015
87.7035
89.6337
95.1199
131.136
87.9519
89.4841
94.4511
93.8876
101.596
96.4793
94.4319
93.3971
97.9983
89.2312
92.4288
89.3282
92.6961
89.2316
92.4415
89.3283
93.5276
92.2882
93.1946
94.8314
95.1864
92.1748
93.3461
92.2357
92.2201
92.1347
93.0305
92.2902
92.22
92.5341
89.2052
93.083
89.5965
92.4749
89.2049
93.0778
89.5961
95.1342
97.4992
95.6379
98.3798
95.2182
102.102
95.2144
94.1156
93.673
95.0684
93.9079
94.118
93.7103
94.9292
89.7612
94.2815
90.2061
93.4296
89.7614
94.287
90.2062
96.9715
99.4427
96.7303
97.7067
96.961
96.3105
96.6615
95.6279
95.5742
96.1898
96.1015
95.6716
95.597
96.1822
90.4897
94.4799
89.923
94.5325
90.4904
94.4829
89.9233
97.3103
102.636
98.6648
96.3815
97.3921
101.384
98.8223
95.7443
95.7674
100.084
96.2541
97.0038
95.7041
98.1169
89.8419
90.465
88.7708
93.6307
89.8422
90.5527
88.77
107.413
115.855
102.641
113.819
103.775
117.609
90.7543
92.0974
94.1529
93.761
95.31
92.0948
94.1471
93.6085
87.3428
85.1543
85.2832
89.2642
87.3427
85.158
85.2834
96.2677
111.012
91.7836
115.286
56.0239
120.507
92.1698
85.4294
74.2356
86.7057
65.9258
85.4439
74.1911
86.1845
85.164
87.1619
86.1668
85.3047
85.1639
87.1612
86.1667
97.156
103.102
95.4009
100.392
97.3232
103.486
94.6121
93.0758
92.2397
94.5971
94.1414
93.0669
94.6028
92.2266
87.0206
89.2009
87.7279
88.4833
87.0126
89.2007
87.7193
96.2199
96.2481
93.7522
97.7677
96.3112
96.1041
93.8274
94.3502
97.2107
94.0187
106.168
94.0443
96.8813
93.9937
87.9694
90.7999
88.5215
88.7004
87.9606
90.7896
88.5134
91.1514
90.6407
81.7964
87.3581
91.8938
95.4325
32.9652
93.9645
93.5669
92.5034
92.8441
93.9675
93.5781
92.3108
89.0771
92.7254
89.4481
91.5644
89.0684
92.7451
89.4407
124.972
87.6105
92.2751
95.1007
126.03
88.7032
92.3132
92.2993
93.9927
90.9617
98.0471
92.4081
94.7739
90.1201
89.233
92.4289
89.3305
92.6515
89.2212
92.4019
89.3195
93.7705
101.791
94.5256
95.2035
93.6804
101.007
94.4484
92.5359
92.4462
92.0754
93.2716
92.2498
92.2976
92.3673
89.2085
93.0785
89.6005
92.4581
89.2027
93.0727
89.5953
95.1874
97.2855
95.2423
92.2969
95.4385
97.3219
97.0752
94.0868
93.7178
98.9059
93.9895
94.1519
93.7237
98.7428
89.7656
94.2886
90.2099
93.4277
89.7613
94.2743
90.2022
96.7576
96.4756
96.6268
98.802
96.7349
96.3685
98.6114
95.702
95.5716
96.1529
96.0822
95.7
95.5713
96.1362
90.4925
94.478
89.9256
94.4983
90.479
94.4341
89.9119
97.4143
99.156
98.6728
94.1338
98.2352
99.041
98.9953
95.5293
95.7566
96.4223
96.1196
95.5242
95.781
96.4817
89.8453
90.5746
88.7703
93.6258
89.8378
90.7306
88.761
100.216
108.808
88.3231
105.032
99.9275
108.675
78.6562
92.1425
94.3767
94.4103
94.9557
92.1325
94.1326
93.3917
87.3427
85.1619
85.2854
89.3041
87.335
85.1636
85.2802
53.7745
126.308
92.2496
113.071
56.762
124.543
92.7594
85.4699
74.3322
87.0525
104.68
85.5554
74.3961
111.636
85.1655
87.1596
86.1681
85.3043
85.1597
87.1593
86.1616
92.0298
91.3985
89.9085
89.1488
89.915
92.1313
91.3939
93.0378
94.7143
93.163
92.7234
94.7032
93.1839
93.2423
91.8269
90.3692
91.579
90.4893
90.4259
91.5648
92.0343
93.0571
94.2173
92.2433
94.6084
94.6092
93.1357
92.2473
92.0052
89.1433
91.2825
89.896
89.905
92.0129
91.3633
94.2319
93.5133
94.7379
93.2728
95.1004
93.3108
93.5206
92.9333
90.5109
90.4059
91.5394
90.4596
91.5858
92.1927
94.8611
91.3398
91.2746
90.1438
91.1501
91.3672
94.2108
93.8486
95.9033
93.306
93.0267
93.4432
93.3083
93.8253
93.2936
92.0641
93.3027
92.2124
91.9867
93.2781
93.3514
98.1969
88.5955
93.2574
89.2617
93.0591
120.636
94.1722
94.4107
90.0782
91.5361
90.8427
91.3251
91.4708
91.6619
93.8537
93.229
94.8462
93.2878
96.0705
93.2904
93.8079
93.3077
92.2218
91.8859
93.2757
91.9452
93.2683
93.3685
94.0597
93.757
93.5281
93.1247
93.7765
93.6373
94.0437
96.7259
96.0761
94.3615
95.3531
96.4249
94.2794
96.9368
94.6649
94.3904
93.9671
93.5231
94.4046
93.9664
94.6786
93.9923
92.709
93.626
94.6951
93.6271
97.0189
93.9373
94.0254
93.1535
93.777
93.5039
93.7861
93.5177
94.0095
96.7045
95.7084
96.1454
94.2638
96.0987
94.2705
96.6934
94.7374
93.5215
94.4056
93.9862
94.4128
93.9673
94.6715
91.5507
93.0448
92.4371
93.1433
93.084
92.4545
91.6404
91.838
106.579
91.2701
91.0447
95.5279
91.2734
91.8784
91.6698
92.0096
91.8816
92.0496
92.0086
91.8206
91.6129
94.7268
95.5977
93.5829
91.2033
94.2075
92.1313
92.546
93.5171
93.1465
93.0252
92.4523
93.0062
92.4622
91.7508
91.7353
91.3357
95.667
91.2634
96.1455
91.2684
91.8589
91.642
92.0949
92.0073
91.8363
92.0079
91.8188
91.6058
92.4778
92.2452
92.4912
92.3937
92.2179
92.4768
92.479
93.1353
94.0591
93.6709
93.7403
93.8735
93.4356
93.1448
92.9345
92.9096
93.3603
93.1388
92.8881
93.346
92.944
92.2447
92.8621
92.1445
92.1277
92.1197
92.2868
92.2767
92.4315
92.4787
92.2314
92.4758
92.2615
92.5336
92.4321
93.1451
93.7458
93.9233
93.4614
93.8858
93.4482
93.148
92.9379
93.1554
92.8986
93.3521
92.9046
93.3643
92.9248
93.9637
93.6817
93.7949
93.5187
93.6746
93.7901
94.0432
95.1946
95.2063
95.0957
96.0629
95.1261
95.2452
94.9714
94.6666
94.199
94.8956
94.4814
94.1614
94.8462
94.7763
94.068
94.8742
93.7069
94.5647
93.7207
94.5578
94.0996
93.9378
93.5815
93.6915
93.7529
93.7225
93.8826
93.9164
95.1221
95.8119
95.0684
95.112
95.0656
95.2288
94.7425
94.3878
94.5029
94.1412
94.8514
94.2014
94.8553
94.4888
95.2013
95.1093
94.7988
94.8185
95.1006
94.8005
95.2015
95.7441
96.3533
95.7578
96.1972
96.1978
95.7427
95.7459
95.4011
95.0181
95.3604
94.9273
95.0279
95.356
95.3976
95.6698
96.2104
95.6231
96.1726
95.5433
96.3447
95.7359
95.2078
94.7803
95.1118
94.7892
95.1055
94.7939
95.2144
95.738
96.1588
96.1806
95.7408
96.1924
95.7422
95.7405
95.3925
94.9281
95.0255
95.345
95.0398
95.3714
95.395
95.1899
95.3297
94.582
94.825
95.3344
94.5982
95.1972
96.6408
82.5546
93.9807
97.749
81.2363
94.1961
96.9448
95.8399
93.813
94.1829
93.1186
93.8238
94.1962
95.8327
97.0489
96.2039
95.8038
101.796
95.7971
98.3162
97.6172
95.2052
94.8259
95.3225
94.5835
95.3196
94.5914
95.2004
95.9774
95.1534
108.51
95.3893
79.557
95.8262
96.8401
95.7867
93.1569
93.8625
94.1703
93.8221
94.1879
95.7413
89.8941
92.3766
89.3826
91.1828
92.3945
89.2862
89.8865
80.7919
88.1896
82.7924
75.3786
88.4912
82.8147
80.8114
81.3854
83.3749
84.3709
84.2735
83.2323
84.4075
81.4098
92.0677
95.5082
94.1566
94.0442
94.1336
93.6338
92.0855
89.883
91.1656
92.389
89.2232
92.3929
89.2425
89.8811
80.7804
75.5574
87.8283
82.9221
88.3656
82.8395
80.9097
81.3823
84.2692
83.1654
84.4558
83.1854
84.4359
81.4519
88.1888
77.907
85.5846
81.5836
77.837
85.597
88.0038
86.0822
87.8287
88.5695
91.0095
87.8317
86.1289
88.5754
87.2891
86.0495
89.9715
87.8631
86.0544
87.3468
89.8983
85.3827
66.8152
74.2518
86.6319
74.2555
86.5445
85.7169
88.0947
81.5964
77.9767
85.5439
77.8648
85.5774
88.5913
86.0673
91.0042
87.8377
88.5978
87.8372
86.1077
88.5852
87.2491
87.8573
86.0454
89.8662
86.0489
87.1908
89.8777
91.9311
91.3059
89.8923
89.1247
92.0286
89.9075
91.2957
93.2484
94.7568
93.29
93.7288
93.5578
94.7676
93.2414
91.8274
90.371
91.6017
90.4891
92.269
90.4097
91.3955
93.0848
94.1637
92.2496
94.5872
94.6062
93.0707
92.248
92.0216
89.1268
91.2921
89.9168
89.9188
91.9756
91.2917
93.2419
93.7217
94.7339
93.3672
94.7644
93.336
93.2691
91.793
90.5176
90.4131
91.4076
90.4233
91.3647
91.8659
94.1434
92.6356
90.7267
90.0021
92.1715
91.0784
91.4186
93.8794
94.0904
93.2951
93.1639
93.7007
94.148
93.2913
93.3033
91.7613
93.262
92.1421
93.1926
91.8405
93.2411
95.9572
121.423
93.77
98.0056
102.27
97.6122
94.1895
95.5852
89.6334
91.3445
90.6849
102.684
91.6993
92.3854
94.3916
93.2853
95.0124
93.2906
94.5104
93.2903
94.1578
93.7508
92.1656
91.848
93.294
92.0721
93.289
93.4625
93.9977
93.7719
93.5063
93.176
94.0028
93.7659
93.5035
96.5954
96.8129
94.2213
94.1565
96.6153
97.3936
94.1747
94.7767
94.4046
93.9811
93.51
94.7212
94.4063
93.9501
93.8743
92.8426
93.57
92.8282
93.5827
95.8474
93.9476
93.9885
93.1668
93.7265
93.4902
93.7455
93.4969
93.9703
96.5497
94.4853
114.285
94.1181
126.132
94.1276
96.7023
94.9951
93.5144
94.3886
93.9458
94.3963
93.9457
95.0293
91.7527
93.152
92.4481
93.1466
92.2126
93.105
92.4552
92.7009
95.5497
91.2624
91.092
91.5581
95.4636
91.2665
91.579
92.0092
91.8304
92.0122
91.6015
92.0107
91.8496
93.5843
96.9326
93.8028
91.261
93.9771
91.7479
92.438
91.8348
93.1496
93.1294
92.4172
93.1198
92.4399
91.7875
91.2552
91.4311
110.905
91.3194
94.8337
91.3047
91.5749
91.5425
92.0825
91.9976
91.8372
92.0082
91.8275
92.7215
92.4245
92.2379
92.4994
92.4053
92.4643
92.2373
92.4742
93.1759
94.0027
93.4662
93.6739
93.1898
94.1341
93.4777
92.9303
92.9236
93.3449
93.1212
92.9382
92.9071
93.3528
92.24
93.7909
92.2948
92.8012
92.245
92.5804
92.251
92.4402
92.4116
92.2464
92.4701
92.2407
92.5133
92.4388
93.1212
93.6272
93.9974
93.4929
94.199
93.4815
93.0995
92.9377
93.1943
92.9237
93.3456
92.9715
93.3553
92.9331
93.9278
93.6623
93.8339
93.5061
93.9205
93.671
93.799
94.7815
95.1708
95.172
95.7278
94.7797
95.1611
95.1618
94.4401
94.1788
94.8829
94.4945
94.466
94.142
94.8573
94.1531
93.9315
93.7301
94.5668
93.6907
94.9232
94.1441
93.9095
93.5517
93.6825
93.7561
93.7074
93.8135
93.9038
94.76
95.756
95.2626
95.1196
95.272
95.1016
94.7799
94.4523
94.5083
94.3108
94.8505
94.143
94.8726
94.4578
95.2293
95.0945
94.7962
94.695
95.2335
95.1024
94.8021
95.7527
96.1607
95.7388
96.1103
95.7446
96.177
95.7353
95.4016
95.0197
95.3438
94.9174
95.3997
95.0258
95.3454
95.6588
96.0842
95.5562
96.1473
95.5624
96.1685
95.688
95.2482
94.8109
95.0258
94.7992
95.1361
94.81
95.244
95.7517
96.0601
96.2243
95.7358
96.2241
95.734
95.7618
95.4136
94.9178
94.9977
95.3512
95.0224
95.3472
95.4093
95.2289
95.3225
94.5963
94.8191
95.224
95.3231
94.6072
96.5848
111.603
96.3176
97.6843
97.4247
111.301
94.3722
95.7482
93.9546
94.1601
93.1503
95.7857
93.7545
94.1678
95.3798
96.2166
95.7595
96.3329
95.7599
96.1789
95.5263
95.2239
94.8183
95.3298
94.6017
95.3246
94.5981
95.2286
97.7716
96.5259
111.388
97.9332
111.696
94.4683
97.1722
95.7299
93.0824
93.7637
94.164
93.8554
94.1764
95.7095
89.8572
92.3907
89.2109
91.1458
89.8792
92.3952
89.2177
81.1636
86.9552
83.0275
73.0901
81.0146
86.218
83.1361
81.439
83.1306
84.4523
84.2516
81.5107
83.2209
84.4671
92.0997
95.3741
94.0028
93.5439
94.0973
93.6377
92.1123
89.8446
91.1473
92.3992
89.2325
92.3973
89.2286
89.8333
81.2646
72.4186
85.993
83.1689
85.8738
83.1923
81.4165
81.3835
84.2536
83.3133
84.4678
83.2815
84.4892
81.3079
87.7234
77.978
85.5502
81.5456
88.0173
77.9969
85.582
86.0594
87.8673
88.6112
91.0194
86.117
87.9382
88.6211
87.1211
86.0371
89.8609
87.8464
87.1298
86.035
89.8686
85.8277
65.0145
74.2683
88.5532
74.212
86.9629
86.0689
87.5548
81.535
77.9484
85.6341
77.9681
85.6101
87.4994
85.9377
91.0158
88.334
88.6396
88.0939
85.8625
88.6314
87.1492
87.8461
86.0374
89.8714
86.0354
87.1608
89.8729
91.9948
91.3041
89.9159
89.135
91.9932
89.9148
91.2965
93.2491
94.7152
93.3822
94.3286
93.2583
94.7169
93.3957
91.9034
90.4068
91.4717
90.5036
91.901
90.407
91.471
93.0864
94.131
92.2163
94.609
94.6109
93.0661
92.2318
92.0063
89.1437
91.3922
89.9101
89.9205
92.0723
91.3212
93.2489
94.4409
94.7054
93.433
94.7113
93.4228
93.2449
91.9266
90.5137
90.4105
91.5146
90.4186
91.4791
91.9572
92.3796
92.5655
90.6961
90.1962
92.3308
92.2165
91.3146
94.166
94.9905
93.2973
93.2343
94.1626
95.027
93.329
93.4209
91.8371
93.2932
92.1905
93.5021
91.9163
93.3046
96.7479
105.821
97.1948
95.937
97.1183
94.7411
96.5688
93.8227
90.1035
91.9829
91.3156
92.04
91.2723
93.7971
94.1697
93.164
94.0922
93.3351
94.2515
93.2538
94.2188
93.423
92.2197
92.0265
93.2954
91.9423
93.3115
93.4252
93.9737
93.7253
93.4954
93.1549
93.9631
93.7389
93.492
95.0979
97.8721
94.0321
92.2865
95.5458
95.2608
94.0394
95.1507
94.3841
93.9727
93.5212
95.0394
94.3927
93.9488
94.0394
92.8733
93.6537
92.8184
93.5788
92.1534
94.1966
93.9792
93.1567
93.7296
93.4668
93.7461
93.485
93.9763
95.1699
95.1685
96.1609
93.9706
93.4044
93.9691
95.1351
95.2478
93.5217
94.3778
93.9511
94.3891
93.9512
95.1152
91.6471
93.1345
92.4128
93.1656
91.6799
93.1414
92.4312
90.6308
87.3471
91.2899
91.2425
91.509
87.8025
91.361
91.2204
92.0028
91.8557
92.0033
91.4567
92.0179
91.8504
92.5165
98.0448
94.6748
93.1024
94.1354
90.0516
91.7619
92.6596
93.1667
93.1803
92.4311
93.1508
92.448
92.0224
90.6358
91.2355
88.8072
91.3494
88.1862
91.2997
91.0083
91.2663
92.0129
92.0267
91.8666
92.0259
91.8551
91.2639
92.405
92.2451
92.5147
92.3989
92.4072
92.2515
92.4966
93.29
93.8533
93.4922
94.1809
93.2862
93.793
93.5185
92.9398
93.0077
93.3555
93.156
92.9363
92.9222
93.3487
92.9999
93.3825
92.2977
93.5232
92.3399
95.5714
92.5179
92.509
92.398
92.2517
92.4869
92.2564
92.4844
92.4709
93.4717
94.6639
94.5591
93.9433
93.8136
93.5989
93.3479
92.9406
93.159
92.98
93.3533
92.9246
93.3551
92.9424
93.9109
93.7019
93.8773
93.5121
93.9178
93.6795
93.7744
94.7567
95.2414
95.1714
95.7041
94.7506
95.0878
95.1652
94.4532
94.1711
94.8471
94.4836
94.458
94.0925
94.8362
94.1187
93.8861
93.7069
97.0972
93.7073
97.8785
94.1344
93.9194
93.5182
93.6791
93.8066
93.6724
93.7753
93.9293
94.7705
95.7102
98.6654
95.2238
95.2646
95.1645
94.9761
94.4601
94.4845
94.1324
94.8966
94.1099
94.8231
94.5047
95.2377
95.0485
94.8123
94.4998
95.253
95.0534
94.7944
95.764
96.214
95.7196
96.0555
95.7644
96.2292
95.7167
95.407
94.9919
95.3537
94.9224
95.4096
94.9937
95.3521
95.7043
96.0957
95.5708
96.129
95.5597
96.1283
95.7053
95.2424
94.6698
95.0488
94.8194
95.0458
94.8022
95.2775
95.771
96.1617
96.2225
95.7329
96.2171
95.7175
95.7653
95.4083
94.9223
95.0023
95.3527
95.0007
95.3522
95.4157
95.2307
95.3163
94.6003
94.8231
95.2269
95.3267
94.6102
97.3979
111.032
98.6844
96.2872
97.3073
110.8
97.5251
95.7107
93.7701
94.1801
93.0284
95.7028
93.786
94.2068
95.546
96.1814
95.878
96.8693
95.7039
96.7208
95.5594
95.2282
94.823
95.3337
94.5817
95.3374
94.6067
95.2312
97.6394
96.4227
111.423
96.6454
110.936
96.8903
97.7864
95.7089
93.0112
93.7738
94.1916
93.7849
94.2155
95.6982
89.8571
92.4045
89.2458
91.1944
89.8153
92.4118
89.3222
81.6027
89.9009
83.1
93.6402
81.5228
82.0442
82.9692
81.2903
83.3639
84.401
84.2627
81.2291
83.376
84.3715
92.1715
94.96
94.165
94.4427
94.3598
93.3041
92.1719
89.8542
91.2091
92.3963
89.6058
92.4166
89.3434
89.8624
81.6763
70.3953
81.4425
82.7797
81.9188
82.8424
81.7696
81.3461
84.2753
83.4262
84.3278
83.3669
84.3248
81.3443
87.6231
77.9123
85.6538
81.5449
87.6177
77.9516
85.6651
85.6452
88.551
88.638
90.9877
85.7768
89.2226
88.6281
87.206
86.0413
89.8774
87.8573
87.1935
86.0459
89.8884
85.6445
74.891
74.5775
90.7156
74.4864
91.3603
86.0673
87.6438
81.5398
78.1781
85.6464
78.0477
85.6625
87.6598
85.6776
90.993
89.4965
88.6167
89.3547
85.8047
88.6174
87.2257
87.8646
86.0555
89.9942
86.0571
87.2563
89.918
92.3232
92.6646
92.3598
90.9795
91.1639
91.1005
91.0728
92.5172
92.4755
92.5262
92.2731
92.0717
92.0721
92.2621
93.6754
93.4315
93.6865
93.32
93.1276
93.1439
93.305
94.5308
94.5185
94.5098
93.2612
93.5418
93.514
93.3694
92.3957
92.6978
92.3993
90.8903
91.0396
90.903
91.0315
92.5229
92.4769
92.5243
92.2913
92.0779
92.2905
92.0761
93.6956
93.4266
93.6977
93.3404
93.1649
93.3391
93.1668
94.5277
94.5292
94.5256
93.2567
93.4319
93.265
93.4336
92.4042
92.6787
92.4025
90.9133
91.0502
90.8959
91.0607
92.5282
92.4713
92.5299
92.2774
92.0758
92.2854
92.0714
93.7005
93.4378
93.7025
93.3279
93.1611
93.3351
93.1519
94.4975
94.5219
94.4688
93.2219
93.4315
93.274
93.4566
92.0177
92.4241
91.9992
91.18
91.6205
91.5878
91.2695
92.6754
92.3922
92.3957
90.9288
91.052
91.0693
90.9083
92.429
92.0149
92.0049
91.1598
91.5388
91.5577
91.1605
92.8731
93.0874
92.8821
92.6838
92.8514
92.8643
92.669
92.4779
92.5233
92.5236
92.28
92.0751
92.0731
92.2847
93.0861
92.8792
92.8802
92.6937
92.8807
92.8738
92.7006
94.0115
94.273
94.0229
93.5586
93.525
93.5193
93.5478
93.4284
93.6903
93.6866
93.328
93.158
93.1519
93.3325
94.2744
94.023
94.0233
93.566
93.5148
93.5145
93.5748
94.5419
94.4553
94.535
92.816
92.2878
92.1912
92.914
94.5248
94.5158
94.5132
93.2581
93.4506
93.4834
93.2547
94.4685
94.5651
94.5549
92.8026
92.1502
92.1633
92.7783
99.559
91.4665
102.123
93.1593
95.1906
92.7216
95.0768
91.6881
94.7366
94.6425
90.8356
95.1006
90.8601
95.0749
92.02
92.4426
92.0244
91.176
91.5295
91.1628
91.525
92.6989
92.414
92.4177
90.8793
91.0372
91.031
90.8837
92.4455
92.0087
92.0197
91.1905
91.5266
91.5232
91.197
92.8809
93.0814
92.8819
92.7076
92.884
92.7046
92.8874
92.4773
92.5275
92.5265
92.2913
92.0759
92.0758
92.2889
93.0799
92.8823
92.8821
92.707
92.8862
92.8871
92.7066
94.0234
94.284
94.0228
93.5813
93.5128
93.5777
93.5142
93.4261
93.6992
93.6982
93.3413
93.1656
93.1673
93.3389
94.2858
94.025
94.0238
93.5808
93.5167
93.5145
93.5812
94.5652
94.4851
94.5625
92.7692
92.1413
92.7686
92.1364
94.5242
94.5075
94.5218
93.2622
93.4259
93.438
93.2618
94.4854
94.5563
94.5636
92.7842
92.1372
92.1353
92.7744
93.2647
91.9142
92.4403
91.9145
95.227
91.2043
96.7997
92.1254
91.7616
92.0554
97.1168
95.0338
102.777
94.9218
91.9944
92.4279
91.9836
91.1841
91.54
91.1981
91.5599
92.6705
92.3516
92.394
90.9518
91.1555
91.0911
91.0187
92.4236
92.0001
91.9758
91.1907
91.6206
91.588
91.2845
92.8846
93.0799
92.8868
92.6919
92.879
92.6991
92.8743
92.471
92.522
92.5326
92.2696
92.071
92.0706
92.2605
93.0826
92.8763
92.8875
92.6818
92.8497
92.866
92.6661
94.0257
94.2877
94.0259
93.5673
93.5152
93.5732
93.5204
93.4372
93.6902
93.7018
93.3192
93.1301
93.1422
93.3072
94.2868
94.0167
94.0276
93.5592
93.5275
93.5251
93.5449
94.5506
94.4701
94.5351
92.7789
92.1476
92.7899
92.1534
94.5116
94.5064
94.4826
93.2458
93.5337
93.4945
93.3626
94.4569
94.535
94.5388
92.8068
92.2819
92.192
92.9012
101.977
92.4295
113.327
99.8985
93.1325
99.4894
93.0749
92.4789
103.57
97.7013
100.483
101.074
115.563
94.0723
93.2355
93.622
93.2515
91.4055
91.5791
91.4087
91.5799
93.19
93.6298
93.2202
91.4169
91.5806
91.4177
91.5767
92.7595
92.7169
92.7447
91.4458
90.8024
91.4431
90.8034
92.7155
92.7671
92.7475
91.4443
90.7991
90.8023
91.4345
93.6227
93.1878
93.2121
91.415
91.5775
91.5787
91.416
93.3644
93.6209
93.3095
91.4319
91.656
91.6007
91.4127
92.8935
92.7594
92.8354
91.4362
90.882
90.8292
91.4208
92.7481
92.7712
92.7945
91.4433
90.8045
90.8071
91.4464
93.6232
93.217
93.2621
91.4321
91.58
91.5825
91.4271
92.7875
92.7344
92.8064
91.4257
90.7994
91.4302
90.7958
92.7409
92.9064
92.8504
91.424
90.8733
90.8208
91.4032
93.6331
93.384
93.2797
91.4092
91.6495
91.5954
91.3865
90.5181
91.8344
91.886
90.9016
89.7734
89.7733
90.9154
91.85
90.4796
91.7937
90.9145
89.7729
90.922
89.7785
90.5194
91.8267
91.9036
90.9068
89.7907
89.7848
90.9134
91.8424
90.6118
91.8528
90.9079
89.7977
90.9183
89.7971
92.0102
90.5697
91.9285
90.9031
89.7761
89.7819
90.8963
90.6647
91.962
91.8766
90.9105
89.7812
89.7973
90.8993
92.0451
91.4391
92.039
90.6764
90.4585
90.6798
90.4555
92.0565
91.4551
92.0816
90.6626
90.4566
90.67
90.4543
91.4812
92.0552
92.0812
90.6778
90.4622
90.4626
90.6774
91.4351
92.0469
92.042
90.674
90.4538
90.4556
90.6685
92.188
91.5109
92.1875
90.6875
90.4545
90.4655
90.6683
91.4849
92.1712
92.1223
90.6601
90.4485
90.4587
90.6492
90.5365
174.617
97.8596
102.883
90.6654
100.015
97.3945
101.759
95.8131
95.502
116.642
84.8265
95.4977
95.3979
84.0767
246.396
38.2072
69.8201
98.7223
466.256
36.7756
219.19
147.778
36.9444
67.8311
173.226
113.659
257.592
102.528
124.834
95.5756
124.645
75.5113
76.6939
70.9515
81.4635
113.68
84.5247
55.1028
111.184
124.081
82.7681
161.456
148.902
114.838
98.3805
96.4755
103.584
130.144
92.2508
93.8925
99.0922
89.1321
92.4102
92.7568
95.5958
104.325
110.975
118.242
89.1571
93.7405
114.152
72.5701
96.989
108.192
121.861
104.355
96.4048
138.025
118.195
105.432
106.169
106.499
86.6368
104.057
103.58
94.6308
106.604
110.009
107.351
209.074
106.475
102.885
106.441
57.0009
103.891
67.1092
68.9462
73.5707
82.6531
100.945
120.634
117.965
156.528
116.052
109.731
111.441
55.6545
95.2704
97.8978
94.0444
101.674
94.3839
99.1153
93.07
75.688
104.085
116.625
40.9556
114.184
80.7511
114.903
92.9524
75.6739
72.5754
94.0087
91.1042
76.42
74.129
88.9244
94.8157
94.6878
125.166
106.968
95.715
96.4058
117.885
92.8538
94.7143
141.803
221.957
91.3851
92.4287
35.224
90.5935
91.9521
111.105
26.6092
84.0592
90.9921
96.7594
95.3377
95.1585
88.9363
101.695
94.4019
99.2966
87.6513
162.563
77.8138
83.4738
122.835
94.8299
78.048
103.113
94.5238
82.335
85.2556
128.575
86.6271
90.658
116.481
107.059
109.283
98.1661
117.698
95.9746
109.813
23.8474
170.009
86.4497
107.569
23.82
67.5899
85.4586
94.3184
90.7628
93.089
108.018
93.9215
89.483
94.7887
77.7735
111.161
141.124
81.8762
96.947
106.607
89.4156
98.2717
69.8464
87.0869
83.2472
101.696
70.2802
82.9742
95.6628
100.783
97.8863
90.6498
91.6182
124.5
95.7386
129.916
83.6886
88.8374
96.7628
93.8607
83.9294
90.8078
87.1697
97.7207
79.1385
94.4575
95.1417
107.967
112.669
138.454
103.827
102.741
81.5373
113.877
103.227
103.549
87.1883
88.7609
87.251
88.6176
87.1881
88.7607
87.2507
90.8783
90.7511
89.9191
89.7604
90.8785
90.7507
89.9187
90.8782
89.7606
90.7507
89.9195
90.7511
89.9189
90.8792
87.1789
88.763
87.2395
88.6181
87.1885
88.7608
87.2517
87.1879
88.7603
87.2512
88.6175
87.178
88.7622
87.2387
90.8845
89.7652
90.7588
89.9231
90.757
89.9235
90.8855
90.8872
90.7571
89.924
89.7661
90.8857
90.7613
89.9244
86.9078
88.4139
87.0382
88.118
86.9075
88.4132
87.0385
90.3364
89.453
90.5208
89.5957
90.3375
89.4522
90.5203
90.3358
89.5956
89.4529
90.5199
89.4522
90.5198
90.3366
86.9072
88.4132
87.0384
88.1182
86.8974
88.4155
87.026
90.3438
89.4569
90.5266
89.6013
90.3443
89.4579
90.5247
86.8984
88.4166
87.0272
88.1187
86.908
88.4141
87.0391
90.3456
89.6016
89.4572
90.527
89.4582
90.5299
90.3436
90.9066
90.8664
89.9174
89.7701
90.7795
89.9285
90.9937
90.9076
89.7706
90.8704
89.9186
90.7814
89.9295
90.9966
90.3678
89.6055
89.4528
90.6403
89.4624
90.55
90.4594
90.3679
89.4534
90.6435
89.6065
89.4628
90.55
90.4605
87.9902
89.2592
87.9873
87.7508
88.6937
87.75
88.6937
89.262
87.9938
87.9884
87.7502
88.6942
88.6941
87.7471
87.994
89.2747
87.9857
87.7425
88.6975
87.7462
88.697
95.982
98.0136
93.6161
104.665
95.5619
97.6678
93.7659
89.2702
87.9923
87.9979
87.7477
88.6961
88.6953
87.7514
89.2847
88.0156
87.9941
87.7451
88.6901
88.6998
87.7323
88.0018
89.282
88.0038
87.7491
88.69
88.699
87.7347
90.8086
90.6199
90.6134
89.6172
89.876
89.874
89.616
90.6464
90.7713
90.6271
89.6201
89.8628
89.6236
89.867
90.9972
90.0669
91.1129
90.2057
90.998
90.0665
91.1129
90.6285
90.7979
90.6323
89.6181
89.8798
89.6196
89.8756
91.0089
90.2099
90.0713
91.1154
90.0715
91.1181
91.004
90.9967
90.2059
90.0671
91.1131
90.0663
91.1124
90.9978
91.0058
90.071
91.1153
90.21
91.0052
90.0719
91.1152
91.0289
90.0651
91.1843
90.2144
90.0764
91.1324
91.1093
90.0374
89.8409
89.308
89.2047
90.0379
89.8398
89.3075
90.0368
89.2047
89.8406
89.3082
89.8402
89.3075
90.0367
90.795
90.6313
90.6364
89.6221
89.8627
89.8763
89.6103
91.0282
90.2141
90.0648
91.1826
90.0764
91.1305
91.1091
90.6377
90.7742
90.6424
89.6282
89.8625
89.8692
89.6137
90.746
90.6513
90.6444
89.6261
89.8613
89.8617
89.6291
90.0437
89.2095
89.8446
89.312
89.8466
89.3126
90.0424
90.0444
89.8436
89.3122
89.209
90.0408
89.8468
89.3129
90.066
89.928
89.3069
89.2137
89.8656
89.3172
90.1468
90.0664
89.2126
89.9265
89.3063
89.865
89.3169
90.1468
115.147
121.533
143.43
114.261
96.4844
143.333
303.793
78.8029
98.3285
84.4378
316.154
78.7508
109.563
75.0826
127.883
100.759
109.413
172.214
110.604
100.828
104.064
147.51
96.4857
93.8554
119.534
95.3358
109.906
143.676
153.935
43.6445
131.734
318.091
-142.275
-132.286
389.682
54.7725
95.7363
113.011
118.852
268.72
285.069
94.1555
150.46
70.6861
137.214
85.6815
67.6154
104.45
151.768
139.637
37.5401
130.67
311.056
-120.004
-125.82
312.484
69.8422
53.8299
90.572
247.294
159.619
94.3736
245.694
81.8018
114.105
81.3483
90.3614
92.0243
145.092
144.61
132.287
101.595
86.8892
97.301
125.327
98.5908
87.0144
86.7258
88.0003
86.7778
87.8294
86.7262
88.0002
86.7787
89.6854
89.1115
89.9575
89.3292
89.6924
89.111
89.9565
20.3699
57.1476
88.7892
81.0509
-19.3553
74.5977
87.8111
38.1937
69.7543
96.5603
116.068
32.4975
100.845
89.8668
89.6814
89.3292
89.1089
89.9613
89.11
89.9582
89.6821
86.7265
88.0007
86.7791
87.8307
86.7162
88.0033
86.7674
89.6859
89.1115
89.9618
89.3283
89.683
89.1109
89.9595
86.7148
88.0021
86.7663
87.8301
86.7253
88.0001
86.778
89.6961
89.3278
89.1148
89.9582
89.1138
89.9568
89.6952
87.2283
88.5058
86.9792
88.8093
87.2287
88.5055
86.9788
91.1444
90.4908
91.4032
90.2624
91.3927
90.2633
91.1417
87.2174
88.5062
86.9666
88.8113
87.2285
88.5054
86.9799
91.1446
90.4891
91.4004
90.2666
91.3949
90.2653
91.1439
91.144
91.4015
90.2634
90.4907
91.1447
91.3938
90.2639
87.2284
88.5051
86.9791
88.811
87.2161
88.5049
86.9654
89.7036
89.1055
89.961
89.3308
89.1164
89.9566
89.7128
89.6983
89.3308
89.1048
89.9646
89.1146
89.9599
89.7114
91.1469
91.4101
90.2655
90.4901
91.139
91.4068
90.2643
91.1578
91.4017
90.2572
90.4922
91.3956
90.2693
91.1696
91.1622
90.4923
91.4053
90.2564
91.4035
90.2682
91.1684
85.2907
145.75
113.177
130.046
79.2269
137.116
74.0522
108.437
156.148
116.206
117.948
92.5686
107.638
108.873
143.103
81.7621
133.872
127.843
141.24
210.445
186.872
105.998
112.236
106.98
94.0161
110.398
114.246
106.992
85.4296
105.134
75.3113
91.7711
89.6936
86.4457
102.656
97.5437
99.523
98.3985
107.875
103.461
98.4145
98.4561
91.3882
127.713
95.5182
91.5371
92.1894
124.552
88.5627
147.144
99.7995
95.0837
92.1952
93.3256
102.95
86.0942
82.3748
101.694
102.128
92.8681
79.6444
101.656
102.337
84.1367
83.7244
91.3398
90.3148
85.0154
115.145
93.0446
90.2139
110.609
106.842
113.372
93.9274
112.502
106.734
109.555
121.932
115.014
89.2325
114.505
87.8624
90.5793
123.092
89.885
107.113
92.6644
126.981
165.143
139.199
112.36
106.473
112.423
106.545
122.45
107.903
110.675
92.5735
110.117
97.9513
88.7207
89.3073
83.8267
84.9731
96.102
102.369
104.937
92.2808
96.9136
111.336
185.818
147.553
79.1105
76.4353
94.4121
107.272
108.838
89.073
80.0518
125.207
80.7014
89.6968
102.4
89.4327
105.027
131.323
116.447
159.846
182.559
206.09
237.7
186.404
61.4161
131.647
84.7453
132.545
143.371
193.529
184.435
93.6015
130.492
101.341
139.221
90.8816
113.039
95.5661
113.026
134.041
134.109
100.848
108.543
141.04
124.028
95.9388
91.8126
99.5154
88.935
95.9175
90.0885
101.431
89.4663
121.382
94.7494
90.4164
88.6881
83.2135
94.7334
83.4364
100.216
99.6854
188.584
214.506
72.0484
76.0879
118.452
93.1608
96.5776
130.428
106.183
97.9282
95.8228
87.1462
92.2333
88.5392
88.8027
90.7446
88.6732
90.9163
106.529
136.281
151.281
136.024
143.594
117.703
117.635
94.7822
92.1514
99.1361
93.1076
94.9867
91.9259
97.3942
122.584
86.2173
81.9162
89.7293
100.732
101.114
89.5591
92.3053
93.177
88.216
88.7547
91.1498
91.076
90.082
71.17
91.3147
93.3065
120.584
71.7413
92.061
117.729
90.3517
77.8986
94.121
90.9633
89.1855
78.3367
92.4379
98.4926
123.318
102.763
106.688
123.086
101.304
102.078
124.062
101.297
111.282
98.096
108.333
123.57
101.932
94.5896
110.706
96.1871
89.7711
87.9682
90.2956
85.3271
92.5409
105.604
122.141
85.2115
93.0011
90.1035
94.3084
95.255
98.5624
97.3898
111.325
112.671
100.623
99.7918
98.6197
98.5111
98.5449
103.619
103.583
100.083
98.1624
91.5946
85.4785
69.9329
98.6197
110.54
79.4969
91.623
102.796
99.1403
97.0003
101.219
103.77
102.43
97.5619
86.0762
95.4278
92.5907
113.363
93.1098
105.353
95.1695
94.613
98.0213
98.8731
112.806
98.4269
112.896
97.4969
99.2009
122.402
101.75
104.986
110.752
140.782
102.214
115.08
113.47
133.464
123.317
102.969
112.469
127.751
56.751
118.252
70.0301
84.6343
64.2045
112.31
71.4911
30.0429
202.241
30.8836
89.5439
155.061
163.413
85.8096
96.9666
94.6609
100.082
90.0976
100.33
95.7628
103.047
110.012
109.437
108.647
88.1286
86.8413
102.22
102.103
115.76
107.401
115.455
96.5862
95.8437
92.5846
89.9082
140.243
197.066
107.528
101.901
110.909
122.005
99.7622
88.8294
84.2829
182.19
120.146
558.522
102.63
103.086
100.403
77.6379
90.1731
96.9603
101.556
94.5179
90.5816
89.8119
89.2328
89.7935
89.1887
89.791
89.1894
89.8104
91.0069
90.2075
90.7228
89.9241
91.0115
90.208
90.7206
91.005
89.9242
90.2066
90.7232
90.2078
90.7208
91.0073
89.8161
89.7953
89.1907
89.23
89.8124
89.7978
89.1883
91.0106
89.9219
90.2096
90.7258
90.2072
90.7285
91.0123
89.8122
89.7926
89.1883
89.2326
89.8128
89.7909
89.1892
91.0116
90.2092
90.7255
89.9227
91.0081
90.2072
90.7288
171.82
139.705
153.719
104.34
121.884
122.212
100.509
102.559
75.5389
125.583
99.1976
111.581
120.588
93.0189
95.75
88.9625
102.515
104.238
96.7684
93.8912
89.1286
89.8182
89.2324
89.8021
89.1797
89.8017
89.1911
89.8191
128.364
271.571
121.342
158.743
90.1174
86.7544
95.2695
89.8208
89.2296
89.7956
89.1899
89.7983
89.1872
89.8174
133.316
77.7105
85.9125
96.4129
178.843
93.8916
83.6995
95.7642
106.334
108.306
100.008
96.544
114.426
98.6314
101.935
90.0548
99.7561
88.5039
101.988
89.9965
101.418
91.0153
90.1978
90.733
89.9252
90.2102
90.7322
91.0238
91.0199
89.926
90.1983
90.7328
90.2103
90.7329
91.0239
91.2066
82.3749
138.225
90.4043
89.3456
117.151
117.322
89.8205
89.8016
89.179
89.2321
89.8012
89.1902
89.8239
134.067
116.056
114.716
92.2816
123.596
132.298
104.708
94.9665
91.6992
98.6415
94.6752
95.465
92.3454
96.501
119.997
103.257
118.115
99.2014
102.739
107.326
82.8932
104.397
94.3075
112.571
97.9507
108.308
95.093
111.786
106.073
103.9
104.042
92.7318
103.441
98.9882
111.085
108.838
93.2368
113.789
99.2535
92.2199
116.269
109.203
93.6552
91.1733
93.7374
87.7106
88.4489
122.233
117.997
92.2374
106.749
103.185
92.2998
104.981
99.2503
99.1235
95.0497
95.318
94.2336
104.651
97.9823
92.8432
105.192
94.3585
103.828
100.015
96.261
103.129
93.3474
98.3037
178.327
101.338
116.525
82.6723
184.157
89.5952
182.768
97.2737
75.7301
90.6966
86.4988
119.266
104.203
77.8194
92.2506
170.366
86.2661
170.318
121.671
86.6317
122.588
92.212
94.8997
83.7244
121.272
96.599
78.9492
89.6117
93.5017
95.0876
95.5627
92.7534
95.3548
92.8761
95.0325
93.8585
101.064
96.9292
105.982
105.452
101.055
101.83
92.3468
94.082
93.9568
93.2978
94.2987
93.9104
94.7229
94.3396
115.849
73.8243
93.3853
66.3436
94.6443
118.278
112.017
172.609
216.954
86.1696
86.9062
121.128
123.002
116.086
91.5061
91.98
119.798
95.6213
112.904
96.0632
101.19
95.9736
102.501
93.9705
93.6585
98.365
98.9401
93.7205
94.7099
94.6559
95.2735
92.8402
98.2369
93.2522
105.107
125.332
96.8056
108.114
96.8614
102.26
102.048
103.428
93.4791
105.469
105.772
92.9289
102.91
105.312
83.8009
89.8216
92.6374
82.2094
101.089
80.014
149.465
86.4979
95.2099
93.0204
94.4619
92.1718
88.6014
85.9326
94.9349
95.5542
88.2069
94.0618
94.4592
95.2787
96.3643
92.747
170.571
174.051
123.283
87.1051
87.0878
129.813
93.6924
94.8931
94.7052
98.651
97.7107
93.2661
93.1741
104.37
110.771
109.781
109.492
106.807
106.734
104.149
85.0703
95.9111
86.9975
95.3645
85.894
116.483
87.0365
102.075
95.3048
101.861
95.135
95.3133
98.7068
98.0508
39.0579
201.821
130.558
71.446
44.7772
229.638
132.843
102.163
94.5327
106.523
95.7023
100.96
94.5844
117.282
108.449
91.7443
83.8824
93.1968
105.815
90.6846
84.4213
84.9999
63.4422
195.308
77.2177
238.189
350.488
65.9818
93.9761
99.5171
122.66
101.418
91.4482
102.899
112.158
93.854
115.959
92.7611
87.7443
93.3201
96.4601
97.354
109.948
97.1427
97.871
111.337
94.8817
113.897
112.33
128.509
128.235
113.516
102.79
110.762
110.604
128.72
136.508
95.1424
124.383
116.191
92.5076
124.496
137.871
84.0165
95.1362
60.5944
90.3429
61.925
87.1696
86.4574
83.2662
158.245
75.7449
81.7973
114.748
114.798
84.027
110.348
104.422
110.001
120.929
107.738
104.154
104.042
116.239
121.353
110.078
104.844
96.1672
102.389
106.161
112.048
138.173
111.512
106.805
104.529
107.436
106.047
121.69
98.0332
113.551
95.2392
114.43
96.9539
101.704
109.365
102.791
91.8142
83.9317
93.8467
84.0478
119.801
113.271
113.694
107.626
99.2967
93.319
102.535
113.228
77.0753
97.712
86.5363
96.7989
97.7059
94.9862
90.1484
89.03
87.95
81.6862
106.434
96.7089
86.2313
82.7079
120.484
84.4598
114.316
142.916
115.106
130.641
114.94
81.8485
118.283
117.784
87.9809
110.517
90.1478
114.513
130.57
96.8575
97.0439
102.852
118.369
98.8388
102.295
90.0429
100.5
90.63
96.2466
109.546
95.2389
98.0799
66.1845
71.6331
196.79
246.556
239.742
25.5216
136.726
136.103
98.4289
111.94
127.782
106.66
120.814
87.3646
90.0602
100.221
92.1184
96.8252
104.151
107.824
95.3663
125.014
128.987
142.614
110.802
125.442
99.0524
96.6167
109.13
90.2071
100.042
89.9554
113.026
90.344
97.7524
117.561
92.3381
96.0452
112.992
124.202
94.8633
91.2629
109.285
98.0341
99.5561
100.875
117.305
102.531
100.104
108.283
96.7038
106.381
114.411
125.607
93.8228
107.225
93.0008
92.96
102.213
90.2055
94.2691
93.0944
103.155
91.4315
92.6808
108.618
91.3777
89.6525
92.5057
103.169
97.0669
96.4298
118.931
98.6946
100.185
99.6535
100.357
96.0248
101.214
101.805
111.373
103.656
112.937
102.246
127.828
109.311
104.334
104.683
99.03
101.19
116.274
164.096
99.6521
160.333
88.0379
80.8466
132.29
132.291
92.4888
94.5649
93.1629
92.8834
98.1538
92.8198
97.6987
20.5098
99.9332
103.796
58.4791
30.7703
114.134
95.2778
187.853
129.583
73.7061
65.9843
89.4554
187.385
130.074
120.954
112.891
125.621
87.013
119.01
130.754
110.894
125.78
87.66
132.043
118.835
110.612
112.726
145.955
201.342
76.2286
193.923
60.3935
116.03
55.9718
105.069
121.614
113.587
114.176
104.355
118.937
113.407
118.427
105.293
107.838
87.8354
100.641
99.5638
107.419
99.1314
109.613
113.812
123.332
102.451
123.182
118.599
101.833
67.1984
198.371
126.788
85.6518
186.411
129.401
64.4122
119.837
55.1811
96.7476
100.249
88.3285
76.096
91.7923
97.6277
112.786
89.1583
96.886
143.247
102.502
102.201
92.5267
178.229
174.53
127.873
83.3618
139.611
407.223
76.1806
190.823
174.326
63.3214
123.231
183.607
95.4068
108.672
111.529
102.761
97.1188
117.477
116.475
96.9721
117.73
75.3456
118.034
107.628
90.7532
89.293
107.758
163.306
105.544
105.437
101.76
101.352
101.358
103.983
98.5536
109.234
86.3623
170.677
120.894
178.059
130.581
99.6103
125.94
103.652
73.5058
95.8848
165.699
101.357
124.715
123.088
108.499
96.247
124.222
121.782
107.32
105.623
97.2194
95.4873
93.7703
105.009
94.4607
97.0995
112.23
110.128
113.346
79.54
113.834
108.685
110.305
100.151
106.346
109.092
96.1738
100.622
103.082
108.26
153.926
162.469
149.574
97.0265
122.407
114.015
101.63
130.671
92.7022
177.223
142.256
229.291
175.428
119.436
102.905
98.6735
112.34
105.746
96.3407
123.955
115.808
111.238
111.949
110.998
105.711
109.263
106.075
104.102
104.078
111.777
102.228
100.334
99.8717
99.5473
99.6678
143.841
118.759
99.5883
92.1689
108.343
164.405
127.397
126.232
186.374
108.064
104.24
112.934
105.186
127.918
122.773
219.204
208.838
140.161
206.715
172.408
31.0575
117.036
98.8483
97.4592
114.457
98.35
102.807
93.2237
56.1284
86.6393
57.5307
120.567
106.605
134.232
123.473
105.415
113.285
106.432
105.044
115.356
96.7152
96.1972
156.028
113.886
128.124
104.604
109.995
101.143
101.106
102.421
102.289
105.396
99.6167
104.988
102.458
103.088
103.852
101.326
97.9743
152.45
143.163
102.685
112.711
151.95
119.908
93.9359
151.724
94.3821
125.214
140.204
126.078
102.571
114.209
109.187
110.931
109.439
127.174
95.5323
175.272
177.814
114.779
87.5932
85.2959
114.387
138.645
94.2364
140.76
116.869
138.92
93.2992
163.958
98.9299
100.698
100.235
163.539
120.575
171.631
148.798
174.617
103.593
174.148
124.842
88.7531
130.402
91.3045
42.9739
204.045
206.248
45.8787
89.3731
80.5474
163.816
112.027
127.652
126.218
134.153
95.119
104.899
131.326
101.317
114.083
113.701
130.146
156.607
98.2242
128.504
89.0954
108.146
92.3332
91.7058
88.8276
106.568
91.8626
94.3104
67.3532
94.0394
75.2746
144.311
239.864
95.0376
130.014
105.011
192.751
101.273
134.488
104.007
208.123
106.691
96.0461
125.744
130.304
204.972
96.5317
164.545
115.251
142.242
203.593
121.129
95.9193
132.134
98.3779
152.859
107.257
125.867
113.895
130.446
106.535
115.859
108.659
101.804
173.266
183.701
124.857
201.58
165.957
96.6595
81.6241
115.832
169.597
62.1271
148.631
176.619
111.887
115.295
98.1861
114.119
113.256
121.44
100.349
56.7564
344.172
178.215
129.54
112.602
113.478
126.491
111.446
117.67
121.399
121.445
124.638
112.087
106.179
13.4984
96.9608
237.022
68.4161
204.818
97.6828
17.584
128.242
108.382
100.785
147.391
102.153
144.104
126.053
115.88
190.782
136.897
773.316
218.098
183.113
96.8934
95.3046
80.3396
107.073
100.499
95.8965
102.399
82.9929
86.7032
60.1938
58.6832
120.982
117.911
111.564
127.84
115.838
121.803
134.489
95.8363
88.1838
152.986
97.048
115.673
134.261
111.787
107.434
162.756
108.513
79.7376
94.7051
92.0944
93.7936
97.9729
110.736
111.142
97.5653
94.9634
92.0444
89.1158
92.4235
96.339
95.3774
92.1708
94.2557
91.2108
90.8904
111.31
96.7013
96.9834
114.65
95.2315
89.3514
88.9288
93.251
95.9176
130.423
116.435
113.789
135.947
114.341
102.422
101.844
100.723
104.817
84.3824
157.054
140.565
102.535
110.82
123.459
127.385
91.9378
75.0452
90.1669
92.4174
92.07
82.4983
90.4471
135.708
108.477
161.476
116.69
96.2351
94.2894
117.44
174.461
112.808
155.108
132.083
112.784
172.179
102.49
99.3103
155.776
108.426
131.824
160.225
97.0489
101.697
155.474
134.548
173.624
122.506
142.753
121.806
204.275
106.153
112.787
143.012
189.807
98.0121
163.653
201.971
203.102
92.3822
172.768
124.799
82.4087
86.0221
110.28
109.173
103.388
105.61
108.856
93.1527
106.214
93.4106
104.238
98.601
101.794
111.661
96.501
100.17
114.793
110.518
124.232
102.429
115.201
119.45
123.553
101.424
77.917
105.061
274.099
113.968
331.171
107.042
93.548
84.7095
109.719
101.595
92.4612
104.084
91.9927
106.724
118.562
184.036
194.021
134.36
66.8333
45.9659
129.149
204.834
441.142
763.272
125.746
158.338
144.85
86.8497
100.944
83.9778
108.9
98.7807
68.8604
69.3667
80.6056
84.8807
120.904
319.812
156.819
313.769
178.624
127.179
84.2264
80.1683
120.743
125.399
108.749
82.4617
102.793
74.7513
71.3348
71.3221
140.731
157.931
96.476
102.741
75.1973
116.526
87.982
131.887
126.441
166.539
110.684
82.809
135.04
89.9036
87.573
87.0011
125.02
88.1653
83.1723
100.774
84.8464
83.3007
62.2428
170.306
69.5416
88.7671
112.081
86.9315
90.8758
120.357
88.8174
86.1017
103.177
91.8357
89.6069
62.712
231.503
116.332
93.1935
56.0951
75.8705
76.4356
142.027
173.835
91.884
93.2563
182.218
84.3359
136.759
119.365
109.707
124.454
126.87
100.989
87.5165
87.03
91.2052
87.8014
93.1263
84.0175
122.512
102.435
104.481
97.5493
104.181
118.449
97.0845
126.801
102.908
85.0017
466.05
138.625
159.008
115.91
90.9003
98.5436
103.058
100.446
90.7267
98.3232
100.737
106.514
107.333
97.503
98.1264
96.5594
96.8451
116.803
130.488
95.8732
107.836
168.743
138.167
96.5815
108.918
190.326
-2.87495
213.666
207.179
196.255
128.6
163.071
131.307
89.1176
130.437
87.5674
86.8606
100.915
111.583
-3.39433
213.325
212.961
201.379
198.19
151.559
121.298
88.8443
133.437
130.844
86.0863
86.2953
101.985
102.483
169.312
130.794
161.276
100.186
91.4067
122.339
128.118
220.93
119.438
129.27
135.585
109.061
66.1363
111.446
123.773
89.5822
262.03
152.865
115.945
121.253
99.3218
111.793
91.4168
108.439
100.458
111.271
101.717
101.045
99.8167
94.8266
88.9178
99.4559
98.6608
100.679
91.1719
171.674
123
158.677
78.9814
130.243
106.29
128.27
182.236
77.0842
156.837
59.2792
89.5318
74.2546
94.7827
77.166
108.29
132.162
91.2532
101.399
133.018
89.8431
163.414
151.239
112.031
148.032
133.793
121.125
131.934
172.68
218.273
166.451
117.922
115.826
230.478
132.475
114.165
124.556
132.348
112.5
109.804
107.786
115.874
111.638
102.793
109.518
106.339
96.9172
102.05
107.787
211.904
208.059
125.543
60.6664
132.292
662.261
340.087
317.385
85.9571
121.516
56.7272
283.641
227.56
103.517
178.809
93.7694
113.239
57.1496
130.765
90.4934
108.376
99.1435
80.8384
101.494
144.267
93.9774
132.469
90.1901
108.748
103.934
123.306
164.227
116.215
123.853
173.264
66.5812
61.6017
59.9173
173.96
57.6658
72.8292
175.54
93.0079
115.085
140.011
152.192
107.356
102.353
110.915
188.19
171.273
117.537
103.919
124.664
133.639
182.73
206.684
116.259
80.4764
93.7716
92.2969
259.59
146.235
118.31
237.56
152.369
518.823
127.022
155.961
99.9746
44.9113
95.0498
44.1946
400.374
133.244
214.812
174.64
103.141
109.495
271.843
298.738
159.113
269.174
9.48006
136.841
109.101
136.8
116.216
117.538
120.516
123.194
86.2129
250.189
174.255
87.8065
90.983
119.897
303.436
218.752
33.3214
304.829
210.595
318.071
195.331
120.777
103.527
91.0103
99.1932
158.315
113.945
91.4442
110.146
103.963
167.773
183.25
118.586
134.048
145.329
148.689
102.99
111.958
113.395
84.9524
87.99
90.897
83.2842
105.775
98.2697
139.825
103.31
83.8109
82.6604
102.567
103.134
104.894
98.0917
103.685
107.177
147.779
97.3092
100.961
94.985
105.648
145.094
101.533
103.572
135.828
101.569
90.9437
99.4929
84.8274
85.8953
103.081
102.236
128.138
72.8497
105.86
173.206
131.231
138.573
84.5238
132.421
105.185
121.651
122.339
136.868
109.789
115.83
94.4227
118.046
98.7556
107.616
106.967
97.3511
117.264
858.029
64.9145
98.0735
223.479
229.182
97.2636
116.772
70.401
99.9162
99.6726
155.436
167.03
103.121
103.978
92.0031
103.119
105.43
83.7096
82.6602
102.897
103.499
106.232
109.779
108.381
111.946
105.832
109.703
107.603
103.681
102.985
106.807
104.214
102.756
102.048
106.666
121.163
121.977
104.662
119.886
114.541
120.38
100.67
105.659
97.3806
124.237
201.94
114.957
85.8244
81.3004
101.514
92.6084
96.1602
89.7222
104.506
91.2203
94.6468
112.609
100.843
101.01
98.236
107.046
103.111
101.174
104.804
95.0863
97.9483
107.102
104.088
99.0775
94.5136
67.5047
137.669
100.921
90.0613
69.1804
133.799
99.3719
102.772
130.496
116.896
97.1592
93.728
124.942
91.4154
69.1045
76.9359
96.7233
20.1273
70.5802
59.2323
87.566
111.1
99.137
131.101
118.779
103.272
135.335
130.822
127.139
114.748
140.979
103.867
122.87
108.937
123.646
115.085
110.537
96.7416
129.139
96.8155
134.052
94.5552
82.3755
74.3419
84.0612
194.409
58.0011
185.997
54.2706
111.714
51.5857
110.78
162.966
34.7638
127.789
33.716
635.703
243.49
202.346
117.262
238.702
209.355
130.692
550.842
158.646
200.308
204.236
-23.2092
392.623
494.099
128.871
78.2104
73.8924
357.696
-50.3081
329.998
2.73988
189.697
475.039
171.755
38.4875
73.1128
49.0736
168.892
124.918
95.9321
90.6729
102.036
139.852
64.6007
95.0387
348.735
89.0536
68.2333
126.956
79.8122
76.402
2028.55
77.205
99.1448
103.198
108.734
70.8626
76.4001
83.3832
273.511
67.4537
30.134
15.0458
203.4
1611.77
146.847
179.953
142.975
327.445
151.822
64.6646
104.7
122.955
110.247
86.2441
104.413
89.8171
96.2487
91.3533
92.0059
33.0165
976.181
124.642
209.434
355.502
198.416
388.869
137.883
98.4469
81.3531
311.58
83.8847
126.706
152.538
83.4869
107.01
107.06
110.038
109.478
133.057
112.009
125.108
72.1697
82.0035
88.0822
85.5809
117.256
116.342
98.7879
159.312
91.4753
100.336
156.642
107.943
80.802
84.5932
61.5927
96.9094
96.2016
154.183
102.137
96.4029
104.137
98.0042
94.5918
157.068
167.544
130.108
194.111
70.9079
442.037
190.743
182.62
166.314
87.2622
90.3424
138.331
139.006
121.709
87.353
147.36
143.164
93.5966
133.309
48.454
49.9484
131.314
142.55
194.795
198.304
109.772
145.097
155.301
77.7886
93.6326
97.6788
101.952
107.092
180.829
154.204
155.283
147.376
94.5262
98.5955
224.726
196.935
167.719
98.3027
90.8033
131.261
79.1976
121.194
134.937
135.292
85.7309
128.515
86.8128
136.446
118.21
95.5775
189.426
117.153
80.2824
73.0387
107.794
85.1378
116.919
115.684
89.0835
93.9483
118.59
89.7844
117.899
83.8954
86.2719
83.2666
84.0492
96.6323
101.263
106.516
101.247
107.501
92.8289
98.554
98.4513
93.6732
134.685
101.739
103.487
108.302
98.0077
98.6363
105.625
96.5593
125.24
154.646
202.365
150.928
98.2267
91.987
88.6541
191.834
94.6967
104.415
130.553
129.642
102.763
335.945
233.668
196.899
78.3444
146.132
200.528
364.933
113.285
103.879
102.396
102.651
111.939
102.547
102.891
190.387
95.3495
151.598
123.772
94.2301
168.923
110.023
80.9155
165.627
270.812
127.251
170.118
91.5968
185.81
159.493
119.331
109.874
93.8022
144.796
132.243
103.771
113.401
89.4026
116.028
95.5224
126.267
86.9671
160.929
92.5095
93.347
102.384
93.5124
92.432
95.6444
99.3264
94.9441
98.7861
103.425
91.9679
95.0178
98.0372
102.97
443.046
107.122
28.4917
10.888
21.3289
244.473
110.461
105.055
100.867
110.409
104.526
176.868
105.485
112.901
17.8456
17.8269
1.02987
77.7413
11.2485
-0.944871
20.3626
106.909
102.673
102.426
113.45
105.211
105.728
103.384
104.182
96.4732
94.404
103.877
103.797
98.1628
96.8201
124.858
559.575
195.572
86.7025
84.048
72.3344
79.3984
124.016
91.3087
164.655
147.334
118.95
121.076
103.83
113.3
73.5414
146.218
130.195
252.952
136.88
225.455
293.669
269.078
304.007
182.722
-244.23
-250.799
182.342
310.053
231.248
300.822
186.533
-14.3522
-228.995
190.172
114.885
114.249
26.8143
82.3697
126.232
89.5136
111.695
160.647
66.1093
53.2371
177.796
103.051
138.31
181.299
43.7626
129.488
196.682
362.84
152.481
362.257
521.291
58.8911
98.0805
56.9773
96.6116
131.241
90.7438
115.111
78.0004
139.563
167.453
120.496
73.0936
170.867
67.0324
64.445
118.908
107.422
104.558
110.617
122.905
101.222
180.837
114.925
42.7095
90.6082
164.749
86.6649
80.445
199.597
95.8884
130.76
85.98
173.067
245.361
297.819
81.171
115.931
133.243
146.976
135.381
247.263
147.688
213.076
82.0799
197.902
290.247
9.80496
17.0151
253.404
157.194
96.9001
115.856
123.942
129.543
185.527
157.186
110.153
104.371
103.012
43.8907
41.7798
91.2943
85.5445
95.4481
82.1019
80.2688
302.693
159.038
96.6597
80.8224
99.3983
117.522
103.503
135.614
108.249
149.097
153.195
175.025
-20.9629
77.268
109.963
162.472
159.911
231.364
153.575
93.4457
160.281
130.211
123.436
74.465
125.562
-74.5446
177.281
88.2779
113.946
200.343
115.309
305.621
-20.9763
149.261
220.723
680.841
207.75
974.477
60.6895
141.281
181.648
173.266
65.8857
146.032
140.393
64.0689
84.4145
142.393
119.982
328.551
321.036
138.165
121.432
55.1757
137.348
80.0952
134.088
215.283
276.927
197.119
86.8118
91.5361
88.8062
93.7069
85.4036
91.2116
81.0304
72.3689
143.568
84.4723
75.4012
93.4816
100.144
90.5346
107.549
101.98
234.431
132.333
92.9605
58.39
102.735
135.616
129.726
119.578
112.476
216.847
251.6
132.959
116.042
106.954
110.18
112.679
117.416
110.472
107.216
86.1015
109.661
81.723
109.956
130.593
280.187
157.097
127.183
131.95
119.375
195.481
94.3619
117.435
130.646
73.3297
202.868
178.016
91.9653
76.2138
71.6193
88.8383
179.68
98.1205
155.299
144.158
186.662
117.709
100.344
111.436
188.747
200.951
126.355
142.75
121.131
134.879
129.057
220.454
194.423
270.379
242.968
26.844
25.8903
82.3299
161.886
120.591
209.224
164.06
113.768
290.635
89.1065
121.109
120.719
102.105
109.006
100.317
117.139
80.8963
166.438
132.74
111.957
117.987
214.289
170.13
154.681
101.511
103.965
126.913
147.126
131.791
189.301
117.986
213.042
186.065
79.874
104.2
83.3082
107.198
104.977
129.917
128.184
121.593
127.788
120.766
104.115
115.53
35.8255
121.338
52.3148
158.694
98.4416
172.606
53.7698
127.977
234.579
65.4558
116.121
133.801
120.253
156.977
124.259
116.004
90.834
146.168
97.2023
107.785
104.445
123.512
106.324
143.696
102.341
117.414
138.88
138.946
96.2915
86.8179
105.271
77.062
102.02
99.581
163.231
84.011
68.8284
65.429
208.974
182.531
89.0883
104.638
105.779
109.255
96.0145
92.0651
98.389
96.6092
89.1452
84.2471
243.329
63.0409
136.486
162.989
70.8639
286.568
255.598
221.352
147.635
106.89
123.855
108.703
110.046
51.4928
101.839
84.692
55.4638
47.2967
111.871
)
;

boundaryField
{
    inlet
    {
        type            fixedFluxPressure;
        gradient        nonuniform List<scalar> 
150
(
-2423.72
-716.882
-426.243
14499.4
-17318.1
-2603.91
-9227.36
-8955.22
-37.892
-2544.77
-11022.1
-128362
1691.61
-22731.3
0
-1760.78
-7985.57
-1246.3
-19.4996
1940.7
-35.4594
-8667.77
-28512.9
-127413
19067.1
18.7052
-1085.32
1068.19
-1797.46
-874.233
0
-10.1573
-49325.5
-1097.5
-9.92592e-05
-143206
0
-5123.95
-58.57
-1108.31
-1716.64
-6291.71
11201.9
-124.224
-2450.04
-4427.15
-6124.18
-43.0478
-73193.6
-284.646
-58448.6
-1820.38
-3862.45
-1490.98
-2748.59
-150.384
33.9906
-25668.9
-38.5442
-280.043
-155102
-82203.3
-6178.02
424.545
-109412
-41816.1
5480.96
0
-10938.3
-4393.66
-585.986
-1015.69
-405868
0
2713.82
-175247
-1750.82
-4253.52
5291.54
-63.6078
-15662.5
-118.707
-695.379
-2801.13
-18.3756
51.9494
1.26322
-70015.5
41.1208
-1186.16
-27092.1
208.241
-1401.32
-3858.26
-23987.1
-75908.6
452.046
-91.971
-9908.32
-2651.69
-2303.12
0
-4658.77
-129310
49660.5
-18376.6
-1.28471e+06
-5.41199e-06
1022.29
-10110.1
-1151
-20399.4
-7171.27
0
-8568.01
-5311.77
0.000169306
-6532.67
20942.3
7304.36
5330.97
-241.57
-2114.79
-197458
-268.245
-178327
-72669.3
4.44769e-07
-4769.52
-423.82
77.5565
-28249.3
220.072
-72.3185
4916.9
3249.36
7.57331
-523.751
-93.2612
13.3044
-5723.98
-406.083
-869.525
-8441.25
0
-169563
164.361
-98.2585
-484.49
2065.2
)
;
        value           nonuniform List<scalar> 
150
(
87.1748
97.7757
102.202
104.175
93.6872
109.307
96.8949
95.1714
96.3552
89.607
87.8263
36.0812
102.092
67.6212
110.534
115.549
105.453
100.734
95.6907
98.695
90.8977
93.9571
81.2644
6.80624
95.0751
110.899
100.717
105.608
93.2497
92.693
68.9462
82.648
79.2217
39.8577
80.7511
32.4632
94.0161
109.12
112.177
112.263
110.785
104.316
109.825
79.4347
84.2531
96.7903
96.3042
99.0972
48.028
112.025
89.0199
95.1393
90.6542
76.8922
70.0711
132.768
130.575
80.7562
86.212
87.81
37.5354
73.8212
81.3695
82.0608
59.785
89.6037
108.335
98.8388
91.387
94.0492
94.9458
99.4842
43.5695
136.726
72.9905
29.6585
99.2282
95.9065
99.3506
107.194
106.578
90.0868
92.3988
90.1579
91.3593
92.5577
92.6821
83.9138
100.378
95.8364
87.6619
102.35
102.955
127.654
118.076
51.4856
87.2391
110.848
107.936
109.286
111.574
87.66
83.3214
64.7196
151.625
83.3347
-235.392
83.3618
117.989
111.418
110.954
97.4259
104.171
75.3456
104.948
127.924
120.894
92.2197
107.575
100.872
84.8727
108.444
108.013
78.4685
119.302
41.4714
62.4366
80.6056
81.5921
112.076
107.863
96.2973
106.56
101.978
107.712
115.196
109.711
109.255
104.12
102.061
97.2591
102.245
101.677
95.4349
21.3289
25.6447
107.204
123.387
125.32
94.4787
)
;
    }
    outlet
    {
        type            fixedValue;
        value           uniform 0;
    }
    lowerWall
    {
        type            fixedFluxPressure;
        gradient        uniform 0;
        value           nonuniform List<scalar> 
1082
(
89.5994
98.4928
102.628
96.9238
111.011
111.912
106.125
104.13
96.431
94.6982
90.6599
99.8125
91.943
77.1432
201.835
116.377
81.0334
123.264
95.7259
91.7531
89.026
101.09
201.852
113.553
104.285
105.148
57.9456
116.557
93.5298
89.3873
116.868
85.4908
89.6958
92.1741
120.072
90.8166
89.7868
96.5359
92.0512
98.652
101.387
85.5658
88.3395
90.0397
96.5755
94.9075
97.7442
98.1195
113.68
104.127
94.2269
76.8607
92.9686
96.1398
93.0178
94.1569
96.2044
96.2925
96.1869
65.8203
88.4835
88.7072
91.6129
92.6491
92.4623
93.4233
94.5152
93.6144
89.3048
85.3027
85.6556
86.2171
87.0569
87.8292
88.1184
88.6178
88.8126
86.9294
85.264
84.9236
83.5936
83.9607
84.4323
84.4847
84.6791
84.8098
84.6927
84.3068
83.4807
83.2788
81.4092
81.644
81.925
82.0873
82.2027
82.2543
82.1185
81.8231
81.4074
81.2661
79.1859
79.3348
79.515
79.6202
79.6929
79.7076
79.6234
79.4335
79.2117
79.1235
76.924
77.0149
77.1157
77.2156
77.2446
77.2484
77.1929
77.0741
76.9566
76.8896
74.6449
74.7224
74.7704
74.8235
74.8561
74.8585
74.8359
74.7625
74.6852
74.624
72.3831
72.428
72.4653
72.4918
72.5086
72.5125
72.5008
72.4545
72.406
72.3798
70.1228
70.1433
70.1727
70.1963
70.216
70.2246
70.2052
70.1556
70.14
70.124
67.8812
67.8969
67.9024
67.9227
67.9386
67.9465
67.935
67.9204
67.9034
67.8821
65.6467
65.6529
65.6765
65.6856
65.7025
65.7109
65.7024
65.6826
65.6566
65.6471
63.4428
63.4626
63.4867
63.4853
63.4809
63.4832
63.4853
63.4677
63.4498
63.442
61.2553
61.2807
61.3045
61.284
61.2659
61.2612
61.2605
61.2701
61.262
61.2561
59.0938
59.0998
59.1029
59.1076
59.1098
59.1
59.0851
59.0782
59.085
59.0889
56.9388
56.9439
56.9496
56.9602
56.9647
56.9645
56.9398
56.9336
56.9266
56.9272
54.8012
54.8046
54.8079
54.81
54.8104
54.8056
54.8018
54.7975
54.7909
54.792
52.6929
52.6853
52.6749
52.6831
52.6894
52.6889
52.6855
52.684
52.6887
52.6915
50.5771
50.5768
50.572
50.5749
50.5792
50.5892
50.5963
50.5976
50.5937
50.5822
48.486
48.4724
48.4767
48.4881
48.497
48.5034
48.5079
48.5068
48.5133
48.4986
46.4131
46.3918
46.3886
46.4013
46.4144
46.4298
46.4265
46.4322
46.4323
46.4276
44.342
44.3289
44.3195
44.3191
44.3289
44.3396
44.3453
44.3476
44.3448
44.3453
42.2696
42.2712
42.2768
42.2829
42.2787
42.2726
42.2695
42.2682
42.2662
42.2684
40.2155
40.2257
40.232
40.229
40.2162
40.2097
40.2107
40.2237
40.2161
40.2151
38.1879
38.1914
38.1924
38.1831
38.1755
38.169
38.1774
38.1851
38.183
38.1848
36.1563
36.1703
36.175
36.1758
36.1701
36.1642
36.158
36.1548
36.1427
36.146
34.1486
34.1609
34.1604
34.156
34.1479
34.142
34.1286
34.126
34.1268
34.1332
32.1688
32.1643
32.1449
32.1397
32.1372
32.1289
32.1217
32.1264
32.145
32.1607
30.179
30.1736
30.1598
30.1548
30.1532
30.1553
30.1604
30.1683
30.1728
30.1803
28.1836
28.1858
28.1964
28.2029
28.2028
28.2079
28.2091
28.208
28.2003
28.1894
26.2197
26.2255
26.2404
26.257
26.2658
26.2679
26.2617
26.2509
26.2398
26.227
24.3079
24.3039
24.3019
24.3087
24.3183
24.329
24.334
24.3338
24.3283
24.3175
22.43
22.4151
22.405
22.4007
22.4059
22.4154
22.4297
22.4412
22.4442
22.4399
20.5616
20.5437
20.5403
20.5404
20.544
20.5471
20.5491
20.5551
20.559
20.5622
18.6863
18.6854
18.6873
18.6933
18.7007
18.7016
18.6937
18.6886
18.687
18.6858
16.8389
16.8449
16.853
16.8557
16.855
16.8494
16.8418
16.8377
16.8363
16.8374
15.0356
15.0401
15.0349
15.0225
15.0107
14.9969
14.9874
15.0006
15.0085
15.0255
13.2347
13.2416
13.2251
13.2075
13.1871
13.1733
13.1683
13.1819
13.1976
13.2154
11.4039
11.424
11.424
11.4113
11.3999
11.3907
11.3877
11.3926
11.3933
11.3954
9.60276
9.61062
9.62038
9.62639
9.62299
9.61817
9.61358
9.61245
9.60887
9.60157
7.84811
7.83815
7.83606
7.83802
7.83919
7.84348
7.84512
7.84743
7.84836
7.85123
6.09495
6.08247
6.07903
6.07819
6.08562
6.10159
6.10786
6.1065
6.09888
6.10029
4.33599
4.33321
4.33546
4.34236
4.35618
4.38081
4.38048
4.36928
4.3576
4.34646
2.59793
2.59681
2.60231
2.60809
2.61584
2.62578
2.63086
2.62914
2.6162
2.60339
0.868815
0.868257
0.868367
0.864257
0.861942
0.864785
0.873843
0.877722
0.878312
0.869402
92.9456
90.4684
89.129
94.748
92.2865
90.1523
95.7265
93.5124
93.1187
91.0064
92.0353
93.136
93.7399
93.1531
92.3929
95.8252
94.509
93.5524
96.3275
94.9182
94.746
98.1554
93.0894
94.8132
76.2998
84.3571
91.2013
91.0096
87.8566
81.5669
104.444
96.5361
98.548
93.9581
93.9786
100.4
96.3545
104.844
91.4014
87.552
89.3255
80.9264
91.9366
93.2745
91.9069
97.7567
97.0798
94.6129
97.0384
96.9817
97.7919
112.047
112.603
98.4365
115.013
105.64
110.694
105.823
91.6537
77.3156
94.6327
93.0398
92.2644
126.529
97.2832
92.95
100.202
94.1892
93.6525
92.3471
92.417
93.5914
92.213
92.2543
92.1355
94.7577
94.154
93.7278
96.3713
95.7002
95.5791
98.8064
96.2105
95.7786
93.9693
92.2019
94.1476
93.6137
85.2774
74.3479
89.2001
87.7198
87.013
90.7997
88.5122
87.9624
92.7633
89.4409
89.0686
92.399
89.3199
89.2207
93.0785
89.5968
89.2042
94.2614
90.2026
89.7606
94.4333
89.9113
90.4798
90.7233
88.7626
89.8376
85.1625
85.2796
87.3354
87.1603
86.1613
85.1601
93.163
93.2423
94.7143
90.3692
92.0343
91.579
91.3985
92.1313
89.9085
93.306
93.8253
95.9033
92.0641
93.3514
93.3027
91.3398
94.2108
91.2746
94.3615
96.9368
96.0761
94.3904
94.6786
93.9671
93.757
94.0437
93.5281
91.2701
91.8784
106.579
92.0096
91.6129
91.8816
93.0448
91.6404
92.4371
93.6709
93.1448
94.0591
92.9096
92.944
93.3603
92.2452
92.479
92.4912
95.0957
94.9714
95.2063
94.199
94.7763
94.8956
93.6817
94.0432
93.7949
95.7578
95.7459
96.3533
95.0181
95.3976
95.3604
95.1093
95.2015
94.7988
93.9807
96.9448
82.5546
93.813
95.8327
94.1829
95.3297
95.1972
94.582
82.7924
80.8114
88.1896
83.3749
81.4098
84.3709
92.3766
89.8865
89.3826
88.5695
86.1289
87.8287
86.0495
87.3468
89.9715
77.907
88.0038
85.5846
92.3232
91.0728
91.1639
92.5172
92.2621
92.0717
93.6754
93.305
93.1276
94.5308
93.3694
93.5418
99.559
92.7216
95.1906
91.6205
91.2695
92.0177
92.8514
92.669
92.8731
93.525
93.5478
94.0115
92.2878
92.914
94.5419
93.3644
91.4127
91.656
90.882
91.4208
92.8935
89.7761
90.8963
92.0102
92.188
90.6683
90.4545
95.8131
95.502
101.759
246.396
38.2072
84.0767
113.68
84.5247
81.4635
108.192
121.861
96.989
110.009
107.351
106.604
94.8157
94.6878
88.9244
92.8538
94.7143
117.885
162.563
77.8138
87.6513
107.059
109.283
116.481
97.7207
79.1385
87.1697
88.763
87.2395
87.1789
88.4166
87.0272
86.8984
90.8664
90.9937
89.9174
89.4534
90.4605
90.6435
98.0136
93.6161
95.982
88.0018
87.7347
88.69
90.0651
91.1093
91.1843
89.8625
89.6137
90.6377
89.928
90.1468
89.3069
121.533
143.43
115.147
98.3285
84.4378
78.8029
100.759
109.413
127.883
-120.004
312.484
139.637
70.6861
151.768
137.214
69.8422
245.694
159.619
81.8018
144.61
90.3614
101.595
86.8892
132.287
57.1476
88.7892
20.3699
88.0021
86.7663
86.7148
88.5062
86.9666
87.2174
89.1055
89.7128
89.961
91.4017
91.1696
90.2572
145.75
113.177
85.2907
117.948
108.873
108.437
127.843
186.872
143.103
85.4296
102.656
91.7711
99.523
98.4561
107.875
110.609
106.842
90.2139
89.885
107.113
123.092
116.447
186.404
182.559
132.545
184.435
61.4161
130.492
101.341
93.6015
91.8126
99.5154
95.9388
100.848
124.028
113.026
100.216
76.0879
188.584
92.1514
99.1361
94.7822
123.318
102.078
102.763
118.252
70.0301
56.751
30.0429
85.8096
155.061
94.6609
100.082
96.9666
110.012
102.103
88.1286
95.8437
89.9082
115.76
90.1978
91.0238
90.733
89.8016
89.8239
89.179
116.056
114.716
134.067
106.749
99.1235
92.2374
83.7244
89.6117
94.8997
73.8243
118.278
93.3853
93.9705
98.9401
101.19
94.9349
96.3643
94.4592
87.1051
129.813
170.571
98.651
93.1741
94.8931
87.7443
97.354
93.854
97.1427
112.33
109.948
113.516
128.72
128.235
124.383
137.871
95.1424
110.348
104.042
120.929
98.0332
113.551
121.69
113.271
113.228
99.2967
87.95
81.6862
89.03
100.5
90.63
90.0429
100.221
95.3663
104.151
125.442
96.6167
125.014
90.2071
100.042
109.13
92.96
102.213
93.0008
127.828
116.274
104.683
125.78
145.955
110.612
118.937
118.427
121.614
126.788
64.4122
198.371
108.672
96.9721
117.477
162.469
101.63
122.407
152.45
112.711
101.326
114.083
128.504
130.146
108.146
92.3332
89.0954
67.3532
94.0394
94.3104
117.911
127.84
60.1938
92.0444
92.1708
96.339
110.736
97.5653
92.0944
135.708
117.44
96.2351
102.535
127.385
157.054
75.0452
90.1669
91.9378
82.4087
110.28
203.102
319.812
127.179
156.819
75.8705
93.2563
142.027
131.307
111.583
87.5674
207.179
163.071
190.326
169.312
128.118
100.186
132.162
89.8431
108.29
112.031
131.934
151.239
66.5812
175.54
57.6658
116.215
173.264
108.748
109.779
108.381
106.232
102.985
106.807
103.681
131.101
130.822
99.137
127.139
123.646
122.87
145.097
101.952
77.7886
103.879
102.396
113.285
196.899
364.933
233.668
88.6541
102.763
130.553
293.669
182.342
-244.23
55.1757
197.119
134.088
)
;
    }
    upperWall
    {
        type            fixedFluxPressure;
        gradient        uniform 0;
        value           nonuniform List<scalar> 
899
(
90.9687
101.219
96.9603
40.9556
79.54
110.861
102.888
103.471
96.8458
94.442
90.9633
83.5701
90.3148
121.129
81.5373
97.1592
57.1496
113.45
95.0361
91.8534
91.9679
92.8681
83.2472
107.569
108.018
94.0087
20.1273
103.877
93.6887
91.9877
100.446
90.0613
91.5371
96.7628
88.9363
89.1321
94.4148
97.5256
96.1738
100.641
100.392
97.7677
87.3581
95.1007
95.2035
92.2969
98.802
94.1338
105.032
113.071
94.1283
105.569
92.9188
98.253
93.4446
93.8984
96.098
96.3243
95.5916
79.0131
88.4833
88.7004
91.5644
92.6515
92.4581
93.4277
94.4983
93.6258
89.3041
85.3043
85.656
86.2167
87.0579
87.8307
88.1182
88.6175
88.811
86.9297
85.2642
84.924
83.5935
83.9606
84.4332
84.4846
84.6786
84.8093
84.6927
84.307
83.4811
83.2786
81.4091
81.6439
81.9249
82.0866
82.2031
82.2544
82.1184
81.823
81.4073
81.266
79.1861
79.3347
79.5149
79.6201
79.6929
79.7073
79.6233
79.4334
79.2117
79.1235
76.9242
77.0148
77.1156
77.2155
77.2446
77.2482
77.1927
77.0739
76.9565
76.8895
74.6445
74.7223
74.7702
74.8233
74.8555
74.8585
74.8358
74.7624
74.6851
74.6238
72.3833
72.4279
72.4652
72.4917
72.5085
72.5124
72.5007
72.4544
72.4059
72.3802
70.1227
70.1432
70.1726
70.1962
70.216
70.2244
70.2051
70.1555
70.1399
70.1239
67.8804
67.8964
67.9023
67.9227
67.9386
67.9463
67.9349
67.9203
67.9038
67.8826
65.6467
65.6528
65.6764
65.6855
65.7024
65.7108
65.7023
65.6831
65.6573
65.647
63.4428
63.4627
63.4861
63.485
63.4808
63.4833
63.485
63.4672
63.4489
63.4417
61.2554
61.2802
61.3048
61.2839
61.2657
61.2609
61.2604
61.2702
61.2621
61.2562
59.0934
59.0995
59.1027
59.1074
59.1098
59.0996
59.0851
59.0781
59.0851
59.0887
56.9384
56.9441
56.9493
56.9603
56.9648
56.9645
56.9399
56.9335
56.9265
56.927
54.8012
54.8046
54.8078
54.8099
54.8103
54.8054
54.8017
54.7975
54.7908
54.7918
52.6928
52.685
52.6747
52.683
52.6892
52.6885
52.6854
52.6841
52.6887
52.6915
50.5768
50.5761
50.5717
50.5751
50.5793
50.5893
50.5962
50.5975
50.5936
50.5821
48.486
48.4726
48.4768
48.4874
48.4965
48.5036
48.5074
48.5066
48.5131
48.4985
46.4131
46.3919
46.3884
46.4009
46.4145
46.4299
46.4264
46.4323
46.4322
46.4274
44.3417
44.3288
44.3195
44.3193
44.3291
44.3394
44.3451
44.3479
44.3446
44.3449
42.2695
42.2711
42.2767
42.2829
42.2786
42.2725
42.2697
42.268
42.2661
42.2684
40.2151
40.2258
40.232
40.2291
40.2159
40.2097
40.211
40.2235
40.2166
40.2149
38.1873
38.1914
38.1924
38.1828
38.1754
38.1696
38.1774
38.1851
38.1832
38.1848
36.1563
36.1709
36.1746
36.1755
36.1702
36.1644
36.1579
36.1546
36.1427
36.1457
34.1486
34.161
34.16
34.1559
34.1479
34.1414
34.1282
34.1256
34.1266
34.1331
32.1688
32.1641
32.1451
32.1396
32.1365
32.1286
32.1216
32.1264
32.1454
32.1613
30.1786
30.1731
30.16
30.1547
30.1531
30.1552
30.1603
30.1682
30.1727
30.1801
28.1835
28.1857
28.1963
28.203
28.2028
28.2081
28.2088
28.2079
28.2
28.1892
26.2196
26.2254
26.2404
26.2568
26.2657
26.2678
26.2615
26.2508
26.24
26.2273
24.3077
24.3038
24.3015
24.3085
24.3187
24.329
24.334
24.3338
24.3284
24.3175
22.4299
22.4155
22.405
22.4008
22.4058
22.4153
22.4296
22.4408
22.4439
22.4398
20.5616
20.5435
20.5402
20.5404
20.544
20.547
20.549
20.555
20.5588
20.5621
18.6861
18.6851
18.6872
18.6932
18.7013
18.7017
18.6938
18.6886
18.6869
18.6857
16.8387
16.845
16.8533
16.8557
16.8548
16.8492
16.8417
16.8375
16.8364
16.8373
15.0356
15.0403
15.0351
15.0223
15.0099
14.9961
14.9871
15.0006
15.0085
15.0254
13.2349
13.2414
13.2245
13.2072
13.1872
13.1733
13.1683
13.1819
13.1975
13.2154
11.4041
11.4229
11.4236
11.4116
11.3999
11.3907
11.3876
11.3926
11.393
11.3952
9.60281
9.61072
9.62033
9.62643
9.62292
9.61784
9.61332
9.61225
9.60873
9.60151
7.84806
7.83814
7.83582
7.83793
7.83911
7.84339
7.84504
7.84735
7.84836
7.8512
6.09472
6.08226
6.07878
6.07799
6.08572
6.10157
6.1082
6.10645
6.09872
6.1
4.33591
4.33312
4.33553
4.34223
4.35605
4.38083
4.38031
4.36922
4.35751
4.34629
2.59781
2.59678
2.60225
2.60795
2.61568
2.62504
2.63086
2.62919
2.61628
2.60346
0.868853
0.868025
0.868072
0.863771
0.861904
0.864726
0.873894
0.87778
0.878227
0.869324
89.135
90.5044
94.4974
90.0875
92.2585
93.2723
93.145
93.5101
92.9413
93.1647
92.0012
91.2334
92.3976
93.1889
95.1194
93.5663
94.5024
95.7245
94.5167
94.915
96.1799
94.813
93.0001
96.6873
91.1987
84.3196
70.4609
81.5312
87.8583
90.9935
97.3232
94.6121
103.486
96.3112
93.8274
96.1041
91.8938
32.9652
95.4325
126.03
92.3132
88.7032
93.6804
94.4484
101.007
95.4385
97.0752
97.3219
96.7349
98.6114
96.3685
98.2352
98.9953
99.041
99.9275
78.6562
108.675
56.762
92.7594
124.543
92.2163
93.0661
94.609
97.1948
96.5688
95.937
93.6537
94.1966
92.8184
94.6748
91.7619
93.1024
92.2977
92.5179
93.5232
93.7069
94.1344
97.0972
95.5708
95.7053
96.129
95.878
95.5594
96.8693
94.165
92.1719
94.4427
74.5775
86.0673
90.7156
87.0126
87.7193
89.2007
87.9606
88.5134
90.7896
89.0684
89.4407
92.7451
89.2212
89.3195
92.4019
89.2027
89.5953
93.0727
89.7613
90.2022
94.2743
90.479
89.9119
94.4341
89.8378
88.761
90.7306
87.335
85.2802
85.1636
85.1597
86.1616
87.1593
89.9101
92.0723
91.3922
91.5146
91.9572
90.4105
94.7054
93.2449
93.433
91.3156
93.7971
91.9829
93.2954
93.4252
92.0265
94.0922
94.2188
93.3351
93.4668
93.9763
93.7296
93.9511
95.1152
94.3778
96.1609
95.1351
93.9706
92.4311
92.0224
93.1803
91.8666
91.2639
92.0267
88.8072
91.0083
91.3494
92.4869
92.4709
92.2517
93.3533
92.9424
92.98
94.5591
93.3479
93.9433
93.8066
93.9293
93.6791
94.8966
94.5047
94.1324
98.6654
94.9761
95.2238
94.8194
95.2775
95.0488
95.3527
95.4157
95.0023
96.2225
95.7653
95.7329
94.5817
95.2312
95.3337
94.1916
95.6982
93.7738
111.423
97.7864
96.6454
89.6058
89.8624
92.3963
84.3278
81.3443
83.4262
81.4425
81.7696
82.7797
85.6464
87.6598
78.1781
89.9942
87.2563
86.0555
89.4965
85.8047
88.6167
91.1555
91.0187
92.3516
92.071
92.2605
92.522
93.1301
93.3072
93.6902
93.5337
93.3626
94.5064
101.074
115.563
103.57
92.0001
91.2845
91.6206
92.8763
92.6661
92.8497
94.0167
93.5449
93.5275
94.535
92.9012
92.2819
91.6495
91.3865
93.384
92.9064
91.4032
90.8733
91.962
90.8993
89.7812
90.4485
90.6492
92.1712
92.4102
95.5958
92.7568
114.184
114.903
80.7511
91.1042
74.129
76.42
101.695
99.2966
94.4019
23.82
85.4586
67.5899
93.9215
94.7887
89.483
101.696
82.9742
70.2802
93.8607
90.8078
83.9294
113.877
103.549
103.227
87.178
87.2387
88.7622
86.8974
87.026
88.4155
89.9186
90.9966
90.8704
90.6403
90.4594
89.4528
88.6901
87.7323
88.0156
90.6313
89.6103
89.8627
91.1826
91.1091
90.0648
89.3063
90.1468
89.9265
86.7162
86.7674
88.0033
87.2161
86.9654
88.5049
89.9646
89.7114
89.1048
90.2564
91.1684
91.4053
92.1894
88.5627
124.552
79.6444
102.337
101.656
85.0154
93.0446
115.145
86.2173
89.5591
100.732
91.1498
90.082
93.177
89.1855
92.4379
78.3367
103.77
97.5619
102.43
92.5907
95.1695
113.363
98.8731
97.4969
112.806
101.556
90.5816
94.5179
89.1797
89.8191
89.8021
90.7328
91.0239
90.1983
60.5944
86.4574
90.3429
91.8142
119.801
83.9317
99.5638
99.1314
107.419
123.332
118.599
102.451
113.834
110.305
108.685
100.622
108.26
103.082
95.9193
98.3779
132.134
90.7267
100.737
98.3232
130.765
108.376
90.4934
93.728
91.4154
124.942
70.5802
87.566
59.2323
69.1804
99.3719
133.799
105.211
103.384
105.728
95.0178
102.97
98.0372
103.797
96.8201
98.1628
680.841
60.6895
220.723
181.648
64.0689
146.032
)
;
    }
    frontWall
    {
        type            cyclic;
    }
    backWall
    {
        type            cyclic;
    }
}


// ************************************************************************* //
