/*--------------------------------*- C++ -*----------------------------------*\
| =========                 |                                                 |
| \\      /  F ield         | OpenFOAM: The Open Source CFD Toolbox           |
|  \\    /   O peration     | Version:  5.0                                   |
|   \\  /    A nd           | Web:      www.OpenFOAM.org                      |
|    \\/     M anipulation  |                                                 |
\*---------------------------------------------------------------------------*/
FoamFile
{
    version     2.0;
    format      ascii;
    class       volScalarField;
    location    "3.7";
    object      p;
}
// * * * * * * * * * * * * * * * * * * * * * * * * * * * * * * * * * * * * * //

dimensions      [1 -1 -2 0 0 0 0];

internalField   nonuniform List<scalar> 
8864
(
106.096
92.6477
106.431
94.6476
86.4269
94.9267
95.7486
92.6069
90.1332
87.6299
85.135
82.6477
80.171
77.7329
75.3066
72.9019
70.5162
68.1612
65.8264
63.5175
61.2134
58.9281
56.675
54.4095
52.1692
49.9479
47.7317
45.5131
43.3135
41.1387
38.96
36.8051
34.6784
32.545
30.4011
28.2914
26.2345
24.2126
22.1999
20.1786
18.1864
16.2386
14.295
12.3226
10.3781
8.48198
6.58853
4.6873
2.80786
0.938708
122.266
100.115
116.295
91.8191
92.4902
98.3697
97.2224
93.7557
90.2439
87.771
85.2206
82.7046
80.2299
77.7669
75.322
72.9227
70.5227
68.1789
65.8548
63.5243
61.2217
58.9327
56.6643
54.4096
52.1592
49.933
47.7205
45.5148
43.3206
41.1403
38.9735
36.8177
34.6748
32.5343
30.4018
28.297
26.23
24.1961
22.1788
20.1769
18.1914
16.2416
14.2971
12.3387
10.3846
8.47092
6.57439
4.68392
2.80809
0.938362
107.622
98.5176
100.798
96.7121
105.067
106.961
97.7641
94.0631
90.407
87.8676
85.2894
82.7361
80.2357
77.7784
75.335
72.9154
70.5418
68.2078
65.8739
63.5235
61.2211
58.9341
56.6561
54.404
52.1615
49.9275
47.7106
45.5213
43.3318
41.1445
38.9785
36.817
34.6551
32.5239
30.4153
28.313
26.2286
24.1864
22.1763
20.1781
18.1999
16.2398
14.2873
12.3377
10.3944
8.46831
6.56883
4.68524
2.8107
0.938217
100.609
105.195
102.135
106.494
95.2286
98.4334
97.6233
94.576
90.4692
87.9231
85.318
82.7807
80.2495
77.7772
75.3397
72.9229
70.5409
68.1951
65.8461
63.5251
61.2305
58.9337
56.6593
54.4058
52.1727
49.9378
47.7096
45.5271
43.3256
41.133
38.9785
36.8115
34.6494
32.5186
30.4207
28.3298
26.2364
24.1835
22.1771
20.1842
18.2051
16.2284
14.2658
12.3297
10.4017
8.47109
6.56948
4.69257
2.81709
0.933525
94.9257
93.7163
112.194
184.639
107.118
99.0452
97.8794
95.2752
90.4614
87.9084
85.2985
82.7486
80.2414
77.7688
75.344
72.9287
70.5526
68.1872
65.8278
63.5302
61.2346
58.933
56.6633
54.4085
52.1812
49.9525
47.7194
45.5216
43.3132
41.1247
38.9725
36.8033
34.6465
32.5176
30.4222
28.3393
26.2472
24.1889
22.1836
20.1981
18.2073
16.2172
14.2498
12.3211
10.3995
8.47316
6.57734
4.70734
2.82593
0.931665
95.9262
100.449
101.381
95.4745
93.8487
101.242
97.4446
95.6864
90.2909
87.8035
85.231
82.7043
80.2205
77.7593
75.3443
72.9328
70.5572
68.1856
65.8193
63.51
61.2292
58.9279
56.6645
54.4187
52.1861
49.9657
47.7298
45.517
43.3066
41.1171
38.9648
36.7983
34.6401
32.5202
30.4264
28.3412
26.2563
24.1989
22.1859
20.1975
18.1997
16.2004
14.2348
12.3123
10.3953
8.47765
6.59378
4.7313
2.83658
0.934573
98.198
104.982
105.298
89.5363
106.539
99.4765
96.9807
94.3349
90.0485
87.6289
85.1417
82.655
80.2038
77.7531
75.3297
72.9246
70.5528
68.194
65.8199
63.501
61.2132
58.9269
56.6651
54.428
52.193
49.965
47.7365
45.5136
43.3088
41.1297
38.9642
36.7878
34.6337
32.5267
30.4295
28.336
26.2626
24.2131
22.1879
20.188
18.1917
16.1978
14.2341
12.3091
10.3908
8.4795
6.59993
4.73098
2.8405
0.943727
103.28
104.786
101.777
97.9202
110.809
100.385
96.3619
93.1276
89.8985
87.5371
85.0675
82.6089
80.1744
77.7338
75.2968
72.9208
70.5424
68.182
65.8401
63.4954
61.2055
58.9229
56.6612
54.4288
52.1926
49.9686
47.7375
45.5109
43.319
41.1349
38.9594
36.7841
34.6371
32.5329
30.4271
28.3248
26.2628
24.2235
22.1927
20.1804
18.1864
16.2028
14.2438
12.3102
10.3887
8.48113
6.59801
4.71991
2.83859
0.947402
107.411
102.088
104.206
97.6521
98.7632
98.5587
96.9944
92.9835
89.7751
87.4749
85.0364
82.598
80.1586
77.7214
75.3018
72.9152
70.5148
68.1605
65.8279
63.5062
61.1994
58.9158
56.6665
54.4242
52.1939
49.969
47.7345
45.5092
43.3122
41.133
38.9466
36.7841
34.6567
32.5383
30.4206
28.315
26.2595
24.2277
22.1971
20.1799
18.1847
16.2149
14.2606
12.3125
10.3847
8.48262
6.59092
4.70906
2.82773
0.948323
106.322
113.156
108.947
80.4373
98.6941
95.2111
95.9959
92.1757
89.8952
87.4903
85.0578
82.6001
80.1418
77.721
75.2996
72.8996
70.5138
68.159
65.8225
63.5084
61.2021
58.9191
56.6712
54.414
52.1833
49.9642
47.7352
45.5111
43.31
41.1338
38.9496
36.7908
34.6724
32.5452
30.4076
28.2984
26.2412
24.2204
22.1989
20.1785
18.1859
16.2306
14.2799
12.3142
10.3786
8.48576
6.59395
4.69759
2.81343
0.939359
106.775
120.912
105.067
89.9196
87.2545
94.5916
95.6183
92.6077
90.133
87.63
85.1351
82.6477
80.1708
77.733
75.3066
72.9017
70.5162
68.1612
65.8265
63.5173
61.2133
58.9282
56.675
54.4094
52.1692
49.9479
47.7316
45.5131
43.3131
41.1387
38.96
36.805
34.6784
32.5449
30.4011
28.2913
26.2343
24.2126
22.1999
20.1785
18.1863
16.2386
14.2951
12.3227
10.3781
8.4822
6.58845
4.68729
2.80782
0.938787
137.872
107.324
90.7371
92.2237
88.2845
98.5545
97.1885
93.7551
90.2444
87.7708
85.2206
82.7046
80.2299
77.7669
75.3219
72.9225
70.5226
68.1791
65.8548
63.5242
61.2218
58.9328
56.6642
54.4095
52.1593
49.933
47.7204
45.5148
43.3206
41.1404
38.974
36.8178
34.6747
32.5343
30.4018
28.297
26.23
24.1961
22.1787
20.1769
18.1914
16.2416
14.2971
12.3384
10.3847
8.47092
6.57428
4.68399
2.80828
0.938314
106.992
111.851
132.546
99.4737
100.402
106.647
97.7518
94.0629
90.4084
87.8674
85.2895
82.736
80.2357
77.7783
75.3349
72.9154
70.5417
68.2077
65.874
63.5235
61.221
58.9341
56.6559
54.4041
52.1615
49.9274
47.7106
45.5213
43.3319
41.1446
38.9783
36.8169
34.6552
32.5239
30.4154
28.313
26.2285
24.1864
22.1762
20.178
18.2
16.2398
14.2872
12.3376
10.3944
8.46814
6.56864
4.68528
2.81071
0.938197
102.713
105.714
104.136
102.895
95.6393
97.8662
97.6095
94.5655
90.4697
87.9223
85.3181
82.7807
80.2495
77.7772
75.3397
72.9229
70.5409
68.195
65.846
63.525
61.2306
58.9337
56.6593
54.4059
52.1725
49.9376
47.7098
45.5272
43.3257
41.1329
38.9784
36.8115
34.6493
32.5186
30.4207
28.3297
26.2363
24.1835
22.1771
20.1843
18.2053
16.2283
14.2656
12.3299
10.4018
8.47108
6.56938
4.69253
2.81707
0.933388
94.91
95.848
94.1247
153.63
124.671
98.9903
97.8707
95.1512
90.4617
87.9084
85.2986
82.7486
80.2409
77.7688
75.3441
72.9288
70.5526
68.1872
65.8277
63.5302
61.2347
58.9328
56.6633
54.4086
52.181
49.9526
47.7195
45.5215
43.3126
41.1246
38.9724
36.8033
34.6464
32.5176
30.4222
28.3393
26.2473
24.1888
22.1836
20.1982
18.2073
16.2172
14.2498
12.3212
10.3995
8.47314
6.57727
4.70728
2.82592
0.931715
96.4534
94.0321
89.2352
90.8969
93.6804
99.5083
97.3803
95.6083
90.2912
87.8036
85.2309
82.704
80.2206
77.7592
75.3443
72.9327
70.5572
68.1857
65.8192
63.51
61.2291
58.9279
56.6644
54.4186
52.1862
49.9658
47.7298
45.5169
43.3066
41.1174
38.9648
36.7982
34.6399
32.5202
30.4264
28.3411
26.2563
24.1988
22.1859
20.1975
18.1995
16.2004
14.2348
12.3123
10.3952
8.47764
6.59375
4.73133
2.8363
0.934538
99.5426
100.223
92.0823
89.8524
96.3951
98.242
96.9943
94.2055
90.049
87.6288
85.1417
82.655
80.2037
77.7531
75.3296
72.9246
70.5528
68.1938
65.8199
63.5011
61.2133
58.9268
56.6651
54.428
52.1929
49.9649
47.7365
45.5136
43.3088
41.1297
38.9645
36.7878
34.6337
32.5267
30.4295
28.3357
26.2626
24.2131
22.1879
20.188
18.1917
16.1976
14.2341
12.309
10.3907
8.47948
6.60024
4.73104
2.84042
0.943849
102.347
101.669
100.455
95.9286
117.498
98.8929
96.3035
93.1174
89.8991
87.5369
85.0675
82.6089
80.1744
77.7338
75.2968
72.9208
70.5427
68.1817
65.8404
63.4953
61.2055
58.9229
56.6613
54.4287
52.1926
49.9688
47.7375
45.5107
43.3189
41.1349
38.9593
36.7841
34.6371
32.5329
30.4271
28.3248
26.2628
24.2234
22.1926
20.1803
18.1863
16.2029
14.2438
12.3102
10.3886
8.48111
6.598
4.71989
2.83857
0.947417
105.821
101.816
100.113
101.853
100.131
97.9363
97.0062
92.9805
89.7757
87.4747
85.0364
82.598
80.1586
77.7213
75.3018
72.9154
70.515
68.1604
65.828
63.5063
61.1994
58.9158
56.6666
54.4241
52.1939
49.9689
47.7344
45.5091
43.3122
41.1331
38.9466
36.784
34.6571
32.5382
30.4206
28.315
26.2594
24.2276
22.197
20.1798
18.1848
16.215
14.2606
12.3123
10.3847
8.48258
6.5908
4.70903
2.82779
0.948327
121.986
111.59
107.263
152.699
97.0019
95.7726
95.9374
92.1762
89.895
87.4903
85.0578
82.5998
80.1416
77.7212
75.2996
72.8999
70.5137
68.1587
65.8225
63.5083
61.202
58.9191
56.6712
54.414
52.1834
49.9641
47.7349
45.5111
43.31
41.1337
38.9494
36.7908
34.6725
32.5451
30.4076
28.2985
26.2412
24.2204
22.1989
20.1785
18.1859
16.2305
14.28
12.3141
10.3786
8.48574
6.59381
4.69757
2.81342
0.939341
104.724
97.0043
106.322
87.7772
87.8276
94.1161
95.6398
92.6073
90.1331
87.6297
85.1351
82.6478
80.1707
77.7329
75.3066
72.9014
70.5161
68.1612
65.8266
63.5171
61.2132
58.9281
56.6749
54.4092
52.1692
49.9478
47.7314
45.513
43.313
41.1386
38.96
36.8051
34.6784
32.5448
30.401
28.2913
26.2342
24.2126
22.1998
20.1784
18.1862
16.2387
14.2951
12.3228
10.3781
8.48212
6.58834
4.68721
2.80771
0.938762
120.78
100.373
88.5351
91.7531
64.6474
98.7393
97.1954
93.7556
90.2438
87.7709
85.2205
82.7045
80.2298
77.7668
75.3219
72.9223
70.5225
68.1791
65.8545
63.524
61.2218
58.9328
56.664
54.4095
52.1592
49.9329
47.7202
45.5147
43.3207
41.1403
38.974
36.8178
34.6746
32.5342
30.4017
28.2969
26.2299
24.1965
22.1786
20.177
18.1914
16.2424
14.2969
12.3376
10.3848
8.47091
6.57419
4.68393
2.80835
0.938125
104.611
94.6227
94.7366
103.234
160.714
97.4669
97.7447
94.0637
90.4083
87.8675
85.2893
82.7359
80.2356
77.7783
75.3349
72.9153
70.5417
68.2074
65.874
63.5233
61.2207
58.934
56.6558
54.4045
52.1614
49.9273
47.711
45.5212
43.3319
41.1446
38.9782
36.8165
34.6552
32.524
30.4155
28.3129
26.2283
24.1864
22.1762
20.1779
18.2
16.2399
14.2873
12.3372
10.3943
8.46803
6.56852
4.68525
2.81068
0.938055
99.6403
99.0521
99.6781
119.975
131.224
98.4538
97.6048
94.5678
90.4691
87.9221
85.3179
82.7806
80.2494
77.7771
75.3396
72.9228
70.5408
68.1948
65.8459
63.5248
61.2306
58.9336
56.6592
54.4059
52.1722
49.9374
47.7099
45.5271
43.3256
41.1328
38.9783
36.8114
34.6493
32.5185
30.4207
28.3296
26.2362
24.1835
22.1772
20.1843
18.2053
16.2281
14.2655
12.3298
10.4018
8.471
6.56928
4.69245
2.81699
0.933058
95.8702
92.8243
85.1514
81.814
114.832
98.9553
97.868
95.1668
90.4608
87.9087
85.2985
82.7486
80.2407
77.7687
75.344
72.9287
70.5525
68.1871
65.8276
63.5302
61.2347
58.9323
56.6632
54.4086
52.1807
49.9526
47.7196
45.5215
43.3125
41.1246
38.9721
36.8033
34.6463
32.5175
30.4222
28.3392
26.2473
24.1888
22.1836
20.1983
18.2071
16.2171
14.2498
12.3212
10.3994
8.47307
6.57741
4.70717
2.82591
0.931627
98.9267
94.5163
89.25
91.4255
93.5459
100.489
97.3953
95.6144
90.2903
87.8038
85.2307
82.7039
80.2206
77.7592
75.3443
72.9327
70.5571
68.1858
65.8191
63.5098
61.229
58.9279
56.6642
54.4191
52.1862
49.9657
47.7297
45.5167
43.3065
41.1176
38.965
36.798
34.6397
32.5201
30.4263
28.341
26.2562
24.1988
22.1858
20.1975
18.1992
16.1999
14.2347
12.3123
10.395
8.47756
6.59377
4.73131
2.83588
0.934516
99.5723
100.192
98.3587
93.6944
101.33
98.4854
96.9335
94.2129
90.0485
87.6288
85.1416
82.6551
80.2037
77.753
75.3297
72.9245
70.5527
68.1937
65.8198
63.501
61.2134
58.9268
56.665
54.4279
52.1927
49.9649
47.7364
45.5138
43.3092
41.1298
38.9644
36.7876
34.6336
32.5266
30.4294
28.3355
26.2625
24.2131
22.1878
20.188
18.1916
16.1974
14.234
12.3091
10.3905
8.47941
6.60028
4.73082
2.83991
0.943797
102.584
101.764
96.7725
94.2519
84.2064
96.9861
96.334
93.1207
89.8988
87.537
85.0674
82.6088
80.1743
77.7337
75.2967
72.9207
70.5429
68.1814
65.8405
63.4953
61.2054
58.9228
56.6615
54.4287
52.1924
49.9689
47.7374
45.5106
43.3186
41.1349
38.9593
36.784
34.6371
32.5328
30.4271
28.3249
26.2627
24.2233
22.1926
20.1802
18.1862
16.2029
14.2438
12.3101
10.3885
8.48104
6.59794
4.71985
2.83855
0.94742
106.748
102.157
101.7
96.7419
98.686
99.3776
97.0057
92.9805
89.7755
87.4746
85.0363
82.5979
80.1585
77.7212
75.3017
72.9156
70.515
68.1602
65.828
63.5063
61.1993
58.9158
56.6665
54.4241
52.1936
49.9688
47.7343
45.509
43.3127
41.1332
38.9464
36.7839
34.6571
32.5382
30.4204
28.315
26.2594
24.2275
22.1969
20.1798
18.1848
16.215
14.2605
12.3121
10.3847
8.48251
6.5907
4.70896
2.82796
0.948234
106.255
101.025
112.04
138.591
95.1776
95.7105
95.9429
92.176
89.8951
87.4902
85.0579
82.5996
80.1413
77.7212
75.2995
72.9001
70.5136
68.1586
65.823
63.5082
61.2018
58.919
56.6711
54.414
52.1834
49.964
47.7348
45.5111
43.3102
41.1336
38.9491
36.7908
34.6729
32.545
30.4076
28.2986
26.2411
24.2203
22.1988
20.1784
18.1858
16.2305
14.2799
12.3139
10.3787
8.48564
6.59361
4.69749
2.81344
0.939275
95.4484
102.699
98.0063
94.1819
95.4892
103.013
98.0398
96.9947
100.111
97.6736
98.6321
97.0146
100.347
97.7134
97.8485
98.0722
97.5552
106.369
97.8259
100.928
97.5358
97.821
100.13
97.7912
97.718
97.7866
99.5751
97.7802
98.3821
99.6322
97.8651
98.9815
98.4033
99.5779
97.8714
97.7887
96.0441
96.6603
100.312
97.7727
96.0953
96.6628
96.8131
101.678
96.2513
98.1736
97.0459
98.0796
96.2653
96.1663
96.9875
96.5055
98.4832
96.1641
97.0654
96.4981
97.1539
97.0295
95.8536
97.567
97.1389
97.684
95.8582
95.7988
93.7584
95.3951
95.7378
95.8177
93.1062
95.2864
95.4905
104.007
98.0525
94.2266
95.5045
103.686
98.0565
97.0186
98.9759
97.7082
98.7202
97.0213
98.122
97.7114
97.8665
101.268
97.5837
106.588
97.8455
103.462
97.5246
97.791
99.8851
97.7488
98.3174
97.7712
100.363
97.7667
98.4056
99.5341
97.8344
98.9403
98.3985
100.878
97.8902
97.718
96.0187
96.7233
101.167
97.7554
96.1252
96.6412
97.1696
98.1936
96.2466
98.9318
96.8753
95.7897
96.2364
96.1551
96.7578
96.4968
96.8688
96.1604
96.5335
96.4883
97.1358
97.8672
95.8584
98.6622
97.1354
97.3781
95.8667
95.8209
93.0961
95.469
95.9511
95.8155
93.0707
95.4207
95.5086
103.671
98.0514
95.0014
95.4611
104.952
98.0182
97.0209
96.7437
97.7217
97.8797
97.0019
111.454
97.7192
97.857
98.5975
97.6225
97.6906
97.8556
98.3896
97.6038
97.8613
100.483
97.7403
102.373
97.8619
102.525
97.7525
98.3979
100.208
97.8262
99.0854
98.3864
100.019
97.905
97.7678
96.1541
96.6682
102.53
97.7756
96.2165
96.6498
96.9541
96.1937
96.2788
98.6369
96.7211
96.1064
96.2527
96.1642
96.7044
96.5284
97.5579
96.1743
104.244
96.5037
97.2013
97.6991
95.8703
98.8295
97.1481
97.7274
95.8688
95.814
93.0952
95.4168
95.679
95.7956
93.0617
95.3915
89.0936
92.955
96.4254
86.6013
91.3008
93.544
192.037
96.2071
94.3586
96.1307
93.8592
96.1605
96.2079
94.3214
94.4281
98.709
95.2328
95.6287
94.4384
98.5924
95.2434
94.2648
92.6733
172.187
87.167
136.242
94.7919
137.313
99.0607
96.9335
95.8556
98.9369
96.8336
96.8892
98.9437
95.3792
97.9348
95.2355
97.1905
95.377
97.9308
95.2445
118.506
91.759
149.329
92.5748
121.404
99.0803
115.838
100.179
98.888
102.483
106.862
98.9981
103.697
99.9406
95.2394
97.4097
95.6176
97.7578
95.2432
97.3409
95.5007
94.2061
120.373
105.675
93.9769
93.7608
178.211
106.08
97.4758
98.1573
101.897
99.8454
98.0487
100.899
98.8122
96.0566
97.9132
96.9766
97.6068
95.9702
97.8596
97.0032
99.4438
90.6301
101.764
105.296
99.2369
95.0163
100.967
98.4622
98.6558
100.408
99.7483
98.6915
100.4
98.4916
97.1955
97.72
97.0521
97.8816
97.2299
97.6927
97.0628
129.274
92.6741
94.5415
94.6838
138.132
91.7366
95.9132
97.167
99.145
98.3507
101.117
99.1365
96.5928
97.2122
96.9614
96.979
96.5322
97.3919
96.9911
96.9517
96.5624
95.0865
91.3281
104.078
97.1566
96.4811
100.079
103.514
96.725
97.1459
98.9727
101.321
97.0301
101.127
96.9069
96.2966
96.5173
95.2362
96.9577
96.3324
96.5192
95.1308
92.6533
108.32
126.488
110.823
92.8644
109.5
121.319
95.6359
96.2702
99.6547
99.0619
96.1184
98.1032
95.9057
94.9161
96.5146
94.1611
96.3336
94.787
96.5103
94.1625
109.899
100.799
104.483
99.39
105.269
100.589
104.015
97.9742
97.9916
99.4726
98.7098
97.977
105.62
97.7418
94.1609
96.2934
93.8529
97.0062
94.1662
96.3249
93.8627
93.3299
89.7919
102.746
96.7739
94.5774
88.2455
93.4196
94.7328
95.3572
95.259
95.2387
95.1455
95.0373
94.7729
93.9872
95.5672
94.0462
95.9455
93.9947
95.3255
94.0552
92.5473
97.6124
139.994
87.9399
93.1232
92.3595
130.394
96.0848
94.2613
96.4974
94.1886
96.1427
96.1645
94.3303
94.4377
98.5935
95.2427
95.6143
94.4372
98.6016
95.2421
104.626
87.8063
124.579
107.583
111.719
75.4527
125.41
99.2452
96.7291
95.6842
98.3059
99.3265
96.7371
97.4347
95.3751
97.9399
95.2419
97.1918
95.3747
97.9383
95.2423
120.909
92.3387
115.376
112.417
133.342
90.2882
113.542
109.205
98.7993
109.809
114.658
111.928
99.2112
111.682
95.2396
97.3853
95.4883
97.743
95.2397
97.3562
95.4887
124.158
133.557
105.596
124.754
101.658
133.538
128.042
98.0681
98.0561
102.285
98.1596
97.9985
98.036
103.093
95.9476
97.868
97.0066
97.6137
95.9451
97.8624
97.0109
99.4585
95.296
100.396
116.238
101.602
93.2901
101.919
98.4075
98.5736
100.03
98.9515
98.3959
98.5522
99.868
97.2368
97.7169
97.0567
97.8779
97.2367
97.708
97.0615
157.248
91.2503
95.712
93.4019
104.611
91.9336
95.2182
97.213
99.146
96.4564
101.878
97.1626
99.1214
97.4962
96.9891
96.9557
96.5673
97.4318
96.9603
96.9854
96.5602
97.1655
100.712
105.641
94.108
99.9112
99.5624
111.42
96.6486
96.9362
97.8449
98.3428
96.5943
96.9349
97.784
96.3329
96.5255
95.1206
96.9124
96.3344
96.5274
95.1173
93.0953
110.334
123.504
84.1453
94.908
90.2982
121.875
95.1761
96.1993
98.6036
99.1395
95.3567
96.0674
98.5989
94.7764
96.5074
94.158
96.3158
94.7778
96.5062
94.1574
104.981
125.775
101.313
97.8541
104.693
115.875
98.2065
97.7535
97.8206
100.182
97.986
98.0172
97.8322
102.839
94.1624
96.328
93.8611
97.0063
94.1623
96.3358
93.8611
94.601
90.9786
92.9747
96.8772
94.9302
86.352
90.9574
94.733
95.1641
95.0919
96.3417
94.7402
95.273
95.0873
93.9922
95.44
94.0556
95.9337
93.9919
95.4086
94.0561
93.496
91.2603
129.199
78.3076
98.5063
90.3149
124.584
96.1217
94.3644
97.1707
94.1457
96.1613
99.9535
94.2719
94.4377
98.6093
95.2423
95.7419
94.4276
98.7109
95.2319
145.19
100.895
98.9211
65.0968
101.386
79.2679
99.0187
99.1445
96.6424
97.2338
97.8893
99.1566
96.6658
98.4345
95.3758
97.9335
95.2454
97.2266
95.3775
97.938
95.2366
92.6852
93.5965
104.057
79.4275
92.647
92.0904
104.126
97.6078
99.1226
100.466
97.5659
97.5782
98.4075
98.7171
95.2439
97.3973
95.5
97.7459
95.24
97.4165
95.6154
124.463
134.299
125.816
124.499
121.384
119.439
120.26
98.0938
98.1759
105.064
103.036
98.0893
98.1732
99.5452
95.9635
97.869
97.0041
97.6403
96.0633
97.8809
96.978
102.921
94.037
106.243
115.857
102.562
87.7911
98.2392
98.5798
98.5414
99.666
101
98.5825
98.5359
99.5004
97.2278
97.6928
97.0712
97.8716
97.1959
97.7446
97.0512
92.2086
91.6843
94.9368
93.3334
99.7755
91.6618
95.2907
97.2107
98.6059
96.8058
105.352
97.2567
98.7559
96.6987
96.9664
96.9576
96.5564
97.4224
96.9627
96.9733
96.5316
99.2014
94.5151
99.9007
101.363
99.3462
93.9749
101.181
96.7965
96.9913
98.4411
98.2754
96.7927
96.9725
98.3982
96.3273
96.5382
95.134
96.9275
96.2951
96.5197
95.2255
103.501
90.646
97.3589
82.6486
100.207
94.0701
99.4331
95.7133
96.3578
91.0519
99.1574
95.5761
96.795
91.3505
94.7858
96.5084
94.1617
96.3599
94.9139
96.5106
94.1595
104.955
111.639
98.0089
101.885
130.708
114.762
98.8078
97.714
99.6739
101.134
102.64
98.0404
101.455
99.8619
94.1663
96.3384
93.8629
96.9937
94.1604
96.299
93.8531
95.0536
86.5837
90.9925
96.3817
94.9778
86.0014
91.1291
94.7641
95.2156
95.0726
95.6896
94.7548
95.2284
95.1759
93.9942
95.4254
94.0569
95.9901
93.9865
95.5153
94.048
96.4542
95.0152
96.7556
95.4775
96.773
96.45
95.0162
97.1971
100.655
100.186
101.514
97.2567
100.14
97.2246
96.997
96.5751
99.141
98.0214
96.5636
99.1465
97.0091
96.2026
94.7902
94.2623
96.4034
96.1793
96.1786
94.274
96.4544
95.4946
95.0174
96.7839
96.7992
96.4458
95.0175
97.2522
104.055
97.5237
100.156
97.2993
100.164
97.0612
97.0164
98.0297
96.5944
99.149
96.5915
99.1547
97.0124
98.575
97.0941
98.4871
97.0059
97.0976
98.5014
98.5878
99.0841
98.1126
96.2089
100.723
97.2912
96.7991
98.9045
98.7137
97.8965
98.4531
97.6695
97.9004
98.4982
98.8539
99.2213
98.2905
96.6818
95.4771
96.85
95.3182
99.1433
98.5836
97.0107
97.1031
98.5049
97.1127
98.5024
98.5443
99.0077
99.7614
100.179
96.0783
116.653
95.4436
99.0227
98.7302
97.7347
97.8971
98.4584
97.8992
98.4553
98.7843
97.9923
98.937
97.9805
97.8185
98.8766
97.9586
98.1666
99.7404
126.087
96.7925
98.2474
111.884
96.8264
99.8704
98.296
98.1474
97.4663
97.5391
98.0708
97.4399
98.4641
99.7177
106.718
98.7904
101.564
98.8525
101.79
99.8191
97.9597
97.8594
98.8328
97.94
98.8732
97.9844
97.9426
99.5566
98.737
96.1711
96.9136
112.846
96.8991
99.258
98.2947
97.5383
98.0063
97.4291
98.0562
97.4781
98.2353
97.1602
97.9848
97.6144
97.7848
97.9604
97.6247
97.0904
100.865
106.311
98.545
100.736
101.591
98.544
100.268
97.9895
97.9333
98.2746
97.7779
97.9249
98.2675
97.9972
97.6922
97.4641
98.0585
101.462
98.0557
100.55
98.2419
97.1301
97.7979
97.986
97.6238
97.9864
97.6352
97.3932
99.0418
99.3457
100.232
98.5063
100.499
98.5222
98.5151
97.9682
97.7748
97.9046
98.2642
97.9289
98.2594
97.9423
98.4151
98.512
98.0569
98.3814
98.5054
98.0345
98.4066
99.0474
99.424
98.7155
99.6149
99.4169
98.6783
99.0499
98.5548
98.2989
98.2467
97.8428
98.2976
98.2551
98.5982
98.4569
98.8601
98.5876
100.35
98.59
100.439
98.4229
98.4275
98.4519
98.4961
98.0294
98.5182
98.0345
98.3171
99.0033
99.6032
99.3772
98.646
99.3956
98.7381
98.9916
98.5357
97.8763
98.2838
98.2187
98.4041
98.2104
98.5809
97.2923
98.1366
97.181
97.7506
98.1423
97.1766
97.3054
96.5746
95.9625
96.4629
96.0576
95.9289
96.4233
96.642
96.8756
97.0104
96.6898
96.6674
96.9525
96.6901
96.8854
97.1314
100.791
99.1337
96.5062
99.1371
96.5365
97.2648
97.2904
97.7475
98.1433
97.1875
98.1412
97.1829
97.3163
96.6022
96.1066
95.9421
96.4092
95.9321
96.4039
96.6105
96.8739
96.6951
96.976
96.6946
96.9433
96.6991
96.8693
96.4433
96.8267
96.4518
96.9446
96.7997
96.4569
96.4784
95.9209
105.819
97.1492
103.889
96.6349
97.3274
95.6454
96.5409
96.307
97.0119
96.2614
96.3349
97.0098
96.4958
96.7245
98.0715
96.9186
97.8274
96.924
98.1083
96.6924
96.4526
96.8646
96.8004
96.4283
96.9072
96.4307
96.4741
95.7576
103.075
96.437
96.952
97.7667
96.7202
95.2599
96.5741
96.2839
96.3307
97.011
96.4272
97.014
96.3758
95.9417
96.6252
95.9755
96.1665
96.5846
95.9786
96.0029
96.1544
91.0011
97.9124
96.9984
90.8551
97.91
96.0895
96.7272
96.4887
96.967
96.5065
96.4785
96.9805
96.7163
95.6117
97.5703
96.1963
105.45
96.3084
95.9922
95.5535
95.9181
96.1698
96.5904
95.9541
96.5813
95.9588
95.92
96.0037
97.0103
90.8563
97.9115
91.0646
97.9062
96.0178
96.7406
96.5395
96.4799
96.9479
96.4876
96.9641
96.6882
96.9303
97.4538
96.6033
97.1335
97.4578
96.6018
96.9339
102.887
100.907
96.2386
97.9055
98.24
96.4186
99.4792
97.9951
96.5067
96.4142
95.8598
96.5066
96.4051
97.1505
97.7411
99.5408
97.941
99.7299
97.9724
99.6502
97.5014
96.9356
97.2264
97.4762
96.605
97.4608
96.6059
96.9321
98.3191
99.9303
98.6604
96.2015
100.696
96.1232
99.2765
96.6854
95.8599
96.4885
96.415
96.4952
96.4263
96.7492
95.2262
95.5952
95.2808
95.8089
95.5968
95.2745
95.2239
93.8794
92.9128
94.3374
94.45
92.8384
93.9919
94.1847
94.77
95.1457
94.908
95.3798
95.1273
94.768
94.9042
94.7398
95.7465
95.1235
95.1069
95.1403
95.0861
94.7422
95.2312
95.8147
95.545
95.2863
95.5735
95.2785
95.2274
93.8821
93.4543
92.9287
94.0778
93.1977
93.8039
94.1381
94.7749
95.6061
95.1748
94.8833
95.1629
94.7693
94.9335
96.4378
95.0178
96.7858
95.4997
96.439
96.8071
95.0209
97.3825
114.933
100.184
104.024
97.178
113.009
100.166
97.031
96.6168
99.1408
98.0569
97.0125
96.6219
99.1479
96.0409
94.1804
94.3392
95.591
95.6541
96.0222
94.3063
96.4398
95.5024
95.0222
96.8447
96.8361
96.4426
95.0211
97.2484
110.566
111.993
100.094
111.493
100.135
97.0455
97.0558
98.0589
96.6208
99.1778
96.6174
99.158
97.0749
98.5799
97.1136
98.5079
97.0197
98.5516
97.122
98.5121
99.0928
100.663
95.6546
98.6965
98.9357
100.635
95.7323
98.7669
97.8921
98.4773
97.7066
98.7538
97.8875
98.4826
99.2502
99.0896
96.6758
96.5521
96.7339
96.6713
99.1942
98.6043
97.0206
97.1423
98.5188
97.1319
98.5165
98.641
99.059
100.944
101.541
95.6323
100.862
95.7377
98.3759
98.7418
97.7165
97.8774
98.4984
97.8836
98.4806
98.7468
97.8004
98.8533
97.9516
97.8253
97.8816
98.8258
98.0198
100.279
96.1837
96.8966
99.0324
99.2895
96.5334
97.236
98.297
98.1148
97.422
97.5582
98.278
98.0629
97.4325
100.823
102.402
98.8952
100.434
98.939
95.7048
97.2774
97.7539
97.8468
98.7175
97.9543
98.7553
97.9565
98.1931
99.2337
98.9479
117.181
96.8856
94.9263
96.856
99.0952
98.3121
97.5831
98.0686
97.4388
98.0176
97.4315
98.3104
97.4306
97.9682
97.6228
97.7883
97.3376
97.9756
97.629
99.0839
100.365
98.4781
100.791
98.9563
100.712
98.4358
98.13
97.9013
98.2516
97.7628
97.9999
97.9325
98.2205
98.2258
98.5339
98.1335
102.391
98.0824
101.853
97.7165
97.5574
97.8225
97.9716
97.5767
97.9616
97.6023
97.0542
98.4126
100.615
103.116
98.3384
101.705
98.3469
97.5362
97.9108
97.7637
97.8848
98.2133
97.8949
98.2147
98.0199
98.2995
98.5035
98.0341
98.3873
98.3125
98.4842
98.0278
99.0004
99.3692
98.6334
99.4941
99.0043
99.2687
98.6573
98.5299
98.3032
98.2069
97.8281
98.5331
98.2944
98.207
98.3893
98.8968
98.4952
99.7505
98.5093
99.8787
98.4191
98.2906
98.4185
98.4954
98.036
98.492
98.0422
98.2785
98.9846
99.2664
98.9378
98.6533
100.513
98.6522
98.9869
98.5583
97.8927
98.2716
98.2085
98.3187
98.212
98.5244
97.3195
98.1574
97.1797
97.769
97.2941
98.149
97.1797
96.6388
95.9733
96.4073
96.2508
96.6287
95.911
96.434
96.8739
96.9496
96.6926
96.713
96.8851
96.9603
96.6965
97.1649
101.754
99.2533
96.5469
99.2335
96.3777
97.167
97.2963
97.7557
98.1448
97.2121
98.1846
97.1763
97.2971
96.6477
96.6019
95.9189
96.4539
96.0592
96.4183
96.642
96.8859
96.6451
96.9747
96.69
96.9316
96.6995
96.8748
96.5021
96.8075
96.5388
97.0031
96.4933
96.7766
96.5115
95.6465
96.8218
96.7228
96.641
95.3584
96.337
96.7912
96.2945
96.3339
97.0047
96.237
96.2575
96.2856
97.0075
96.6973
100.788
96.9602
98.3164
96.9385
98.1679
96.7527
96.519
96.8585
96.7226
96.4133
96.9094
96.4206
96.5407
95.5039
97.4659
95.8408
96.8665
96.499
96.8396
95.576
96.2644
96.2654
96.3091
97.0062
96.346
97.0059
96.2389
95.8628
96.6059
95.9642
96.1748
95.9067
96.5768
95.9648
96.4901
91.2533
98.1684
96.7235
95.9906
93.1929
97.8398
96.6621
96.4796
96.9711
96.5196
96.6688
96.4836
96.9608
95.5051
111.002
96.0453
110.519
96.0728
98.7858
95.5294
95.8238
96.1646
96.5216
95.9654
96.5532
95.9658
95.7966
95.8168
96.7171
91.4425
97.7679
91.0113
97.6897
95.7955
96.6498
96.5054
96.4844
96.9561
96.4934
96.9585
96.6353
96.9287
97.4355
96.6091
97.1564
96.9342
97.4359
96.6112
96.6446
100.764
96.1183
101.461
96.9254
98.0672
95.7927
96.505
96.4911
96.3969
95.8609
97.3463
96.4608
96.459
98.0457
98.2757
98.4048
100.941
97.9693
102.259
98.2309
96.931
97.1509
97.5534
96.614
97.4435
96.6136
96.9413
98.0663
97.0972
97.9408
96.6992
98.572
98.4316
99.6699
96.8283
95.8645
96.4927
96.4781
96.4506
96.4963
95.7062
95.2267
95.5545
95.2958
95.8197
95.2302
95.5711
95.3032
93.7305
92.9105
94.1037
93.0985
93.8068
92.8799
94.1499
94.7716
95.1797
94.8941
95.472
94.766
95.1929
94.8986
94.7325
95.9837
95.2316
95.0061
95.1951
95.1064
94.7436
95.227
95.8176
95.5375
95.3009
95.5663
95.3029
95.227
94.5576
93.1032
92.9054
94.0986
92.8882
94.2424
94.0786
94.7678
95.4084
95.2008
94.8928
95.1936
94.7692
94.8873
96.4347
95.0243
96.8626
95.4995
96.4376
96.8474
95.0267
98.339
111.965
100.036
103.765
97.0758
112.293
99.8935
97.0702
96.639
99.1914
98.0453
97.0764
96.6352
99.1977
96.1339
93.7731
94.1193
92.724
93.4252
96.3117
94.1967
96.433
95.4778
95.0266
96.7675
96.7971
96.4343
95.0288
97.5018
105.435
106.836
99.8944
112.886
99.8698
97.5287
97.0715
98.0369
96.5915
99.2033
96.5878
99.2017
97.0872
98.6725
97.149
98.5195
97.0189
98.6529
97.1526
98.5187
97.7597
103.169
95.7967
117.019
98.1711
93.7332
95.8663
98.7507
97.8712
98.5329
97.7181
98.7323
97.867
98.5705
99.5678
97.9051
96.8284
97.327
96.7203
97.0635
99.7339
98.6886
97.0158
97.1847
98.5
97.1542
98.5161
98.7542
97.4726
107.684
94.76
96.1559
94.255
96.2104
97.4886
98.7362
97.7184
97.8632
98.6584
97.8667
98.6235
98.8299
97.8078
98.6874
97.9937
97.8321
97.808
98.6912
97.9709
99.0963
105.982
96.9194
98.543
99.0721
105.511
96.9345
98.3708
98.1846
97.442
97.5328
98.3275
98.1242
97.4539
97.5117
97.8361
98.6416
98.5859
98.3434
98.8781
97.8103
97.655
97.8336
98.694
98.0221
98.7027
98.0432
97.8187
99.1268
98.3047
107.273
96.976
110.203
96.9354
99.0536
98.3189
97.5311
98.1083
97.466
98.114
97.4621
98.3115
97.2382
98.1149
97.5944
97.7907
97.2239
98.092
97.5829
97.3526
100.239
98.2329
100.624
97.7112
100.601
98.1653
98.0101
97.9492
98.2158
97.7648
98.0054
97.8937
98.1923
97.501
100.292
99.1854
97.4743
98.1954
97.2645
97.4213
97.2882
97.7896
98.0437
97.5905
98.0464
97.6002
97.6438
97.235
103.076
101.518
98.5751
100.322
97.9288
97.5484
97.9744
97.7501
97.8944
98.1676
97.8941
98.1645
98.0108
98.2824
98.5005
98.0475
98.3572
98.2792
98.5265
98.0449
99.0004
98.9564
98.6689
99.3833
98.9761
99.0264
98.6708
98.6039
98.2771
98.2345
97.8303
98.5532
98.2735
98.2246
98.4268
99.1645
98.4059
99.6163
98.4289
99.3971
98.5221
98.2832
98.3707
98.4776
98.0489
98.497
98.0495
98.3079
99.0398
99.7502
99.0917
98.6901
99.0751
98.6745
99.0143
98.6163
97.8819
98.2703
98.2206
98.2636
98.2203
98.6053
97.3073
98.1258
97.1788
97.7684
97.3029
98.1176
97.1796
96.6107
95.9733
96.423
96.1869
96.6253
95.909
96.4099
96.8656
96.958
96.6911
96.6564
96.8763
96.9672
96.6843
97.2362
101.259
98.7799
97.4837
98.7689
96.9317
97.2018
97.3048
97.7783
98.1305
97.1836
98.1177
97.1846
97.3066
96.582
96.2218
95.9378
96.4867
95.8961
96.3953
96.657
96.8673
96.651
96.9994
96.682
96.9592
96.6822
96.9394
96.5581
96.759
96.5021
96.853
96.5595
96.8079
96.4941
95.6827
97.3862
96.847
96.0428
95.6619
96.1635
96.8528
96.275
96.3056
96.9988
96.2626
96.2755
96.2996
96.9964
96.7972
98.1803
97.0622
98.4289
96.972
98.4097
96.7941
96.5676
96.8729
96.7691
96.4483
96.7904
96.4485
96.5683
95.6971
96.146
96.2328
96.7972
96.2034
96.8119
95.6857
96.284
96.2432
96.3404
96.9962
96.3075
96.9926
96.3564
95.7782
96.4992
95.9775
96.1805
95.783
96.4741
95.9628
95.8272
92.1745
97.4944
105.495
95.8245
92.2943
97.6859
96.6507
96.4945
96.9164
96.5057
96.6338
96.4872
96.9264
95.3289
103.444
96.2315
95.4141
96.0988
91.2655
95.3267
95.7785
96.159
96.4797
95.9997
96.4057
96.0004
95.8205
95.8571
101.782
92.5608
97.5102
92.5292
97.5624
95.9622
96.6541
96.5046
96.5026
96.9518
96.4915
96.9839
96.6595
96.8793
97.4399
96.6148
97.1414
96.8749
97.5058
96.6124
100.826
97.4479
96.2221
97.6462
100.464
97.5595
96.9238
96.1661
96.5204
96.4703
95.8721
95.7379
96.5497
96.4838
97.7171
99.8382
98.0779
99.8918
98.0989
99.7784
98.0981
96.9526
97.1408
97.4088
96.6113
97.4624
96.6111
96.9547
100.855
97.7475
103.52
96.8053
97.9806
96.9044
100.977
96.1902
95.8738
96.5685
96.4781
96.5603
96.4751
96.7871
95.2237
95.5355
95.2952
95.8113
95.226
95.5411
95.2841
94.2842
92.9232
94.2337
93.2254
94.2795
92.9251
94.1449
94.7703
95.1811
94.9008
95.4168
94.7721
95.1722
94.8988
94.7824
95.7331
95.3488
96.1058
95.2455
95.1161
94.8315
95.2229
95.8078
95.542
95.2997
95.5448
95.2739
95.224
94.2923
92.961
93.0732
94.2517
92.9267
94.2892
94.3558
94.7694
95.4098
95.1623
94.8984
95.1686
94.7678
94.899
97.5579
97.5906
97.5424
97.5968
97.6081
97.6087
97.6111
96.6394
96.9359
96.6342
96.5558
96.6865
96.6811
96.5481
97.5406
97.6113
97.5482
97.5117
97.6084
97.5041
97.6071
96.6117
96.9246
96.6151
96.5121
96.6895
96.5068
96.6949
97.5003
97.6109
97.5896
97.4846
97.6071
97.5309
97.6115
96.6191
96.9205
96.6265
96.5004
96.6781
96.5215
96.7048
97.7833
97.8862
97.8132
97.6633
97.5995
97.5779
97.7462
97.6007
97.5616
97.5426
97.494
97.6125
97.6086
97.4853
97.8699
97.7519
97.8321
97.632
97.5594
97.7333
97.64
96.5811
96.527
96.5893
96.5671
96.4736
96.4754
96.5443
96.9353
96.6417
96.6413
96.5404
96.707
96.6882
96.5186
96.5474
96.5927
96.6391
96.5315
96.4749
96.4781
96.5113
97.7615
97.9577
97.765
97.6559
97.5762
97.6417
97.5914
97.6145
97.5308
97.5349
97.5028
97.6072
97.6067
97.5099
97.8826
97.7508
97.7646
97.6764
97.568
97.5934
97.6685
96.5927
96.5202
96.5686
96.5208
96.4747
96.5335
96.4736
96.9527
96.5955
96.6183
96.5876
96.7034
96.6673
96.5145
96.5174
96.5714
96.5957
96.536
96.4737
96.4748
96.5231
97.7618
97.9092
97.7539
97.5894
97.6388
97.6907
97.5733
97.5972
97.5919
97.573
97.4986
97.6053
97.6053
97.5665
97.8924
97.7557
97.7657
97.6515
97.5988
97.572
97.7266
96.6346
96.5109
96.5799
96.4842
96.475
96.5627
96.472
96.9198
96.6094
96.6055
96.5299
96.6848
96.6765
96.5979
96.511
96.5664
96.5619
96.539
96.4738
96.4729
96.6228
96.3357
96.3029
96.337
96.7254
96.6584
96.7266
96.6622
96.3393
96.3663
96.3343
96.6951
96.6571
96.705
96.6513
97.8239
97.3278
97.8372
97.991
97.5288
97.9949
97.5296
97.3934
97.8209
97.8678
97.9897
97.5253
97.5288
97.9852
96.3144
96.3223
96.3382
96.7219
96.6611
96.6628
96.7142
96.3749
96.3331
96.3696
96.7163
96.6352
96.6464
96.7022
97.8317
97.3669
97.7828
97.9885
97.5176
97.5261
97.9775
97.3931
97.8501
97.7828
97.991
97.5264
97.5271
97.9914
96.3261
96.335
96.3557
96.7195
96.6517
96.6486
96.7257
97.8658
97.3488
97.7774
97.976
97.5206
97.98
97.5183
97.3589
97.8844
97.8046
97.9717
97.5094
97.5184
97.9617
96.3522
96.3646
96.3564
96.6891
96.6346
96.647
96.6737
96.5162
96.6684
96.6797
96.9344
96.5421
96.5305
96.9475
96.6679
96.5052
96.6679
96.9536
96.5466
96.9534
96.5506
96.5054
96.6651
96.6681
96.9545
96.5481
96.5493
96.9502
96.6689
96.5105
96.6687
96.9339
96.5415
96.9455
96.5321
96.6777
96.5199
96.6773
96.922
96.4968
96.5172
96.9095
96.5153
96.6719
96.6705
96.9282
96.4958
96.5187
96.9074
97.783
97.7449
97.7789
97.7728
97.4625
97.775
97.4609
97.7839
97.748
97.7924
97.744
97.4531
97.7615
97.4425
97.765
97.7869
97.7909
97.7596
97.4569
97.4507
97.7663
97.7436
97.7788
97.78
97.7727
97.4577
97.4628
97.7658
97.7912
97.768
97.7921
97.7547
97.4106
97.4334
97.7367
97.7512
97.799
97.7977
97.7316
97.4092
97.4297
97.7202
90.9013
93.3375
97.01
89.2522
91.2492
96.4659
101.879
92.1441
95.6774
98.1797
91.1867
92.0491
95.5797
92.0643
131.306
87.0483
84.2768
81.6525
135.153
86.8206
84.3753
106.284
94.5532
127.943
103.914
107.968
95.934
129.607
103.18
100.573
74.2632
81.8434
116.672
102.275
59.7543
113.443
122.241
104.879
121.071
112.36
125.636
105.311
92.7464
94.5841
92.5358
95.5912
92.7464
94.5808
92.5359
97.0206
97.1702
96.8589
96.9826
97.0187
97.1687
96.8689
97.0209
96.9922
97.164
96.8508
97.1719
96.8653
97.0153
92.7401
94.698
92.5264
95.6532
92.748
94.6072
92.5368
92.7476
94.5905
92.5366
95.6872
92.7395
94.6996
92.5259
97.0131
96.9329
97.1726
96.859
97.1554
96.8232
97.022
97.0153
97.1672
96.8476
96.9286
97.0172
97.1563
96.8374
92.9369
95.685
92.8504
95.1498
92.9371
95.6966
92.8504
97.4045
97.1609
97.3012
97.0726
97.4079
97.1565
97.3053
97.4024
97.0703
97.1474
97.3034
97.1529
97.3062
97.401
92.9371
95.7332
92.8513
95.2746
92.9276
95.79
92.8416
97.397
97.1454
97.3092
97.0168
97.4034
97.1198
97.2936
92.9282
95.7924
92.8428
95.1693
92.9374
95.7108
92.8524
97.4037
97.0319
97.1471
97.3051
97.1365
97.2949
97.4063
97.0152
97.1587
96.8506
96.957
97.1557
96.8145
97.0216
97.0189
96.9594
97.1608
96.8468
97.1581
96.8243
97.0237
97.4039
97.0495
97.166
97.2979
97.1045
97.295
97.4106
97.4085
97.1716
97.2979
97.0553
97.1265
97.2959
97.4107
96.4933
97.0059
96.4942
95.8527
96.6227
95.8556
96.6232
97.0062
96.4929
96.4961
95.8527
96.6233
96.6234
95.8559
96.4847
97.0058
96.4789
95.8709
96.6207
95.8614
96.6164
97.0065
96.4864
96.4784
95.8767
96.621
96.6187
95.8634
97.0053
96.4748
96.4728
95.8937
96.6158
96.6148
95.9685
96.4715
97.006
96.4716
95.8985
96.6154
96.6165
95.9603
97.9411
97.8629
97.8643
96.8994
97.2078
97.2082
96.905
97.8712
97.9392
97.8677
96.9
97.2048
96.9038
97.2037
96.795
96.698
96.7219
96.5631
96.794
96.7084
96.7213
97.8545
97.9271
97.8456
96.942
97.2133
96.9192
97.217
96.7903
96.548
96.6901
96.7235
96.6731
96.7194
96.7944
96.7927
96.5641
96.6872
96.721
96.6949
96.7235
96.7887
96.7909
96.6842
96.7215
96.5513
96.7893
96.6828
96.7207
96.7931
96.6734
96.7191
96.548
96.6622
96.7212
96.7944
97.4223
97.481
97.2204
97.2318
97.4224
97.4809
97.224
97.4203
97.232
97.4806
97.2195
97.4808
97.2174
97.4208
97.9227
97.8072
97.8313
96.9748
97.3136
97.2379
97.0286
96.7966
96.5482
96.673
96.7199
96.6741
96.722
96.7955
97.8213
97.9159
97.8477
96.976
97.3157
97.2252
97.0214
97.9201
97.8788
97.8638
96.943
97.2085
97.2116
96.9179
97.4213
97.2245
97.4813
97.2143
97.4805
97.2046
97.4232
97.4191
97.48
97.2112
97.2242
97.4193
97.4793
97.2054
97.426
97.4784
97.1954
97.2167
97.483
97.1952
97.424
97.4273
97.2164
97.4771
97.1929
97.4818
97.2
97.4241
92.8199
94.8405
92.7986
94.5681
92.8204
94.8421
92.7992
97.4849
96.878
97.4394
97.0083
97.4861
96.8822
97.4401
97.4851
97.0083
96.8792
97.4403
96.8813
97.4399
97.4861
92.8205
94.8546
92.7997
94.5786
92.8108
94.9681
92.7892
97.4877
96.8722
97.4413
96.9995
97.4866
96.8638
97.4424
92.8095
94.9662
92.7882
94.564
92.8195
94.8502
92.7988
97.4895
96.9988
96.8709
97.4398
96.8642
97.4411
97.4876
92.2924
93.8216
92.1358
94.2046
92.2926
93.8215
92.1355
96.4841
96.3368
96.5654
95.9524
96.5648
95.9564
96.4842
92.2833
93.8333
92.1261
94.2132
92.2931
93.8231
92.1366
96.4879
96.3239
96.5645
95.9488
96.5673
95.9422
96.4877
96.4852
96.5637
95.9524
96.3369
96.4863
96.564
95.9546
92.2925
93.8212
92.1357
94.3265
92.282
93.8314
92.125
97.4927
96.848
97.4379
96.9925
96.8559
97.444
97.4832
97.4914
96.9926
96.8494
97.439
96.8558
97.445
97.4836
96.4837
96.5666
95.9461
96.3219
96.4848
96.5683
95.9406
96.4906
96.5615
95.9165
96.3105
96.5688
95.929
96.4822
96.4855
96.3104
96.5632
95.917
96.5698
95.9274
96.4805
166.934
103.617
92.2236
101.859
134.847
99.7715
78.4647
97.3814
95.9382
97.3351
96.2149
97.3351
96.2247
97.3808
96.4178
95.5363
96.3591
95.1135
96.4164
95.5399
96.3615
96.4184
95.1173
95.5331
96.3638
95.5422
96.3616
96.413
97.3875
97.3296
96.2165
95.9909
97.3816
97.3231
96.2456
96.4052
95.1538
95.5238
96.3577
95.51
96.3507
96.4095
97.3809
97.3344
96.2122
95.9395
97.3808
97.3341
96.2196
96.4011
95.5354
96.3593
95.1403
96.4105
95.5137
96.3516
97.3836
96
97.3099
96.3299
97.3117
96.2856
97.3697
97.3844
95.9748
97.328
96.2118
97.3218
96.2432
97.3817
96.4191
95.6093
96.3329
95.1685
95.5317
96.3345
96.4248
96.4018
95.1664
95.6397
96.3302
95.5311
96.3448
96.4339
97.38
97.3094
96.3217
95.9946
97.3228
96.2825
97.3642
76.0156
78.0172
81.6394
141.243
75.9113
83.5507
81.5505
101.502
129.339
91.4939
96.8552
97.6757
105.212
87.6433
100.98
93.2223
99.4461
97.0727
100.106
93.617
96.3687
96.8592
110.56
89.1113
100.401
96.9256
114.55
86.5721
91.8966
91.9737
92.9847
91.1889
102.177
91.7059
93.9113
100.242
95.404
107.691
94.1451
102.984
94.2592
111.794
96.315
96.032
96.0474
95.4043
95.2509
95.1687
95.4588
96.335
96.0595
96.0579
95.3538
95.1273
95.1267
95.3627
96.0832
96.3336
96.0581
95.3649
95.1313
95.3623
95.1286
96.0259
96.3326
96.0227
95.3989
95.1313
95.4075
95.1381
96.3207
96.1079
96.1372
95.3559
95.1356
95.1418
95.353
96.0948
96.3085
96.1402
95.3775
95.2518
95.1679
95.4604
92.7502
100.147
96.7103
98.6343
94.2338
100.715
96.3646
95.6194
61.3339
73.5912
136.063
82.9144
78.6749
84.3772
85.8286
90.2216
112.963
121.615
110.998
142.103
113.844
92.753
93.9864
92.7718
94.063
92.7532
93.9863
92.7725
94.7478
100.685
97.009
97.3251
99.239
101.199
99.8087
96.8067
95.3684
96.9285
95.4919
96.8108
95.3704
96.9263
96.8056
95.4895
95.3691
96.9291
95.3709
96.9272
96.8099
92.743
93.9943
92.76
94.0632
92.7527
93.9886
92.7721
96.8184
95.5071
95.3711
96.9237
95.3722
96.9176
96.8149
92.7532
93.9892
92.7727
94.0639
92.7436
93.995
92.7607
96.8182
95.3722
96.9239
95.5061
96.8133
95.3738
96.9201
96.8205
95.4179
96.8924
95.5399
95.3879
96.9058
96.8227
96.8201
95.5382
95.4187
96.8931
95.3892
96.9092
96.8209
92.1052
93.2297
91.9991
93.1168
92.1058
93.2296
91.9991
96.0773
96.3883
94.3722
94.778
96.0796
96.3885
94.3738
96.0784
94.7757
96.3869
94.3715
96.3884
94.3733
96.0793
92.0935
93.2332
91.9878
93.1215
92.1047
93.23
91.9997
92.1059
93.2302
91.9999
93.1276
92.0938
93.2336
91.988
96.0759
94.7959
96.3848
94.3774
96.3781
94.3796
96.0795
96.0754
96.385
94.3761
94.7976
96.0806
96.3758
94.3786
96.0704
96.3489
94.454
94.8333
96.3657
94.4016
96.0609
96.0694
94.8331
96.3495
94.4524
96.3641
94.4009
96.0605
97.1893
98.6791
98.6799
97.0786
96.2337
96.2328
97.0807
98.6799
97.1881
98.6811
97.0778
96.2347
97.0806
96.234
98.6782
97.2026
98.6759
97.0962
96.2385
97.0893
96.2379
97.1954
98.6816
98.6788
97.0999
96.2389
96.2403
97.091
97.2118
98.6699
98.6696
97.132
96.2556
96.2507
97.1973
98.6807
97.2055
98.6796
97.1302
96.2568
96.2537
97.1905
91.136
97.1517
95.0505
90.0463
94.5409
101.144
99.9446
95.8374
95.9323
95.8401
94.6485
94.9593
94.6508
94.9582
95.9588
95.8369
95.845
94.6592
94.9639
94.9639
94.6578
95.9665
95.9743
95.87
94.6703
94.9838
94.9748
94.6678
95.8438
95.959
95.8453
94.6535
94.9619
94.6544
94.9605
95.9299
95.837
95.8336
94.6506
94.9584
94.958
94.6514
95.975
95.9953
95.8641
94.6648
94.9814
94.9712
94.6696
93.457
88.6634
93.8173
94.7568
92.4092
90.7172
93.1538
107.885
98.1903
99.7792
95.1083
100.101
95.3579
107.31
101.429
99.8507
99.8002
102.648
112.541
113.043
107.179
75.0893
86.7744
81.3701
135.872
75.2344
81.2957
81.6116
96.4988
95.2388
96.2351
95.3552
96.2319
95.3537
96.5041
96.0135
94.1631
94.46
95.2217
94.458
95.2374
95.9923
96.4991
96.2357
95.3545
95.2391
96.5036
96.2321
95.3539
95.9778
94.4572
95.2109
94.1571
95.9827
94.4554
95.2061
95.9815
94.1568
94.4561
95.2093
94.4553
95.2068
95.98
95.9967
94.4585
95.2208
94.1634
95.995
94.4608
95.2352
96.5334
95.2434
96.245
95.3571
96.2529
95.3576
96.5192
96.5423
96.2431
95.3586
95.2445
96.5182
96.2523
95.3563
96.0371
94.4649
95.363
94.1696
94.4676
95.2707
96.1259
96.0323
94.1692
94.4625
95.3562
94.4702
95.2738
96.1191
96.5638
96.3582
95.3538
95.2486
96.277
95.3639
96.6238
96.5689
95.2494
96.3596
95.3547
96.2762
95.3616
96.6327
97.038
98.5915
97.0157
95.7234
96.5941
95.7279
96.5964
98.5952
97.0569
97.0272
95.7146
96.598
96.5987
95.7093
98.6059
97.0401
97.0512
95.7193
96.6
96.6006
95.7255
97.1004
98.6253
97.1008
95.7074
96.6018
95.7086
96.6029
98.6598
97.2467
97.0918
95.7213
96.5913
96.6072
95.7233
97.1323
98.6398
97.0483
95.7277
96.5947
96.6055
95.7236
88.6986
91.4868
89.001
94.8534
90.111
91.6308
91.2298
95.4487
95.415
95.4355
94.6272
94.7345
94.6227
94.7335
95.3724
95.4688
95.4452
94.6232
94.7115
94.6166
94.7202
95.5927
95.469
95.4797
94.6296
94.7158
94.6317
94.7037
95.4513
95.4374
95.4482
94.627
94.7134
94.6214
94.7144
95.6717
95.4905
95.4966
94.6147
94.7107
94.6175
94.6879
95.4652
95.5743
95.4829
94.6349
94.7103
94.6278
94.7199
133.895
92.6404
93.3899
92.7731
105.651
107.905
92.1559
96.7412
95.609
96.7211
95.5501
94.7835
95.5488
94.7831
95.3436
95.6373
95.3277
93.6713
93.7695
93.6681
93.7606
95.6507
96.7696
96.7846
95.5472
94.7855
95.55
94.7835
95.661
95.3244
95.3466
93.6661
93.7629
93.7559
93.6661
95.3256
95.5438
95.3234
93.7651
93.6727
93.6719
93.7708
95.5612
95.3716
95.3166
93.7648
93.6676
93.6705
93.7676
95.6898
95.7286
95.6514
93.8597
93.8548
93.8749
93.8691
95.7255
95.6506
95.6582
93.8578
93.8529
93.872
93.8706
96.7916
95.6408
96.7653
95.5425
94.779
95.5417
94.779
95.6049
96.7338
96.7141
95.5516
94.7796
95.5479
94.7817
95.668
95.6431
95.6453
93.8557
93.8624
93.8746
93.8729
95.6491
95.6815
95.6531
93.86
93.8657
93.8724
93.8779
95.6602
96.8736
96.7795
95.5574
94.7812
95.5499
94.7878
96.9215
95.6801
96.7922
95.5552
94.7814
95.5514
94.7879
95.4724
95.5815
95.3371
93.6798
93.7778
93.7859
93.6785
95.5809
95.4592
95.3429
93.679
93.7761
93.7859
93.6768
95.6809
95.8095
95.6581
93.873
93.8822
93.8833
93.8882
95.8256
95.6904
95.6907
93.8726
93.8827
93.8852
93.8879
101.332
101.401
105.632
102.29
100.116
113.431
106.071
100.013
134.89
126.399
102
100.412
124.064
115.935
94.9069
94.59
94.8863
93.5252
93.3817
93.5221
93.3797
94.5991
94.8827
94.8952
93.5205
93.3799
93.3767
93.5204
94.5898
94.9186
94.8942
93.3829
93.5233
93.5248
93.3833
94.8856
94.5912
94.9016
93.3834
93.5282
93.5274
93.3841
95.3643
95.1629
95.34
93.9016
93.8652
93.8989
93.8623
93.3784
93.4953
95.6001
93.3958
96.5266
95.6383
93.266
97.5947
84.7344
91.168
93.1411
88.0606
101.64
89.5728
95.162
95.335
95.3422
93.9017
93.8648
93.8621
93.9024
95.3507
95.1696
95.3626
93.8686
93.9072
93.905
93.8692
95.1691
95.3753
95.3634
93.8692
93.9032
93.9052
93.8695
95.035
94.6159
94.9257
93.5327
93.387
93.3942
93.5305
94.6196
95.0309
94.9416
93.5317
93.3841
93.3917
93.5291
95.5034
95.1983
95.4018
93.9096
93.8659
93.8753
93.9059
95.1989
95.4957
95.4078
93.9082
93.8648
93.8745
93.9045
112.247
94.1109
110.753
92.967
80.6003
94.0072
123.495
98.6913
98.0159
98.7458
93.4809
93.4856
91.4491
91.3672
100.478
77.0456
93.0883
100.598
100.416
96.1841
93.9788
93.8556
105.585
94.9085
91.3937
94.1317
98.1159
94.1787
102.759
97.914
98.9261
118.282
107.1
103.886
116.834
101.709
106.269
101.732
102.056
113.627
103.964
107.899
100.076
103.277
103.524
101.807
100.097
102.796
106.725
95.3152
102.122
103.878
94.9139
104.41
112.581
110.293
94.3222
98.9463
99.0465
93.3834
93.2452
91.5276
91.3829
102.685
106.152
115.281
103.549
102.654
105.929
106.042
105.427
100.749
100.099
100.657
105.177
100.224
100.795
98.9652
106.607
102.267
97.1485
93.3681
104.884
105.069
101.176
100.166
100.894
107.681
112.116
105.998
111.735
99.0852
93.1534
89.9273
106.093
99.1352
91.6446
89.6677
100.093
101.947
103.468
101.634
100.105
101.867
103.531
97.4615
119.106
96.5621
86.2915
97.8041
86.4285
89.0552
94.6004
94.8477
94.6003
93.7923
93.7909
93.7549
93.7558
94.847
94.6036
94.6034
93.7915
93.789
93.7528
93.7537
94.6078
94.8554
94.6131
93.7958
93.7969
93.7601
93.7622
94.8579
94.6078
94.6135
93.7948
93.7946
93.758
93.7591
94.2081
93.9552
93.9522
93.2408
93.2407
93.1361
93.1362
93.9544
94.2058
93.9551
93.2428
93.2418
93.1369
93.1378
94.8828
94.7187
94.6385
93.7955
93.8033
93.768
93.7598
94.7166
94.8866
94.6382
93.794
93.8017
93.7662
93.7583
94.2213
93.9554
93.9562
93.2473
93.2484
93.1426
93.1439
93.9579
94.2164
93.9555
93.2449
93.247
93.1403
93.1416
94.0571
94.2442
93.976
93.2467
93.2552
93.1499
93.1406
94.246
94.0602
93.9754
93.2451
93.2543
93.1482
93.1391
91.887
92.8246
91.7901
92.9798
91.8877
92.8246
91.7901
94.7251
94.9593
94.0876
94.1619
94.7264
94.9572
94.0884
94.7247
94.162
94.9596
94.0878
94.9575
94.0884
94.7258
91.8755
92.8276
91.779
92.9813
91.8867
92.8247
91.7906
91.8878
92.8248
91.7907
92.9835
91.8757
92.8278
91.7791
94.7294
94.1668
94.9651
94.0899
94.9713
94.0881
94.728
94.7302
94.9645
94.0901
94.1667
94.7281
94.9708
94.0882
94.7353
95.0608
94.0812
94.1715
94.9937
94.0916
94.7434
94.7351
94.1711
95.06
94.081
94.9938
94.0916
94.7438
105.364
98.9489
94.4449
95.7528
109.982
98.7425
94.7049
100.022
101.628
100.083
98.894
112.439
112.872
100.366
93.5338
129.396
93.6665
91.4596
94.1094
98.1389
91.6992
92.9739
95.7176
97.2879
94.4884
94.8742
96.368
94.2391
90.3603
102.523
95.13
99.4714
372.908
109.277
76.0285
99.7541
103.101
95.7246
90.7708
100.606
95.3563
98.3618
104.164
106.177
107.322
96.4408
112.668
96.7014
104.266
101.613
100.338
99.147
105.335
109.342
110.775
108.498
101.69
105.761
102.633
118.304
116.403
116.137
129.677
101.251
106.473
106.675
100.509
101.194
100.815
103.583
94.8439
93.8743
94.5034
94.2045
95.112
93.7033
93.8129
101.846
94.0892
94.1544
93.373
95.2233
95.756
93.1149
106.111
106.511
99.7058
88.6385
104.305
114.444
95.1856
100.361
96.2224
100.684
105.426
117.658
106.794
115.631
107.681
87.8133
112.365
93.6875
112.64
93.33
110.845
102.042
115.12
101.417
117.422
99.8372
119.649
102.302
100.529
102.041
98.6509
105.934
104.879
106.84
106.536
94.4625
145.416
96.7678
91.7195
94.4039
96.1723
94.5314
100.045
99.7529
99.7088
105.094
115.657
87.7245
110.563
96.064
99.7113
93.1085
103.781
97.7043
99.5632
93.2993
91.1278
91.9202
91.5319
96.1994
92.4922
116.64
91.3211
91.4835
91.1746
91.7267
97.7114
91.2856
97.8813
91.2522
98.0201
103.814
93.2743
104.605
95.7647
107.006
92.8978
113.048
112.86
69.1525
108.424
108.185
113.214
75.5824
88.5346
96.766
93.6402
91.6242
93.0167
91.9155
96.1664
97.2465
109.501
106.036
98.1949
97.1487
109.371
104.784
97.1017
96.837
96.4579
88.856
95.391
94.8767
88.7859
93.6143
93.9716
92.2002
92.9845
95.5722
93.6214
91.875
99.8247
96.2858
102.737
100.993
99.7578
96.2558
97.0035
113.136
107.401
133.962
123.564
96.8622
96.5021
102.345
92.4516
93.9005
92.6088
93.7551
92.4515
93.8999
92.6092
95.9712
95.2572
96.1041
95.2426
95.9736
95.2581
96.101
95.9728
95.2426
95.2571
96.1016
95.2578
96.0994
95.976
161.584
86.9856
78.3358
122.614
133.459
86.8489
86.5795
92.4413
93.903
92.597
93.7559
92.4516
93.9007
92.6093
92.4513
93.9001
92.6091
93.7552
92.4408
93.9025
92.5964
95.9763
95.2432
95.2588
96.1031
95.2563
96.1022
95.9764
95.9752
95.2586
96.1041
95.2442
95.9766
95.2561
96.1064
95.9759
95.2475
96.1271
95.2471
95.2585
96.1123
95.9764
95.9759
95.2483
95.2481
96.1247
95.2588
96.1129
95.9789
91.9542
93.7757
95.1857
93.0522
95.1876
93.0337
91.7699
110.8
100.918
102.136
100.144
100.484
100
102.763
94.6979
94.5653
94.6913
93.9327
93.9044
93.9336
93.9053
95.7224
99.2318
88.9283
101.455
91.9871
100.869
94.3157
94.5656
94.6963
94.6902
93.9326
93.9047
93.9055
93.9331
94.7091
94.5664
94.72
93.9072
93.9382
93.9373
93.9051
99.8581
98.5211
102.431
97.1373
101.812
97.3922
100.573
94.567
94.7104
94.7182
93.9068
93.9379
93.9364
93.9043
89.8393
77.9569
112.547
106.801
110.055
98.1073
120.44
91.377
99.4292
96.8885
98.0444
100.49
109.902
95.6718
94.7059
94.573
94.7137
93.9388
93.8961
93.9066
93.9271
106.391
111.17
113.859
96.7149
99.6119
100.934
96.2234
94.5715
94.7081
94.7178
93.9397
93.8972
93.9076
93.9282
98.9161
90.7047
112.967
95.1061
106.526
98.0509
93.3501
93.8222
93.8428
93.8423
93.0994
93.1688
93.168
93.0995
93.8397
93.8207
93.8407
93.1003
93.1698
93.1019
93.1698
93.8238
93.8427
93.8541
93.1704
93.105
93.1036
93.1672
93.8441
93.8245
93.8516
93.1703
93.1042
93.1043
93.1678
87.8187
107.657
81.7342
89.0375
86.2755
96.9578
101.391
106.926
95.3847
127.473
101.956
106.544
95.1004
127.053
103.2
101.727
102.287
124.018
111.309
119.343
116.645
91.2537
95.6423
97.1286
92.4038
94.2946
92.9112
98.1567
93.8723
93.8268
93.8679
93.1094
93.165
93.1735
93.101
93.8301
93.8743
93.8632
93.1089
93.1625
93.1713
93.0993
98.2287
93.4385
91.6312
95.5526
98.0541
92.9209
90.4381
108.394
113.633
77.0595
114.253
108.749
122.494
88.4245
104.967
107.304
136.701
118.506
110.006
113.772
104.642
99.3581
107.291
105.996
100.489
102.293
102.839
100.842
80.5227
81.782
81.3552
84.3127
87.7469
81.6945
85.5287
74.8242
102.224
91.2505
95.548
85.4105
102.01
90.2634
98.8052
101.135
103.851
101.08
97.9077
99.1196
104.711
82.8754
79.4848
85.7648
86.3089
87.1876
84.4783
85.4339
100.337
102.502
98.7943
99.6215
100.147
102.732
96.4409
88.0516
129.592
83.8842
96.4903
116.679
101.607
97.6315
101.878
127.768
101.509
102.76
103.681
94.3404
100.568
94.7013
108.992
99.2116
125.667
99.3922
101.684
108.49
135.939
89.7924
90.9563
92.8599
117.144
136.718
101.731
92.5159
119.413
91.8847
92.1746
114.764
109.376
89.9041
94.615
102.469
104.741
108.806
99.2934
101.595
94.3192
99.743
103.124
99.7179
98.9761
101.693
97.116
99.8949
93.8259
93.1176
92.5223
94.9223
93.3163
92.6234
92.47
111.789
107.088
111.247
97.2251
102.404
100.012
100.888
86.4307
147.645
107.64
106.257
89.6114
104.981
126.925
93.5624
97.3969
92.7322
92.8875
92.7375
92.7444
94.8408
106.651
117.941
101.891
99.0435
96.9613
93.8438
100.606
93.35
95.4321
93.6319
93.85
93.262
95.96
93.6657
91.9345
98.9285
94.1936
92.778
105.481
91.8325
97.1342
97.3911
104.413
99.7725
98.6639
96.5089
102.895
99.8983
109.356
99.9875
95.2924
104.201
144.389
100.624
94.7915
105.325
103.639
100.837
100.763
103.244
101.518
101.503
107.119
98.143
97.6688
101.964
113.952
104.666
104.766
146.27
100.998
116.749
92.6229
110.278
100.454
119.769
88.2305
80.4703
92.0055
90.1666
93.6378
99.6302
103.152
127.539
110.1
92.2988
90.7381
89.463
115.943
92.0629
113.211
92.9675
102.448
116.429
104.055
115.712
112.709
140.706
114.442
106.131
133.973
110.175
110.494
135.577
96.5099
105.756
97.0948
94.2368
101.05
96.8308
97.6094
102.295
104.628
101.379
101.982
103.71
106.012
103.566
109.1
102.045
104.955
111.047
125.592
101.619
110.836
106.456
100.814
99.5834
102.416
100.635
100.858
106.586
93.5743
88.4487
93.3332
89.7292
95.5268
90.5019
94.1418
109.657
202.465
99.3741
105.608
148.368
98.2461
136.99
116.128
92.7556
91.5238
90.839
113.298
90.3935
90.7946
88.4723
86.817
105.814
103.546
111.492
87.1118
90.488
89.9065
126.202
91.3533
89.0044
89.9172
115.142
99.4586
94.8417
99.4263
95.1579
105.637
95.1891
106.124
94.209
92.1745
102.73
114.885
101.78
110.55
87.5326
116.741
58.4594
266.035
112.014
116.82
166.301
109.483
126.93
94.9759
95.9929
61.599
100.807
95.7912
167.412
180.383
102.266
99.0077
94.3258
94.9881
96.6742
98.2009
94.0528
63.3387
75.5215
76.0425
106.82
112.373
112.979
114.31
87.7115
103.757
89.909
98.1299
87.7369
88.9951
103.493
99.9657
105.175
94.4897
150.671
119.212
130.817
151.033
89.1591
89.0106
87.4661
103.257
104.626
93.874
90.8751
101.485
99.5745
115.627
114.874
101.442
99.8181
117.103
91.087
91.3988
91.3639
99.2918
91.1599
98.1696
91.3415
119.16
127.212
103.692
125.485
120.87
126.762
100.858
59.3714
77.8778
73.1538
55.1142
54.066
63.4621
63.7125
100.712
99.8639
102.591
98.5906
106.295
101.829
99.92
128.08
115.08
103.944
124.483
133.67
100.387
137.233
112.315
106.74
105.613
102.908
99.2401
92.5597
92.7709
106.71
112.627
99.4115
116.085
98.8663
114.596
101.231
104.777
97.4738
115.689
113.495
105.152
98.0599
116.319
103.038
100.281
100.46
103.783
102.382
100.971
108.505
86.785
88.7294
109.334
93.0889
86.7799
104.403
95.2835
120.358
108.428
105.497
139.38
121.052
108.694
128.893
88.3538
89.3336
93.4622
96.5618
91.1656
92.8459
93.3189
100.382
101.562
103.625
101.574
99.9349
104.248
104.073
94.5652
93.7616
100.552
93.2261
92.5612
95.3561
99.1162
101.731
87.5349
94.9776
97.6506
93.6051
96.1582
95.5587
115.958
89.4667
93.825
96.0855
90.5
100.675
125.284
111.609
108.076
107.494
107.121
108.905
112.007
103.713
110.468
94.1321
128.391
80.2752
127.553
81.5143
112.475
100.395
100.214
100.287
98.1941
101.101
100.612
100.478
100.583
99.9162
104.396
100.111
100.596
99.9131
114.29
93.4477
96.045
93.1735
98.6564
93.3441
94.5845
94.0346
97.1378
94.4122
96.5612
98.5883
95.8498
97.9028
95.8376
96.7519
102.043
100.679
94.2331
134.941
90.0116
101.516
89.4849
99.3775
98.7032
103.61
103.24
94.9557
98.0345
98.4115
87.2461
86.992
87.3581
98.8273
87.7902
87.0881
102.406
93.1541
108.113
111.054
89.117
118.038
88.906
95.177
98.1704
96.7116
114.703
98.9415
96.3489
125.342
94.5277
98.3074
96.653
99.1516
96.462
95.6867
101.449
118.269
94.997
95.5858
96.8246
107.127
98.9056
95.9712
96.2723
98.8971
97.1547
114.54
95.3548
98.2312
96.8492
99.7179
82.9982
92.5641
89.5318
99.4804
121.013
92.6822
90.3929
91.1426
91.1352
99.272
91.4183
99.112
91.2088
71.8229
109.16
78.9159
158.774
77.0365
90.1504
86.1413
103.782
96.7149
94.8798
95.4003
95.1503
95.0112
103.772
94.4817
95.8705
96.0069
97.7329
95.3954
94.6985
99.2452
97.5728
90.4731
82.8067
91.8272
94.4154
98.4006
92.1218
98.6622
92.6012
112.255
98.3713
91.3103
99.2009
90.9239
99.9099
103.499
103.943
101.753
99.8849
102.22
104.757
97.2166
109.822
92.985
101.556
94.088
99.8386
93.5957
106.399
103.323
102.794
119.959
97.7207
114.19
96.6213
100.6
101.416
100.394
104.7
106.711
108.609
104.598
97.7597
111.223
112.241
94.7984
126.552
132.11
95.8921
100.249
108.305
103.303
105.018
103.231
101.407
106.818
108.726
124.248
98.7825
104.943
130.057
124.02
108.48
111.181
101.17
100.892
109.584
135.699
72.0782
110.531
93.5942
109.491
99.2284
98.1829
104.607
93.1595
102.427
105.108
108.872
113.148
107.23
109.184
116.486
107.723
102.19
101.657
106.163
101.653
101.407
101.369
105.51
98.6437
105.065
101.62
100.398
105.649
101.323
98.4056
100.401
99.6991
103.31
100.226
103.391
103.056
105.478
101.485
101.186
105.159
101.561
108.94
105.112
105.053
101.117
122.567
104.288
124.216
126.097
110.263
108.023
101.469
102.107
99.0647
101.057
101.852
98.5465
98.3797
101.3
103.185
102.112
101.018
101.643
101.3
99.8576
115.699
98.7136
95.9212
91.9647
85.0668
92.7675
94.7435
93.454
94.9392
91.0978
92.5057
97.2945
92.4333
98.7842
116.002
102.984
100.465
101.786
100.063
102.79
100.115
27.9313
55.7982
88.3241
141.047
27.3879
143.158
58.318
78.6461
85.8009
85.848
96.5274
88.9115
95.8446
95.8229
87.0464
86.8752
86.7813
95.4004
88.3514
88.0421
95.4965
94.0507
87.8066
94.8676
89.7556
91.2878
90.0856
91.3479
106.736
101.018
103.975
104.85
102.155
113.211
103.55
99.2211
99.5735
103.059
100.056
101.177
101.443
100.223
112.656
125.778
89.9369
95.0582
119.765
82.7862
111.654
113.798
105.455
126.935
91.4853
105.024
116.222
114.457
113.462
138.871
140.228
129.233
111.86
110.958
137.144
133.587
94.8223
100.814
109.772
53.9719
75.5057
111.039
87.0004
90.4216
87.0001
87.7464
95.4413
95.5171
87.8278
92.4187
90.8906
93.8797
98.2375
91.0943
94.0037
92.6333
90.7265
100.685
96.2547
96.0294
97.794
98.9094
93.7882
102.096
106.373
103.561
103.591
102.513
101.179
99.5143
103.933
88.8196
106.184
114.243
88.4671
78.4717
102.477
128.345
157.193
115.542
126.685
131.842
125.155
137.755
94.6791
98.6725
99.1532
93.7585
94.2183
92.8501
93.7562
90.5274
98.5305
100.06
99.4079
98.8311
94.6741
95.1747
104.806
109.713
102.313
101.944
111.496
102.175
110.541
97.8057
100.624
98.2437
144.772
176.591
111.899
136.239
102.003
102.28
102.825
101.511
115.148
118.4
101.39
134.165
98.1273
99.7629
177.922
88.1449
85.5838
108.029
101.897
105.686
101.181
114.733
104.221
114.789
99.9589
99.2504
87.734
96.06
90.5739
89.9289
94.8675
93.4136
105.653
122.854
109.162
100.892
103.777
110.205
107.798
105.03
108.536
109.837
104.981
104.239
108.208
108.274
105.503
97.1742
134.324
120.678
103.988
109.819
111.23
98.325
98.4037
99.732
125.229
104.223
102.411
122.648
100.669
98.7729
103.708
94.5514
103.204
95.2788
100.9
102.272
101.264
103.173
101.744
103.321
105.046
102.238
104.903
83.7798
83.1936
106.245
99.9646
100.828
108.054
99.5566
122.211
114.894
118.728
100.019
100.842
129.413
103.531
95.1904
100.251
100.09
98.0178
100.467
101.366
100.473
92.0915
92.2052
113.322
100.756
95.1914
109.852
126.374
96.3973
111.473
110.404
137.419
97.824
107.938
96.7553
119.01
99.3547
113.508
117.629
122.458
102.866
94.5727
93.9683
94.4326
93.862
94.5759
93.9694
94.431
87.8313
95.2677
95.1573
91.6017
92.2953
91.4343
92.184
111.46
117.058
111.479
120.603
106.339
120.416
102.716
102.317
103.642
111.058
103.263
102.278
103.31
110.363
102.954
104.584
111.361
97.9842
99.335
94.7652
100.421
110.905
83.1787
120.126
103.573
120.263
102.566
110.821
97.3777
117.177
96.006
121.481
151.236
99.4138
157.216
94.5729
93.862
93.968
94.4321
93.9692
94.4308
94.5745
96.9963
98.3067
138.102
119.91
103.654
121.004
100.995
94.5721
93.8602
93.9698
94.4351
93.9673
94.4382
94.5741
104.895
105.251
99.311
97.6663
102.493
103.166
98.8411
103.658
106.885
100.213
99.4888
101.852
100.612
100.998
94.5762
93.9698
94.4343
93.8608
94.5732
93.9677
94.4374
81.8614
80.5742
79.9706
84.7587
85.5205
81.3434
80.4431
108.585
100.344
103.17
100.563
100.388
100.426
106.849
96.8944
93.4853
98.9485
93.1881
93.9687
91.8379
100.586
102.468
99.9971
102.025
100.814
99.1495
102.279
100.707
99.9025
105.545
102.248
99.7206
101.192
86.214
104.473
114.463
102.598
101.712
116.183
121.19
107.143
96.3551
94.5752
93.9603
94.4416
93.8629
93.9702
94.4402
94.5799
100.965
101.648
88.8866
118.127
85.971
108.172
100.008
94.9044
101.592
95.7859
99.5886
99.7702
105.516
105.702
96.2201
100.848
95.1356
99.0703
99.1697
104.301
103.99
97.192
102.349
132.259
136.589
113.967
97.2126
134.616
95.0719
121.844
92.7409
120.286
122.068
92.3009
105.32
88.5802
105.391
98.2771
103.199
94.2982
103.132
103.295
95.4257
111.623
110.969
93.29
93.0654
104.246
111.849
94.5823
93.8632
93.9604
94.4412
93.9703
94.4398
94.583
106.869
100.3
106.976
94.4822
95.163
102.152
96.956
90.4285
14.8517
16.048
144.547
65.0379
160.541
59.4905
95.4192
103.617
95.7914
104.084
107.742
89.2101
100.601
94.9197
98.1535
98.2796
155.443
95.9599
87.2561
96.1525
91.923
158.55
89.313
93.4018
95.4485
157.361
104.663
93.8352
110.161
101.604
94.8679
121.166
93.1346
111.085
105.4
106.568
104.424
100.696
98.6714
98.8925
98.9257
95.7104
93.9288
94.2491
92.705
96.8435
98.8242
90.3782
94.1162
87.8519
92.0891
86.0103
92.4885
100.943
99.2273
87.561
91.0235
91.6948
162.425
167.962
92.0966
89.9359
93.6475
153.653
94.7392
91.6968
94.054
116.844
121.777
124.785
108.693
125.12
95.065
96.4866
129.703
131.232
117.41
78.3962
109.343
119.669
119.312
192.301
187.963
100.945
97.9106
100.293
100.722
104.076
107.527
102.183
96.9273
100.491
99.3046
102.21
99.8471
99.6883
101.093
93.9948
105.667
93.8772
94.8536
93.3479
94.35
93.7673
99.5752
99.5446
93.4347
94.968
102.046
92.8341
95.347
95.5414
104.247
128.536
106.055
128.941
105.983
104.905
124.944
108.336
123.916
94.0683
93.0879
160.168
128.104
101.549
96.4867
94.405
90.8586
89.3917
85.0831
90.9713
75.8617
103.203
107.898
120.718
121.043
248.279
196.891
108.88
124.999
125.3
98.461
97.1765
130.742
166.405
104.148
131.183
92.8048
104.126
131.808
104.004
95.2403
135.227
112.637
97.9051
109.12
95.1299
122.216
122.501
95.6579
82.8455
98.2463
247.844
174.054
88.0849
75.7118
93.7056
103.916
95.9206
89.0458
89.3332
116.981
125.513
76.1976
111.485
114.729
127.17
119.253
188.168
186.094
89.417
105.281
115.113
168.815
156.734
90.8307
88.7648
104.916
117.866
67.6483
104.861
109.664
122.666
73.1291
112.982
106.941
89.1792
102.235
112.885
107.473
93.6955
105.298
106.057
112.419
108.033
109.285
103.682
108.641
93.5703
89.4827
83.9021
92.1
93.3579
90.9746
84.4992
111.034
96.4754
124.14
67.7235
110.791
92.9625
123.733
105.048
124.129
103.348
84.1466
124.22
135.688
102.045
131.163
129.332
129.157
115.493
81.8623
114.179
97.4447
101.41
99.5039
110.694
115.268
119.11
119.633
69.4284
153.931
196.404
75.5832
79.9177
47.4382
170.149
176.745
95.6339
145.101
93.6244
104.039
140.913
140.429
105.586
83.2667
32.9881
54.8099
52.5856
28.3603
137.83
140.813
96.8942
115.966
103.048
98.3621
97.9364
98.1157
97.0845
99.0615
102.721
102.024
101.701
92.7698
95.5238
97.4767
106.755
88.1188
104.841
99.5064
87.7665
99.6209
85.6144
111.694
97.4216
111.431
145.049
108.37
130.588
131.335
169.179
72.751
105.117
171.884
122.083
190.739
241.61
113.285
101.562
108.305
106.397
108.083
101.814
111.202
115.41
88.7381
106.636
148.631
92.0676
111.582
107.943
120.082
106.782
127.902
91.0849
124.715
121.939
124.16
110.259
116.988
117.525
99.0327
110.41
97.2744
110.565
113.88
69.6906
100.501
124.702
90.9196
126.302
112.401
99.4065
112.544
113.379
114.852
71.1897
72.168
115.686
76.2429
77.1835
74.5431
90.021
76.2635
79.56
89.2705
78.7793
81.9637
79.1371
87.2978
79.5058
86.0516
79.9794
74.955
75.3054
74.2602
84.604
85.3139
83.686
88.2498
106.497
111.397
102.19
181.14
105.1
134.315
141.573
95.931
96.3894
96.2685
101.891
101.248
104.584
97.3607
93.9598
90.5796
90.5349
99.2811
102.185
91.2521
91.7
93.4673
100.48
94.2649
92.5475
89.3487
91.6131
91.2734
94.4645
94.2539
92.3686
91.4129
101.769
95.6468
91.156
101.484
113.955
103.376
108.438
102.79
105.452
106.475
106.51
116.98
102.341
102.316
107.657
113.604
103.009
93.3612
91.7943
99.6975
92.3589
93.3466
89.5232
87.6602
89.3641
94.5749
91.929
91.756
100.187
90.4443
101.078
108.063
102.598
101.405
111.716
127.673
111.262
123.207
101.267
103.291
103.392
126.248
100.707
124.88
105.374
80.5398
102
99.4574
100.933
102.479
78.485
79.2475
148.382
131.869
102.399
119.294
113.178
145.77
143.816
106.911
108.885
94.5745
96.017
103.622
109.25
94.7236
90.32
106.012
87.822
109.178
88.5148
98.2453
96.1947
105.234
110.134
114.754
109.1
110.822
107.581
105.149
92.6703
104.824
105.705
96.005
98.6085
97.2624
95.7629
129.036
95.44
170.359
118.847
78.6357
80.6198
133.032
101.926
122.999
100.177
113.378
122.566
126.866
110.916
96.0769
87.5996
106.312
101.264
92.0606
86.837
106.215
98.3778
97.9144
96.4261
113.929
99.1286
96.9744
108.791
107.491
97.9659
98.6431
99.2289
100.962
100.803
99.6339
99.7405
98.4826
102.754
91.4293
99.7966
98.1502
103.08
104.402
88.4265
131.979
103.869
91.0681
100.697
99.2047
100.272
110.297
94.0323
114.628
113.531
76.5845
80.0466
110.054
92.0783
91.9137
119.62
113.001
64.9413
77.0636
92.818
98.8695
92.0386
92.8811
90.4399
92.1331
90.8155
112.701
89.0806
126.777
89.0296
111.183
90.7856
127.775
131.995
99.1553
97.9652
122.828
92.4112
89.2933
122.255
213.663
87.9899
137.028
151.326
303.059
164.382
133.605
99.7937
123.675
99.5527
126.129
92.1199
142.442
92.7635
129.009
139.001
149.377
86.914
126.763
140.314
82.2399
140.913
107.498
104.779
94.4326
99.4513
129.598
92.9312
122.772
95.0801
127.117
95.4407
110.246
93.9682
121.098
98.5675
109.872
95.2311
117.322
100.77
113.799
97.7136
111.368
91.962
92.5158
124.782
89.6283
125.632
110.927
123.144
100.555
99.7139
122.311
109.94
89.9964
124.977
128.768
131.281
112.433
130.928
126.83
135.08
111.532
112.213
105.036
107.664
95.625
106.89
96.3134
95.5341
128.98
120.709
89.7097
108.503
100.278
107.308
126.916
118.394
91.9567
130.861
97.6226
98.9524
158.379
109.684
91.0756
117.172
98.1195
98.517
118.984
97.3513
96.8633
109.523
114.548
112.588
105.834
106.122
118.015
116.13
90.1525
86.9946
92.091
90.1691
88.4624
86.7025
94.2888
137.816
126.44
122.294
122.183
113.048
118.165
122.975
112.528
86.6398
87.0307
126.658
86.347
129.027
111.52
111.362
89.3092
87.0896
100.773
126.566
91.5853
87.8646
112.828
103.38
90.3945
88.4078
91.7313
87.9094
114.485
134.662
124.068
108.036
415.74
93.7595
109.061
128.191
104.163
127.052
106.268
139.005
101.244
143.374
109.432
100.356
100.042
96.8368
105.494
106.337
104.934
106.359
108.084
95.264
96.0456
80.315
104.424
100.078
101.824
117.934
97.2645
98.6162
130.988
114.857
110.618
93.1469
94.3132
97.7228
112.865
104.615
99.0448
100.935
100.118
131.313
85.0455
97.4309
76.7776
95.4446
123.538
212.843
96.2413
98.947
110.779
115.933
99.1281
98.2981
107.56
142.334
134.754
159.654
242.559
84.6538
96.3089
113.638
97.6496
94.3194
95.7216
86.3901
93.6115
104.931
98.8419
97.0608
98.042
95.467
97.4256
96.8103
112.182
91.2675
105.171
123.534
101.873
152.822
83.6843
112.903
85.1994
103.832
101.736
101.35
99.5369
109.073
132.197
100.79
118.711
95.4044
98.7124
96.0405
97.1508
98.2682
96.1187
122.134
110.038
124.048
136.937
111.951
113.044
161.61
51.7922
73.1727
51.0633
147.192
120.778
115.774
127.036
58.7245
213.646
82.8682
116.348
155.034
103.839
101.827
106.933
99.8389
114.841
97.6893
107.372
99.7349
109.842
105.641
106.573
110.66
98.6883
100.325
99.7613
98.1321
192.494
103.119
104.735
113.126
186.478
132.945
148.815
131.991
95.6794
222.118
124.42
114.472
87.2946
127.792
132.249
137.771
125.237
92.9238
79.431
84.6694
113.085
94.8915
118.102
116.379
89.5718
118.799
130.995
95.7773
191.267
94.4173
75.9081
103.355
94.265
157.077
182.598
129.084
105.476
144.045
200.313
151.379
84.5778
126.296
101.228
100.116
108.636
117.717
108.198
107.681
101.696
127.582
131.396
108.465
114.755
164.366
109.992
122.505
120.233
110.139
118.967
111.328
121.88
111.184
126.156
87.5627
118.069
84.8558
140.138
89.5046
128.481
95.2803
123.594
135.111
159.304
112.31
140.667
118.451
112.195
144.448
128.711
110.159
110.97
107.948
116.265
135.645
40.9495
155.161
232.169
222.947
343.534
169.729
123.391
68.1634
110.886
73.1979
120.045
156.381
104.717
107.318
467.038
282.57
261.625
126.789
550.298
102.035
92.9334
104.671
99.3344
105.671
102.92
125.685
98.4151
97.9855
104.852
111.903
102.652
98.8071
95.978
94.8001
92.5072
105.217
101.251
92.1191
101.265
84.7912
85.074
92.908
55.0062
91.2377
50.7395
166.284
156.368
104.399
104.869
190.124
112.761
81.4386
171.648
112.789
105.646
80.8731
60.2589
103.351
79.3054
153.249
153.733
101.154
115.081
103.178
100.824
89.3698
91.1981
101.565
90.4192
101.232
111.406
111.312
109.66
151.664
107.558
108.652
97.141
99.6535
111.34
97.7606
104.559
98.5186
100.269
104.702
99.0579
87.6558
98.215
120.969
110.266
93.6356
94.3373
89.7111
94.1361
119.194
148.177
86.0274
86.6302
95.9576
105.573
118.617
130.335
124.844
105.445
118.857
135.618
111.359
119.618
122.74
205.215
82.2571
62.9335
171.534
187.465
70.0729
175.444
92.8993
109.945
150.024
148.474
90.4337
86.481
83.0072
99.4396
90.6759
86.6103
91.3427
109.372
132.584
89.3042
116.468
129.816
91.0907
104.408
156.92
109.857
118.924
113.495
124.453
111.713
177.195
109.287
90.172
86.2284
105.678
84.9155
110.339
113.329
89.0053
49.4044
123.503
223.001
161.382
166.249
260.789
121.976
259.756
148.998
125.592
301.795
147.385
125.429
111.916
94.9968
83.7159
119.883
131.123
99.2296
107.039
126.688
114.706
126.91
131.911
135.951
124.094
124.638
155.855
133.282
88.4136
142.73
89.7765
89.2118
95.3198
142.135
136.5
128.114
145.675
140.296
129.774
118.967
197.531
56.0264
122.766
97.7699
90.9066
141.257
96.5665
111.206
157.453
175.461
49.9477
68.3376
78.8122
78.4956
121.518
101.508
121.825
117.221
118.342
104.523
112.75
96.8629
109.092
98.8731
100.952
95.9869
96.7895
98.2332
98.3201
96.6056
103.397
90.0628
103.327
94.8875
93.7891
109.226
111.774
103.79
106.381
110.431
105.533
107.971
86.3102
140.995
87.4935
115.328
101.815
88.7348
150.973
90.1725
119.734
101.764
95.2982
89.2328
111.491
98.111
121.697
107.278
108.669
103.421
130.098
110.3
107.126
83.0782
81.8907
167.562
94.7113
77.7241
74.8788
81.7474
229.11
45.6528
118.709
89.2079
70.4464
164.883
178.44
102.662
93.6562
122.052
104.631
131.25
160.349
101.628
683.717
118.044
229.329
83.1959
471.2
296.721
308.81
139.015
106.903
114.688
121.176
146.214
118.949
116.663
75.8539
88.356
23.7099
157.033
91.046
118.307
269.758
373.846
122.688
183.39
189.873
237.82
58.7104
306.05
105.979
114.82
107.414
104.684
110.766
103.658
104.533
98.4738
73.2142
102.488
86.1751
85.3927
85.1488
111.407
91.4763
113.264
93.6992
91.6719
84.8593
120.551
85.2478
85.8655
138.22
95.0162
113.809
71.652
82.8676
98.5745
250.241
158.297
270.245
47.4366
34.9439
128.713
185.862
102.82
144.871
100.505
97.3419
120.581
90.1047
145.817
103.433
116.639
101.76
98.4196
123.961
104.122
100.333
122.831
115.249
125.891
111.961
127.411
127.328
109.095
103.412
123.315
94.1476
104.912
127.936
95.9497
97.9488
112.859
118.88
98.6445
94.2279
116.564
109.621
111.259
86.0941
84.9273
90.949
145.003
77.6294
89.8989
115.311
68.3895
86.4707
99.8244
168.87
66.517
87.0704
86.2715
148.47
117.698
83.4467
93.259
111.956
167.02
93.0289
51.5623
253.33
118.901
311.506
11.0917
43.5891
370.78
116.897
96.8083
118
114.171
118.856
121.84
117.97
69.2678
139.481
76.5194
-134.775
362.068
14.6115
468.632
96.8271
162.571
102.948
66.2472
115.984
112.294
95.4343
137.188
136.436
108.693
86.9927
88.692
213.821
88.0733
92.0221
99.4396
75.8508
86.044
110.994
100.355
50.7513
97.1446
83.3233
110.749
123.666
145.695
147.125
81.2876
79.2914
104.923
140.773
102.257
117.386
121.304
105.063
115.44
114.94
122.264
124.213
115.585
103.682
125.71
114.138
85.3365
131.821
110.69
103.053
137.474
109.484
169.777
122.785
214.866
117.445
148.611
168.205
145.914
73.7562
-74.4416
402.261
133.947
122.949
412.267
355.84
87.0275
65.7489
91.2049
72.5918
184.648
59.5495
173.35
98.39
168.966
222.552
78.5675
408.31
111.884
475.881
97.71
121.395
106.173
95.6754
100.066
151.123
134.47
168.805
112.954
126.441
162.442
117.636
122.957
167.57
109.013
104.882
131.774
117.612
116.821
300.769
208.631
98.3395
213.187
113.181
66.1926
152.986
291.451
62.4322
74.4429
167.493
231.19
184.672
179.13
111.939
141.825
135.695
159.012
174.076
150.848
167.184
131.178
118.862
80.6406
109.307
111.659
116.308
117.248
114.303
83.9912
140.07
54.0374
104.709
147.393
160.873
128.459
165.53
211.39
167.357
113.323
139.783
183.531
128.337
114.744
)
;

boundaryField
{
    inlet
    {
        type            calculated;
        value           nonuniform List<scalar> 
60
(
95.3264
117.443
96.6138
96.743
92.0607
92.6818
97.8607
106.251
108.343
107.645
91.1166
133.489
104.009
102.65
94.5692
96.3565
97.7644
101.663
105.577
77.3607
107.536
120.444
107.029
99.607
96.4828
98.0132
101.427
96.4359
100.106
109.78
102.331
110.647
110.804
98.2439
91.9513
104.056
100.861
98.1343
83.0558
103.529
97.5073
107.55
107.331
103.64
98.3173
102.03
90.2308
111.697
112.31
118.432
118.916
122.28
118.113
124.616
123.706
118.949
112.333
105.928
91.9707
106.33
)
;
    }
    outlet
    {
        type            calculated;
        value           uniform 0;
    }
    lowerWall
    {
        type            calculated;
        value           nonuniform List<scalar> 
1118
(
106.096
122.266
107.622
100.609
94.9257
95.9262
98.198
103.28
107.411
106.322
92.6477
100.115
98.5176
105.195
93.7163
100.449
104.982
104.786
102.088
113.156
106.431
116.295
100.798
102.135
112.194
101.381
105.298
101.777
104.206
108.947
94.6476
91.8191
96.7121
106.494
184.639
95.4745
89.5363
97.9202
97.6521
80.4373
86.4269
92.4902
105.067
95.2286
107.118
93.8487
106.539
110.809
98.7632
98.6941
94.9267
98.3697
106.961
98.4334
99.0452
101.242
99.4765
100.385
98.5587
95.2111
95.7486
97.2224
97.7641
97.6233
97.8794
97.4446
96.9807
96.3619
96.9944
95.9959
92.6069
93.7557
94.0631
94.576
95.2752
95.6864
94.3349
93.1276
92.9835
92.1757
90.1332
90.2439
90.407
90.4692
90.4614
90.2909
90.0485
89.8985
89.7751
89.8952
87.6299
87.771
87.8676
87.9231
87.9084
87.8035
87.6289
87.5371
87.4749
87.4903
85.135
85.2206
85.2894
85.318
85.2985
85.231
85.1417
85.0675
85.0364
85.0578
82.6477
82.7046
82.7361
82.7807
82.7486
82.7043
82.655
82.6089
82.598
82.6001
80.171
80.2299
80.2357
80.2495
80.2414
80.2205
80.2038
80.1744
80.1586
80.1418
77.7329
77.7669
77.7784
77.7772
77.7688
77.7593
77.7531
77.7338
77.7214
77.721
75.3066
75.322
75.335
75.3397
75.344
75.3443
75.3297
75.2968
75.3018
75.2996
72.9019
72.9227
72.9154
72.9229
72.9287
72.9328
72.9246
72.9208
72.9152
72.8996
70.5162
70.5227
70.5418
70.5409
70.5526
70.5572
70.5528
70.5424
70.5148
70.5138
68.1612
68.1789
68.2078
68.1951
68.1872
68.1856
68.194
68.182
68.1605
68.159
65.8264
65.8548
65.8739
65.8461
65.8278
65.8193
65.8199
65.8401
65.8279
65.8225
63.5175
63.5243
63.5235
63.5251
63.5302
63.51
63.501
63.4954
63.5062
63.5084
61.2134
61.2217
61.2211
61.2305
61.2346
61.2292
61.2132
61.2055
61.1994
61.2021
58.9281
58.9327
58.9341
58.9337
58.933
58.9279
58.9269
58.9229
58.9158
58.9191
56.675
56.6643
56.6561
56.6593
56.6633
56.6645
56.6651
56.6612
56.6665
56.6712
54.4095
54.4096
54.404
54.4058
54.4085
54.4187
54.428
54.4288
54.4242
54.414
52.1692
52.1592
52.1615
52.1727
52.1812
52.1861
52.193
52.1926
52.1939
52.1833
49.9479
49.933
49.9275
49.9378
49.9525
49.9657
49.965
49.9686
49.969
49.9642
47.7317
47.7205
47.7106
47.7096
47.7194
47.7298
47.7365
47.7375
47.7345
47.7352
45.5131
45.5148
45.5213
45.5271
45.5216
45.517
45.5136
45.5109
45.5092
45.5111
43.3135
43.3206
43.3318
43.3256
43.3132
43.3066
43.3088
43.319
43.3122
43.31
41.1387
41.1403
41.1445
41.133
41.1247
41.1171
41.1297
41.1349
41.133
41.1338
38.96
38.9735
38.9785
38.9785
38.9725
38.9648
38.9642
38.9594
38.9466
38.9496
36.8051
36.8177
36.817
36.8115
36.8033
36.7983
36.7878
36.7841
36.7841
36.7908
34.6784
34.6748
34.6551
34.6494
34.6465
34.6401
34.6337
34.6371
34.6567
34.6724
32.545
32.5343
32.5239
32.5186
32.5176
32.5202
32.5267
32.5329
32.5383
32.5452
30.4011
30.4018
30.4153
30.4207
30.4222
30.4264
30.4295
30.4271
30.4206
30.4076
28.2914
28.297
28.313
28.3298
28.3393
28.3412
28.336
28.3248
28.315
28.2984
26.2345
26.23
26.2286
26.2364
26.2472
26.2563
26.2626
26.2628
26.2595
26.2412
24.2126
24.1961
24.1864
24.1835
24.1889
24.1989
24.2131
24.2235
24.2277
24.2204
22.1999
22.1788
22.1763
22.1771
22.1836
22.1859
22.1879
22.1927
22.1971
22.1989
20.1786
20.1769
20.1781
20.1842
20.1981
20.1975
20.188
20.1804
20.1799
20.1785
18.1864
18.1914
18.1999
18.2051
18.2073
18.1997
18.1917
18.1864
18.1847
18.1859
16.2386
16.2416
16.2398
16.2284
16.2172
16.2004
16.1978
16.2028
16.2149
16.2306
14.295
14.2971
14.2873
14.2658
14.2498
14.2348
14.2341
14.2438
14.2606
14.2799
12.3226
12.3387
12.3377
12.3297
12.3211
12.3123
12.3091
12.3102
12.3125
12.3142
10.3781
10.3846
10.3944
10.4017
10.3995
10.3953
10.3908
10.3887
10.3847
10.3786
8.48198
8.47092
8.46831
8.47109
8.47316
8.47765
8.4795
8.48113
8.48262
8.48576
6.58853
6.57439
6.56883
6.56948
6.57734
6.59378
6.59993
6.59801
6.59092
6.59395
4.6873
4.68392
4.68524
4.69257
4.70734
4.7313
4.73098
4.71991
4.70906
4.69759
2.80786
2.80809
2.8107
2.81709
2.82593
2.83658
2.8405
2.83859
2.82773
2.81343
0.938708
0.938362
0.938217
0.933525
0.931665
0.934573
0.943727
0.947402
0.948323
0.939359
102.699
98.0063
95.4484
100.111
97.6736
96.9947
98.0722
97.5552
97.8485
100.13
97.7912
97.821
99.6322
97.8651
98.3821
96.0441
96.6603
97.7887
101.678
96.2513
96.8131
96.9875
96.5055
96.1663
97.0295
95.8536
97.1539
93.7584
95.3951
95.7988
92.955
96.4254
89.0936
92.6733
172.187
94.2648
91.759
149.329
118.506
120.373
105.675
94.2061
90.6301
101.764
99.4438
92.6741
94.5415
129.274
91.3281
104.078
95.0865
108.32
126.488
92.6533
100.799
104.483
109.899
89.7919
102.746
93.3299
96.1307
96.2079
94.3586
95.8556
98.9437
96.9335
102.483
99.9406
98.888
101.897
98.8122
98.1573
100.408
98.4916
98.6558
98.3507
97.2122
99.145
98.9727
96.9069
97.1459
99.6547
95.9057
96.2702
99.4726
97.7418
97.9916
95.259
94.7729
95.3572
98.709
95.2328
94.4281
97.9348
95.2355
95.3792
97.4097
95.6176
95.2394
97.9132
96.9766
96.0566
97.72
97.0521
97.1955
96.979
96.5322
96.9614
96.5173
95.2362
96.2966
96.5146
94.1611
94.9161
96.2934
93.8529
94.1609
95.5672
94.0462
93.9872
100.186
97.2246
100.655
96.5751
97.0091
99.141
95.0152
96.45
96.7556
96.2089
98.9045
98.1126
97.8965
98.8539
98.4531
97.0941
98.5878
98.4871
96.7925
99.8704
126.087
98.1474
98.4641
97.4663
98.937
98.1666
97.9805
98.545
100.268
106.311
97.9333
97.9972
98.2746
97.9848
97.0904
97.6144
98.7155
99.0499
99.424
98.2989
98.5982
98.2467
98.512
98.4066
98.0569
96.4629
96.642
95.9625
97.0104
96.8854
96.6898
98.1366
97.3054
97.181
97.1492
95.6454
105.819
96.307
96.4958
97.0119
96.8267
96.4784
96.4518
97.9124
96.0895
91.0011
96.4887
96.7163
96.967
96.6252
96.0029
95.9755
96.2386
99.4792
100.907
96.5067
97.1505
96.4142
97.4538
96.9339
96.6033
94.3374
93.9919
92.9128
95.1457
94.768
94.908
95.5952
95.2239
95.2808
97.5579
97.6111
97.6081
96.6394
96.5481
96.6865
97.5995
97.7462
97.7833
96.4736
96.5443
96.5811
96.3749
96.7022
96.6352
97.5176
97.9775
97.8317
96.4968
96.9095
96.6777
97.7912
97.7367
97.4106
94.698
92.5264
92.7401
95.7924
92.8428
92.9282
97.1587
97.0216
96.8506
97.1716
97.4107
97.2979
96.4715
95.9603
96.6154
96.6734
96.7944
96.7191
97.3157
97.0214
97.8213
97.4784
97.424
97.1954
94.9662
92.7882
92.8095
93.8333
92.1261
92.2833
96.848
97.4832
97.4379
96.5615
96.4822
95.9165
95.6093
96.4248
96.3329
97.3094
97.3642
96.3217
93.2223
99.4461
100.98
95.2518
95.4604
96.0948
61.3339
73.5912
95.6194
93.9943
92.76
92.743
95.4179
96.8227
96.8924
93.2332
91.9878
92.0935
96.3489
96.0609
94.454
98.6807
97.1905
96.2568
95.9665
94.6678
94.9838
88.6634
93.8173
93.457
94.4649
96.1259
95.363
96.3582
96.6238
95.3538
96.5947
95.7236
97.1323
94.7158
94.6317
95.5927
96.9215
95.5514
94.7814
95.4724
93.6785
93.7778
93.8726
93.8879
95.8256
93.387
93.5305
95.035
95.5034
93.9059
93.8659
93.1534
89.9273
99.0852
93.794
93.7583
94.7166
94.0571
93.1406
93.2467
92.8276
91.779
91.8755
95.0608
94.7434
94.0812
100.022
100.366
112.439
94.1094
91.6992
93.5338
97.2879
94.2391
95.7176
95.7246
98.3618
103.101
145.416
96.7678
94.4625
103.814
93.2743
98.0201
109.501
106.036
97.2465
93.9716
92.2002
93.6143
86.9856
78.3358
161.584
93.903
92.597
92.4413
95.2475
95.9764
96.1271
100.918
102.136
110.8
99.2318
88.9283
95.7224
94.7059
93.9271
93.8961
107.657
81.7342
87.8187
95.3847
127.473
106.926
93.165
93.101
93.8723
93.4385
91.6312
98.2287
102.224
91.2505
74.8242
127.768
101.509
101.878
92.5159
89.9041
114.764
104.741
94.3192
102.469
99.7179
99.8949
103.124
102.404
100.888
111.789
147.645
107.64
86.4307
104.413
99.7725
97.3911
99.9875
95.2924
109.356
103.244
101.503
103.639
98.143
104.766
101.964
90.1666
103.152
88.2305
110.1
92.2988
127.539
95.9929
61.599
94.9759
108.076
107.494
111.609
100.214
100.287
100.395
99.3775
98.0345
103.61
109.16
78.9159
71.8229
103.499
103.943
99.9099
109.822
92.985
97.2166
105.018
106.818
108.305
126.552
95.8921
111.223
101.657
106.163
102.19
113.148
107.723
108.872
101.62
98.4056
105.065
103.391
105.478
100.401
103.185
102.112
101.3
115.699
94.7435
91.9647
94.9392
98.7842
93.454
96.5274
95.8229
85.8009
89.9369
111.654
125.778
126.935
114.457
105.455
113.462
137.144
111.86
53.9719
111.039
133.587
90.4216
87.8278
95.4413
106.184
102.477
88.8196
131.842
137.755
128.345
98.5305
95.1747
99.4079
94.2183
93.7562
94.6791
102.313
110.541
109.713
90.5739
93.4136
99.2504
91.6017
92.184
95.2677
93.9603
94.5799
94.4416
105.4
98.9257
98.6714
117.866
67.6483
104.916
101.562
108.305
113.285
114.548
112.588
109.523
86.9946
92.091
90.1525
97.2645
98.6162
117.934
95.7216
104.931
94.3194
97.0608
112.182
96.8103
51.7922
127.036
120.778
107.372
109.842
106.933
132.249
113.085
79.431
118.799
95.7773
94.8915
95.978
92.5072
111.903
166.284
104.869
55.0062
153.249
115.081
103.351
118.617
130.335
105.573
82.2571
171.534
111.359
175.444
148.474
70.0729
89.3042
104.408
132.584
88.4136
95.3198
133.282
136.5
118.967
128.114
118.709
178.44
45.6528
91.046
269.758
75.8539
86.1751
111.407
98.4738
85.8655
98.5745
71.652
250.241
185.862
47.4366
51.5623
370.78
11.0917
169.777
145.914
117.445
159.012
118.862
150.848
)
;
    }
    upperWall
    {
        type            calculated;
        value           nonuniform List<scalar> 
1073
(
104.724
120.78
104.611
99.6403
95.8702
98.9267
99.5723
102.584
106.748
106.255
97.0043
99.4396
94.6227
99.0521
92.8243
94.5163
98.5906
101.807
103.549
104.981
105.637
95.2982
94.7366
99.6781
85.1514
90.0463
97.6506
97.3251
102
114.253
94.8534
92.1
103.421
121.071
81.8434
91.3937
92.4038
92.967
100.401
135.872
78.3076
65.0968
79.4275
124.499
115.857
93.3334
101.363
82.6486
101.885
96.3817
95.0014
97.8797
97.6906
102.373
99.0854
102.53
98.6369
97.5579
98.8295
95.679
95.7419
97.2266
97.7459
97.6403
97.8716
97.4224
96.9275
96.3599
96.9937
95.9901
92.6073
93.7552
94.0639
94.5786
95.2746
95.6872
94.3265
93.1276
92.9835
92.176
90.1331
90.2438
90.4083
90.4691
90.4608
90.2903
90.0485
89.8988
89.7755
89.8951
87.6297
87.7709
87.8675
87.9221
87.9087
87.8038
87.6288
87.537
87.4746
87.4902
85.1351
85.2205
85.2893
85.3179
85.2985
85.2307
85.1416
85.0674
85.0363
85.0579
82.6478
82.7045
82.7359
82.7806
82.7486
82.7039
82.6551
82.6088
82.5979
82.5996
80.1707
80.2298
80.2356
80.2494
80.2407
80.2206
80.2037
80.1743
80.1585
80.1413
77.7329
77.7668
77.7783
77.7771
77.7687
77.7592
77.753
77.7337
77.7212
77.7212
75.3066
75.3219
75.3349
75.3396
75.344
75.3443
75.3297
75.2967
75.3017
75.2995
72.9014
72.9223
72.9153
72.9228
72.9287
72.9327
72.9245
72.9207
72.9156
72.9001
70.5161
70.5225
70.5417
70.5408
70.5525
70.5571
70.5527
70.5429
70.515
70.5136
68.1612
68.1791
68.2074
68.1948
68.1871
68.1858
68.1937
68.1814
68.1602
68.1586
65.8266
65.8545
65.874
65.8459
65.8276
65.8191
65.8198
65.8405
65.828
65.823
63.5171
63.524
63.5233
63.5248
63.5302
63.5098
63.501
63.4953
63.5063
63.5082
61.2132
61.2218
61.2207
61.2306
61.2347
61.229
61.2134
61.2054
61.1993
61.2018
58.9281
58.9328
58.934
58.9336
58.9323
58.9279
58.9268
58.9228
58.9158
58.919
56.6749
56.664
56.6558
56.6592
56.6632
56.6642
56.665
56.6615
56.6665
56.6711
54.4092
54.4095
54.4045
54.4059
54.4086
54.4191
54.4279
54.4287
54.4241
54.414
52.1692
52.1592
52.1614
52.1722
52.1807
52.1862
52.1927
52.1924
52.1936
52.1834
49.9478
49.9329
49.9273
49.9374
49.9526
49.9657
49.9649
49.9689
49.9688
49.964
47.7314
47.7202
47.711
47.7099
47.7196
47.7297
47.7364
47.7374
47.7343
47.7348
45.513
45.5147
45.5212
45.5271
45.5215
45.5167
45.5138
45.5106
45.509
45.5111
43.313
43.3207
43.3319
43.3256
43.3125
43.3065
43.3092
43.3186
43.3127
43.3102
41.1386
41.1403
41.1446
41.1328
41.1246
41.1176
41.1298
41.1349
41.1332
41.1336
38.96
38.974
38.9782
38.9783
38.9721
38.965
38.9644
38.9593
38.9464
38.9491
36.8051
36.8178
36.8165
36.8114
36.8033
36.798
36.7876
36.784
36.7839
36.7908
34.6784
34.6746
34.6552
34.6493
34.6463
34.6397
34.6336
34.6371
34.6571
34.6729
32.5448
32.5342
32.524
32.5185
32.5175
32.5201
32.5266
32.5328
32.5382
32.545
30.401
30.4017
30.4155
30.4207
30.4222
30.4263
30.4294
30.4271
30.4204
30.4076
28.2913
28.2969
28.3129
28.3296
28.3392
28.341
28.3355
28.3249
28.315
28.2986
26.2342
26.2299
26.2283
26.2362
26.2473
26.2562
26.2625
26.2627
26.2594
26.2411
24.2126
24.1965
24.1864
24.1835
24.1888
24.1988
24.2131
24.2233
24.2275
24.2203
22.1998
22.1786
22.1762
22.1772
22.1836
22.1858
22.1878
22.1926
22.1969
22.1988
20.1784
20.177
20.1779
20.1843
20.1983
20.1975
20.188
20.1802
20.1798
20.1784
18.1862
18.1914
18.2
18.2053
18.2071
18.1992
18.1916
18.1862
18.1848
18.1858
16.2387
16.2424
16.2399
16.2281
16.2171
16.1999
16.1974
16.2029
16.215
16.2305
14.2951
14.2969
14.2873
14.2655
14.2498
14.2347
14.234
14.2438
14.2605
14.2799
12.3228
12.3376
12.3372
12.3298
12.3212
12.3123
12.3091
12.3101
12.3121
12.3139
10.3781
10.3848
10.3943
10.4018
10.3994
10.395
10.3905
10.3885
10.3847
10.3787
8.48212
8.47091
8.46803
8.471
8.47307
8.47756
8.47941
8.48104
8.48251
8.48564
6.58834
6.57419
6.56852
6.56928
6.57741
6.59377
6.60028
6.59794
6.5907
6.59361
4.68721
4.68393
4.68525
4.69245
4.70717
4.73131
4.73082
4.71985
4.70896
4.69749
2.80771
2.80835
2.81068
2.81699
2.82591
2.83588
2.83991
2.83855
2.82796
2.81344
0.938762
0.938125
0.938055
0.933058
0.931627
0.934516
0.943797
0.94742
0.948234
0.939275
95.4611
98.0182
104.952
97.0019
97.7192
111.454
97.8556
97.6038
98.3896
97.8619
97.7525
102.525
98.3864
97.905
100.019
97.7756
96.6498
96.2165
96.7211
96.2527
96.1064
96.1743
96.5037
104.244
97.1481
95.8688
97.7274
95.7956
95.3915
93.0617
98.5063
124.584
90.3149
101.386
99.0187
79.2679
92.647
104.126
92.0904
121.384
120.26
119.439
102.562
98.2392
87.7911
99.7755
95.2907
91.6618
99.3462
101.181
93.9749
100.207
99.4331
94.0701
130.708
98.8078
114.762
94.9778
91.1291
86.0014
94.1193
96.3117
92.724
96.8284
99.7339
97.327
98.6416
97.8103
98.5859
99.1854
97.4213
97.4743
98.4059
98.5221
99.6163
98.7799
97.2018
97.4837
97.0622
96.7941
98.4289
96.2315
95.3267
95.4141
98.0779
98.0981
99.8918
95.3488
94.8315
96.1058
94.4276
95.2319
98.7109
95.3775
95.2366
97.938
95.24
95.6154
97.4165
96.0633
96.978
97.8809
97.1959
97.0512
97.7446
96.9627
96.5316
96.9733
96.2951
95.2255
96.5197
94.9139
94.1595
96.5106
94.1604
93.8531
96.299
93.9865
94.048
95.5153
96.7675
96.4343
95.0266
99.2033
97.0872
96.5915
106.836
97.5287
99.8944
98.5
98.7542
97.1847
98.6584
98.8299
97.8632
94.76
97.4886
96.1559
98.0221
97.8187
98.694
97.466
98.3115
98.1083
107.273
99.0536
96.976
97.5905
97.6438
98.0437
98.1676
98.0108
97.8944
101.518
97.5484
98.5751
98.0489
98.3079
98.4776
98.2206
98.6053
98.2703
99.0917
99.0143
98.6901
97.1836
97.3066
98.1305
96.682
96.9394
96.9994
95.9378
96.657
96.4867
96.4483
96.5683
96.7691
96.9962
96.3564
96.3404
96.2328
95.6857
96.7972
95.9997
95.8205
96.4797
96.9518
96.6595
96.5026
92.5608
95.9622
97.5102
96.6113
96.9547
97.4088
96.4781
96.7871
96.5685
103.52
100.977
96.8053
95.2997
95.224
95.542
94.8984
94.7678
95.1623
93.0732
94.2892
94.2517
97.6053
97.5665
97.5919
96.6848
96.5979
96.6094
97.7557
97.7266
97.5988
96.5664
96.6228
96.4738
96.6346
96.6737
96.3646
97.8844
97.9617
97.5094
96.6719
96.9074
96.4958
97.4092
97.7202
97.799
116.672
59.7543
102.275
112.36
105.311
125.636
92.7395
92.5259
94.6996
92.9276
92.8416
95.79
96.8468
97.0237
97.1608
97.2979
97.4106
97.166
96.6158
95.9685
96.4748
97.8072
97.0286
97.3136
96.7199
96.7955
96.673
97.1929
97.4241
97.4771
92.8108
92.7892
94.9681
92.282
92.125
93.8314
97.439
97.4836
96.8494
95.917
96.4805
96.5632
96.3299
97.3697
97.3099
96.3302
96.4339
95.6397
96.9256
86.5721
114.55
96.032
95.4588
95.2509
99.239
99.8087
101.199
92.7436
92.7607
93.995
96.8931
96.8209
95.4187
92.0938
91.988
93.2336
94.4524
96.0605
96.3495
96.2556
97.1973
98.6699
94.5409
99.9446
101.144
94.9814
94.6696
95.9953
75.2344
81.6116
81.2957
95.3562
96.1191
94.4625
95.3547
96.6327
96.3596
97.2467
95.7233
96.5913
90.111
91.2298
91.6308
95.5743
94.6278
94.7103
94.7812
95.5499
96.8736
93.7761
93.6768
95.4592
95.8095
93.8882
93.873
100.412
115.935
124.064
91.168
101.64
93.1411
95.0309
93.5291
93.3841
93.8648
93.9045
95.4957
80.6003
123.495
94.0072
94.1317
94.1787
98.1159
100.097
106.725
102.796
103.878
110.293
102.122
93.3834
91.3829
98.9463
102.654
106.042
105.929
106.607
105.069
97.1485
94.7187
93.7598
93.7955
93.2451
93.1391
94.0602
91.8757
91.7791
92.8278
94.081
94.7438
95.06
105.761
129.677
116.403
101.194
103.583
106.473
112.365
110.845
93.6875
101.417
102.302
117.422
102.041
106.536
104.879
115.657
110.563
99.7529
92.4922
116.64
91.9202
96.837
88.7859
95.391
92.4408
92.5964
93.9025
96.1247
95.9789
95.2481
95.1857
91.7699
93.0522
112.547
98.1073
106.801
99.4292
109.902
100.49
93.8972
93.9282
94.7081
94.2946
98.1567
92.9112
93.8743
93.0993
93.1625
108.749
88.4245
122.494
103.851
104.711
101.08
87.1876
84.4783
79.4848
92.7322
94.8408
92.8875
95.1891
94.209
106.124
89.0106
90.8751
103.257
55.1142
63.7125
77.8778
106.295
99.92
101.829
133.67
137.233
115.08
106.74
92.7709
102.908
89.3336
93.3189
96.5618
93.6051
95.5587
96.1582
93.825
125.284
96.0855
98.3074
101.449
96.462
122.567
108.023
124.216
104.239
108.274
108.208
103.173
102.238
101.744
83.7798
108.054
99.9646
100.019
129.413
122.211
100.756
109.852
92.0915
100.251
101.366
100.09
103.199
103.295
105.391
111.623
111.849
93.29
103.617
100.601
104.084
94.4412
94.583
93.9604
100.3
96.956
94.4822
14.8517
160.541
65.0379
124.999
166.405
98.461
112.637
122.501
97.9051
127.17
186.094
111.485
168.815
88.7648
105.281
115.966
97.0845
97.9364
93.3579
84.4992
90.9746
101.701
97.4767
102.721
100.501
112.401
124.702
112.544
115.686
71.1897
102
79.2475
100.933
131.979
99.2047
103.869
119.62
77.0636
92.0783
89.7097
126.916
108.503
111.951
161.61
110.038
84.8558
95.2803
140.138
135.111
112.195
140.667
110.159
135.645
110.97
90.6759
91.3427
86.6103
89.2328
98.111
111.491
130.098
107.126
110.3
)
;
    }
    frontWall
    {
        type            cyclic;
    }
    backWall
    {
        type            cyclic;
    }
}


// ************************************************************************* //
