/*--------------------------------*- C++ -*----------------------------------*\
| =========                 |                                                 |
| \\      /  F ield         | OpenFOAM: The Open Source CFD Toolbox           |
|  \\    /   O peration     | Version:  5.0                                   |
|   \\  /    A nd           | Web:      www.OpenFOAM.org                      |
|    \\/     M anipulation  |                                                 |
\*---------------------------------------------------------------------------*/
FoamFile
{
    version     2.0;
    format      ascii;
    class       volScalarField;
    location    "0.3";
    object      p_rgh;
}
// * * * * * * * * * * * * * * * * * * * * * * * * * * * * * * * * * * * * * //

dimensions      [1 -1 -2 0 0 0 0];

internalField   nonuniform List<scalar> 
4398
(
103.305
103.24
103.246
103.221
103.272
103.474
99.6942
96.1612
93.6674
91.0928
88.523
85.9471
83.3785
80.8455
78.3197
75.8183
73.3326
70.8786
68.4455
66.0386
63.6374
61.2577
58.907
56.5506
54.2195
51.9073
49.5996
47.2906
45.0004
42.7401
40.4747
38.2357
36.0341
33.8122
31.5838
29.3895
27.2506
25.1482
23.0529
20.9609
18.8907
16.8656
14.8443
12.7973
10.7768
8.80556
6.8375
4.86424
2.91165
0.972197
103.324
103.251
103.218
103.129
103.114
102.96
99.5921
96.2221
93.7213
91.1424
88.5636
85.9752
83.4196
80.8668
78.3274
75.8305
73.3353
70.8938
68.4683
66.0425
63.6437
61.2609
58.9007
56.5514
54.2098
51.8913
49.5888
47.2918
45.0068
42.7425
40.4927
38.2511
36.0162
33.795
31.5818
29.3924
27.2448
25.1341
23.0427
20.958
18.8958
16.8693
14.8503
12.8132
10.7846
8.79594
6.82892
4.86352
2.91448
0.974062
103.315
103.246
103.134
103.086
102.984
102.76
99.9116
96.4701
93.889
91.2297
88.6279
86.0028
83.4229
80.8769
78.34
75.8239
73.3514
70.9178
68.4882
66.0423
63.6427
61.2626
58.8926
56.5472
54.2113
51.8851
49.5775
47.2992
45.0228
42.7468
40.4974
38.2501
35.9987
33.7792
31.5868
29.4067
27.2429
25.1223
23.0347
20.9588
18.9027
16.8668
14.8388
12.814
10.7927
8.79134
6.81844
4.86518
2.92069
0.975371
103.277
103.221
103.162
103.129
103.109
103.046
100.772
96.647
94.019
91.3342
88.6873
86.0676
83.4495
80.8838
78.3503
75.8358
73.3555
70.9131
68.468
66.0476
63.6576
61.2629
58.893
56.5462
54.2183
51.8919
49.5731
47.2987
45.0074
42.7267
40.4842
38.2311
35.9865
33.7727
31.5939
29.4228
27.248
25.1172
23.0344
20.9647
18.9069
16.8559
14.8178
12.805
10.7993
8.79493
6.81708
4.87377
2.92475
0.970202
103.28
103.208
103.192
103.114
103.208
103.245
102.388
96.8996
94.158
91.4016
88.7221
86.0694
83.4627
80.8893
78.364
75.8485
73.3715
70.906
68.4481
66.0485
63.6601
61.2623
58.8983
56.5479
54.2254
51.904
49.5788
47.2919
44.9926
42.7182
40.475
38.22
35.9829
33.7728
31.5959
29.432
27.2571
25.121
23.0385
20.9716
18.9057
16.8405
14.798
12.7945
10.8017
8.80167
6.83316
4.88937
2.93093
0.966683
103.325
103.214
103.175
103.086
102.849
102.961
102.442
96.8901
94.1392
91.3879
88.7123
86.061
83.4642
80.8932
78.3716
75.8556
73.3788
70.9084
68.4429
66.0394
63.6563
61.2574
58.898
56.5553
54.2285
51.9133
49.5883
47.285
44.9846
42.7073
40.4708
38.22
35.979
33.7774
31.6025
29.437
27.2744
25.1352
23.0419
20.9724
18.9007
16.8276
14.7855
12.7871
10.7992
8.80801
6.85063
4.91269
2.94814
0.971941
103.294
103.221
103.159
103.121
103.104
103.266
101.588
96.6247
93.988
91.2854
88.664
86.0377
83.4633
80.8968
78.3632
75.8515
73.376
70.9151
68.441
66.024
63.6382
61.2538
58.8939
56.5635
54.2356
51.9188
49.5983
47.286
44.9895
42.7234
40.478
38.2161
35.9767
33.7859
31.6075
29.4335
27.28
25.1484
23.045
20.9672
18.8948
16.8235
14.785
12.7861
10.7952
8.81115
6.86167
4.91989
2.95316
0.979942
103.29
103.249
103.175
103.098
103.148
103.053
100.699
96.4353
93.8566
91.2044
88.5986
85.9968
83.4371
80.8791
78.331
75.8479
73.3644
70.9029
68.4628
66.0196
63.6299
61.2486
58.8906
56.5656
54.2375
51.9226
49.6013
47.2842
45.0087
42.7373
40.4689
38.212
35.9812
33.794
31.6063
29.4228
27.2794
25.1612
23.0502
20.9615
18.8897
16.8302
14.795
12.788
10.7912
8.81048
6.85346
4.90549
2.95005
0.984537
103.358
103.274
103.199
103.16
103.069
102.837
99.7255
96.1983
93.7111
91.1298
88.5527
85.9746
83.4126
80.8604
78.3327
75.8416
73.3393
70.8829
68.4492
66.0262
63.624
61.2449
58.9018
56.5634
54.2417
51.9257
49.6018
47.2913
45.0097
42.7419
40.4684
38.2154
35.9986
33.8019
31.5998
29.4132
27.277
25.1668
23.0559
20.9589
18.8883
16.8424
14.8123
12.7924
10.7892
8.81306
6.8482
4.88764
2.93549
0.981512
103.343
103.274
103.245
103.207
103.19
102.731
99.59
96.143
93.6693
91.085
88.5227
85.944
83.3735
80.8447
78.3217
75.8202
73.3334
70.8785
68.4415
66.0292
63.6271
61.2488
58.9061
56.5565
54.2337
51.9227
49.603
47.2916
45.0044
42.7379
40.4663
38.2238
36.0222
33.8102
31.5905
29.399
27.2636
25.1606
23.059
20.9642
18.8902
16.855
14.8291
12.7876
10.779
8.81244
6.84353
4.87145
2.91955
0.977093
103.304
103.239
103.245
103.219
103.203
103.404
99.6952
96.1618
93.6672
91.0928
88.5231
85.9471
83.3782
80.8455
78.3197
75.8181
73.3326
70.8789
68.4455
66.0385
63.6374
61.2579
58.907
56.5505
54.2195
51.9073
49.5996
47.2906
45.0003
42.7401
40.4747
38.2357
36.0341
33.8121
31.5837
29.3894
27.2505
25.1482
23.0529
20.9609
18.8906
16.8657
14.8443
12.7969
10.7767
8.8057
6.83746
4.86421
2.91169
0.972197
103.323
103.249
103.218
103.126
103.11
102.983
99.5921
96.2224
93.7212
91.1424
88.5635
85.9752
83.4196
80.8668
78.3273
75.8302
73.3355
70.8939
68.4682
66.0424
63.6439
61.2609
58.9005
56.5513
54.2098
51.8912
49.5886
47.2918
45.0068
42.7426
40.4929
38.2512
36.0161
33.7949
31.5817
29.3923
27.2448
25.1342
23.0427
20.9578
18.8958
16.8693
14.8502
12.8131
10.7846
8.79595
6.82883
4.86356
2.91458
0.974054
103.316
103.245
103.131
103.085
102.917
102.733
99.9042
96.471
93.8894
91.2297
88.6279
86.0028
83.4229
80.8768
78.34
75.8239
73.3515
70.9177
68.4884
66.0422
63.6426
61.2625
58.8924
56.5473
54.2113
51.8851
49.5776
47.2992
45.0228
42.7469
40.4972
38.2499
35.9986
33.7792
31.5869
29.4068
27.2428
25.1223
23.0347
20.9587
18.9027
16.8669
14.8388
12.8139
10.7927
8.79129
6.81837
4.86521
2.92069
0.975385
103.277
103.221
103.163
103.127
103.106
102.958
100.682
96.6483
94.0189
91.3339
88.6872
86.0676
83.4495
80.8838
78.3503
75.8358
73.3555
70.913
68.468
66.0475
63.6576
61.2628
58.893
56.5466
54.2182
51.8918
49.5731
47.2987
45.0075
42.7265
40.4841
38.2313
35.9865
33.7727
31.5939
29.4226
27.248
25.1172
23.0344
20.9647
18.907
16.8558
14.8178
12.805
10.7994
8.79481
6.81701
4.87375
2.92474
0.970047
103.28
103.207
103.192
103.113
103.149
103.11
102.305
96.8997
94.1578
91.4018
88.7224
86.0694
83.4626
80.8892
78.3641
75.8486
73.3714
70.906
68.448
66.0485
63.6601
61.2622
58.8982
56.5479
54.2253
51.904
49.5793
47.292
44.9924
42.718
40.4752
38.2199
35.9827
33.7728
31.5959
29.4319
27.2573
25.121
23.0385
20.9717
18.9057
16.8402
14.798
12.7947
10.8017
8.80164
6.83329
4.88947
2.93083
0.966515
103.324
103.214
103.175
103.084
102.825
103.135
102.32
96.8902
94.139
91.388
88.7123
86.0609
83.4643
80.8932
78.3715
75.8555
73.3788
70.9085
68.4428
66.0393
63.6563
61.2573
58.898
56.5554
54.2286
51.9133
49.5883
47.2849
44.9845
42.7075
40.4709
38.22
35.979
33.7774
31.6026
29.437
27.2744
25.1352
23.0418
20.9724
18.9007
16.8275
14.7856
12.7871
10.799
8.80799
6.85058
4.91275
2.94784
0.97194
103.294
103.217
103.158
103.12
103.073
103.096
101.613
96.6246
93.9879
91.2854
88.664
86.0377
83.4632
80.8968
78.3632
75.8515
73.376
70.9149
68.441
66.024
63.6383
61.2537
58.8939
56.5635
54.2353
51.9187
49.5983
47.286
44.9896
42.7234
40.4781
38.2159
35.9767
33.7859
31.6074
29.4335
27.28
25.1484
23.045
20.9672
18.8948
16.8234
14.785
12.7862
10.7952
8.81113
6.86169
4.9199
2.9529
0.980073
103.29
103.249
103.177
103.097
103.103
102.973
100.668
96.4358
93.8566
91.2044
88.5986
85.9968
83.437
80.8791
78.331
75.8479
73.3646
70.9026
68.463
66.0196
63.6297
61.2486
58.8907
56.5656
54.2374
51.9226
49.6014
47.2842
45.0087
42.7375
40.4688
38.2119
35.9813
33.794
31.6063
29.4228
27.2794
25.1611
23.0502
20.9615
18.8897
16.8302
14.795
12.7879
10.7912
8.81046
6.8535
4.90547
2.95009
0.984792
103.359
103.271
103.197
103.163
103.072
102.83
99.7254
96.1988
93.7112
91.1298
88.5526
85.9746
83.4125
80.8604
78.3326
75.8417
73.3396
70.8827
68.4491
66.0263
63.624
61.245
58.9018
56.5634
54.2416
51.9258
49.6016
47.2911
45.0097
42.7419
40.4683
38.2154
35.9988
33.802
31.5996
29.4132
27.2771
25.1668
23.0558
20.9588
18.8884
16.8425
14.8122
12.7924
10.7892
8.81305
6.84816
4.88763
2.93568
0.981503
103.342
103.274
103.246
103.21
103.164
102.686
99.5908
96.1436
93.6692
91.085
88.5228
85.9439
83.3733
80.8448
78.3217
75.8204
73.3334
70.8783
68.4418
66.0292
63.6269
61.2487
58.9061
56.5565
54.2338
51.9228
49.603
47.2916
45.0046
42.7379
40.4662
38.2238
36.0224
33.8102
31.5904
29.3991
27.2636
25.1606
23.0591
20.9642
18.8902
16.8551
14.8291
12.7875
10.7791
8.81253
6.84342
4.87137
2.9196
0.977097
103.303
103.239
103.246
103.222
103.258
103.402
99.6947
96.1615
93.6672
91.0927
88.5232
85.9471
83.378
80.8454
78.3196
75.8179
73.3325
70.8788
68.4455
66.0383
63.6372
61.258
58.9069
56.5502
54.2195
51.9073
49.5994
47.2905
45.0001
42.74
40.4747
38.236
36.0341
33.8118
31.5837
29.3894
27.2504
25.1482
23.0529
20.9607
18.8905
16.8657
14.8443
12.7968
10.7767
8.80582
6.83738
4.86414
2.9117
0.972131
103.323
103.247
103.219
103.128
103.1
102.98
99.5914
96.2216
93.7212
91.1423
88.5635
85.9751
83.4195
80.8667
78.3273
75.8299
73.3355
70.8941
68.468
66.0423
63.6439
61.2608
58.9003
56.5508
54.2097
51.8911
49.5885
47.2917
45.0067
42.7427
40.4932
38.2512
36.0159
33.7947
31.5817
29.3923
27.2447
25.1343
23.0425
20.9575
18.8958
16.8693
14.8502
12.8127
10.7845
8.79591
6.82871
4.86352
2.91464
0.973976
103.316
103.245
103.132
103.084
102.93
102.76
99.9059
96.4711
93.8899
91.2296
88.6278
86.0027
83.4228
80.8768
78.3399
75.8238
73.3515
70.9174
68.4882
66.0421
63.6423
61.2624
58.8922
56.5473
54.2112
51.8849
49.5777
47.2991
45.023
42.747
40.4969
38.2495
35.9982
33.7791
31.587
29.4068
27.2426
25.1222
23.0346
20.9586
18.9027
16.867
14.8384
12.8138
10.7927
8.79116
6.81823
4.86521
2.92065
0.975304
103.276
103.222
103.163
103.129
103.096
102.992
100.684
96.6485
94.0189
91.3335
88.6871
86.0675
83.4494
80.8837
78.3502
75.8357
73.3554
70.9128
68.468
66.0474
63.6577
61.2628
58.893
56.5466
54.2181
51.8916
49.573
47.2986
45.0075
42.7262
40.4839
38.2315
35.9864
33.7727
31.5938
29.4223
27.2478
25.1171
23.0344
20.9647
18.9069
16.8557
14.8177
12.805
10.7994
8.79464
6.81691
4.8737
2.92467
0.969826
103.28
103.206
103.193
103.114
103.155
103.124
102.307
96.8988
94.1579
91.402
88.7224
86.0693
83.4625
80.8892
78.3641
75.8486
73.3714
70.9059
68.4478
66.0485
63.66
61.262
58.8981
56.5479
54.2251
51.9039
49.5792
47.2919
44.9921
42.7178
40.4753
38.2199
35.9825
33.7727
31.5959
29.4319
27.2576
25.1209
23.0384
20.9717
18.9056
16.84
14.798
12.7948
10.8016
8.80156
6.83333
4.8896
2.93066
0.966409
103.324
103.215
103.175
103.085
102.841
102.966
102.341
96.8893
94.1391
91.3879
88.7121
86.0609
83.4643
80.8931
78.3712
75.8554
73.3787
70.9085
68.4427
66.0391
63.6562
61.2571
58.8979
56.5554
54.2286
51.9133
49.5881
47.2847
44.9845
42.7076
40.4709
38.2193
35.9789
33.7773
31.6026
29.4369
27.2744
25.1351
23.0416
20.9724
18.9006
16.8273
14.7856
12.7871
10.7988
8.80792
6.85145
4.91265
2.94744
0.971837
103.295
103.217
103.158
103.12
103.084
103.141
101.517
96.6234
93.9879
91.2853
88.6639
86.0376
83.4632
80.8967
78.3631
75.8514
73.3759
70.9147
68.4408
66.0239
63.6382
61.2537
58.8939
56.5634
54.2352
51.9183
49.5982
47.286
44.99
42.7234
40.478
38.2158
35.9767
33.7859
31.6073
29.4333
27.28
25.1483
23.0449
20.9672
18.8947
16.8232
14.7849
12.7862
10.7951
8.81106
6.86174
4.91969
2.95259
0.980146
103.289
103.25
103.177
103.097
103.125
102.925
100.684
96.4355
93.8567
91.2043
88.5985
85.9967
83.4369
80.879
78.3309
75.8478
73.3646
70.9023
68.4632
66.0196
63.6295
61.2486
58.8906
56.5655
54.2372
51.9226
49.6014
47.2841
45.0085
42.7375
40.4687
38.2117
35.9813
33.7939
31.6062
29.4228
27.2794
25.161
23.0501
20.9614
18.8896
16.8302
14.795
12.7879
10.7911
8.81039
6.85338
4.90531
2.94995
0.984797
103.358
103.269
103.196
103.162
103.066
102.775
99.7265
96.1984
93.7116
91.1296
88.5525
85.9745
83.4124
80.8603
78.3326
75.8417
73.3399
70.8824
68.4491
66.0262
63.6239
61.245
58.9017
56.5633
54.2415
51.9258
49.6014
47.2909
45.0102
42.7419
40.4681
38.2152
35.999
33.8019
31.5995
29.4132
27.2771
25.1667
23.0557
20.9587
18.8884
16.8425
14.8122
12.7923
10.7891
8.81299
6.84811
4.88754
2.9358
0.98142
103.342
103.275
103.248
103.208
103.176
102.659
99.5903
96.1433
93.6692
91.0849
88.5228
85.9437
83.3731
80.8448
78.3217
75.8204
73.3333
70.878
68.4417
66.0291
63.6267
61.2486
58.906
56.5564
54.2338
51.9228
49.6028
47.2915
45.0047
42.7378
40.466
38.2237
36.0225
33.8098
31.5903
29.3992
27.2635
25.1605
23.059
20.9641
18.8901
16.855
14.829
12.7874
10.779
8.81258
6.84333
4.87124
2.91956
0.977006
100.882
102.965
100.698
103.415
100.891
102.961
100.707
100.554
102.877
100.799
102.98
100.56
102.882
100.776
101.185
102.983
102.308
102.756
101.099
103.007
102.204
102.492
103.183
102.832
103.027
102.492
103.047
102.867
103
103.001
102.745
103.151
103.041
103.005
102.767
102.771
103.242
102.823
103.132
102.791
103.204
102.843
102.845
103.112
102.553
103.121
102.87
103.029
102.553
102.36
102.835
101.068
103.146
102.262
102.824
100.984
100.77
102.66
100.465
102.829
100.748
102.658
100.472
100.642
103.458
100.87
102.699
100.65
103.393
100.879
100.889
102.973
100.705
103.391
100.89
102.97
100.707
100.558
102.883
100.773
102.98
100.554
102.894
100.773
101.091
102.936
102.185
102.762
101.086
102.986
102.197
102.488
103.067
102.98
103.149
102.493
103.095
102.992
103.049
102.914
102.769
103.138
103.05
102.944
102.774
102.794
103.273
102.845
102.954
102.796
103.213
102.833
102.933
103.03
102.549
103.19
102.898
103.039
102.548
102.245
102.818
100.98
102.948
102.245
102.803
100.983
100.745
102.655
100.47
102.885
100.746
102.669
100.472
100.647
103.39
100.876
102.701
100.644
103.391
100.877
100.893
102.983
100.71
103.456
100.884
102.99
100.702
100.556
102.898
100.776
102.976
100.549
102.899
100.798
101.091
102.976
102.218
102.778
101.173
102.974
102.305
102.497
103.067
102.934
103.036
102.499
103.134
102.91
103.042
102.937
102.775
103.139
102.992
103.038
102.754
102.794
103.209
102.845
102.975
102.772
103.365
102.825
102.882
103.013
102.55
103.15
102.883
103.033
102.549
102.263
102.797
100.991
102.961
102.361
102.788
101.076
100.749
102.663
100.475
102.77
100.772
102.66
100.468
100.645
103.404
100.88
102.67
100.636
103.466
100.87
102.988
103.156
102.986
103.25
103.004
103.16
102.989
102.693
102.725
103.358
103.446
103.338
102.772
102.694
98.2241
99.6289
98.2037
99.6949
98.233
99.6294
98.2126
103.026
103.059
102.981
103.11
103.025
103.047
102.984
102.508
102.44
102.914
102.969
102.451
102.917
102.47
98.177
99.7747
98.3301
99.5925
98.1854
99.7736
98.3389
102.933
103.004
102.929
103.064
102.958
102.997
102.924
102.803
102.817
102.938
102.759
102.827
102.927
102.801
98.5157
100.706
98.7279
99.909
98.5245
100.675
98.7374
103.037
103.154
103.099
103.106
103.027
103.137
103.097
102.92
102.899
103.069
103.01
102.902
103.037
102.925
98.8437
101.512
99.0697
100.686
98.8539
101.434
99.0791
103.101
102.967
102.953
103.172
103.136
102.966
102.94
102.937
103.06
103.11
103.316
103.149
103.085
103.059
99.3323
102.419
99.4786
102.306
99.3422
102.313
99.4887
102.958
103.008
103.025
102.828
102.985
103.006
103.018
102.942
102.981
103.144
103.044
102.939
103.027
103
99.4856
102.022
99.2589
102.337
99.4962
101.932
99.2687
103.114
103.111
103.045
103.147
103.115
103.103
103.045
103.127
103.238
103.242
103.113
103.159
103.218
103.017
99.0472
100.819
98.8489
101.489
99.0565
100.733
98.8589
103.028
103.062
102.955
103.114
103.064
103.068
102.942
102.859
102.921
102.965
103.312
102.921
102.92
102.859
98.7333
99.8195
98.4639
100.672
98.7428
99.8163
98.4728
102.939
103.072
102.871
103.068
102.944
103.065
102.874
102.744
102.814
102.825
102.84
102.823
102.835
102.744
98.2779
99.5301
98.1287
99.725
98.2865
99.5305
98.1373
102.771
103.179
102.972
103.172
102.767
103.172
102.993
102.408
102.502
102.735
102.68
102.359
102.764
102.46
98.1679
99.6697
98.1986
99.5908
98.1767
99.6701
98.2074
103.008
103.152
102.991
103.263
103.013
103.151
103.004
102.651
102.674
103.336
103.39
102.654
103.342
102.674
98.2321
99.6298
98.2117
99.6951
98.2321
99.6298
98.2116
103.022
103.04
102.977
103.167
103.023
103.05
102.978
102.578
102.437
102.921
102.992
102.555
102.454
102.925
98.1841
99.7724
98.3382
99.5917
98.1837
99.7715
98.3384
102.908
102.998
102.924
102.933
102.912
102.999
102.928
102.788
102.814
102.915
102.735
102.791
102.812
102.844
98.5234
100.668
98.7367
99.9031
98.5232
100.661
98.7367
103.027
103.132
103.097
103.141
103.028
103.135
103.096
102.907
102.891
102.983
102.959
102.902
102.908
102.994
98.8533
101.631
99.0782
100.682
98.8533
101.525
99.0782
103.07
102.964
102.937
103.24
103.068
102.961
102.943
102.947
103.019
102.99
103.064
102.93
102.963
102.995
99.3406
102.298
99.4876
102.302
99.3404
102.292
99.4876
102.93
103.024
103.019
102.888
102.934
103.022
103.026
102.924
102.873
102.951
102.935
102.986
102.86
102.95
99.4955
101.929
99.2671
102.321
99.4958
101.963
99.2671
103.09
103.096
103.048
103.058
103.09
103.097
103.046
103.14
103.085
103.258
103.101
103.034
103.091
103.024
99.0552
100.73
98.8583
101.48
99.055
100.731
98.8584
102.992
103.063
102.943
103.282
102.989
103.05
102.941
102.852
102.944
102.835
102.945
102.854
102.937
102.867
98.7421
99.8141
98.4715
100.678
98.7419
99.8136
98.4712
102.939
103.068
102.878
103.165
102.943
103.071
102.882
102.807
102.828
102.872
102.869
102.794
102.833
102.88
98.2855
99.5307
98.1363
99.7265
98.2853
99.5305
98.1363
102.765
103.171
102.995
103.383
102.768
103.168
102.987
102.343
102.318
102.793
102.699
102.351
102.347
102.799
98.1757
99.6703
98.2064
99.5906
98.1755
99.6702
98.2064
103.015
103.165
103.014
103.247
102.996
103.162
103.005
102.664
102.677
103.315
103.415
102.657
103.336
102.68
98.2329
99.6295
98.2123
99.6943
98.2238
99.6291
98.2031
103.019
103.047
102.981
103.118
103.014
103.047
102.999
102.618
102.447
102.94
102.984
102.609
102.462
102.936
98.1843
99.7713
98.3398
99.5913
98.1751
99.7717
98.3315
102.919
103.001
102.934
102.981
102.911
103.002
102.934
102.78
102.818
102.82
102.77
102.782
102.823
102.872
98.5243
100.672
98.7375
99.9104
98.5156
100.687
98.728
103.028
103.132
103.095
103.103
103.032
103.132
103.108
102.961
102.877
103.051
102.996
102.942
102.878
103.141
98.8541
101.559
99.0792
100.768
98.8442
101.613
99.0698
103.071
102.958
102.95
103.147
103.065
102.96
102.977
103.006
102.967
103.049
103.12
103.011
102.967
103.37
99.3415
102.308
99.4885
102.381
99.3313
102.413
99.478
102.937
103.023
103.025
102.841
102.949
103.021
103.03
102.922
102.834
102.921
103.017
102.957
102.878
102.937
99.4971
101.93
99.2686
102.444
99.4868
102.029
99.2587
103.092
103.099
103.045
103.111
103.097
103.099
103.06
103.149
103.079
103.274
103.139
103.144
103.082
103.272
99.0557
100.735
98.8592
101.606
99.0458
100.819
98.8494
102.987
103.053
102.939
103.124
102.985
103.049
102.954
102.843
102.947
102.896
102.933
102.843
102.954
102.903
98.7425
99.8155
98.4721
100.708
98.7328
99.8183
98.463
102.945
103.072
102.886
103.061
102.952
103.079
102.888
102.816
102.826
102.898
102.77
102.827
102.823
102.9
98.2862
99.5302
98.1374
99.727
98.2774
99.5298
98.1288
102.766
103.164
102.979
103.186
102.778
103.166
102.96
102.385
102.331
102.783
102.66
102.365
102.341
102.772
98.1763
99.6699
98.2074
99.59
98.1672
99.6694
98.1988
101.62
101.672
100.873
100.892
100.884
101.62
101.672
102.5
102.863
102.646
102.941
102.884
102.551
102.549
101.456
100.771
101.404
100.708
100.781
101.394
101.457
102.666
103.43
102.677
103.327
103.327
102.66
102.681
101.618
100.889
101.668
100.884
100.881
101.615
101.67
102.466
102.95
102.904
102.513
102.894
102.525
102.446
101.454
100.705
100.779
101.393
100.777
101.392
101.452
101.198
101.308
100.453
100.563
101.276
100.462
101.226
102.857
102.956
102.8
102.883
102.965
102.811
102.877
101.969
100.705
102.106
100.789
100.71
102.102
102.06
102.529
102.974
102.431
102.917
102.445
102.917
102.549
101.176
100.56
101.264
100.459
101.265
100.458
101.157
102.868
102.878
102.988
102.824
102.976
102.816
102.893
101.938
100.777
100.707
102.088
100.707
102.094
101.921
102.646
102.599
101.482
101.125
102.616
101.453
102.624
102.844
102.817
102.913
102.968
102.817
102.916
102.846
102.749
102.003
102.738
102.265
101.938
102.752
102.756
102.799
102.75
102.823
102.924
102.825
102.927
102.794
102.661
101.102
102.627
101.408
102.628
101.428
102.661
102.841
103.044
102.832
102.921
102.838
102.932
102.838
102.739
102.231
101.887
102.765
101.911
102.758
102.735
102.899
102.783
102.849
102.493
102.794
102.87
102.886
103.098
103.163
103.005
103.045
103.12
102.942
103.014
102.88
102.762
102.898
102.863
102.78
102.9
102.875
102.916
103.009
102.904
102.981
102.891
103.076
102.895
102.899
102.495
102.79
102.885
102.792
102.884
102.898
102.951
103.113
103.125
102.983
103.12
102.966
102.954
102.881
102.844
102.8
102.9
102.793
102.9
102.883
102.947
102.858
102.841
103.024
102.859
102.857
102.949
102.951
103.005
103.022
103
102.951
102.962
103.083
102.902
102.81
102.888
102.758
102.824
102.89
102.907
102.937
103.2
103.099
103.224
102.999
103.077
102.95
102.946
103.03
102.843
102.864
102.854
102.861
102.945
102.951
103.068
102.964
102.962
102.952
102.959
102.959
102.902
102.762
102.837
102.889
102.832
102.892
102.908
102.877
102.898
102.784
102.784
102.911
102.799
102.881
102.972
103.099
103.084
103.192
103.162
103.055
103.262
102.933
102.788
103.039
102.81
102.805
103.05
102.937
102.95
103.037
102.93
103.068
102.939
103.046
103.02
102.877
102.787
102.902
102.81
102.894
102.806
102.887
102.977
103.199
103.033
103.05
103.191
103.051
102.944
102.935
102.818
102.809
103.05
102.808
103.054
102.927
102.972
102.984
102.803
102.855
102.985
102.823
102.966
102.969
103.056
102.983
103.028
103.05
102.982
102.963
102.972
102.954
102.894
102.554
102.98
102.905
102.959
103.039
103.105
103.084
103.255
103.181
103.22
103.03
102.976
102.851
102.987
102.836
102.985
102.832
102.982
102.972
103.028
103.054
102.989
103.104
102.988
102.972
102.972
102.555
102.987
102.899
102.993
102.902
102.974
102.804
102.813
101.958
102.322
102.828
101.874
102.816
102.949
103.054
102.799
102.818
102.929
102.807
102.948
102.724
101.358
102.489
101.009
101.337
102.512
102.704
102.858
103.006
102.985
102.948
102.921
102.929
102.861
102.79
102.287
102.843
101.813
102.835
101.831
102.794
102.95
102.85
102.911
102.803
103.133
102.805
102.945
102.728
100.986
101.282
102.516
101.319
102.524
102.717
101.907
102.098
100.644
100.76
102.096
100.65
101.971
102.393
102.724
102.224
102.665
102.729
102.23
102.368
101.131
100.389
101.196
100.475
100.397
101.165
101.173
102.754
102.83
102.827
102.864
102.825
102.849
102.766
101.879
100.749
102.082
100.647
102.089
100.646
101.852
102.411
102.662
102.735
102.223
102.731
102.229
102.419
101.105
100.471
100.394
101.151
100.394
101.153
101.086
101.379
101.301
100.72
100.652
101.293
100.729
101.379
102.631
103.328
102.709
103.426
103.328
102.711
102.68
101.547
100.796
101.661
100.88
100.806
101.547
101.661
102.383
102.682
102.348
102.789
102.327
102.778
102.361
101.377
100.649
101.292
100.729
101.292
100.726
101.375
102.602
103.405
103.313
102.666
103.326
102.596
102.668
101.545
100.877
100.806
101.658
100.803
101.542
101.659
101.611
101.666
100.882
100.89
101.612
100.883
101.665
102.429
102.919
102.515
102.975
102.434
102.931
102.502
101.448
100.777
101.392
100.706
101.45
100.778
101.39
102.65
103.384
102.676
103.322
103.336
102.652
102.675
101.611
100.891
101.666
100.882
100.883
101.613
101.665
102.427
102.982
102.912
102.494
102.931
102.51
102.43
101.448
100.708
100.778
101.39
100.778
101.387
101.45
101.145
101.262
100.457
100.556
101.149
101.262
100.457
102.922
103.001
102.832
102.889
102.914
103.01
102.838
101.905
100.705
102.083
100.774
101.912
100.704
102.082
102.584
102.984
102.447
102.934
102.457
102.93
102.602
101.15
100.555
101.267
100.458
101.264
100.458
101.155
102.942
102.891
103.022
102.844
103.019
102.843
102.946
101.931
100.775
100.704
102.08
100.703
102.083
101.912
102.64
102.626
101.39
101.091
102.652
102.623
101.385
102.834
102.808
102.921
102.948
102.836
102.813
102.92
102.725
101.878
102.77
102.176
102.728
101.862
102.772
102.785
102.741
102.814
102.823
102.813
102.833
102.785
102.628
101.089
102.574
101.377
102.6
101.379
102.609
102.837
102.961
102.779
102.91
102.819
102.916
102.828
102.727
102.182
101.834
102.77
101.871
102.772
102.696
102.897
102.789
102.888
102.487
102.897
102.792
102.89
102.952
103.076
102.986
103.043
102.97
102.994
102.961
102.894
102.814
102.9
102.982
102.889
102.817
102.902
102.938
102.968
102.912
103.058
102.872
103.074
102.934
102.899
102.488
102.796
102.866
102.792
102.878
102.902
102.948
103.038
103.115
102.986
102.979
102.963
102.893
102.901
103.072
102.804
102.907
102.819
102.903
102.907
102.947
102.841
102.867
103.054
102.947
102.849
102.872
102.955
102.952
102.882
102.939
102.951
102.98
102.884
102.907
102.844
102.887
102.771
102.906
102.848
102.89
102.941
103.118
103.05
102.984
102.962
102.993
102.943
102.95
103.058
102.848
102.873
102.852
102.872
102.949
102.954
102.917
102.983
102.907
102.963
102.913
102.955
102.907
102.77
102.847
102.895
102.849
102.891
102.905
102.872
102.89
102.811
102.795
102.877
102.871
102.812
103.016
102.92
103.115
103.273
102.969
102.945
103.053
102.931
102.811
103.051
102.857
102.937
102.817
103.053
102.938
102.935
102.849
102.923
102.859
102.921
102.901
102.874
102.796
102.873
102.808
102.876
102.81
102.871
102.95
103.222
102.929
103.058
102.943
103.053
102.95
102.93
102.81
102.815
103.039
102.816
103.051
102.931
102.993
102.989
102.841
102.923
102.987
102.992
102.85
102.972
103.058
103.009
103.035
102.976
103.031
103.004
102.98
102.986
102.897
102.546
102.978
102.996
102.9
103.132
103.025
103.152
103.177
103.151
103.189
103.142
103.001
102.962
103
102.855
102.995
102.855
103.01
102.972
103.108
103.033
103.008
103.034
103.05
102.979
102.98
102.545
102.967
102.906
102.989
102.903
102.982
102.82
102.848
101.848
102.239
102.828
102.85
101.818
102.936
102.909
102.799
102.813
102.944
102.899
102.797
102.728
101.279
102.513
100.982
102.716
101.275
102.535
102.849
102.931
102.944
102.861
102.939
102.865
102.846
102.84
102.24
102.848
101.84
102.85
101.874
102.83
102.933
102.803
102.899
102.794
102.921
102.796
102.932
102.72
100.984
101.278
102.539
101.28
102.549
102.724
101.854
102.078
100.645
100.746
101.87
102.078
100.647
102.441
102.738
102.226
102.661
102.431
102.745
102.236
101.075
100.391
101.148
100.471
101.077
100.389
101.145
102.826
102.864
102.832
102.894
102.833
102.886
102.817
101.888
100.746
102.084
100.645
102.082
100.644
101.847
102.455
102.67
102.753
102.217
102.749
102.232
102.462
101.075
100.472
100.388
101.145
100.388
101.144
101.081
101.373
101.292
100.728
100.646
101.374
101.288
100.729
102.59
103.308
102.665
103.386
102.59
103.307
102.664
101.538
100.804
101.657
100.877
101.539
100.805
101.657
102.344
102.687
102.352
102.792
102.301
102.794
102.349
101.373
100.645
101.294
100.729
101.292
100.73
101.374
102.591
103.384
103.311
102.665
103.305
102.592
102.664
101.538
100.878
100.805
101.659
100.805
101.541
101.657
101.62
101.668
100.883
100.891
101.616
100.881
101.671
102.462
102.9
102.538
102.954
102.439
102.895
102.523
101.453
100.781
101.39
100.709
101.452
100.78
101.393
102.691
103.428
102.725
103.356
103.348
102.77
102.693
101.622
100.894
101.673
100.873
100.883
101.622
101.673
102.493
102.945
102.863
102.665
102.886
102.544
102.546
101.455
100.712
100.775
101.403
100.784
101.396
101.455
101.188
101.27
100.461
100.555
101.166
101.272
100.46
102.95
103.028
102.844
102.899
102.958
103.026
102.844
101.943
100.705
102.082
100.777
101.942
100.704
102.091
102.613
102.983
102.465
102.936
102.468
102.937
102.604
101.212
100.558
101.315
100.454
101.284
100.463
101.263
102.94
102.899
103.027
102.834
103.025
102.843
102.963
101.974
100.788
100.701
102.107
100.707
102.101
102.076
102.598
102.561
101.391
101.091
102.598
102.568
101.409
102.814
103.015
102.913
102.978
102.83
102.815
102.901
102.662
101.852
102.765
102.236
102.682
101.835
102.763
102.777
102.774
102.819
102.931
102.827
102.876
102.773
102.585
101.113
102.554
101.466
102.568
101.443
102.569
102.812
103.084
102.854
102.894
102.875
102.899
102.813
102.703
102.264
102.017
102.744
101.873
102.758
102.748
102.912
102.799
102.852
102.497
102.908
102.801
102.853
103.01
103.111
103.026
103.072
103.069
103.104
103.027
102.919
102.805
102.909
102.902
102.916
102.804
102.912
102.961
102.996
102.88
102.977
102.876
103.001
102.95
102.917
102.496
102.793
102.836
102.804
102.851
102.908
103.056
103.035
103.065
103.196
103.111
103.1
103.037
102.922
102.861
102.777
102.914
102.799
102.914
102.92
102.951
102.852
102.873
103.023
102.953
102.866
102.872
102.869
103.066
102.924
102.952
102.985
103.016
102.905
102.899
102.843
102.901
102.774
102.912
102.842
102.895
103.09
103.174
103.008
103.325
102.969
103.133
103.203
102.956
103.016
102.871
102.85
102.872
102.867
102.952
102.972
102.978
103.019
102.926
102.998
102.906
103.159
102.908
102.768
102.825
102.891
102.839
102.891
102.929
102.87
102.869
102.805
102.792
102.872
102.87
102.802
102.918
103.321
103.058
103.198
103.049
103.095
103.069
102.929
102.814
103.036
102.824
102.931
102.815
103.035
103.016
103.02
102.908
103.085
102.932
103.008
102.95
102.873
102.787
102.854
102.781
102.856
102.796
102.871
102.966
103.193
103.085
103.226
103.139
103.065
103.201
102.938
102.816
102.793
103.02
102.811
103.032
102.931
103.021
103.003
102.851
102.87
103.02
103.004
102.854
102.988
103.069
103.003
103.013
102.983
103.048
102.999
102.992
102.957
102.908
102.55
102.987
102.959
102.908
103.164
103.141
103.082
103.26
103.077
103.199
103.163
103.022
102.858
103.006
102.83
103.007
102.846
103.019
103.011
103.014
103.085
102.995
103.124
102.996
102.999
102.996
102.548
102.947
102.898
102.956
102.909
102.986
102.801
102.845
101.867
102.289
102.815
102.841
101.853
102.929
102.954
102.792
102.789
102.931
102.84
102.801
102.728
101.304
102.537
100.993
102.722
101.31
102.548
102.844
103.026
102.947
102.883
102.939
102.946
102.846
102.787
102.324
102.819
101.982
102.834
101.885
102.81
102.929
102.784
102.879
102.8
102.832
102.807
102.923
102.718
101.016
101.375
102.528
101.337
102.545
102.701
101.874
102.091
100.648
100.751
101.873
102.101
100.644
102.469
102.757
102.207
102.664
102.473
102.762
102.22
101.116
100.391
101.147
100.474
101.091
100.39
101.15
102.805
102.769
102.811
102.894
102.821
102.897
102.838
101.906
100.762
102.113
100.642
102.109
100.648
102.016
102.458
102.666
102.763
102.228
102.764
102.232
102.443
101.143
100.477
100.384
101.194
100.393
101.162
101.186
101.378
101.296
100.732
100.643
101.376
101.294
100.73
102.605
103.321
102.667
103.422
102.596
103.324
102.671
101.547
100.808
101.66
100.877
101.544
100.806
101.664
102.418
102.669
102.454
102.724
102.366
102.749
102.465
101.379
100.646
101.303
100.723
101.296
100.733
101.38
102.633
103.439
103.326
102.712
103.318
102.714
102.684
101.548
100.88
100.8
101.666
100.81
101.548
101.666
101.191
100.712
101.097
100.022
99.87
99.88
100.012
102.224
102.239
102.185
100.587
100.328
100.34
100.576
102.377
102.403
102.337
100.728
100.795
100.808
100.714
101.275
101.561
101.225
100.012
100.176
100.182
100.003
101.054
100.681
101.053
100.009
99.8706
100.01
99.8695
102.11
102.222
102.106
100.589
100.329
100.591
100.318
102.268
102.313
102.264
100.731
100.811
100.731
100.811
101.161
101.539
101.158
100.002
100.171
100.004
100.174
101.059
100.689
101.064
100.015
99.8741
100.014
99.8735
102.129
102.214
102.152
100.584
100.334
100.592
100.33
102.289
102.369
102.315
100.728
100.814
100.735
100.809
101.156
101.511
101.174
100.005
100.176
100.007
100.174
102.941
103.002
102.952
103.118
103.172
103.116
103.172
103.019
102.986
103.026
103.179
103.184
103.098
103.151
103.004
102.946
102.949
103.115
103.194
103.154
103.176
102.993
103.023
103.025
103.172
103.099
103.5
103.078
101.287
101.488
101.233
99.9892
100.165
100.171
99.9799
100.692
101.062
101.068
100.017
99.8755
99.8756
100.015
101.469
101.195
101.203
99.9851
100.168
100.167
99.9857
102.422
102.378
102.382
100.721
100.782
100.795
100.707
102.212
102.128
102.152
100.587
100.336
100.335
100.594
102.34
102.32
102.346
100.721
100.799
100.794
100.726
102.246
101.966
102.184
100.605
100.329
100.342
100.594
102.365
102.279
102.302
100.727
100.813
100.807
100.733
101.932
102.144
102.148
100.605
100.329
100.331
100.614
101.253
100.759
101.159
100.063
99.9245
99.9346
100.053
101.532
101.173
101.195
100.007
100.176
100.177
100.008
100.739
101.123
101.13
100.057
99.9299
99.9303
100.056
102.933
102.769
102.939
102.987
103.024
102.993
103.147
102.84
102.985
102.852
102.925
103.167
103.067
103.167
102.764
102.938
102.94
103.021
102.999
103
103.04
102.989
102.847
102.849
102.922
103.169
102.927
103.173
102.944
103.012
102.951
103.159
103.217
103.156
103.199
103.019
102.996
103.021
103.07
103.032
103.036
103.083
103.013
102.95
102.956
103.205
103.228
103.183
103.204
103
103.026
103.024
103.083
103.045
103.096
103.056
101.176
101.505
101.185
99.9809
100.164
99.9819
100.167
100.682
101.052
101.053
100.008
99.8713
99.8701
100.009
101.725
101.178
101.168
99.9811
100.169
100.163
99.9817
102.307
102.291
102.305
100.723
100.796
100.723
100.796
102.23
102.117
102.11
100.589
100.328
100.317
100.591
102.289
102.309
102.305
100.723
100.796
100.796
100.724
102.131
101.993
102.102
100.609
100.323
100.612
100.322
102.313
102.271
102.264
100.731
100.813
100.812
100.732
101.952
102.128
102.101
100.609
100.327
100.327
100.613
101.116
100.73
101.114
100.05
99.9259
100.051
99.9252
101.617
101.149
101.155
100.002
100.172
100.17
100.003
100.731
101.114
101.114
100.05
99.9254
99.925
100.051
102.936
102.766
102.934
103.026
103.018
103.016
103.009
102.847
102.996
102.849
102.937
103.169
102.939
103.168
102.765
102.93
102.934
103.024
103.109
103.125
102.984
102.997
102.851
102.85
102.979
103.158
102.946
103.168
102.946
103.014
102.952
103.199
103.214
103.183
103.193
103.03
103.003
103.029
103.074
103.369
103.138
103.118
103.01
102.946
102.957
103.178
103.174
103.177
103.176
103.003
103.022
103.028
103.321
103.174
103.118
103.234
101.173
101.468
101.195
99.9841
100.17
99.9855
100.168
100.709
101.186
101.093
100.02
99.8676
99.8777
100.01
101.496
101.265
101.219
99.9876
100.164
100.172
99.9783
102.327
102.335
102.355
100.719
100.798
100.726
100.793
102.236
102.23
102.188
100.585
100.327
100.338
100.574
102.373
102.427
102.389
100.719
100.782
100.794
100.705
102.146
101.953
102.15
100.605
100.33
100.614
100.332
102.405
102.391
102.351
100.729
100.797
100.81
100.715
101.988
102.248
102.185
100.604
100.333
100.344
100.593
101.12
100.74
101.126
100.056
99.9293
100.055
99.9292
101.537
101.255
101.206
100.008
100.173
100.182
99.9994
100.76
101.248
101.155
100.062
99.9235
99.9337
100.052
102.927
102.77
102.919
102.947
103.042
103.047
103.033
102.853
102.976
102.857
102.935
103.151
102.953
103.15
102.774
102.904
102.913
102.944
103.038
103.032
103.039
102.973
102.848
102.859
102.939
103.137
102.937
103.14
100.474
100.667
100.479
100.114
100.185
100.115
100.189
100.476
100.698
100.482
100.083
100.184
100.096
100.174
100.479
100.663
100.472
100.112
100.112
100.114
100.115
100.662
100.468
100.469
100.111
100.108
100.113
100.105
100.67
100.469
100.478
100.11
100.186
100.189
100.102
100.513
100.698
100.514
100.105
100.16
100.175
100.089
100.491
100.705
100.489
100.111
100.094
100.107
100.097
100.698
100.482
100.486
100.11
100.112
100.107
100.114
100.693
100.475
100.505
100.107
100.183
100.176
100.115
100.468
100.681
100.469
100.096
100.105
100.103
100.098
100.686
100.482
100.478
100.097
100.084
100.098
100.083
100.709
100.502
100.492
100.078
100.157
100.172
100.061
)
;

boundaryField
{
    inlet
    {
        type            fixedFluxPressure;
        gradient        nonuniform List<scalar> 
30
(
-0.254122
-0.289724
-0.232572
0.26914
0.0161973
-0.82128
-0.641844
-0.63884
0.743101
-1.14244
-0.152398
-0.075526
-0.333781
-2.08705
-0.286015
-0.0393987
-0.0421664
-0.435663
-1.43924
0.0118715
-0.928267
-1.96801
0.226115
0.211577
0.0528687
-1.30083
0.208151
0.00422574
-0.752706
0.0316111
)
;
        value           nonuniform List<scalar> 
30
(
103.304
103.323
103.315
103.277
103.281
103.323
103.292
103.289
103.36
103.341
103.303
103.322
103.315
103.273
103.28
103.324
103.294
103.289
103.356
103.342
103.302
103.319
103.316
103.276
103.28
103.322
103.295
103.289
103.357
103.342
)
;
    }
    outlet
    {
        type            fixedValue;
        value           uniform 0;
    }
    lowerWall
    {
        type            fixedFluxPressure;
        gradient        uniform 0;
        value           nonuniform List<scalar> 
752
(
103.305
103.324
103.315
103.277
103.28
103.325
103.294
103.29
103.358
103.343
103.24
103.251
103.246
103.221
103.208
103.214
103.221
103.249
103.274
103.274
103.246
103.218
103.134
103.162
103.192
103.175
103.159
103.175
103.199
103.245
103.221
103.129
103.086
103.129
103.114
103.086
103.121
103.098
103.16
103.207
103.272
103.114
102.984
103.109
103.208
102.849
103.104
103.148
103.069
103.19
103.474
102.96
102.76
103.046
103.245
102.961
103.266
103.053
102.837
102.731
99.6942
99.5921
99.9116
100.772
102.388
102.442
101.588
100.699
99.7255
99.59
96.1612
96.2221
96.4701
96.647
96.8996
96.8901
96.6247
96.4353
96.1983
96.143
93.6674
93.7213
93.889
94.019
94.158
94.1392
93.988
93.8566
93.7111
93.6693
91.0928
91.1424
91.2297
91.3342
91.4016
91.3879
91.2854
91.2044
91.1298
91.085
88.523
88.5636
88.6279
88.6873
88.7221
88.7123
88.664
88.5986
88.5527
88.5227
85.9471
85.9752
86.0028
86.0676
86.0694
86.061
86.0377
85.9968
85.9746
85.944
83.3785
83.4196
83.4229
83.4495
83.4627
83.4642
83.4633
83.4371
83.4126
83.3735
80.8455
80.8668
80.8769
80.8838
80.8893
80.8932
80.8968
80.8791
80.8604
80.8447
78.3197
78.3274
78.34
78.3503
78.364
78.3716
78.3632
78.331
78.3327
78.3217
75.8183
75.8305
75.8239
75.8358
75.8485
75.8556
75.8515
75.8479
75.8416
75.8202
73.3326
73.3353
73.3514
73.3555
73.3715
73.3788
73.376
73.3644
73.3393
73.3334
70.8786
70.8938
70.9178
70.9131
70.906
70.9084
70.9151
70.9029
70.8829
70.8785
68.4455
68.4683
68.4882
68.468
68.4481
68.4429
68.441
68.4628
68.4492
68.4415
66.0386
66.0425
66.0423
66.0476
66.0485
66.0394
66.024
66.0196
66.0262
66.0292
63.6374
63.6437
63.6427
63.6576
63.6601
63.6563
63.6382
63.6299
63.624
63.6271
61.2577
61.2609
61.2626
61.2629
61.2623
61.2574
61.2538
61.2486
61.2449
61.2488
58.907
58.9007
58.8926
58.893
58.8983
58.898
58.8939
58.8906
58.9018
58.9061
56.5506
56.5514
56.5472
56.5462
56.5479
56.5553
56.5635
56.5656
56.5634
56.5565
54.2195
54.2098
54.2113
54.2183
54.2254
54.2285
54.2356
54.2375
54.2417
54.2337
51.9073
51.8913
51.8851
51.8919
51.904
51.9133
51.9188
51.9226
51.9257
51.9227
49.5996
49.5888
49.5775
49.5731
49.5788
49.5883
49.5983
49.6013
49.6018
49.603
47.2906
47.2918
47.2992
47.2987
47.2919
47.285
47.286
47.2842
47.2913
47.2916
45.0004
45.0068
45.0228
45.0074
44.9926
44.9846
44.9895
45.0087
45.0097
45.0044
42.7401
42.7425
42.7468
42.7267
42.7182
42.7073
42.7234
42.7373
42.7419
42.7379
40.4747
40.4927
40.4974
40.4842
40.475
40.4708
40.478
40.4689
40.4684
40.4663
38.2357
38.2511
38.2501
38.2311
38.22
38.22
38.2161
38.212
38.2154
38.2238
36.0341
36.0162
35.9987
35.9865
35.9829
35.979
35.9767
35.9812
35.9986
36.0222
33.8122
33.795
33.7792
33.7727
33.7728
33.7774
33.7859
33.794
33.8019
33.8102
31.5838
31.5818
31.5868
31.5939
31.5959
31.6025
31.6075
31.6063
31.5998
31.5905
29.3895
29.3924
29.4067
29.4228
29.432
29.437
29.4335
29.4228
29.4132
29.399
27.2506
27.2448
27.2429
27.248
27.2571
27.2744
27.28
27.2794
27.277
27.2636
25.1482
25.1341
25.1223
25.1172
25.121
25.1352
25.1484
25.1612
25.1668
25.1606
23.0529
23.0427
23.0347
23.0344
23.0385
23.0419
23.045
23.0502
23.0559
23.059
20.9609
20.958
20.9588
20.9647
20.9716
20.9724
20.9672
20.9615
20.9589
20.9642
18.8907
18.8958
18.9027
18.9069
18.9057
18.9007
18.8948
18.8897
18.8883
18.8902
16.8656
16.8693
16.8668
16.8559
16.8405
16.8276
16.8235
16.8302
16.8424
16.855
14.8443
14.8503
14.8388
14.8178
14.798
14.7855
14.785
14.795
14.8123
14.8291
12.7973
12.8132
12.814
12.805
12.7945
12.7871
12.7861
12.788
12.7924
12.7876
10.7768
10.7846
10.7927
10.7993
10.8017
10.7992
10.7952
10.7912
10.7892
10.779
8.80556
8.79594
8.79134
8.79493
8.80167
8.80801
8.81115
8.81048
8.81306
8.81244
6.8375
6.82892
6.81844
6.81708
6.83316
6.85063
6.86167
6.85346
6.8482
6.84353
4.86424
4.86352
4.86518
4.87377
4.88937
4.91269
4.91989
4.90549
4.88764
4.87145
2.91165
2.91448
2.92069
2.92475
2.93093
2.94814
2.95316
2.95005
2.93549
2.91955
0.972197
0.974062
0.975371
0.970202
0.966683
0.971941
0.979942
0.984537
0.981512
0.977093
102.965
100.698
100.882
102.877
100.799
100.554
102.983
102.308
101.185
103.183
102.832
102.492
103.001
102.745
103
103.242
102.823
102.771
103.112
102.553
102.845
102.835
101.068
102.36
102.66
100.465
100.77
103.458
100.87
100.642
103.156
102.986
102.988
103.059
102.981
103.026
103.004
102.929
102.933
103.154
103.099
103.037
102.967
102.953
103.101
103.008
103.025
102.958
103.111
103.045
103.114
103.062
102.955
103.028
103.072
102.871
102.939
103.179
102.972
102.771
103.358
102.772
102.725
102.914
102.47
102.44
102.938
102.801
102.817
103.069
102.925
102.899
103.11
103.059
103.06
103.144
103
102.981
103.242
103.017
103.238
102.965
102.859
102.921
102.825
102.744
102.814
102.735
102.46
102.502
99.6289
98.2037
98.2241
99.7747
98.3301
98.177
100.706
98.7279
98.5157
101.512
99.0697
98.8437
102.419
99.4786
99.3323
102.022
99.2589
99.4856
100.819
98.8489
99.0472
99.8195
98.4639
98.7333
99.5301
98.1287
98.2779
99.6697
98.1986
98.1679
102.646
102.549
102.863
100.771
101.457
101.404
101.672
101.62
100.873
102.8
102.877
102.956
100.705
102.06
102.106
101.308
101.226
100.453
102.913
102.846
102.817
102.003
102.756
102.738
102.599
102.624
101.482
103.005
103.014
103.163
102.762
102.875
102.898
102.783
102.886
102.849
103.022
103.083
103.005
102.81
102.907
102.888
102.858
102.949
102.841
103.084
103.262
103.099
102.788
102.937
103.039
102.898
102.881
102.784
102.983
102.963
103.056
102.954
102.959
102.894
102.984
102.966
102.803
102.799
102.948
103.054
101.358
102.704
102.489
102.813
102.816
101.958
102.224
102.368
102.724
100.389
101.173
101.196
102.098
101.971
100.644
102.709
102.711
103.328
100.796
101.547
101.661
101.301
101.379
100.72
101.191
100.012
99.87
102.224
100.576
100.328
102.377
100.714
100.795
101.275
100.003
100.176
103.019
103.151
103.184
103.172
103.116
102.941
102.84
103.067
103.167
103.024
103.147
102.933
100.165
99.9799
101.287
100.782
100.707
102.422
100.329
100.594
102.246
99.9245
100.053
101.253
100.513
100.089
100.16
100.094
100.097
100.491
)
;
    }
    upperWall
    {
        type            fixedFluxPressure;
        gradient        uniform 0;
        value           nonuniform List<scalar> 
752
(
103.303
103.323
103.316
103.276
103.28
103.324
103.295
103.289
103.358
103.342
103.239
103.247
103.245
103.222
103.206
103.215
103.217
103.25
103.269
103.275
103.246
103.219
103.132
103.163
103.193
103.175
103.158
103.177
103.196
103.248
103.222
103.128
103.084
103.129
103.114
103.085
103.12
103.097
103.162
103.208
103.247
103.118
102.981
103.103
103.147
102.841
103.111
103.124
103.061
103.186
103.456
102.976
102.778
103.036
103.139
102.975
103.15
102.961
102.77
102.67
99.6943
99.5913
99.9104
100.768
102.381
102.444
101.606
100.708
99.727
99.59
96.1615
96.2216
96.4711
96.6485
96.8988
96.8893
96.6234
96.4355
96.1984
96.1433
93.6672
93.7212
93.8899
94.0189
94.1579
94.1391
93.9879
93.8567
93.7116
93.6692
91.0927
91.1423
91.2296
91.3335
91.402
91.3879
91.2853
91.2043
91.1296
91.0849
88.5232
88.5635
88.6278
88.6871
88.7224
88.7121
88.6639
88.5985
88.5525
88.5228
85.9471
85.9751
86.0027
86.0675
86.0693
86.0609
86.0376
85.9967
85.9745
85.9437
83.378
83.4195
83.4228
83.4494
83.4625
83.4643
83.4632
83.4369
83.4124
83.3731
80.8454
80.8667
80.8768
80.8837
80.8892
80.8931
80.8967
80.879
80.8603
80.8448
78.3196
78.3273
78.3399
78.3502
78.3641
78.3712
78.3631
78.3309
78.3326
78.3217
75.8179
75.8299
75.8238
75.8357
75.8486
75.8554
75.8514
75.8478
75.8417
75.8204
73.3325
73.3355
73.3515
73.3554
73.3714
73.3787
73.3759
73.3646
73.3399
73.3333
70.8788
70.8941
70.9174
70.9128
70.9059
70.9085
70.9147
70.9023
70.8824
70.878
68.4455
68.468
68.4882
68.468
68.4478
68.4427
68.4408
68.4632
68.4491
68.4417
66.0383
66.0423
66.0421
66.0474
66.0485
66.0391
66.0239
66.0196
66.0262
66.0291
63.6372
63.6439
63.6423
63.6577
63.66
63.6562
63.6382
63.6295
63.6239
63.6267
61.258
61.2608
61.2624
61.2628
61.262
61.2571
61.2537
61.2486
61.245
61.2486
58.9069
58.9003
58.8922
58.893
58.8981
58.8979
58.8939
58.8906
58.9017
58.906
56.5502
56.5508
56.5473
56.5466
56.5479
56.5554
56.5634
56.5655
56.5633
56.5564
54.2195
54.2097
54.2112
54.2181
54.2251
54.2286
54.2352
54.2372
54.2415
54.2338
51.9073
51.8911
51.8849
51.8916
51.9039
51.9133
51.9183
51.9226
51.9258
51.9228
49.5994
49.5885
49.5777
49.573
49.5792
49.5881
49.5982
49.6014
49.6014
49.6028
47.2905
47.2917
47.2991
47.2986
47.2919
47.2847
47.286
47.2841
47.2909
47.2915
45.0001
45.0067
45.023
45.0075
44.9921
44.9845
44.99
45.0085
45.0102
45.0047
42.74
42.7427
42.747
42.7262
42.7178
42.7076
42.7234
42.7375
42.7419
42.7378
40.4747
40.4932
40.4969
40.4839
40.4753
40.4709
40.478
40.4687
40.4681
40.466
38.236
38.2512
38.2495
38.2315
38.2199
38.2193
38.2158
38.2117
38.2152
38.2237
36.0341
36.0159
35.9982
35.9864
35.9825
35.9789
35.9767
35.9813
35.999
36.0225
33.8118
33.7947
33.7791
33.7727
33.7727
33.7773
33.7859
33.7939
33.8019
33.8098
31.5837
31.5817
31.587
31.5938
31.5959
31.6026
31.6073
31.6062
31.5995
31.5903
29.3894
29.3923
29.4068
29.4223
29.4319
29.4369
29.4333
29.4228
29.4132
29.3992
27.2504
27.2447
27.2426
27.2478
27.2576
27.2744
27.28
27.2794
27.2771
27.2635
25.1482
25.1343
25.1222
25.1171
25.1209
25.1351
25.1483
25.161
25.1667
25.1605
23.0529
23.0425
23.0346
23.0344
23.0384
23.0416
23.0449
23.0501
23.0557
23.059
20.9607
20.9575
20.9586
20.9647
20.9717
20.9724
20.9672
20.9614
20.9587
20.9641
18.8905
18.8958
18.9027
18.9069
18.9056
18.9006
18.8947
18.8896
18.8884
18.8901
16.8657
16.8693
16.867
16.8557
16.84
16.8273
16.8232
16.8302
16.8425
16.855
14.8443
14.8502
14.8384
14.8177
14.798
14.7856
14.7849
14.795
14.8122
14.829
12.7968
12.8127
12.8138
12.805
12.7948
12.7871
12.7862
12.7879
12.7923
12.7874
10.7767
10.7845
10.7927
10.7994
10.8016
10.7988
10.7951
10.7911
10.7891
10.779
8.80582
8.79591
8.79116
8.79464
8.80156
8.80792
8.81106
8.81039
8.81299
8.81258
6.83738
6.82871
6.81823
6.81691
6.83333
6.85145
6.86174
6.85338
6.84811
6.84333
4.86414
4.86352
4.86521
4.8737
4.8896
4.91265
4.91969
4.90531
4.88754
4.87124
2.9117
2.91464
2.92065
2.92467
2.93066
2.94744
2.95259
2.94995
2.9358
2.91956
0.972131
0.973976
0.975304
0.969826
0.966409
0.971837
0.980146
0.984797
0.98142
0.977006
100.884
100.702
102.99
100.549
100.798
102.899
101.173
102.305
102.974
102.499
102.91
103.134
102.992
102.754
103.038
102.772
102.825
103.365
102.883
102.549
103.033
102.361
101.076
102.788
100.772
100.468
102.66
100.636
100.87
103.466
102.996
103.005
103.162
103.014
102.999
103.047
102.911
102.934
103.002
103.032
103.108
103.132
103.065
102.977
102.96
102.949
103.03
103.021
103.097
103.06
103.099
102.985
102.954
103.049
102.952
102.888
103.079
102.778
102.96
103.166
102.725
102.77
103.356
102.465
102.604
102.936
102.819
102.773
102.931
102.88
102.95
102.977
103.008
103.203
103.325
102.908
102.95
103.085
103.082
103.163
103.26
102.947
102.846
102.883
102.811
102.838
102.894
102.454
102.465
102.724
98.2238
98.2031
99.6291
98.1751
98.3315
99.7717
98.5156
98.728
100.687
98.8442
99.0698
101.613
99.3313
99.478
102.413
99.4868
99.2587
102.029
99.0458
98.8494
100.819
98.7328
98.463
99.8183
98.2774
98.1288
99.5298
98.1672
98.1988
99.6694
100.873
101.622
101.673
101.403
101.455
100.775
102.863
102.546
102.665
100.454
101.263
101.315
102.107
102.076
100.701
103.027
102.963
102.834
101.466
102.569
102.554
102.744
102.748
102.017
102.854
102.813
102.894
102.836
102.908
102.793
102.914
102.92
102.777
103.065
103.037
103.196
102.85
102.952
102.871
102.891
102.929
102.825
103.019
103.159
102.926
102.781
102.871
102.854
103.02
102.931
102.793
103.085
103.201
103.226
102.83
103.019
103.006
102.898
102.986
102.947
103.085
102.999
102.995
101.982
102.81
102.819
102.528
102.701
101.375
102.879
102.923
102.8
100.642
102.016
102.113
101.194
101.186
100.384
102.763
102.443
102.228
100.723
101.38
101.303
101.666
101.548
100.8
103.326
102.714
102.712
99.8676
100.01
101.186
100.327
100.574
102.23
100.797
100.715
102.391
100.173
99.9994
101.255
102.946
103.177
103.174
103.174
103.234
103.022
102.904
103.039
103.038
103.137
102.937
102.848
101.265
99.9783
100.164
102.427
100.705
100.782
102.248
100.593
100.333
101.248
100.052
99.9235
100.157
100.061
100.502
100.482
100.083
100.084
)
;
    }
    frontWall
    {
        type            cyclic;
    }
    backWall
    {
        type            cyclic;
    }
}


// ************************************************************************* //
