/*--------------------------------*- C++ -*----------------------------------*\
| =========                 |                                                 |
| \\      /  F ield         | OpenFOAM: The Open Source CFD Toolbox           |
|  \\    /   O peration     | Version:  5.0                                   |
|   \\  /    A nd           | Web:      www.OpenFOAM.org                      |
|    \\/     M anipulation  |                                                 |
\*---------------------------------------------------------------------------*/
FoamFile
{
    version     2.0;
    format      ascii;
    class       volScalarField;
    location    "2.1";
    object      p_rgh;
}
// * * * * * * * * * * * * * * * * * * * * * * * * * * * * * * * * * * * * * //

dimensions      [1 -1 -2 0 0 0 0];

internalField   nonuniform List<scalar> 
9186
(
92.4392
101.121
96.898
99.6304
100.251
101.776
95.8253
92.1628
89.7764
87.3506
84.9122
82.4615
80.0093
77.5836
75.1657
72.77
70.3851
68.032
65.7004
63.3909
61.0858
58.8006
56.5455
54.2841
52.0465
49.829
47.6152
45.3975
43.2006
41.0285
38.8535
36.7036
34.5835
32.4497
30.3118
28.2063
26.1541
24.1385
22.1308
20.1169
18.131
16.1903
14.2517
12.2841
10.3458
8.45465
6.56549
4.67185
2.79805
0.935621
103.446
104.322
106.861
98.1923
97.9682
95.663
95.1754
91.8847
89.6061
87.267
84.8675
82.4356
80.0155
77.5854
75.16
72.7704
70.3808
68.0425
65.7183
63.3927
61.0911
58.805
56.539
54.2857
52.0356
49.81
47.5998
45.3988
43.2083
41.0322
38.8676
36.7151
34.5752
32.4434
30.3147
28.214
26.1518
24.1236
22.113
20.1158
18.1365
16.1943
14.2593
12.304
10.353
8.44636
6.55684
4.67036
2.80004
0.935591
105.445
107.39
85.4462
93.8469
94.6862
94.9976
95.0085
92.304
89.5169
87.2709
84.8804
82.4376
80.0047
77.5878
75.1683
72.7627
70.3977
68.0673
65.7372
63.3925
61.0952
58.8081
56.5334
54.2801
52.0385
49.8063
47.5915
45.4043
43.2175
41.0327
38.8723
36.7151
34.5576
32.4307
30.3265
28.2295
26.1505
24.1136
22.1097
20.1177
18.144
16.1902
14.2431
12.3057
10.3659
8.44346
6.54898
4.67119
2.80231
0.935333
112.001
129.712
110.311
104.538
94.577
96.0147
96.0004
92.683
89.7602
87.4498
84.9833
82.5298
80.0488
77.6059
75.1855
72.7788
70.4034
68.0627
65.7171
63.3963
61.1019
58.8069
56.5344
54.2812
52.0498
49.8168
47.5907
45.4107
43.2126
41.0234
38.873
36.7105
34.5523
32.4258
30.3324
28.2464
26.1579
24.1106
22.1107
20.1243
18.1509
16.1798
14.2259
12.2922
10.3705
8.44558
6.54849
4.67841
2.80895
0.930874
108.536
101.678
94.9777
91.3466
99.2132
96.9855
97.195
93.449
90.1629
87.6846
85.1214
82.5955
80.1034
77.6363
75.2136
72.799
70.4243
68.0588
65.7003
63.3999
61.1066
58.8059
56.5382
54.2851
52.0587
49.832
47.601
45.4061
43.2004
41.0161
38.8676
36.7027
34.5496
32.4248
30.334
28.2558
26.168
24.116
22.1155
20.1347
18.1501
16.1651
14.2047
12.2811
10.3674
8.44779
6.55991
4.69291
2.81721
0.928782
91.3042
100.914
104.223
92.0142
96.6775
97.4333
98.8902
94.4956
90.5305
87.9035
85.2486
82.6701
80.1516
77.6708
75.2436
72.824
70.4421
68.0674
65.6975
63.3869
61.1027
58.8025
56.5394
54.2954
52.0648
49.8458
47.6116
45.4009
43.1935
41.0097
38.8618
36.6971
34.5423
32.4268
30.3377
28.2578
26.1786
24.1258
22.1182
20.1339
18.1431
16.1528
14.192
12.2717
10.3628
8.45189
6.57407
4.71788
2.82699
0.93178
98.3486
100.255
97.9035
91.0506
98.0489
102.28
100.47
94.7788
90.6352
87.9504
85.2941
82.7037
80.1877
77.6967
75.2481
72.827
70.4448
68.0796
65.7042
63.3811
61.0916
58.8027
56.5394
54.3036
52.0702
49.8441
47.6179
45.3974
43.1914
41.0158
38.8547
36.6834
34.535
32.4323
30.3403
28.2526
26.185
24.1406
22.1204
20.1262
18.1362
16.1447
14.1877
12.2689
10.3585
8.45366
6.58054
4.71737
2.83284
0.94056
100.383
101.267
92.3118
93.9032
105.785
101.803
100.467
94.5354
90.5133
87.8761
85.2407
82.6725
80.1687
77.6841
75.2192
72.8252
70.4347
68.0658
65.7158
63.373
61.0815
58.798
56.5381
54.3052
52.0697
49.849
47.6198
45.3952
43.2099
41.0266
38.8525
36.6814
34.5405
32.4403
30.3394
28.2423
26.1856
24.1518
22.1264
20.1209
18.1313
16.156
14.2004
12.2739
10.3571
8.45576
6.57883
4.70666
2.83124
0.945646
110.378
99.6952
90.5652
108.692
113.914
100.47
98.2516
92.9496
90.308
87.7105
85.1468
82.6184
80.1247
77.6536
75.2129
72.8128
70.403
68.0431
65.7073
63.3807
61.0748
58.7918
56.5423
54.3005
52.0719
49.8477
47.6166
45.3936
43.1989
41.0227
38.8394
36.6808
34.556
32.4434
30.3304
28.2315
26.1835
24.1556
22.13
20.1186
18.1295
16.1637
14.2158
12.274
10.353
8.45656
6.57148
4.69537
2.82013
0.94638
94.1257
148.324
112.875
106.209
102.047
97.5227
95.6853
92.3509
89.946
87.4753
85.0045
82.5193
80.0441
77.6146
75.1872
72.7821
70.3927
68.0359
65.698
63.3823
61.0752
58.7927
56.5448
54.2894
52.0607
49.8422
47.6151
45.3948
43.1965
41.024
38.8428
36.6872
34.5718
32.4505
30.3184
28.2135
26.16
24.1463
22.131
20.1165
18.1296
16.1789
14.2304
12.275
10.3451
8.45838
6.57155
4.68256
2.80515
0.935951
90.5792
103.735
104.336
99.7961
97.1212
101.847
95.8206
92.1634
89.7763
87.3506
84.9124
82.4616
80.0091
77.5836
75.1657
72.7696
70.385
68.032
65.7006
63.3907
61.0857
58.8007
56.5455
54.2839
52.0465
49.829
47.6151
45.3975
43.2004
41.0283
38.8535
36.7037
34.5834
32.4495
30.3118
28.2063
26.1541
24.1385
22.1308
20.1167
18.1309
16.1904
14.2518
12.2842
10.3458
8.45471
6.56541
4.67178
2.798
0.935705
127.789
104.56
104.244
102.772
96.0303
96.5065
95.1624
91.8848
89.606
87.2667
84.8674
82.4356
80.0155
77.5854
75.16
72.7702
70.3808
68.0426
65.7183
63.3926
61.0911
58.8051
56.5389
54.2854
52.0356
49.81
47.5997
45.3988
43.2083
41.0322
38.8682
36.7151
34.5752
32.4435
30.3147
28.2139
26.1518
24.1237
22.113
20.1154
18.1366
16.1944
14.2592
12.3037
10.353
8.44638
6.55667
4.67038
2.80023
0.93554
107.151
101.809
141.978
92.4416
93.8626
94.978
94.8902
92.3028
89.5184
87.2707
84.8804
82.4376
80.0047
77.5877
75.1683
72.7627
70.3977
68.0673
65.7374
63.3925
61.095
58.8081
56.5334
54.2799
52.0385
49.8062
47.5915
45.4043
43.2176
41.0328
38.8721
36.7149
34.5577
32.4308
30.3266
28.2295
26.1504
24.1136
22.1097
20.1176
18.1441
16.1903
14.2431
12.3055
10.366
8.44342
6.54896
4.67126
2.80235
0.935327
108.578
113.775
100.119
102.986
94.2114
96.0851
96.008
92.6834
89.7607
87.4494
84.9833
82.5297
80.0488
77.6058
75.1854
72.7787
70.4034
68.0626
65.7169
63.3962
61.1019
58.8069
56.5344
54.2813
52.0496
49.8167
47.5908
45.4108
43.2128
41.0232
38.8729
36.7107
34.5522
32.4258
30.3325
28.2461
26.1579
24.1106
22.1106
20.1243
18.1509
16.1798
14.2257
12.2923
10.3706
8.44561
6.54841
4.67838
2.80894
0.930722
116.947
100.817
95.9448
100.283
95.5138
96.3334
97.1984
93.4439
90.1632
87.6846
85.1215
82.595
80.103
77.6363
75.2137
72.799
70.4243
68.0588
65.7001
63.3999
61.1066
58.8059
56.5378
54.2852
52.0585
49.8321
47.6011
45.4061
43.1999
41.0159
38.8676
36.7027
34.5495
32.4247
30.3341
28.2558
26.1682
24.116
22.1155
20.1348
18.15
16.1647
14.2046
12.2811
10.3674
8.44777
6.55989
4.69285
2.81712
0.928835
93.5702
100.24
100.349
91.0234
97.6074
98.4357
98.875
94.491
90.5307
87.9035
85.2485
82.67
80.1517
77.6708
75.2436
72.824
70.4421
68.0675
65.6975
63.3869
61.1028
58.8022
56.5393
54.2954
52.065
49.8458
47.6115
45.4008
43.1935
41.0099
38.8619
36.6966
34.5421
32.4267
30.3377
28.2577
26.1786
24.1258
22.1182
20.1339
18.143
16.1524
14.1921
12.2717
10.3627
8.45187
6.57403
4.71788
2.82672
0.93175
99.2283
98.4128
97.7243
98.0509
99.0027
101.944
100.451
94.7745
90.6358
87.9503
85.2941
82.7037
80.1876
77.6967
75.2481
72.827
70.4447
68.0795
65.7042
63.3811
61.0915
58.8027
56.5393
54.3036
52.0698
49.8441
47.6179
45.3974
43.1915
41.0158
38.8548
36.6833
34.535
32.4323
30.3403
28.2525
26.185
24.1405
22.1204
20.1263
18.1362
16.1445
14.1877
12.2689
10.3584
8.45364
6.58065
4.71743
2.83286
0.94072
101.659
100.377
98.7212
100.228
105.806
101.599
100.44
94.532
90.5141
87.8759
85.2407
82.6724
80.1687
77.6841
75.2191
72.8252
70.4349
68.0656
65.7163
63.373
61.0815
58.798
56.5381
54.3052
52.0697
49.849
47.6202
45.395
43.2097
41.0266
38.8523
36.6811
34.5405
32.4402
30.3393
28.2423
26.1856
24.1518
22.1264
20.1209
18.1312
16.156
14.2004
12.2739
10.357
8.45574
6.57883
4.70664
2.83121
0.945627
108.498
102.547
102.211
106.099
111.075
100.365
98.1051
92.9501
90.3083
87.7105
85.1468
82.6184
80.1247
77.6535
75.2129
72.813
70.4033
68.043
65.7074
63.3808
61.0748
58.7918
56.5424
54.3005
52.0718
49.8478
47.6165
45.3935
43.1989
41.0227
38.8395
36.6808
34.5564
32.4434
30.3304
28.2316
26.1835
24.1555
22.1299
20.1186
18.1296
16.1637
14.2157
12.2739
10.353
8.45652
6.57142
4.69534
2.8202
0.946377
45.6614
154.504
111.273
99.6368
137.309
97.8928
95.6809
92.3514
89.9461
87.4753
85.0047
82.5193
80.0438
77.6146
75.1872
72.7823
70.3926
68.0358
65.6981
63.3822
61.0752
58.7924
56.5448
54.2894
52.0607
49.8423
47.615
45.3949
43.1966
41.0239
38.8427
36.6872
34.5719
32.4505
30.3184
28.2136
26.1601
24.1463
22.131
20.1164
18.1296
16.1789
14.2304
12.2747
10.3451
8.4584
6.57146
4.68256
2.80524
0.935942
89.5647
103.132
98.4969
97.5203
97.1495
102.024
95.8238
92.1632
89.7763
87.3506
84.9124
82.4617
80.0086
77.5835
75.1656
72.7693
70.385
68.0319
65.7006
63.3905
61.0857
58.8006
56.5454
54.2838
52.0465
49.829
47.6149
45.3974
43.2002
41.028
38.8535
36.7037
34.5834
32.4493
30.3117
28.2063
26.154
24.1384
22.1308
20.1166
18.1307
16.1904
14.2519
12.2843
10.3457
8.45468
6.56527
4.67167
2.79789
0.935706
96.3465
99.9903
108.255
89.1028
94.6858
96.6683
95.1661
91.8842
89.6059
87.2666
84.8674
82.4355
80.0154
77.5853
75.1599
72.77
70.3807
68.0426
65.7181
63.3925
61.0917
58.8051
56.5382
54.2848
52.0355
49.81
47.5996
45.3987
43.2084
41.0322
38.8682
36.7151
34.575
32.4435
30.3146
28.2138
26.1517
24.1241
22.1128
20.1154
18.1365
16.1948
14.259
12.3034
10.3531
8.4464
6.55654
4.67032
2.80029
0.935345
107.283
109.06
190.9
132.697
93.7854
95.0127
94.9006
92.3044
89.5182
87.2708
84.8803
82.4375
80.0046
77.5877
75.1682
72.7626
70.3976
68.0671
65.7373
63.3924
61.0948
58.808
56.5332
54.2798
52.0385
49.8061
47.5917
45.4042
43.2176
41.0328
38.872
36.7147
34.5578
32.4309
30.3265
28.2294
26.1503
24.1136
22.1096
20.1175
18.1441
16.1903
14.243
12.3053
10.3662
8.4433
6.54885
4.67125
2.80233
0.935023
103.762
116.946
100.08
104.808
93.5473
96.6853
96.0042
92.6846
89.7602
87.449
84.9831
82.5296
80.0487
77.6058
75.1854
72.7787
70.4033
68.0624
65.7169
63.3961
61.102
58.8068
56.5343
54.2814
52.0494
49.8165
47.5909
45.4107
43.2127
41.0231
38.8727
36.7106
34.5521
32.4257
30.3324
28.246
26.1578
24.1106
22.1107
20.1243
18.1509
16.1797
14.2255
12.2925
10.3706
8.44557
6.54821
4.67832
2.8088
0.93039
110.126
106.909
108.879
106.059
96.2185
96.4748
97.194
93.4457
90.1624
87.685
85.1214
82.5949
80.1028
77.6362
75.2136
72.799
70.4242
68.0587
65.7
63.4
61.1066
58.8058
56.5377
54.2852
52.0582
49.8321
47.6012
45.406
43.1998
41.0157
38.8675
36.7027
34.5494
32.4247
30.334
28.2557
26.1686
24.116
22.1155
20.135
18.1499
16.1643
14.2048
12.2811
10.367
8.4477
6.56009
4.69272
2.81704
0.928732
96.4478
98.9381
101.002
97.8376
98.0757
101.559
98.8699
94.493
90.5299
87.9037
85.2483
82.6699
80.1519
77.6707
75.2435
72.8239
70.442
68.0675
65.6973
63.3868
61.1027
58.802
56.5391
54.2961
52.065
49.8458
47.6114
45.4006
43.1934
41.0101
38.862
36.6965
34.542
32.4267
30.3378
28.2576
26.1786
24.1257
22.1181
20.1341
18.1429
16.152
14.192
12.2717
10.3625
8.45179
6.57401
4.71781
2.82615
0.931709
98.4042
97.4658
102.433
101.512
99.4536
101.373
100.437
94.774
90.6352
87.9503
85.2939
82.7036
80.1875
77.6966
75.248
72.8269
70.4447
68.0793
65.7041
63.3811
61.0915
58.8026
56.5393
54.3036
52.0697
49.8441
47.6178
45.3976
43.1918
41.0158
38.8546
36.6831
34.5349
32.4322
30.3402
28.2523
26.185
24.1405
22.1203
20.1263
18.1361
16.1444
14.1876
12.2689
10.3583
8.45357
6.58074
4.71734
2.83286
0.94067
103.714
100.401
99.8646
100.641
112.322
103.051
100.45
94.5322
90.5136
87.876
85.2406
82.6724
80.1686
77.684
75.2191
72.8251
70.4352
68.0653
65.7163
63.3731
61.0814
58.798
56.5384
54.3051
52.0697
49.849
47.6201
45.3948
43.2097
41.0267
38.8523
36.681
34.5405
32.4402
30.3393
28.2424
26.1856
24.1515
22.1263
20.1209
18.1311
16.156
14.2003
12.2738
10.3569
8.45567
6.57877
4.7066
2.83119
0.945491
118.542
103.382
96.4176
100.66
113.693
100.315
98.1184
92.9497
90.3085
87.7105
85.1467
82.6183
80.1246
77.6534
75.2128
72.8131
70.4039
68.0428
65.7074
63.3807
61.0747
58.7918
56.5423
54.3004
52.0715
49.8477
47.6161
45.3933
43.1994
41.0228
38.8393
36.6807
34.5564
32.4433
30.3303
28.2315
26.1834
24.1553
22.1298
20.1185
18.1296
16.1637
14.2157
12.2737
10.3529
8.45645
6.57131
4.69527
2.82017
0.946285
63.3271
117.292
109.926
101.795
103.841
96.8754
95.6775
92.3511
89.946
87.4752
85.0047
82.5192
80.0436
77.6145
75.1871
72.7825
70.3926
68.0357
65.6982
63.3821
61.0748
58.7923
56.5447
54.2894
52.0606
49.8422
47.6148
45.3948
43.1967
41.0239
38.8423
36.6874
34.5719
32.4503
30.3183
28.2137
26.1601
24.1462
22.131
20.1164
18.1295
16.1787
14.2304
12.2746
10.345
8.45835
6.57119
4.6823
2.80525
0.935877
97.5908
96.9842
96.0238
101.828
97.5668
97.0162
95.9452
96.1132
95.3703
95.5243
96.4977
95.9836
95.3752
95.5666
95.7686
95.726
95.7738
94.9738
95.7917
95.7292
95.7718
95.8191
97.6583
96.9615
96.0722
95.8243
96.3988
96.7933
97.129
98.0214
98.3778
96.3365
97.1108
98.4739
98.3737
98.8982
100.884
99.9622
99.0189
98.8618
100.768
99.9512
100.608
102.416
100.883
101.949
100.701
101.69
100.892
100.824
103.005
99.7686
102.153
100.827
101.764
99.7666
99.1033
97.3108
96.8692
100.356
99.141
97.2234
96.7506
96.0573
100.464
97.0863
96.9137
95.955
100.562
97.1127
97.5656
96.8639
95.9397
102.049
97.5613
97.0395
95.9463
95.9648
95.3512
95.5731
96.6825
95.9482
95.3546
95.5792
95.7931
95.6925
95.7684
94.9969
95.7827
95.6765
95.7813
95.8185
96.4801
96.654
96.1455
95.8479
96.4124
96.5708
97.1375
98.1215
98.3754
96.4753
97.1051
98.4441
98.3692
98.8628
100.745
100.015
102.105
98.9289
100.683
99.9398
100.697
102.056
100.854
101.087
100.494
102.218
100.884
100.822
101.757
99.7673
102.142
100.827
101.918
99.7746
99.147
97.3799
96.757
100.353
99.136
97.8109
96.7259
95.9594
100.282
97.1306
96.9476
95.9713
111.49
97.0816
97.5671
96.9417
95.9531
102.18
97.593
96.9175
96.0362
95.9618
95.3699
95.5762
97.9035
96.0845
95.4405
95.5227
95.7763
95.6807
95.7862
95.0199
95.7555
95.5308
95.7859
95.7976
96.4838
96.5962
88.8976
95.8019
95.4421
96.6119
97.1309
98.2699
98.4352
96.5701
97.1181
98.2027
98.3891
98.9285
100.665
99.978
102.302
98.9486
100.781
99.9532
100.569
101.563
100.957
101.541
100.521
104.804
100.875
100.836
101.868
99.7717
107.906
100.824
102.146
99.79
99.1317
97.8386
96.7914
100.373
99.1066
98.1817
96.9317
96.0751
111.76
97.0598
97.7885
96.0604
111.993
97.0663
101.314
98.5629
100.69
104.996
102.294
95.7064
98.0849
98.2971
101.217
98.1891
101.78
98.1414
98.5069
101.24
94.1857
95.189
93.8682
95.8218
94.1942
95.186
93.8762
95.9941
98.2253
94.9772
94.6676
95.9931
94.8015
94.9975
95.9376
96.3956
96.5836
95.782
96.4057
96.1654
95.9111
93.638
94.7687
93.4959
95.1643
93.6465
94.6279
93.5045
94.7137
95.8459
96.2307
95.4685
94.8284
96.1623
96.5238
95.3775
95.4144
95.1533
94.986
95.4113
95.1464
95.3741
93.4859
95.7596
93.4773
94.9016
93.4843
95.7264
93.4858
94.7596
95.939
95.4085
96.8953
95.2444
95.3539
96.2041
98.3377
95.3899
96.1346
95.9775
95.3466
95.8004
98.7944
93.5126
96.8923
94.202
96.0104
93.5182
96.888
94.2021
96.7448
107.102
101.404
95.5284
95.9941
104.148
103.468
97.5032
96.7934
97.6703
97.6223
96.7801
97.6396
97.52
94.4503
98.3444
95.618
97.2055
94.4284
98.3259
95.6296
96.9017
100.715
100.976
96.7102
94.3163
98.4864
103.61
99.5682
99.2651
109.151
97.5145
99.0227
101.149
99.5385
96.0067
99.9297
96.1684
98.9037
96.0242
99.9257
96.1452
103.884
108.102
107.195
98.8148
103.093
107.413
106.43
100.429
101.378
100.592
102.389
101.366
100.786
100.406
96.2551
100.67
96.2875
100.449
96.221
100.684
96.295
107.736
110.428
103.972
106.228
106.898
110.762
103.802
101.184
101.719
103.975
101.814
101.713
102.16
101.308
96.2942
99.2072
96.1129
100.437
96.304
99.1085
96.1102
96.8962
104.919
96.74
111.635
98.7298
109.171
99.0114
99.2258
99.7103
99.48
100.41
99.6655
99.6637
99.2776
95.415
96.1246
94.6687
98.1163
95.4238
96.1119
94.6776
95.0264
96.7199
113.002
144.142
95.3441
96.8975
112.882
95.1476
95.5309
98.6737
97.5788
95.5459
99.4491
95.1716
94.2333
95.5689
93.9573
95.6839
94.2407
95.5724
93.9646
101.296
95.8987
97.7468
96.9371
102.464
95.9712
97.6608
98.4309
101.276
98.1527
101.899
98.4462
98.2231
101.284
94.1934
95.1841
93.8751
95.8218
94.1932
95.1843
93.8749
96.181
95.1909
94.9678
94.4229
95.9409
94.8054
94.892
95.9862
96.3919
95.9463
96.5779
95.9723
96.4053
95.6957
93.6456
94.6172
93.5042
95.1634
93.6448
94.6109
93.504
94.6596
95.9048
96.0004
93.8353
94.4797
96.0536
95.606
95.347
95.3982
95.1384
94.9899
95.3497
95.4002
95.1406
93.4833
95.7227
93.4835
94.8897
93.483
95.7138
93.4833
95.8495
95.3387
96.109
93.4999
94.5513
97.2768
95.1963
97.7937
95.2964
95.7363
96.1461
97.7806
95.3124
95.6891
93.5151
96.8846
94.2038
96.0056
93.5152
96.8924
94.1905
95.9802
98.5359
102.382
96.5402
96.1454
97.2019
102.915
97.3279
96.7112
97.0612
96.3551
97.4823
96.6919
97.0278
94.4275
98.3804
95.6098
97.1981
94.4329
98.3459
95.6096
96.5134
98.677
99.7352
97.9834
118.715
100.318
99.662
99.2656
99.0688
99.4484
98.4077
99.3818
99.2118
99.5882
96.0231
99.9504
96.1468
98.8904
96.0229
99.9395
96.1479
103.099
107.098
106.555
101.181
102.712
103.614
104.089
100.569
101.281
100.605
101.832
100.484
101.126
100.723
96.2237
100.685
96.291
100.437
96.2339
100.685
96.2912
104.186
109.759
103.671
113.979
104.576
113.114
103.742
101.169
101.694
102.424
102.095
101.112
101.723
102.428
96.3021
99.0809
96.1074
100.447
96.3026
99.0845
96.1065
100.084
108.727
101.267
110.47
103.34
108.411
88.0369
99.475
99.8222
99.1045
100.377
99.5466
99.8278
99.0135
95.4225
96.1048
94.677
98.1181
95.4219
96.1324
94.677
99.0237
107.518
113.84
131.698
91.5599
103.648
121.736
95.1049
95.5307
99.1176
98.712
95.1381
95.5995
97.5025
94.2395
95.5722
93.9632
95.6782
94.239
95.5674
93.963
100.982
95.3677
95.3685
99.0118
100.846
97.0513
95.3918
98.3617
101.272
98.3654
102.063
98.3868
98.3872
101.265
94.1939
95.1867
93.8757
95.8262
94.1853
95.1896
93.8676
96.0105
94.7261
95.3013
94.5311
96.1097
94.3904
95.8471
96.0433
96.3879
95.5899
96.6865
96.0278
96.4047
96.2386
93.645
94.6196
93.5049
95.1725
93.6359
94.7623
93.4971
94.7554
95.8338
96.3732
94.2451
94.7392
96.1441
96.7809
95.3302
95.4134
95.1334
95.0006
95.3302
95.4279
95.1583
93.4839
95.7227
93.4856
95.0049
93.4859
95.7386
93.4774
101.437
96.7628
97.4782
106.433
102.651
110.548
96.162
97.4031
95.3091
95.7793
106.081
97.535
95.1582
96.0193
93.5181
96.8882
94.2005
95.9941
93.5131
96.9109
94.1971
96.4591
99.3705
103.172
96.6635
95.8994
92.3952
104.206
97.3709
96.7099
96.8259
96.4622
97.3702
96.7073
96.9689
94.4316
98.3788
95.6275
97.1907
94.4523
98.3624
95.6171
216.037
102.238
99.6857
98.1196
153.774
98.498
99.9591
99.2288
99.4747
100.02
101.929
99.2294
99.5556
100.07
96.0245
99.9645
96.1423
98.9079
96.0074
99.943
96.1646
102.603
113.834
104.01
99.3882
104.685
104.968
104.365
100.7
101.052
101.124
101.581
100.603
101.055
101.211
96.2182
100.685
96.2951
100.425
96.2494
100.67
96.2877
103.637
108.142
101.133
116.807
103.38
108.178
101.314
101.256
101.687
111.664
107.842
101.494
101.884
104.738
96.3049
99.1129
96.1084
100.47
96.2945
99.2721
96.1112
95.8758
108.295
88.5509
113.543
96.7563
107.964
87.7133
99.4806
99.7946
99.1806
100.277
99.5549
99.8631
99.3178
95.4228
96.1471
94.6777
98.2433
95.4142
96.1263
94.6688
92.3682
104.897
145.048
105.018
93.2596
104.243
121.488
95.0832
95.7238
98.2166
96.5984
95.0687
95.7189
97.6072
94.2401
95.5636
93.9643
95.6822
94.2323
95.5639
93.9572
98.2243
100.142
96.5851
97.5816
96.5445
98.7493
100.124
97.6449
97.5825
96.8233
96.9894
97.579
96.8327
97.6371
97.9012
96.7303
96.8746
95.9692
96.6762
96.8838
97.8813
98.3857
101.802
101.264
98.1578
98.1452
98.3968
101.253
98.2977
97.569
100.097
96.5118
96.5067
98.3182
100.11
97.6413
97.0011
97.5677
96.8267
97.5753
96.8307
97.6379
97.9162
95.9469
96.6588
96.8876
96.6574
96.8914
97.9143
95.9862
96.4951
95.822
96.0218
96.5058
95.6773
95.9275
95.7225
95.6151
95.5241
95.3324
95.6184
95.491
95.7052
95.7694
95.764
95.5837
95.5386
95.7284
95.5909
95.7494
95.9514
96.7725
96.3827
96.4889
96.3917
96.2587
95.9603
96.0104
96.0068
96.542
95.6085
96.5343
95.6365
96.0105
95.721
95.3497
95.6237
95.511
95.6273
95.5048
95.7231
95.76
95.5538
95.7107
95.5835
95.7063
95.5885
95.7613
95.7376
95.5397
95.8298
95.7836
95.5525
95.842
95.8152
95.5259
96.1873
95.655
95.7296
96.0006
95.6594
95.5794
96.0435
95.8558
95.6929
95.7764
95.8692
95.7129
96.3249
95.36
94.9793
95.4082
95.1374
95.409
95.1361
95.3561
95.5742
95.7883
95.55
95.8351
95.5548
95.8454
95.6799
95.5124
95.7314
95.8845
95.6652
95.9356
95.6717
95.5717
95.9236
95.7774
95.8603
95.6914
95.8675
95.7679
95.9612
95.8111
95.5306
95.9324
95.8212
95.3968
95.9565
95.8174
96.1462
95.0627
97.323
96.433
95.2838
96.3141
96.3522
96.0958
96.364
96.3422
96.8467
96.3379
96.3592
96.094
98.2634
96.0278
95.3084
95.8068
95.3236
95.7966
98.0172
95.8033
95.8869
95.5172
95.9571
95.5755
95.9608
95.8059
96.108
96.2842
95.2189
96.3093
95.2051
96.3816
96.1559
96.108
96.8294
96.3308
96.2541
96.3801
96.4351
96.0912
97.582
97.1186
97.5531
97.1145
96.9657
97.556
97.6892
98.5507
108.484
98.7644
98.0183
104.25
98.8515
98.7573
97.9955
98.0937
98.5829
98.3742
98.056
98.5376
98.1688
97.3617
97.4174
96.7319
97.1392
96.7942
97.4696
97.3954
97.4975
97.138
96.9301
97.5362
96.9547
97.6191
97.4324
98.7145
98.9525
99.4067
98.7766
105.476
98.7495
98.3426
97.9928
98.4551
98.0525
98.5286
98.0933
98.5389
97.9877
99.573
99.3955
99.1478
98.9162
99.3973
99.129
99.5797
100.228
100.432
100.396
100.856
100.752
100.304
100.286
100.096
99.7627
100.174
99.9813
99.7471
100.174
100.102
99.4051
99.3204
99.0099
101.296
99.0056
106.409
99.3664
99.5779
98.999
99.4196
99.105
99.4322
99.1573
99.5783
100.217
100.812
100.239
100.237
100.178
100.301
100.28
100.092
99.9294
99.7406
100.198
99.7665
100.168
100.107
100.551
100.725
100.513
100.721
100.689
100.495
100.753
101.321
103.455
101.565
102.415
103.299
101.534
101.321
100.98
100.925
101.32
100.892
100.942
101.203
101.155
100.476
102.312
101.249
100.269
101.487
101.066
100.424
100.555
100.506
100.605
100.469
100.706
100.559
100.563
101.317
102.274
102.523
101.523
102.373
101.531
101.303
100.97
100.973
100.93
101.196
101
101.204
100.998
100.97
101.167
100.642
100.826
101.138
100.647
101.038
104.023
103.007
100.92
101.745
102.121
100.918
105.125
100.184
100.404
100.509
99.7329
100.397
100.482
102.845
101.258
101.863
101.7
102.365
101.705
102.305
101.133
100.97
100.843
101.143
100.645
101.138
100.649
100.871
103.739
101.741
101.806
100.854
101.858
101.182
103.909
100.348
99.7396
100.398
100.537
100.398
100.529
101.075
99.0042
99.5427
98.6994
99.1225
99.5472
98.7196
98.9934
97.4837
95.3333
96.6992
97.4417
95.1853
96.7043
97.5403
98.1315
97.6328
97.1196
96.8051
97.6223
97.1515
98.1155
99.2207
100.397
99.8131
99.1216
99.6981
99.386
99.334
99.0047
99.1327
99.5386
98.7297
99.5458
98.7239
98.999
97.5731
97.5438
96.1069
96.6815
95.164
96.6965
97.4714
98.139
96.7683
97.6125
97.1579
97.6165
97.1612
98.1462
96.6492
96.8892
95.8244
96.0233
96.9022
95.667
96.6929
97.2698
107.043
98.6432
100.29
107.177
97.346
98.6476
95.834
94.6583
97.6356
97.0945
94.6231
95.885
97.6876
95.1477
97.1112
95.5226
98.3814
95.5319
98.5541
95.1394
96.67
95.986
96.9338
95.6145
96.9267
95.6393
96.6842
97.111
100.375
107.629
98.6389
107.364
96.8721
98.6552
95.8024
97.0986
94.6889
97.7849
94.6574
95.7628
97.7228
98.3362
100.09
96.5148
97.5691
98.3602
96.5226
100.081
97.6349
97.5188
96.824
96.96
97.636
97.5329
96.8248
97.9061
96.6562
96.8823
95.9434
97.9116
96.6613
96.8818
98.417
101.957
101.279
98.3834
98.3713
98.3987
101.285
98.3093
97.5652
100.086
96.5381
96.5334
98.2826
100.083
97.6331
96.9207
97.4898
96.8208
97.4577
96.8246
97.6296
97.9016
95.9476
96.6665
96.8845
96.6643
96.8845
97.8989
95.9919
96.5594
95.5855
95.9487
95.9961
96.5707
95.5892
95.7506
95.633
95.5497
95.3613
95.7452
95.6326
95.5353
95.7666
95.7069
95.5823
95.5761
95.7621
95.7104
95.5843
95.9945
96.6414
96.3934
95.6038
96.406
95.7115
96.0092
95.9933
95.944
96.5592
95.6024
96.5602
95.6143
95.9836
95.756
95.3724
95.6521
95.5592
95.6919
95.5308
95.7876
95.7672
95.5783
95.7165
95.5769
95.7117
95.5837
95.7646
95.6558
95.5444
95.8313
95.7906
95.6641
95.5385
95.8271
95.427
95.838
95.6803
95.6982
95.4557
95.8125
95.6729
96.014
95.8538
95.6919
95.7726
95.9953
95.8493
95.7039
95.3407
94.9895
95.4078
95.1582
95.404
95.1412
95.3393
95.6574
95.7873
95.4925
95.8168
95.5164
95.8246
95.6306
95.5677
95.6982
95.771
95.6553
96.1567
95.6616
95.3819
96.0369
95.7782
95.8387
95.7629
95.8438
95.7113
96.0176
95.8623
95.3813
95.9596
95.7852
95.8318
95.6578
95.9679
96.1707
95.63
96.2893
96.4217
96.1618
95.7617
96.2649
96.1025
96.37
96.2665
96.6791
96.1097
96.343
96.2413
97.6319
96.2
95.2576
96.1541
95.293
96.0464
97.9959
95.869
95.7896
95.3912
96.7723
95.6046
95.899
95.8177
96.1911
96.4063
96.2784
96.2121
96.2374
96.2633
96.1877
96.1176
96.7737
96.3399
96.2426
96.3581
96.2712
96.1524
97.4085
96.9278
97.588
97.101
97.4159
96.9182
97.5276
98.4667
101.001
98.7989
98.1496
98.5492
96.5266
98.8244
97.9607
98.111
98.5287
98.3335
97.9765
98.0227
98.5296
97.3298
96.4165
96.7054
97.3087
96.6873
97.1426
97.3564
97.4094
97.1533
96.9183
97.5212
96.9173
97.5383
97.4147
98.381
98.1524
97.0325
99.0166
96.7798
98.8421
98.3564
97.9522
98.3682
98.041
98.5539
98.0894
98.5298
97.9399
99.5831
99.4272
99.1558
98.8672
99.5798
99.4392
99.1202
100.208
100.274
100.233
100.708
100.237
99.9833
100.149
100.106
99.7406
100.164
99.9743
100.133
99.7528
100.157
99.152
97.9813
99.3701
99.8997
99.2602
99.6855
99.2039
99.6107
98.8552
99.5287
99.1045
99.4568
99.1328
99.5683
100.192
100.705
100.081
100.152
99.9479
100.15
100.196
100.085
99.9416
99.732
100.165
99.7619
100.193
100.109
100.589
100.62
100.536
100.492
100.567
100.686
100.474
101.238
102.79
101.617
101.746
101.312
102.78
101.62
100.984
100.938
101.194
100.873
101.02
100.907
101.213
100.614
102.615
101.071
101.716
101.082
100.999
100.63
100.59
100.447
100.669
100.484
100.652
100.541
100.628
101.287
101.749
102.811
101.604
102.775
101.566
101.338
101.011
100.856
100.89
101.221
100.945
101.2
101.008
100.877
101.146
100.643
100.828
100.883
101.149
100.647
103.724
102.967
100.965
101.787
103.814
101.878
100.89
100.609
100.406
100.534
99.7699
100.704
100.408
100.526
101.179
102.03
101.669
104.459
101.681
102.306
101.173
100.888
100.825
101.153
100.653
101.152
100.651
100.879
103.515
101.79
102.155
100.857
102.243
100.876
103.382
100.58
99.7725
100.409
100.507
100.407
100.535
100.814
99.0006
99.5421
98.7308
99.1463
98.9939
99.5519
98.7297
97.6008
99.03
96.6728
97.1977
97.5662
97.8576
96.6527
98.1728
97.6153
97.1624
96.7206
98.1584
97.6116
97.1365
99.516
100.368
99.8039
98.8172
99.8061
98.8829
99.5404
99.0062
99.1404
99.5595
98.7237
99.5599
98.7284
99.01
97.6468
97.9879
99.9464
96.5925
100.103
96.63
97.7184
98.1849
96.7252
97.6122
97.1386
97.6075
97.1497
98.1948
96.6866
96.9439
95.6223
95.964
96.739
96.9649
95.6148
96.1165
116.889
98.6026
171.721
96.5522
111.777
98.5689
95.6961
94.6293
97.8446
97.1271
95.6828
94.5272
97.8433
95.1354
97.0984
95.6924
97.3368
95.6806
97.3726
95.1008
96.7916
96.0159
96.9527
95.6367
97.0266
95.6491
96.688
95.6439
111.95
93.3831
98.5862
93.1127
95.1718
98.5623
95.7387
97.1124
94.3203
98.0513
94.4247
95.6759
97.9616
98.2764
100.092
96.5449
97.5735
98.2755
96.5427
100.101
97.6266
97.2308
96.816
96.8791
97.6249
97.335
96.8168
97.8939
96.6732
96.8831
95.958
97.8942
96.6757
96.8832
98.3516
102.202
101.225
98.3025
98.2807
98.4452
101.249
98.3257
97.5827
100.144
96.5765
96.5573
98.6421
100.122
97.6256
96.894
97.2599
96.81
97.2865
96.8191
97.617
97.8908
95.9782
96.7408
96.8816
96.6934
96.8838
97.885
95.9893
96.5231
95.6045
95.9862
95.9833
96.5025
95.6479
95.7782
95.6598
95.5946
95.3932
95.7912
95.6575
95.5315
95.7582
95.7232
95.5725
95.5676
95.7611
95.7211
95.5794
96.0523
96.638
96.4606
96.4561
96.4209
95.7666
96.0497
95.9631
96.0265
96.5403
95.7932
96.4873
95.6935
95.936
95.8457
95.3559
95.64
95.5663
95.6475
95.539
95.8517
95.7518
95.5496
95.789
95.5801
95.7227
95.5857
95.7638
95.6426
95.4845
95.8207
95.7685
95.6437
95.4943
95.8201
95.4329
97.0072
95.6546
97.3887
95.4193
96.2187
95.6363
95.974
95.8458
95.7111
95.789
95.9714
95.8519
95.7059
95.4156
95.016
95.4345
95.148
95.4259
95.1518
95.3672
95.7971
95.7614
95.4953
95.8099
95.5049
95.8212
95.7096
95.4184
95.524
95.8778
95.7041
96.2176
95.6388
95.4458
96.026
95.7891
95.86
95.7068
95.8624
95.7059
95.9669
95.85
95.6938
96.2254
95.7945
95.8314
95.6981
96.3523
96.2631
97.6093
96.3087
99.6154
96.2688
99.7511
96.395
96.1945
96.3841
96.2489
96.5822
96.1642
96.3352
96.246
97.5493
89.1499
95.4141
102.309
95.1516
96.3746
99.0706
96.5738
95.8064
95.3786
96.3264
95.4903
96.3602
96.2597
96.5926
94.9995
98.0827
96.3248
98.0372
96.1599
96.4517
96.1925
96.6254
96.3497
96.2578
96.3396
96.2475
96.1988
97.4366
96.9008
97.5311
97.1028
97.4195
97.0199
97.5155
98.3943
96.9131
98.9006
98.2792
98.561
97.0561
98.8954
97.9064
98.0651
98.565
98.3656
97.9265
98.0403
98.5502
97.3996
96.4498
96.7893
97.1453
96.7093
97.3398
98.106
97.4428
97.0974
96.9174
97.516
96.9226
97.5139
97.538
98.4016
98.2408
98.4271
98.9276
97.3073
98.9272
98.3925
97.8962
98.3684
98.0902
98.6028
98.0413
98.6331
97.9812
99.5412
99.4887
99.1315
98.955
99.5569
99.4961
99.1057
100.144
100.059
100.148
100.666
100.224
100.1
100.102
100.084
99.7553
100.165
100.014
100.086
99.7529
100.141
99.2937
102.18
99.682
102.138
99.608
99.2487
99.2387
99.5407
98.9226
99.5386
99.1848
99.5062
99.1063
99.5786
100.12
100.683
100.294
100.332
100.039
100.075
100.146
100.119
99.9491
99.7654
100.178
99.752
100.123
100.107
100.628
100.648
100.507
100.421
100.623
100.63
100.484
101.843
102.376
101.537
106.202
101.175
105.135
101.651
101.012
100.908
101.22
100.889
101.01
100.877
101.236
100.674
101.541
101.111
101.587
101.043
102.171
100.683
100.681
100.672
100.656
100.575
100.681
100.491
100.674
101.598
105.865
108.382
101.739
103.354
101.69
101.564
101.006
100.87
100.899
101.314
100.884
101.223
101.078
100.974
101.153
100.657
100.827
100.996
101.156
100.663
102.725
102.524
100.633
101.814
103.249
102.293
100.406
100.28
100.408
100.501
99.7766
100.461
100.417
100.521
101.656
107.135
101.908
109.131
102.073
105.47
101.377
100.833
100.825
101.153
100.656
101.156
100.664
100.831
102.676
101.964
102.328
100.931
102.384
100.461
104.027
101.319
99.7197
100.424
100.693
100.415
100.671
101.771
99.023
99.5639
98.7162
99.1285
99.0168
99.5649
98.7048
97.7366
95.6375
96.5745
97.8318
97.7358
95.3514
96.592
98.2123
97.6102
97.1654
96.8932
98.2008
97.613
97.196
99.3657
100.367
99.889
99.3344
99.7716
99.2979
99.6131
99.0223
99.1302
99.5652
98.6967
99.5678
98.7034
99.0161
97.7492
97.7806
95.3797
96.6015
95.3506
96.6066
97.7813
98.2154
96.9079
97.6315
97.1175
97.6259
97.1734
98.2032
96.5739
97.0483
95.5323
95.9719
96.6178
96.9477
95.541
94.4675
99.4797
98.5818
113.187
94.7146
103.068
98.5819
95.7198
94.263
98.1028
97.0549
95.655
94.2522
98.1334
95.1445
96.543
95.7281
97.2908
95.7292
97.4883
95.1761
96.6265
96.0148
96.9307
95.7226
96.9566
95.6525
96.6614
94.3348
111.888
93.9743
98.6072
91.617
94.3562
98.5916
95.8778
97.0613
94.4457
98.0431
94.3077
95.884
98.0917
96.2293
96.0102
96.2379
95.9926
95.5303
95.5355
95.9821
97.5302
97.1914
97.5237
97.4001
97.116
97.0783
97.4692
99.1509
98.86
99.1172
98.8585
98.627
98.644
98.872
100.443
100.405
100.449
100.15
100.079
99.8252
100.121
96.2361
96.0065
96.2343
96.011
95.5348
96.0045
95.5319
97.534
97.2003
97.5373
97.4483
97.1089
97.4401
97.1152
99.1996
98.8802
99.2029
98.8788
98.6586
98.866
98.6609
100.439
100.43
100.439
100.167
100.037
100.18
100.028
96.2312
96.0047
96.2333
96.0374
95.5334
96.0413
95.5318
97.5396
97.2025
97.5356
97.4002
97.0992
97.4247
97.0893
99.1919
98.8906
99.1801
98.8276
98.6571
98.8455
98.653
100.425
100.407
100.43
100.157
100.001
100.165
99.9083
96.4882
96.8947
96.4923
96.4739
96.8463
96.7957
96.4592
96.0102
96.2377
96.2371
95.9973
95.5349
95.5371
95.9994
96.8959
96.4892
96.4942
96.4888
96.8475
96.8457
96.4888
97.9204
98.3136
97.8984
97.7611
98.1398
98.1583
97.7486
97.1936
97.5321
97.524
97.3957
97.0951
97.06
97.4246
98.3461
97.9395
97.9763
97.7124
98.1464
98.1578
97.7192
99.6813
99.9082
99.656
99.3061
99.575
99.5022
99.4044
98.8683
99.1899
99.1677
98.8247
98.6551
98.6508
98.8512
99.936
99.7008
99.7469
99.3303
99.5371
99.525
99.3494
100.637
100.682
100.645
100.192
99.8721
99.8707
100.176
100.424
100.441
100.445
100.165
99.9571
99.8773
100.177
100.683
100.644
100.643
100.204
99.8695
99.8707
100.22
96.4886
96.894
96.4903
96.4926
96.856
96.4881
96.8217
96.0054
96.2295
96.2319
96.0201
95.532
95.5325
96.032
96.9045
96.4804
96.4886
96.4952
96.8235
96.8378
96.4918
97.9865
98.3544
97.9633
97.7506
98.1552
97.7485
98.1574
97.1989
97.5411
97.5407
97.447
97.1104
97.1131
97.4415
98.3711
97.9602
97.9833
97.7567
98.1509
98.1611
97.7418
99.7254
99.9428
99.7092
99.3756
99.5693
99.3698
99.578
98.8738
99.2039
99.2025
98.8751
98.6601
98.6609
98.8727
99.9367
99.7057
99.7178
99.3771
99.5704
99.585
99.3657
100.642
100.685
100.641
100.218
99.8689
100.217
99.8694
100.457
100.431
100.437
100.162
100.004
100.203
100.167
100.686
100.641
100.641
100.215
99.8715
99.8703
100.213
96.4788
96.8979
96.4777
96.4819
96.8304
96.4872
96.8225
96.004
96.2261
96.2341
96.0291
95.5248
95.5291
96.0117
96.9076
96.475
96.4803
96.4805
96.8085
96.8079
96.4563
97.9944
98.3188
97.9197
97.7072
98.1458
97.7302
98.1607
97.1853
97.5369
97.5164
97.3841
97.126
97.0553
97.4747
98.3085
97.9535
97.9065
97.7561
98.1391
98.1579
97.7478
99.7494
99.9232
99.6696
99.3076
99.5726
99.3557
99.5133
98.8604
99.179
99.1289
98.8576
98.6299
98.6465
98.8739
99.9191
99.7091
99.6658
99.3213
99.5661
99.5344
99.3921
100.643
100.683
100.641
100.204
99.871
100.211
99.8698
100.396
100.425
100.43
100.142
100.001
99.8992
100.124
100.682
100.633
100.642
100.195
99.8709
99.8686
100.176
100.272
100.44
100.273
98.7931
99.5413
98.7925
99.5409
100.252
100.453
100.25
98.794
99.5526
98.7877
99.5278
95.7487
95.7188
95.7573
94.7033
95.0536
94.7134
95.0555
95.7148
95.7413
95.7475
94.7041
95.0495
95.0521
94.7018
100.442
100.254
100.274
98.7928
99.5425
99.5428
98.7909
100.251
100.437
100.276
98.8441
99.6592
99.5516
98.9124
95.7269
95.7493
95.748
94.7415
95.1401
95.08
94.8161
95.7471
95.7414
95.7426
94.7192
95.0554
95.0666
94.7222
100.449
100.274
100.285
98.8114
99.5447
99.5563
98.7992
95.7399
95.7285
95.7401
94.7015
95.0503
94.7016
95.0558
95.7301
95.7166
95.7309
94.7263
95.1278
95.071
94.8099
100.467
100.235
100.244
98.8219
99.6382
99.548
98.8871
99.0828
99.6495
99.6379
98.3337
97.5261
97.5224
98.3541
99.7083
99.0754
99.7461
98.3292
97.5339
98.3412
97.535
99.0805
99.7737
99.7599
98.3241
97.5371
97.5313
98.3208
99.7204
99.1867
99.6832
98.3554
97.5312
98.34
97.5026
99.7116
99.092
99.6692
98.3486
97.543
97.5388
98.4266
99.1293
99.7676
99.7093
98.3666
97.5484
97.5185
98.454
95.2851
94.884
95.2813
94.2779
94.361
94.2803
94.3586
95.29
94.9065
95.2892
94.2634
94.3587
94.2726
94.3568
94.913
95.2901
95.2911
94.2785
94.3632
94.3645
94.2806
94.8867
95.2886
95.2832
94.2768
94.3565
94.3586
94.2695
95.2691
94.9377
95.2801
94.2972
94.3641
94.3698
94.3539
94.929
95.2753
95.2863
94.2814
94.3609
94.3641
94.3351
84.3911
104.343
106.943
97.0308
115.123
104.293
116.534
100.416
99.9041
99.3589
98.2139
100.717
99.7168
99.3923
98.6999
99.7316
99.3419
102.257
98.8069
99.6763
99.4077
104.857
99.4649
103.112
97.7434
99.6892
98.8511
99.9245
103.496
100.113
103.024
97.5605
104.729
99.3018
102.674
100.05
100.156
99.482
92.9543
101.994
98.2331
100.622
95.9009
96.9697
97.7361
99.9901
96.2523
96.6447
99.9708
134.481
102.983
98.2883
99.5853
157.929
98.3737
100.433
106.229
98.6489
104.348
107.946
105.48
98.5228
110.574
109.732
98.6392
107.277
102.253
108.877
98.2767
104.786
102.96
104.803
105.549
110.766
100.877
103.684
108.152
99.3182
108.978
97.9783
109.207
97.932
99.5922
97.9942
126.639
80.1184
103.81
111.398
98.0667
132.232
116.025
98.168
117.721
102.259
99.9836
94.0225
141.013
106.32
96.1809
96.2018
97.4104
91.0827
98.2833
98.3686
97.8028
114.573
75.0911
147.868
100.432
120.314
82.1884
169.272
94.5426
102.933
108.173
103.033
95.7945
106.272
123.849
115.25
84.8826
67.2709
115.999
119.228
101.511
146.022
123.867
224.008
144.564
105.336
144.03
118.122
150.076
94.1436
115.32
98.1144
106.96
96.2914
105.633
102.198
106.286
98.2425
107.559
106.167
106.3
100.506
105.772
92.9892
94.6354
93.1296
94.4908
92.989
94.6354
93.1294
98.2765
97.9775
95.8818
96.026
98.2586
97.967
95.8822
98.2709
96.0261
97.979
95.8808
97.9676
95.8815
98.2712
92.9794
94.6425
93.1176
94.4935
92.9894
94.6375
93.1303
92.989
94.6374
93.13
94.4947
92.9788
94.6424
93.117
98.1716
96.0217
97.9936
95.8863
98.0177
95.9012
98.2361
98.1777
97.9951
95.8872
96.0234
98.2257
98.0166
95.9006
92.2888
94.0608
92.6789
93.4439
92.2885
94.0599
92.6792
97.2625
95.1793
97.5719
95.6046
97.26
95.1772
97.5791
97.2714
95.6053
95.1788
97.5626
95.1785
97.5861
97.246
92.2884
94.0636
92.6792
93.4478
92.2786
94.0691
92.6666
97.1492
95.1862
97.54
95.6447
97.2207
95.2083
97.5554
92.2794
94.0698
92.6674
93.4465
92.2891
94.0645
92.6796
97.1616
95.6432
95.1891
97.5354
95.2058
97.5537
97.1988
98.2181
98.104
95.9154
96.0226
98.0581
95.9272
98.3161
98.2168
96.0239
98.1049
95.9168
98.058
95.9259
98.3202
97.2194
95.6461
95.2117
97.67
95.2315
97.6072
97.2924
97.2301
95.2131
97.6705
95.6438
95.229
97.6111
97.292
97.2035
98.1054
97.2013
96.3476
96.9591
96.3482
96.9576
98.1126
97.2076
97.2049
96.3479
96.9562
96.9568
96.3486
97.2169
98.1105
97.222
96.3523
96.9608
96.3523
96.9638
100.493
100.834
101.766
99.8673
101.235
99.5638
102.636
98.1367
97.2131
97.2284
96.3511
96.9632
96.9618
96.3516
98.1533
97.3292
97.2458
96.3575
96.9598
96.971
96.3469
97.3178
98.1677
97.2541
96.3559
96.958
96.9668
96.3451
94.61
94.8279
94.8279
94.5155
94.1881
94.1896
94.5143
94.8268
94.6104
94.8264
94.5165
94.1917
94.5169
94.189
98.6299
96.0677
98.4533
96.1573
98.6311
96.0672
98.4095
94.8258
94.6305
94.8282
94.5143
94.1928
94.5158
94.1932
98.5843
96.1461
96.0686
98.4329
96.0672
98.416
98.6092
98.6321
96.161
96.0646
98.4309
96.068
98.4034
98.6259
98.5289
96.0644
98.4752
96.1527
98.626
96.076
98.3693
98.5397
96.1037
98.5505
96.1655
96.0922
98.3893
98.7181
96.7434
96.1658
94.7613
94.4303
96.7395
96.1702
94.764
96.7399
94.4314
96.1648
94.7653
96.1682
94.7651
96.7364
94.6629
94.8677
94.8439
94.5173
94.1903
94.199
94.5087
98.5402
96.1728
96.0997
98.5299
96.1006
98.4007
98.7016
94.8651
94.6699
94.8633
94.5224
94.1936
94.2022
94.5133
94.6408
94.8322
94.8474
94.5198
94.1952
94.1969
94.5206
96.668
94.4357
96.1626
94.7625
96.1001
94.7678
96.7245
96.6861
96.1598
94.7651
94.4275
96.7222
96.156
94.7652
96.6655
96.2432
94.7921
94.4534
96.1208
94.7888
96.8093
96.6591
94.4447
96.2646
94.7938
96.1145
94.7852
96.8207
98.9857
98.6746
98.5767
100.191
98.1178
96.4902
98.3778
101.127
98.0693
104.11
100.2
101.15
99.6361
104.081
91.7124
93.1141
91.964
92.6833
91.7127
93.1139
91.9649
94.7773
93.8945
95.3242
94.1942
94.7822
93.893
95.3216
94.7838
94.186
93.8929
95.3505
93.8922
95.372
94.7814
91.7131
93.1147
91.9654
92.6847
91.704
93.1179
91.954
94.7896
93.8963
95.3433
94.1975
94.7941
93.8981
95.3653
91.7027
93.1165
91.9528
92.6834
91.7121
93.1139
91.9642
94.8043
94.1883
93.897
95.3491
93.8958
95.4036
94.7921
93.2054
94.7354
93.1945
94.7735
93.2059
94.7352
93.1942
97.9532
96.2638
98.3778
96.2699
98.4472
96.2697
97.9534
93.1942
94.7386
93.1831
94.776
93.2057
94.7357
93.1953
97.955
96.2276
98.3673
96.2749
98.2413
96.2763
97.9541
97.949
98.4413
96.2707
96.2539
97.9423
98.3179
96.2702
93.2057
94.7354
93.1946
94.7772
93.1931
94.7376
93.182
94.8166
93.8962
95.5023
94.196
93.9021
95.3767
94.9029
94.8217
94.2001
93.8953
95.4837
93.9042
95.3964
94.8956
97.9554
98.4327
96.2736
96.2282
97.9551
98.2698
96.2741
97.9957
98.5616
96.2733
96.2476
98.1794
96.2839
98.095
97.9813
96.2503
98.4692
96.2728
98.2461
96.2821
98.0977
99.4957
71.3076
100.566
108.466
95.7244
161.812
78.2881
87.08
104.804
101.45
105.808
97.0554
103.896
96.9581
104.804
106.141
103.488
121.29
102.836
104.783
106.984
104.971
115.917
89.1126
112.838
103.713
204.033
191.941
99.0021
98.8341
97.4639
102.618
101.221
96.2116
97.3008
99.3841
97.2817
99.4527
99.1962
99.7539
96.3879
100.571
94.2755
93.5152
93.9294
93.6883
93.9278
93.6886
94.2681
97.6307
96.2865
97.4634
96.2906
97.6312
96.2857
97.4613
97.6329
96.2908
96.2867
97.4638
96.286
97.4611
97.6344
94.2756
93.932
93.6914
93.5183
94.2707
93.9352
93.6919
97.6477
96.2947
96.291
97.4677
96.2915
97.4723
97.6371
94.2811
93.9295
93.6907
93.515
94.2839
93.9281
93.6895
97.6365
96.2916
97.4673
96.2951
97.6397
96.2928
97.47
94.3007
93.5217
93.9959
93.6881
93.9492
93.697
94.3824
94.2911
93.5182
93.9324
93.6946
93.9329
93.6948
94.2907
97.6754
96.2862
97.5344
96.2992
96.2974
97.4876
97.7687
97.6692
96.2995
96.2867
97.534
96.2986
97.4864
97.7646
94.3128
93.9939
93.6888
93.5215
93.9469
93.6988
94.3929
149.852
116.676
107.234
108.742
145.549
104.366
102.64
117.706
73.361
200.658
100.71
100.775
75.288
66.7817
88.4048
101.497
103.276
103.58
99.3517
99.7694
100.441
162.083
104.349
138.1
105.859
181.319
108.015
122.722
101.386
106.668
121.586
99.4708
101.842
105.375
125.501
99.8515
108.508
62.6769
100.878
98.0644
104.932
61.9616
101.741
100.098
104
105.229
101.796
102.079
104.105
100.118
96.3112
98.1531
96.8036
100.21
96.3772
101.313
106.537
107.287
93.1818
101.922
106.945
109.925
96.274
183.806
110.741
95.865
90.633
114.44
104.979
99.5742
105.883
107.727
100.317
105.392
108.016
106.783
100.38
104.808
97.5152
105.17
109.273
104.433
95.7624
100.707
104.003
97.2778
110.429
110.204
104.364
96.0376
86.4585
96.128
96.603
96.574
95.8884
95.6488
95.6648
95.8782
96.1269
96.5559
96.558
95.8831
95.6629
95.6599
95.883
96.5645
96.1128
96.5614
95.8834
95.6541
95.8834
95.657
96.5558
96.1468
96.56
95.8846
95.666
95.8857
95.6629
96.1181
96.5676
96.5701
95.8857
95.6553
95.6533
95.8866
96.6083
96.1246
96.5803
95.8892
95.6475
95.6578
95.8789
100.259
108.097
105.917
97.7351
100.66
109.118
104.034
89.7441
92.279
118.386
101.329
124.643
84.4201
89.6388
117.742
105.121
118.512
100.849
104.358
105.898
111.93
99.7503
98.9166
99.9989
98.3757
100.249
100.334
99.9665
116.663
103.152
99.824
91.7412
111.915
101.262
101.253
112.993
100.822
99.6957
95.8725
106.544
105.686
100.436
102.364
122.931
98.8221
98.1338
107.893
96.8564
105.959
101.287
99.6285
104.227
103.543
104.287
108.58
104.398
98.732
138.985
113.516
99.6571
97.5215
140.504
114.849
119.963
170.923
123.687
105.043
109.314
129.83
110.245
109.276
117.184
107.22
105.031
105.093
121.64
108.281
104.965
109.872
108.263
145.293
103.199
102.955
104.02
104.664
104.872
99.7462
102.297
108.334
100.077
99.9276
104.819
102.215
99.6614
102.389
108.597
103.366
111.186
101.396
96.8215
97.8629
92.6927
98.555
96.9968
97.3541
95.3135
101.934
95.237
104.428
94.3148
100.036
97.7612
99.3381
112.46
99.3835
98.2117
99.4747
104.511
103.995
101.104
102.795
100.692
105.681
99.6715
100.375
101.067
104.253
103.759
102.211
105.128
107.722
104.249
120.465
98.0382
81.8228
78.7376
108.136
97.1795
88.9959
76.6656
102.414
109.266
103.64
107.365
102.176
108.503
102.863
91.4261
92.4369
91.545
92.303
91.4263
92.4368
91.5456
99.9997
106.54
101.851
100.505
98.6542
104.139
103.767
109.398
115.001
111.471
102.586
115.152
114.995
109.679
93.6857
93.4333
93.8609
93.4845
93.6859
93.4341
93.8564
93.6844
93.4841
93.4334
93.8613
93.4342
93.8581
93.6856
91.4168
92.4392
91.5338
92.3038
91.426
92.4366
91.5451
98.5027
99.7107
100.346
96.6252
98.4528
104.04
99.6909
100.769
108.426
103.962
100.094
104.215
105.409
104.102
93.6901
93.4838
93.4347
93.8639
93.4325
93.8635
93.6864
91.4267
92.4372
91.5458
92.305
91.4176
92.4398
91.5346
93.6928
93.4349
93.862
93.4844
93.6887
93.4328
93.8608
93.6958
93.4259
93.875
93.4868
93.435
93.8666
93.6977
93.6961
93.4869
93.4261
93.8744
93.4354
93.8661
93.698
103.332
100.519
103.527
100.878
94.0142
100.717
97.8061
112.759
104.329
93.9595
101.687
78.334
104.235
102.67
93.1003
94.3648
92.8204
94.5312
93.1009
94.3647
92.8204
91.6462
86.8577
99.9269
89.7326
90.197
90.4909
96.4487
97.1072
97.366
96.1027
96.3034
97.1113
97.3622
96.1035
97.108
96.3031
97.3621
96.1022
97.362
96.1031
97.1082
102.098
101.243
100.853
100.179
102.182
102.573
101.302
160.897
9.11629
6.31367
352.897
139.285
163.318
257.159
103.78
99.6931
102.033
102.818
101.1
101.107
102.71
93.0883
94.3661
92.8081
94.5332
93.0996
94.3647
92.8211
93.101
94.3649
92.8213
94.5349
93.0887
94.3664
92.8084
97.1153
96.302
97.3646
96.1052
97.3623
96.1022
97.1149
97.1152
97.3616
96.1046
96.3033
97.1139
97.3673
96.1015
97.1196
97.3896
96.0923
96.3056
97.3732
96.1059
97.1179
97.1201
96.3064
97.3859
96.0917
97.3789
96.1053
97.1165
83.9384
103.234
108.391
102.089
85.9395
104.776
94.3226
108.097
129.664
106.814
94.8683
105.744
105.525
98.253
115.909
101.135
104.752
105.088
105.264
124.888
126.905
94.419
130.826
93.5729
105.178
105.788
100.716
108.204
93.9113
93.8123
99.1501
93.8783
94.8384
91.4524
91.8051
96.8894
113.061
96.8065
96.599
95.8585
97.5924
97.8328
101.3
103.214
103.01
106.088
141.696
101.787
100.253
98.1016
107.041
97.2544
98.076
96.871
109.918
97.1315
99.5001
112.062
101.607
100.374
99.4663
100.689
96.446
103.015
113.435
116.718
105.063
104.864
106.445
147.518
139.857
109.059
98.4518
89.0555
98.1508
86.2054
140.634
126.857
99.7814
116.819
111.264
121.733
118.999
102.059
108.54
94.3718
102.824
102.833
109.721
95.5159
106.634
99.0672
87.3847
139.018
108.028
101.511
139.313
99.8052
16.6296
85.0798
21.8373
153.336
250.985
245.334
133.309
103.893
97.4795
98.2145
132.506
90.6135
130.545
92.8859
108.619
99.5736
100.31
140.121
89.8013
89.3177
147.149
97.4824
95.3453
94.5723
124.462
65.9739
64.2949
124.249
87.5502
25.1076
23.1999
242.277
124.346
131.647
255.264
77.1207
99.5532
72.3001
136.184
-17.3229
-34.5396
141.008
96.0457
92.7591
91.1468
94.3541
96.1928
93.8794
92.3436
107.763
105.501
104.228
117.83
105.962
92.6006
106.676
103.065
104.432
104.444
122.068
115.472
84.769
126.095
102.214
100.216
101.817
107.636
108.975
110.166
99.1233
95.1614
94.9016
94.898
94.5221
94.8703
94.8714
94.5216
110.856
127.507
127.126
109.47
115.535
118.701
111.12
94.9071
95.161
94.9019
94.5224
94.8706
94.5224
94.8716
94.9114
95.1701
94.9171
94.5232
94.8715
94.5244
94.8683
101.055
101.308
100.409
101.325
105.118
101.402
103.879
97.2956
104.004
97.5566
111.55
96.4303
95.896
120.024
96.5388
106.788
96.2725
98.7354
91.8122
91.3991
98.5745
102.202
101.772
100.364
108.527
100.453
109.338
101.143
122.601
100.976
109.684
111.277
101.294
107.721
100.145
105.76
88.1227
100.948
101.494
99.9065
117.81
118.703
97.3076
94.2398
90.4243
89.935
96.1677
94.0691
90.1917
95.1665
94.9088
94.9049
94.5221
94.8722
94.8696
94.5243
101.104
101.444
100.376
96.3276
96.4172
102.155
104.099
96.8133
121.575
91.0191
108.654
107.536
99.1979
98.5592
97.6483
100.047
103.673
101.427
101.454
117.417
117.406
100.449
111.421
101.669
105.759
99.7084
105.885
102.204
95.1734
94.9185
94.9172
94.5262
94.8618
94.871
94.5155
84.59
98.4537
45.1044
104.649
118.919
146.943
233.98
97.5351
100.027
96.9289
98.9555
97.7392
100.438
98.2022
96.0956
102.7
105.5
103.718
97.7067
103.209
111.29
97.3108
97.9355
101.226
96.7291
100.62
96.705
98.9117
94.9216
95.1717
94.9082
94.5256
94.8623
94.8725
94.5156
113.117
99.9041
104.334
105.964
100.025
100.667
106.52
97.8369
92.8671
125.144
104.175
100.54
105.454
101.732
99.1227
101.675
99.5209
100.999
102.591
101.517
100.781
102.473
103.354
102.355
104.411
97.9775
103.309
106.105
101.713
101.487
136.422
107.305
102.025
109.652
142.83
101.542
113.943
98.8548
115.78
102.03
128.053
115.3
103.233
126.045
107.358
101.356
102.382
106.102
123.575
102.98
132.783
132.542
136.873
130.752
97.0276
135.383
97.5102
105.759
97.6081
95.5688
95.4328
99.4958
99.8487
331.142
52.8163
49.8719
56.3821
247.9
7.03194
54.2922
99.5304
98.6686
97.6627
98.4936
98.1814
99.862
102.446
96.2036
98.1295
99.6286
105.246
96.9286
96.6433
101.939
97.7812
99.1534
98.2401
113.496
101.72
111.813
99.4645
99.4581
99.2398
98.5309
100.541
99.2871
98.7772
98.2759
98.6474
99.9558
98.17
109.074
99.3336
103.592
98.2552
115.296
104.732
103.644
105.165
105.12
116.295
114.988
102.893
101.397
101.039
104.402
103.23
105.378
104.274
97.8459
94.4662
118.823
113.974
118.094
114.628
99.9408
97.8265
103.74
97.6666
101.137
144.649
101.065
107.379
91.02
119.311
121.75
94.5208
109.374
106.175
116.897
117.031
145.68
122.288
124.016
105.075
93.8166
107.876
97.7978
93.4565
97.9316
107.191
98.6837
96.4987
98.1215
113.338
114.558
112.65
94.1496
100.581
99.7477
93.9716
99.5838
102.443
102.798
97.3548
101.577
101.429
97.0139
102.649
99.7215
102.658
97.4843
101.645
97.1957
101.514
99.8345
102.649
102.656
97.4622
101.838
101.694
97.4151
123.419
101.487
124.527
109.011
107.945
109.97
106.517
95.8061
101.379
98.7932
97.5553
96.5984
96.4287
96.4986
104.239
98.1104
97.9905
100.954
108.032
104.768
100.878
97.9752
98.1078
106.259
97.3293
101.733
97.4179
98.753
145.281
103.312
105.116
99.6953
113.456
107.823
100.334
88.2044
93.0095
93.664
91.5062
90.3966
93.3468
92.2893
99.7016
92.7952
105.414
102.331
101.478
101.61
102.853
105.816
108.839
105.374
104.469
105.698
106.17
112.672
99.4762
99.1986
109.437
103.485
98.6355
113.722
103.308
98.1703
121.291
98.3534
97.7318
116.359
150.479
96.6905
98.0568
108.773
100.289
118.52
96.1378
118.881
96.9434
101.911
109.34
102.363
107.153
102.966
103.321
101.897
96.1497
104.238
107.137
110.209
104.183
111.677
99.0892
91.1325
100.766
101.666
109.054
105.281
99.3827
102.848
93.0233
101.071
100.053
102.532
100.801
100.282
117.82
119.374
159.503
113.218
127.552
140.22
107.561
153.043
107.113
114.449
109.429
114.084
109.779
116.087
109.909
99.1365
96.3158
182.861
91.763
187.804
97.4266
90.0663
126.735
127.452
110.498
126.579
109.862
103.589
102.143
119.592
145.024
110.623
107.266
97.9905
105.861
101.111
110.229
110.162
98.1003
78.047
101.591
113.532
84.4248
111.638
155.717
150.832
97.516
117.249
93.2047
96.6999
106.407
102.985
103.218
123.978
110.284
123.55
111.453
108.991
97.9207
108.777
136.374
102.929
98.241
105.455
100.296
99.1664
101.046
101.018
103.341
100.97
100.444
107.606
103.328
103.409
121.845
118.78
113.047
115.821
107.126
113.676
123.246
106.984
117.327
105.512
107.558
106.399
105.583
104.316
108.86
109.459
105.748
105.916
125.501
70.0912
69.7118
101.904
95.9902
121.729
114.68
105.024
99.5725
147.107
98.134
120.31
98.5116
129.919
106.894
106.019
103.113
106.898
106.327
105.471
111.478
99.8267
99.3612
105.867
98.7684
100.04
99.5906
107.58
98.6593
104.022
99.2212
104.912
111.335
105.41
113.437
103.687
104.754
134.72
98.5991
118.3
94.6623
99.7534
105.234
81.8187
72.7457
98.2536
141.597
79.1072
68.4971
98.0926
87.6912
102.166
82.625
140.722
111.843
124.276
99.4946
100.803
103.569
103.263
100.358
109.108
133.899
109.113
99.5884
97.6881
119.443
119.181
97.4896
96.7509
110.9
109.383
106.439
140.023
110.418
95.9642
95.7478
110.146
107.424
113.456
108.078
110.054
107.289
113.342
87.5168
97.2057
95.5683
81.776
120.825
117.799
83.1723
98.7303
98.5266
98.5526
110.414
99.3527
99.3296
108.786
109.997
108.13
107.04
114.632
107.208
115.211
110.632
132.776
96.1793
115.724
108.867
117.804
108.433
115.406
98.7026
99.7267
99.724
105.55
99.6389
104.988
98.5997
122.454
109.261
122.96
149.515
88.6669
153.911
88.9073
103.068
101.274
103.052
106.153
110.059
106.174
110.428
101.359
104.69
103.084
105.826
111.115
110.511
105.922
96.2013
118.38
116.189
108.588
119.935
113.662
110.299
105.449
97.8334
99.2158
133.626
101.832
133.188
100.134
117.849
105.839
95.5222
119.634
114.144
86.5732
86.0293
109.318
124.804
127.263
127.121
90.6283
88.9867
139.432
77.6451
117.802
64.0201
119.698
116.51
126.146
127.157
108.975
154.437
116.755
109.384
180.066
108.398
101.319
104.617
95.6614
95.7241
108.695
108.71
89.1054
87.9157
178.979
97.6236
195.778
295.995
144.67
133.19
134.624
99.3638
99.1686
98.9546
99.7492
100.307
99.3321
100.079
99.4697
98.6334
98.5547
101.167
104.285
110.627
100.356
101.855
100.102
103.32
107.912
100.045
103.32
101.455
100.575
107.994
100.137
103.368
100.467
103.414
100.398
100.154
106.089
102.906
107.858
100.496
101.872
104.352
115.609
105.718
103.63
103.196
108.196
118.21
105.703
109.14
106.558
113.154
104.039
113.262
105.195
100.025
103.318
110.208
103.268
106.474
105.219
105.213
104.311
106.234
103.151
104.261
104.678
104.857
105.992
104.607
106.774
128.633
127.968
112.321
109.582
101.681
109.316
88.5403
104.101
83.5321
102.075
101.308
101.021
103.603
106.13
116.069
111.764
108.927
108.313
109.226
119.449
123.802
103.598
105.628
102.468
100.988
102.363
101.019
94.2848
95.806
97.7917
113.406
96.3461
107.324
98.4196
92.3424
93.5592
122.521
159.321
95.8058
98.1913
90.681
103.714
104.159
103.342
105.018
103.521
103.49
104.966
100.337
99.0977
99.9774
100.804
98.8952
101.189
98.8478
102.939
98.5459
99.01
100.373
100.364
102.277
102.04
97.3917
98.2512
87.5871
87.5774
104.474
107.456
98.898
103.435
104.196
103.301
103.277
104.193
104.268
101.937
114.845
99.9809
100.853
103.676
101.342
101.815
100.833
108.127
99.6545
105.569
106.964
107.364
106.378
110.097
105.658
101.936
102.586
151.697
104.745
113.886
110.078
99.1848
95.4148
100.392
98.7436
98.8035
101.901
122.689
98.1834
99.2055
98.9466
99.749
99.8923
102.205
103.486
107.29
115.191
90.7687
114.539
112.309
109.588
110.768
104.059
99.7201
105.684
108.194
106.492
106.62
108.383
116.748
141.264
134.343
124.098
97.3681
124.219
108.791
102.164
105.726
101.234
95.7384
101.536
108.043
103.414
100.596
108.067
104.016
97.375
100.808
110.341
108.565
108.256
100.046
113.94
109.877
109.941
111.67
109.308
104.022
100.306
111.772
103.492
100.958
100.936
101.97
99.6535
98.6782
99.4654
106.588
99.548
104.533
100.766
107.042
91.1208
108.921
141.746
111.13
110.376
175.045
97.3891
128.598
100.253
134.329
97.038
114.43
111.982
113.904
111.408
111.683
112.604
111.815
110.355
113.165
99.4888
106.764
98.7615
98.4745
99.4748
107.774
98.776
108.55
106.767
103.279
105.186
104.03
104.547
106.082
171.862
92.7095
92.1966
160.597
117.229
89.6963
109.327
99.3047
97.7119
97.4003
100.038
100.08
99.4361
97.4414
98.1441
98.315
98.8102
96.8352
97.0556
96.9096
96.6337
99.9777
99.871
101.885
104.857
103.556
98.0672
99.3536
100.611
103.823
104.718
102.08
112.044
105.106
109.737
105.652
107.187
102.942
105.512
100.782
105.996
102.973
87.6389
98.3501
87.2313
103.42
98.6895
98.6446
102.716
103.673
104.051
103.465
103.229
106.005
104.658
103.295
98.8804
99.9332
98.8913
100.329
99.7343
104.588
108.391
98.246
103.683
99.6371
99.9213
102.53
107.79
98.5198
98.4404
99.9999
100.056
107.606
107.757
98.8586
98.9059
99.3563
101.135
101.209
108.545
98.836
99.7315
104.587
100.736
106.146
103.008
107.335
119.353
116.618
103.203
98.745
99.6216
98.9677
99.3024
101.229
101.238
99.2993
98.2253
99.2317
108.458
98.8592
98.633
108.073
101.02
98.401
98.8794
99.2111
102.818
107.145
99.1555
102.003
98.9166
99.4214
99.4799
107.88
100.532
100.683
133.192
104.532
107.556
107.035
105.625
103.847
110.561
110.29
104.145
118.648
104.861
106.202
105.6
118.103
103.876
112.167
107.034
102.913
109.43
113.825
101.937
103.134
103.282
102.646
109.908
99.7146
96.2726
95.0134
100.253
109.153
116.049
105.271
115.143
139.079
114.398
115.727
105.007
104.962
104.236
112.764
109.106
108.67
109.508
102.954
104.014
102.365
103.913
101.498
107.722
107.55
103.951
103.997
102.605
105.084
102.185
101.745
102.143
97.7394
101.103
100.587
99.8878
101.523
105.183
108.124
102.94
102.691
101.88
104.557
105.37
104.937
105.974
117.957
104.772
106.637
129.353
104.952
106.166
117.757
113.493
117.304
113.053
113.153
112.841
111.274
131.459
103.884
103.31
103.983
102.559
102.47
103.224
102.774
103.304
105.434
103.699
111.087
109.139
110.178
110.193
161.778
114.859
115.87
120.107
139.159
111.601
124.961
110.518
90.6193
109.481
129.442
107.948
106.156
131.063
104.381
102.213
104.677
101.118
98.6083
95.3463
100.683
97.4979
102.24
100.122
103.965
98.1949
113.189
121.413
111.469
97.1429
131.491
139.198
97.9864
126.301
110.67
105.683
107.019
108.257
112.579
99.4466
111.21
96.7686
100.576
94.3386
95.9601
100.597
95.7941
95.6999
96.4277
119.467
149.892
122.53
145.684
136.687
111.11
113.039
102.72
104.959
105.518
103.012
107.973
110.995
102.947
101.377
111.217
101.81
97.6077
97.1944
95.9441
95.4891
103.975
104.112
104.483
102.718
103.221
102.878
102.723
107.847
117.005
103.588
112.522
106.644
116.997
111.722
104.874
102.657
104.196
102.216
105.413
102.713
103.204
105.486
91.7029
97.1756
121.175
101.487
89.4234
111.905
105.728
118.194
105.806
104.233
106.552
144.184
106.424
102.888
105.169
108.823
117.58
116.806
104.467
132.07
104.53
103.249
103.909
106.653
105.404
107.389
105.76
102.137
105.839
102.997
102.969
104
103.52
102.249
106.379
110.604
116.076
107.634
117.315
104.013
104.58
106.385
107.719
105.481
108.654
104.981
106.311
107.298
95.5236
101.311
101.896
103.414
103.042
98.8498
101.838
103.054
115.113
108.067
100.764
103.879
105.369
102
104.371
105.497
104.822
102.946
103.756
103.527
109.716
105.542
103.871
104.583
104.108
103.908
103.545
103.656
105.403
104.632
104.731
104.463
104.557
107.707
112.902
104.887
105.211
105.121
105.304
104.835
107.37
107.497
105.024
109.464
105.027
107.01
121.51
119.018
106.475
112.641
106.488
104.513
109.761
109.644
104.425
104.371
104.392
102.479
103.165
104.476
103.14
103.737
103.573
103.992
104.725
105.544
105.97
105.637
106.307
105.872
104.205
103.518
104.494
103.555
102.979
103.303
102.239
112.584
106.629
110.736
108.169
103.176
103.918
109.98
100.872
103.723
103.855
114.139
119.279
98.3428
100.491
102.778
102.614
102.822
98.0772
96.411
102.59
95.8139
103.221
104.39
104.629
100.819
102.737
101.683
103.215
125.107
101.815
100.748
95.9442
98.2665
98.492
97.377
103.061
108.581
109.035
104.618
108.942
109.818
104.606
103.696
105.7
105.736
104.645
108.049
107.248
104.806
108.439
108.777
102.423
115.55
104.008
106.864
105.7
101.191
85.5789
107.538
110.754
106.279
144.808
102.694
236.876
10.4828
55.0073
71.0421
205.834
14.817
56.5741
116.783
105.639
107.341
105.982
111.821
111.924
106.335
105.956
105.532
105.334
103.573
104.229
104.832
103.264
108.265
104.704
99.3149
126.917
105.74
107.963
105.783
101.869
106.275
106.125
102.349
102.291
101.884
102.673
104.106
101.723
106.095
97.1383
94.8739
97.596
97.4429
103.57
104.613
104.548
103.429
103.863
102.969
104.914
60.271
59.1111
47.565
195.512
117.901
132.533
123.704
50.5186
70.6817
67.7524
160.412
134.383
166.782
188.675
105.659
105.669
104.799
108.287
104.774
107.52
106.914
104.006
104.361
102.882
103.061
103.341
103.709
103.236
104.858
104.704
105.392
104.719
105.44
104.755
104.656
102.636
110.092
111.041
115.072
103.679
110.782
102.994
109.315
125.993
108.001
105.419
108.379
104.161
103.732
105.434
108.413
105.767
104.83
110.832
105.296
111.256
97.5703
99.1268
113.362
114.54
114.601
103.21
99.701
104.554
101.646
101.964
103.023
102.914
103.331
102.668
108.185
105.673
105.705
105.642
105.417
108.909
134.278
99.1843
109.118
113.082
102.659
103.129
138.68
117.762
100.985
98.7034
104.398
105.991
100.229
99.0869
103.832
103.401
100.443
102.82
127.69
107.736
116.443
108.308
114.125
106.845
110.183
119.454
114.085
111.441
106.904
99.116
89.4433
105.828
101.568
89.0797
121.877
112.742
121.304
100.814
101.74
114.011
100.489
112.463
102.204
105.24
107.889
104.868
107.215
116.632
108.755
105.107
128.163
163.326
170.641
113.215
123.27
116.428
125.321
107.806
117.192
106.599
108.118
107.428
108.167
107.197
110.77
105.299
106.287
106.939
113.182
110.889
107.315
144.738
210.608
127.17
85.2824
73.2832
51.1878
55.0868
57.7757
96.8843
134.804
13.161
58.9556
127.268
97.7514
67.4014
55.1391
68.5924
122.341
169.694
123.834
165.095
118.329
111.387
114.442
100.576
94.1697
96.7472
96.9063
102.52
90.7757
90.7347
95.9219
111.208
91.3661
100.32
104.807
120.792
110.375
99.6959
119.552
122.092
103.344
206.902
63.1992
199.337
106.013
27.0833
31.2947
105.26
105.092
117.055
106.37
103.109
105.198
116.441
109.797
114.5
120.981
121.148
107.518
105.876
105.91
124.832
109.403
98.4372
103.155
122.744
102.461
155.332
118.058
113.68
100.596
113.449
105.484
103.428
103.355
108.72
103.064
99.553
103.609
103.267
103.902
106.501
106.464
99.8521
106.895
99.4689
104.882
99.2694
103.402
102.594
100.313
102.784
102.573
84.8347
115.732
109.974
108.5
118.55
115.497
115.636
111.022
104.056
111.373
106.487
91.537
108.474
108.318
110.125
102.964
97.4438
111.057
113.593
117.665
111.748
117.681
84.402
119.085
95.7713
110.337
95.9528
107.667
104.54
96.2672
110.175
96.5781
88.4607
99.0324
98.9523
101.152
92.5424
101.574
95.7536
90.0287
103.45
99.0039
102.282
102.334
96.5652
103.461
102.481
102.584
138.144
132.254
102.579
87.9538
111.811
110.645
99.1888
101.311
126.364
104.641
120.898
104.335
100.686
127.805
124.211
93.3323
84.5932
88.1071
88.7316
110.202
93.7791
127.436
109.627
108.352
112.188
130.131
115.031
104.285
104.907
106.604
142.541
110.476
98.5211
14.0864
61.1684
74.2699
124.821
99.8793
98.7163
124.555
56.2301
93.9542
69.8972
128.78
125.079
163.11
186.326
98.6252
95.1982
98.2693
103.031
107.28
102.976
107.7
100.719
89.2592
91.5436
96.0839
104.662
87.9826
94.3658
107.005
102.338
105.156
111.531
105.208
123.753
104.823
102.77
98.3829
98.1934
112.452
115.03
116.239
117.218
101.233
146.064
127.98
103.286
111.411
108.025
106.672
107.189
102.327
100.33
106.148
102.769
104.476
107.003
102.87
102.388
106.776
103.092
104.707
110.488
123.649
102.853
104.226
106.544
100.636
106.426
105.933
103.036
105.852
99.9108
101.356
112.429
89.0849
117.013
115.972
160.556
118.519
110.859
113.044
181.954
202.18
188.073
95.3542
98.7351
98.1214
102.256
103.924
102.72
106.3
102.072
107.794
98.3697
105.603
107.041
102.966
98.3951
103.166
108.812
105.866
103.978
104.461
105.918
102.231
105.749
103.616
103.465
82.2644
98.7133
99.6673
83.3616
71.7565
206.233
195.327
33.3041
104.95
105.345
36.8646
206.223
114.758
115.207
79.7468
75.3113
57.5454
69.7973
107.126
106.055
101.665
99.0682
106.586
100.427
103.912
99.2567
103.254
98.7651
107.478
103.622
114.493
104.769
100.471
101.169
103.961
102.409
100.629
103.072
102.113
124.458
254.599
123.335
241.369
379.849
498.406
240.251
104.281
106.991
105.028
104.872
105.536
106.465
104.818
105.68
112.866
107.79
105.695
105.096
88.3378
90.7888
104.757
101.444
103.737
110.063
97.9394
102.144
102.59
101.541
106.609
106.031
106.096
104.954
102.419
103.326
99.4522
95.79
97.3879
96.1262
95.819
95.9045
96.1521
99.2002
100.465
303.324
140.102
147.586
100.811
95.2223
104.038
103.979
104.308
107.682
112.269
107.224
124.71
103.762
105.751
106.654
102.702
99.9419
107.164
104.189
94.3428
94.774
94.5323
90.4482
93.1559
92.427
91.0103
101.999
99.4244
107.634
106.792
101.797
106.742
98.4066
107.776
98.1764
108.311
135.308
106.274
107.113
97.8768
101.672
143.049
96.7862
109.336
95.2278
95.0289
100.853
105.713
110.167
117.828
108.519
108.391
104.901
113.152
103.73
105.407
106.633
106.91
104.011
114.031
103.357
100.637
101.626
108.847
105.782
101.67
106.799
109.612
97.5362
98.817
98.7368
88.801
104.791
102.539
100.765
107.928
108.015
99.3271
107.309
106.698
99.5187
111.974
109.088
108.801
101.399
92.4231
105.077
104.076
84.6915
102.053
102.701
103.547
104.709
103.848
110.374
101.54
99.0067
103.554
103.833
109.191
98.8685
115.252
98.9667
109.012
118.367
107.442
105.965
101.629
106.739
102.086
103.408
109.956
105.011
102.809
104.836
101.477
103.2
105.151
120.497
108.866
95.2405
104.954
109.781
120.772
101.129
102.832
102.414
129.331
99.681
99.7035
130.647
108.019
110.087
106.653
113.31
108.62
107.604
108.162
108.045
97.9432
94.9739
100.43
104.155
126.124
114.692
93.2603
99.8915
98.3752
97.9248
103.317
95.9038
101.851
101.124
98.2016
105.351
100.399
105.012
122.383
97.7851
109.515
103.996
103.847
106.934
106.019
105.819
106.685
96.8759
106.353
98.3418
92.9253
97.0397
122.639
125.369
102.974
101.584
101.107
107.337
99.4095
99.8656
106.168
93.902
94.2713
93.5467
95.179
90.4845
95.7625
90.5409
100.863
108.22
108.131
103.754
104.681
110.645
102.096
102.385
117.528
108.893
98.2399
100.553
101.59
96.5734
121.614
101.21
110.185
105.038
103.594
115.152
113.142
107.001
103.565
112.978
133.083
111.214
117.299
129.169
98.7685
105.238
100.819
105.56
104.796
107.479
103.726
105.437
119.077
105.942
105.357
115.989
103.567
102.001
99.7864
136.094
155.687
112.294
128.744
111.966
119.071
122.348
113.911
121.789
105.331
105.465
104.31
101.481
127.084
108.8
109.315
113.673
127.649
110.285
128.176
103.349
116.551
102.547
119.579
105.034
111.707
102.779
102.207
105.721
121.732
106.194
113.328
112.601
125.358
100.916
110.871
103.095
102.826
102.9
99.8529
123.282
114.524
111.449
127.078
162.812
101.134
112.055
94.8354
98.0032
101.096
102.723
103.241
102.127
99.9423
101.203
113.606
103.252
119.684
95.1671
123.956
117.94
93.9105
52.968
239.917
255.048
16.473
108.29
27.1032
109.632
99.0772
113.9
103.157
99.6991
106.25
111.793
100.396
111.347
174.072
105.082
92.033
122.017
105.976
133.951
134.169
110.077
108.43
106.997
118.982
117.651
155.003
93.7342
95.0587
95.4784
99.4944
89.5619
101.071
88.2576
139.076
98.7126
101.049
92.4415
90.397
118.527
106.187
91.5361
89.9063
96.6948
111.263
91.683
107.858
95.0892
353.657
168.931
55.4797
41.6511
267.439
26.3611
161.876
106.772
100.112
109.497
102.291
94.4521
94.4519
100.231
94.9884
106.192
94.5504
97.2932
108.161
96.7284
114.41
93.8824
97.8524
93.8274
90.9514
102.195
103.029
89.4916
94.2487
134.657
134.344
97.1771
112.705
107.489
99.321
143.956
103.218
99.3363
105.759
94.5743
93.6951
98.6645
103.605
107.467
108.733
111.521
93.2918
94.4185
120.805
118.548
103.671
101.087
125.205
102.9
122.106
110.16
110.031
101.172
134.66
100.385
105.722
107.687
106.983
102.312
95.7561
95.551
97.6282
96.8223
106.629
104.41
139.482
113.55
151.212
143.374
105.814
107.75
108.381
109.395
89.9605
107.915
104.925
111.022
102.405
117.83
103.871
100.875
112.808
112.118
98.2208
100.902
100.955
106.519
110.212
109.55
108.524
108.604
103.604
181.857
97.1369
114.393
104.38
128.702
109.62
100.439
101.017
107.156
114.832
107.384
111.836
112.168
107.783
107.015
132.074
135.127
128.474
112.915
129.708
134.944
113.653
111.018
115.734
157.358
115.302
113.348
128.36
125.56
106.92
102.972
103.03
99.2787
87.9485
85.1968
107.86
96.3449
94.6727
92.9804
102.773
94.5786
97.4928
103.085
103.016
99.7732
100.532
94.3827
100.157
101.356
104.437
100.383
105.469
100.571
103.002
101.896
105.696
100.21
100.867
100.399
100.414
97.173
101.582
129.542
102.849
103.385
104.541
104.107
105.574
104.131
103.824
106.982
93.5488
104.033
142.627
97.32
119.697
97.6946
110.511
96.8463
94.1186
94
96.2935
96.3064
115.045
107.295
101.888
110.197
108.81
90.4878
121.866
100.643
93.5247
96.7463
94.2723
92.1966
91.4091
98.4099
122.388
95.5237
95.4197
99.8388
95.887
90.5482
93.7411
112.213
109.375
106.384
116.178
100.105
139.389
105.881
107.238
107.911
102.737
95.8745
90.6145
132.963
95.1091
88.8602
138.639
124.953
118.197
104.57
114.751
113.82
108.167
109.953
101.915
102.902
101.906
110.523
108.57
113.639
109.772
98.9832
102.779
90.7412
102.699
102.854
101.576
91.7123
100.063
96.4037
99.6774
97.1122
99.6654
100.813
100.676
103.481
105.421
109.433
102.234
102.613
102.947
101.218
91.6557
119.515
95.5418
91.3527
91.598
99.3162
93.5902
105.829
112.157
98.1086
105.17
115.541
98.7311
106.534
102.297
104.712
107.23
103.044
103.348
105.414
103.188
125.33
142.96
123.294
131.809
102.472
116.755
124.753
149.783
99.8307
114.183
114.36
144.917
155.613
135.089
141.784
118.679
120.111
100.108
123.595
123.72
98.7572
108.004
149.318
116.012
100.88
101.854
108.476
99.954
109.207
103.209
97.4136
98.4379
103.447
109.669
96.943
174.713
71.156
263.394
187.792
304.243
141.433
77.4316
102.385
106.864
159.998
110.203
109.112
117.468
110.689
97.0248
101.499
97.4322
104.663
105.238
104.089
102.757
97.0406
108.411
98.5044
105.378
97.7668
96.3036
107.124
106.605
103.765
106.521
103.598
103.585
102.455
102.679
108.528
105.739
111.715
108.864
112.35
104.195
103.996
100.685
101.235
103.98
95.6259
100.654
95.3426
98.6377
91.6692
90.4742
97.309
99.5808
91.9482
90.1828
96.9181
104.956
100.536
100.463
100.994
102.621
101.376
101.606
94.9005
98.2274
98.8321
98.196
99.6332
99.0689
98.6609
98.4318
120.008
114.523
97.9231
99.1995
118.838
114.383
193.912
98.229
129.226
112.695
124.285
161.7
99.7484
93.3276
93.9666
93.9456
96.4068
99.6095
99.0585
96.1085
104.442
106.986
105.723
111.643
108.945
107.08
107.782
170.911
112.492
114.738
120.036
120.154
119.919
111.33
94.646
93.1021
93.2358
96.7862
100.612
98.278
96.7898
104.881
116.639
138.585
96.5681
133.838
89.5549
94.975
103.555
104.222
103.809
94.6854
104.72
104.475
94.8808
95.1307
83.9055
104.578
91.3646
91.2603
132.294
95.0451
113.752
162.886
114.279
112.168
127.874
111.925
131.725
91.4518
49.3268
118.578
102.907
55.2325
103.709
110.394
100.38
104.031
99.8712
101.95
98.4011
99.9492
101.992
123.883
135.989
120.018
128.422
125.292
123.204
131.418
109.507
103.417
116.686
115.861
112.696
102.731
98.7133
79.7682
130.444
118.32
99.4192
95.3762
81.4323
144.762
107.207
118.524
98.131
183.143
113.595
181.001
104.455
104.775
76.5071
130.092
129.506
133.925
160.683
166.961
109.561
109.144
111.524
96.9151
116.079
112.269
96.1411
101.945
100.799
137.657
89.0613
104.364
79.5995
116.021
91.5525
125.046
96.0918
106.638
95.438
123.292
101.566
91.8732
106.263
116.095
98.4969
120.151
88.4257
101.226
88.723
112.405
98.7594
112.709
87.6682
129.688
98.9729
128.708
121.11
120.947
127.908
124.234
120.388
124.28
141.541
112.353
109.557
107.421
112.21
102.444
111.837
102.818
105.617
126.657
131.752
112.319
174.715
132.851
120.68
154.905
132.315
110.823
94.7013
81.7462
101.189
120.528
93.2709
84.4923
73.497
85.7199
62.0427
114.544
253.297
331.377
272.647
148.116
175.951
81.2279
179.65
113.783
161.421
152.515
173.03
161.61
117.588
115.725
92.9047
230.153
92.488
196.079
95.2032
93.4353
88.3019
105.789
106.57
98.5043
106.98
107.321
102.705
102.371
-21.7311
80.4997
76.5627
78.1052
140.262
167.947
-6.24619
115.106
109.523
120.101
94.7576
108.318
106.128
93.7784
93.565
77.5702
156.919
104.893
92.3541
74.9306
184.09
114.444
108.346
127.495
114.565
105.215
105.867
108.476
88.5557
112.728
106.41
103.126
100.14
110.58
99.6258
86.9494
108.691
84.1308
130.305
124.383
99.141
98.0943
111.336
102.683
108.373
133.219
129.16
92.6551
91.9608
109.245
-6.60992
61.5012
62.2345
-25.4341
216.306
144.307
104.493
106.423
101.101
135.199
105.319
160.55
161.241
402.632
109.385
106.566
111.037
174.866
118.577
113.997
109.744
277.03
113.464
110.376
153.276
105.469
102.312
107.325
96.2258
94.4972
103.703
105.075
92.6128
89.007
93.7783
112.929
105.009
106.53
112.798
108.559
93.4001
97.8154
62.2674
93.6016
123.972
94.0868
123.225
64.7521
57.6849
86.2263
98.9504
94.6551
62.2941
102.535
103.755
92.7552
94.9632
97.4488
84.6926
100.484
105.311
97.0254
153.042
120.091
150.236
171.743
106.629
239.111
106.429
110.892
98.0018
118.995
187.102
178.642
150.577
141.505
103.187
106.334
106.257
118.505
104.182
108.581
105.665
89.6975
92.1768
82.6141
103.883
109.739
98.9013
95.6746
94.9026
66.059
88.9739
64.7976
119.495
88.9113
92.0049
107.491
97.1661
95.6006
149.347
103.711
113.977
170.074
82.7454
152.64
186.79
98.3552
101.003
105.198
106.126
87.4601
101.71
104.653
101.057
97.9744
111.298
96.1492
127.789
127.157
122.153
114.826
148.935
39.5837
107.335
114.617
114.17
173.115
130.414
115.811
114.829
121.295
108.172
107.628
131.203
113.456
107.684
110.475
111.085
98.0417
94.564
92.5382
90.7822
91.5568
115.914
117.436
122.01
76.8082
89.4159
174.487
187.01
84.4713
124.596
114.606
108.451
78.458
129.728
157.012
134.854
201.097
92.1555
137.981
101.132
98.0332
117.068
117.31
95.8499
112.402
104.998
117.239
111.807
105.832
100.964
88.4858
92.0394
81.718
84.0258
101.063
92.4193
79.8507
87.5914
125.39
112.895
98.306
81.3736
190.316
179.473
115.298
134.624
93.7158
103.134
67.4573
104.212
101.57
72.0938
114.799
130.703
114.346
113.464
114.779
123.508
135.927
107.134
81.2681
111.729
102.017
95.5685
129.573
100.662
110.774
77.9151
98.4538
157.546
143.15
110.215
132.132
137.661
99.0807
114.514
110.712
108.258
93.118
115.451
76.9607
136.216
78.0244
159.027
106.491
108.96
134.554
114.939
105.88
84.209
114.94
82.095
110.714
139.697
261.305
552.874
152.596
262.71
418.515
34.3103
86.8933
54.2909
51.6092
64.0568
253.569
304.255
361.747
174.745
144.739
131.789
169.653
53.7862
271.366
284.772
70.1152
114.947
92.3568
104.911
9.57049
130.633
54.8045
113.982
87.532
116.904
111.613
90.6518
141.279
166.041
91.0563
101.658
81.1477
82.1203
87.5038
90.7388
105.514
103.123
110.857
82.6642
116.971
82.201
100.981
82.4757
99.8668
111.736
199.257
61.4188
115.114
232.213
95.5182
223.287
167.106
100.554
101.103
87.7868
99.3935
105.279
168.734
124.705
161.489
124.265
192.399
104.844
152.125
142.888
128.282
132.76
132.189
89.0795
114.53
105.489
120.632
166.17
102.786
116.84
85.3706
105.34
81.8698
107.791
125.92
57.0157
62.1822
74.1653
92.1969
107.011
118.18
254.742
52.1363
49.4394
284.009
119.371
113.296
287.543
223.19
143.137
155.914
75.0795
39.3748
207.435
50.292
94.1827
100.395
89.6228
99.4104
94.7594
100.871
88.898
153.548
164.224
170.18
135.923
176.778
140.251
116.871
157.506
121.348
143.155
116.805
106.901
45.0394
279.043
94.3432
91.6703
92.2338
80.3301
94.9234
93.9608
83.5891
181.527
146.887
82.1969
190.109
132.095
243.564
163.283
98.2917
157.023
109.306
149.146
159.707
116.963
201.215
84.3756
72.9048
179.954
74.3462
87.8198
157.68
156.352
107.899
210.066
124.515
125.874
108.548
150.293
121.697
126.053
127.042
121.948
119.886
153.474
120.575
110.325
237.882
155.205
184.639
68.5045
36.7774
358.815
274.277
101.509
81.5689
83.4941
166.573
231.245
107.797
151.121
92.2939
87.8379
95.433
314.423
125.446
153.038
222.722
53.4951
51.8547
64.0646
263.78
174.045
361.782
241.652
149.515
109.709
150.825
162.44
154.498
231.95
88.7735
129.853
224.295
116.521
177.157
222.066
107.782
109.046
238.552
123.851
253.119
169.507
225.78
132.671
139.384
171.578
146.261
174.268
148.94
162.262
165.729
103.764
114.146
100.732
4.1971
152.731
21.7298
249.089
117.113
126.573
589.249
90.9665
148.966
123.048
74.9495
288.743
)
;

boundaryField
{
    inlet
    {
        type            fixedFluxPressure;
        gradient        nonuniform List<scalar> 
246
(
777.448
0.000398739
-3356.1
-4702.18
-2095.08
-2419.53
1158.65
-970.008
-7161.8
-7716.88
-189.49
-114824
2908.23
-10285.3
-165675
4836.47
-4251.78
5895.87
-1473.75
-2817.48
6.76383
-4640.83
-617.646
1048.6
-770.553
1507.32
1280.62
-18780.5
-2101.61
-26372.9
-9702.58
0
-3404.98
-12.4971
-2245.18
-147.685
-329120
-501422
529.836
-284.825
-561.768
-19.3642
4.5819
-747.62
-6302.99
13054
136489
-2309.16
-37056.7
0
-74991.6
-6490.2
-334.913
1329.73
-4769.4
160.136
-3703.94
304.736
4252.17
-5137.85
27634.3
62187.4
-2477.36
-38.1734
-1345.48
-42.9402
-446.691
15.258
-1705.73
125.496
-34114
-770.523
-156.107
-251.278
-1806.71
-24403.8
-16152.6
12149
-13918.2
664.953
-1849.89
-80650.6
3492.33
0.0948315
8259.43
16513.3
-115023
-34914.2
4532.35
-18118.9
16592.1
-254160
52825.5
29236.2
7336.53
-1598.64
-288810
-1091.79
-151023
-540.512
-391.262
2953.41
-188.833
-6593.01
-226374
-211327
-82041.9
-31650.1
-57678.4
-3511.86
67.9259
-106288
-28431.7
-1443.39
-198.071
-8.50082
14230.9
5849.86
-56.7049
-336.184
-610.949
-2328.86
-42.3355
-1560.5
0
-12594.4
923.551
-6970.56
-1572.75
-8953.78
-656.57
-18461.2
12.2846
-138971
-76937.5
-6575.28
-5296.8
3290.52
789.151
-328869
-629557
-830.262
-55085.4
-374.273
-6485.09
543.619
-2328.93
-11275.9
-15277.4
-64381.9
-109231
-4398.03
108.925
3769.41
-7744.96
-109.712
-1.06731e+06
-16130
-1.01846e+06
-55.4068
-989.565
-405.925
2855.01
-866.397
-12611.9
690.433
-73.9894
-190049
-16882.4
-17397
-13529.4
-107018
-10136.2
563.83
-249.037
-71.4497
-229.798
-5.32468
-11513.7
0.282059
-20843.2
-3843.07
-13810.3
-46959.6
-1610.54
-130280
-32.3071
-1255.84
-16221
116364
-16285.5
-35560.6
-1179.5
0
378.442
-510576
-49616.5
0
-192640
-226317
-155366
-22599.6
-5333.35
720.717
33999.4
-179030
-103210
-14831.2
-24941.7
-26741.2
-1304.4
-99.7719
-3430.53
-12241.1
-10197.8
-181530
-2948.87
-256.128
-131301
54758.7
-115312
1411.27
-11663.1
-1173.32
55971.2
794.299
-65.9513
-18559.1
-6784.44
1241.36
-90260.9
-6606.13
-493883
105209
504.748
-422912
7397.53
-16819.5
-209629
-72454.9
59707.5
-6362.53
-109891
11489.4
-25698.5
-133.184
)
;
        value           nonuniform List<scalar> 
246
(
93.2169
103.446
102.088
107.297
106.44
86.4635
100.667
98.4421
103.214
86.4062
90.3897
70.3621
110.06
98.2892
34.0879
98.4083
90.7219
107.557
107.024
44.2523
89.5714
94.0254
106.665
104.81
109.74
97.2016
100.966
84.9276
117.491
50.1373
84.6483
93.8794
89.353
89.9225
91.8232
94.166
-59.9538
-103.833
98.9837
100.714
100.955
101.656
107.309
109.278
95.1817
122.308
196.315
112.788
82.8228
106.102
88.539
53.1361
6.86444
53.4813
86.7352
93.507
89.3044
95.8908
110.169
103.157
111.196
141.443
106.828
102.061
104.433
103.78
105.065
106.011
105.481
107.46
82.493
105.375
105.469
110.435
105.749
81.7904
110.024
124.724
95.5071
102.602
105.183
80.8391
91.17
91.703
112.495
152.442
60.668
98.0888
111.397
90.6525
119.052
17.6953
111.998
85.664
18.4862
9.68331
-84.1927
123.157
42.3699
106.575
106.708
120.932
100.394
98.9063
8.07125
22.4568
84.2831
107.441
88.3406
105.441
106.633
53.7815
93.093
110.048
96.7852
97.7471
20.2793
98.8476
91.3094
90.4394
62.8936
104.095
105.992
83.6215
95.7713
107.293
94.241
126.644
126.649
9.60769
98.3879
90.6463
95.2044
38.1863
68.8016
92.7954
82.684
92.5508
118.914
23.5715
-132.953
103.509
78.7458
95.167
104.55
98.667
97.205
99.3106
97.7031
39.5524
48.6163
102.569
103.676
106.179
95.3241
101.06
-154.025
232.183
-254.765
90.4205
90.5153
94.5709
100.852
97.9732
100.483
98.5217
97.8398
40.2449
96.3477
93.8369
90.7687
54.4844
94.4485
99.6091
94.1467
90.5052
90.3696
104.678
96.3371
100.863
95.1353
101.804
98.3298
132.197
118.266
70.9368
127.068
127.548
119.535
174.757
94.6333
87.2488
107.7
109.632
53.1573
-81.2816
109.133
92.033
37.8243
41.7987
41.268
78.2592
85.5899
94.0947
72.4863
72.3242
117.312
90.4337
77.0156
77.5773
114.179
106.965
105.669
123.586
129.843
41.2714
114.259
128.232
91.6902
121.965
39.8135
97.0509
112.363
107.58
132.563
107.026
106.396
110.808
73.4146
85.0923
44.2737
280.705
40.5008
104.762
155.457
62.7343
40.4777
79.4247
117.865
278.187
139.575
85.5909
99.5386
158.477
236.234
100.665
)
;
    }
    outlet
    {
        type            fixedValue;
        value           uniform 0;
    }
    lowerWall
    {
        type            fixedFluxPressure;
        gradient        uniform 0;
        value           nonuniform List<scalar> 
1049
(
92.4392
103.446
105.445
112.001
108.536
91.3042
98.3486
100.383
110.378
94.1257
101.121
104.322
107.39
129.712
101.678
100.914
100.255
101.267
99.6952
148.324
96.898
106.861
85.4462
110.311
94.9777
104.223
97.9035
92.3118
90.5652
112.875
99.6304
98.1923
93.8469
104.538
91.3466
92.0142
91.0506
93.9032
108.692
106.209
100.251
97.9682
94.6862
94.577
99.2132
96.6775
98.0489
105.785
113.914
102.047
101.776
95.663
94.9976
96.0147
96.9855
97.4333
102.28
101.803
100.47
97.5227
95.8253
95.1754
95.0085
96.0004
97.195
98.8902
100.47
100.467
98.2516
95.6853
92.1628
91.8847
92.304
92.683
93.449
94.4956
94.7788
94.5354
92.9496
92.3509
89.7764
89.6061
89.5169
89.7602
90.1629
90.5305
90.6352
90.5133
90.308
89.946
87.3506
87.267
87.2709
87.4498
87.6846
87.9035
87.9504
87.8761
87.7105
87.4753
84.9122
84.8675
84.8804
84.9833
85.1214
85.2486
85.2941
85.2407
85.1468
85.0045
82.4615
82.4356
82.4376
82.5298
82.5955
82.6701
82.7037
82.6725
82.6184
82.5193
80.0093
80.0155
80.0047
80.0488
80.1034
80.1516
80.1877
80.1687
80.1247
80.0441
77.5836
77.5854
77.5878
77.6059
77.6363
77.6708
77.6967
77.6841
77.6536
77.6146
75.1657
75.16
75.1683
75.1855
75.2136
75.2436
75.2481
75.2192
75.2129
75.1872
72.77
72.7704
72.7627
72.7788
72.799
72.824
72.827
72.8252
72.8128
72.7821
70.3851
70.3808
70.3977
70.4034
70.4243
70.4421
70.4448
70.4347
70.403
70.3927
68.032
68.0425
68.0673
68.0627
68.0588
68.0674
68.0796
68.0658
68.0431
68.0359
65.7004
65.7183
65.7372
65.7171
65.7003
65.6975
65.7042
65.7158
65.7073
65.698
63.3909
63.3927
63.3925
63.3963
63.3999
63.3869
63.3811
63.373
63.3807
63.3823
61.0858
61.0911
61.0952
61.1019
61.1066
61.1027
61.0916
61.0815
61.0748
61.0752
58.8006
58.805
58.8081
58.8069
58.8059
58.8025
58.8027
58.798
58.7918
58.7927
56.5455
56.539
56.5334
56.5344
56.5382
56.5394
56.5394
56.5381
56.5423
56.5448
54.2841
54.2857
54.2801
54.2812
54.2851
54.2954
54.3036
54.3052
54.3005
54.2894
52.0465
52.0356
52.0385
52.0498
52.0587
52.0648
52.0702
52.0697
52.0719
52.0607
49.829
49.81
49.8063
49.8168
49.832
49.8458
49.8441
49.849
49.8477
49.8422
47.6152
47.5998
47.5915
47.5907
47.601
47.6116
47.6179
47.6198
47.6166
47.6151
45.3975
45.3988
45.4043
45.4107
45.4061
45.4009
45.3974
45.3952
45.3936
45.3948
43.2006
43.2083
43.2175
43.2126
43.2004
43.1935
43.1914
43.2099
43.1989
43.1965
41.0285
41.0322
41.0327
41.0234
41.0161
41.0097
41.0158
41.0266
41.0227
41.024
38.8535
38.8676
38.8723
38.873
38.8676
38.8618
38.8547
38.8525
38.8394
38.8428
36.7036
36.7151
36.7151
36.7105
36.7027
36.6971
36.6834
36.6814
36.6808
36.6872
34.5835
34.5752
34.5576
34.5523
34.5496
34.5423
34.535
34.5405
34.556
34.5718
32.4497
32.4434
32.4307
32.4258
32.4248
32.4268
32.4323
32.4403
32.4434
32.4505
30.3118
30.3147
30.3265
30.3324
30.334
30.3377
30.3403
30.3394
30.3304
30.3184
28.2063
28.214
28.2295
28.2464
28.2558
28.2578
28.2526
28.2423
28.2315
28.2135
26.1541
26.1518
26.1505
26.1579
26.168
26.1786
26.185
26.1856
26.1835
26.16
24.1385
24.1236
24.1136
24.1106
24.116
24.1258
24.1406
24.1518
24.1556
24.1463
22.1308
22.113
22.1097
22.1107
22.1155
22.1182
22.1204
22.1264
22.13
22.131
20.1169
20.1158
20.1177
20.1243
20.1347
20.1339
20.1262
20.1209
20.1186
20.1165
18.131
18.1365
18.144
18.1509
18.1501
18.1431
18.1362
18.1313
18.1295
18.1296
16.1903
16.1943
16.1902
16.1798
16.1651
16.1528
16.1447
16.156
16.1637
16.1789
14.2517
14.2593
14.2431
14.2259
14.2047
14.192
14.1877
14.2004
14.2158
14.2304
12.2841
12.304
12.3057
12.2922
12.2811
12.2717
12.2689
12.2739
12.274
12.275
10.3458
10.353
10.3659
10.3705
10.3674
10.3628
10.3585
10.3571
10.353
10.3451
8.45465
8.44636
8.44346
8.44558
8.44779
8.45189
8.45366
8.45576
8.45656
8.45838
6.56549
6.55684
6.54898
6.54849
6.55991
6.57407
6.58054
6.57883
6.57148
6.57155
4.67185
4.67036
4.67119
4.67841
4.69291
4.71788
4.71737
4.70666
4.69537
4.68256
2.79805
2.80004
2.80231
2.80895
2.81721
2.82699
2.83284
2.83124
2.82013
2.80515
0.935621
0.935591
0.935333
0.930874
0.928782
0.93178
0.94056
0.945646
0.94638
0.935951
96.9842
96.0238
97.5908
95.3703
95.5243
96.1132
95.726
95.7738
95.7686
97.6583
96.9615
95.8191
98.0214
98.3778
97.129
100.884
99.9622
98.8982
102.416
100.883
100.608
103.005
99.7686
100.824
97.3108
96.8692
99.1033
100.464
97.0863
96.0573
98.5629
100.69
101.314
98.2253
94.9772
95.9941
95.8459
96.2307
94.7137
95.939
95.4085
94.7596
107.102
101.404
96.7448
100.715
100.976
96.9017
108.102
107.195
103.884
110.428
103.972
107.736
104.919
96.74
96.8962
96.7199
113.002
95.0264
98.1891
98.5069
101.217
96.5836
95.9111
96.3956
95.1533
95.3741
95.4144
96.1346
98.7944
95.3899
97.6703
97.52
96.7934
109.151
99.5385
99.2651
100.592
100.406
101.378
103.975
101.308
101.719
99.48
99.2776
99.7103
98.6737
95.1716
95.5309
95.189
93.8682
94.1857
94.7687
93.4959
93.638
95.7596
93.4773
93.4859
96.8923
94.202
93.5126
98.3444
95.618
94.4503
99.9297
96.1684
96.0067
100.67
96.2875
96.2551
99.2072
96.1129
96.2942
96.1246
94.6687
95.415
95.5689
93.9573
94.2333
96.8233
97.6371
97.5825
96.7303
97.8813
96.8746
100.142
98.7493
96.5851
95.5241
95.7052
95.6151
95.764
95.7494
95.5837
96.4951
95.9275
95.822
95.655
95.5794
96.1873
95.8558
96.3249
95.6929
95.5397
95.8152
95.8298
97.323
96.3522
95.0627
96.364
96.094
96.3422
95.5306
95.8174
95.9324
98.7644
98.7573
108.484
98.0937
98.1688
98.5829
97.1186
97.6892
97.5531
100.396
100.286
100.432
99.7627
100.102
100.174
99.3955
99.5797
99.1478
101.565
101.321
103.455
100.925
101.155
101.32
100.725
100.753
100.513
100.92
105.125
103.007
100.404
102.845
100.509
101.167
101.038
100.642
96.6992
97.5403
95.3333
97.6328
98.1155
97.1196
99.5427
98.9934
98.6994
98.6432
97.346
107.043
94.6583
95.885
97.6356
96.8892
96.6929
95.8244
96.2293
95.9821
95.5303
97.5302
97.4692
97.116
99.1509
98.872
98.627
100.443
100.121
100.079
96.8463
96.4592
96.4882
98.1398
97.7486
97.9204
99.575
99.4044
99.6813
99.8721
100.176
100.637
100.251
98.9124
99.6592
95.1401
94.8161
95.7269
97.543
98.4266
99.7116
95.2691
94.3539
94.3641
104.343
106.943
84.3911
99.9041
99.3589
100.416
100.113
103.024
103.496
102.983
98.2883
134.481
98.6392
107.277
109.732
80.1184
103.81
126.639
75.0911
147.868
114.573
94.6425
93.1176
92.9794
94.0698
92.6674
92.2794
98.104
98.3161
95.9154
95.2131
97.292
97.6705
100.834
101.766
100.493
97.3178
96.3451
96.958
96.1037
98.7181
98.5505
94.1936
94.5133
94.8651
96.2432
96.8093
94.7921
98.6746
98.5767
98.9857
98.0693
104.11
101.127
93.1165
91.9528
91.7027
94.7386
93.1831
93.1942
93.8962
94.9029
95.5023
98.5616
98.095
96.2733
106.141
103.488
104.804
115.917
89.1126
104.971
97.2817
99.4527
99.3841
96.2862
97.7687
97.5344
93.9939
94.3929
93.6888
116.676
107.234
149.852
104.349
138.1
162.083
106.668
121.586
101.386
95.6475
95.8789
96.6083
103.152
99.824
116.663
138.985
113.516
98.732
96.8215
97.8629
101.396
102.795
101.067
100.692
92.4392
91.5338
91.4168
93.4259
93.6977
93.875
101.1
102.71
99.6931
94.3661
92.8081
93.0883
97.3896
97.1179
96.0923
103.234
108.391
83.9384
105.788
108.204
94.419
92.7591
91.1468
96.0457
105.76
118.703
101.494
96.8133
98.5592
108.654
96.3276
104.099
101.104
98.4537
45.1044
84.59
94.9216
94.5156
94.8623
101.487
136.422
101.713
121.845
115.821
103.328
81.8187
72.7457
105.234
103.32
101.455
100.102
109.14
100.025
113.262
105.219
104.311
103.318
128.633
109.316
112.321
101.308
103.603
88.5403
107.364
110.097
108.127
101.936
102.586
105.658
103.823
104.718
100.611
107.187
102.942
105.652
99.871
101.885
99.9777
87.6389
102.716
98.6895
103.673
103.295
106.005
98.8804
108.391
100.329
107.556
107.035
104.532
102.691
105.974
105.37
117.304
131.459
112.841
111.087
110.193
103.304
107.948
131.063
110.518
104.381
100.683
98.6083
131.491
110.67
97.1429
102.24
121.413
103.965
145.684
113.039
119.467
102.946
109.716
104.371
105.024
106.475
121.51
103.176
109.98
112.584
104.39
103.215
100.819
98.2665
97.377
101.815
108.777
102.423
108.439
121.614
113.142
105.038
107.001
129.169
133.083
119.077
102.001
105.437
105.331
101.481
122.348
105.469
100.571
100.383
102.779
90.7412
98.9832
90.4742
97.309
91.6692
109.557
111.837
107.421
77.5702
156.919
93.565
114.444
108.476
105.215
88.5557
99.6258
100.14
133.219
91.9608
102.683
135.199
161.241
106.423
97.1661
170.074
103.711
101.003
106.126
152.64
114.606
201.097
157.012
81.718
84.0258
92.0394
125.39
115.298
190.316
106.491
134.554
76.9607
271.366
70.1152
144.739
104.844
142.888
124.705
100.395
89.6228
94.1827
)
;
    }
    upperWall
    {
        type            fixedFluxPressure;
        gradient        uniform 0;
        value           nonuniform List<scalar> 
1169
(
91.5062
97.375
109.43
104.233
110.754
96.0839
98.4042
102.409
101.356
71.0421
102.833
105.063
105.808
117.58
106.167
98.4936
96.6252
100.094
102.586
117.83
98.2117
108.136
105.336
103.033
109.074
105.246
98.3757
100.505
105.392
109.273
97.5203
89.7326
91.3527
106.96
91.0827
92.9543
101.512
101.922
105.229
100.878
99.0118
94.5311
94.2451
106.433
96.6635
98.1196
99.3882
116.807
113.543
105.018
102.18
97.9035
95.0199
88.8976
96.5701
102.302
101.541
107.906
100.373
97.7885
95.8262
95.1725
95.0049
95.9941
97.1907
98.9079
100.425
100.47
98.2433
95.6822
92.1632
91.8842
92.305
92.6847
93.4478
94.4947
94.7772
94.5349
92.9497
92.3511
89.7763
89.6059
89.5182
89.7602
90.1624
90.5299
90.6352
90.5136
90.3085
89.946
87.3506
87.2666
87.2708
87.449
87.685
87.9037
87.9503
87.876
87.7105
87.4752
84.9124
84.8674
84.8803
84.9831
85.1214
85.2483
85.2939
85.2406
85.1467
85.0047
82.4617
82.4355
82.4375
82.5296
82.5949
82.6699
82.7036
82.6724
82.6183
82.5192
80.0086
80.0154
80.0046
80.0487
80.1028
80.1519
80.1875
80.1686
80.1246
80.0436
77.5835
77.5853
77.5877
77.6058
77.6362
77.6707
77.6966
77.684
77.6534
77.6145
75.1656
75.1599
75.1682
75.1854
75.2136
75.2435
75.248
75.2191
75.2128
75.1871
72.7693
72.77
72.7626
72.7787
72.799
72.8239
72.8269
72.8251
72.8131
72.7825
70.385
70.3807
70.3976
70.4033
70.4242
70.442
70.4447
70.4352
70.4039
70.3926
68.0319
68.0426
68.0671
68.0624
68.0587
68.0675
68.0793
68.0653
68.0428
68.0357
65.7006
65.7181
65.7373
65.7169
65.7
65.6973
65.7041
65.7163
65.7074
65.6982
63.3905
63.3925
63.3924
63.3961
63.4
63.3868
63.3811
63.3731
63.3807
63.3821
61.0857
61.0917
61.0948
61.102
61.1066
61.1027
61.0915
61.0814
61.0747
61.0748
58.8006
58.8051
58.808
58.8068
58.8058
58.802
58.8026
58.798
58.7918
58.7923
56.5454
56.5382
56.5332
56.5343
56.5377
56.5391
56.5393
56.5384
56.5423
56.5447
54.2838
54.2848
54.2798
54.2814
54.2852
54.2961
54.3036
54.3051
54.3004
54.2894
52.0465
52.0355
52.0385
52.0494
52.0582
52.065
52.0697
52.0697
52.0715
52.0606
49.829
49.81
49.8061
49.8165
49.8321
49.8458
49.8441
49.849
49.8477
49.8422
47.6149
47.5996
47.5917
47.5909
47.6012
47.6114
47.6178
47.6201
47.6161
47.6148
45.3974
45.3987
45.4042
45.4107
45.406
45.4006
45.3976
45.3948
45.3933
45.3948
43.2002
43.2084
43.2176
43.2127
43.1998
43.1934
43.1918
43.2097
43.1994
43.1967
41.028
41.0322
41.0328
41.0231
41.0157
41.0101
41.0158
41.0267
41.0228
41.0239
38.8535
38.8682
38.872
38.8727
38.8675
38.862
38.8546
38.8523
38.8393
38.8423
36.7037
36.7151
36.7147
36.7106
36.7027
36.6965
36.6831
36.681
36.6807
36.6874
34.5834
34.575
34.5578
34.5521
34.5494
34.542
34.5349
34.5405
34.5564
34.5719
32.4493
32.4435
32.4309
32.4257
32.4247
32.4267
32.4322
32.4402
32.4433
32.4503
30.3117
30.3146
30.3265
30.3324
30.334
30.3378
30.3402
30.3393
30.3303
30.3183
28.2063
28.2138
28.2294
28.246
28.2557
28.2576
28.2523
28.2424
28.2315
28.2137
26.154
26.1517
26.1503
26.1578
26.1686
26.1786
26.185
26.1856
26.1834
26.1601
24.1384
24.1241
24.1136
24.1106
24.116
24.1257
24.1405
24.1515
24.1553
24.1462
22.1308
22.1128
22.1096
22.1107
22.1155
22.1181
22.1203
22.1263
22.1298
22.131
20.1166
20.1154
20.1175
20.1243
20.135
20.1341
20.1263
20.1209
20.1185
20.1164
18.1307
18.1365
18.1441
18.1509
18.1499
18.1429
18.1361
18.1311
18.1296
18.1295
16.1904
16.1948
16.1903
16.1797
16.1643
16.152
16.1444
16.156
16.1637
16.1787
14.2519
14.259
14.243
14.2255
14.2048
14.192
14.1876
14.2003
14.2157
14.2304
12.2843
12.3034
12.3053
12.2925
12.2811
12.2717
12.2689
12.2738
12.2737
12.2746
10.3457
10.3531
10.3662
10.3706
10.367
10.3625
10.3583
10.3569
10.3529
10.345
8.45468
8.4464
8.4433
8.44557
8.4477
8.45179
8.45357
8.45567
8.45645
8.45835
6.56527
6.55654
6.54885
6.54821
6.56009
6.57401
6.58074
6.57877
6.57131
6.57119
4.67167
4.67032
4.67125
4.67832
4.69272
4.71781
4.71734
4.7066
4.69527
4.6823
2.79789
2.80029
2.80233
2.8088
2.81704
2.82615
2.83286
2.83119
2.82017
2.80525
0.935706
0.935345
0.935023
0.93039
0.928732
0.931709
0.94067
0.945491
0.946285
0.935877
97.593
96.0362
96.9175
96.0845
95.5227
95.4405
95.7555
95.7859
95.5308
95.8019
96.6119
95.4421
97.1181
98.3891
98.2027
98.9486
99.9532
100.781
100.521
100.875
104.804
100.824
99.79
102.146
99.1066
96.9317
98.1817
96.0604
97.0663
111.993
100.846
95.3918
97.0513
96.1097
95.8471
94.3904
94.7392
96.7809
96.1441
102.651
96.162
110.548
95.8994
104.206
92.3952
153.774
99.9591
98.498
104.685
104.365
104.968
103.38
101.314
108.178
96.7563
87.7133
107.964
93.2596
121.488
104.243
101.225
98.4452
98.3025
96.4606
96.0497
96.4561
95.4345
95.3672
95.148
95.4141
99.0706
102.309
96.7893
98.106
97.1453
99.682
99.2387
102.138
101.111
100.683
101.587
101.908
101.377
109.131
99.889
99.6131
99.3344
95.7281
95.1761
97.2908
94.1853
93.8676
95.1896
93.6359
93.4971
94.7623
93.4859
93.4774
95.7386
93.5131
94.1971
96.9109
94.4523
95.6171
98.3624
96.0074
96.1646
99.943
96.2494
96.2877
100.67
96.2945
96.1112
99.2721
95.4142
94.6688
96.1263
94.2323
93.9572
95.5639
96.5765
98.6421
100.144
96.8816
97.885
96.7408
97.2599
97.617
96.81
95.7932
95.936
96.5403
95.5801
95.7638
95.789
95.64
95.8517
95.5663
95.8099
95.7096
95.4953
95.7068
95.9669
95.86
95.8778
95.4458
95.7041
96.3264
96.2597
95.3786
96.2578
96.1988
96.3497
98.0827
96.4517
96.3248
97.516
97.538
96.9174
98.6028
97.9812
98.0902
98.4271
98.3925
98.9276
99.1848
99.5786
99.5386
100.178
100.107
99.7654
100.294
100.146
100.332
100.575
100.674
100.656
101.314
101.078
100.899
108.382
101.564
101.739
100.656
100.831
101.153
100.693
101.771
100.424
102.328
104.027
100.931
98.6967
99.0161
99.5652
97.1175
98.2032
97.6315
95.3797
97.7813
96.6015
95.7226
96.6614
96.9307
98.0431
95.884
94.4457
93.9743
94.3562
98.6072
95.5248
96.0117
96.2261
97.126
97.4747
97.5369
98.6299
98.8739
99.179
100.001
100.124
100.425
96.475
96.4563
96.8085
97.9535
97.7478
98.1391
99.7091
99.3921
99.5661
100.633
100.176
99.8709
99.6382
98.8871
100.235
95.7166
94.8099
95.1278
99.7676
98.454
97.5484
94.3609
94.3351
95.2753
101.994
100.622
98.2331
98.2833
97.8028
98.3686
95.7945
123.849
106.272
144.03
150.076
118.122
96.2914
102.198
105.633
106.3
105.772
100.506
92.9788
93.117
94.6424
92.2786
92.6666
94.0691
95.9168
98.3202
98.1049
97.67
97.2924
95.2117
96.9598
96.3469
97.3292
94.8677
94.5087
94.1903
98.5299
98.7016
96.0997
94.7938
96.8207
96.2646
91.704
91.954
93.1179
93.1931
93.182
94.7376
95.4837
94.8956
93.8953
96.2728
98.0977
98.4692
97.0554
96.9581
103.896
93.6881
94.3824
93.9959
97.534
97.7646
96.2867
98.0644
61.9616
104.932
101.796
104.105
102.079
106.945
96.274
109.925
108.016
100.38
106.783
104.433
100.707
95.7624
96.603
95.8782
95.6488
118.386
89.6388
101.329
100.249
99.9665
100.334
99.4747
103.995
104.511
97.1795
76.6656
88.9959
115.152
109.679
114.995
98.6542
103.767
104.139
98.4528
99.6909
104.04
104.215
104.102
105.409
91.4176
91.5346
92.4398
93.8744
93.698
93.4261
90.197
96.4487
90.4909
93.0887
92.8084
94.3664
96.0917
97.1165
97.3859
96.8065
97.8328
96.599
104.864
147.518
106.445
109.721
106.634
95.5159
99.5736
147.149
89.8013
65.9739
124.249
95.3453
99.5532
141.008
-17.3229
124.346
255.264
25.1076
105.962
106.676
92.6006
104.004
120.024
96.4303
96.2725
98.5745
98.7354
94.8618
94.5155
94.9185
102.382
123.575
106.102
98.1814
102.446
99.862
96.9286
101.939
96.6433
99.3336
98.2552
103.592
101.838
97.4151
102.649
106.259
98.753
97.3293
96.5984
96.4986
101.379
108.032
100.878
98.1104
103.312
100.334
113.456
90.3966
92.2893
93.3468
107.137
99.0892
110.209
102.363
101.897
107.153
101.071
117.82
100.801
140.22
107.561
159.503
123.246
107.558
106.984
134.72
94.6623
98.5991
119.443
96.7509
99.5884
109.383
95.7478
140.023
120.825
83.1723
97.2057
107.04
110.632
114.632
124.804
139.432
90.6283
111.115
105.922
104.69
118.38
110.299
119.935
95.6614
87.9157
108.695
100.808
108.565
110.341
107.606
98.9059
99.9999
98.836
104.587
101.135
98.8794
102.003
107.145
100.532
133.192
99.4214
113.825
103.134
101.937
106.552
106.424
144.184
116.806
132.07
104.467
103.042
101.838
101.311
114.139
100.491
103.723
106.279
102.694
144.808
205.834
56.5741
14.817
125.993
103.732
108.379
103.863
104.914
104.613
115.732
108.5
102.784
99.4689
102.594
104.882
102.964
111.057
108.474
103.45
103.461
102.282
127.805
88.7316
93.3323
128.78
186.326
93.9542
99.8793
124.555
61.1684
104.662
94.3658
87.9826
206.233
36.8646
104.95
99.9108
115.972
112.429
114.758
69.7973
79.7468
100.629
102.113
103.072
95.79
96.1521
95.819
107.79
90.7888
112.866
104.954
103.326
106.609
106.654
104.189
105.751
112.269
124.71
103.979
98.817
100.765
104.791
108.847
109.612
105.782
108.391
113.152
110.167
105.077
84.6915
108.801
99.3271
111.974
107.309
120.497
120.772
108.866
102.832
130.647
99.681
113.31
108.162
110.087
135.127
113.653
129.708
94.6727
103.085
94.5786
125.205
110.16
101.087
107.467
120.805
93.2918
114.393
101.017
128.702
87.9485
107.86
102.972
157.358
125.56
115.302
99.7732
104.437
94.3827
121.866
93.5247
110.197
94.1186
107.295
96.2935
91.4091
95.5237
92.1966
139.389
107.911
116.178
104.57
109.953
114.751
102.902
109.772
110.523
91.598
93.5902
99.3162
101.854
99.954
149.318
118.679
98.7572
123.595
114.36
135.089
99.8307
106.521
102.679
103.765
105.739
103.996
108.864
73.497
114.544
84.4923
92.1768
95.6746
103.883
84.6926
97.0254
94.9632
89.4159
124.596
174.487
143.15
132.132
77.9151
57.0157
118.18
74.1653
4.1971
117.113
152.731
)
;
    }
    frontWall
    {
        type            cyclic;
    }
    backWall
    {
        type            cyclic;
    }
}


// ************************************************************************* //
