/*--------------------------------*- C++ -*----------------------------------*\
| =========                 |                                                 |
| \\      /  F ield         | OpenFOAM: The Open Source CFD Toolbox           |
|  \\    /   O peration     | Version:  5.0                                   |
|   \\  /    A nd           | Web:      www.OpenFOAM.org                      |
|    \\/     M anipulation  |                                                 |
\*---------------------------------------------------------------------------*/
FoamFile
{
    version     2.0;
    format      ascii;
    class       volScalarField;
    location    "4.5";
    object      p;
}
// * * * * * * * * * * * * * * * * * * * * * * * * * * * * * * * * * * * * * //

dimensions      [1 -1 -2 0 0 0 0];

internalField   nonuniform List<scalar> 
8717
(
96.7758
96.4171
98.6651
99.4057
95.5747
94.6817
95.7917
93.1939
90.2472
88.0007
85.5858
83.1469
80.6915
78.2549
75.82
73.405
71.0011
68.6268
66.2749
63.9482
61.6257
59.3247
57.0515
54.7716
52.516
50.2787
48.0486
45.8149
43.5972
41.413
39.2216
37.0548
34.9179
32.7685
30.6147
28.4914
26.4214
24.3865
22.359
20.3262
18.3211
16.3605
14.403
12.4148
10.4573
8.54713
6.63931
4.7236
2.82888
0.945813
97.327
96.7773
95.9806
98.1408
98.7316
98.0732
96.4214
93.6264
90.547
88.1943
85.7062
83.2203
80.7554
78.2908
75.8361
73.4207
71.0067
68.6462
66.3037
63.9548
61.6336
59.3274
57.0461
54.7716
52.5039
50.2636
48.0376
45.8189
43.6134
41.4181
39.2376
37.0685
34.9127
32.7627
30.6188
28.498
26.4169
24.3707
22.3424
20.3256
18.327
16.3645
14.4073
12.4343
10.4645
8.5372
6.62595
4.72107
2.83148
0.945929
94.0784
94.9839
91.5299
101.054
112.253
98.2702
97.3598
94.7728
90.9942
88.4203
85.8616
83.3022
80.7927
78.3213
75.8611
73.4229
71.0299
68.6758
66.3229
63.9552
61.6351
59.3295
57.0323
54.7673
52.5086
50.2591
48.0279
45.8242
43.6202
41.4179
39.2412
37.0668
34.8917
32.7478
30.6239
28.5119
26.4167
24.3612
22.338
20.3256
18.3357
16.3623
14.3972
12.4346
10.476
8.5348
6.62038
4.72237
2.8333
0.945974
97.9908
109.683
92.8819
100.533
106.071
99.3396
98.5812
96.3604
91.4433
88.6679
86.0061
83.4139
80.8475
78.3452
75.8816
73.4408
71.0364
68.6693
66.3011
63.9597
61.6465
59.3317
57.0413
54.7693
52.5196
50.2702
48.0274
45.831
43.6179
41.4108
39.2417
37.0611
34.886
32.7425
30.6315
28.5283
26.422
24.3574
22.3402
20.3374
18.3418
16.3515
14.3744
12.4284
10.4835
8.53763
6.62121
4.72941
2.83942
0.940783
95.2257
94.8874
103.8
100.055
98.2151
102.968
99.296
98.1023
92.4459
88.6222
86.0414
83.415
80.8666
78.3551
75.8988
73.4557
71.0529
68.6641
66.2838
63.965
61.6512
59.3316
57.0451
54.7726
52.5288
50.2844
48.0367
45.8248
43.6031
41.4048
39.2355
37.0527
34.8828
32.7411
30.6332
28.5377
26.4331
24.3623
22.3432
20.3437
18.3406
16.3369
14.3587
12.4117
10.4787
8.53826
6.62812
4.74391
2.84744
0.938735
111.267
100.931
112.186
103.416
99.2108
98.4368
98.4748
97.9061
92.2829
88.5733
86.0085
83.3967
80.8599
78.3544
75.9028
73.46
71.0596
68.6657
66.2763
63.9465
61.6456
59.326
57.0459
54.7829
52.5339
50.2991
48.0472
45.819
43.5934
41.3873
39.2251
37.0471
34.876
32.7431
30.6358
28.539
26.4429
24.372
22.3461
20.3446
18.3344
16.3237
14.3413
12.4029
10.4732
8.54226
6.64432
4.76726
2.85831
0.941851
101.06
98.6151
95.4294
109.861
99.6222
99.8488
98.3172
97.2138
91.2294
88.5294
85.9307
83.3548
80.8439
78.3475
75.8878
73.4523
71.0538
68.6709
66.2772
63.9367
61.6298
59.3247
57.0439
54.7911
52.5404
50.2962
48.053
45.8157
43.5953
41.403
39.2246
37.0363
34.8699
32.7504
30.6411
28.5343
26.4478
24.3839
22.3476
20.3353
18.326
16.3172
14.3402
12.4014
10.4691
8.54399
6.65035
4.76696
2.86203
0.950728
98.9793
97.961
100.679
82.6212
97.219
101.965
97.4416
95.1553
90.833
88.3166
85.7823
83.2655
80.7882
78.3121
75.8449
73.4418
71.037
68.6548
66.2904
63.9303
61.6212
59.3199
57.0416
54.7925
52.5408
50.3006
48.0544
45.8134
43.6093
41.4107
39.2203
37.0328
34.8745
32.7571
30.6388
28.5234
26.4483
24.3969
22.353
20.3278
18.3203
16.3235
14.3501
12.4032
10.4679
8.54598
6.64849
4.75592
2.85997
0.955003
98.0347
97.1347
102
96.972
98.0428
97.2163
96.0782
93.7072
90.4508
88.1169
85.6581
83.197
80.7357
78.2768
75.8365
73.4291
71.0104
68.6353
66.2823
63.9391
61.6157
59.3151
57.0483
54.7884
52.5417
50.3012
48.05
45.8122
43.6019
41.4092
39.2111
37.0335
34.8902
32.7625
30.6309
28.5133
26.443
24.4015
22.3575
20.3272
18.3186
16.3345
14.3665
12.4057
10.4641
8.5478
6.64202
4.74527
2.84843
0.956458
104.556
90.8456
99.9354
105.048
92.594
95.3517
95.3782
93.2041
90.2352
87.9771
85.5753
83.1374
80.6792
78.2522
75.8202
73.4053
71.0025
68.6314
66.2751
63.9423
61.6175
59.3158
57.0511
54.7781
52.5337
50.2989
48.0555
45.815
43.6003
41.4108
39.2132
37.0411
34.9101
32.7682
30.6198
28.4989
26.4312
24.396
22.3601
20.3258
18.3195
16.3495
14.3849
12.4078
10.4583
8.55101
6.64497
4.73438
2.83648
0.945734
98.3255
96.1666
99.1872
100.564
94.4362
94.676
95.8212
93.1912
90.2475
88.0006
85.5859
83.1469
80.6913
78.2549
75.8199
73.4048
71.0011
68.6269
66.275
63.9481
61.6257
59.3248
57.0515
54.7715
52.5161
50.2787
48.0485
45.8149
43.5971
41.413
39.2215
37.0548
34.9179
32.7685
30.6147
28.4913
26.4214
24.3865
22.359
20.3261
18.321
16.3606
14.4032
12.4148
10.4573
8.54716
6.63924
4.72354
2.82889
0.945892
97.2305
100.772
97.0526
98.0595
96.7395
96.7991
96.4372
93.6253
90.5473
88.1942
85.7062
83.2203
80.7554
78.2908
75.8361
73.4205
71.0067
68.6462
66.3037
63.9547
61.6337
59.3274
57.0457
54.7714
52.5039
50.2636
48.0375
45.8189
43.6132
41.4181
39.2381
37.0686
34.9127
32.7626
30.6188
28.498
26.4168
24.3708
22.3423
20.3256
18.327
16.3646
14.4072
12.434
10.4646
8.53723
6.62585
4.72114
2.83148
0.945877
93.3446
95.8947
100.664
102.44
103.912
98.3061
97.34
94.7675
90.9956
88.4202
85.8616
83.3021
80.7927
78.3213
75.861
73.4229
71.0299
68.6756
66.323
63.9552
61.6348
59.3294
57.0321
54.7673
52.5085
50.259
48.0279
45.8242
43.6203
41.4182
39.241
37.0667
34.8917
32.7478
30.624
28.5119
26.4166
24.3612
22.338
20.3255
18.3358
16.3623
14.3971
12.4345
10.4762
8.53465
6.62034
4.72243
2.83332
0.945963
95.08
100.903
96.6713
103.493
104.116
98.3119
98.536
96.2305
91.4439
88.6676
86.006
83.4139
80.8475
78.3451
75.8816
73.4408
71.0364
68.6692
66.3009
63.9595
61.6465
59.3317
57.0414
54.7694
52.5195
50.27
48.0275
45.8311
43.6181
41.4106
39.2415
37.0611
34.8859
32.7424
30.6315
28.5282
26.422
24.3574
22.3402
20.3374
18.3418
16.3516
14.3745
12.4284
10.4836
8.53761
6.62111
4.72936
2.83941
0.940666
106.395
95.756
101.008
96.7025
102.581
102.641
99.2621
98.1333
92.4454
88.6231
86.0413
83.415
80.8663
78.3551
75.8988
73.4557
71.0529
68.6641
66.2837
63.9651
61.6512
59.3315
57.045
54.7728
52.5287
50.2844
48.0368
45.8248
43.6026
41.4047
39.2354
37.0526
34.8828
32.7411
30.6332
28.5377
26.4331
24.3623
22.3433
20.344
18.3406
16.3369
14.3586
12.4118
10.4787
8.53824
6.62804
4.74386
2.84741
0.938778
108.221
96.8733
100.871
140.711
97.6837
98.7183
98.4486
97.9415
92.2799
88.574
86.0083
83.3966
80.86
78.3544
75.9028
73.46
71.0596
68.6657
66.2763
63.9465
61.6455
59.3257
57.0456
54.7829
52.534
50.2992
48.0472
45.819
43.5934
41.3874
39.2251
37.047
34.8758
32.7431
30.6357
28.539
26.4429
24.372
22.346
20.3446
18.3342
16.3236
14.3414
12.403
10.4731
8.54224
6.64429
4.76747
2.85803
0.941819
100.962
99.7856
95.2387
109.096
100.285
100.805
98.2805
97.2404
91.2299
88.5293
85.9307
83.3547
80.8439
78.3475
75.8878
73.4523
71.0537
68.6707
66.2772
63.9367
61.6298
59.3247
57.0439
54.7911
52.5402
50.2961
48.053
45.8157
43.5954
41.4029
39.2248
37.036
34.8699
32.7503
30.6411
28.5343
26.4478
24.3839
22.3476
20.3353
18.326
16.317
14.3402
12.4014
10.469
8.54397
6.65045
4.76703
2.86194
0.950849
98.4528
101.736
103.425
77.4566
96.9131
102.066
97.4154
95.0225
90.8337
88.3164
85.7823
83.2655
80.7882
78.3121
75.8448
73.4417
71.0373
68.6546
66.2905
63.9303
61.6211
59.3199
57.0416
54.7925
52.5407
50.3009
48.0544
45.813
43.6092
41.4107
39.2202
37.0327
34.8745
32.7571
30.6388
28.5234
26.4484
24.3969
22.353
20.3277
18.3202
16.3235
14.3501
12.4032
10.4678
8.54596
6.64848
4.7559
2.85996
0.954964
101.431
97.2835
103.736
114.41
99.2443
96.2633
96.0853
93.7045
90.4514
88.1167
85.6581
83.1971
80.7357
78.2768
75.8364
73.4293
71.0105
68.6345
66.2824
63.9392
61.6157
59.3152
57.0483
54.7883
52.5416
50.3012
48.0499
45.8122
43.6019
41.4092
39.2105
37.0334
34.8903
32.7626
30.6308
28.5132
26.443
24.4014
22.3574
20.3272
18.3186
16.3347
14.3664
12.4056
10.4641
8.54775
6.6419
4.74522
2.84846
0.956451
102.752
97.703
74.9707
106.407
96.9285
95.2415
95.4207
93.2019
90.2355
87.9767
85.5754
83.1373
80.6791
78.2522
75.8202
73.4056
71.0025
68.6313
66.2752
63.9422
61.6174
59.3158
57.051
54.7781
52.5337
50.2989
48.0553
45.8151
43.6002
41.4107
39.2131
37.0411
34.9101
32.7681
30.6197
28.4989
26.4313
24.396
22.3601
20.3258
18.3195
16.3494
14.385
12.4078
10.4582
8.55103
6.64484
4.73428
2.83656
0.945726
98.5415
96.2945
99.4058
101.412
95.876
94.4103
95.8171
93.1944
90.2471
88.0006
85.5859
83.1469
80.6907
78.2552
75.8199
73.4045
71.001
68.6268
66.2749
63.9478
61.6256
59.3248
57.0513
54.7713
52.5161
50.2788
48.0483
45.8148
43.5969
41.413
39.2216
37.0548
34.9178
32.7683
30.6146
28.4913
26.4213
24.3865
22.3589
20.326
18.3209
16.3606
14.4032
12.4149
10.4573
8.54713
6.6391
4.72343
2.82883
0.945872
98.155
99.9609
98.4589
98.2756
96.7272
96.8512
96.439
93.6258
90.5468
88.1942
85.706
83.2202
80.7553
78.2907
75.836
73.4203
71.0066
68.6462
66.3037
63.9546
61.6336
59.3275
57.0455
54.7712
52.5039
50.2636
48.0373
45.8188
43.6132
41.4185
39.2382
37.0685
34.9126
32.7626
30.6188
28.4979
26.4168
24.3712
22.3422
20.3247
18.327
16.3646
14.4071
12.4333
10.4646
8.53721
6.62564
4.72108
2.83144
0.94568
93.5651
96.4918
104.696
101.659
100.641
96.6366
97.3477
94.7702
90.9955
88.4202
85.8615
83.302
80.7926
78.3212
75.861
73.4228
71.0298
68.6755
66.323
63.955
61.6346
59.3294
57.032
54.7677
52.5085
50.2588
48.0279
45.8241
43.6203
41.4182
39.2409
37.0663
34.8918
32.7479
30.6241
28.5119
26.4164
24.3612
22.3379
20.3254
18.3361
16.3624
14.3971
12.4343
10.4764
8.53453
6.62025
4.72243
2.83328
0.945635
107.019
82.658
117.777
98.2639
104.199
101.151
98.5674
96.2399
91.4432
88.6669
86.006
83.4138
80.8474
78.3451
75.8815
73.4407
71.0363
68.669
66.3008
63.9594
61.6465
59.3316
57.0413
54.7695
52.5195
50.2698
48.0276
45.8309
43.618
41.4105
39.2413
37.0611
34.8859
32.7424
30.6315
28.5281
26.4219
24.3575
22.3402
20.3373
18.3417
16.3516
14.3744
12.4285
10.4837
8.53754
6.62101
4.72927
2.8393
0.940337
130.026
72.1805
107.603
97.5237
99.9744
101.491
99.2718
98.1281
92.4457
88.6228
86.0414
83.4148
80.8661
78.355
75.8989
73.4557
71.0528
68.664
66.2835
63.9651
61.6512
59.3316
57.0448
54.7728
52.5284
50.2844
48.0369
45.8247
43.6025
41.4046
39.2363
37.0526
34.8826
32.741
30.6332
28.5376
26.433
24.3622
22.3432
20.3442
18.3403
16.3369
14.3586
12.4118
10.4786
8.53817
6.62819
4.74377
2.84739
0.938689
119.776
103.105
91.1046
96.55
98.5937
97.5867
98.4733
97.9463
92.2803
88.5735
86.0082
83.3965
80.8601
78.3543
75.9025
73.4599
71.0595
68.6658
66.2761
63.9464
61.6454
59.3252
57.0455
54.7835
52.5342
50.2991
48.0471
45.819
43.5933
41.3876
39.2254
37.0467
34.8757
32.743
30.6357
28.5389
26.4428
24.3719
22.346
20.3447
18.3341
16.3234
14.3413
12.4031
10.4729
8.54217
6.64431
4.76739
2.8576
0.941789
100.98
99.8061
99.7992
101.418
97.9917
100.207
98.2591
97.2357
91.2294
88.5293
85.9306
83.3546
80.8438
78.3474
75.8877
73.4522
71.0536
68.6705
66.2771
63.9367
61.6297
59.3246
57.0438
54.791
52.54
50.2961
48.0529
45.816
43.5956
41.403
39.2248
37.0359
34.8698
32.7503
30.641
28.5341
26.4477
24.3838
22.3475
20.3353
18.326
16.3168
14.3402
12.4013
10.4689
8.5439
6.65066
4.7668
2.86154
0.9508
98.719
98.5771
104.949
114.224
99.8686
95.1397
97.412
95.0296
90.8334
88.3164
85.7822
83.2654
80.7881
78.312
75.8447
73.4417
71.0375
68.6543
66.2906
63.9303
61.621
59.3199
57.0416
54.7924
52.5406
50.301
48.0544
45.8129
43.6089
41.4107
39.2201
37.0326
34.8744
32.7571
30.6387
28.5234
26.4483
24.3968
22.3529
20.3277
18.3202
16.3235
14.3501
12.4031
10.4677
8.54589
6.64843
4.75585
2.85994
0.954856
111.658
97.3848
96.7271
109.881
102.643
96.9001
96.0894
93.7046
90.4512
88.1168
85.658
83.197
80.7356
78.2767
75.8364
73.4294
71.0106
68.6343
66.2824
63.9392
61.6156
59.3151
57.0483
54.7882
52.5414
50.3011
48.0498
45.8121
43.6024
41.4093
39.2097
37.0333
34.8904
32.7626
30.6307
28.5132
26.4429
24.4012
22.3573
20.3271
18.3187
16.3349
14.3663
12.4054
10.4641
8.54767
6.6418
4.74515
2.84855
0.956362
94.9594
141.194
99.394
119.514
92.8815
94.6717
95.4176
93.2016
90.2352
87.9768
85.5754
83.1372
80.6788
78.2522
75.8201
73.4059
71.0024
68.6312
66.2752
63.9422
61.6172
59.3157
57.051
54.778
52.5338
50.2989
48.0552
45.815
43.6001
41.4104
39.2126
37.0412
34.9102
32.768
30.6195
28.4992
26.4313
24.3959
22.36
20.3258
18.3195
16.3494
14.3848
12.4076
10.4582
8.55098
6.64466
4.73411
2.83655
0.945652
95.4348
96.5119
96.1424
94.5803
95.4407
96.4886
96.1402
96.4173
94.5244
97.1461
96.9329
96.4173
96.2236
97.1556
97.3989
97.3768
98.2117
98.2897
97.3701
102.2
98.2185
98.4969
101.007
99.608
99.5788
98.5019
100.961
99.4066
99.6284
100.291
98.9062
102.93
99.589
100.43
98.867
98.4061
99.1834
98.3464
99.1955
98.4051
99.2707
98.3459
98.1714
99.6544
98.1799
100.187
98.1701
99.6294
98.1394
97.7668
97.5753
96.3498
102.078
97.7626
97.6286
96.3487
95.8613
93.6693
95.0717
96.179
95.8555
93.7814
95.0774
95.1957
93.6859
94.8729
95.2809
95.1936
92.9539
94.879
95.4397
96.4465
96.145
94.4833
95.443
96.4631
96.1429
96.42
102.737
97.1487
96.8691
96.4149
98.9261
97.1495
97.3725
99.8868
98.2038
97.5803
97.3551
100.458
98.202
98.4481
100.98
99.3992
99.0225
98.4533
100.734
99.3856
99.5682
100.213
98.8261
101.913
99.6532
101.872
98.8513
98.3706
99.1994
98.3774
100.555
98.4062
97.6001
98.363
98.9624
100.24
98.1479
100.168
98.582
99.2792
98.138
97.7379
98.7673
96.3605
96.107
97.7351
97.2665
96.3571
95.8708
93.8133
95.0641
96.3036
95.8763
93.8848
95.0824
95.193
93.5135
94.879
95.178
95.1888
95.1666
94.882
95.4446
96.4663
96.1445
94.7135
95.4372
96.4679
96.1478
96.4138
99.5691
97.184
96.9127
96.4182
98.019
97.177
97.4209
100.602
98.2089
97.3559
97.363
100.771
98.2106
98.4773
100.729
99.3896
98.432
98.4688
100.306
99.4197
99.6647
104.154
98.84
101.987
99.6308
95.8667
98.861
98.3911
98.8917
98.3691
102.402
98.3906
101.984
98.3611
98.5225
99.1276
98.1578
100.582
98.472
102.034
98.1696
97.7216
97.2121
96.3731
95.5846
97.7655
97.1528
96.3634
95.8857
94.0036
95.0871
97.6928
95.8636
94.0418
95.0884
95.1886
95.6209
94.8836
99.3721
95.1875
96.1314
94.876
94.2238
96.8744
96.7393
94.4427
93.8856
96.618
97.0662
94.9616
95.0231
94.6791
94.7426
94.6338
94.9643
94.9661
94.1363
96.2474
94.5227
95.8178
94.1315
96.2645
94.5311
100.285
107.979
103.005
96.7339
98.2076
103.568
103.444
96.7886
96.3821
100.545
97.2564
96.3838
97.5712
96.7473
94.7311
97.1762
95.4721
96.4291
94.7391
97.1767
95.4745
104.522
104.643
99.5097
129.297
104.235
104.238
99.1116
96.5441
97.3948
95.3661
98.2773
97.3969
95.8744
96.5361
95.8258
98.052
97.3273
97.3655
95.7611
97.9963
97.3473
92.603
102.335
108.168
104.38
102.887
102.418
112.584
99.6591
98.763
100.548
100.825
98.7081
100.204
100.993
97.9758
99.1131
98.601
98.5621
98.0114
99.1152
98.6055
103.221
99.6901
108.565
98.1134
102.992
98.6622
106.431
101.581
100.622
111.42
102.834
100.631
111.474
101.349
98.6347
98.9419
98.3937
99.2676
98.6366
98.9324
98.3934
81.518
99.6038
101.358
98.4263
92.0591
100.968
99.1122
97.6663
97.7043
96.6485
98.4315
97.7176
96.336
97.6036
98.2589
98.2431
97.9197
98.4588
98.2575
98.2476
97.9214
105.591
95.6277
103.828
100.092
102.185
96.0068
103.475
99.6849
99.1241
101.174
100.183
98.9701
101.29
99.7721
97.8623
97.8419
97.3183
98.2794
97.8661
97.8399
97.3518
100.542
97.0704
98.9957
96.864
100.691
96.9271
100.643
97.8938
98.7855
98.5688
101.75
98.6167
98.5072
97.8651
96.7841
96.3611
95.0447
97.4276
96.8242
96.3436
94.921
97.1541
104.844
91.4384
99.016
94.1009
104.59
91.7448
95.8875
94.9039
96.045
97.7991
94.8945
89.2258
96.2005
94.771
95.3271
94.3024
96.0886
94.7595
95.3531
94.3114
98.3451
95.0322
94.7554
90.757
97.749
94.6996
95.7405
94.6606
94.993
95.9523
95.335
94.7741
95.9175
94.6569
94.1706
95.1956
94.2163
95.4169
94.1789
95.2287
94.2128
95.0489
96.7273
96.4227
95.2291
94.9948
96.5878
96.4908
94.9369
94.9589
94.7385
94.6669
94.9328
94.7706
94.9625
94.1283
96.2796
94.5295
95.82
94.1282
96.275
94.5312
98.0405
102.54
97.8657
96.734
98.0399
100.02
96.6005
96.7004
96.3744
97.1271
96.8137
96.6805
96.3946
97.1849
94.737
97.1759
95.471
96.444
94.737
97.1718
95.4711
114.457
103.908
100.333
103.728
101.188
108.412
98.2286
96.7592
97.3621
95.4721
98.1263
96.6729
97.3559
95.5554
95.7581
97.9866
97.3486
97.3391
95.7591
97.9825
97.351
101.976
135.503
101.667
104.511
102.803
99.4205
103.525
100.356
99.2102
101.043
98.5375
100.624
99.2889
101.328
98.0161
99.1209
98.6057
98.5692
98.0157
99.1374
98.6045
102.999
98.5343
106.13
100.497
103.249
103.418
102.46
100.812
100.544
121.331
102.241
100.874
100.483
121.039
98.6363
98.9358
98.3938
99.3316
98.6356
98.9388
98.392
105.911
99.954
99.4066
98.7806
93.6722
100.054
97.4558
97.5619
97.8418
96.4466
98.4729
97.5721
97.8267
96.5793
98.2613
98.2463
97.9211
98.4987
98.2585
98.2503
97.9215
102.418
96.7447
105.906
97.5924
99.5908
107.957
110.765
99.5731
98.9732
100.797
100.371
99.6475
99.1059
100.775
97.8658
97.8327
97.3582
98.287
97.8658
97.8344
97.3556
100.903
95.8005
98.1583
101.378
105.505
97.1595
100.695
97.84
98.7425
98.4317
102.419
97.844
98.6686
98.9178
96.8286
96.3768
94.9128
97.4153
96.8299
96.3607
94.9136
95.1515
105.045
90.9813
97.7599
94.9536
100.43
101.146
98.4283
94.9535
109.823
96.1538
96.3781
94.9585
102.468
94.7585
95.3564
94.3092
96.0868
94.7596
95.3578
94.309
98.8777
95.0605
96.7384
95.2494
98.4105
93.8325
97.8729
94.6056
94.8003
96.0859
95.1471
94.616
94.8066
96.2201
94.1769
95.2351
94.2109
95.4208
94.1774
95.2372
94.2108
94.573
96.65
96.4193
97.8339
98.5793
96.6639
96.4336
94.8727
94.9633
94.7045
94.4745
94.9022
94.7365
94.9693
94.1315
96.2681
94.5333
95.7895
94.136
96.2478
94.5227
98.3543
100.221
96.1049
96.7996
98.0866
101.023
96.3431
96.8743
96.395
97.2658
96.8818
96.8306
96.4177
97.3431
94.7384
97.1719
95.4746
96.4315
94.729
97.172
95.4726
100.14
108.969
98.894
102.463
102.353
107.413
100.57
96.9632
97.367
97.4329
97.087
96.9442
97.3716
98.0522
95.7619
97.9988
97.3471
97.3641
95.826
98.0432
97.3257
103.59
99.8287
96.4014
104.41
104.902
104.994
95.0986
98.5344
98.2817
100.704
102.246
98.5722
98.4263
100.713
98.0134
99.1221
98.6062
98.5586
97.976
99.111
98.6011
100.848
105.038
101.481
100.215
100.785
103.157
98.6783
101.013
100.381
90.662
101.46
100.248
100.403
98.7012
98.6366
98.9399
98.4
99.2739
98.6335
98.9588
98.3927
98.5701
100.048
96.1896
99.0288
97.5978
100.305
100.129
97.6222
97.8872
96.7529
95.9527
97.6033
97.9105
96.7783
98.2656
98.259
97.9217
98.4637
98.2592
98.2516
97.9208
99.5309
104.741
112.507
98.8118
99.5839
106.854
96.9408
99.5651
98.8074
100.078
100.44
99.5629
99.0303
100.082
97.8674
97.83
97.351
98.2995
97.8621
97.8343
97.3178
95.8282
97.0988
96.6012
101.968
94.7555
97.7027
99.9201
97.8235
98.5795
98.3647
95.4787
97.8827
98.5787
98.2413
96.8234
96.4021
94.9214
97.4212
96.7838
96.3803
95.0416
95.1684
97.4007
106.291
96.6199
100.471
100.566
92.7381
96.4938
95.0221
103.997
98.2543
96.4208
95.045
103.217
94.7606
95.3552
94.3117
96.0865
94.7712
95.3287
94.3026
98.3876
86.8217
98.2087
92.3678
98.9871
72.663
98.0785
95.2469
94.9107
96.0976
95.4267
94.6164
94.9404
96.7833
94.1798
95.2335
94.2127
95.3792
94.1703
95.1958
94.2163
95.1758
95.2657
95.41
95.442
95.4164
95.1765
95.2315
95.6517
95.5949
96.1627
96.5192
95.5738
96.1696
95.6518
95.7044
95.8257
96.1128
96.1402
95.8292
96.1141
95.705
94.9714
94.595
94.9812
94.6086
94.6027
94.9386
94.9771
95.1704
95.442
95.2333
95.4147
95.4186
95.1728
95.2593
95.6489
96.6213
95.5784
96.1666
95.5775
96.1649
95.6405
95.71
96.143
95.8275
96.1126
95.8293
96.1158
95.7047
96.6264
96.3237
96.7279
96.4155
96.3244
96.6692
96.6946
96.8
96.8008
97.36
95.4089
97.6724
97.2769
97.3436
96.8152
96.7809
97.1441
97.1491
96.7485
97.1388
96.7635
96.7938
97.0492
96.3611
97.1188
96.3664
97.0695
96.661
96.6223
96.4222
96.3308
96.6732
96.3257
96.668
96.6054
97.0096
97.3971
96.9833
97.1933
99.6225
97.1879
96.5261
96.9999
97.1825
96.7604
97.1531
96.7712
97.1429
96.5531
97.4485
97.3172
97.6366
97.3722
97.329
97.593
97.4417
98.18
102.437
98.3336
96.987
98.2704
98.3308
98.1011
98.239
98.1267
98.363
98.2149
98.0574
98.2945
98.224
96.5192
98.2616
97.377
95.1417
97.4059
95.2192
96.6051
97.4577
97.5231
97.3288
97.5654
97.3798
97.5846
97.4392
97.9735
96.9453
101.517
98.5192
98.5837
98.3352
97.966
98.2467
98.2779
97.9381
98.3131
97.9813
98.2985
98.2656
99.1381
98.5777
98.9973
98.4456
98.5249
98.9724
99.1251
99.9487
105.522
100.544
101.04
104.925
100.511
99.8729
99.4649
99.2003
99.7647
99.4094
99.1822
99.76
99.4718
99.9969
98.2369
99.6061
108.377
98.5886
100.017
99.9896
99.1246
98.4467
98.6758
98.9589
98.508
98.9593
99.1296
99.8732
101.005
105.008
100.471
104.826
100.501
99.8274
99.4653
99.4023
99.2033
99.7649
99.1765
99.7578
99.4717
100.269
100.004
99.5728
99.6195
99.9972
99.5472
100.291
101.638
102.752
99.3767
99.8765
102.771
99.3663
101.659
100.247
99.5955
99.1632
98.848
99.5461
99.1513
100.357
101.156
102.862
100.592
112.018
100.607
111.38
101.512
100.2
99.6499
99.9911
99.5419
100.015
99.5487
100.185
101.676
99.9142
103.114
99.3471
102.819
99.3526
101.615
100.247
98.8398
99.5731
99.1187
99.5393
99.1503
100.267
98.1309
98.3726
98.2015
98.3928
98.3602
98.2056
98.1197
98.0592
97.8955
98.507
99.1574
97.9485
98.4068
98.1269
98.0898
98.1614
98.5045
98.3456
98.1575
98.5092
98.1109
97.5695
98.6151
97.7409
96.4133
97.7293
96.3191
97.5861
98.125
98.3897
98.3609
98.1956
98.4031
98.2042
98.1039
97.9284
99.2326
97.4471
98.4279
99.1247
98.4573
97.8977
98.0702
98.3416
98.1571
98.4949
98.2113
98.5275
98.0832
98.8192
98.6168
98.5559
98.2627
98.5597
98.5574
98.8233
98.7555
98.8585
99.1579
99.6601
98.8543
99.1359
98.7824
98.226
98.1878
98.5622
98.1413
98.2074
98.5337
98.261
99.6301
100.59
99.0497
100.887
98.9947
100.882
99.6485
98.8095
98.1841
98.4716
98.556
98.4832
98.5499
98.8207
98.74
99.7041
98.8671
99.1238
98.8978
99.1261
98.7234
98.224
98.1444
98.1863
98.5386
98.203
98.539
98.2237
97.6829
98.1569
97.3546
97.7633
98.1577
97.3614
97.6717
97.1215
97.5049
96.2321
97.4906
97.4781
96.2278
97.1349
97.1533
96.8194
96.3835
96.3505
96.8235
96.3952
97.1616
97.8285
102.167
98.6421
98.4062
98.6199
98.4653
97.8257
97.6536
97.7671
98.1398
97.3554
98.1432
97.3625
97.6354
97.1205
97.8847
97.4254
96.2038
97.4208
96.2159
97.1125
97.1514
96.3763
96.8213
96.3823
96.8269
96.402
97.1381
95.6501
95.8324
95.6101
95.8609
95.8176
95.6132
95.9104
88.8174
90.6505
94.9935
93.6886
90.7139
94.41
92.7008
95.1284
95.588
95.0312
95.0723
95.4924
94.8731
95.7663
96.4734
95.7354
94.9321
112.216
94.9149
113.437
95.9383
95.6472
95.9163
95.8178
95.608
95.8207
95.625
95.6261
103.435
93.665
103.36
94.6556
90.5976
94.3745
95.6263
95.1675
95.0883
95.465
94.8588
95.4786
94.8562
95.1826
94.9798
95.3707
94.8619
95.1955
95.3633
94.8655
94.9934
95.2241
102.006
94.1745
93.2193
101.954
95.2307
94.1838
95.0629
95.2563
94.7335
94.8782
95.2629
95.0649
94.7177
94.6505
95.2824
94.8124
95.8157
94.906
95.8408
94.6305
94.9813
95.1951
95.3675
94.8646
95.366
94.8648
94.9795
95.2236
93.0921
102.161
94.2152
102.001
95.1161
94.1791
95.0398
94.88
95.2599
94.7194
95.2625
95.0058
94.7253
95.1569
95.2533
95.4143
95.441
95.1909
95.4145
95.2219
95.6399
95.6074
96.1625
96.4303
95.6368
95.6395
96.1636
95.7039
95.8266
96.1134
96.1416
95.7068
95.8262
96.1085
94.934
94.6247
94.9543
94.7377
94.7151
94.9237
94.957
95.1646
95.4421
95.1965
95.4156
95.4151
95.1692
95.2143
95.6428
96.444
95.5775
96.1698
95.6001
96.1741
95.6346
95.7025
96.1428
95.8257
96.1096
95.826
96.109
95.6969
96.5855
96.3383
96.692
96.4155
96.5963
96.3311
96.6901
96.4774
97.9692
97.2048
98.4697
96.5191
97.1658
97.2563
96.5531
96.7853
97.1669
97.1455
96.5506
96.7535
97.1723
96.7317
96.9538
96.3897
97.2377
96.3984
97.1976
96.8031
96.59
96.4149
96.3343
96.6948
96.3413
96.7046
96.6055
96.4784
100.555
97.1744
97.2425
97.4768
97.241
96.498
96.5514
97.1663
96.7582
97.1851
96.7908
97.2014
96.5452
97.4247
97.313
97.5648
97.3688
97.4381
97.3325
97.579
97.9117
99.7037
98.309
100.272
97.9484
99.5336
98.3122
98.3312
97.9585
98.3278
98.2057
98.3011
97.898
98.3462
96.9038
110.384
97.3703
97.9626
97.3653
97.8834
96.9191
97.4178
97.3531
97.2613
97.5677
97.2856
97.5644
97.4018
97.8883
100.354
99.1944
98.3746
99.6667
98.3661
97.7056
98.3437
98.1931
97.8822
98.3769
97.8941
98.3579
98.4977
99.13
98.5169
98.9208
98.4467
99.1309
98.5256
98.922
99.636
105.066
100.462
100.918
99.6106
105.058
100.442
99.4887
99.1761
99.782
99.3977
99.4791
99.2007
99.7449
100.274
98.6533
98.1119
100.745
100.217
100.871
101.876
99.1244
98.4499
98.5437
98.8802
98.5443
98.9069
99.1221
100.247
100.819
104.898
100.352
105.086
100.392
99.9244
99.5023
99.4038
99.1773
99.7308
99.1841
99.7442
99.5041
100.091
100.005
99.5161
99.6
100.153
99.976
99.5521
101.472
102.487
99.3449
99.9495
101.58
104.349
99.3419
100.293
99.5129
99.1167
98.8678
100.275
99.557
99.1268
100.572
102.112
100.383
104.86
100.41
105.247
100.521
100.055
99.6155
99.9772
99.5408
99.9834
99.5122
99.9872
101.873
100.196
104.616
99.3519
104.54
99.2682
101.826
100.307
98.8306
99.5597
99.1057
99.5533
99.1165
100.317
98.1126
98.364
98.1936
98.4006
98.1046
98.3719
98.191
97.8824
99.6675
98.3756
102.207
97.8889
99.7768
98.3823
98.0779
98.1735
98.4915
98.3671
98.0885
98.1491
98.486
97.5539
98.469
97.9105
96.7052
97.8613
97.0877
97.5776
98.1085
98.3716
98.382
98.1927
98.374
98.1925
98.1083
97.8917
102.152
97.5448
98.3744
97.5234
98.3849
97.952
98.0859
98.3752
98.1621
98.4879
98.1789
98.497
98.0911
98.8269
98.6434
98.5656
98.7159
98.8142
98.5461
98.5706
98.6162
99.0985
99.1165
101.455
98.6651
98.9967
99.0926
98.2225
98.2022
98.5052
98.1348
98.2206
98.1957
98.5044
99.5334
100.163
98.8211
100.413
98.8519
100.936
99.5175
98.8434
98.6614
98.5347
98.5569
98.6289
98.5613
98.8465
98.5582
99.7831
100.631
99.0201
100.873
99.0464
98.5221
98.2179
98.1592
98.2018
98.5015
98.2326
98.5028
98.2276
97.6438
98.1653
97.3552
97.728
97.6831
98.1302
97.3522
97.1144
97.342
96.1886
96.674
97.1133
97.2981
96.1849
97.1376
96.8244
96.3814
96.3507
97.1311
96.8236
96.3922
97.8389
107.035
98.5862
98.3139
98.951
98.8284
97.8058
97.6389
97.7444
98.0875
97.3584
98.1168
97.3513
97.6365
97.125
96.9388
97.32
96.1791
97.3056
96.1842
97.1314
97.137
96.3581
96.8264
96.398
96.8344
96.408
97.1263
95.5964
95.8293
95.6115
95.8526
95.607
95.8263
95.5809
96.1311
98.9587
94.8471
93.9761
95.6519
96.9374
94.621
95.1178
95.6911
94.864
95.0687
95.1086
95.1105
94.8632
96.8635
96.4641
95.0094
96.3539
94.9861
105.995
96.3594
95.6086
95.8586
95.8177
95.5773
95.8326
95.5771
95.6146
96.1924
93.782
96.7002
94.6343
96.7943
94.6377
96.2202
95.2077
95.0795
95.3534
94.9972
95.1976
94.9361
97.9819
94.9902
95.3677
94.8639
95.1906
94.9803
95.3678
94.8645
98.0535
102.594
94.2231
93.3141
95.7356
105.675
94.2328
95.0876
95.2585
94.72
94.8797
94.9686
95.2561
94.7176
94.6762
95.3805
94.8765
96.6958
94.8357
96.1403
94.6764
94.9819
95.1891
95.3735
94.8643
95.3707
94.8642
94.9758
95.803
103.03
93.2066
94.2228
92.7106
93.9826
94.2319
95.3841
94.8807
95.2429
94.7121
95.2497
95.0273
94.7191
95.1472
95.194
95.4163
95.4448
95.1686
95.416
95.1928
95.634
95.5647
96.1706
96.4544
95.6292
95.5682
96.1558
95.6961
95.8273
96.1072
96.1426
95.7126
95.8285
96.1079
94.8905
94.7012
95.0026
94.7818
94.797
94.9108
95.0215
95.156
95.446
95.1981
95.411
95.417
95.2047
95.2004
95.6516
96.4548
95.5839
96.1559
95.5745
96.1598
95.6428
95.6947
96.1443
95.8281
96.1146
95.8316
96.1101
95.704
96.6148
96.3394
96.7289
96.4113
96.602
96.3365
96.6809
96.5272
97.0201
97.257
98.0474
96.5508
97.0063
97.2612
96.5716
96.7801
97.1877
97.1455
96.5494
96.745
97.2
96.8893
96.8579
96.4251
97.3709
96.4261
97.3722
96.9271
96.6139
96.4137
96.3359
96.7181
96.3356
96.6837
96.6156
96.5349
98.2229
97.0927
97.262
96.9941
97.281
96.5361
96.5693
97.149
96.7871
97.209
96.7456
97.2047
96.5772
97.4178
97.2622
97.5738
97.3597
97.405
97.2732
97.5911
97.7468
98.2891
98.3622
100.584
97.7006
98.2014
98.3746
98.362
97.8857
98.3602
98.2056
98.3444
97.8957
98.3518
96.9757
97.6015
97.35
97.9227
97.3514
97.6295
96.9847
97.4251
97.3533
97.2848
97.5929
97.2777
97.59
97.5315
97.7165
100.857
99.0187
98.4346
99.9466
98.3739
97.7238
98.3556
98.2173
97.9384
98.359
97.9198
98.3551
98.3324
99.1341
98.5361
98.9198
98.4719
99.1271
98.5623
98.8762
99.5221
104.391
100.335
100.954
100.017
103.932
100.33
99.5679
99.2405
99.7387
99.3596
99.5
99.1765
99.7351
98.5483
98.5823
98.4831
102.504
98.4945
100.841
98.5623
99.1136
98.4804
98.5635
98.9587
98.5356
98.8958
99.1259
99.8654
100.428
103.777
100.485
103.922
100.338
99.7022
99.5115
99.3971
99.2368
99.7792
99.1765
99.8033
99.5086
99.9524
99.9664
99.5232
99.6452
99.9556
99.9709
99.5224
101.802
100.16
98.8509
100.918
101.804
115.619
101.279
100.313
99.5967
99.0952
98.8433
100.307
99.5983
99.0813
99.7353
105.062
100.627
85.4799
100.766
84.0782
99.8019
99.8647
99.622
99.9743
99.5277
99.9631
99.5158
99.9116
101.725
97.719
106.418
100.018
111.448
99.9475
101.825
100.345
98.8475
99.5908
99.0808
99.5776
99.0767
100.327
98.1207
98.3673
98.2054
98.3995
98.1196
98.3623
98.2066
98.0543
97.8514
98.5456
98.7892
97.8877
97.8688
98.4439
98.093
98.1876
98.481
98.3615
98.0901
98.1629
98.4784
97.643
99.0979
98.0245
97.4714
97.9297
96.7255
97.6803
98.1329
98.3892
98.3703
98.196
98.3591
98.1958
98.134
97.7888
104.228
97.9356
98.4024
97.8928
98.4082
97.8032
98.0885
98.3621
98.1789
98.4826
98.1664
98.4841
98.1041
98.8628
98.521
98.5899
98.2308
98.8549
98.5242
98.5878
98.5566
101.416
99.0074
99.1244
98.5144
101.926
98.948
98.1832
98.1879
98.4946
98.1368
98.1929
98.1773
98.4917
99.529
101.638
99.191
100.885
99.0288
101.415
99.5447
98.8709
98.7323
98.6165
98.5963
98.5001
98.5907
98.8648
98.9989
99.0111
103.094
99.0833
101.714
99.2773
98.8292
98.2618
98.143
98.1961
98.4969
98.1825
98.4967
98.2331
97.6286
98.1036
97.3769
97.713
97.6432
98.0796
97.3587
97.1419
97.3315
96.1835
97.167
97.1398
97.339
96.2141
97.1404
96.8298
96.3984
96.3492
97.1355
96.8293
96.4166
97.858
95.559
98.5828
98.3028
98.6079
98.2899
97.8455
97.6377
97.7632
98.0712
97.361
98.0749
97.3658
97.6496
97.1409
97.1428
97.361
96.2175
97.3526
96.2106
97.1393
97.1618
96.3509
96.8291
96.4186
96.8309
96.415
97.1555
95.6497
95.8212
95.5918
95.8672
95.5913
95.8148
95.5742
96.2539
96.7789
94.6288
94.0388
96.2223
97.0988
94.6576
95.5572
95.3546
94.9514
95.0849
95.6848
95.357
94.9595
96.7139
95.8997
95.073
92.403
95.0626
89.244
97.4917
95.6166
95.8625
95.8407
95.5804
95.8144
95.5982
95.6884
96.3036
94.0613
98.5714
94.8467
97.305
94.6724
96.3994
95.5753
95.0872
95.3637
94.9252
95.3595
94.925
95.5763
94.971
95.3744
94.8648
95.1886
94.9778
95.3754
94.8671
93.7932
93.2322
94.2373
96.978
93.7594
93.4986
94.3657
95.0237
95.2412
94.7153
94.884
95.026
95.239
94.7277
95.5402
101.797
94.9614
101.183
94.958
96.9101
95.1957
94.9799
95.1889
95.3934
94.8669
95.3773
94.8689
94.9701
93.7655
96.4523
94.9276
94.7532
96.5595
93.7981
94.3821
95.0198
94.8839
95.2337
94.6985
95.2383
95.0598
94.7286
97.9552
98.0298
97.9596
98.3036
98.2156
98.3049
98.2167
98.0494
97.9674
97.9936
98.3084
98.1965
98.255
98.2991
98.2346
98.054
98.0447
98.3013
98.1912
98.1786
98.3
98.0727
97.9546
97.9542
98.3042
98.2205
98.1839
98.304
97.9719
98.0383
97.9706
98.2856
98.1991
98.2933
98.1734
98.0357
98.0149
97.9682
98.289
98.199
98.1699
98.2943
96.397
96.8061
96.8539
97.075
96.6855
96.6847
97.0813
96.8215
96.3449
96.7982
97.0819
96.6863
97.0828
96.6863
96.372
96.7998
96.8171
97.0819
96.6854
96.6866
97.0797
96.8281
96.3543
96.7954
97.0742
96.6845
97.0791
96.6832
96.8144
96.3531
96.8096
97.0725
96.6738
96.6832
97.0663
96.3576
96.823
96.7998
97.0737
96.6717
96.6821
97.0659
97.6859
97.3542
97.696
97.917
97.6772
97.9204
97.6762
97.6854
97.368
97.7191
97.8976
97.672
97.9053
97.6697
97.3386
97.7352
97.6911
97.9158
97.6765
97.6765
97.9172
97.313
97.6998
97.6817
97.9139
97.6737
97.6751
97.9077
97.6995
97.339
97.6932
97.9155
97.6652
97.6757
97.9074
97.3344
97.7538
97.6982
97.8961
97.6598
97.6695
97.8873
94.3146
89.8357
205.407
84.9576
158.157
86.7898
146.38
96.0748
96.0286
97.591
72.8361
97.0187
103.315
98.3121
97.6239
99.4026
147.506
100.766
98.2804
102.523
96.4185
104.521
101.141
98.5535
93.4118
101.061
92.5622
98.5282
97.4617
95.2309
103.835
99.5619
99.0185
95.9037
103.359
93.8196
97.5535
93.7422
97.936
93.8198
97.5533
93.7423
98.2284
98.3768
98.1184
98.2569
98.2088
98.3659
98.1227
98.242
98.2588
98.2597
98.1221
98.3745
98.1198
98.1217
93.8113
97.5245
93.7492
97.9189
93.8211
97.5528
93.7457
93.8214
97.5495
93.7452
97.9049
93.8107
97.5238
93.7486
98.1501
98.2605
98.3857
98.1186
98.2966
98.1187
98.2823
98.1286
98.2657
98.1244
98.2585
98.1299
98.2504
98.1201
94.0223
98.0665
93.8483
98.1325
94.0221
98.0602
93.8481
98.6595
98.5167
98.512
98.3929
98.6902
98.5176
98.5868
98.6728
98.3911
98.5178
98.4817
98.5189
98.6048
98.6428
94.0247
98.0739
93.8492
98.1011
94.0296
98.0363
93.8404
98.5945
98.5199
98.4932
98.3919
98.672
98.5159
98.4703
94.0302
98.0388
93.8411
98.1312
94.0256
98.0511
93.8495
98.6287
98.396
98.5161
98.5233
98.5165
98.4999
98.7259
98.1521
98.3151
98.12
98.2603
98.2857
98.1214
98.2554
98.1361
98.2605
98.2791
98.122
98.2494
98.123
98.2195
98.5991
98.3933
98.5165
98.4782
98.5175
98.4604
98.7034
98.6331
98.5156
98.5174
98.3946
98.5179
98.4936
98.7277
95.8293
96.0882
95.8307
95.9546
96.2306
95.9599
96.2311
96.0871
95.8309
95.832
95.9558
96.2293
96.2298
95.9595
95.8299
96.1006
95.8302
95.9444
96.2215
95.9528
96.2114
96.0773
95.8272
95.8264
95.9468
96.2259
96.2212
95.9541
96.0869
95.8249
95.8292
95.9298
96.2182
96.2069
95.9022
95.8215
96.0756
95.8266
95.9335
96.2278
96.2216
95.907
97.1727
96.7761
96.7757
96.9086
97.2829
97.2843
96.9082
96.7754
97.1722
96.7755
96.909
97.2851
96.9086
97.2834
98.0806
98.0127
97.9919
97.9201
98.0808
98.0148
97.9956
96.7762
97.1728
96.777
96.8989
97.2802
96.9037
97.274
98.0784
97.9243
98.013
98.0029
98.0152
97.9701
98.0889
98.0704
97.9202
98.0132
98.0001
98.0133
98.0171
98.0247
98.0131
98.0133
98.012
97.9237
98.0635
98.0138
97.9669
98.1049
98.0127
97.9881
97.9262
98.016
97.9678
98.1183
98.7452
98.7306
98.598
98.6348
98.7385
98.7185
98.5991
98.7327
98.6344
98.7016
98.5983
98.726
98.5983
98.6521
97.1734
96.7731
96.7782
96.8908
97.2483
97.2652
96.8788
98.0621
97.9275
98.0117
97.988
98.0154
97.9656
98.106
96.7748
97.1782
96.7795
96.8951
97.2531
97.2694
96.8815
97.1768
96.7761
96.7771
96.9028
97.2841
97.2793
96.9062
98.6853
98.6384
98.738
98.5975
98.6584
98.5992
98.7852
98.6524
98.7233
98.5994
98.6377
98.7204
98.6502
98.5984
98.7013
98.6832
98.598
98.6409
98.6559
98.603
98.808
98.6826
98.6398
98.673
98.5974
98.6449
98.6012
98.7974
93.7619
97.8416
93.7026
96.2297
93.7622
97.8425
93.7032
98.6134
98.5691
98.6814
98.6044
98.5808
98.5695
98.6368
98.6365
98.6036
98.5669
98.5975
98.5678
98.6594
98.5443
93.7635
97.8395
93.7069
96.3616
93.7546
97.8182
93.6995
98.59
98.5662
98.6005
98.6078
98.5441
98.5647
98.6231
93.7531
97.8177
93.6984
96.242
93.7623
97.8382
93.7058
98.5229
98.6073
98.5685
98.6873
98.5669
98.6034
98.6165
93.5104
95.6239
93.5262
97.242
93.5106
95.6239
93.5261
97.7921
97.865
97.8682
97.7689
97.8806
97.7703
97.7979
93.506
95.7652
93.5168
97.2372
93.5135
95.642
93.5272
97.7881
97.8677
97.8668
97.7688
97.8784
97.7684
97.8029
97.7777
97.8688
97.7699
97.865
97.7906
97.8757
97.7704
93.513
95.6357
93.5264
97.2129
93.5048
95.7652
93.5158
98.5307
98.5551
98.6197
98.6101
98.5652
98.6052
98.595
98.6042
98.61
98.5526
98.6278
98.5623
98.6107
98.6058
97.8242
97.8716
97.7697
97.8688
97.7972
97.8753
97.7691
97.8259
97.8709
97.7552
97.8704
97.8695
97.7658
97.8191
97.8522
97.8707
97.8818
97.7555
97.8783
97.7655
97.8284
103.579
114.486
107.065
99.1381
99.0204
104.322
104.461
98.363
98.0139
98.315
98.2979
98.3141
98.3024
98.3638
97.7074
97.5601
97.5632
97.3539
97.7076
97.5636
97.5627
97.7066
97.3534
97.5583
97.5639
97.5612
97.5633
97.7032
98.3656
98.3151
98.2944
98.0073
98.365
98.3166
98.292
97.7042
97.3444
97.5506
97.5647
97.5444
97.5644
97.7074
98.3633
98.3147
98.3021
98.0143
98.3643
98.3141
98.3042
97.7052
97.555
97.5645
97.345
97.7052
97.5499
97.5648
98.3695
97.9967
98.3143
98.2814
98.3185
98.2808
98.3707
98.363
98.0059
98.3157
98.2959
98.317
98.2877
98.3653
97.7064
97.5514
97.5636
97.345
97.5387
97.5667
97.7115
97.7081
97.3446
97.5512
97.5645
97.5413
97.5677
97.713
98.3671
98.3142
98.2808
97.9971
98.3187
98.2783
98.3704
101.65
106.437
102.69
123.876
81.9936
117.305
115.499
90.2916
113.85
83.3627
113.392
51.4656
120.799
82.6079
97.87
112.305
101.152
78.8892
98.9071
111.991
103.19
98.2506
109.396
101.679
113.603
105.231
110.22
99.0768
95.345
95.6143
95.6229
95.5922
95.3023
95.2729
95.5843
95.3591
95.618
95.6146
95.6044
95.2234
95.221
95.6035
95.6098
95.3583
95.6119
95.6055
95.2259
95.6076
95.2224
95.6211
95.3512
95.6229
95.5972
95.2314
95.602
95.2482
95.3501
95.6122
95.614
95.6161
95.2356
95.2524
95.6156
95.6065
95.3438
95.6156
95.6105
95.3027
95.276
95.6011
102.018
108.506
96.9081
102.953
107.5
94.3395
114.734
104.244
121.816
100.15
96.6186
103.613
124.235
102.479
92.9687
95.5924
93.3242
94.7681
92.9688
95.594
93.3246
98.0177
96.9582
98.0838
97.3508
98.0206
96.9572
98.0835
98.0173
97.352
96.9603
98.084
96.9651
98.0837
98.0165
92.9601
95.6974
93.3144
94.7691
92.969
95.5977
93.3248
98.0163
97.3446
96.969
98.0839
96.9883
98.0851
98.0206
92.9699
95.5982
93.3257
94.7734
92.9609
95.6982
93.3153
98.0054
96.9726
98.0851
97.3451
98.0119
96.986
98.0857
98.0162
97.0557
98.0785
97.336
97.009
98.0865
98.0035
98.0006
97.3379
97.0886
98.0796
97.0132
98.0876
98.0205
93.1565
94.1491
92.8195
95.0225
93.1568
94.1499
92.8196
97.3361
97.4574
96.29
96.8305
97.3355
97.4572
96.2906
97.3368
96.8311
97.4574
96.2865
97.4572
96.293
97.3317
93.1458
94.1582
92.8086
95.0285
93.1564
94.1525
92.8198
93.1569
94.1524
92.8197
95.1548
93.1459
94.1599
92.8087
97.3283
96.8174
97.4591
96.2873
97.4611
96.2831
97.3326
97.3224
97.4581
96.2879
96.816
97.3289
97.4595
96.2772
97.3223
97.4555
96.3856
96.8037
97.4618
96.297
97.3343
97.3181
96.8024
97.4542
96.389
97.4607
96.2945
97.3344
96.4445
96.7072
96.7085
96.7174
96.5509
96.5505
96.7202
96.7077
96.4411
96.7082
96.7186
96.5576
96.723
96.5509
96.7052
96.4285
96.7033
96.7432
96.5662
96.7275
96.5838
96.4219
96.7069
96.7044
96.745
96.5678
96.5784
96.7296
96.4169
96.6897
96.7001
96.7607
96.7102
96.6061
96.7794
96.689
96.4122
96.7002
96.7623
96.6964
96.5971
96.7814
136.327
86.5615
127.724
90.1818
131.962
86.2507
92.3702
95.0395
95.4212
95.0439
95.1226
95.2827
95.1258
95.2772
95.4116
95.0334
95.0276
95.145
95.295
95.3152
95.1333
94.9917
95.3993
95.0122
95.1666
95.4028
95.3484
95.2184
95.036
95.4111
95.0227
95.1405
95.2902
95.1357
95.3106
95.4216
95.0402
95.0441
95.1263
95.2781
95.2761
95.1275
95.3985
94.9911
95.0066
95.1661
95.4058
95.3455
95.223
101.339
95.9601
102.003
108.522
101.695
94.3612
102.627
105.346
99.7408
108.901
102.014
109.356
101.935
105.19
106.88
160.285
140.516
108.229
106.095
104.464
107.998
39.6059
113.068
113.735
118.668
51.601
126.377
112.332
97.4511
95.7584
97.0162
96.1723
97.0133
96.1673
97.4495
96.8321
94.9295
95.491
96.3239
95.507
96.3137
96.8382
97.4503
97.0172
96.1761
95.7586
97.4463
97.0136
96.1687
96.8531
95.4747
96.3265
94.913
96.8448
95.4634
96.3273
96.8502
94.9125
95.4685
96.3258
95.4634
96.3272
96.8516
96.8324
95.4849
96.3213
94.9273
96.8425
95.5075
96.3157
97.4371
95.7666
97.0199
96.1847
97.0234
96.1961
97.4424
97.4407
97.0196
96.1826
95.7677
97.4454
97.0209
96.1943
96.8179
95.6252
96.2784
94.9536
95.5439
96.2985
96.8014
96.8179
94.9517
95.6234
96.2776
95.5448
96.3014
96.7994
97.4269
97.0247
96.3108
95.7829
97.0247
96.2276
97.4155
97.4325
95.7837
97.0251
96.303
97.0222
96.2274
97.4126
96.1384
96.2755
96.1383
95.7227
96.1328
95.7246
96.1176
96.2773
96.1337
96.1379
95.7246
96.118
96.1141
95.7263
96.2596
96.1327
96.127
95.747
96.1352
96.1372
95.7327
96.1294
96.2657
96.1204
95.7425
96.1226
95.7356
96.1351
96.2601
96.0964
96.1102
95.7724
96.2642
96.1704
95.8603
96.0974
96.2472
96.11
95.7718
96.2667
96.161
95.8642
95.4275
95.2384
95.4297
95.2796
95.0076
95.2816
95.0036
95.2388
95.4269
95.4297
95.2812
95.0013
95.2822
95.0045
95.3851
95.2105
95.4025
95.3201
95.0814
95.3821
95.037
95.4264
95.2265
95.4179
95.2868
95.0097
95.2891
95.0104
95.2239
95.4219
95.4194
95.2982
95.0116
95.2903
95.0197
95.2141
95.3852
95.4055
95.3183
95.0783
95.377
95.0351
108.172
92.258
92.4811
101.429
120.375
119.435
101.43
95.7871
95.8222
95.7886
95.3575
95.198
95.3604
95.1995
97.8154
97.9356
97.8238
96.0714
96.2866
96.0535
96.2629
95.8156
95.7826
95.7862
95.3781
95.2068
95.3701
95.2155
97.9534
97.8275
97.8235
96.0513
96.271
96.2601
96.0563
97.822
97.9146
97.802
96.3113
96.0865
96.0586
96.2559
97.9168
97.8111
97.8041
96.2663
96.0601
96.0634
96.2674
98.1724
98.072
98.1692
96.3749
96.3601
96.3513
96.3332
98.0679
98.1676
98.1712
96.3794
96.3634
96.354
96.3406
95.7829
95.8105
95.7766
95.3714
95.2048
95.3681
95.2083
95.8226
95.7871
95.7889
95.3572
95.2007
95.3581
95.1985
98.1654
98.04
98.1507
96.4016
96.3635
96.3627
96.3385
98.0493
98.1671
98.1595
96.3905
96.3676
96.3461
96.351
95.8016
95.7548
95.7678
95.3997
95.291
95.4565
95.2361
95.7555
95.803
95.7663
95.3945
95.2939
95.4674
95.2352
97.7942
97.9129
97.7925
96.0844
96.3661
96.2793
96.178
97.9175
97.7938
97.7906
96.0794
96.3629
96.2796
96.1778
98.041
98.1384
98.1461
96.4689
96.3802
96.3666
96.4544
98.1375
98.0372
98.149
96.4807
96.3761
96.3777
96.4566
97.682
97.5577
97.6821
95.7312
95.4131
95.7135
95.4158
97.5559
97.6814
97.6807
95.7221
95.4201
95.4101
95.7175
97.546
97.6781
97.6728
95.4221
95.726
95.7303
95.4259
97.6762
97.5459
97.672
95.4165
95.7288
95.7255
95.4216
98.1741
98.1368
98.1724
96.1222
95.8946
96.11
95.8906
99.489
100.494
104.832
98.167
104.724
98.0652
99.3286
98.1349
98.1711
98.1715
96.1197
95.8951
95.891
96.1155
98.1644
98.1249
98.1576
95.9038
96.133
96.1267
95.9027
98.1242
98.1689
98.1627
95.9013
96.1239
96.1349
95.9079
97.6494
97.5343
97.6616
95.7598
95.5218
95.4539
95.8242
97.5361
97.6474
97.6606
95.7593
95.5121
95.4518
95.8206
98.1411
98.1161
98.1517
96.164
95.99
95.9341
96.2215
98.1168
98.1404
98.1473
96.1549
95.9879
95.9309
96.2212
124.088
100.746
95.9458
101.644
117.038
101.194
96.8494
96.0518
100.868
99.1861
98.6869
95.3707
100.367
99.1017
81.2639
207.174
106.544
93.7714
78.4454
168.384
112.902
97.3763
97.8429
97.3736
95.484
95.488
95.2821
95.2815
97.8431
97.3791
97.3749
95.4867
95.483
95.28
95.2801
97.3821
97.8359
97.3882
95.4883
95.4891
95.2843
95.282
97.8338
97.3817
97.3888
95.4887
95.4871
95.2817
95.28
97.2424
96.7385
96.7351
95.0262
95.0273
94.8801
94.8794
96.7373
97.2428
96.7338
95.0292
95.0295
94.8823
94.8824
97.8279
97.397
97.3941
95.5834
95.5173
95.2979
95.3183
97.3964
97.8272
97.3934
95.5838
95.5159
95.2968
95.3173
97.2312
96.7423
96.7488
95.0333
95.0324
94.8866
94.8858
96.7402
97.2307
96.7494
95.032
95.0303
94.8843
94.883
96.771
97.2234
96.7593
95.1337
95.0587
94.8981
94.9129
97.2227
96.7688
96.7597
95.1302
95.0568
94.8958
94.9109
92.5752
93.3845
92.3216
93.7073
92.5761
93.3848
92.3218
95.0058
95.6575
94.5015
94.7585
95.0083
95.6561
94.5
95.0062
94.7588
95.6565
94.5006
95.6547
94.4993
95.0075
92.564
93.3865
92.3105
93.7032
92.5751
93.3843
92.3224
92.5759
93.3841
92.3223
93.7055
92.5639
93.3865
92.3105
95.0414
94.7595
95.6671
94.5045
95.669
94.5045
95.0234
95.0426
95.6635
94.504
94.7572
95.0229
95.6731
94.5037
95.0784
95.7738
94.4996
94.7715
95.6873
94.5099
95.1454
95.0791
94.7692
95.774
94.4989
95.6849
94.5088
95.149
137.889
107.007
139.955
105.411
104.775
104.892
106.617
114.637
108.907
89.3269
99.0798
113.004
108.896
86.1101
107.179
101.899
96.0961
106.993
105.556
103.189
99.815
113.554
97.6364
115.371
103.695
100.036
107.199
99.1283
92.5629
93.9951
92.8249
93.6249
92.5627
93.9944
92.8252
95.9604
95.0828
96.6203
95.4698
95.9611
95.0821
96.6169
95.9605
95.4698
95.0834
96.6201
95.0822
96.6186
95.9616
103.614
100.336
136.866
101.1
99.1512
99.5995
132.599
92.5537
93.9995
92.8132
93.626
92.5629
93.9961
92.8252
92.5627
93.9958
92.8252
93.6257
92.5533
93.9991
92.8128
95.9823
95.4732
95.0867
96.6303
95.0876
96.6495
95.9688
95.9822
95.0873
96.6321
95.4745
95.971
95.0882
96.6485
96.0153
95.0831
96.7527
95.4796
95.0924
96.6795
96.1068
96.0145
95.481
95.0844
96.7542
95.0935
96.6807
96.1082
96.8308
96.2285
96.8265
95.1185
94.8518
95.1178
94.8506
96.2294
96.8393
96.8273
95.1176
94.8513
94.8502
95.1146
96.8463
96.2556
96.8562
94.8564
95.1201
95.1209
94.8569
96.2529
96.8448
96.8559
94.8555
95.1202
95.1171
94.8555
96.9602
96.284
96.8823
95.1232
94.8503
94.861
95.1192
96.2873
96.966
96.8886
95.1245
94.8514
94.862
95.1193
95.6278
96.3234
96.3237
94.688
94.4902
94.4877
94.687
96.3302
95.6264
96.3192
94.6904
94.4919
94.6887
94.49
95.6475
96.3331
96.3328
94.4934
94.6901
94.6894
94.4928
96.3261
95.6437
96.3329
94.4928
94.6922
94.6905
94.4932
96.444
95.6807
96.3534
94.6996
94.4955
94.5038
94.6989
95.682
96.4397
96.3527
94.6986
94.4922
94.5012
94.6972
97.2435
96.9659
97.1095
108.696
106.542
96.4739
107.061
99.2859
99.2215
99.9353
99.7794
101.917
100.139
99.5887
107.016
99.9801
101.561
101.081
101.593
100.648
136.158
115.519
101.199
97.3641
101.438
112.299
102.371
96.5993
98.0555
99.169
99.0207
99.7467
98.0829
99.3173
99.8519
99.0165
101.578
97.93
101.671
99.7213
104.3
99.5612
109.584
102.629
80.1272
100.208
121.691
100.777
114.81
98.4507
99.2698
124.095
102.66
121.756
133.616
101.589
98.8894
83.3805
82.3179
99.9403
113.604
114.815
100.464
96.252
97.5811
97.4891
97.5938
111.577
109.86
99.4801
94.6765
94.2649
94.6372
94.3097
94.6795
94.2656
94.6352
94.6723
94.3098
94.2672
94.6375
94.2662
94.635
94.672
94.6872
94.3098
94.2686
94.6396
94.269
94.6415
94.683
94.6917
94.2714
94.6402
94.31
94.6794
94.2721
94.6405
94.7149
94.265
94.6486
94.3126
94.2743
94.6436
94.8013
94.7188
94.3128
94.2661
94.6498
94.2763
94.643
94.7903
95.9759
97.6623
100.855
96.9402
108.988
108.877
97.1072
99.9423
101.946
99.0775
103.621
98.7383
102.073
97.8752
98.0088
96.3861
102.24
109.258
95.9329
101.394
111.373
94.7881
95.0249
94.7856
94.2192
94.2186
94.1573
94.1574
95.0244
94.7881
94.7859
94.2183
94.2181
94.1568
94.1562
94.7914
95.0345
94.7973
94.2225
94.224
94.1592
94.1585
95.0329
94.7915
94.7957
94.2239
94.225
94.1606
94.1598
94.816
95.0596
94.8045
94.2215
94.2318
94.1649
94.1543
95.0609
94.8167
94.806
94.2217
94.2318
94.1646
94.1543
95.4287
95.5938
95.4246
94.5514
94.5504
94.5641
94.5636
95.5955
95.4292
95.4255
94.5504
94.5483
94.5613
94.5603
95.605
95.4306
95.4316
94.5539
94.5531
94.5638
94.5615
95.4294
95.6039
95.4275
94.5547
94.5554
94.5646
94.563
95.4395
95.6275
95.437
94.5512
94.5605
94.5669
94.5573
95.6274
95.4441
95.432
94.552
94.5615
94.5673
94.5571
99.4052
103.102
98.9197
101.097
98.6069
106.278
98.8136
105.435
109.846
101.993
99.6735
110.316
101.948
106.777
98.0597
97.1321
97.7222
97.521
108.596
97.5013
108.861
99.6224
104.571
98.276
98.8821
104.577
98.4853
102.172
93.2917
84.381
92.1682
101.361
119.214
118.944
103.996
95.757
95.3203
95.0006
94.7381
95.7589
95.318
95.0008
95.7572
94.738
95.3219
95
95.318
95.0003
95.7589
95.7633
95.3214
95.0022
94.7365
95.7607
95.3176
95.0007
95.766
94.7371
95.3209
95.0034
95.3215
95.002
95.7632
100.879
108.815
103.373
134.912
109
86.4135
113.01
95.7718
94.7392
95.3371
94.9927
95.3231
95.0037
95.7917
95.7726
95.3397
94.9947
94.7407
95.3293
95.0056
95.7928
101.853
106.722
98.2246
117.783
100.666
93.7448
99.0278
79.6034
183.981
88.4246
114.339
73.9131
89.3833
85.7044
91.7717
115.917
91.2235
100.812
124.439
100.848
128.682
128.435
105.537
136.777
119.468
103.343
119.996
102.385
110.48
92.0759
116.041
103.804
109.118
95.1671
119.843
99.5709
103.093
96.7972
97.4389
100.295
115.813
124.494
108.781
100.543
125.59
101.413
97.4504
98.3674
127.71
97.5951
116.92
109.091
106.154
94.9688
109.14
110.762
105.976
136.257
79.3285
115.667
94.9001
95.1263
115.655
65.0752
104.319
68.6033
113.38
95.1837
94.7577
113.518
91.5443
92.0656
100.137
113.715
95.5368
102.609
99.6094
102.329
107.895
103.362
111.17
108.834
102.348
109.945
100.375
101.574
102.942
96.3137
100.564
94.1117
102.707
113.42
104.084
102.01
107.664
101.09
105.996
109.024
92.1996
93.1504
92.0305
93.2015
92.2004
93.1531
92.0279
94.3952
94.4959
94.162
94.1777
94.3983
94.4941
94.163
94.3945
94.1779
94.4976
94.1613
94.4949
94.1626
94.3956
92.1884
93.1538
92.0191
93.2024
92.1995
93.153
92.0288
92.2003
93.154
92.0282
93.2045
92.1887
93.1539
92.0194
94.4016
94.1773
94.4976
94.1641
94.4987
94.1616
94.4007
94.4002
94.4992
94.1632
94.1778
94.3972
94.5002
94.1607
94.4042
94.5046
94.1532
94.1805
94.5014
94.1643
94.4066
94.4041
94.1805
94.5044
94.1526
94.5018
94.1635
94.4062
101.322
101.648
102.684
107.912
103.89
102.044
101.994
104.707
100.519
108.55
78.3466
104.685
101.186
108.707
107.17
87.3858
114.669
94.2372
108.26
85.1173
118.837
105.021
100.855
108.127
92.2125
104.764
99.9817
112.847
107.471
13.3668
112.031
90.7248
107.328
117.117
111.514
103.189
115.016
115.1
101.772
101.798
102.895
101.628
99.0794
104.306
98.8002
113.904
98.0367
102.666
98.8868
115.104
103.174
115.026
102.183
102.882
102.552
102.584
78.6909
81.7824
82.7546
87.4165
89.011
86.8265
93.5529
148.786
102.907
108.889
124.684
136.245
107.096
114.95
139.531
169.344
88.2527
85.1094
140.179
131.225
161.348
104.317
95.6424
79.941
98.5199
100.001
95.6247
80.7935
95.2739
97.1532
95.5346
120.789
85.8604
121.712
88.2165
110.019
108.136
108.305
108.329
109.533
109.627
110.386
110.445
107.97
105.614
110.669
114.454
108.317
117.788
108.87
124.909
126.722
157.946
134.397
107.749
112.746
93.3735
94.4518
94.9729
134.301
87.1363
88.7119
118.756
110.219
103.232
140.777
103.269
107.806
103.081
119.29
98.9621
113.047
110.407
140.911
111.641
111.112
146.777
107.862
104.388
96.7939
101.703
164.719
72.8293
101.874
125.923
98.9905
104.379
137.173
117.708
111.619
135.841
81.1671
95.3042
136.624
113.445
88.7839
95.7411
249.008
93.5517
83.1951
100.553
158.147
117.529
84.8802
95.1871
78.8071
80.6207
104.809
143.403
154.854
102.239
88.9578
71.9144
125.598
97.0775
96.0646
91.9483
112.398
137.058
90.9084
127.778
105.177
101.765
146.632
136.659
113.852
99.2036
100.604
103.156
108.197
100.558
106.146
107.044
102.501
132.757
104.231
98.335
102.586
106.946
102.129
94.3706
106.107
120.985
90.0926
94.4495
107.994
120.399
96.5473
90.4577
96.2251
101.767
72.0908
70.828
101.987
115.722
107.819
97.1261
97.0972
93.8299
108.247
100.441
102.946
97.2471
106.225
97.8968
106.601
102.396
104.794
123.514
90.9374
139.691
123.179
108.069
119.322
113.301
124.419
99.424
121.15
101.889
102.919
99.7464
91.5817
106.553
101.791
105.193
122.271
110.528
115.397
104.424
97.3607
106.298
102.129
99.1239
98.388
106.345
102.676
107.416
105.826
104.138
102.751
122.855
105.432
104.286
101.256
106.01
97.9861
97.1477
102.684
106.005
98.639
106.532
75.5638
87.9174
91.0587
90.2244
49.3627
84.3837
98.5829
98.4423
99.7214
98.0246
97.8897
98.4144
111.421
90.8689
166.056
81.5963
79.761
93.0902
250.23
78.2347
106.731
99.8889
101.23
119.887
100.057
102.818
100.542
99.8727
97.6058
97.7638
108.297
98.5974
106.062
100.054
90.5184
99.7309
105.727
82.5998
91.3081
94.1558
89.6399
96.9895
99.0294
94.7105
97.1356
106.435
101.046
102.637
97.1905
100.838
121.33
104.847
99.0982
95.9959
99.0347
131.447
98.8424
122.894
116.051
122.185
125.119
128.372
102.491
93.3999
106.503
97.3496
103.994
98.4142
111.888
89.6353
91.738
90.0957
138.113
101.328
118.863
99.2557
105.881
100.264
105.851
95.9999
94.4603
97.6261
96.364
86.282
92.9645
92.3342
103.011
99.6657
99.4488
105.146
96.4673
98.7478
94.0276
102.976
95.4225
115.497
85.6303
104.047
108.931
101.384
98.5049
104.365
109.479
100.973
171.017
301.569
161.804
262.892
120.555
101.295
125.236
99.6443
104.526
98.0789
96.2251
99.0817
104.864
98.2743
103.831
106.206
140.229
106.854
101.505
101.599
106.175
97.6748
101.514
109.643
110.965
149.946
129.997
89.2219
101.176
98.0824
108.964
100.498
106.335
99.3032
108.633
103.782
106.739
111.866
100.646
111.116
101.408
103.806
94.507
94.1484
94.5078
93.9317
93.675
93.9314
93.6758
94.1501
94.5102
94.5094
93.93
93.6743
93.674
93.9291
94.157
94.5093
94.5145
93.6759
93.9322
93.9286
93.6723
94.51
94.156
94.5114
93.676
93.9328
93.9311
93.6736
94.4688
98.9911
99.4311
100.594
106.872
107.859
105.349
92.4134
111.819
98.0451
92.541
101.689
102.285
113.981
101.987
97.6222
99.2044
99.0888
102.136
97.7959
100.046
107.22
98.768
106.12
89.5282
111.235
158.891
109.179
104.76
99.8482
109.574
105.971
101.631
94.4278
107.939
101.883
99.3571
111.206
103.981
103.44
100.354
111.341
105.446
111.837
100.74
102.613
103.771
111.854
102.32
94.5177
94.1584
94.5166
93.9339
93.6702
93.679
93.9253
94.1598
94.5175
94.5152
93.9349
93.6687
93.6778
93.9255
162.166
135.753
119.199
120.279
104.367
98.0262
119.263
104.762
101.167
94.2625
110.305
99.4149
106.105
98.3263
146.332
78.1911
155.402
84.1076
99.5342
89.7029
98.7772
102.188
101.682
100.75
100.301
101.371
101.245
101.271
105.946
122.617
117.756
99.4017
113.901
104.069
114.782
105.754
130.098
160.118
95.386
152.039
112.619
116.007
98.7238
94.3264
98.3475
94.4506
96.4913
95.5109
94.2717
96.6379
95.4115
99.8772
97.1791
116.273
95.6616
118.523
93.3145
97.1972
99.5555
111.404
115.875
106.837
97.1992
93.1268
100.506
90.4093
92.6827
99.153
99.0521
97.7978
99.3495
97.0441
95.8159
98.586
98.6759
97.9824
96.3969
97.5843
96.4624
98.258
98.5589
98.1614
96.0237
97.0162
101.267
102.953
102.985
97.7473
97.6771
103.139
99.8053
100.809
103.521
102.833
99.3022
99.1448
99.6786
98.5983
117.682
111.906
98.4086
105.45
102.746
105.425
103.417
113.278
117.838
102.351
103.185
103.912
100.625
113.634
102.863
97.3691
101.275
102.889
98.1805
97.4805
98.1627
98.2822
101.718
101.081
100.411
95.2628
98.5749
95.2235
164.919
40.0528
45.2981
63.6764
116.228
161.133
96.7757
117.054
97.5076
99.991
99.5479
94.0443
106.732
95.9163
96.8072
103.264
106.917
99.1312
99.4462
95.074
95.2598
91.9057
115.19
98.8439
99.9319
88.9322
98.322
94.8225
103.639
103.374
106.382
94.691
104.347
92.1448
106.944
108.921
104.006
105.358
107.001
108.167
103.836
106.045
116.536
52.347
75.022
74.8913
87.5382
93.7663
96.9127
110.888
102.662
87.9848
64.9248
100.663
88.3124
79.5046
104.07
104.76
107.307
91.8914
101.719
106.48
92.6465
110.042
96.5446
105.094
93.8561
85.9676
56.5993
59.3592
102.927
103.369
98.8393
103.077
113.445
103.083
98.9412
91.3739
119.197
90.6989
97.7171
95.1258
98.9397
89.1064
101.137
116.658
103.96
105.764
93.8877
112.764
102.395
104.406
109.753
115.696
96.2083
110.651
104.326
102.356
115.353
115.294
118.017
94.1975
116.528
90.0725
104.036
107.118
94.9769
108.013
104.765
106.782
103.639
107.882
96.9745
99.2071
98.2925
100.394
97.9487
100.598
97.4295
109.466
97.1083
97.3614
96.0482
96.1259
107.611
107.373
125.487
115.271
111.992
143.131
100.229
97.9379
120.528
87.4838
115.513
89.0334
99.9488
100.218
103.91
102.085
103.66
97.4798
101.975
92.8668
107.289
97.77
108.784
87.4113
100.791
103.537
98.0715
117.577
100.387
103.239
110.637
101.39
100.629
103.852
101
105.035
116.363
99.3543
102.771
103.171
99.2616
99.9571
100.019
102.138
98.7661
100.421
100.623
100.294
98.061
100.885
101.491
98.8447
98.4553
99.1839
99.2648
100.659
98.8117
100.698
102.408
99.5265
104.514
101.483
114.961
103.402
113.065
93.0095
86.3927
92.4512
99.5062
105.419
103.294
99.2034
99.8758
108.569
106.877
116.134
129.017
102.965
129.184
110.889
116.904
99.7802
104.299
111.708
104.226
101.664
105.657
91.1951
102.297
101.829
128.111
101.916
113.449
97.7567
98.5512
100.362
98.2573
97.548
98.044
100.009
101.495
107.607
97.7677
101.533
96.934
104.295
97.5561
98.6246
104.042
100.641
102.965
101.415
98.9043
99.2167
113.07
105.272
102.709
97.573
100.231
100.284
103.708
87.5154
98.526
99.924
102.912
99.7437
102.917
86.9562
101.288
140.189
133.397
101.986
103.108
107.418
106.522
100.513
104.935
96.5707
95.2873
99.5352
107.443
97.5434
93.1649
129.037
95.5814
125.192
93.4848
115.662
94.6842
116.503
103.404
116.055
100.632
101.627
101.249
101.608
99.6137
103.01
102.971
102.576
100.004
103.463
100.955
112.515
104.971
111.873
134.993
95.0734
127.04
95.3611
103.915
102.165
102.61
99.8174
132.323
100.844
129.679
111.547
117.472
111.686
111.168
104.992
111.217
105.269
97.3595
99.9657
97.1077
100.784
97.5537
99.3134
97.056
96.5337
97.1831
95.83
98.4137
96.8338
96.5808
97.0704
99.4052
107.736
101.537
95.2578
101.562
127.197
102.089
108.801
93.2463
100.43
88.0369
96.5265
87.5073
118.424
105.331
125.271
113.59
127.872
95.7997
95.5625
127.202
111.619
119.317
111.902
111.038
106.685
118.514
105.421
97.6926
98.0698
98.9402
98.0322
97.2859
98.1984
98.9766
98.5498
99.553
98.3581
101.361
99.7071
100.501
98.9603
98.2409
99.2151
98.2133
107.009
97.9299
104.996
98.4633
98.4035
100.167
100.003
101.554
98.7427
102.487
100.285
118.073
112.98
92.8974
112.816
93.4452
104.517
102.503
130.495
110.618
110.664
117.878
141.582
134.887
123.978
104.73
99.702
96.5765
102.325
96.4122
105.474
101.798
114.362
104.074
101.893
102.121
99.8961
102.55
105.983
96.644
96.5331
96.6378
98.9757
96.6945
96.5325
97.5783
100.091
100.355
100.293
98.9283
94.5897
95.9212
101.139
99.7895
101.905
101.286
104.505
102.193
102.215
99.1715
101.972
100.038
101.047
101.144
112.082
99.5637
100.437
92.0414
93.2914
92.3195
93.1937
92.0389
93.291
92.32
94.7019
94.2677
95.0456
94.5309
94.7043
94.2684
95.0461
91.3586
101.438
93.7195
151.184
93.9062
116.13
98.0037
100.146
102.426
102.619
100.462
101.325
99.9536
99.4425
102.137
107.229
108.056
100.658
101.321
113.376
100.762
94.7017
94.5313
94.2675
95.0487
94.2683
95.0473
94.7036
92.0304
93.2944
92.308
93.1933
92.0398
93.2917
92.3196
94.7092
94.5291
94.2693
95.0468
94.2672
95.0502
94.707
103.116
164.223
103.787
102.664
104.502
110.033
102
98.8267
104.497
105.395
91.0757
107.333
107.197
92.0521
92.0394
93.2919
92.3202
93.194
92.0308
93.2947
92.3084
94.709
94.269
95.0507
94.5312
94.7059
94.2668
95.0538
101.925
112.894
112.538
103.098
105.891
107.306
116.45
90.9751
92.3334
91.0124
92.4451
90.975
92.3333
91.0123
94.7486
96.43
95.0411
95.1273
95.62
95.0697
95.3529
94.5757
93.8497
94.5787
94.6202
93.8728
94.6258
93.8733
93.8495
94.5771
94.5808
94.6203
93.8717
93.8728
94.6239
91.3182
121.408
89.906
88.3679
92.3278
89.9066
91.2868
105.641
102.23
101.85
102.122
105.395
109.504
102.085
103.532
94.0784
102.727
95.5657
114.365
98.133
102.63
90.9686
92.2514
90.8115
92.2793
90.9691
92.2514
90.8115
111.922
103.051
99.4526
99.8858
100.009
106.416
99.2289
90.9751
92.3335
91.0128
92.4451
90.9652
92.3359
91.0007
108.312
104.136
104.154
110.675
102.553
118.56
108.148
102.319
103.017
103.128
101.966
120.243
122.218
101.825
97.1186
103.357
125.32
107.027
98.818
103.094
103.544
103.855
100.081
103.582
95.9196
106.849
93.0193
106.411
94.3819
94.5216
93.6978
93.8208
94.3853
94.5242
93.6993
94.5741
93.8468
94.5795
93.8742
94.6247
94.6282
93.8715
102.594
100.711
102.829
100.629
101.402
99.1972
98.8674
96.3097
105.745
105.385
97.6371
97.2664
95.3047
95.4037
90.9655
92.3362
91.001
92.4461
90.9753
92.3338
91.013
94.3856
93.8208
94.5255
93.6978
94.5291
93.6991
94.3884
94.5767
93.8474
94.5806
93.8755
94.6284
94.6302
93.8728
107.652
106.598
110.725
104.997
108.025
107.805
110.272
90.9682
92.2514
90.8121
92.2823
90.9566
92.2536
90.7999
102.522
105.266
108.148
105.878
119.965
104.885
120.483
94.5217
93.6999
94.3867
94.3891
93.8187
94.5285
93.697
90.957
92.2541
90.8004
92.281
90.9684
92.2518
90.8125
94.7127
94.2599
95.0622
94.5325
94.2696
95.0565
94.7153
94.7126
94.5336
94.2594
95.0603
94.2691
95.0569
94.7142
103.378
103.375
103.248
110.805
126.203
121.987
108.695
94.5247
93.7
94.389
94.3912
93.819
94.5293
93.6976
99.2137
128.091
113.467
120.289
116.782
99.975
99.031
164.221
352.639
116.27
186.605
117.457
381.341
58.9294
98.9707
96.5384
99.061
103.711
101.592
102.524
103.373
98.194
108.095
114.089
101.799
103.046
106.654
98.18
100.824
109.322
103.755
92.4918
106.177
106.323
94.6567
107.561
104.013
124.151
116.044
104.225
110.328
116.106
112.603
116.07
99.3192
100.929
93.8848
94.662
99.7162
104.558
120.948
116.435
102.654
107.54
103.133
102.602
101.767
101.94
97.2726
97.5288
102.209
101.896
97.8962
97.5259
94.7646
99.258
101.968
95.8205
102.203
97.2603
102.068
111.775
100.283
121.337
102.339
109.592
102.389
102.033
102.624
103.087
101.86
98.969
108.825
99.8635
101.775
100.024
107.703
100.559
105.684
99.8083
109.86
115.125
97.6137
116.448
98.6609
98.9207
96.5657
96.3979
93.8505
94.5913
94.5878
94.6346
93.8613
93.8733
94.6365
94.593
93.8513
94.5874
94.6352
93.8624
93.8745
94.6375
92.4041
113.851
100.38
118.731
112.736
90.0986
100.319
105.905
102.686
131.315
104.037
111.513
107.056
104.214
120.418
104.407
115.429
102.92
103.624
104.466
102.693
94.3958
93.8218
94.5409
93.6878
94.5376
93.7002
94.4017
106.27
104.05
96.0613
96.2725
104.642
96.9752
106.809
101.998
100.755
102.848
104.423
103.478
101.053
99.9863
101.952
99.5305
94.4836
114.847
92.322
123.318
101.725
94.3965
94.5424
93.6886
93.8224
94.5368
93.701
94.4025
98.6162
98.3424
98.4306
103.036
98.6505
100.777
98.3795
94.9917
94.7666
94.9913
94.249
93.996
94.248
93.9964
102.5
100.089
99.2919
101.908
103.355
102.959
99.9817
85.8449
88.5905
87.2272
98.3136
99.4023
106.352
109.03
183.294
27.7717
42.7751
53.4934
71.2164
113.884
125.362
98.5473
101.456
119.34
114.528
98.6628
97.1534
98.0121
104.318
127.351
115.847
103.634
103.553
103.135
99.0926
94.7668
94.9925
94.9914
94.2493
93.9958
93.9964
94.2488
101.225
112.59
102.275
109.269
106.678
91.6285
109.418
121.966
128.523
113.462
116.141
102.556
109.881
101.668
124.364
95.6793
124.664
124.887
84.3843
123.243
90.6328
94.9945
94.7718
94.9977
93.9982
94.2518
94.2496
93.9958
97.3579
93.9304
94.7015
109.545
100.838
111.605
94.5337
99.3768
129.249
96.2008
120.647
107.649
103.869
127.947
72.8226
126.251
166.882
123.142
94.967
93.1325
139.242
94.7711
94.9935
94.9971
93.9981
94.2509
94.2485
93.9953
37.7278
126.617
129.674
118.753
114.555
72.3972
93.1304
112.443
112.317
102.693
94.0856
112.886
94.1146
109.999
128.365
216.881
415.786
161.569
542.278
132.191
145.182
95.5678
94.9278
89.7692
97.2604
91.4118
96.9799
116.897
100.153
103.28
99.8382
72.0004
106.453
131.582
102.791
98.8494
101.614
101.283
96.0042
95.2628
95.6939
113.3
96.0458
98.8088
73.1502
96.4389
102.366
98.6157
75.9119
96.2431
95.4406
105.222
78.2886
97.9227
76.4097
95.6531
134.915
82.4719
78.7234
109.677
191.015
98.5535
177.423
81.7954
81.6348
80.3184
81.6196
79.9917
147.63
152.279
142.304
92.8155
150.969
100.355
106.485
114.452
102.403
98.249
94.7117
104.001
93.0655
96.8003
95.9745
112.315
105.037
100.914
106.745
100.001
103.519
104.497
119.805
96.4081
104.183
95.8504
96.6898
92.874
96.8139
92.6945
100.996
95.4177
95.656
97.0397
93.1611
92.4461
96.4821
100.141
100.375
100.318
96.1466
95.2498
96.2011
95.647
95.4586
109.964
105.653
98.2214
117.984
108.415
116.131
102.426
104.032
103.836
121.965
95.6073
109.797
97.9068
128.766
112.554
96.6715
95.7116
96.3573
92.3991
96.6147
145.047
120.763
219.176
135.901
88.9307
77.2033
117.409
99.6337
99.5936
102.513
110.286
99.7876
101.159
98.3366
95.7407
153.204
114.41
113.81
109.946
131.078
87.1076
95.002
94.7724
94.9998
94.2509
93.9864
93.9978
94.2398
104.135
97.9756
97.944
93.6098
98.9257
95.4057
98.1072
131.806
112.769
121.691
99.2397
95.3993
91.6379
91.3699
99.878
118.002
113.077
98.2543
102.213
96.8624
125.061
72.7184
120.044
111.442
347.829
81.4674
202.461
75.4417
112.185
123.593
133.903
97.73
106.051
115.381
117.197
94.7731
95.0025
95.0011
94.2519
93.9872
93.9985
94.2406
136.159
114.052
130.298
100.403
91.0624
102.53
89.2509
115.005
87.0401
77.2106
82.2943
122.867
91.8936
98.4846
108.168
103.061
107.133
103.753
108.155
103.814
109.24
99.1711
96.2223
117.383
101.421
96.4951
103.877
101.972
98.6031
103.763
102.664
119.191
95.8757
119.936
110.69
82.7708
73.9753
177.285
122.414
186.353
87.0638
93.695
97.9132
98.3958
99.6859
101.031
100.379
96.9871
100.999
117.638
119.142
115.744
116.594
106.171
104.865
103.946
103.842
95.1565
106.547
107.216
95.8621
105.967
102.342
65.8126
91.8539
74.6086
99.3993
130.109
95.1823
95.7998
111.592
84.6685
106.368
96.6722
96.7729
94.6421
97.5295
95.1102
94.1103
93.6215
93.1064
94.8279
94.0635
93.697
120.959
126.249
102.159
108.431
128.146
124.27
101.511
96.3726
99.116
98.9619
96.8352
135.76
113.005
102.622
94.376
129.547
91.3912
97.5903
109.368
92.3282
103.695
103.238
117.486
116.192
108.274
116.443
103.303
107.702
105.522
118.24
128.465
129.986
108.97
116.122
105.873
113.454
113.766
123.655
117.886
132.787
125.153
156.016
103.275
140.012
132.153
106.328
100.548
102.021
99.8513
98.5041
95.2659
94.0967
98.5002
107.509
108.175
97.4847
113.39
90.2985
90.811
108.987
123.488
90.4404
91.2395
102.019
141.259
102.99
94.3413
105.558
24.522
108.605
113.479
97.3802
121.67
106.188
104.942
108.411
103.218
92.2985
95.8589
91.1706
96.8143
93.8117
95.5091
92.8922
105.506
121.428
104.838
107.87
104.132
102.115
113.258
103.852
108.958
103.448
102.638
115.774
110.853
103.395
108.777
108.424
97.6998
100.812
107.082
99.488
107.769
106.558
109.338
93.2905
107.543
92.335
124.712
129.955
108.379
119.248
108.286
101.745
154.639
125.262
127.893
108.224
108.172
108.751
120.384
90.7696
122.124
95.0524
105.282
100.569
98.5486
94.8918
105.416
100.649
93.5227
89.4024
94.7207
95.5459
97.3244
89.2382
94.4793
98.0619
108.449
98.7269
108.738
106.646
109.346
101.285
108.909
92.6297
95.4749
90.8618
97.3118
94.9002
96.526
84.5792
95.164
95.6658
90.5593
157.618
106.644
138.775
103.024
100.728
104.644
102.259
102.353
102.568
104.23
100.772
99.2097
106.918
109.634
98.6564
99.9395
96.5972
97.7713
105.511
105.154
105.398
111.379
103.325
102.131
131.313
121.04
117.106
103.515
108.166
119.263
116.44
116.596
135.973
128.453
123.543
117.641
86.1238
88.3141
92.6105
103.156
111.509
121.931
125.001
115.401
108.523
120.6
107.939
104.827
108.424
119.337
121.957
119.038
122.879
110.899
105.209
110.227
139.468
154.568
124.307
136.159
115.985
111.42
117.687
109.87
114.987
114.124
114.568
67.6474
94.3771
100.537
103.467
112.905
107.92
105.233
96.3049
86.2405
107.393
91.772
88.9762
95.8861
97.2979
58.1445
118.962
112.133
130.996
122.585
121.378
93.1631
101.099
111.573
108.459
93.2318
92.8048
92.551
94.266
100.752
106.13
106.688
91.7867
95.2136
94.7235
96.3864
100.36
93.0786
94.9776
95.1305
94.1196
82.9346
82.9555
160.394
99.3302
137.054
123.587
81.9447
83.1133
137.669
98.9198
96.3667
95.2988
107.471
97.6226
105.583
96.7348
106.288
79.5224
77.1327
94.2712
97.802
108.663
107.174
93.7077
96.1025
92.8745
111.546
130.113
127.196
109.918
109.733
104.635
93.7405
114.665
94.2296
132.81
110.027
95.6818
95.889
98.3387
100.005
99.8247
95.9997
96.0237
95.3087
95.9468
99.343
100.917
96.7809
96.3481
102.9
73.8183
105.683
100.454
187.143
94.7149
88.2113
160.085
101.09
96.7823
96.4396
99.3549
102.27
89.7543
88.5889
94.3202
103.87
100.968
99.5665
90.8234
101.824
94.9312
139.933
151.887
101.988
85.8741
175.306
111.183
110.267
111.664
108.67
108.251
114.283
129.758
132.095
95.5626
107.986
129.804
115.273
126.021
103.282
114.979
99.6893
121.62
99.0213
102.608
87.2669
96.1392
123.896
99.908
136.586
385.511
285.355
734.496
272.947
123.331
252.568
82.4459
107.26
104.99
85.7274
265.433
140.245
151.989
104.054
105.251
103.083
108.894
103.101
106.88
103.606
94.9914
95.5872
101.983
99.6668
102.266
94.2576
93.9121
141.615
107.514
105.785
109.96
111.781
113.943
121.797
160.161
105.334
112.418
100.782
132.617
103.593
114.27
102.418
105.316
104.49
100.905
101.058
97.0903
101.391
134.041
87.922
101.921
189.42
121.161
118.41
153.188
115.022
122.118
131.717
83.9594
140.961
132.978
118.367
101.984
106.167
103.438
123.058
100.113
128.373
99.0061
106.627
104.942
101.789
108.752
132.294
138.749
105.289
95.9974
99.2947
95.8459
97.5738
96.3617
101.904
95.9137
97.6272
97.832
99.7206
100.191
97.2962
97.999
99.8904
75.3236
93.7714
88.5818
123.8
119.78
125.852
111.419
106.811
139.906
104.496
564.82
151.223
134.439
99.9617
105.327
104.56
111.541
150.358
107.121
104.212
177.029
104.086
107.721
111.298
99.1449
101.369
99.8421
100.503
101.988
151.542
98.0325
121.54
92.0504
89.4581
96.9025
99.3892
103.945
101.275
104.289
102.983
105.451
99.4594
106.754
103.94
108.208
97.5832
135.522
98.6656
153.205
100.076
120.904
110.087
122.536
131.317
144.464
175.551
133.139
232.626
127.701
122.806
52.95
207.284
134.08
106.97
112.165
108.188
109.733
111.792
125.227
111.978
256.762
385.972
194.973
208.305
254.388
85.3032
153.016
99.7276
97.2317
97.5353
111.679
109.618
83.3811
95.6563
105.491
104.241
103.959
101.317
101.082
230.389
149.86
83.1739
114.077
106.467
110.253
110.207
113.929
114.198
94.4707
219.329
121.761
402.215
109.198
133.619
237.753
117.676
112.636
120.888
114.437
124.394
112.315
114.016
107.976
97.5428
98.4561
129.854
142.607
90.6692
97.8955
96.2324
113.079
159.084
393.052
131.558
151.777
214.832
198.495
140.295
187.516
122.471
111.709
131.257
234.223
123.47
101.829
121.482
92.608
198.729
113.423
113.79
131.867
186.716
1000.06
212.363
107.898
190.502
204.188
131.094
130.953
124.902
109.039
86.9142
146.503
85.5583
129.145
103.529
103.288
107.636
74.8378
93.8888
159.51
116.77
96.2927
122.451
109.31
134.23
124.918
164.193
91.6705
91.0341
94.2296
101.55
92.341
91.4021
94.5918
145.746
187.435
110.373
79.0784
182.394
162.249
120.67
109.055
108.105
104.454
116.658
109.139
107.583
102.563
91.3585
146.378
134.209
167.508
153.93
172.878
99.8256
175.459
129.839
135.051
115.627
143.767
270.848
116.269
83.188
95.9791
67.4162
108.48
128.585
188.945
197.919
179.399
70.1357
136.722
150.738
138.295
184.684
199.266
102.256
95.2807
99.3815
411.431
250.511
315.379
321.6
137.48
80.1028
182.604
152.859
164.638
116.909
163.051
150.41
157.738
143.102
133.626
-181.932
67.5276
280.041
247.886
236.93
96.8916
463.336
110.565
122.709
129.305
88.8408
101.842
113.717
134.503
119.121
195.616
134.683
59.0105
81.2608
163.255
150.219
376.714
346.262
261.978
55.8731
105.587
81.3201
17.4517
-102.73
536.883
330.339
81.392
73.9316
78.5999
328.51
128.982
152.539
343.228
88.9589
54.3935
44.4927
0.747015
-25.8317
383.85
354.416
204.178
115.586
154.67
103.343
394.265
105.914
254.069
133.287
83.7728
91.1139
281.194
53.3503
82.4918
207.616
126.351
121.927
106.049
118.144
135.127
104.527
122.249
351.048
92.6102
89.1326
-44.552
37.5846
126.153
165.15
108.285
157.815
146.213
158.488
102.68
103.318
74.9876
)
;

boundaryField
{
    inlet
    {
        type            calculated;
        value           nonuniform List<scalar> 
117
(
94.2429
91.8677
95.1974
99.1587
95.1767
109.876
104.697
101.71
94.2811
90.0157
98.1648
96.3869
88.7031
95.7727
106.449
116.51
98.7971
97.9746
113.278
105.393
100.532
101.046
93.3334
56.7934
130.184
93.2097
96.7709
94.3158
75.2375
129.395
82.0495
89.6529
85.0879
137.089
46.0504
80.6683
90.744
119.235
65.0013
114.482
169.698
122.022
90.5482
84.0882
92.9725
101.288
105.823
81.7306
94.3462
78.2359
104.941
100.762
98.6124
96.9885
99.4436
95.7844
93.826
81.4109
155.923
103.444
115.856
99.0545
99.1104
99.9019
94.4842
60.2979
101.226
101.392
97.0015
90.5945
97.1217
99.3377
106.11
95.2661
4.60095
103.091
78.8495
108.056
105.641
101.58
104.869
98.9739
91.6159
92.976
103.761
78.0939
103.551
93.216
93.5955
94.2206
102.424
84.1847
111.348
28.4179
153.358
-110.425
83.0027
181.172
140.273
118.073
104.393
6.01824
119.953
111.537
108.095
134.503
120.677
101.123
81.0702
137.786
77.2964
125.115
222.298
81.315
113.464
65.1916
11.2155
)
;
    }
    outlet
    {
        type            calculated;
        value           uniform 0;
    }
    lowerWall
    {
        type            calculated;
        value           nonuniform List<scalar> 
980
(
96.7758
97.327
94.0784
97.9908
95.2257
111.267
101.06
98.9793
98.0347
104.556
96.4171
96.7773
94.9839
109.683
94.8874
100.931
98.6151
97.961
97.1347
90.8456
98.6651
95.9806
91.5299
92.8819
103.8
112.186
95.4294
100.679
102
99.9354
99.4057
98.1408
101.054
100.533
100.055
103.416
109.861
82.6212
96.972
105.048
95.5747
98.7316
112.253
106.071
98.2151
99.2108
99.6222
97.219
98.0428
92.594
94.6817
98.0732
98.2702
99.3396
102.968
98.4368
99.8488
101.965
97.2163
95.3517
95.7917
96.4214
97.3598
98.5812
99.296
98.4748
98.3172
97.4416
96.0782
95.3782
93.1939
93.6264
94.7728
96.3604
98.1023
97.9061
97.2138
95.1553
93.7072
93.2041
90.2472
90.547
90.9942
91.4433
92.4459
92.2829
91.2294
90.833
90.4508
90.2352
88.0007
88.1943
88.4203
88.6679
88.6222
88.5733
88.5294
88.3166
88.1169
87.9771
85.5858
85.7062
85.8616
86.0061
86.0414
86.0085
85.9307
85.7823
85.6581
85.5753
83.1469
83.2203
83.3022
83.4139
83.415
83.3967
83.3548
83.2655
83.197
83.1374
80.6915
80.7554
80.7927
80.8475
80.8666
80.8599
80.8439
80.7882
80.7357
80.6792
78.2549
78.2908
78.3213
78.3452
78.3551
78.3544
78.3475
78.3121
78.2768
78.2522
75.82
75.8361
75.8611
75.8816
75.8988
75.9028
75.8878
75.8449
75.8365
75.8202
73.405
73.4207
73.4229
73.4408
73.4557
73.46
73.4523
73.4418
73.4291
73.4053
71.0011
71.0067
71.0299
71.0364
71.0529
71.0596
71.0538
71.037
71.0104
71.0025
68.6268
68.6462
68.6758
68.6693
68.6641
68.6657
68.6709
68.6548
68.6353
68.6314
66.2749
66.3037
66.3229
66.3011
66.2838
66.2763
66.2772
66.2904
66.2823
66.2751
63.9482
63.9548
63.9552
63.9597
63.965
63.9465
63.9367
63.9303
63.9391
63.9423
61.6257
61.6336
61.6351
61.6465
61.6512
61.6456
61.6298
61.6212
61.6157
61.6175
59.3247
59.3274
59.3295
59.3317
59.3316
59.326
59.3247
59.3199
59.3151
59.3158
57.0515
57.0461
57.0323
57.0413
57.0451
57.0459
57.0439
57.0416
57.0483
57.0511
54.7716
54.7716
54.7673
54.7693
54.7726
54.7829
54.7911
54.7925
54.7884
54.7781
52.516
52.5039
52.5086
52.5196
52.5288
52.5339
52.5404
52.5408
52.5417
52.5337
50.2787
50.2636
50.2591
50.2702
50.2844
50.2991
50.2962
50.3006
50.3012
50.2989
48.0486
48.0376
48.0279
48.0274
48.0367
48.0472
48.053
48.0544
48.05
48.0555
45.8149
45.8189
45.8242
45.831
45.8248
45.819
45.8157
45.8134
45.8122
45.815
43.5972
43.6134
43.6202
43.6179
43.6031
43.5934
43.5953
43.6093
43.6019
43.6003
41.413
41.4181
41.4179
41.4108
41.4048
41.3873
41.403
41.4107
41.4092
41.4108
39.2216
39.2376
39.2412
39.2417
39.2355
39.2251
39.2246
39.2203
39.2111
39.2132
37.0548
37.0685
37.0668
37.0611
37.0527
37.0471
37.0363
37.0328
37.0335
37.0411
34.9179
34.9127
34.8917
34.886
34.8828
34.876
34.8699
34.8745
34.8902
34.9101
32.7685
32.7627
32.7478
32.7425
32.7411
32.7431
32.7504
32.7571
32.7625
32.7682
30.6147
30.6188
30.6239
30.6315
30.6332
30.6358
30.6411
30.6388
30.6309
30.6198
28.4914
28.498
28.5119
28.5283
28.5377
28.539
28.5343
28.5234
28.5133
28.4989
26.4214
26.4169
26.4167
26.422
26.4331
26.4429
26.4478
26.4483
26.443
26.4312
24.3865
24.3707
24.3612
24.3574
24.3623
24.372
24.3839
24.3969
24.4015
24.396
22.359
22.3424
22.338
22.3402
22.3432
22.3461
22.3476
22.353
22.3575
22.3601
20.3262
20.3256
20.3256
20.3374
20.3437
20.3446
20.3353
20.3278
20.3272
20.3258
18.3211
18.327
18.3357
18.3418
18.3406
18.3344
18.326
18.3203
18.3186
18.3195
16.3605
16.3645
16.3623
16.3515
16.3369
16.3237
16.3172
16.3235
16.3345
16.3495
14.403
14.4073
14.3972
14.3744
14.3587
14.3413
14.3402
14.3501
14.3665
14.3849
12.4148
12.4343
12.4346
12.4284
12.4117
12.4029
12.4014
12.4032
12.4057
12.4078
10.4573
10.4645
10.476
10.4835
10.4787
10.4732
10.4691
10.4679
10.4641
10.4583
8.54713
8.5372
8.5348
8.53763
8.53826
8.54226
8.54399
8.54598
8.5478
8.55101
6.63931
6.62595
6.62038
6.62121
6.62812
6.64432
6.65035
6.64849
6.64202
6.64497
4.7236
4.72107
4.72237
4.72941
4.74391
4.76726
4.76696
4.75592
4.74527
4.73438
2.82888
2.83148
2.8333
2.83942
2.84744
2.85831
2.86203
2.85997
2.84843
2.83648
0.945813
0.945929
0.945974
0.940783
0.938735
0.941851
0.950728
0.955003
0.956458
0.945734
96.5119
96.1424
95.4348
94.5244
97.1461
96.4173
97.3768
98.2117
97.3989
101.007
99.608
98.4969
100.291
98.9062
99.6284
99.1834
98.3464
98.4061
99.6544
98.1799
98.1714
97.5753
96.3498
97.7668
93.6693
95.0717
95.8613
93.6859
94.8729
95.1957
96.8744
96.7393
94.2238
107.979
103.005
100.285
104.643
99.5097
104.522
102.335
108.168
92.603
99.6901
108.565
103.221
99.6038
101.358
81.518
95.6277
103.828
105.591
97.0704
98.9957
100.542
104.844
91.4384
97.1541
95.0322
94.7554
98.3451
94.6791
94.9643
95.0231
100.545
96.7473
96.3821
95.3661
96.5361
97.3948
100.548
100.993
98.763
111.42
101.349
100.622
96.6485
97.6036
97.7043
101.174
99.7721
99.1241
98.5688
97.8651
98.7855
96.045
96.2005
94.9039
95.9523
94.6569
94.993
96.2474
94.5227
94.1363
97.1762
95.4721
94.7311
98.052
97.3273
95.8258
99.1131
98.601
97.9758
98.9419
98.3937
98.6347
98.2431
97.9197
98.2589
97.8419
97.3183
97.8623
96.3611
95.0447
96.7841
95.3271
94.3024
94.771
95.1956
94.2163
94.1706
96.1627
95.6518
95.5949
95.8257
95.705
96.1128
95.2657
95.1765
95.41
97.36
97.3436
96.8008
96.7809
96.7635
97.1441
96.3237
96.6946
96.7279
98.3336
98.1011
102.437
98.1267
98.224
98.363
97.3172
97.4417
97.6366
100.544
99.8729
105.522
99.2003
99.4718
99.7647
98.5777
99.1251
98.9973
99.3767
101.659
102.752
99.5955
100.357
99.1632
100.004
100.291
99.5728
98.507
98.1269
97.8955
98.1614
98.1109
98.5045
98.3726
98.1197
98.2015
99.1579
98.7824
98.8585
98.1878
98.261
98.5622
98.6168
98.8233
98.5559
96.2321
97.1349
97.5049
96.8194
97.1616
96.3835
98.1569
97.6717
97.3546
94.9935
92.7008
90.6505
95.588
95.7663
95.0312
95.8324
95.9104
95.6101
94.1745
95.2307
102.006
95.2563
95.0649
94.7335
95.3707
94.9934
94.8619
98.1912
98.3
98.2346
96.6738
97.0663
96.8144
97.6995
97.9074
97.6652
97.5245
93.7492
93.8113
98.0388
93.8411
94.0302
98.3151
98.2554
98.12
98.5156
98.7277
98.5174
95.8215
95.907
96.2278
98.0127
98.1183
97.9881
97.2531
96.8815
96.7748
98.6832
98.808
98.598
97.8177
93.6984
93.7531
95.7652
93.5168
93.506
98.5551
98.595
98.6197
97.8709
97.8191
97.7552
97.5514
97.7115
97.5636
98.3142
98.3704
98.2808
112.305
101.152
97.87
95.3027
95.6011
95.6065
121.816
100.15
104.244
95.6974
93.3144
92.9601
97.0557
98.0035
98.0785
94.1582
92.8086
93.1458
97.4555
97.3343
96.3856
96.689
96.7814
96.6964
94.9917
95.2184
95.4028
95.9601
102.003
101.339
95.6252
96.8014
96.2784
97.0247
97.4155
96.3108
96.2667
95.8642
96.0974
95.0814
95.3821
95.3851
95.7555
95.4674
95.2939
97.7942
96.178
96.3661
96.4807
96.4566
98.1375
95.5218
95.8242
97.6494
98.1411
96.2215
95.99
100.868
99.1861
96.0518
95.5838
95.3173
97.3964
96.771
94.9129
95.1337
93.3865
92.3105
92.564
95.7738
95.1454
94.4996
137.889
106.617
104.775
108.907
89.3269
114.637
101.899
96.0961
107.179
100.336
136.866
103.614
93.9995
92.8132
92.5537
95.0831
96.1068
96.7527
96.9602
95.1192
94.8503
94.4955
94.6989
96.444
101.578
97.93
99.0165
94.265
94.8013
94.6486
94.816
94.1543
94.2215
94.5512
94.5573
95.4395
101.993
106.777
109.846
98.276
102.172
104.571
119.214
103.996
93.2917
95.3397
95.7928
94.9947
100.543
125.59
108.781
95.1837
113.518
65.0752
100.137
99.6094
92.0656
103.362
109.945
107.895
101.574
102.942
100.375
93.1538
92.0191
92.1884
94.5046
94.4066
94.1532
102.882
102.584
115.104
125.923
135.841
117.708
95.3042
136.624
81.1671
103.156
107.044
100.604
72.0908
101.987
96.5473
93.6702
93.9253
94.5177
97.4798
101.975
103.66
107.607
97.7677
101.495
98.5512
100.362
97.7567
101.286
99.1715
101.905
93.2944
92.308
92.0304
92.3362
91.001
90.9655
92.2541
90.8004
90.957
94.2599
94.7153
95.0622
93.8624
94.6375
94.593
94.5424
94.4025
93.6886
94.7117
104.001
98.249
95.002
94.2398
93.9864
90.2985
90.811
113.39
141.259
102.99
102.019
100.569
98.5486
105.282
94.7207
95.5459
89.4024
98.7269
108.738
108.449
121.04
116.596
108.166
117.641
92.6105
128.453
99.2947
95.8459
95.9974
)
;
    }
    upperWall
    {
        type            calculated;
        value           nonuniform List<scalar> 
1160
(
98.9757
98.155
94.4506
101.765
143.403
116.658
100.98
98.719
107.009
95.2578
96.2945
100.917
97.3496
79.761
117.783
101.097
99.7794
98.5589
98.5199
125.192
99.0888
98.4589
104.847
134.912
103.621
90.1818
101.438
103.804
94.2372
92.2125
101.361
98.2756
102.976
122.271
99.5619
99.1239
103.981
113.904
114.339
118.668
97.8339
96.7996
102.463
104.41
100.215
99.0288
98.8118
101.968
96.6199
92.3678
94.7135
96.9127
97.3559
98.432
101.987
102.402
100.582
95.5846
97.6928
99.3721
95.7895
96.4315
97.3641
98.5586
99.2739
98.4637
98.2995
97.4212
96.0865
95.3792
93.194
93.6257
94.7734
96.3616
98.1011
97.9049
97.2129
95.1548
93.7055
93.2045
90.2471
90.5468
90.9955
91.4432
92.4451
92.2823
91.2294
90.8334
90.4512
90.2352
88.0006
88.1942
88.4202
88.6669
88.6228
88.5735
88.5293
88.3164
88.1168
87.9768
85.5859
85.706
85.8615
86.006
86.0414
86.0082
85.9306
85.7822
85.658
85.5754
83.1469
83.2202
83.302
83.4138
83.4148
83.3965
83.3546
83.2654
83.197
83.1372
80.6907
80.7553
80.7926
80.8474
80.8661
80.8601
80.8438
80.7881
80.7356
80.6788
78.2552
78.2907
78.3212
78.3451
78.355
78.3543
78.3474
78.312
78.2767
78.2522
75.8199
75.836
75.861
75.8815
75.8989
75.9025
75.8877
75.8447
75.8364
75.8201
73.4045
73.4203
73.4228
73.4407
73.4557
73.4599
73.4522
73.4417
73.4294
73.4059
71.001
71.0066
71.0298
71.0363
71.0528
71.0595
71.0536
71.0375
71.0106
71.0024
68.6268
68.6462
68.6755
68.669
68.664
68.6658
68.6705
68.6543
68.6343
68.6312
66.2749
66.3037
66.323
66.3008
66.2835
66.2761
66.2771
66.2906
66.2824
66.2752
63.9478
63.9546
63.955
63.9594
63.9651
63.9464
63.9367
63.9303
63.9392
63.9422
61.6256
61.6336
61.6346
61.6465
61.6512
61.6454
61.6297
61.621
61.6156
61.6172
59.3248
59.3275
59.3294
59.3316
59.3316
59.3252
59.3246
59.3199
59.3151
59.3157
57.0513
57.0455
57.032
57.0413
57.0448
57.0455
57.0438
57.0416
57.0483
57.051
54.7713
54.7712
54.7677
54.7695
54.7728
54.7835
54.791
54.7924
54.7882
54.778
52.5161
52.5039
52.5085
52.5195
52.5284
52.5342
52.54
52.5406
52.5414
52.5338
50.2788
50.2636
50.2588
50.2698
50.2844
50.2991
50.2961
50.301
50.3011
50.2989
48.0483
48.0373
48.0279
48.0276
48.0369
48.0471
48.0529
48.0544
48.0498
48.0552
45.8148
45.8188
45.8241
45.8309
45.8247
45.819
45.816
45.8129
45.8121
45.815
43.5969
43.6132
43.6203
43.618
43.6025
43.5933
43.5956
43.6089
43.6024
43.6001
41.413
41.4185
41.4182
41.4105
41.4046
41.3876
41.403
41.4107
41.4093
41.4104
39.2216
39.2382
39.2409
39.2413
39.2363
39.2254
39.2248
39.2201
39.2097
39.2126
37.0548
37.0685
37.0663
37.0611
37.0526
37.0467
37.0359
37.0326
37.0333
37.0412
34.9178
34.9126
34.8918
34.8859
34.8826
34.8757
34.8698
34.8744
34.8904
34.9102
32.7683
32.7626
32.7479
32.7424
32.741
32.743
32.7503
32.7571
32.7626
32.768
30.6146
30.6188
30.6241
30.6315
30.6332
30.6357
30.641
30.6387
30.6307
30.6195
28.4913
28.4979
28.5119
28.5281
28.5376
28.5389
28.5341
28.5234
28.5132
28.4992
26.4213
26.4168
26.4164
26.4219
26.433
26.4428
26.4477
26.4483
26.4429
26.4313
24.3865
24.3712
24.3612
24.3575
24.3622
24.3719
24.3838
24.3968
24.4012
24.3959
22.3589
22.3422
22.3379
22.3402
22.3432
22.346
22.3475
22.3529
22.3573
22.36
20.326
20.3247
20.3254
20.3373
20.3442
20.3447
20.3353
20.3277
20.3271
20.3258
18.3209
18.327
18.3361
18.3417
18.3403
18.3341
18.326
18.3202
18.3187
18.3195
16.3606
16.3646
16.3624
16.3516
16.3369
16.3234
16.3168
16.3235
16.3349
16.3494
14.4032
14.4071
14.3971
14.3744
14.3586
14.3413
14.3402
14.3501
14.3663
14.3848
12.4149
12.4333
12.4343
12.4285
12.4118
12.4031
12.4013
12.4031
12.4054
12.4076
10.4573
10.4646
10.4764
10.4837
10.4786
10.4729
10.4689
10.4677
10.4641
10.4582
8.54713
8.53721
8.53453
8.53754
8.53817
8.54217
8.5439
8.54589
8.54767
8.55098
6.6391
6.62564
6.62025
6.62101
6.62819
6.64431
6.65066
6.64843
6.6418
6.64466
4.72343
4.72108
4.72243
4.72927
4.74377
4.76739
4.7668
4.75585
4.74515
4.73411
2.82883
2.83144
2.83328
2.8393
2.84739
2.8576
2.86154
2.85994
2.84855
2.83655
0.945872
0.94568
0.945635
0.940337
0.938689
0.941789
0.9508
0.954856
0.956362
0.945652
95.4372
96.1478
96.4679
96.4182
97.177
98.019
97.363
98.2106
100.771
98.4688
99.4197
100.306
99.6308
98.861
95.8667
98.3906
98.3611
101.984
98.472
98.1696
102.034
97.7655
96.3634
97.1528
95.8636
95.0884
94.0418
95.1875
94.876
96.1314
98.5793
96.4336
96.6639
98.0866
96.3431
101.023
102.353
100.57
107.413
104.902
95.0986
104.994
100.785
98.6783
103.157
97.5978
100.129
100.305
99.5839
96.9408
106.854
94.7555
99.9201
97.7027
100.471
92.7381
100.566
98.9871
98.0785
72.663
95.0026
94.9108
94.7818
96.4251
96.9271
97.3709
97.35
96.9847
97.9227
98.4831
98.5623
102.504
100.627
99.8019
85.4799
98.0245
97.6803
97.4714
99.191
99.5447
100.885
98.5828
97.8455
98.3028
95.073
97.4917
92.403
94.9614
95.1957
101.183
94.136
94.5227
96.2478
94.729
95.4726
97.172
95.826
97.3257
98.0432
97.976
98.6011
99.111
98.6335
98.3927
98.9588
98.2592
97.9208
98.2516
97.8621
97.3178
97.8343
96.7838
95.0416
96.3803
94.7712
94.3026
95.3287
94.1703
94.2163
95.1958
95.411
95.2047
95.1981
96.1146
95.704
95.8281
95.5839
95.6428
96.1559
96.7181
96.6156
96.3359
97.209
96.5772
96.7871
97.0927
96.5361
97.262
97.5929
97.5315
97.2848
98.359
98.3324
97.9384
99.0187
97.7238
98.4346
98.9587
99.1259
98.5635
99.7792
99.5086
99.2368
103.777
99.7022
100.485
99.5277
99.9116
99.9743
99.0808
100.327
99.5908
106.418
101.825
100.018
98.196
98.134
98.3703
98.4826
98.1041
98.1789
97.9356
97.8032
98.4024
98.5963
98.8648
98.6165
98.4969
98.2331
98.1961
103.094
98.8292
99.0833
97.361
97.6496
98.0712
96.4186
97.1555
96.8291
97.361
97.1393
96.2175
95.5804
95.6884
95.8407
94.9252
95.5763
95.3637
98.5714
96.3994
94.8467
94.8669
94.9701
95.3934
94.6985
95.0598
95.2337
94.9276
93.7981
94.7532
98.0149
98.2943
98.199
96.823
97.0659
96.6717
97.6598
97.8873
97.7538
99.0185
103.359
95.9037
93.8107
93.7486
97.5238
94.0296
93.8404
98.0363
98.122
98.2195
98.2791
98.4782
98.7034
98.5165
96.2182
95.9022
95.8249
96.7731
96.8788
97.2483
97.988
98.106
98.0117
98.5974
98.7974
98.673
93.7546
93.6995
97.8182
93.5048
93.5158
95.7652
98.6278
98.6058
98.5526
97.7555
97.8284
97.8818
98.2814
98.3707
98.3143
97.5645
97.713
97.5512
95.6143
95.5843
95.3023
92.9609
93.3153
95.6982
98.0796
98.0205
97.0886
93.1459
92.8087
94.1599
96.389
97.3344
97.4542
96.7102
96.7794
96.6897
131.962
92.3702
86.2507
95.4058
95.223
94.9911
51.601
112.332
126.377
96.2776
96.7994
95.6234
96.303
97.4126
97.0251
96.0964
95.8603
96.2642
95.3852
95.377
95.0783
95.291
95.4565
95.7548
96.3629
96.1778
97.7938
98.1384
96.4544
96.4689
97.6474
95.8206
95.5121
95.9879
96.2212
98.1404
97.397
95.3183
95.5834
95.1302
94.9109
96.7688
92.5639
92.3105
93.3865
94.4989
95.149
95.774
92.5533
92.8128
93.9991
96.7542
96.1082
95.0844
94.8514
95.1193
96.966
96.4397
94.6972
94.4922
101.917
99.5887
100.139
112.299
96.5993
102.371
83.3805
100.464
113.604
111.577
99.4801
97.5811
94.6498
94.7903
94.2661
98.7383
97.8752
102.073
94.2217
94.1543
94.8167
95.4441
94.5571
94.552
98.6069
98.8136
106.278
109
113.01
86.4135
94.9927
95.7917
95.3371
100.666
99.0278
93.7448
73.9131
85.7044
89.3833
103.093
124.494
97.4389
109.118
119.843
95.1671
92.1887
92.0194
93.1539
94.1526
94.4062
94.5044
101.648
101.994
107.912
108.26
118.837
85.1173
104.764
112.847
99.9817
98.0367
98.8868
102.666
100.001
80.7935
95.6247
124.909
112.746
157.946
94.4518
118.756
87.1363
154.854
88.9578
102.239
146.632
113.852
136.659
139.691
113.301
123.179
110.528
104.424
115.397
98.388
102.676
106.345
93.0902
78.2347
250.23
99.0982
99.0347
95.9959
103.994
111.888
98.4142
99.6657
105.146
92.9645
95.4225
85.6303
115.497
108.964
108.633
100.498
102.136
100.046
97.7959
103.44
111.341
100.354
94.5175
93.9255
93.6687
96.4913
94.2717
95.5109
100.506
97.7978
99.153
98.1614
97.0162
96.0237
97.7473
99.8053
102.953
104.76
92.6465
101.719
93.8561
59.3592
96.5446
108.013
107.882
104.765
100.229
120.528
115.271
99.924
86.9562
102.912
93.4848
94.6842
115.662
103.01
100.955
100.004
101.562
102.089
127.197
100.43
118.424
88.0369
125.271
127.202
95.7997
106.685
118.514
119.317
97.9299
98.4633
104.996
99.7071
98.9603
100.501
112.98
102.503
92.8974
110.618
134.887
141.582
96.5765
105.474
102.325
96.6945
97.5783
96.5325
92.0308
92.3084
93.2947
90.9652
91.0007
92.3359
90.9566
90.7999
92.2536
103.375
108.695
126.203
95.0603
94.7142
94.2594
124.151
116.106
116.044
106.177
94.6567
109.322
114.089
98.18
101.799
100.929
99.7162
116.07
99.258
97.2603
101.968
98.969
108.825
102.624
100.283
109.592
121.337
107.703
109.86
100.559
94.5913
94.6365
93.8613
131.315
104.214
104.037
93.6878
94.4017
94.5409
94.4836
101.725
114.847
101.456
98.0121
114.528
103.634
99.0926
127.351
126.617
93.1304
118.753
112.886
94.1146
112.317
105.222
95.6531
78.2886
81.6196
152.279
81.6348
93.9872
94.2406
95.0025
103.763
110.69
95.8757
100.379
96.9871
98.3958
177.285
87.0638
122.414
135.76
102.622
99.116
115.774
103.395
108.958
104.838
113.258
107.87
96.7809
102.9
96.3481
108.67
95.5626
129.758
129.804
99.6893
126.021
121.161
153.188
87.922
100.905
101.391
105.316
122.118
118.367
140.961
122.536
175.551
120.904
187.516
234.223
122.471
101.829
113.79
198.729
103.529
159.51
74.8378
109.139
102.563
107.583
136.722
199.266
150.738
250.511
321.6
95.2807
0.747015
354.416
54.3935
128.982
343.228
73.9316
53.3503
207.616
83.7728
-44.552
165.15
92.6102
)
;
    }
    frontWall
    {
        type            cyclic;
    }
    backWall
    {
        type            cyclic;
    }
}


// ************************************************************************* //
