/*--------------------------------*- C++ -*----------------------------------*\
| =========                 |                                                 |
| \\      /  F ield         | OpenFOAM: The Open Source CFD Toolbox           |
|  \\    /   O peration     | Version:  5.0                                   |
|   \\  /    A nd           | Web:      www.OpenFOAM.org                      |
|    \\/     M anipulation  |                                                 |
\*---------------------------------------------------------------------------*/
FoamFile
{
    version     2.0;
    format      ascii;
    class       volScalarField;
    location    "3.4";
    object      p;
}
// * * * * * * * * * * * * * * * * * * * * * * * * * * * * * * * * * * * * * //

dimensions      [1 -1 -2 0 0 0 0];

internalField   nonuniform List<scalar> 
8437
(
99.4407
101.18
106.261
86.7086
97.5877
100.005
99.5405
96.6855
94.1762
91.5967
88.9995
86.4019
83.8119
81.2559
78.7151
76.196
73.695
71.2241
68.7756
66.3587
63.9444
61.5513
59.1888
56.8204
54.4778
52.1533
49.8349
47.5153
45.2138
42.9438
40.6703
38.4189
36.1981
33.9728
31.7378
29.536
27.3876
25.2763
23.1747
21.0659
18.9862
16.9514
14.921
12.8643
10.8363
8.85518
6.87814
4.89413
2.93178
0.979899
100.963
99.8882
103.098
97.2205
121.559
105.101
101.593
97.9875
94.3231
91.7355
89.0728
86.4458
83.8594
81.2836
78.7256
76.2128
73.7004
71.2452
68.8128
66.367
63.9523
61.5558
59.1808
56.8199
54.4642
52.1358
49.8239
47.5189
45.2279
42.9461
40.6818
38.431
36.1942
33.9607
31.7398
29.541
27.3823
25.2595
23.1541
21.0641
18.9918
16.9568
14.9279
12.8831
10.8439
8.84608
6.86532
4.89106
2.93201
0.979592
100.491
99.8117
100.575
97.471
96.5338
105.735
102.705
98.4225
94.5189
91.8333
89.1347
86.4696
83.8595
81.2913
78.7359
76.2037
73.7173
71.2693
68.824
66.3649
63.9554
61.5595
59.1741
56.816
54.4644
52.1318
49.8135
47.5241
45.2347
42.9508
40.6878
38.4305
36.174
33.9493
31.7457
29.5546
27.3819
25.2499
23.1513
21.0656
19.0008
16.9548
14.9136
12.8804
10.8523
8.84237
6.85934
4.89219
2.93461
0.979447
101.599
101.325
101.34
100.871
95.3218
103.829
102.617
98.8961
94.4802
91.8301
89.139
86.5035
83.869
81.2884
78.7401
76.2116
73.7178
71.2613
68.8011
66.3668
63.9636
61.5595
59.1798
56.8201
54.4865
52.1443
49.8136
47.5301
45.2303
42.9397
40.688
38.4251
36.1683
33.944
31.7536
29.5713
27.3875
25.2459
23.1525
21.0741
19.0067
16.9454
14.8947
12.8727
10.8597
8.84512
6.85969
4.89938
2.94094
0.974693
100.616
101.943
149.858
108.114
108.557
102.701
101.207
98.5939
94.2909
91.7475
89.0958
86.4639
83.8622
81.2819
78.7451
76.2183
73.7309
71.2534
68.7805
66.3652
63.9666
61.5593
59.1852
56.824
54.4916
52.1583
49.8234
47.525
45.2173
42.9317
40.6811
38.4168
36.1653
33.9428
31.7549
29.5802
27.396
25.2489
23.1563
21.0822
19.0051
16.9282
14.8752
12.8625
10.8579
8.84691
6.86743
4.91399
2.94964
0.97277
102.253
102.957
107.536
100.832
99.9183
99.737
100.464
98.4523
94.1982
91.699
89.0634
86.444
83.8518
81.2813
78.7548
76.2291
73.7396
71.2565
68.7795
66.3634
63.9635
61.5545
59.1854
56.834
54.497
52.1735
49.8344
47.5203
45.2104
42.9215
40.673
38.4113
36.1588
33.9455
31.7594
29.5843
27.4119
25.2638
23.1606
21.0833
18.9991
16.9121
14.8622
12.8521
10.8517
8.85095
6.88363
4.93805
2.96037
0.975846
103.023
101.248
103.83
100.8
103.174
100.233
100.723
98.3252
94.3078
91.6901
89.0588
86.4378
83.8603
81.2881
78.7458
76.2235
73.7359
71.263
68.781
66.3514
63.9543
61.5558
59.1851
56.8419
54.5021
52.1701
49.8398
47.5164
45.2131
42.9358
40.6731
38.4013
36.1527
33.9522
31.7627
29.5784
27.4151
25.2762
23.1625
21.0746
18.9916
16.9111
14.8607
12.8513
10.8484
8.85285
6.88976
4.93759
2.96414
0.984623
100.046
100.285
98.8248
99.9793
103.505
96.5633
101.921
98.3074
94.3421
91.6914
89.032
86.4166
83.8444
81.2759
78.7164
76.2209
73.724
71.2497
68.7923
66.3424
63.943
61.5504
59.1813
56.8426
54.5016
52.1743
49.8418
47.5133
45.2214
42.9398
40.6685
38.398
36.1573
33.9589
31.7607
29.5673
27.4148
25.2869
23.1677
21.0685
18.987
16.9174
14.8737
12.8551
10.8471
8.85489
6.88812
4.92656
2.9624
0.988747
102.693
98.0578
98.0559
102.615
102.719
117.52
103.294
97.8618
94.1115
91.5937
88.9876
86.4008
83.8265
81.2626
78.7211
76.2157
73.7012
71.2314
68.7847
66.3489
63.9348
61.5434
59.1861
56.837
54.5021
52.1736
49.8356
47.512
45.2158
42.9387
40.6557
38.3976
36.175
33.9636
31.7535
29.5569
27.4095
25.2906
23.1716
21.0669
18.985
16.9293
14.8897
12.8554
10.8429
8.85567
6.88078
4.91575
2.95158
0.989453
99.6738
103.2
99.2999
111.926
100.028
96.6501
99.2152
96.3897
94.034
91.5192
88.9624
86.3774
83.7945
81.255
78.7143
76.198
73.697
71.23
68.7783
66.3542
63.9373
61.5443
59.1889
56.8261
54.4908
52.1699
49.8399
47.5143
45.214
42.9391
40.6574
38.4039
36.1909
33.9715
31.7427
29.5423
27.3974
25.2852
23.1743
21.0653
18.985
16.9414
14.9079
12.8577
10.8368
8.86087
6.88447
4.90461
2.93722
0.980588
100.292
101.713
104.994
107.138
97.4061
100.01
99.4548
96.6862
94.1761
91.5967
88.9996
86.4019
83.8117
81.2561
78.7151
76.1959
73.695
71.2242
68.7758
66.3587
63.9444
61.5513
59.1889
56.8202
54.4778
52.1533
49.8348
47.5153
45.2137
42.9438
40.6702
38.419
36.1981
33.9727
31.7377
29.536
27.3875
25.2763
23.1747
21.0657
18.9861
16.9515
14.9212
12.8644
10.8363
8.85536
6.87806
4.89408
2.93174
0.979975
99.9147
99.2375
99.3561
99.676
112.839
106.856
101.507
97.9876
94.3235
91.7353
89.0729
86.4457
83.8594
81.2836
78.7256
76.2126
73.7004
71.2453
68.8127
66.3669
63.9523
61.5558
59.1805
56.8199
54.4643
52.1357
49.8239
47.5189
45.2279
42.9462
40.6823
38.4311
36.1942
33.9607
31.7398
29.541
27.3822
25.2595
23.154
21.0641
18.9919
16.9568
14.928
12.8829
10.844
8.84611
6.86523
4.89112
2.9322
0.979543
100.488
98.8027
102.926
92.3708
99.252
105.37
102.706
98.4225
94.5204
91.8331
89.1347
86.4696
83.8595
81.2912
78.7359
76.2037
73.7173
71.2692
68.8244
66.3649
63.9551
61.5595
59.1739
56.8159
54.4644
52.1316
49.8135
47.524
45.2347
42.9511
40.6875
38.4304
36.1741
33.9493
31.7458
29.5546
27.3818
25.2499
23.1512
21.0654
19.0008
16.955
14.9136
12.8803
10.8523
8.8422
6.85919
4.89226
2.93468
0.979433
100.263
100.15
100.946
99.6145
95.5285
104.198
102.598
98.8867
94.4807
91.8297
89.1389
86.5034
83.8689
81.2883
78.74
76.2115
73.7177
71.2612
68.8011
66.3667
63.9635
61.5595
59.1798
56.8202
54.4864
52.1442
49.8137
47.5301
45.2304
42.9395
40.6878
38.4251
36.1683
33.944
31.7537
29.5712
27.3874
25.2459
23.1525
21.074
19.0067
16.9454
14.8945
12.8726
10.8597
8.8451
6.85959
4.89934
2.94092
0.974557
99.9915
101.533
101.3
107.424
115.024
102.537
101.209
98.4777
94.2911
91.7475
89.0959
86.4639
83.8621
81.2819
78.7452
76.2184
73.7308
71.2534
68.7803
66.3654
63.9666
61.5592
59.1851
56.8241
54.4914
52.1583
49.8235
47.5249
45.2167
42.9316
40.6818
38.4168
36.1652
33.9428
31.755
29.5802
27.396
25.2489
23.1563
21.0823
19.005
16.9282
14.8753
12.8628
10.8579
8.84689
6.86736
4.91393
2.94963
0.972818
101.254
101.393
104.743
102.369
99.5457
99.6697
100.43
98.3241
94.1984
91.6991
89.0633
86.444
83.852
81.2812
78.7548
76.229
73.7395
71.2566
68.7793
66.3633
63.9638
61.5545
59.1851
56.834
54.497
52.1737
49.8343
47.5202
45.2104
42.9215
40.673
38.4112
36.1587
33.9454
31.7594
29.5841
27.412
25.2638
23.1605
21.0833
18.9991
16.9121
14.8622
12.8521
10.8515
8.85093
6.8836
4.93807
2.96009
0.975817
102.888
99.9134
105.808
100.483
99.6597
100.251
100.695
98.3137
94.3082
91.6899
89.0588
86.4377
83.8602
81.288
78.7458
76.2235
73.7359
71.2629
68.7808
66.3515
63.9542
61.5558
59.1851
56.8419
54.502
52.17
49.8397
47.5164
45.2132
42.9357
40.6734
38.4012
36.1527
33.9521
31.7626
29.5782
27.4151
25.2761
23.1624
21.0746
18.9916
16.9109
14.8607
12.8513
10.8482
8.85283
6.88988
4.93764
2.96406
0.984747
98.5858
103.92
98.7106
99.854
103.338
96.1402
101.875
98.3028
94.3429
91.6912
89.032
86.4166
83.8444
81.2758
78.7164
76.2209
73.7243
71.2495
68.7928
66.3423
63.943
61.5505
59.1813
56.8426
54.5015
52.1745
49.8418
47.5133
45.2213
42.9399
40.6684
38.3978
36.1573
33.9589
31.7607
29.5673
27.4147
25.2868
23.1677
21.0684
18.9869
16.9174
14.8738
12.8551
10.8471
8.85487
6.88811
4.92654
2.96238
0.988714
100.765
110.124
95.7159
109.335
124.329
115.403
103.304
97.8591
94.1122
91.5934
88.9876
86.4008
83.8265
81.2625
78.7211
76.2159
73.7013
71.2307
68.7847
66.349
63.9348
61.5434
59.1861
56.837
54.5019
52.1736
49.8355
47.5117
45.2158
42.9388
40.6557
38.3974
36.1755
33.9636
31.7532
29.5569
27.4095
25.2905
23.1715
21.0669
18.985
16.9294
14.8897
12.8553
10.8429
8.85566
6.88065
4.91572
2.95165
0.989454
109.195
103.173
126.954
105.127
102.511
96.5232
99.0974
96.3902
94.034
91.5193
88.9625
86.3773
83.7943
81.255
78.7142
76.1982
73.697
71.2297
68.7784
66.3541
63.9372
61.5442
59.1889
56.8261
54.4909
52.1698
49.8397
47.5143
45.2139
42.9391
40.6575
38.404
36.1911
33.9714
31.7423
29.5425
27.3974
25.2852
23.1742
21.0653
18.985
16.9415
14.9079
12.8577
10.8368
8.86084
6.88434
4.90458
2.9373
0.980572
98.8159
100.29
108.314
104.364
102.135
100.095
99.4675
96.6859
94.1761
91.5967
88.9996
86.402
83.8114
81.2562
78.715
76.1956
73.6949
71.2242
68.7758
66.3584
63.9443
61.5518
59.1888
56.8201
54.4778
52.1533
49.8346
47.5152
45.2135
42.9437
40.6703
38.419
36.1981
33.9724
31.7376
29.5359
27.3875
25.2762
23.1747
21.0656
18.9859
16.9515
14.9212
12.8645
10.8362
8.85531
6.87793
4.89397
2.93163
0.979921
100.264
100.859
103.069
101.527
113.143
103.782
101.536
97.9883
94.323
91.7354
89.0727
86.4456
83.8593
81.2835
78.7255
76.2125
73.7003
71.2454
68.8125
66.3667
63.9524
61.5558
59.1803
56.8197
54.4645
52.1356
49.8236
47.5188
45.228
42.9462
40.6823
38.4311
36.194
33.9607
31.7398
29.5409
27.3821
25.2599
23.1539
21.0635
18.9918
16.9568
14.9278
12.8822
10.844
8.8461
6.86514
4.89105
2.93227
0.979354
100.4
98.9123
101.012
98.2958
109.856
105.6
102.703
98.4243
94.5201
91.8331
89.1346
86.4695
83.8594
81.2912
78.7358
76.2036
73.7172
71.2688
68.8242
66.3648
63.9549
61.5594
59.1738
56.8158
54.4644
52.1315
49.8134
47.524
45.2347
42.951
40.6874
38.43
36.1742
33.9494
31.7458
29.5546
27.3816
25.2499
23.1512
21.0653
19.0008
16.955
14.9133
12.8801
10.8524
8.8421
6.85904
4.89225
2.93462
0.979209
100.215
100.492
99.9356
104.648
97.8403
103.19
102.607
98.8908
94.4802
91.8295
89.1388
86.5032
83.8688
81.2883
78.74
76.2115
73.7177
71.2609
68.8011
66.3665
63.9635
61.5594
59.1799
56.8203
54.4862
52.1437
49.8138
47.5301
45.2303
42.9395
40.6877
38.425
36.1682
33.9439
31.7537
29.5711
27.3873
25.2459
23.1525
21.074
19.0067
16.9453
14.8944
12.8725
10.8598
8.84502
6.85948
4.89927
2.94083
0.974223
100.038
100.773
100.424
107.287
103.785
101.01
101.209
98.4812
94.2904
91.7478
89.0958
86.4639
83.8616
81.2818
78.7452
76.2183
73.7307
71.2533
68.7801
66.3655
63.9666
61.5591
59.185
56.8241
54.4912
52.1583
49.8236
47.5249
45.2166
42.9315
40.6817
38.4168
36.1651
33.9427
31.7549
29.5801
27.3959
25.2489
23.1562
21.0825
19.0048
16.9281
14.8753
12.8633
10.8579
8.84682
6.86751
4.91381
2.94962
0.972724
101.076
101.444
101.344
101.338
100.095
98.9186
100.416
98.3366
94.1977
91.6992
89.0631
86.444
83.8521
81.2811
78.7546
76.229
73.7395
71.2566
68.7792
66.3632
63.9637
61.5545
59.185
56.834
54.4971
52.1736
49.8343
47.52
45.2103
42.922
40.6731
38.4109
36.1585
33.9463
31.7595
29.584
27.412
25.2637
23.1604
21.0833
18.999
16.9121
14.8622
12.852
10.8513
8.85085
6.88361
4.93805
2.95966
0.975794
102.748
102.289
106.358
100.547
101.352
100.339
100.665
98.3142
94.3078
91.69
89.0587
86.4377
83.8601
81.2878
78.7457
76.2234
73.7358
71.2627
68.7807
66.3515
63.9542
61.5557
59.185
56.8418
54.5019
52.17
49.8396
47.5166
45.2135
42.9358
40.6733
38.401
36.1526
33.952
31.7625
29.578
27.415
25.2761
23.1623
21.0746
18.9916
16.9105
14.8607
12.8512
10.848
8.85276
6.89009
4.9375
2.96363
0.9847
100.149
100.082
102.071
97.0661
105.245
96.4519
101.882
98.3032
94.3425
91.6913
89.0319
86.4165
83.8443
81.2758
78.7163
76.2208
73.7245
71.2492
68.7928
66.3423
63.9429
61.5505
59.1814
56.8425
54.5014
52.1746
49.8418
47.5131
45.2212
42.9398
40.6684
38.3977
36.1572
33.9588
31.7606
29.5675
27.4146
25.2867
23.1676
21.0684
18.9865
16.9175
14.8739
12.855
10.8469
8.8548
6.88806
4.92649
2.96236
0.988677
102.801
103.575
101.594
108.054
160.265
114.971
103.298
97.8591
94.1119
91.5935
88.9875
86.4007
83.8264
81.2625
78.721
76.2161
73.7012
71.2306
68.7847
66.349
63.9347
61.5434
59.1861
56.8369
54.5018
52.1735
49.8353
47.5116
45.2159
42.9389
40.6556
38.3973
36.176
33.9635
31.7531
29.5569
27.4095
25.2903
23.1714
21.0668
18.9851
16.9296
14.8896
12.8551
10.8428
8.85561
6.88055
4.91564
2.95158
0.989355
107.217
99.0287
106.112
103.82
105.393
96.5445
99.1111
96.39
94.0339
91.5192
88.9624
86.3772
83.794
81.255
78.7142
76.1983
73.6969
71.2296
68.7785
66.354
63.9368
61.5441
59.1889
56.826
54.4908
52.1697
49.8396
47.5143
45.2138
42.939
40.6574
38.4039
36.1915
33.9713
31.7418
29.5425
27.3974
25.2851
23.1742
21.0652
18.9849
16.9415
14.9078
12.8575
10.8368
8.86074
6.88415
4.90451
2.93732
0.980504
100.107
103.239
101.944
99.8633
100.117
103.113
101.979
101.962
107.494
103.105
104.771
101.986
106.333
103.119
103.107
110.262
103.325
105.825
103.105
106.992
103.303
102.827
107.013
101.458
103.667
102.827
107.346
101.455
101.228
100.024
100.18
102.491
101.24
99.8909
100.176
100.134
99.6712
100.176
99.5794
100.085
99.6829
100.184
100.151
98.2761
101.123
100.292
100.409
98.2061
101.129
101.931
141.15
104.909
96.2745
101.925
120.258
104.919
104.075
96.7418
99.333
115.265
104.076
96.1648
99.3402
98.9326
99.6166
100.125
96.5761
98.9569
99.5786
100.144
100.123
103.735
101.967
99.9239
100.126
102.375
101.968
101.994
106.051
103.128
104.107
102.005
106.688
103.151
103.134
106.814
103.33
106.058
103.101
108.989
103.306
102.829
110.228
101.462
102.974
102.844
95.6875
101.431
101.199
99.8441
100.161
101.276
101.203
99.6813
100.292
100.08
99.7007
100.296
98.924
100.166
99.6962
100.232
100.45
98.1912
101.115
100.311
100.322
98.2125
101.122
101.928
119.648
104.937
96.3548
101.934
116.771
104.937
104.076
95.5155
99.3424
116.373
104.078
95.4601
99.3471
98.9617
99.5628
100.149
96.4183
98.9571
99.5523
100.148
100.123
102.28
101.967
100.334
100.097
102.35
101.935
102.001
106.557
103.155
104.225
101.976
106.73
103.161
103.1
108.659
103.366
105.879
103.126
108.451
103.337
102.849
95.9232
101.455
103.186
102.838
96.2898
101.417
101.154
99.6108
100.083
100.73
101.268
99.5589
100.23
100.063
99.7025
100.2
98.9017
100.255
99.7272
100.175
100.355
98.0761
101.128
100.393
100.211
98.3694
101.121
101.93
115.745
104.934
96.4625
101.934
113.427
104.947
104.08
95.4329
99.346
114.864
104.08
95.4298
99.3385
98.9515
99.6453
100.145
96.7247
98.9285
99.6832
100.126
100.991
95.9249
107.198
97.171
99.6409
96.313
104.177
101.171
99.6849
101.375
99.8651
101.232
101.261
99.526
98.3281
101.95
99.1066
99.4635
98.3364
101.848
99.1152
103.754
101.693
110.487
112.306
103.745
126.214
112.887
103.96
103.022
107.134
104.951
103.099
106.592
103.911
99.7102
102.804
99.875
101.523
99.7103
102.834
99.8862
112.472
104.903
118.839
99.8388
106.587
111.164
116.334
104.612
104.174
107.313
105.766
104.302
105.163
104.652
99.9406
102.848
100.109
102.71
99.9506
102.811
100.081
103.714
97.7675
104.489
98.6561
106.691
96.7844
104.557
100.1
103.638
102.57
103.574
103.525
102.803
100.574
100.221
101.665
100.81
102.634
100.102
101.669
100.781
107.038
102.797
111.145
114.778
105.751
102.23
111.031
100.86
100.914
102.604
102.767
100.912
102.692
100.896
100.987
100.726
100.622
101.211
101.02
100.689
100.66
100.469
100.896
99.9012
99.6858
110.485
99.3921
99.8746
99.4961
99.7028
102.244
99.7493
99.6979
101.21
99.8884
100.516
100.573
100.431
100.417
100.555
100.551
100.45
99.424
97.6012
96.467
99.6977
99.441
98.8447
97.0019
100.151
99.8842
99.6517
100.239
99.8456
100.101
100.032
100.103
101.411
99.6191
100.68
100.03
101.41
99.4847
87.4435
89.7563
153.183
103.986
77.3795
138.518
153.765
106.269
100.128
106.352
96.1038
100.065
106.194
106.53
99.6322
103.831
99.6268
101.901
99.5941
103.834
99.6323
89.6013
125.58
94.1932
119.261
144.646
130.447
91.6808
99.1905
108.623
102.725
119.627
108.604
104.978
97.9521
99.4821
99.53
98.5592
103.301
99.4914
99.4487
98.557
95.8497
79.7383
103.371
99.2802
95.6824
80.0203
100.814
98.8729
97.3937
98.9382
96.6386
97.3645
98.7619
99.0676
98.0591
99.515
98.0484
99.1097
98.0662
99.4074
98.0558
99.1081
95.858
124.834
101.937
99.2643
100.603
125.435
101.324
99.6239
101.305
99.9084
101.157
101.46
99.5929
98.335
101.843
99.1139
99.4551
98.3347
101.843
99.1135
105.771
124.292
110.884
106.875
107.017
96.8868
108.796
103.76
102.541
105.479
102.439
103.759
102.506
105.51
99.7102
102.839
99.8851
101.515
99.7099
102.825
99.8852
108.288
105.064
113.986
111.047
107.736
102.185
112.731
104.411
104.199
106.24
105.301
104.458
104.112
105.397
99.9489
102.82
100.078
102.701
99.9483
102.802
100.078
101.851
95.5915
102.96
95.0384
107.017
95.945
102.735
104.878
103.568
105.454
102.817
104.768
103.553
100.337
100.093
101.739
100.774
102.604
100.092
101.672
100.775
105.701
102.259
114.13
103.148
101.387
102.473
100.454
100.677
100.862
109.624
102.88
100.804
100.821
99.2926
101.027
100.723
100.665
101.207
101.028
100.711
100.664
112.522
99.4541
100.888
100.461
97.8648
99.5453
99.1515
99.6143
99.6568
102.097
98.9477
99.697
99.6122
101.965
100.565
100.556
100.454
100.441
100.56
100.588
100.453
99.3154
98.9315
97.7862
99.686
99.8856
108.072
98.2722
99.7985
99.8456
99.4363
100.3
99.8664
99.8454
99.5118
100.013
101.415
99.474
100.619
100.013
101.409
99.4738
81.1234
77.0349
147.147
105.938
79.0861
89.7776
120.635
106.004
99.9873
106.023
96.7465
106.101
99.9665
105.622
99.5897
103.831
99.6277
101.881
99.5903
103.829
99.6273
143.616
112.551
91.3339
144.347
132.715
107.792
91.9605
102.356
108.546
102.417
116.367
99.9083
108.561
101.347
99.4888
99.447
98.555
103.302
99.4879
99.4493
98.555
98.8063
81.708
100.97
99.0331
96.6012
125.093
100.814
98.8262
97.3626
98.6749
96.4668
98.8289
97.3757
98.6649
98.0644
99.3976
98.0548
99.1
98.0642
99.3988
98.0551
99.3903
126.761
101.672
102.083
100.762
123.171
92.4776
101.44
99.6504
101.655
100.021
101.442
101.889
99.6561
98.3359
101.848
99.1145
99.5655
98.3277
101.974
99.1059
106.206
98.8614
108.533
106.713
105.443
101.417
116.16
104.472
102.975
106.559
104.265
104.453
102.6
106.39
99.7096
102.817
99.8867
101.59
99.7086
102.798
99.8749
103.218
107.52
121.474
110.165
104.704
101.92
106.009
104.81
104.278
105.032
105.65
104.473
104.358
105.05
99.9502
102.819
100.08
102.697
99.9398
102.848
100.108
106.889
96.7528
102.857
85.131
105.723
107.316
102.881
100.709
103.482
101.916
103.374
103.156
103.379
104.543
100.1
101.727
100.78
102.609
100.224
101.734
100.81
99.7369
102.534
100.11
106.011
97.9294
102.894
88.8682
100.555
100.742
99.2913
100.804
100.556
100.743
99.228
101.023
100.69
100.659
101.212
100.988
100.749
100.622
97.123
99.6488
99.6187
100.069
97.1191
99.8694
99.2921
99.7441
99.5645
101.101
98.924
99.702
99.5422
101.131
100.554
100.554
100.452
100.459
100.517
100.563
100.431
99.5949
106.827
98.2684
100.447
99.6195
104.627
99.0839
99.8059
99.8564
99.9911
100.365
99.8586
99.8422
99.448
100.024
101.42
99.4836
100.629
100.102
101.418
99.6187
86.0528
102
121.231
106.517
85.9216
95.2561
61.4095
105.704
99.9948
107.507
96.3622
105.756
100
107.026
99.5936
103.829
99.6316
101.927
99.6313
103.825
99.6257
130.376
114.017
92.5338
85.2139
125.591
107.776
93.0983
104.743
108.522
101.23
115.658
102.737
108.603
101.446
99.4905
99.448
98.5571
103.291
99.4815
99.5307
98.5594
99.8806
124.695
100.686
105.63
99.0638
118.951
99.8239
98.9119
97.4582
101.269
96.5599
98.9853
97.4292
100.066
98.0657
99.4098
98.0565
99.2129
98.0585
99.5134
98.049
100.891
99.8369
101.361
100.112
101.315
100.892
99.8404
100.145
101.556
102.229
102.497
101.132
102.234
100.277
101.089
100.629
102.129
101.964
100.614
102.134
101.082
101.131
99.8919
99.6219
101.225
101.171
101.114
99.6351
100.89
100.114
99.8387
101.293
101.29
100.882
99.8401
100.104
103.223
100.894
102.147
101.225
102.137
100.159
101.117
101.98
100.669
102.134
100.672
102.135
101.114
103.065
102.183
102.735
101.97
102.174
102.742
103.03
104.377
106.641
99.6042
111.798
106.172
99.417
104.35
103.496
103.002
103.127
103.108
103.006
103.19
103.494
104.102
104.881
102.738
105.741
102.975
106.699
104.067
103.007
101.978
102.184
102.754
102.169
102.747
103.004
104.38
117.197
106.152
113.662
106.141
99.9686
104.402
103.498
103.112
103.001
103.204
103.004
103.139
103.516
104.074
103.473
103.521
103.088
103.482
103.51
104.07
104.25
126.909
104.887
109.468
117.563
104.895
104.476
103.873
103.269
103.968
103.311
103.285
103.962
103.883
104.596
105.657
104.218
105.453
104.271
105.175
104.503
104.076
103.118
103.449
103.522
103.489
103.557
104.06
104.098
114.28
103.239
104.854
128.886
104.862
104.002
103.82
103.364
103.344
103.928
103.226
103.938
103.808
101.808
103.013
102.276
102.82
102.965
102.296
102.335
102.265
107.956
101.401
107.146
104.583
101.41
102.194
102.149
101.91
101.412
101.46
101.877
101.357
102.14
106.623
103.501
103.642
102.114
103.694
103.373
104.097
101.876
102.84
102.981
102.309
102.975
102.305
104.426
102.477
107.366
103.593
101.118
103.999
101.72
102.964
102.163
101.468
101.86
101.377
101.864
101.375
102.169
100.919
101.292
100.905
101.225
101.299
100.905
100.956
100.109
99.6407
100.092
100.008
99.6437
100.003
100.1
100.371
100.52
100.228
100.214
100.489
100.167
100.465
100.834
102.616
100.897
102.65
100.896
102.593
100.832
100.901
101.232
101.275
100.889
101.339
100.899
100.886
100.105
99.9622
99.9942
99.8855
100.039
100.043
100.104
100.355
100.365
100.48
100.127
100.635
100.131
100.41
99.9293
99.9248
100.085
100.143
99.9246
100.061
99.9502
99.869
100.047
99.7551
99.6695
99.6923
99.7484
99.838
100.04
100.11
100.051
100.171
100.105
100.044
100.039
100.202
99.4368
99.6696
101.297
99.7054
101.212
99.8558
99.935
100.143
99.9301
100.06
99.9066
100.049
99.9178
99.8618
99.6754
100.015
99.7509
100.2
99.7547
99.8615
100.032
100.173
100.106
100.046
100.102
100.055
100.036
100.141
100.301
100.44
100.195
100.211
100.434
100.139
99.5069
97.9958
99.6178
98.3527
98.0341
99.5945
99.824
100.23
100.704
100.58
101.123
100.691
100.573
100.223
99.9942
100.265
99.8023
99.4282
99.8942
100.035
99.8684
100.153
100.236
100.149
100.42
100.284
100.435
100.14
99.4765
98.4032
99.422
99.5787
98.0351
99.5871
99.8603
100.226
101.15
100.669
100.576
100.702
100.578
100.235
104.506
101.48
103.701
101.934
101.475
103.634
104.597
109.339
121.728
110.16
150.081
121.489
110.136
109.341
106.839
104.863
106.947
104.913
104.853
106.909
106.836
106.338
96.4483
100.02
107.953
100.064
105.558
106.23
104.513
101.922
101.467
103.631
101.464
103.627
104.478
109.385
126.033
114.041
109.711
128.869
109.866
109.517
106.819
104.919
104.855
106.893
104.867
106.899
106.809
101.331
105.691
102.051
104.075
105.645
102.056
101.541
97.4527
107.798
97.2151
98.1747
97.3029
97.278
97.9886
99.1801
100.374
98.2989
99.3429
100.376
98.2947
98.8358
97.9471
115.403
108.539
100.505
108.538
100.194
102.163
101.45
104.076
105.655
102.061
105.645
102.058
101.865
97.5302
95.4568
98.359
97.1185
98.1957
97.1227
97.2643
99.1497
99.3404
100.361
98.3011
100.366
98.297
98.6893
98.8698
98.2576
99.2552
98.9405
98.2594
99.2721
98.8653
99.3377
97.5638
100.014
99.618
97.5876
99.2688
99.5462
99.1742
99.4755
99.7214
100.134
99.4769
99.173
99.7252
98.8517
96.6781
97.3614
98.7066
97.3672
98.7388
98.8426
98.8701
98.9491
98.2579
99.2905
98.2592
99.2822
98.8712
99.1762
99.5972
97.4361
99.5713
97.5611
99.0841
99.5593
99.1789
100.142
99.4961
99.7198
99.4947
99.1798
99.7222
100.867
99.8378
101.315
100.127
100.872
101.351
99.8374
100.185
101.572
102.186
103.41
100.182
101.821
102.218
101.092
100.668
102.131
101.963
101.093
100.697
102.125
101.405
99.9509
99.5944
101.627
101.532
101.425
99.5729
100.865
100.127
99.8321
101.39
101.381
100.868
99.8339
100.298
102.548
101.594
102.196
104.116
102.215
100.317
101.091
101.965
100.672
102.114
100.673
102.118
101.084
102.94
102.191
102.761
102.001
103.004
102.199
102.769
104.354
106.276
104.483
106.074
104.393
105.612
104.602
103.507
102.999
103.208
103.136
103.522
102.997
103.298
103.912
106.344
102.699
111.608
102.968
111.882
104.461
102.874
102.007
102.208
102.787
102.239
102.779
102.815
104.419
106.467
109.081
104.869
107.067
104.746
104.458
103.482
103.144
102.996
103.189
102.997
103.155
103.511
104.018
103.431
103.505
103.066
104.034
103.417
103.496
103.75
103.784
104.72
120.787
103.888
102.765
104.996
103.901
103.216
103.938
103.307
103.869
103.38
103.935
104.374
105.409
104.152
111.583
104.104
104.929
104.473
103.993
103.116
103.422
103.529
103.4
103.535
103.975
103.79
109.04
101.823
104.842
102.735
104.848
103.371
103.891
103.338
103.293
103.93
103.449
103.944
103.858
105.684
103.001
102.314
102.807
103.381
102.992
102.328
104.972
102.985
101.041
109.666
102.855
102.32
101.615
102.191
101.862
101.346
101.46
102.18
101.883
101.301
104.686
102.923
103.723
102.116
103.647
100.327
102.875
103.525
102.82
103.117
102.273
102.994
102.306
107.585
102.729
116.494
114.452
101.022
102.178
101.224
102.255
102.186
101.441
101.843
101.268
101.842
101.268
102.475
100.897
101.289
100.899
101.193
100.873
101.262
100.871
100.057
99.8433
99.8174
99.7865
100.104
100.022
99.7589
100.386
100.499
100.134
100.194
100.383
100.495
100.132
100.574
102.027
100.736
99.4913
100.793
99.5501
100.483
100.891
101.305
101.253
100.866
101.268
100.888
100.902
100.017
99.745
99.515
99.6735
99.5035
99.7162
100.001
100.368
100.464
100.491
100.142
100.538
100.125
100.381
99.9123
99.9068
100.101
100.076
99.9125
99.9005
100.042
100.033
100.032
99.7483
99.7249
99.8583
100.249
99.7497
100.031
100.1
100.054
100.342
100.044
100.119
100.072
99.8027
98.8868
99.5781
101.118
99.596
101.4
99.7214
99.9105
100.089
99.9087
100.084
99.9101
100.038
99.9145
99.8856
99.7249
99.8375
99.7562
99.7876
99.7495
99.757
100.028
100.286
100.093
100.027
100.09
100.035
100.026
100.145
100.159
100.425
100.355
100.146
100.178
100.428
99.6161
105.147
99.5759
98.128
99.6437
105.866
99.569
100.231
100.665
100.588
101.12
100.229
100.688
100.588
99.8398
100.294
99.852
99.3819
99.8466
99.3543
99.8238
100.151
100.251
100.116
100.436
100.171
100.419
100.167
99.6396
98.1514
99.3203
99.6022
99.2916
99.6166
99.6842
100.233
101.12
100.662
100.588
100.674
100.59
100.231
104.462
101.472
103.66
101.919
104.472
101.471
103.665
109.789
110.219
109.548
119.209
109.695
106.604
109.494
106.82
104.855
106.894
104.919
106.823
104.858
106.902
105.901
97.5764
99.9798
107.385
99.9886
106.231
105.822
104.433
101.931
101.467
103.672
101.474
103.677
104.397
109.837
117.445
110.166
109.428
106.1
109.573
109.886
106.833
104.953
104.865
106.877
104.889
106.897
106.761
101.579
105.673
102.066
104.075
101.762
105.686
102.074
99.447
98.2428
97.2087
95.4731
97.2714
98.0645
97.2681
98.9585
100.36
98.3008
99.3446
98.6819
100.36
98.2832
100.832
115.275
108.549
103.52
108.657
101.067
104.529
101.708
104.077
105.673
102.089
105.721
102.083
101.712
99.3955
95.4712
97.9231
97.6266
97.8613
97.1974
98.9173
98.8683
99.3469
100.365
98.4669
100.362
98.2986
98.8273
98.876
98.2573
99.2973
98.9612
98.8729
98.2585
99.3034
99.0525
97.3833
99.6399
99.5058
99.0821
97.3734
99.5792
99.197
99.4996
99.7191
100.15
99.1863
99.5032
99.7207
98.8435
98.917
97.3453
101.502
97.3737
98.9154
98.8581
98.8785
98.9596
98.2586
99.3061
98.2585
99.3062
98.881
99.2492
99.499
102.354
99.6426
97.3904
99.2121
99.5952
99.2099
100.15
99.5102
99.725
99.507
99.2262
99.7225
100.876
99.8309
101.373
100.121
100.874
101.378
99.8331
100.59
100.645
102.223
102.448
100.439
100.315
102.24
101.075
100.673
102.112
101.965
101.078
100.675
102.114
101.441
100.496
99.7467
102.479
102.431
101.456
99.6601
100.877
100.112
99.8313
101.35
101.372
100.871
99.8348
100.552
102.407
99.9612
102.236
100.051
102.121
100.527
101.075
101.954
100.653
102.098
100.668
102.11
101.072
102.812
102.203
102.79
101.996
102.809
102.209
102.787
104.365
105.604
104.904
106.66
104.444
105.692
104.89
103.524
102.997
103.225
103.157
103.519
102.997
103.457
104.291
104.348
102.687
108.452
102.688
106.356
104.334
102.819
101.988
102.214
102.769
102.214
102.78
102.978
104.728
106.676
106.476
105.459
105.724
104.885
105.228
103.524
103.161
102.99
103.318
102.998
103.305
103.626
103.995
103.426
103.497
103.094
104.05
103.431
103.491
103.065
101.469
104.833
108.194
103.097
101.378
104.715
103.878
103.198
103.913
103.318
103.857
103.318
103.907
104.515
105.295
104.389
105.241
104.36
105.219
104.539
103.98
103.093
103.427
103.517
103.438
103.519
103.979
103.159
108.454
101.308
104.863
101.519
104.727
103.133
103.789
103.32
103.615
103.909
103.397
103.907
103.752
102.83
103.097
102.264
102.836
102.27
103.093
102.292
104.523
114.058
101.003
101.495
104.437
107
100.938
102.258
101.819
101.237
101.453
102.253
101.82
101.238
108.41
103.183
103.515
101.568
103.775
100.493
104.723
102.774
102.835
103.085
102.388
103.107
102.463
101.88
102.011
97.1302
107.668
100.921
107.197
100.924
105.196
102.281
101.423
101.825
101.229
101.82
101.226
102.277
100.888
101.252
100.905
101.185
100.891
101.243
100.859
100
99.4738
99.618
99.597
100.004
99.453
99.5797
100.384
100.489
100.136
100.117
100.377
100.506
100.134
100.431
100.664
100.729
99.6025
100.735
99.2264
100.412
100.889
101.31
101.244
100.903
101.244
100.915
100.886
100.011
99.5736
99.4427
99.6542
99.4465
99.5621
100.009
100.447
100.269
100.49
100.169
100.493
100.122
100.418
99.9227
99.9056
100.049
100.054
99.9236
99.909
100.05
99.853
99.6429
99.7607
99.6941
100.033
99.6225
99.7677
100.025
100.128
100.048
100.196
100.025
100.118
100.036
99.5537
98.8373
99.5821
105.031
99.531
100.904
99.6254
99.9228
100.135
99.8946
100.088
99.8924
100.047
99.9233
99.8521
99.6903
100.259
99.7961
99.5507
99.7804
99.8591
100.024
100.181
100.127
100.032
100.124
100.034
100.024
100.164
100.147
100.436
100.292
100.163
100.153
100.435
99.6962
99.9744
99.6207
98.0913
99.7331
99.4376
99.5946
100.238
100.654
100.589
101.117
100.237
100.682
100.63
99.8008
100.428
99.8874
99.5519
99.861
99.3755
99.8194
100.163
100.297
100.236
100.444
100.286
100.44
100.191
99.7374
98.064
101.313
99.6306
99.6272
99.5783
99.6954
100.239
101.115
100.756
100.638
100.685
100.623
100.249
104.36
101.468
103.673
101.93
104.372
101.469
103.671
109.526
101.798
109.431
114.616
109.688
101.403
109.493
106.778
104.851
106.978
104.957
106.759
104.854
106.88
105.659
96.4474
100.016
105.942
100.006
105.883
105.645
104.376
101.93
101.468
103.668
101.469
103.67
104.395
109.421
113.873
102.089
109.91
101.096
109.596
109.374
106.784
104.946
104.894
106.975
104.854
106.911
106.857
101.741
105.686
102.097
104.079
101.714
105.657
102.101
98.2405
98.0154
97.2124
95.4279
98.365
97.9752
97.2457
99.0576
100.375
98.3113
99.3465
98.8948
100.384
98.3324
101.413
114.355
108.57
102.077
108.53
101.676
101.481
101.739
104.08
105.683
102.094
105.629
102.101
101.735
98.4349
95.4338
97.9377
97.2461
97.9223
97.2402
98.3856
98.9254
99.3485
100.389
98.3201
100.391
98.3138
99.0546
98.8824
98.2591
99.3019
98.9448
98.8815
98.259
99.295
99.472
102.222
99.6237
99.5423
99.247
102.155
99.6393
99.2486
99.5117
99.7278
100.14
99.2405
99.5049
99.7315
98.9546
96.9725
97.4789
100.336
97.4261
100.791
98.9594
98.8837
98.9376
98.2575
99.2642
98.2597
99.2807
98.8828
99.2079
99.5211
103.371
99.8388
104.638
99.6534
99.6291
99.2541
100.134
99.4881
99.7312
99.4981
99.2576
99.7354
102.29
102.59
102.255
102.227
102.539
102.546
102.222
100.809
100.647
100.781
100.912
100.604
100.603
100.907
102.259
102.574
102.256
102.22
102.542
102.221
102.541
100.779
100.637
100.784
100.908
100.598
100.909
100.603
102.233
102.739
102.235
102.218
102.541
102.219
102.541
100.766
100.629
100.759
100.896
100.596
100.908
100.597
101.962
101.671
101.984
101.905
101.664
101.599
101.893
102.599
102.265
102.282
102.225
102.544
102.545
102.223
101.671
101.947
102.079
101.916
101.608
101.622
101.892
100.975
101.412
100.962
101.093
101.57
101.579
101.088
100.639
100.78
100.782
100.908
100.603
100.605
100.904
101.413
100.958
100.981
101.09
101.576
101.578
101.089
101.964
101.713
101.978
101.894
101.64
101.901
101.655
102.566
102.243
102.248
102.219
102.542
102.54
102.219
101.675
101.941
102.001
101.91
101.615
101.639
101.89
100.952
101.408
100.96
101.088
101.575
101.089
101.575
100.637
100.772
100.778
100.918
100.614
100.597
100.902
101.42
100.967
100.954
101.09
101.575
101.575
101.09
102.001
101.722
101.951
101.865
101.616
101.906
101.603
102.581
102.209
102.215
102.22
102.534
102.541
102.218
101.716
101.951
101.953
101.88
101.668
101.606
101.926
100.989
101.409
100.98
101.09
101.575
101.09
101.576
100.624
100.783
100.76
100.903
100.604
100.599
100.93
101.408
100.965
100.961
101.095
101.57
101.578
101.093
103.084
101.871
103.089
103.082
102.197
103.083
102.2
103.087
101.935
103.095
103.033
102.192
103.053
102.184
102.902
102.803
102.896
103.054
102.865
103.06
102.867
102.819
102.897
102.896
103.054
102.861
102.865
103.053
101.866
103.079
103.093
103.079
102.198
102.201
103.07
103.111
101.903
103.114
103.046
102.161
102.179
103.026
102.915
102.834
102.911
103.03
102.84
102.854
103.016
102.839
102.906
102.909
103.047
102.861
102.858
103.057
101.89
103.087
103.105
103.066
102.19
102.185
103.079
102.898
102.815
102.894
103.024
102.855
103.042
102.85
102.818
102.903
102.899
103.004
102.83
102.845
103.013
101.907
103.107
103.099
103.009
102.158
102.176
103.004
103.84
103.773
103.785
103.275
102.915
102.906
103.294
103.771
103.828
103.769
103.302
102.921
103.3
102.924
103.828
103.767
103.768
103.302
102.924
102.925
103.3
103.77
103.831
103.777
103.278
102.918
103.294
102.908
103.781
103.841
103.788
103.257
102.88
102.894
103.228
103.834
103.775
103.782
103.257
102.88
102.895
103.226
103.147
102.701
103.143
102.75
102.05
102.752
102.044
103.149
102.704
103.155
102.727
102.053
102.739
102.064
102.713
103.151
103.158
102.738
102.055
102.068
102.747
102.702
103.145
103.144
102.75
102.045
102.041
102.742
103.156
102.712
103.161
102.725
102.093
102.079
102.706
102.705
103.16
103.164
102.711
102.089
102.077
102.688
101.007
97.2685
100.569
98.635
96.6056
99.203
94.047
101.783
103.408
103.34
106.306
101.87
102.475
101.161
101.616
100.206
102.288
100.345
104.903
100.142
102.034
101.898
102.362
100.273
102.895
101.674
103.517
109.576
105.995
99.2694
99.6377
100.321
123.08
106.402
84.9378
106.067
103.073
103.152
107.916
90.7579
104.243
103.366
99.7561
104.398
86.5183
100.829
104.024
101.591
89.1445
99.8008
96.7349
83.8534
99.6273
95.0351
97.1692
117.128
96.5169
98.033
96.437
98.3242
96.5167
98.0339
96.4369
100.488
100.523
100.498
100.561
100.487
100.521
100.504
100.489
100.562
100.522
100.499
100.522
100.501
100.489
96.5075
98.1453
96.426
98.3407
96.5172
98.0376
96.4375
96.5168
98.0347
96.4372
98.4523
96.5069
98.147
96.4254
100.49
100.547
100.523
100.492
100.523
100.485
100.489
100.491
100.523
100.495
100.547
100.49
100.524
100.487
96.6308
98.3934
96.5603
98.4762
96.6306
98.3961
96.5603
100.783
100.796
100.634
100.666
100.784
100.798
100.633
100.783
100.665
100.795
100.634
100.796
100.634
100.783
96.6306
98.4075
96.5603
98.5921
96.6203
98.5234
96.5488
100.786
100.789
100.635
100.651
100.785
100.781
100.636
96.6211
98.525
96.5496
98.4845
96.6313
98.4052
96.5609
100.785
100.653
100.79
100.634
100.785
100.635
100.784
100.493
100.518
100.455
100.537
100.525
100.472
100.485
100.494
100.538
100.519
100.457
100.526
100.475
100.487
100.788
100.644
100.753
100.631
100.769
100.637
100.782
100.789
100.753
100.631
100.643
100.77
100.638
100.782
101.974
103.304
101.977
100.773
102.192
100.78
102.196
103.306
101.984
101.982
100.767
102.2
102.202
100.768
101.987
103.292
101.979
100.804
102.207
100.778
102.206
103.295
101.967
101.956
100.815
102.199
102.211
100.795
103.289
101.936
101.962
100.844
102.323
102.234
100.917
101.913
103.289
101.938
100.853
102.323
102.236
100.929
102.833
102.577
102.579
101.452
102.012
102.007
101.454
102.586
102.839
102.583
101.451
102.012
101.455
102.003
100.483
100.462
100.631
100.454
100.483
100.468
100.631
102.575
102.809
102.576
101.472
102.026
101.462
102.046
100.486
100.447
100.458
100.632
100.452
100.633
100.485
100.483
100.453
100.464
100.632
100.465
100.631
100.483
100.486
100.461
100.632
100.447
100.484
100.455
100.633
100.489
100.428
100.625
100.442
100.442
100.635
100.481
100.984
101.195
100.913
101.03
100.984
101.194
100.917
100.984
101.03
101.194
100.918
101.193
100.916
100.985
102.801
102.554
102.569
101.5
102.132
102.068
101.576
100.489
100.441
100.429
100.625
100.443
100.635
100.48
102.561
102.819
102.576
101.504
102.13
102.07
101.581
102.826
102.587
102.584
101.477
102.022
102.043
101.465
100.986
101.013
101.196
100.908
101.198
100.899
100.985
100.986
101.195
100.909
101.015
100.985
101.196
100.902
100.989
101.19
100.872
101.002
101.2
100.888
100.98
100.989
101.002
101.189
100.872
101.199
100.89
100.98
96.8674
98.7092
96.7587
98.8881
96.8678
98.7094
96.7593
101.725
100.761
101.492
100.771
101.728
100.751
101.495
101.728
100.771
100.749
101.492
100.761
101.493
101.719
96.8683
98.7106
96.7596
98.8982
96.8582
98.7458
96.7484
101.695
100.746
101.492
100.787
101.713
100.722
101.491
96.8572
98.7459
96.7475
98.8891
96.8675
98.7101
96.7588
101.714
100.788
100.743
101.49
100.748
101.489
101.718
96.553
98.4099
96.6034
98.3138
96.5532
98.41
96.6031
100.973
100.005
100.654
100.036
100.656
100.049
100.963
96.5421
98.4214
96.5923
98.3122
96.5531
98.414
96.604
100.956
100.048
100.653
100.038
100.651
100.034
100.963
100.971
100.655
100.04
100.006
100.971
100.656
100.037
96.5528
98.4127
96.6031
98.3238
96.541
98.4215
96.5912
101.709
100.827
101.476
100.798
100.74
101.487
101.732
101.688
100.798
100.853
101.477
100.725
101.488
101.748
100.944
100.652
100.039
100.044
100.959
100.649
100.022
100.954
100.631
100.138
100.073
100.646
100.043
100.965
100.934
100.072
100.629
100.169
100.643
100.037
100.984
105.406
103.143
104.049
107.347
105.73
103.104
104.084
101.956
100.091
102.03
100.339
102.029
100.338
101.956
101.07
99.5767
101.361
99.4733
101.069
99.5693
101.362
101.069
99.4738
99.5721
101.363
99.5712
101.362
101.069
101.938
102.028
100.356
100.111
101.947
102.018
100.372
101.055
99.4983
99.5839
101.356
99.6016
101.343
101.065
101.957
102.029
100.342
100.09
101.954
102.029
100.336
101.051
99.5897
101.357
99.4932
101.06
99.6057
101.348
101.921
100.134
101.985
100.502
102.005
100.412
101.901
101.941
100.109
102.024
100.353
102.015
100.372
101.951
101.047
99.7195
101.313
99.5281
99.6462
101.33
101.016
101.036
99.5237
99.7496
101.313
99.6475
101.335
101.016
101.933
101.986
100.475
100.136
102.004
100.413
101.9
57.2883
109.511
95.0217
103.962
68.0452
108.849
93.5298
107.637
86.3276
129.689
94.6764
110.149
95.5373
45.2216
98.1449
91.0855
95.5543
99.7724
97.765
91.7045
95.2433
113.709
91.9314
49.9013
99.7422
101.175
92.0477
79.3746
102.004
100.466
101.724
101.168
102.01
100.699
100.769
98.3475
93.5571
95.194
96.6502
112.973
93.5955
98.364
99.4891
100.478
100.488
99.6652
99.1649
99.1787
99.7371
99.4483
100.533
100.537
99.6075
99.1556
99.1543
99.6104
100.525
99.4463
100.534
99.6118
99.156
99.6175
99.1548
100.519
99.4571
100.502
99.6317
99.1634
99.6222
99.1719
99.4622
100.513
100.504
99.6377
99.1638
99.1726
99.6321
100.487
99.4943
100.497
99.665
99.1663
99.1797
99.741
97.783
97.0619
93.0195
99.0252
98.1406
94.9426
95.2204
106.198
103.155
104.501
108.66
105.424
103.428
104.829
86.1251
104.973
74.2506
99.7745
86.9106
96.9498
91.0246
97.0338
98.5716
97.0846
98.4232
97.034
98.5713
97.0851
98.4897
95.572
95.2345
103.325
98.6348
97.4024
94.8894
101.346
99.9921
101.75
100.081
101.344
99.9894
101.746
101.343
100.08
99.9945
101.749
99.9905
101.746
101.342
97.0235
98.5762
97.0722
98.423
97.0336
98.5724
97.0847
101.376
100.081
99.9952
101.757
99.9922
101.764
101.356
97.0338
98.5725
97.085
98.4244
97.0238
98.5762
97.0725
101.381
99.9963
101.756
100.081
101.357
99.9894
101.766
101.404
99.9914
101.782
100.095
99.9976
101.771
101.465
101.401
100.094
99.9949
101.781
99.9956
101.773
101.477
96.7725
98.278
96.713
98.3019
96.773
98.2778
96.713
101.45
101.265
99.7748
99.5913
101.453
101.261
99.7742
101.448
99.5908
101.264
99.7758
101.261
99.7747
101.449
96.7607
98.2799
96.701
98.3043
96.7721
98.2777
96.7136
96.7732
98.2778
96.7136
98.3073
96.7608
98.28
96.701
101.473
99.5942
101.27
99.7785
101.276
99.7776
101.464
101.468
101.27
99.7776
99.5952
101.459
101.276
99.7748
101.503
101.294
99.7782
99.6096
101.283
99.7851
101.577
101.489
99.6099
101.292
99.7813
101.282
99.785
101.581
101.501
102.156
102.151
101.322
100.62
100.624
101.326
102.171
101.499
102.157
101.319
100.624
101.315
100.625
102.174
101.553
102.202
101.321
100.619
101.328
100.614
101.544
102.194
102.213
101.313
100.625
100.622
101.314
101.571
102.279
102.238
101.32
100.608
100.617
101.307
102.273
101.568
102.238
101.319
100.607
100.622
101.309
101.545
102.557
100.454
101.119
102.441
103.022
103.395
102.98
103.335
107.203
100.994
105.36
103.612
107.287
99.182
99.0944
99.1758
98.6597
98.7325
98.661
98.7309
99.1325
99.1967
99.2189
98.6632
98.7366
98.7372
98.6646
99.3171
99.1618
99.2511
98.6673
98.7369
98.7424
98.6617
99.1923
99.1296
99.2108
98.6625
98.7354
98.6632
98.7369
99.096
99.179
99.1738
98.6598
98.7308
98.7299
98.6604
99.1583
99.3225
99.241
98.6677
98.7363
98.7419
98.6626
102.489
100.381
102.303
101.021
102.165
100.428
101.456
104.04
102.826
106.49
101.961
105.701
103.363
103.899
109.434
99.4598
99.4774
125.802
115.978
117.042
111.431
73.8018
108.196
94.3081
103.479
143.987
109.006
94.9336
100.998
99.9491
100.933
99.9243
100.934
99.9238
101.003
101.236
99.633
99.8386
100.835
99.839
100.841
101.216
100.998
100.934
99.924
99.9494
101.004
100.934
99.9238
101.198
99.8343
100.828
99.6272
101.204
99.8334
100.826
101.199
99.6268
99.8342
100.827
99.8332
100.826
101.203
101.232
99.8382
100.834
99.6328
101.215
99.839
100.84
101.029
99.9481
100.935
99.9276
100.936
99.9276
101.015
101.027
100.934
99.9283
99.9479
101.014
100.934
99.9284
101.273
99.8344
100.941
99.6381
99.8448
100.865
101.362
101.273
99.6373
99.8332
100.939
99.8442
100.864
101.362
101.061
100.947
99.9224
99.9511
100.94
99.9326
101.145
101.061
99.9504
100.946
99.9228
100.938
99.9332
101.146
102.441
100.121
102.029
100.337
102.296
101.442
102.201
100.841
101.843
100.858
99.6276
100.46
99.6312
100.46
101.841
100.831
100.833
99.6284
100.461
100.46
99.6301
101.853
100.891
100.941
99.6439
100.462
100.462
99.6419
100.83
101.861
100.835
99.6369
100.465
99.6349
100.466
101.893
100.958
100.86
99.6429
100.46
100.47
99.6358
100.974
101.877
100.933
99.6441
100.459
100.467
99.6343
93.1245
93.2366
148.386
103.935
93.2677
93.1668
88.4481
106.776
104.815
103.842
115.916
104.324
128.93
122.682
117.297
87.7928
132.006
84.6319
86.0724
116.658
130.632
110.78
104.006
104.011
108.94
111.374
112.878
113.419
107.776
103.496
106.414
101.412
101.401
101.326
101.821
99.108
99.3961
99.099
98.5374
98.7743
98.5376
98.7719
99.3959
99.0942
99.0931
98.5381
98.7714
98.5394
98.7712
99.2354
99.4413
99.1419
98.5466
98.7721
98.5422
98.7793
99.1036
99.418
99.1216
98.5437
98.7744
98.543
98.7747
99.4187
99.1232
99.1325
98.5407
98.7762
98.5407
98.7758
99.4448
99.2043
99.1521
98.5478
98.7709
98.5396
98.7784
100.857
110.613
109.349
107.882
107.228
116.724
116.827
110.332
100.871
108.397
110.009
115.251
104.633
112.352
102.388
108.163
108.133
122.016
169.336
142.043
122.611
100.299
99.4518
100.277
99.5101
98.7596
99.5149
98.7585
98.2183
98.3316
98.2139
97.281
97.3114
97.2818
97.3097
99.4706
100.313
100.326
99.5208
98.7639
99.5211
98.766
98.3358
98.2155
98.2193
97.2805
97.3102
97.3091
97.2813
98.222
98.3301
98.2254
97.315
97.2869
97.2875
97.316
98.3341
98.2284
98.2274
97.3159
97.287
97.2878
97.3162
98.4714
98.4022
98.4673
97.3643
97.3627
97.4261
97.4268
98.4035
98.469
98.4734
97.3625
97.3602
97.4231
97.4237
100.298
99.4744
100.298
99.5112
98.7627
99.5086
98.7626
99.4516
100.294
100.274
99.5061
98.7607
99.5045
98.7589
98.4768
98.401
98.4762
97.3668
97.3683
97.4304
97.4316
98.4059
98.479
98.4798
97.3673
97.3674
97.4293
97.4304
99.4974
100.435
100.328
99.5166
98.7598
99.5086
98.7673
100.361
99.4885
100.332
99.5222
98.7608
99.5111
98.7693
98.3542
98.3585
98.2539
97.2933
97.3116
97.3221
97.2833
98.3572
98.3468
98.2508
97.2929
97.3108
97.3217
97.2824
101.904
107.932
104.622
104.602
104.298
103.353
111.96
98.4286
98.6041
98.5029
97.3662
97.3768
97.4382
97.4299
98.6077
98.4344
98.5108
97.3671
97.377
97.4386
97.4309
109.656
100.691
109.297
107.857
115.035
107.923
116.548
96.9452
97.4561
88.9829
104.463
97.3457
100.539
117.719
97.2794
91.8876
73.4283
99.7353
97.9911
105.698
81.5374
103.068
97.9527
101.903
105.785
110.97
103.694
108.225
100.997
101.314
101.459
101.407
103.668
103.632
105.951
94.1558
102.55
105.036
96.4403
105.26
102.834
102.379
98.0023
103.392
104.844
104.681
101.825
98.053
102.653
106.98
101.355
107.716
105.466
102.006
101.379
102.353
103.924
103.248
105.059
98.1271
98.1965
103.245
103.289
98.0989
98.0347
98.0954
97.3044
97.3304
97.3056
97.3294
98.0381
98.0979
98.1002
97.3021
97.3293
97.3276
97.3028
98.039
98.106
98.1084
97.334
97.3094
97.3086
97.3339
98.0996
98.0386
98.1073
97.3335
97.3089
97.3097
97.3344
98.4702
98.4783
98.4676
97.5251
97.6079
97.5261
97.6067
109.295
99.5517
108.466
96.6062
109.54
96.5362
121.158
132.313
119.307
128.497
83.2756
110.801
131.675
85.9664
98.4786
98.4659
98.468
97.5254
97.6071
97.6064
97.5261
98.4744
98.4855
98.4785
97.6122
97.5313
97.5319
97.6131
98.4851
98.4771
98.4802
97.6134
97.5317
97.5322
97.614
98.2287
98.0595
98.1343
97.316
97.3335
97.3429
97.3075
98.0616
98.2256
98.1368
97.3156
97.3312
97.3411
97.3065
98.6011
98.5078
98.506
97.5371
97.6076
97.6189
97.5266
98.5098
98.5945
98.5053
97.5364
97.6066
97.618
97.5255
109.608
93.1701
97.1611
96.8584
124.741
93.1914
98.0354
93.698
91.5688
91.418
92.819
92.8156
94.6664
94.666
91.2691
93.1606
91.434
92.5749
92.8254
95.487
95.3056
101.792
97.0196
98.1628
106.491
101.639
94.9051
97.9026
102.321
100.761
100.85
101.097
102.147
101.014
100.92
102.975
96.9328
107.858
97.6484
99.1789
105.562
98.2639
98.0694
107.158
96.8098
89.5792
105.389
109.839
109.473
98.3913
104.553
100.635
99.2824
99.3994
104.575
99.2885
95.0342
104.037
121.862
100.309
104.469
97.6812
101.462
93.201
91.9743
93.3218
92.9818
92.9244
96.8545
95.641
98.6335
98.0007
98.7184
106.065
101.444
98.7662
97.5206
123.281
106.564
99.0151
96.2299
92.0305
98.9606
106.27
96.9209
82.5001
86.2889
113.287
106.883
108.29
111.729
100.821
121.953
99.2168
123.164
110.764
118.313
103.907
104.235
95.5195
100.014
103.398
102.972
96.2171
97.5777
97.2346
102.294
99.0873
102.801
97.9173
104.188
98.8684
137.71
110.264
76.5468
124.481
133.379
119.228
77.1445
98.7028
98.7104
98.7023
97.8681
97.8681
97.9297
97.9295
98.7118
98.7049
98.7043
97.8669
97.8659
97.9273
97.927
98.7055
98.7137
98.7095
97.8706
97.8695
97.9323
97.9323
98.7135
98.7058
98.7086
97.8694
97.8667
97.9306
97.9296
98.3148
98.2086
98.2077
97.6511
97.6526
97.6128
97.6116
98.2116
98.315
98.2097
97.6526
97.6534
97.6138
97.6138
86.875
93.2262
86.0981
90.7138
105.724
91.2495
107.098
92.9051
86.5182
86.36
90.0684
105.937
107.323
90.0761
98.7238
98.7386
98.7228
97.8639
97.8744
97.9376
97.927
98.7335
98.7231
98.7217
97.8627
97.8727
97.9359
97.9258
98.3131
98.2118
98.2156
97.6553
97.6533
97.6179
97.6174
98.2115
98.3145
98.2152
97.6537
97.652
97.6151
97.6146
78.3432
131.027
79.0472
74.0186
119.402
72.7846
117.207
126.235
80.3142
79.6628
75.3568
115.357
116.775
75.5955
98.2367
98.3176
98.227
97.6469
97.6586
97.623
97.6114
98.3171
98.2384
98.2236
97.6459
97.6577
97.6214
97.6097
96.524
97.3072
96.1413
97.8583
96.5247
97.3072
96.1413
99.7193
100.416
99.0292
99.489
99.7201
100.411
99.0306
99.7204
99.4885
100.412
99.03
100.409
99.0308
99.7232
96.5124
97.3097
96.1298
97.8598
96.5235
97.3075
96.1419
96.5245
97.3075
96.142
97.8617
96.5125
97.3098
96.1299
99.7248
99.49
100.419
99.031
100.42
99.0278
99.7228
99.7286
100.414
99.032
99.4891
99.7264
100.418
99.0288
99.7279
100.437
99.0178
99.4932
100.427
99.031
99.7292
99.7307
99.4923
100.435
99.0178
100.426
99.0315
99.7298
103.328
110.904
106.975
102.617
103.548
108.581
104.855
99.6099
108.968
99.539
93.2705
122.41
119.815
88.2996
108.873
103.714
108.343
121.901
160.676
142.243
124.408
109.238
109.045
96.8997
99.89
111.863
96.5615
110.431
125.565
104.652
115.145
86.4996
125.321
104.397
102.539
101.618
106.072
102.39
111.16
99.7833
108.687
100.635
96.6193
97.4793
87.8076
97.2694
98.7047
97.2368
86.0738
94.2914
90.9068
100.328
94.2386
99.0977
94.8399
100.467
112.802
98.7437
94.6786
106.173
96.7419
111.397
107.878
103.546
103.433
104.03
93.4139
105.994
102.798
105.122
104.825
106.083
95.5997
103.726
118.109
104.14
103.927
145.265
105.901
109.351
102.746
118.546
105.685
109.477
104.844
102.333
106.588
121.729
106.035
105.359
111.136
124.656
84.8783
104.566
103.418
103.597
101.689
124.818
103.582
105.369
104.874
102.714
106.378
102.709
111.236
102.979
97.5263
100.619
100.407
103.688
97.7219
100.992
103.231
103.14
107.696
102.013
111.558
102.674
103.829
99.6825
96.74
99.424
104.527
95.0854
105.458
121.455
102.879
99.4041
110.595
99.5088
97.1304
97.1719
109.916
90.9288
87.1584
118.192
128.978
117.16
129.389
87.4158
99.4487
106.618
106.613
100.714
104.521
101.111
100.274
95.3273
92.3028
132.991
115.478
92.5421
93.0993
130.919
98.5113
115.377
95.644
101.821
96.476
113.746
103.414
98.515
94.9597
97.3538
99.7809
107.137
107.095
99.5514
133.269
92.4542
125.993
97.5192
101.186
102.786
107.331
102.559
102.746
104.179
99.6751
104.495
99.1044
102.207
98.1988
99.7388
99.9471
114.494
91.9069
133.288
97.6629
106.511
108.383
101.204
103.01
103.927
108.115
101.502
98.1229
87.6383
100.431
94.5793
104.077
104.272
96.2301
101.871
102.223
98.8784
105.697
102.156
100.874
99.4657
93.8036
120.077
125.015
104.174
92.0987
97.8931
126.361
102.253
104.453
99.1403
100.152
102.134
104.225
100.321
95.1662
122.574
93.1434
126.257
98.1519
128.485
91.4781
106.954
102.946
108.837
101.302
109.305
101.073
120.979
97.3314
96.9732
95.6612
91.4256
92.1061
86.8921
92.7268
114.606
123.672
114.745
128.39
125.077
104.333
103.928
103.642
103.218
103.512
103.319
103.432
107.839
108.139
92.4022
99.7454
92.5028
77.4087
122.577
79.1396
106.462
111.298
106.788
99.9325
113.912
97.7403
128.054
96.8347
121.651
89.4701
111.111
101.399
124.948
110.878
103.068
97.9871
92.5182
92.5282
80.0366
106.348
106.52
80.7582
87.803
118.176
114.511
124.862
125.9
104.047
104.072
103.369
104.073
103.481
103.447
103.328
102.123
103.891
129.065
84.0671
103.918
98.9766
122.735
89.6072
115.27
87.842
97.4663
97.5154
107.62
100.602
97.3946
96.0901
98.5479
85.5944
89.1528
92.108
111.511
114.407
90.9914
105.804
102.233
97.8453
107.719
115.104
101.792
98.6542
133.463
76.7292
97.3232
112.905
154.713
116.73
69.8903
99.7257
111.654
103.809
111.742
83.6656
113.141
81.46
93.537
115.049
113.176
108.353
93.4187
97.848
114.616
105.088
99.9174
103.428
112.327
111.172
112.864
79.9493
104.455
103.78
104.486
105.678
96.4809
109.419
97.1869
117.799
102.529
109.123
109.607
120.907
101.737
111.644
115.37
103.166
103.889
110.431
110.235
110.959
109.855
107.412
109.935
104.383
111.794
101.613
116.292
106.428
105.613
105.437
108.022
129.317
110.521
109.563
120.562
103.325
98.8938
98.7071
102.643
122.193
98.5402
101.492
105.779
101.49
101.793
107.506
69.7029
73.0758
106.775
94.4066
93.7553
93.4974
92.7025
95.2081
93.9178
95.0211
104.066
97.4837
101.966
104.735
106.325
97.5341
98.7254
106.022
105.617
102.361
100.162
101.094
105.455
100.485
100.286
105.103
100.966
102.534
100.418
117.907
101.789
108.274
102.093
99.5563
106.422
99.8947
102.034
100.652
105.76
104.244
99.6536
99.005
105.844
110.931
101.588
94.542
132.346
127.08
106.204
93.4494
100.143
150.05
95.5926
97.9876
96.8525
100.822
96.9949
96.2067
99.5527
103.623
99.2747
99.9381
84.704
123.417
87.0809
121.254
82.091
97.8569
97.1647
111.732
65.0879
109.559
94.0337
98.0098
103.727
133.307
98.4712
133.87
88.6337
123.003
100.673
101.411
107.239
88.0563
100.82
142.788
121.864
97.9373
97.9104
98.1073
107.031
101.713
98.0084
105.882
99.6708
97.3352
100.439
100.503
99.6163
97.2944
101.581
97.0296
95.4186
96.4506
88.1702
93.0972
92.5996
88.0628
101.483
99.6103
98.9677
100.808
99.7379
97.3862
98.8907
104.563
102.081
101.106
100.148
104.336
97.4958
100.56
101.761
95.3163
98.5274
104.068
103.235
95.6333
97.4071
103.603
91.0057
82.6658
92.9033
108.49
97.2084
107.752
110.423
98.5643
96.1758
111.221
114.124
96.1007
97.6787
83.9603
127.39
125.743
133.828
183.662
85.7702
83.5679
85.0487
135.303
91.128
108.468
116.437
99.1005
116.432
96.4078
103.132
102.889
109.754
103.887
96.3374
106.955
123.016
113.609
105.938
108.173
71.5113
107.452
102.396
96.6154
98.2277
96.8698
97.9879
96.6152
98.2271
96.8702
100.401
99.5914
100.729
99.8861
100.403
99.5925
100.728
100.401
99.8863
99.5915
100.731
99.5924
100.728
100.403
94.0152
97.5374
95.5289
99.5056
98.9447
99.7402
99.3675
102.05
102.263
100.87
102.058
101.988
102.325
101.615
101.87
107.612
107.359
103.745
104.743
105.716
103.637
96.6056
98.2308
96.8583
97.9883
96.6155
98.2284
96.8703
96.6147
98.2274
96.8697
97.9878
96.6047
98.2298
96.8573
100.407
99.8839
99.5928
100.731
99.5898
100.732
100.405
100.408
99.5932
100.733
99.8838
100.406
99.5904
100.732
100.41
99.5808
100.738
99.8862
99.5919
100.734
100.41
100.411
99.886
99.5816
100.74
99.5927
100.735
100.411
100.939
102.86
100.854
101.413
96.4304
101.083
101.168
102.076
99.9615
103.885
99.7944
103.973
100.132
103.779
106.45
106.687
99.0496
98.9135
94.5803
106.882
103.396
105.632
108.703
106.711
99.5428
102.562
102.5
100.352
98.046
98.1873
96.9983
96.7332
96.42
100.365
100.086
97.6541
132.411
111.602
109.083
111.896
106.235
116.363
99.0481
99.5042
99.6779
108.033
97.1625
98.1543
120.379
104.191
100.48
98.73
104.986
100.52
101.349
101.482
103.586
107.029
72.2113
100.002
102.865
109.157
115.225
103.197
107.645
102.188
99.7585
103.056
113.609
99.396
100.502
97.7751
97.8633
97.7237
99.9535
104.923
98.5555
102.741
101.645
95.5866
108.084
104.231
101.561
101.391
98.6895
105.086
121.855
101.928
101.71
147.536
97.4009
104.834
93.2295
102.533
109.264
109.003
106.63
103.494
99.3985
84.0385
99.5146
102.164
91.2503
97.8589
91.4186
98.8841
98.8853
98.8832
98.1369
98.1421
98.1361
98.1429
103.961
101.27
105.4
100.652
106.239
101.304
101.749
100.675
91.6734
99.0615
97.4569
101.125
97.6607
90.1098
98.8857
98.8847
98.8828
98.1369
98.1421
98.1429
98.1358
102.871
103.594
103.658
101.941
102.116
101.933
101.929
99.708
77.219
105.001
99.0813
104.163
101.969
101.852
102.148
101.29
101.78
100.923
102.18
101.271
102.082
98.8868
98.8933
98.8881
98.1451
98.1389
98.1364
98.1421
110.789
115.201
78.4387
115.063
87.0028
108.259
106.593
103.019
101.957
101.303
97.1191
97.3357
111.645
96.2099
98.716
102.63
103.025
101.502
96.7962
101.198
96.9218
102.759
99.3542
102.903
99.8867
98.6852
101.276
97.1067
98.8919
98.8853
98.8888
98.1447
98.1389
98.136
98.1412
103.605
88.2709
100.408
101.503
101.534
98.2741
97.1491
93.3809
100.316
100.81
95.5705
95.4787
99.1669
103.323
103.48
103.227
103.124
102.157
102.186
102.028
102.236
101.698
91.1533
98.1458
97.6643
98.4923
101.337
91.7138
99.9869
96.5337
99.2393
96.3724
96.8585
108.582
97.6678
98.0268
101.018
92.1182
98.6384
101.697
91.9694
100.159
88.338
102.108
89.7668
96.3721
96.4154
89.52
88.1727
100.708
96.7164
102.039
98.0084
99.3984
97.8394
97.4272
100.868
101.011
101.199
103.057
104.845
101.786
104.798
110.536
101.906
110.084
109.286
110.353
108.544
114.971
100.314
106.21
103.188
99.6627
97.46
110.074
97.3684
96.5159
99.989
96.6151
103.352
79.0219
75.0872
100.344
97.35
86.3648
84.7
95.4215
82.6698
149.558
136.677
102.611
101.482
99.9008
99.9083
99.824
102.847
102.454
98.8924
98.8952
98.8927
98.1383
98.131
98.1439
98.1264
151.53
84.9423
80.6746
97.7817
116.26
113.305
98.5238
91.2888
101.125
92.1584
95.0837
109.071
115.557
95.0094
98.8967
98.8957
98.8907
98.1388
98.1323
98.1451
98.1268
103.144
100.259
99.508
101.053
103.134
104.939
104.6
100.492
99.3248
98.9799
101.59
99.8801
98.9288
99.2564
121.122
109.222
115.669
105.326
109.356
116.294
115.112
106.023
96.8094
107.787
118.623
103.347
115.654
101.011
100.814
104.476
103.566
114.456
108.492
113.088
103.89
121.71
96.0155
106.249
115.127
115.615
101.798
103.585
110.487
106.454
110.391
116.377
114.282
122.743
112.827
142.575
142.215
121.674
78.4498
118.84
139.648
73.5211
103.813
100.198
100.223
116.044
103.313
105.178
109.847
98.361
97.147
97.4785
99.8515
97.3973
96.5061
102.222
98.4098
98.3782
98.377
97.7589
97.8264
97.8257
97.7578
98.3755
98.4084
98.3763
97.7596
97.8275
97.7603
97.8275
98.4189
98.3777
98.3838
97.8288
97.7621
97.7583
97.8247
98.378
98.4165
98.3787
97.828
97.7612
97.7591
97.8247
102.748
104.019
104.5
101.771
111.468
102.37
103.599
71.2139
102.89
98.8218
111.521
101.724
102.563
102.219
99.0468
100.074
99.7563
103.752
101.669
100.818
101.225
104.312
103.836
97.7745
104.502
102.379
104.73
103.094
94.1681
108.008
105.71
93.8501
106.179
103.691
103.536
99.2754
111.908
107.18
100.517
98.8977
99.1901
101.857
93.8566
96.8512
96.2326
107.577
110.979
99.7929
97.5204
94.6238
97.6659
93.5832
104.542
100.868
94.6807
138.08
95.8223
95.6088
95.5637
117.594
111.292
101.18
117.933
95.1436
95.8863
95.3434
105.679
120.097
118.842
101.692
105.169
103.834
102.974
99.9705
104.698
104.598
105.942
106.652
100.997
106.039
102.425
100.141
100.418
101.992
123.343
103.077
115.614
99.1443
104.46
99.2455
118.634
103.784
94.0911
108.977
95.4177
103.371
103.658
108.523
99.9187
97.1692
101.833
102.027
99.6826
99.0123
100.485
103.229
94.9651
95.203
103.667
112.729
108.587
103.766
102.455
123.509
103.878
99.1847
103.82
94.2725
106.351
98.3863
98.4212
98.3878
97.7636
97.8213
97.8317
97.7538
98.421
98.3871
98.3827
97.7629
97.8184
97.829
97.7521
107.762
112.305
107.424
107.537
107.261
107.939
107.708
112.494
104.39
106.313
132.428
122.867
110.294
143.896
133.431
96.1743
104.152
84.6147
108.365
84.0595
126.737
107.476
103.243
101.655
108.28
96.8111
100.504
107.833
101.554
102.238
101.966
104.165
103.444
109.829
109.06
104.885
102.071
101.884
104.125
104.029
107.811
109.114
107.683
112.37
122.266
131.078
107.004
108.263
115.367
108.684
100.698
102.471
100.759
102.653
101.648
102.34
112.031
107.934
99.8321
103.034
109.015
96.9482
123.162
95.9763
86.9293
154.267
106.369
105.918
111.404
106.792
112.024
103.345
104.029
108.629
109.194
107.657
108.924
112.583
119.438
111.668
119.956
112.778
112.361
128.729
113.781
104.072
105.469
107.086
107.913
104.38
108.514
99.1701
97.6199
100.761
105.589
100.022
103.635
103.212
101.079
103.231
101.094
101.978
100.239
101.459
103.505
99.0588
129.916
96.1142
102.015
88.7676
108.241
101.529
104.819
96.5238
104.463
103.266
103.341
108.174
111.747
97.331
99.8634
106.652
102.56
100.069
105.227
100.284
98.5886
97.3354
97.105
96.5707
96.5579
95.1118
93.7034
101.861
99.6978
103.054
99.6327
102.169
100.977
101.875
111.327
103.076
107.18
103.495
102.972
100.748
101.665
127.488
106.754
127.445
102.315
102.96
102.11
101.389
111.223
97.8965
108.416
97.0893
99.06
98.2601
97.1101
97.7419
97.5257
98.1789
97.5656
98.1165
102.921
103.147
107.765
157.62
94.2704
102.333
104.47
103.09
99.3456
99.8183
110.063
108.718
110.38
143.047
105.056
102.309
103.559
102.991
103.942
102.367
103.388
103.845
103.195
99.4214
157.209
156.408
88.8671
123.119
109.423
87.7417
105.894
133.497
112.198
139.555
106.145
143.494
108.823
92.7797
94.8181
99.1879
99.4062
101.021
93.1796
96.6879
98.7094
119.644
108.141
91.7266
120.228
118.587
98.4172
106.152
107.074
106.68
112.251
114.778
113.236
110.277
106.307
104.495
121.813
102.67
107.358
99.2785
98.7192
107.613
97.5944
105.715
103.611
100.148
106.797
111.383
108.955
107.071
107.328
112.764
108.604
105.83
106.521
115.542
107.049
108.173
105.091
105.789
102.835
112.833
121.94
186.77
109.687
185.58
164.475
91.8608
85.1626
104.76
121.874
119.095
113.737
104.301
105.523
119.029
97.5994
94.7976
97.5157
103.714
101.247
103.59
117.335
98.7603
96.4823
103.545
96.4435
101.494
97.3312
103.299
99.4108
101.215
105.142
83.7942
92.5816
82.8498
102.414
91.6934
104.563
91.7034
97.4033
96.9423
92.9651
111.965
102.472
104.994
107.955
102.966
102.762
102.833
104.921
103.293
101.031
107.778
100.329
109.523
99.5038
99.0562
94.9025
104.648
98.1551
99.6105
110.174
100.272
118.512
115.347
108.56
109.391
113.21
110.756
114.843
111.442
108.676
103.157
102.94
102.461
105.788
102.398
105.251
104.271
105.081
98.5396
107.167
108.845
118.031
95.6245
109.484
102.256
105.101
104.746
101.174
103.327
105.263
100.396
104.98
104.706
100.534
100.511
102.115
102.206
130.066
101.858
118.782
128.975
130.257
106.952
107.249
108.452
101.055
107.81
102.305
101.78
102.244
102.261
101.253
112.419
107.868
103.427
102.367
102.315
102.352
101.125
102.267
104.783
101.571
107.029
110.895
103.911
126.331
129.73
96.9274
102.203
116.184
96.7682
95.3327
97.2993
102.444
109.788
102.298
104.006
99.2509
104.5
120.456
99.6354
128.675
137.24
121.643
105.527
106.543
99.0575
120.401
118.474
142.577
130.231
106.426
104.917
103.641
105.22
105.327
111.076
107.967
107.853
111.554
113.457
102.167
106.264
96.7209
106.415
96.5188
114.687
94.5652
116.466
109.189
117.512
111.133
114.765
115.666
94.6011
93.883
95.2245
99.829
95.5822
100.947
96.177
101.371
104.964
102.003
103.817
102.008
102.702
103.58
106.517
108.073
116.995
109.389
109.528
109.095
112.505
115.978
109.439
113.42
109.516
109.785
113.72
133.116
88.4457
103.559
102.873
98.683
71.1984
104.588
99.5495
108.291
99.0076
99.6788
99.9974
102.56
99.1518
99.6084
114.805
115.07
126.232
111.749
113.722
120.16
113.052
99.8981
93.1635
96.6547
95.761
99.394
95.5536
99.2546
103.381
81.2007
72.3728
103.022
102.37
99.1768
99.3519
98.1778
99.137
99.5014
101.64
108.111
106.401
105.184
136.074
103.271
98.2446
114.279
110.058
117.707
105.846
104.738
101.305
103.682
101.333
104.462
108.933
103.05
93.2559
95.2025
94.4562
96.2381
95.5099
98.0585
100.448
106.605
99.4283
103.99
98.8098
108.328
107.655
101.451
109.017
98.5682
97.4968
110.819
85.3693
131.745
113.824
95.4637
101.793
101.835
107.5
103.426
100.422
110.743
103.84
99.1877
99.3246
100.314
105.696
100.834
98.6358
108.281
94.6151
121.484
101.543
87.2309
78.4719
100.16
103.546
101.162
102.693
98.9735
103.111
101.243
102.466
124.562
102.132
125.937
111.154
103.786
112.437
101.602
101.171
124.918
154.147
110.314
108.452
106.974
105.34
105.35
107.572
104.096
103.726
101.477
105.553
101.874
99.7006
102.505
104.986
99.6749
105.177
99.1161
99.0374
118.219
113.511
107.925
138.765
151.137
119.424
116.768
100.099
129.456
128.545
100.653
108.352
122.924
103.769
173.321
124.472
108.726
143.693
155.475
101.936
107.581
105.7
112.054
103.694
109.41
105.074
97.3159
94.4434
103.089
97.6284
103.894
99.2531
101.887
104.933
104.676
99.4069
102.04
103.478
98.8521
99.4692
115.081
109.999
91.9551
94.2857
158.992
124.614
120.301
94.0713
95.2185
103.017
98.8309
102.759
100.985
101.383
99.3881
103.456
101.733
125.859
102.986
109.142
104.447
113.582
101.757
110.664
108.297
111.608
120.921
96.9245
122.457
100.623
112.151
104.075
106.827
100.86
98.1939
99.2592
100.149
100.185
100.571
101.956
100.439
111.624
116.96
102.051
103.286
103.219
105.741
102.687
107.578
102.524
101.672
99.5588
98.0341
100.779
105.671
100.571
97.9748
96.8346
117.394
123.845
106.142
103.395
128.157
117.234
105.465
103.08
117.698
107.519
112.227
139.318
121.419
106.173
124.432
117.347
95.6639
96.5445
97.0016
98.3728
129.414
104.07
101.5
118.111
101.026
102.016
113.951
109.879
110.502
100.621
98.6594
98.2357
108.381
101.121
98.9116
124.372
137.059
131.693
134.956
112.253
115.067
129.008
101.556
96.0999
107.444
100.07
139.61
93.4374
96.6739
100.81
131.253
98.9123
101.219
90.1548
103.639
91.7616
110.244
99.5473
113.554
107.402
99.1646
95.81
113.886
128.614
103.608
108.658
107.634
107.487
107.596
108.191
97.0751
101.789
125.008
130.453
101.483
97.8721
97.3588
158.458
141.647
135.088
32.8469
156.715
34.0492
171.7
102.696
98.4821
103.815
100.191
99.7657
99.5724
100.838
102.314
101.313
100.694
101.403
103.223
103.955
102.469
95.8755
99.6156
101.546
100.124
100.48
104.526
93.6268
115.053
98.432
116.422
111.515
106.026
102.902
103.004
120.984
104.17
107.583
95.035
107.205
102.163
108.642
157.766
114.959
157.812
110.327
86.286
85.9723
118.763
111.495
114.924
105.669
114.279
117.766
101.881
117.408
134.323
89.4255
92.2549
95.9636
150.127
113.498
98.7088
101.458
94.2233
109.666
310.589
158.381
111.424
102.158
121.292
77.3768
119.827
389.885
292.171
88.1523
39.286
80.2653
110.459
132.788
300.628
291.658
31.5788
41.3859
109.328
128.16
107.575
142.085
151.459
101.809
92.912
106.224
101.123
104.302
170.878
164.437
117.665
116.323
132.33
103.628
105.384
193.414
145.544
65.5592
97.4829
113.95
111.178
115.482
112.68
111.475
112.787
116.455
96.8854
100.466
99.5546
108.37
108.992
105.118
105.969
154.309
102.786
100.166
176.887
142.609
106.945
148.332
110.125
130.765
118.233
101.652
114.452
124.624
116.87
108.714
107.318
102.836
135.479
108.618
101.883
116.074
101.389
107.086
107.755
105.463
104.922
103.266
111.238
107.083
115.401
112.719
111.213
110.137
110.365
112.111
119.049
100.376
124.452
118.002
104.171
112.597
104.123
97.754
176.118
119.963
88.1537
94.9575
120.217
189.24
104.131
124.479
132.477
111.166
117.986
111.86
105.891
96.4465
106.21
212.406
96.7271
109.65
98.8669
134.56
102.593
106.335
107.004
106.13
106.121
104.335
103.222
106.817
105.453
104.208
107.224
104.834
103.413
104.509
99.9322
106.187
102.506
102.555
100.438
110.76
102.456
98.4921
99.442
100.33
100.735
99.298
100.977
98.6213
125.663
103.639
150.818
44.9859
176.834
113.521
52.1389
71.2672
127.515
129.68
114.873
150.125
134.318
132.094
98.7135
138.061
93.2778
89.1914
143.611
92.5256
112.549
107.732
101.407
100.973
106.161
112.759
101.952
102.247
101.191
100.29
100.112
101.806
101.037
100.043
99.4045
96.6545
101.8
91.5333
103.426
102.233
105.709
102.92
95.4482
104.594
111.015
102.791
107.13
120.721
128.656
99.312
101.708
99.0309
102.524
103.424
98.6138
102.448
107.769
110.927
99.0535
99.1979
108.762
112.919
100.403
114.016
109.806
99.8444
103.766
110.749
100.02
114.114
101.842
129.238
96.4721
83.5253
112.362
117.105
123.109
158.36
112.122
115.886
142.661
136.449
138.639
134.743
133.335
95.7021
111.305
93.8055
105.351
98.4574
135.513
102.646
95.6226
95.6639
116.08
110.717
102.23
119.437
103.46
98.8903
102.672
102.438
100.879
113.317
102.161
156.993
78.6165
140.121
119.693
143.237
114.467
115.433
85.6475
127.307
92.4696
171.888
87.4062
85.8808
79.8876
117.617
116.257
128.432
128.529
137.85
129.978
125.27
112.689
96.4534
111.957
105.807
97.7371
121.497
94.8638
100.172
131.478
175.962
93.6979
108.294
176.107
101.247
91.2235
198.427
96.2096
95.8987
117.931
87.0703
125.752
65.6713
67.564
66.829
107.808
126.236
117.01
144.91
104.797
88.7199
96.5678
120.064
96.7658
129.873
106.293
125.076
89.1032
104.559
119.362
95.2089
135.846
114.145
588.211
247.902
1185.96
39.1991
276.007
285.699
62.9877
79.2829
128.103
109.479
101.425
78.0985
136.291
97.6386
87.1252
129.481
68.383
56.5718
54.2965
46.8089
83.772
108.407
105.296
107.512
102.872
140.961
99.081
107.977
106.983
71.1542
82.4878
103.479
111.227
104.211
114.574
43.8173
175.4
98.3372
116.016
181.579
121.487
132.285
61.1547
118.629
67.0548
103.331
111.769
114.483
104.536
147.939
511.612
186.431
202.43
202.574
316.066
729.321
66.3796
92.7457
57.9621
99.9544
99.6522
75.3195
89.2253
103.055
90.2433
101.196
101.161
98.5784
124.524
110.279
96.3757
116.22
133.151
89.126
98.3898
110.789
110.327
114.234
144.504
116.059
127.272
118.394
116.898
96.9209
66.7986
123.657
69.6139
147.168
158.676
81.2447
74.817
91.9442
138.523
118.126
108.76
97.4769
109.877
154.691
20.9434
177.179
125.307
23.0356
96.7636
129.995
21.5574
72.9788
184.618
209.601
89.9788
95.5208
92.3066
248.908
162.353
88.4676
149.934
79.8321
80.4362
190.835
84.6953
88.5592
121.254
165.958
73.8375
95.9015
148.549
99.1844
108.799
94.1319
121.007
113.344
139.562
120.823
111.075
97.4879
104.484
118.821
121.17
116.063
141.033
167.751
132.866
137.872
138.135
147.835
163.267
132.624
119.713
218.746
151.801
133.34
210.251
258.13
137.789
146.525
121.03
-20.4112
-46.4944
178.583
54.9978
98.3944
179.185
110.428
97.6885
111.182
177.631
124.67
121.013
172.306
115.601
109.511
106.631
112.099
110.296
109.889
105.99
73.5541
84.9416
85.2825
155.002
80.7168
106.73
82.2314
91.4015
107.608
99.2125
97.2867
99.1077
109.929
103.528
)
;

boundaryField
{
    inlet
    {
        type            calculated;
        value           nonuniform List<scalar> 
39
(
95.9303
104.4
102.441
101.871
102.364
98.7747
105.406
100.219
101.875
99.4565
99.1759
99.6352
98.3728
100.118
99.7062
101.263
100.789
98.4793
100.769
114.46
99.6228
93.4374
99.6901
97.0949
96.6712
102.686
100.986
93.6811
95.5685
101.675
105.634
83.0051
97.8808
94.6365
107.583
87.8981
102.751
106.269
100.759
)
;
    }
    outlet
    {
        type            calculated;
        value           uniform 0;
    }
    lowerWall
    {
        type            calculated;
        value           nonuniform List<scalar> 
1022
(
99.4407
100.963
100.491
101.599
100.616
102.253
103.023
100.046
102.693
99.6738
101.18
99.8882
99.8117
101.325
101.943
102.957
101.248
100.285
98.0578
103.2
106.261
103.098
100.575
101.34
149.858
107.536
103.83
98.8248
98.0559
99.2999
86.7086
97.2205
97.471
100.871
108.114
100.832
100.8
99.9793
102.615
111.926
97.5877
121.559
96.5338
95.3218
108.557
99.9183
103.174
103.505
102.719
100.028
100.005
105.101
105.735
103.829
102.701
99.737
100.233
96.5633
117.52
96.6501
99.5405
101.593
102.705
102.617
101.207
100.464
100.723
101.921
103.294
99.2152
96.6855
97.9875
98.4225
98.8961
98.5939
98.4523
98.3252
98.3074
97.8618
96.3897
94.1762
94.3231
94.5189
94.4802
94.2909
94.1982
94.3078
94.3421
94.1115
94.034
91.5967
91.7355
91.8333
91.8301
91.7475
91.699
91.6901
91.6914
91.5937
91.5192
88.9995
89.0728
89.1347
89.139
89.0958
89.0634
89.0588
89.032
88.9876
88.9624
86.4019
86.4458
86.4696
86.5035
86.4639
86.444
86.4378
86.4166
86.4008
86.3774
83.8119
83.8594
83.8595
83.869
83.8622
83.8518
83.8603
83.8444
83.8265
83.7945
81.2559
81.2836
81.2913
81.2884
81.2819
81.2813
81.2881
81.2759
81.2626
81.255
78.7151
78.7256
78.7359
78.7401
78.7451
78.7548
78.7458
78.7164
78.7211
78.7143
76.196
76.2128
76.2037
76.2116
76.2183
76.2291
76.2235
76.2209
76.2157
76.198
73.695
73.7004
73.7173
73.7178
73.7309
73.7396
73.7359
73.724
73.7012
73.697
71.2241
71.2452
71.2693
71.2613
71.2534
71.2565
71.263
71.2497
71.2314
71.23
68.7756
68.8128
68.824
68.8011
68.7805
68.7795
68.781
68.7923
68.7847
68.7783
66.3587
66.367
66.3649
66.3668
66.3652
66.3634
66.3514
66.3424
66.3489
66.3542
63.9444
63.9523
63.9554
63.9636
63.9666
63.9635
63.9543
63.943
63.9348
63.9373
61.5513
61.5558
61.5595
61.5595
61.5593
61.5545
61.5558
61.5504
61.5434
61.5443
59.1888
59.1808
59.1741
59.1798
59.1852
59.1854
59.1851
59.1813
59.1861
59.1889
56.8204
56.8199
56.816
56.8201
56.824
56.834
56.8419
56.8426
56.837
56.8261
54.4778
54.4642
54.4644
54.4865
54.4916
54.497
54.5021
54.5016
54.5021
54.4908
52.1533
52.1358
52.1318
52.1443
52.1583
52.1735
52.1701
52.1743
52.1736
52.1699
49.8349
49.8239
49.8135
49.8136
49.8234
49.8344
49.8398
49.8418
49.8356
49.8399
47.5153
47.5189
47.5241
47.5301
47.525
47.5203
47.5164
47.5133
47.512
47.5143
45.2138
45.2279
45.2347
45.2303
45.2173
45.2104
45.2131
45.2214
45.2158
45.214
42.9438
42.9461
42.9508
42.9397
42.9317
42.9215
42.9358
42.9398
42.9387
42.9391
40.6703
40.6818
40.6878
40.688
40.6811
40.673
40.6731
40.6685
40.6557
40.6574
38.4189
38.431
38.4305
38.4251
38.4168
38.4113
38.4013
38.398
38.3976
38.4039
36.1981
36.1942
36.174
36.1683
36.1653
36.1588
36.1527
36.1573
36.175
36.1909
33.9728
33.9607
33.9493
33.944
33.9428
33.9455
33.9522
33.9589
33.9636
33.9715
31.7378
31.7398
31.7457
31.7536
31.7549
31.7594
31.7627
31.7607
31.7535
31.7427
29.536
29.541
29.5546
29.5713
29.5802
29.5843
29.5784
29.5673
29.5569
29.5423
27.3876
27.3823
27.3819
27.3875
27.396
27.4119
27.4151
27.4148
27.4095
27.3974
25.2763
25.2595
25.2499
25.2459
25.2489
25.2638
25.2762
25.2869
25.2906
25.2852
23.1747
23.1541
23.1513
23.1525
23.1563
23.1606
23.1625
23.1677
23.1716
23.1743
21.0659
21.0641
21.0656
21.0741
21.0822
21.0833
21.0746
21.0685
21.0669
21.0653
18.9862
18.9918
19.0008
19.0067
19.0051
18.9991
18.9916
18.987
18.985
18.985
16.9514
16.9568
16.9548
16.9454
16.9282
16.9121
16.9111
16.9174
16.9293
16.9414
14.921
14.9279
14.9136
14.8947
14.8752
14.8622
14.8607
14.8737
14.8897
14.9079
12.8643
12.8831
12.8804
12.8727
12.8625
12.8521
12.8513
12.8551
12.8554
12.8577
10.8363
10.8439
10.8523
10.8597
10.8579
10.8517
10.8484
10.8471
10.8429
10.8368
8.85518
8.84608
8.84237
8.84512
8.84691
8.85095
8.85285
8.85489
8.85567
8.86087
6.87814
6.86532
6.85934
6.85969
6.86743
6.88363
6.88976
6.88812
6.88078
6.88447
4.89413
4.89106
4.89219
4.89938
4.91399
4.93805
4.93759
4.92656
4.91575
4.90461
2.93178
2.93201
2.93461
2.94094
2.94964
2.96037
2.96414
2.9624
2.95158
2.93722
0.979899
0.979592
0.979447
0.974693
0.97277
0.975846
0.984623
0.988747
0.989453
0.980588
103.239
101.944
100.107
107.494
103.105
101.962
110.262
103.325
103.107
107.013
101.458
102.827
100.024
100.18
101.228
99.6712
100.176
100.134
98.2761
101.123
100.151
141.15
104.909
101.931
96.7418
99.333
104.075
99.6166
100.125
98.9326
95.9249
107.198
100.991
101.693
110.487
103.754
104.903
118.839
112.472
97.7675
104.489
103.714
102.797
111.145
107.038
100.896
99.9012
100.469
97.6012
96.467
99.424
89.7563
153.183
87.4435
125.58
94.1932
89.6013
79.7383
103.371
95.8497
101.375
101.261
99.6849
107.134
103.911
103.022
107.313
104.652
104.174
102.57
100.574
103.638
102.604
100.896
100.914
102.244
99.8884
99.7028
99.6517
100.032
99.8842
106.352
106.53
100.128
102.725
97.9521
108.623
98.9382
99.0676
97.3937
101.95
99.1066
98.3281
102.804
99.875
99.7102
102.848
100.109
99.9406
101.665
100.81
100.221
100.726
100.622
100.987
100.573
100.431
100.516
101.411
99.6191
100.103
103.831
99.6268
99.6322
99.53
98.5592
99.4821
99.515
98.0484
98.0591
102.229
100.277
101.556
100.629
101.082
102.129
99.8369
100.892
101.361
99.6042
104.35
106.641
103.002
103.494
103.127
102.183
103.03
102.735
104.887
104.476
126.909
103.269
103.883
103.968
103.473
104.07
103.521
101.401
102.194
107.956
101.91
102.14
101.412
103.013
102.335
102.276
100.092
100.1
99.6407
100.52
100.465
100.228
101.292
100.956
100.905
99.7551
99.838
100.047
100.11
100.039
100.051
99.9248
99.9502
100.085
99.6178
99.824
97.9958
100.704
100.223
100.58
100.301
100.139
100.44
110.16
109.341
121.728
104.863
106.836
106.947
101.48
104.597
103.701
97.2151
97.9886
107.798
100.374
98.8358
98.2989
105.691
101.541
102.051
100.014
99.2688
97.5638
99.4755
99.173
99.7214
98.2576
98.8653
99.2552
102.29
102.222
102.539
100.809
100.907
100.604
101.664
101.893
101.962
101.57
101.088
100.975
103.111
103.026
102.161
102.84
103.016
102.915
102.88
103.228
103.781
103.156
102.706
102.093
97.2685
100.569
101.007
98.1453
96.426
96.5075
98.525
96.5496
96.6211
100.518
100.485
100.455
100.753
100.782
100.631
101.913
100.929
102.323
100.428
100.481
100.625
102.13
101.581
102.561
101.19
100.98
100.872
98.7459
96.7475
96.8572
98.4214
96.5923
96.5421
100.827
101.732
101.476
100.631
100.965
100.138
99.7195
101.016
101.313
101.986
101.9
100.475
91.0855
95.5543
98.1449
99.1663
99.741
100.487
103.155
104.501
106.198
98.5762
97.0722
97.0235
99.9914
101.465
101.782
98.2799
96.701
96.7607
101.294
101.577
99.7782
102.273
101.309
100.607
99.3171
98.6617
98.7369
100.381
102.303
102.489
99.8344
101.362
100.941
100.947
101.145
99.9224
100.459
99.6343
100.974
98.7721
98.5422
99.2354
100.361
99.5111
98.7608
98.3542
97.2833
97.3116
97.3671
97.4309
98.6077
97.3335
97.3075
98.2287
98.6011
97.5266
97.6076
95.5195
100.014
104.235
97.8627
97.9258
98.7335
98.2367
97.6114
97.6469
97.3097
96.1298
96.5124
100.437
99.7292
99.0178
99.6099
88.2996
122.41
160.676
124.408
108.873
96.8997
110.431
109.045
97.4793
87.8076
96.6193
104.874
111.236
105.369
102.223
98.8784
101.871
84.0671
103.918
129.065
115.049
113.176
93.537
105.617
102.361
106.022
97.4837
101.966
104.066
104.244
99.6536
105.76
123.417
87.0809
99.2747
97.8569
97.1647
82.091
101.411
107.239
100.673
99.6103
98.9677
101.483
102.263
100.87
102.05
98.2308
96.8583
96.6056
99.5808
100.41
100.738
102.86
100.854
100.939
107.029
72.2113
103.586
101.27
105.4
103.961
92.1182
100.159
101.018
99.3984
97.4272
100.708
96.5159
100.344
79.0219
86.3648
136.677
95.4215
98.8924
98.1264
98.131
99.3248
98.9799
100.492
121.71
103.585
115.127
110.487
122.743
114.282
116.044
109.847
100.198
111.521
102.219
102.89
111.468
103.599
104.019
103.836
97.7745
104.312
95.8223
117.933
111.292
103.834
102.974
105.169
112.729
103.766
94.9651
97.8213
97.7538
98.3863
102.238
109.06
104.165
100.698
102.471
108.684
122.266
115.367
112.37
99.8321
123.162
107.934
112.583
128.729
112.778
109.194
108.924
112.024
113.781
108.514
107.086
103.266
111.747
104.819
103.495
101.665
111.327
96.4823
103.545
98.7603
99.6156
101.546
95.8755
107.583
108.642
104.17
102.836
116.074
107.318
106.187
102.506
99.9322
96.6545
102.92
102.233
108.762
100.403
107.769
95.6226
119.437
116.08
119.693
115.433
156.993
99.9544
89.2253
66.3796
20.9434
21.5574
96.7636
)
;
    }
    upperWall
    {
        type            calculated;
        value           nonuniform List<scalar> 
1076
(
98.2357
100.264
100.4
100.215
100.038
101.076
102.748
100.149
102.801
105.671
100.314
100.859
98.9123
100.407
100.337
101.444
102.289
99.2824
106.065
99.1847
107.167
101.333
101.012
100.829
100.994
101.119
104.068
103.325
99.7353
101.978
103.935
108.173
103.726
99.6273
107.916
101.097
102.027
96.8584
99.7422
103.479
102.083
106.713
110.165
85.131
106.011
100.069
100.447
106.517
85.2139
105.63
100.334
104.225
105.879
103.186
100.73
98.9017
100.393
96.4625
114.864
96.7247
99.5655
101.59
102.697
102.609
101.212
100.459
100.629
101.927
103.291
99.2129
96.6859
97.9878
98.4244
98.8982
98.5921
98.4523
98.3238
98.3073
97.8617
96.39
94.1761
94.323
94.5201
94.4802
94.2904
94.1977
94.3078
94.3425
94.1119
94.0339
91.5967
91.7354
91.8331
91.8295
91.7478
91.6992
91.69
91.6913
91.5935
91.5192
88.9996
89.0727
89.1346
89.1388
89.0958
89.0631
89.0587
89.0319
88.9875
88.9624
86.402
86.4456
86.4695
86.5032
86.4639
86.444
86.4377
86.4165
86.4007
86.3772
83.8114
83.8593
83.8594
83.8688
83.8616
83.8521
83.8601
83.8443
83.8264
83.794
81.2562
81.2835
81.2912
81.2883
81.2818
81.2811
81.2878
81.2758
81.2625
81.255
78.715
78.7255
78.7358
78.74
78.7452
78.7546
78.7457
78.7163
78.721
78.7142
76.1956
76.2125
76.2036
76.2115
76.2183
76.229
76.2234
76.2208
76.2161
76.1983
73.6949
73.7003
73.7172
73.7177
73.7307
73.7395
73.7358
73.7245
73.7012
73.6969
71.2242
71.2454
71.2688
71.2609
71.2533
71.2566
71.2627
71.2492
71.2306
71.2296
68.7758
68.8125
68.8242
68.8011
68.7801
68.7792
68.7807
68.7928
68.7847
68.7785
66.3584
66.3667
66.3648
66.3665
66.3655
66.3632
66.3515
66.3423
66.349
66.354
63.9443
63.9524
63.9549
63.9635
63.9666
63.9637
63.9542
63.9429
63.9347
63.9368
61.5518
61.5558
61.5594
61.5594
61.5591
61.5545
61.5557
61.5505
61.5434
61.5441
59.1888
59.1803
59.1738
59.1799
59.185
59.185
59.185
59.1814
59.1861
59.1889
56.8201
56.8197
56.8158
56.8203
56.8241
56.834
56.8418
56.8425
56.8369
56.826
54.4778
54.4645
54.4644
54.4862
54.4912
54.4971
54.5019
54.5014
54.5018
54.4908
52.1533
52.1356
52.1315
52.1437
52.1583
52.1736
52.17
52.1746
52.1735
52.1697
49.8346
49.8236
49.8134
49.8138
49.8236
49.8343
49.8396
49.8418
49.8353
49.8396
47.5152
47.5188
47.524
47.5301
47.5249
47.52
47.5166
47.5131
47.5116
47.5143
45.2135
45.228
45.2347
45.2303
45.2166
45.2103
45.2135
45.2212
45.2159
45.2138
42.9437
42.9462
42.951
42.9395
42.9315
42.922
42.9358
42.9398
42.9389
42.939
40.6703
40.6823
40.6874
40.6877
40.6817
40.6731
40.6733
40.6684
40.6556
40.6574
38.419
38.4311
38.43
38.425
38.4168
38.4109
38.401
38.3977
38.3973
38.4039
36.1981
36.194
36.1742
36.1682
36.1651
36.1585
36.1526
36.1572
36.176
36.1915
33.9724
33.9607
33.9494
33.9439
33.9427
33.9463
33.952
33.9588
33.9635
33.9713
31.7376
31.7398
31.7458
31.7537
31.7549
31.7595
31.7625
31.7606
31.7531
31.7418
29.5359
29.5409
29.5546
29.5711
29.5801
29.584
29.578
29.5675
29.5569
29.5425
27.3875
27.3821
27.3816
27.3873
27.3959
27.412
27.415
27.4146
27.4095
27.3974
25.2762
25.2599
25.2499
25.2459
25.2489
25.2637
25.2761
25.2867
25.2903
25.2851
23.1747
23.1539
23.1512
23.1525
23.1562
23.1604
23.1623
23.1676
23.1714
23.1742
21.0656
21.0635
21.0653
21.074
21.0825
21.0833
21.0746
21.0684
21.0668
21.0652
18.9859
18.9918
19.0008
19.0067
19.0048
18.999
18.9916
18.9865
18.9851
18.9849
16.9515
16.9568
16.955
16.9453
16.9281
16.9121
16.9105
16.9175
16.9296
16.9415
14.9212
14.9278
14.9133
14.8944
14.8753
14.8622
14.8607
14.8739
14.8896
14.9078
12.8645
12.8822
12.8801
12.8725
12.8633
12.852
12.8512
12.855
12.8551
12.8575
10.8362
10.844
10.8524
10.8598
10.8579
10.8513
10.848
10.8469
10.8428
10.8368
8.85531
8.8461
8.8421
8.84502
8.84682
8.85085
8.85276
8.8548
8.85561
8.86074
6.87793
6.86514
6.85904
6.85948
6.86751
6.88361
6.89009
6.88806
6.88055
6.88415
4.89397
4.89105
4.89225
4.89927
4.91381
4.93805
4.9375
4.92649
4.91564
4.90451
2.93163
2.93227
2.93462
2.94083
2.94962
2.95966
2.96363
2.96236
2.95158
2.93732
0.979921
0.979354
0.979209
0.974223
0.972724
0.975794
0.9847
0.988677
0.989355
0.980504
100.097
101.935
102.35
101.976
103.161
106.73
103.126
103.337
108.451
102.838
101.417
96.2898
101.268
100.23
99.5589
100.255
100.175
99.7272
100.211
101.121
98.3694
101.934
104.947
113.427
104.08
99.3385
95.4298
98.9285
100.126
99.6832
100.762
92.4776
123.171
105.443
116.16
101.417
104.704
106.009
101.92
105.723
102.881
107.316
97.9294
88.8682
102.894
97.1191
99.2921
99.8694
99.6195
99.0839
104.627
85.9216
61.4095
95.2561
125.591
93.0983
107.776
99.0638
99.8239
118.951
99.7467
101.456
102.479
102.687
104.334
108.452
104.389
104.539
105.241
103.515
104.723
101.568
100.729
100.412
99.6025
99.5821
99.6254
105.031
99.8874
99.8194
99.5519
100.016
105.645
105.942
108.57
101.481
102.077
97.4789
98.9594
100.336
98.3277
99.1059
101.974
99.7086
99.8749
102.798
99.9398
100.108
102.848
100.224
100.81
101.734
100.988
100.622
100.749
100.517
100.431
100.563
100.102
99.6187
101.418
99.6313
99.6257
103.825
99.4815
98.5594
99.5307
98.0585
98.049
99.5134
101.35
100.871
99.8313
102.098
101.072
100.653
99.9612
100.527
102.236
102.769
102.978
102.214
103.318
103.626
102.99
106.476
105.228
105.459
103.517
103.979
103.427
103.909
103.752
103.615
101.308
103.133
104.863
102.388
101.88
103.085
101.229
102.277
101.825
107.668
105.196
100.921
100.903
100.886
101.244
100.169
100.418
100.49
99.4427
100.009
99.6542
100.088
99.9233
99.8946
100.032
100.024
100.127
100.259
99.8591
99.7961
100.444
100.191
100.236
100.638
100.249
100.756
101.313
99.6954
99.6306
103.668
104.395
101.468
106.975
106.857
104.894
102.089
109.374
109.91
102.094
101.735
105.683
98.3201
99.0546
100.389
97.9377
98.3856
97.2461
99.2642
98.8828
98.2575
99.7312
99.2576
99.4881
103.371
99.6534
99.8388
102.534
102.218
102.209
100.604
100.93
100.783
101.951
101.926
101.668
100.965
101.093
101.57
102.158
103.004
103.107
102.903
103.013
102.83
103.775
103.226
102.88
102.089
102.688
103.16
90.7579
103.366
104.243
104.024
89.1445
101.591
95.0351
117.128
97.1692
96.5069
96.4254
98.147
96.6203
96.5488
98.5234
100.457
100.487
100.519
100.631
100.782
100.753
102.323
100.917
101.936
102.554
101.576
102.132
100.625
100.48
100.429
100.872
100.98
101.189
96.8582
96.7484
98.7458
96.541
96.5912
98.4215
101.477
101.748
100.853
100.169
100.984
100.629
100.502
101.901
101.985
101.313
101.016
99.7496
101.175
79.3746
92.0477
100.478
99.7371
99.1649
98.6348
94.8894
97.4024
97.0238
97.0725
98.5762
101.781
101.477
99.9949
96.7608
96.701
98.28
99.7813
101.581
101.292
100.608
101.307
102.279
102.441
103.395
103.022
105.36
107.287
103.612
98.7363
98.6626
99.3225
143.987
94.9336
109.006
100.939
101.362
99.8332
99.9228
101.146
100.946
102.296
102.201
101.442
100.958
99.6358
100.46
93.2677
88.4481
93.1668
104.006
113.419
108.94
101.412
101.821
103.496
99.2043
98.5396
98.7709
107.882
116.827
110.613
98.7598
99.5086
100.435
97.3108
97.2824
98.3468
98.6041
97.4299
97.3662
97.9911
81.5374
105.698
103.248
103.289
98.1271
128.497
131.675
83.2756
98.2256
97.3065
97.3312
97.6066
97.5255
98.5945
124.741
98.0354
93.1914
102.147
100.92
101.014
99.3994
99.2885
104.575
121.862
101.462
104.037
92.9818
95.641
91.9743
101.444
97.5206
98.7662
82.5001
111.729
113.287
105.937
90.0761
86.5182
98.7386
97.927
97.8639
80.3142
75.5955
115.357
97.6459
97.6097
98.2384
96.5125
96.1299
97.3098
99.0178
99.7298
100.435
118.109
103.927
104.14
104.566
124.818
103.418
106.588
111.136
121.729
103.688
100.992
97.7219
106.618
100.274
104.521
128.978
87.4158
118.192
107.137
99.5514
94.9597
108.837
120.979
101.302
99.9325
96.8347
113.912
92.5182
80.7582
106.348
118.176
104.072
124.862
103.447
103.891
104.073
100.602
96.0901
97.4663
83.6656
113.141
111.654
104.383
106.428
111.794
105.437
120.562
110.521
122.193
101.492
98.8938
101.49
106.775
69.7029
95.4186
88.0628
93.0972
103.235
97.4071
95.6333
71.5113
102.396
107.452
96.6047
96.8573
98.2298
100.74
100.411
99.5816
103.885
103.779
99.7944
89.7668
89.52
96.3721
106.21
110.074
97.46
98.1323
98.1268
98.8957
99.6826
100.485
99.0123
103.82
106.351
94.2725
98.3871
97.7521
97.8184
100.239
103.505
101.459
96.5707
93.7034
97.3354
123.119
87.7417
157.209
105.142
102.414
83.7942
101.031
99.0562
107.778
96.9423
111.965
104.563
110.174
100.272
104.648
103.157
102.398
105.788
108.845
95.6245
118.031
103.427
102.352
112.419
120.401
104.917
142.577
81.2007
99.3519
103.022
104.462
103.05
108.933
95.2025
100.448
96.2381
98.5682
113.824
110.819
103.426
110.743
101.793
105.696
98.6358
100.834
94.6151
100.16
87.2309
100.571
96.8346
97.9748
95.6639
129.414
96.5445
108.381
98.9116
101.121
300.628
41.3859
110.459
124.479
105.891
111.166
111.305
135.513
93.8055
54.9978
179.185
-20.4112
)
;
    }
    frontWall
    {
        type            cyclic;
    }
    backWall
    {
        type            cyclic;
    }
}


// ************************************************************************* //
