/*--------------------------------*- C++ -*----------------------------------*\
| =========                 |                                                 |
| \\      /  F ield         | OpenFOAM: The Open Source CFD Toolbox           |
|  \\    /   O peration     | Version:  5.0                                   |
|   \\  /    A nd           | Web:      www.OpenFOAM.org                      |
|    \\/     M anipulation  |                                                 |
\*---------------------------------------------------------------------------*/
FoamFile
{
    version     2.0;
    format      ascii;
    class       volScalarField;
    location    "0.6";
    object      p_rgh;
}
// * * * * * * * * * * * * * * * * * * * * * * * * * * * * * * * * * * * * * //

dimensions      [1 -1 -2 0 0 0 0];

internalField   nonuniform List<scalar> 
8192
(
98.9512
98.0382
105.396
100.753
97.7783
95.3546
93.1037
89.7577
87.349
84.8917
82.4627
80.0442
77.6423
75.2773
72.9286
70.6059
68.297
66.02
63.7641
61.5318
59.3066
57.0935
54.9119
52.7216
50.5554
48.4052
46.2608
44.1123
41.9814
39.8759
37.7662
35.6806
33.6248
31.5514
29.4752
27.4284
25.4374
23.4778
21.5265
19.5681
17.6373
15.7505
13.8654
11.9513
10.0656
8.22744
6.39112
4.54635
2.72201
0.910429
98.0537
98.0749
101.699
97.6689
98.0522
96.8864
93.3651
90.1203
87.6275
85.0835
82.5941
80.1281
77.7173
75.323
72.9509
70.6254
68.3048
66.0401
63.7883
61.5365
59.3087
57.0958
54.9046
52.7224
50.5444
48.3898
46.2489
44.1148
41.9922
39.8794
37.7813
35.6937
33.6204
31.5442
29.4793
27.4372
25.4315
23.4611
21.5077
19.5665
17.6428
15.7535
13.8728
11.9704
10.0726
8.21608
6.37688
4.54341
2.72431
0.910415
94.043
98.9526
100.261
100.266
100.099
98.394
94.5527
90.6222
87.8916
85.2257
82.6867
80.1715
77.7298
75.3386
72.9667
70.6216
68.3234
66.064
63.8121
61.5379
59.3134
57.0994
54.895
52.7168
50.5469
48.3847
46.2393
44.1201
41.9992
39.8819
37.7853
35.6911
33.5937
31.5343
29.4856
27.4494
25.431
23.4521
21.5045
19.5693
17.6505
15.7507
13.8562
11.9715
10.0834
8.21383
6.37162
4.54494
2.7272
0.910361
84.7461
98.3351
102.081
100.034
102.503
99.1838
96.4168
90.8202
87.973
85.2764
82.7022
80.2048
77.7353
75.3317
72.9678
70.627
68.3222
66.0545
63.7823
61.5383
59.3199
57.0982
54.8984
52.7175
50.5571
48.3943
46.2377
44.1261
41.9955
39.8718
37.7856
35.6859
33.5916
31.5267
29.4934
27.4665
25.437
23.4474
21.5045
19.5732
17.6542
15.7374
13.838
11.9577
10.0882
8.21584
6.37173
4.55183
2.73344
0.905708
97.4802
84.4814
103.513
93.3991
102.048
98.9383
97.1909
90.3849
87.6948
85.1088
82.5989
80.1226
77.7009
75.3065
72.9609
70.6261
68.3296
66.0429
63.7613
61.5395
59.3223
57.0961
54.9023
52.7209
50.5651
48.4089
46.2475
44.1207
41.9817
39.8641
37.7803
35.6798
33.5873
31.5247
29.4938
27.4758
25.4469
23.4524
21.5079
19.5825
17.6531
15.7251
13.8178
11.9472
10.0851
8.21719
6.37915
4.56624
2.74133
0.903622
108.534
109.403
96.2191
99.3863
94.2388
94.5118
95.5117
89.6546
87.261
84.8563
82.4437
80.0288
77.6426
75.2768
72.9516
70.6243
68.3316
66.0424
63.7541
61.5231
59.3177
57.092
54.9031
52.7307
50.5709
48.4212
46.2577
44.1153
41.9754
39.8566
37.7739
35.673
33.5804
31.5265
29.4988
27.4777
25.4571
23.4619
21.5111
19.5829
17.6476
15.7112
13.804
11.9366
10.081
8.22172
6.39533
4.5898
2.75092
0.906507
156.297
102.455
90.9298
87.3029
98.5329
93.1281
93.9764
89.1104
86.9329
84.6174
82.3078
79.9476
77.6086
75.2582
72.9273
70.6101
68.3222
66.0437
63.7539
61.5119
59.2999
57.0888
54.9
52.7381
50.5767
48.4225
46.2645
44.1126
41.9765
39.8657
37.7675
35.6589
33.5729
31.532
29.5008
27.4719
25.4624
23.4757
21.5128
19.5749
17.6401
15.7024
13.8001
11.935
10.0771
8.22373
6.40184
4.59018
2.75679
0.915638
103.346
114.1
93.0945
96.5041
100.724
89.8905
91.1696
88.7423
86.7249
84.4977
82.2222
79.8952
77.5759
75.2368
72.8936
70.6051
68.3102
66.0303
63.7656
61.5044
59.2909
57.0835
54.8981
52.7388
50.5736
48.4255
46.2655
44.1089
41.9878
39.872
37.7639
35.6563
33.5772
31.539
29.4987
27.4613
25.4615
23.486
21.5187
19.5698
17.6362
15.7157
13.8125
11.9394
10.0752
8.22586
6.40016
4.57904
2.75471
0.919693
98.4779
95.9504
185.285
102.131
91.4824
95.2117
91.3655
88.9547
86.815
84.5564
82.2528
79.918
77.5786
75.2351
72.9049
70.6039
68.2869
66.0144
63.7599
61.5127
59.2839
57.0771
54.9038
52.7361
50.5815
48.4262
46.2633
44.1085
41.9811
39.8706
37.7522
35.6574
33.5957
31.5438
29.4909
27.4504
25.4574
23.4909
21.5233
19.5683
17.6343
15.7231
13.8289
11.9404
10.0727
8.22759
6.39344
4.56811
2.74225
0.920947
80.0965
102.554
105.699
95.7643
97.5539
96.0225
92.6454
89.3935
87.0848
84.7034
82.3431
79.9617
77.5859
75.2518
72.9141
70.5952
68.2899
66.0148
63.7559
61.5176
59.2841
57.0816
54.9081
52.7258
50.5686
48.4221
46.264
44.1106
41.9795
39.8726
37.7558
35.6642
33.6103
31.5508
29.4811
27.4383
25.4465
23.4875
21.5268
19.5673
17.6353
15.7392
13.8453
11.9419
10.064
8.23039
6.39596
4.55746
2.7315
0.910963
99.1933
103.994
104.4
102.07
97.9485
95.3652
93.1056
89.7583
87.3488
84.8917
82.4628
80.0443
77.6421
75.2774
72.9286
70.6053
68.297
66.02
63.7642
61.5316
59.3065
57.0936
54.9118
52.7214
50.5554
48.4053
46.2607
44.1123
41.9813
39.8758
37.7662
35.6806
33.6248
31.5513
29.4752
27.4284
25.4373
23.4779
21.5265
19.568
17.6372
15.7506
13.8655
11.9514
10.0656
8.22749
6.39104
4.54629
2.72202
0.910512
98.121
98.1354
101.37
98.4948
98.5229
97.0342
93.3631
90.1207
87.6274
85.0835
82.5941
80.1281
77.7173
75.3229
72.9508
70.6252
68.3047
66.0402
63.7884
61.5364
59.3087
57.0959
54.9045
52.7224
50.5443
48.3898
46.2489
44.1148
41.9921
39.8795
37.7819
35.6937
33.6204
31.5439
29.4793
27.4371
25.4315
23.4611
21.5076
19.5665
17.6428
15.7536
13.8727
11.9701
10.0727
8.21606
6.37678
4.54341
2.72427
0.910363
94.131
97.0744
100.399
108.598
102.181
98.2889
94.5312
90.6232
87.892
85.2257
82.6867
80.1715
77.7298
75.3386
72.9667
70.6215
68.3233
66.0639
63.8121
61.5378
59.3132
57.0994
54.8949
52.7167
50.5469
48.3846
46.2393
44.1201
41.9992
39.8819
37.7851
35.691
33.5937
31.5342
29.4857
27.4494
25.4308
23.4521
21.5045
19.5692
17.6506
15.7508
13.8562
11.9712
10.0834
8.2138
6.37158
4.545
2.7273
0.910356
84.9672
134.061
102.132
99.8532
103.122
99.0708
96.2842
90.8216
87.9729
85.2762
82.7022
80.2048
77.7353
75.3317
72.9678
70.627
68.3221
66.0543
63.7822
61.5382
59.32
57.0982
54.8984
52.7176
50.5567
48.3942
46.2378
44.1262
41.9957
39.8716
37.7854
35.686
33.5916
31.5267
29.4934
27.4664
25.4369
23.4474
21.5045
19.5733
17.6542
15.7373
13.838
11.9578
10.0882
8.21583
6.37162
4.55182
2.73343
0.905566
89.8106
229.259
105.526
123.636
102.102
98.8444
97.2152
90.3846
87.6947
85.109
82.5989
80.1225
77.7005
75.3065
72.9609
70.6261
68.3296
66.0429
63.7613
61.5395
59.3223
57.0961
54.9023
52.721
50.565
48.409
46.2476
44.1206
41.9815
39.8638
37.7804
35.6799
33.5869
31.5247
29.4938
27.4758
25.4469
23.4524
21.5079
19.5825
17.6531
15.7247
13.8178
11.9472
10.0851
8.21717
6.37908
4.56619
2.74124
0.903672
118.792
95.6017
99.5912
99.8051
120.448
94.7712
95.5469
89.6542
87.2609
84.8564
82.4436
80.0288
77.6428
75.2768
72.9515
70.6242
68.3315
66.0425
63.754
61.5229
59.3175
57.0919
54.9031
52.7307
50.5709
48.4213
46.2576
44.1152
41.9754
39.8567
37.7739
35.6726
33.5803
31.527
29.4989
27.4777
25.4572
23.4619
21.5111
19.5829
17.6474
15.7108
13.804
11.9366
10.0808
8.2217
6.39534
4.58983
2.75063
0.906475
121.217
109.001
91.4601
107.689
99.6245
97.0727
93.9965
89.11
86.9328
84.6174
82.3077
79.9476
77.6086
75.2581
72.9273
70.6101
68.3222
66.0436
63.7537
61.512
59.2999
57.0888
54.9
52.7381
50.5766
48.4225
46.2644
44.1127
41.9766
39.8657
37.7677
35.6588
33.5729
31.5319
29.5007
27.4716
25.4624
23.4756
21.5128
19.575
17.6401
15.7023
13.8
11.935
10.077
8.22372
6.40197
4.59028
2.75678
0.915757
103.04
105.04
131.398
90.6052
99.5617
89.4299
90.9974
88.7426
86.7251
84.4978
82.2222
79.8952
77.5758
75.2368
72.8935
70.6051
68.3104
66.0301
63.7657
61.5044
59.2909
57.0836
54.8981
52.7388
50.5734
48.4256
46.2659
44.1088
41.9877
39.8721
37.7638
35.6562
33.5772
31.539
29.4986
27.4613
25.4615
23.4859
21.5187
19.5697
17.6361
15.7158
13.8126
11.9393
10.0751
8.22585
6.40015
4.57902
2.75479
0.919665
104.772
94.9408
100.1
96.7458
97.6362
96.89
91.3616
88.9551
86.8151
84.5564
82.2528
79.918
77.5786
75.2351
72.9049
70.6041
68.2871
66.0135
63.7599
61.5128
59.2839
57.0771
54.9038
52.7361
50.5815
48.4262
46.2632
44.1086
41.9812
39.8708
37.7523
35.6572
33.5956
31.5438
29.4907
27.4505
25.4576
23.4908
21.5232
19.5683
17.6344
15.7232
13.8288
11.9403
10.0726
8.22755
6.3934
4.56807
2.74228
0.920943
76.3659
103.576
96.9042
93.7238
97.3192
96.0125
92.6472
89.3941
87.0847
84.7034
82.3432
79.9616
77.5854
75.2518
72.9141
70.5955
68.2898
66.0148
63.756
61.5176
59.284
57.0814
54.9081
52.7258
50.5687
48.422
46.264
44.1106
41.9795
39.8726
37.7556
35.6641
33.6104
31.5508
29.4809
27.4384
25.4465
23.4874
21.5267
19.5673
17.6353
15.7392
13.8452
11.9418
10.0639
8.23041
6.39576
4.55746
2.73159
0.910953
99.8891
101.458
105.499
100.218
94.5181
95.2541
93.1047
89.7581
87.3489
84.8916
82.4628
80.0443
77.6419
75.2774
72.9285
70.605
68.2969
66.0202
63.7642
61.5314
59.3064
57.0937
54.9116
52.7212
50.5555
48.4053
46.2605
44.1123
41.9811
39.8758
37.7662
35.6806
33.6248
31.5511
29.4751
27.4283
25.4373
23.4778
21.5265
19.5679
17.637
15.7506
13.8656
11.9515
10.0656
8.22763
6.39091
4.54618
2.72196
0.910501
98.0387
98.085
98.898
95.8193
95.3224
97.0513
93.3646
90.1198
87.6274
85.0834
82.594
80.128
77.7172
75.3229
72.9508
70.6244
68.3047
66.0402
63.7883
61.5363
59.3093
57.0959
54.9044
52.7218
50.5442
48.3898
46.2485
44.1147
41.9922
39.8795
37.7819
35.6937
33.6203
31.5438
29.4793
27.4371
25.4314
23.4612
21.5074
19.5663
17.6428
15.7537
13.8725
11.9697
10.0728
8.21607
6.37656
4.54336
2.7242
0.910168
93.9766
98.3924
100.611
106.583
138.97
96.0202
94.5334
90.6231
87.8924
85.2256
82.6866
80.1714
77.7297
75.3385
72.9666
70.6214
68.3233
66.0636
63.812
61.5377
59.313
57.0993
54.8947
52.7166
50.5468
48.3845
46.2395
44.12
41.9991
39.8819
37.785
35.6906
33.5935
31.5342
29.4858
27.4493
25.4306
23.4521
21.5044
19.5691
17.6505
15.7508
13.8559
11.971
10.0834
8.21373
6.3715
4.545
2.72728
0.910043
84.7907
99.2093
102.056
107.861
102.329
99.0997
96.293
90.8217
87.9729
85.2758
82.7021
80.2047
77.7352
75.3316
72.9677
70.6269
68.3221
66.0541
63.7821
61.5381
59.32
57.0981
54.8984
52.7177
50.5564
48.3939
46.2379
44.1261
41.9956
39.8716
37.7853
35.686
33.5915
31.5266
29.4934
27.4663
25.4368
23.4474
21.5045
19.5735
17.6541
15.7372
13.8377
11.9579
10.0882
8.21576
6.37152
4.55177
2.73329
0.905237
100.683
255.711
103.8
104.207
101.955
98.9992
97.2078
90.384
87.6945
85.1091
82.5988
80.1221
77.7003
75.3064
72.961
70.6261
68.3295
66.0428
63.7612
61.5394
59.3223
57.0956
54.9022
52.721
50.5647
48.409
46.2477
44.1206
41.9814
39.8637
37.7804
35.6798
33.586
31.5247
29.4938
27.4757
25.4473
23.4523
21.5079
19.5825
17.653
15.7242
13.8179
11.9472
10.085
8.21711
6.37924
4.56611
2.74116
0.903584
118.267
82.4929
98.824
100.088
110.127
94.8463
95.5458
89.6539
87.2606
84.8564
82.4434
80.0288
77.6429
75.2767
72.9512
70.6241
68.3315
66.0425
63.7539
61.5229
59.3174
57.0919
54.9029
52.7307
50.5709
48.4211
46.2575
44.115
41.9753
39.8572
37.774
35.6724
33.5801
31.5276
29.4988
27.4776
25.4572
23.4618
21.5111
19.5831
17.6473
15.7103
13.804
11.9366
10.0806
8.22163
6.39535
4.58982
2.75011
0.906437
110.834
104.395
97.4528
101.871
106.175
96.3454
93.9912
89.109
86.9328
84.6173
82.3077
79.9475
77.6085
75.2581
72.9272
70.61
68.3221
66.0434
63.7537
61.512
59.2999
57.0887
54.8999
52.738
50.5764
48.4225
46.2643
44.1127
41.9769
39.8657
37.7675
35.6587
33.5728
31.5319
29.5004
27.4713
25.4623
23.4756
21.5127
19.575
17.64
15.7022
13.7999
11.9349
10.0769
8.22365
6.40218
4.58996
2.75672
0.915751
137.494
115.635
115.452
84.9014
97.646
91.0622
91.0056
88.7426
86.7251
84.4976
82.2221
79.8951
77.5758
75.2367
72.8935
70.605
68.3107
66.0298
63.7659
61.5044
59.2908
57.0836
54.8983
52.7387
50.5733
48.4256
46.2658
44.1085
41.9874
39.8721
37.7638
35.6561
33.5772
31.5389
29.4985
27.4613
25.4614
23.4857
21.5186
19.5698
17.636
15.7157
13.8125
11.9393
10.075
8.22578
6.4001
4.57898
2.75477
0.919665
103.812
91.6102
104.006
111.26
98.1625
91.8498
91.3665
88.9548
86.8154
84.5563
82.2527
79.918
77.5785
75.235
72.9048
70.6044
68.2871
66.0134
63.7599
61.5128
59.2838
57.077
54.9037
52.736
50.5814
48.4261
46.2628
44.1087
41.9814
39.8708
37.7521
35.6571
33.5963
31.5437
29.4906
27.4506
25.4576
23.4906
21.5231
19.5682
17.6344
15.7232
13.8287
11.9401
10.0726
8.22747
6.3933
4.568
2.74235
0.920856
107.182
102.731
92.9614
99.666
109.808
96.0009
92.6464
89.3939
87.0847
84.7033
82.3431
79.9615
77.5852
75.2517
72.914
70.5957
68.2898
66.0148
63.756
61.5176
59.2839
57.0814
54.908
52.7258
50.5687
48.422
46.2636
44.1106
41.9795
39.8723
37.7555
35.664
33.6108
31.5507
29.4808
27.4385
25.4465
23.4873
21.5267
19.5672
17.6352
15.739
13.8452
11.9417
10.0639
8.23037
6.39558
4.55719
2.73157
0.910883
93.8213
95.7378
94.6333
95.4081
93.8287
95.7643
94.6421
94.8375
96.8196
95.1849
96.9734
94.8362
97.9056
95.0907
96.067
99.3943
97.6315
98.3325
95.9607
99.2467
97.6565
97.9678
99.1458
97.9738
99.1221
98.009
99.0745
97.9945
97.8114
96.5621
96.1643
99.0242
97.8216
96.6618
96.1684
95.5882
95.1943
94.5511
94.698
95.5887
95.3133
94.5576
94.3522
93.1454
93.0545
94.9174
94.3595
93.2784
93.0949
92.7684
92.6698
91.3365
90.0038
92.7924
91.8214
91.2391
92.064
95.1613
92.3447
99.3939
91.8807
95.0373
92.3528
93.3127
95.8141
93.93
96.0242
93.3167
95.8627
93.9387
93.8259
95.7483
94.6399
95.3186
93.8275
95.7204
94.6473
94.8451
97.7285
95.0791
97.058
94.8566
99.1894
95.085
95.9414
99.2094
97.6543
97.9599
95.9254
98.2674
97.6596
98.0101
99.0918
97.9839
99.1736
98.015
99.1133
97.9782
97.8244
96.7078
96.166
99.0028
97.8242
96.613
96.1712
95.5873
94.6862
94.5604
94.7848
95.5891
97.3506
94.5579
94.3613
93.04
93.0958
96.1856
94.3775
93.9395
93.093
92.7873
91.7392
91.2414
98.3784
92.7693
92.7713
91.2563
91.8512
95.0348
92.344
91.6587
91.9162
95.1016
92.346
93.3165
95.9042
93.9364
96.0095
93.3174
95.9034
93.9372
93.831
95.7187
94.6512
95.1871
93.823
95.7221
94.638
94.8603
99.3143
95.0975
97.0329
94.8342
94.644
95.2007
95.9388
98.3044
97.6554
94.4066
96.0542
98.4899
97.6256
98.0125
99.1501
97.9655
99.1319
97.9739
99.1325
97.9396
97.8239
96.7836
96.1772
99.0876
97.8054
96.697
96.1773
95.5925
96.0512
94.5571
94.9681
95.592
95.1174
94.5506
94.3835
93.1019
93.0889
96.5495
94.3885
93.8201
93.0429
92.7761
92.3794
91.3108
90.9305
92.7382
92.375
91.4379
91.8975
95.0825
92.3469
93.2325
91.9583
95.0997
92.3525
93.3175
95.8777
93.9396
96.0044
93.3071
95.8904
93.9292
95.0416
93.3256
95.9474
97.6585
94.9976
94.7897
96.1155
95.4447
94.9147
96.0473
95.4198
96.1907
95.6477
94.8184
91.5836
93.2712
91.8942
93.1049
91.5928
93.2719
91.9036
97.7575
109.001
104.281
97.4819
97.4913
113.773
103.749
97.4946
97.0765
95.0138
96.9193
97.1919
95.0026
97.4116
92.1549
93.7525
92.4171
93.3641
92.1643
93.7502
92.427
98.2821
101.234
110.78
98.1946
97.9699
99.7034
115.56
97.7673
97.5164
101.157
98.3891
97.521
100.44
97.9089
92.7068
95.6491
93.116
94.5358
92.7163
95.506
93.1259
99.9131
100.58
99.6514
102.486
100.275
100.587
99.6366
98.818
98.7188
99.2015
99.1279
98.7194
99.1753
98.7758
93.452
97.1922
93.3006
96.2948
93.4626
97.122
93.3097
99.6953
102.2
97.5281
102.115
99.7204
101.797
97.522
98.0107
98.4973
98.6442
99.099
98.5611
98.6007
98.0058
92.7624
95.9469
92.1809
97.2148
92.7674
95.9799
92.1852
89.5882
111.201
96.1774
308.411
91.07
167.592
96.053
94.3765
95.1145
93.5524
94.5437
95.1035
93.5775
94.3311
91.6352
94.1773
91.0781
95.545
91.6386
94.2099
91.0817
96.7447
98.4248
95.9169
98.5894
96.9035
99.0401
95.866
94.7622
94.6971
98.1506
91.8744
94.6718
95.4768
94.5865
90.9885
92.1621
90.6882
93.9457
90.9949
92.032
90.6959
104.074
97.854
93.9521
98.2921
97.7477
97.8529
92.9544
92.9512
92.757
92.3285
89.9188
92.7492
92.3724
92.9536
90.2454
90.9917
90.2121
91.0105
90.2526
90.9803
90.2193
161.66
98.1328
102.252
98.308
99.0408
100.941
96.4236
91.882
94.159
98.2336
95.1459
94.1357
97.5084
91.8804
90.1843
92.2241
90.7152
91.363
90.1916
92.2252
90.7229
96.9474
98.1574
96.4895
97.2348
96.8252
97.6923
96.5151
94.3227
95.0909
95.9367
96.0099
94.9472
95.3033
95.1873
91.0837
92.8719
91.377
92.6468
91.0923
92.8727
91.3856
94.9874
96.2204
101.178
95.6705
94.9648
102.646
97.5655
95.0311
94.8256
95.858
95.3581
95.185
95.7527
94.8111
91.5914
93.2723
91.9026
93.1058
91.5913
93.2722
91.9023
97.8802
110.256
100.622
96.1003
99.4185
102.836
104.736
97.5894
97.1414
95.702
97.0354
97.5956
97.0663
96.1376
92.1632
93.7479
92.4264
93.364
92.1624
93.7469
92.4262
97.5744
103.92
101.71
99.3457
97.3014
103.867
98.8786
97.8393
97.5137
100.759
102.573
97.9036
97.5074
100.531
92.7151
95.4943
93.1249
94.528
92.715
95.4884
93.1249
100.35
100.865
99.623
102.323
99.7748
100.605
99.6087
98.7294
98.6911
99.2168
99.223
98.6973
98.74
99.1529
93.4618
97.1189
93.3081
96.2835
93.4616
97.1299
93.3081
99.687
103.072
97.9216
102.35
99.6993
115.628
94.5362
97.9787
98.4519
98.3326
98.9832
98.1085
98.4678
98.388
92.7636
95.9832
92.1813
97.2187
92.7635
95.9791
92.1812
85.978
86.3609
101.061
121.068
97.5201
109.382
105.631
94.3788
95.1466
93.6383
94.8419
94.3736
95.0749
93.6491
91.6351
94.2199
91.0778
95.5482
91.6355
94.2244
91.0778
98.3129
99.2747
95.4846
99.9828
96.5383
98.5497
94.0454
94.2903
94.6728
94.7953
101.085
94.2887
94.8814
94.8139
90.9927
92.024
90.695
93.9173
90.9924
92.0238
90.695
97.5572
92.6463
93.9762
97.5695
93.6847
105.506
94.875
92.8644
92.8415
91.8221
89.3565
92.8595
92.7042
91.8043
90.2516
90.9775
90.2185
90.9966
90.2513
90.978
90.2182
100.158
96.008
96.4045
97.8895
99.1191
98.3314
97.4628
91.9852
94.0393
93.7788
98.8601
91.8941
93.9958
94.1371
90.1899
92.2265
90.7217
91.3634
90.1898
92.2259
90.7217
97.6463
97.4973
96.5127
108.406
96.9145
101.4
96.4888
95.0764
94.9416
96.0735
96.0074
95.0853
94.9531
96.0319
91.091
92.8733
91.3844
92.6474
91.0908
92.8732
91.3845
94.9535
100.221
98.1603
95.1797
94.9417
92.7535
98.0752
95.3927
94.8043
95.6592
95.2043
94.8653
96.163
94.8344
91.5925
93.2718
91.9031
93.1042
91.5832
93.2713
91.8936
98.4589
97.2056
89.8908
92.7897
99.907
109.803
95.3229
97.4022
97.0348
96.6338
97.0968
97.3565
97.0544
96.4156
92.1629
93.748
92.4275
93.3646
92.1529
93.7498
92.4182
97.1733
104.958
97.2779
96.7611
97.5546
120.904
96.2746
98.0426
97.4917
101.847
99.1983
98.0765
97.4881
97.6447
92.7162
95.5055
93.1259
94.5454
92.707
95.6269
93.1161
99.5487
100.569
99.5962
102.57
99.5637
100.575
99.5974
98.8257
98.6991
99.2091
99.1067
98.7015
98.7236
99.1532
93.4625
97.1318
93.3099
96.4081
93.4523
97.2091
93.3008
99.7081
105.195
99.1366
101.974
99.7078
105.494
99.1656
97.9811
98.4471
98.5194
99.1845
97.9806
98.6006
98.8862
92.7669
95.9722
92.1848
97.1859
92.7615
95.94
92.1805
96.1194
107.569
95.9787
109.906
97.2795
107.939
95.5429
94.3833
95.1324
93.827
94.921
94.3268
95.1926
93.9017
91.6394
94.2204
91.0816
95.5123
91.6364
94.1885
91.078
96.6587
98.2797
94.2421
103.039
95.4679
97.0583
93.8338
94.2643
94.618
94.7024
96.3822
94.2748
94.6174
94.7356
90.994
92.0332
90.696
93.9553
90.987
92.1636
90.6886
97.3485
104.981
144.238
96.8082
88.4645
106.443
112.669
92.7961
91.8519
92.3145
90.7962
92.8101
91.875
92.7633
90.2522
90.9797
90.2186
91.164
90.2449
90.9931
90.2112
100.461
124.915
93.8003
94.2696
104.107
107.667
94.6295
92.3128
93.8805
100.677
96.1221
92.2226
93.8552
104.933
90.1912
92.224
90.7229
91.3674
90.1839
92.223
90.7153
97.3758
99.8984
96.4627
114.428
96.651
98.4462
96.4126
94.9501
94.9207
95.7616
95.987
94.8187
94.9407
95.7667
91.0919
92.8724
91.3856
92.6457
91.0831
92.8715
91.3771
94.9214
94.511
94.077
93.8314
94.089
94.9371
94.508
95.9808
95.6578
96.5679
95.7594
95.8106
96.4439
95.6725
94.9399
94.1661
94.8617
94.6437
94.1751
94.8509
94.8676
95.1943
95.4616
94.7723
96.0445
96.0352
95.2281
94.7696
94.9269
93.8275
94.5075
94.0891
94.0868
94.9438
94.5077
94.7466
95.7709
94.7149
96.3991
94.9043
96.4117
94.6229
94.9156
94.6403
94.1749
94.8381
94.173
94.833
94.883
94.9614
95.0579
94.7984
94.843
94.9228
94.808
95.0698
98.762
96.4282
96.7487
96.8428
96.2447
96.7685
98.7241
95.9335
94.957
96.9218
95.121
94.9543
96.9467
95.9226
97.4699
96.9375
97.1957
95.78
97.3097
95.1127
97.4798
94.9057
94.8309
94.9311
94.793
94.9615
94.7999
94.8405
98.8201
98.1905
103.454
96.8084
103.383
96.7817
98.9205
95.9393
95.0961
94.9359
96.975
94.9403
96.9615
95.8564
97.2959
96.8859
96.7968
95.9896
96.915
96.7381
97.3061
98.1818
98.8184
98.371
99.4028
98.8116
98.3667
98.2407
98.0452
97.3861
98.0862
97.6491
97.3862
98.0954
98.0138
97.7708
98.66
97.5283
100.882
97.5237
100.598
97.755
97.2971
95.9581
96.9087
96.7783
96.918
96.7467
97.27
98.0768
99.7497
99.0278
98.3519
100.612
98.4019
98.0534
98.0656
97.6577
97.3419
98.0938
97.3767
98.095
98.0844
98.454
98.294
98.0114
97.9891
98.3006
98.054
98.4487
98.6395
99.1631
98.7055
99.0257
99.1149
98.6142
98.6841
98.4104
98.1128
98.1704
97.9976
98.1115
98.1659
98.4579
98.8189
99.1281
98.7761
99.3094
98.7188
99.1785
98.6703
98.4541
98.0023
98.2961
98.077
98.2992
98.0704
98.4533
98.6317
99.1849
99.2797
98.4964
99.1166
98.6923
98.8048
98.3448
98.0052
98.115
98.1536
98.1088
98.2102
98.3765
97.8179
98.0243
97.344
97.8222
98.0246
97.3526
97.765
97.369
98.0278
96.4029
96.561
97.994
96.3459
97.3719
97.1817
96.8311
96.2943
96.1725
96.8412
96.2959
97.1231
98.0044
98.9987
98.7091
98.6845
98.3967
98.5903
98.0063
97.6562
97.8238
97.9619
97.3458
98.0424
97.3487
97.6428
97.3742
96.5709
97.9798
96.4877
98.0166
96.3285
97.3599
97.0521
96.1708
96.8395
96.3456
96.8408
96.3581
97.0206
94.987
95.5126
95.0575
95.5945
95.5104
95.0656
94.9261
95.3029
96.2559
94.5693
97.3431
95.7083
94.6422
95.4891
95.2131
95.0027
94.4268
94.5583
95.009
94.4257
95.1638
94.2868
94.6514
95.0819
93.6242
95.1134
93.5717
94.2533
94.853
95.5915
95.6151
95.0579
95.6334
95.0624
94.7726
95.3061
93.3993
96.1918
94.3921
96.3237
94.431
95.2205
95.0719
94.5582
94.9982
94.4504
95.0028
94.5439
94.9348
94.0785
94.5748
94.0009
94.3531
94.566
93.9764
94.0999
93.9631
94.4536
93.2374
93.0904
95.125
93.2575
93.96
93.7571
93.7767
93.0572
93.0739
93.8119
93.0575
93.7531
94.5853
95.5007
94.6617
94.9602
94.6819
94.1382
94.3768
94.0683
94.3492
94.567
93.9759
94.6608
93.9745
94.0819
94.081
93.1819
94.0318
93.2252
93.7032
93.2305
93.9066
93.7611
93.0884
93.821
93.0464
93.8231
93.0527
93.7686
92.5836
92.5525
91.8996
92.7839
92.5494
91.8936
92.581
93.462
93.9136
93.1722
92.958
91.0546
93.1838
93.6304
92.7934
92.1378
92.2567
91.2835
92.0652
92.2849
92.7936
92.892
89.679
92.8298
92.2959
92.7994
92.0225
92.9727
92.579
92.7924
92.5286
91.8793
92.5378
91.889
92.5777
93.4328
91.983
90.8506
93.1841
90.8814
93.1807
93.5532
92.783
91.2504
92.0388
92.2972
92.031
92.3029
92.792
91.2507
94.0394
91.0288
91.9329
94.0495
91.0522
91.2614
95.3481
97.4811
93.5769
95.0969
97.4648
93.5035
95.3739
94.5511
92.7956
93.161
92.3591
92.7949
93.148
94.6411
91.8506
95.674
94.0819
94.1399
94.1045
97.0246
91.8685
91.2516
91.8966
94.0775
91.0408
94.0689
91.0505
91.1681
95.5185
95.2601
97.4639
93.5427
97.3118
93.9589
95.3946
94.7029
92.3592
92.7855
93.1026
92.7709
93.4281
94.5659
94.5163
94.2029
93.6944
93.3211
94.2194
93.7099
94.4774
95.3072
95.3601
95.4528
95.8139
95.0102
96.0369
95.4022
94.2079
93.662
94.6395
93.9402
93.6686
94.2261
94.6381
94.4426
96.1117
94.9264
96.0023
95.1343
95.4855
95.1635
94.5718
93.3161
94.1235
93.7154
94.198
93.7122
94.6107
95.137
95.8305
95.7639
95.3489
95.0794
96.0431
95.3723
94.1786
93.937
93.6633
94.6324
93.6623
94.1607
94.635
94.929
94.5053
94.0855
93.8268
94.9484
94.083
94.5055
94.798
94.7724
96.3485
95.7241
94.7412
94.8127
96.3672
94.9286
94.171
94.8357
94.6446
94.898
94.1723
94.8088
95.7151
95.3632
94.7664
95.7895
96.6678
95.0262
94.7573
94.9037
93.8273
94.509
94.0797
94.0809
94.9058
94.5073
94.817
95.7015
94.7605
96.3796
94.864
96.3691
94.7118
94.93
94.6469
94.1703
94.8028
94.1713
94.8035
94.8902
94.8306
94.9553
94.7814
94.8504
94.8626
94.965
94.7947
99.0755
90.9
96.8337
97.8779
99.0124
90.2681
96.8638
95.5667
94.9492
96.975
95.081
95.6641
94.9674
96.9735
97.4936
97.0573
96.9934
96.8562
97.0733
95.9043
97.3782
94.8013
94.8526
94.9789
94.8419
95.0029
94.8259
94.8787
99.132
107.506
106.701
96.9042
107.431
96.8871
99.3049
95.6072
95.0801
94.9996
96.9806
94.9895
96.9807
95.6831
97.296
96.9016
96.7635
95.9192
97.2958
96.9068
96.7325
97.991
98.9778
98.3859
100.22
97.987
100.451
98.3054
98.1661
97.3154
98.0925
97.6607
98.1183
97.3233
98.0896
97.8705
98.013
97.5048
101.657
97.5062
100.482
98.192
97.269
95.9203
96.8208
96.6942
96.8625
96.7006
97.2375
98.0722
100.831
97.9164
98.2229
99.9389
98.306
97.8071
98.1917
97.663
97.2896
98.0848
97.3266
98.0861
98.1766
98.4526
98.2948
98.0814
98.0132
98.4519
98.2963
98.0861
98.6882
99.2952
98.6286
99.0107
98.9319
99.0838
98.7714
98.3907
98.1219
98.2753
97.9886
98.4074
98.1371
98.148
98.6355
99.096
98.8324
99.2592
98.6311
99.2484
98.6522
98.4529
98.0139
98.3005
98.0435
98.2972
98.069
98.4563
98.6949
99.0082
99.2791
98.6239
99.0873
98.7655
98.8765
98.3925
97.99
98.1266
98.3433
98.1343
98.1787
98.4065
97.6664
98.1533
97.3446
97.8235
97.7953
98.0328
97.3446
97.344
98.1812
96.3237
96.5908
97.4884
98.0922
96.2437
96.9929
96.8427
96.2749
96.1655
97.1112
96.8451
96.2372
98.0205
99.1615
98.3271
98.3808
98.476
98.476
97.9931
97.703
97.8258
98.1504
97.3486
98.0325
97.3452
97.6402
97.351
98.0644
98.8614
96.4251
98.302
96.3251
97.4291
97.0526
96.1661
96.8463
96.3039
96.8461
96.4098
97.0297
94.8396
95.5679
95.0565
95.587
94.9467
95.4386
95.0558
95.2724
95.7019
94.3587
96.4138
95.2738
96.1966
94.5395
95.0902
94.9953
94.4184
94.5594
95.1072
94.9951
94.4339
94.3151
94.8388
95.21
94.3456
95.1116
94.0191
94.3922
94.7422
95.5871
95.4913
95.0544
95.4621
95.0535
94.8648
95.3596
95.3985
95.4068
94.3113
95.3912
94.3374
95.4755
95.0317
94.5596
94.9965
94.4787
94.994
94.4582
95.0133
94.0986
94.5684
93.977
94.3549
94.0928
94.6115
93.988
93.8724
93.4847
93.2252
93.0369
93.8517
93.5788
93.217
93.79
93.825
93.0411
93.0946
93.7795
93.8366
93.0416
94.2959
101.027
94.6538
94.7476
94.8461
94.8185
94.4147
94.1055
94.3629
94.5559
93.9783
94.5836
93.9892
94.1173
93.8857
93.1425
93.2713
93.3365
93.4246
93.2032
93.88
93.7987
93.0946
93.8085
93.0439
93.8319
93.0414
93.8079
92.5783
92.5199
91.8722
92.7788
92.5806
92.5093
91.8712
93.6118
90.8886
93.1948
98.6594
93.507
93.6655
93.2285
92.8021
92.015
92.2607
91.2258
92.7984
91.9849
92.2814
92.8557
89.2373
91.6841
91.8728
94.2848
91.8151
92.8186
92.5723
92.7704
92.4922
91.8829
92.4966
91.8748
92.5708
93.5935
98.7871
91.2392
93.3187
94.1216
93.2712
93.4478
92.8019
91.2221
91.9866
92.1405
91.9796
92.2383
92.8017
91.1013
94.0916
91.0161
91.8394
91.0883
94.1734
91.0125
95.3765
97.4296
93.5782
95.1074
95.5285
97.4785
93.6047
94.4418
92.8148
93.0953
92.3459
94.6205
92.8044
93.1026
92.0687
105.395
93.9171
95.9916
93.9389
94.9542
92.162
91.1295
91.892
93.9151
91.062
94.0588
91.0389
91.1009
95.2794
95.1034
97.5564
93.5524
97.4804
93.5738
95.2454
94.4563
92.3484
92.7791
93.1464
92.7757
93.1284
94.4877
94.4966
94.1673
93.7075
93.3168
94.5835
94.1866
93.7043
95.412
95.5595
95.3272
95.9247
95.5201
95.4312
95.318
94.2014
93.6623
94.6298
93.9371
94.1725
93.6672
94.6296
96.1966
96.0111
94.9119
96.3667
94.9356
96.7284
95.8131
94.4934
93.3175
94.172
93.6976
94.1996
93.7007
94.5722
95.5896
95.9148
95.3363
95.3484
95.4562
95.7033
95.3253
94.2236
93.9376
93.6739
94.6381
93.6713
94.2328
94.6322
94.9509
94.511
94.0848
93.8295
94.9284
94.0853
94.5142
94.7205
94.7563
96.4049
95.7327
94.7495
94.7886
96.4104
94.8793
94.1707
94.7853
94.6476
94.8712
94.1687
94.7865
95.5374
95.1821
94.9063
96.0671
96.1084
95.4284
94.8613
94.9492
93.8333
94.5148
94.0787
94.0893
94.9272
94.5155
94.7325
95.7385
94.7619
96.3498
94.7949
96.3883
94.7699
94.885
94.6498
94.1663
94.8148
94.1752
94.8028
94.886
94.9221
95.0105
94.84
94.851
94.9052
95.008
94.8281
99.5677
103.541
96.8995
100.403
99.4561
103.391
96.8805
95.7538
94.986
96.9903
95.0959
95.7649
94.9874
96.9888
97.4687
97.0296
97.1614
96.5758
97.0498
96.4547
97.5177
94.9544
94.8498
94.9838
94.8087
94.9653
94.8249
95.0406
99.6286
95.2306
103.627
96.8736
103.762
96.8758
99.6258
95.7967
95.1339
94.9707
96.9521
94.9942
96.9709
95.8436
97.2314
96.7849
96.7028
95.9564
97.2205
96.7727
96.712
97.7699
98.0093
98.3063
98.5447
97.7431
98.195
98.2166
98.1848
97.2955
98.0841
97.6551
98.1654
97.3272
98.0855
98.0379
94.5766
97.484
97.6838
97.4871
97.725
98.0447
97.2349
95.9865
96.7456
96.8009
96.7603
96.7293
97.2624
97.8723
98.4174
98.0907
98.2089
98.0858
98.2086
97.8846
98.1742
97.6469
97.3501
98.078
97.3444
98.0866
98.1362
98.4692
98.3043
98.0304
98.0075
98.4636
98.3051
98.0382
98.7636
99.1367
98.6433
99.0407
98.7631
99.1444
98.6326
98.4187
98.1157
98.3662
97.9683
98.39
98.1191
98.2055
99.0378
99.0945
98.7059
99.1225
98.6966
99.1371
98.9288
98.4789
97.9991
98.3011
97.9984
98.3074
98.0287
98.4733
99.0336
99.0428
99.1235
98.7449
99.1461
98.6322
98.9347
98.5782
97.9626
98.127
98.2234
98.1201
98.2107
98.5091
97.6991
98.1874
97.3531
97.8187
97.6651
98.0338
97.3562
97.3755
97.8344
96.4956
96.6313
97.3359
97.7771
96.3638
97.1115
96.8468
96.3408
96.1815
97.0141
96.8502
96.2734
98.0386
99.0698
98.4647
98.8205
98.476
98.638
98.2355
97.7234
97.8166
98.0318
97.3498
98.0339
97.3588
97.7451
97.3665
96.6379
97.7426
96.3686
97.7475
96.3719
97.4227
97.1532
96.1849
96.8472
96.2743
96.8544
96.2741
97.1111
94.8137
95.5933
95.0575
95.5955
94.8404
95.4938
95.0605
95.1847
95.3884
94.3311
95.7237
95.2239
95.3631
94.3178
95.0202
95.0014
94.5499
94.5558
95.0345
95.0059
94.4558
94.7157
94.9996
95.1466
94.0081
95.1531
93.9462
94.6056
95.0131
95.5991
95.4888
95.0581
95.4902
95.0646
94.9367
95.3359
94.951
95.416
94.3841
95.3018
94.337
95.3537
95.1318
94.5573
95.0036
94.4503
95.0102
94.467
95.1091
94.1301
94.6371
93.9727
94.3755
94.1301
94.6031
93.9775
93.9221
94.8272
93.1433
93.1103
93.8936
94.5657
93.1355
93.8278
93.7958
93.0449
93.0791
93.8206
93.8033
93.0444
94.2651
96.4383
94.7162
98.1568
94.8288
94.7844
94.2795
94.1648
94.3815
94.5967
94.0153
94.6022
93.9802
94.1473
93.929
93.1133
94.3944
93.1951
94.6983
93.2552
93.9296
93.8323
93.0625
93.7726
93.0405
93.7985
93.0454
93.8277
92.5733
92.4934
91.8937
92.7699
92.5715
92.4985
91.8998
93.3907
91.525
93.3668
92.6138
93.355
91.5155
93.4155
92.8309
92.0054
92.0905
91.3506
92.807
92.0379
92.1312
92.7952
90.6747
91.9764
93.4
91.8898
93.7908
92.7991
92.5734
92.7572
92.4948
91.9094
92.5
91.9051
92.5701
93.405
92.718
92.1438
93.4703
91.3813
93.4402
93.4154
92.8373
91.3862
92.1232
92.1785
92.0769
92.1628
92.8245
91.0448
93.8019
91.0797
91.9274
91.061
93.8897
91.0754
95.1515
97.6641
93.5508
95.0839
95.2254
97.8964
93.5325
94.4623
92.7924
93.1287
92.3477
94.4962
92.782
93.0343
92.3744
93.2499
93.8516
100.814
93.8407
97.5394
92.4244
91.1076
91.9558
93.949
91.0376
93.9783
91.0631
91.1857
95.2019
95.0966
97.3421
93.4385
97.3528
93.4726
95.2735
94.4897
92.3561
92.7715
93.4026
92.7784
93.0848
94.5198
94.5496
94.1603
93.7045
93.315
94.578
94.1623
93.7046
95.6841
95.3549
95.3968
95.8935
95.7367
95.2516
95.4237
94.2451
93.6774
94.643
93.937
94.2399
93.676
94.6459
95.0256
95.9833
95.0405
95.7356
94.9572
95.7626
95.1011
94.5426
93.3186
94.2069
93.6965
94.1733
93.7067
94.5345
95.7275
95.9156
95.1803
95.5622
95.2002
96.0729
95.4484
94.2433
93.9398
93.6668
94.6464
93.6786
94.2389
94.6465
96.8389
96.3328
96.7783
94.9273
94.8181
94.828
94.9145
96.8763
97.2052
96.8872
94.4387
94.6597
94.603
94.5013
94.9936
95.5274
95.0096
92.9125
93.5051
93.4399
92.9756
93.4373
93.919
93.3639
91.6775
92.192
92.2128
91.6817
96.701
96.2813
96.6972
94.9142
94.8191
94.9163
94.8178
96.9031
97.2224
96.908
94.4093
94.5808
94.4093
94.58
95.0416
95.5486
95.0478
92.8795
93.407
92.8802
93.4079
93.3416
93.9062
93.3554
91.6598
92.1505
91.6636
92.1823
96.7149
96.2974
96.736
94.918
94.822
94.9199
94.8211
96.902
97.2068
96.899
94.412
94.5836
94.4156
94.5792
95.0407
95.5416
95.0352
92.8876
93.4179
92.8901
93.4146
93.3219
93.9306
93.3277
91.6682
92.1577
91.6697
92.184
95.4977
95.0369
95.4899
97.2794
99.4027
97.264
98.5059
95.0209
95.4765
95.46
97.761
99.1986
98.148
98.354
97.1685
97.1991
97.0766
94.8623
94.8131
94.7969
94.8527
96.3072
96.7155
96.7377
94.9213
94.8237
94.8224
94.9209
97.1768
97.0512
97.0406
94.8536
94.8225
94.7892
94.8493
96.4978
95.9619
96.5123
94.1868
93.8325
93.7683
94.2474
97.2123
96.9004
96.8931
94.4163
94.5852
94.5835
94.4152
95.9711
96.5289
96.5198
94.1657
93.739
93.744
94.1621
94.8336
94.1824
94.8455
92.6844
92.1684
92.1127
92.749
95.5364
95.0319
95.0196
92.8904
93.4119
93.4161
92.8864
94.1912
94.8605
94.8522
92.6621
92.0912
92.0928
92.6593
92.9944
92.0727
92.9321
91.6613
91.1784
91.184
91.6544
93.9084
93.3464
93.3524
91.6663
92.1674
92.2046
91.6671
92.0435
92.8737
92.8976
91.6561
91.1771
91.1787
91.6555
95.1727
96.5029
95.1642
97.579
97.2988
97.193
96.623
96.511
95.1741
95.1535
96.6855
97.0622
96.4839
96.714
95.4927
94.9957
95.4914
104.085
99.5446
98.2227
98.1519
94.9871
95.3525
95.5541
106.827
93.5093
97.7295
100.161
97.0499
97.1459
97.0588
94.8443
94.8315
94.8428
94.8036
96.2818
96.7021
96.6978
94.9137
94.8197
94.8181
94.915
97.184
97.0534
97.0421
94.8465
94.8173
94.7927
94.8449
96.5341
95.9858
96.5394
94.1555
93.7325
94.1558
93.7322
97.2225
96.9083
96.9078
94.4093
94.5784
94.5787
94.4087
95.9825
96.538
96.5385
94.1564
93.733
93.7331
94.1566
94.8648
94.2207
94.8681
92.6527
92.0869
92.6532
92.0879
95.5466
95.0468
95.0473
92.8802
93.4098
93.4095
92.881
94.2188
94.8641
94.8656
92.653
92.0877
92.0879
92.6535
92.8552
92.0232
92.849
91.6495
91.1728
91.6518
91.1712
93.8882
93.3367
93.3538
91.6591
92.1682
92.199
91.6631
92.0243
92.8538
92.8488
91.649
91.1723
91.171
91.6499
95.1693
96.5115
95.1825
95.9813
96.4897
96.2634
97.161
96.5107
95.1507
95.1733
95.9307
98.8955
95.9662
98.2279
95.3536
94.9522
95.3448
97.9048
93.5037
97.757
93.4014
94.9493
95.3005
95.3155
98.0597
93.0341
103.966
93.0815
97.0337
97.159
97.0291
94.8503
94.8332
94.8492
94.808
96.3286
96.8479
96.7737
94.9224
94.8154
94.8266
94.9133
97.2045
97.152
97.0543
94.8597
94.8167
94.8063
94.8543
96.5347
95.9671
96.5316
94.1591
93.7417
94.1645
93.7396
97.202
96.8791
96.8926
94.4373
94.6546
94.601
94.4974
95.9586
96.5014
96.521
94.1848
93.8291
93.7676
94.2442
94.8567
94.2112
94.8529
92.6592
92.0928
92.6611
92.0926
95.5313
95.0074
95.0255
92.9141
93.5055
93.4423
92.9754
94.1995
94.8333
94.8468
92.6842
92.1686
92.1148
92.7463
92.8671
92.0432
92.8864
91.6542
91.1765
91.6539
91.1776
93.9233
93.4175
93.3395
91.6765
92.1883
92.2033
91.6816
92.0732
92.9963
92.9242
91.6589
91.1774
91.183
91.6535
95.1228
96.4432
95.1027
95.8953
96.6372
95.9567
96.776
96.4289
95.0692
95.0897
94.9443
97.2999
95.9942
97.5169
91.0965
90.9963
91.0975
91.0892
91.0418
91.0913
91.0441
91.0842
91.0337
91.0911
91.0594
91.0432
91.0702
91.0379
95.3512
95.4877
95.3269
94.8589
94.5798
94.8589
94.5807
95.4885
95.3454
95.3258
94.8577
94.5759
94.5794
94.8514
90.9961
91.081
91.0962
91.0849
91.0435
91.0446
91.0777
91.1517
91.0774
91.1385
91.0833
91.0263
91.0357
91.0726
95.3761
95.5633
95.3496
94.8568
94.5687
94.5812
94.8436
95.5348
95.3552
95.3423
94.8558
94.5802
94.5792
94.8599
91.0418
91.101
91.1281
91.0865
91.039
91.0365
91.0933
95.3464
95.5157
95.3257
94.8419
94.5738
94.8489
94.5701
95.5457
95.3636
95.3334
94.8415
94.5595
94.573
94.8277
91.0781
91.136
91.1076
91.0545
91.0238
91.0339
91.0431
90.9858
91.0162
91.0378
91.1216
91.0236
91.0202
91.1279
91.0182
90.9747
91.0288
91.13
91.0239
91.1283
91.0247
90.9752
91.0294
91.0342
91.133
91.0219
91.0239
91.1316
91.032
90.9821
91.0446
91.1271
91.0212
91.1343
91.0178
91.0544
90.9878
91.0514
91.1226
91.0139
91.02
91.1123
90.9856
91.0426
91.0461
91.1265
91.011
91.0177
91.1137
94.8618
94.5268
94.8629
94.4523
94.17
94.4538
94.1693
94.8835
94.5377
94.8909
94.4374
94.1669
94.4451
94.1617
94.5442
94.8658
94.8802
94.4501
94.1712
94.1677
94.4544
94.5268
94.876
94.871
94.4507
94.1663
94.1693
94.4447
94.9011
94.5502
94.8919
94.4518
94.1556
94.1687
94.4389
94.5431
94.9119
94.9023
94.4355
94.1516
94.1636
94.4202
94.8071
102.634
102.396
101.566
123.093
103.959
99.3296
122.454
105.118
100.395
109.006
107.742
106.991
101.015
99.9282
106.553
98.5191
93.5132
104.013
93.2768
101.654
94.163
102.4
102.288
96.2273
94.9277
99.369
101.377
98.6711
107.299
101.357
114.756
94.619
110.714
105.492
130.602
82.8806
82.5996
107.639
122.26
129.135
95.0714
93.7731
97.4777
94.0892
100.253
92.8367
91.1257
98.4873
96.9848
98.5418
93.316
111.586
94.4151
98.1462
93.7708
114.509
98.0004
106.141
102.93
107.434
97.0461
106.332
98.8001
91.7931
98.3482
104.277
96.1323
96.2683
99.3219
96.0179
108.23
117.356
112.755
105.108
110.392
106.631
82.5411
124.656
82.0887
95.1597
121.963
94.2695
121.762
90.5605
100.287
89.778
97.5646
99.1034
98.3212
99.1326
97.9607
103.978
100.893
104.962
98.0957
102.482
100.002
100.519
99.5143
95.2181
115.508
95.653
106.754
107.437
96.5297
101.829
102.479
100.026
94.7107
94.9701
108.747
100.884
91.1459
92.8193
97.5258
100.061
97.7341
98.9694
95.9019
109.024
98.5643
104.614
98.6875
95.1188
96.2925
101.81
98.649
101.753
97.627
94.3522
98.0117
94.7326
95.9271
97.5036
96.0529
109.913
98.0704
111.953
94.2857
97.7765
96.2338
96.208
109.378
96.0901
94.4035
109.269
97.6754
95.5729
95.1692
99.9501
96.1604
95.5926
97.6218
98.7408
101.566
87.839
101.32
94.9943
91.9325
91.2376
106.445
99.3639
101.688
98.8898
105.633
106.747
98.0813
101.761
100.718
105.637
93.3611
100.756
101.723
106.547
92.9092
95.3223
92.9822
79.7514
94.8858
94.7161
88.6507
95.6707
93.7541
93.2307
105.461
98.8544
94.9273
105.158
96.4554
96.7531
96.4167
96.6497
100.093
97.9124
97.4691
96.8544
110.648
112.124
100.949
115.279
101.682
96.4638
99.8027
98.2346
99.4419
92.9751
99.4777
91.8881
98.5013
96.3785
96.5603
96.6087
96.7886
97.663
96.8987
97.8979
97.1245
93.8571
93.2241
93.5661
98.2112
155.045
93.9649
104.969
105.139
103.337
100.692
100.69
103.197
103.57
105.369
123.216
103.912
104.764
107.462
99.237
107.134
103.156
103.31
115.042
94.4258
95.7315
106.583
111.293
103.822
97.869
123.189
100.279
117.886
109.82
100.533
105.552
105.641
111.114
110.89
104.976
103.408
107.598
95.1813
93.1005
91.4391
90.5847
95.364
96.5454
95.8576
107.404
106.564
97.7077
107.445
112.665
108.579
98.7272
103.836
120.508
106.94
100.726
101.456
98.7589
112.614
115.367
107.675
108.215
108.53
104.104
103.736
109.007
96.8846
94.2343
99.9235
114.484
98.789
89.6424
99.2346
98.7924
96.6477
93.9149
98.7723
99.0941
96.5311
94.398
102.477
101.097
106.273
112.312
101.151
101.67
107.06
94.8739
110.141
102.179
128.374
92.5239
110.056
104.11
98.1634
107.411
114.565
99.8301
82.0787
100.192
81.0368
100.803
112.174
95.1676
119.116
105.203
102.382
96.4406
117.208
52.24
83.5705
153.166
113.597
112.18
152.089
94.1285
104.828
137
88.1369
177.591
195.489
189.947
85.0868
96.2938
104.068
92.4304
87.3432
95.4779
104.311
96.7617
96.3379
96.406
96.6689
97.646
97.6262
97.1596
96.6328
96.9247
96.8088
96.8084
97.9114
97.9418
96.9501
121.569
92.5586
94.5633
99.332
81.4542
80.9265
99.5522
100.693
107.091
85.393
102.222
82.3579
104.055
100.237
99.9912
98.9379
95.0816
102.546
95.3004
98.9343
95.2086
96.3411
97.821
100.001
97.3723
102.895
101.584
109.702
99.3329
87.3887
99.1419
110.379
100.277
83.517
98.9958
97.005
120.646
106.611
110.07
104.153
97.2593
121.252
108.53
96.2417
113.526
98.7175
94.9684
94.9837
97.2125
97.2359
103.377
102.247
107.052
96.3891
94.2429
97.9087
93.6142
105.364
111.771
79.7357
110.306
68.0555
93.455
102.119
93.7916
102.721
97.9407
95.7923
98.9279
97.8509
93.7976
104.163
102.023
97.7209
95.3699
95.1287
99.6843
97.1514
97.6266
97.4841
96.7521
97.5307
96.9931
97.2921
101.8
95.1553
106.244
118.839
103.855
94.4202
105.867
54.7757
93.5434
57.1243
113.794
148.886
148.963
114.732
88.3886
96.7088
110.577
94.9477
85.3304
96.8122
103.761
100.183
95.5453
99.0297
105.964
100.613
99.2972
99.2514
166.151
99.9477
63.7046
104.402
134.614
113.286
78.4617
89.9852
105.458
103.813
92.6697
89.7235
99.2567
104.356
105.713
97.6354
97.7397
121.99
98.2563
123.905
106.315
101.275
98.6638
101.049
111.404
124.325
120.34
102.695
126.813
89.9238
93.5461
105.17
86.3573
98.0551
88.1025
87.1764
96.0814
93.9139
108.285
83.6149
88.1085
94.5433
173.045
107.935
63.7209
106.277
267.233
120.654
58.441
97.7313
99.057
105.158
138.927
95.6708
90.4446
100.084
102.296
92.2866
96.1672
102.012
91.1484
93.5099
96.1303
101.898
98.6631
97.2535
102.132
106.114
100.149
95.4548
97.6481
101.135
98.8401
103.627
99.9772
101.434
97.9921
101.878
101.214
102.749
103.364
101.932
101.381
103.425
102.77
96.5769
96.427
113.659
100.954
151.963
95.6603
98.2398
105.634
101.596
70.3821
99.004
103.977
102.079
102.688
104.046
102.814
105.909
103.144
108.902
97.6415
127.239
92.3234
42.7315
114.493
127.45
93.4156
42.6504
101.401
137.966
95.7579
105.63
102.099
119.828
96.1153
96.2833
99.5356
96.3495
103.995
90.7357
100.619
98.5337
103.396
117.919
102.847
115.952
103.468
109.714
102.327
178.726
101.982
81.6338
154.277
242.092
251.24
111.503
98.1675
103.948
100.24
111.365
115.114
141.779
97.4102
103.021
103.986
93.9481
106.247
93.2867
104.465
105.949
137.774
112.047
103.645
103.802
135.902
134.36
145.966
99.7017
116.982
102.449
116.191
104.07
98.6567
103.877
91.7796
106.074
102.854
104.102
101.54
92.3508
117.001
112.468
100.002
100.313
96.547
107.82
100.237
101.812
92.9109
96.5525
90.025
101.044
92.288
100.195
92.5118
95.3008
104.201
104.538
93.5962
93.9411
91.7082
92.3111
107.216
85.3868
107.2
86.0331
96.6457
96.5682
85.908
98.3449
100.657
131.739
92.2583
96.1438
98.9986
106.078
102.509
105.225
101.779
102.298
105.806
104.904
103.868
96.0358
98.2301
98.9069
97.4514
96.6662
98.7991
97.8132
101.01
94.2067
107.191
103.796
102.047
94.2622
100.954
93.6581
116.112
123.169
108.82
89.4496
108.685
116.353
20.5116
110.228
95.0518
103.43
86.4017
110.539
124.645
97.5286
108.312
101.612
77.3746
98.3191
105.459
102.067
89.8209
111.008
116.618
110.778
110.731
107.775
105.591
100.143
100.643
98.0679
97.5278
102.662
100.844
108.873
80.5425
108.756
123.928
104.085
77.106
105.632
116.771
132.167
135.982
132.72
103.108
134.126
137.689
130.951
105.13
94.2382
123.587
92.2484
107.198
95.3644
124.894
135.562
89.7003
115.305
95.7155
104.376
91.6193
128.388
99.4159
98.4581
97.99
101.399
100.014
97.7444
99.1635
97.6472
115.305
101.126
108.222
101.469
110.814
100.501
104.483
101.76
102.504
108.236
109.432
98.0412
107.935
98.2174
126.415
133.435
101.612
104.091
103.501
102.192
91.6992
89.787
90.0901
103.59
88.0719
90.9278
106.354
98.856
118.494
101.647
116.783
101.801
121.854
111.325
100.88
101.472
93.3799
104.606
93.0123
101.466
108.768
112.543
85.8575
107.086
95.8896
89.4276
85.8331
96.1667
103.629
116.245
102.249
105.711
102.3
104.093
112.628
88.7944
109.375
102.391
101.602
95.4769
96.164
108.73
97.7716
98.335
98.2799
94.384
94.293
93.4166
93.5898
101.602
103.024
104.94
102.156
101.866
101.995
103.198
103.229
123.846
103.117
93.8817
93.6317
93.7562
93.2984
98.3383
106.063
101.669
105.365
110.871
105.434
103.72
102.365
96.7964
102.41
92.4811
90.2269
91.8233
89.3359
98.4897
101.53
95.2789
105.545
109.731
105.075
97.632
98.388
104.802
102.124
91.5183
98.6887
103.023
98.6348
101.372
89.5831
111.321
97.7669
88.6554
108.621
102.257
104.776
102.618
102.075
102.015
102.956
102.622
105.649
106.282
103.604
130.901
113.019
107.657
105.521
100.512
101.223
101.268
110.055
95.9038
104.461
98.2669
107.748
111.965
109.916
115.691
99.1494
88.4333
104.148
116.939
100.303
106.279
101.415
101.785
107.276
107.13
107.481
143.774
96.7071
137.192
100.769
106.006
100.057
105.997
95.5626
152.175
104.599
93.0301
104.929
100.584
96.8505
110.043
99.8657
112.172
105.15
103.118
104.218
106.001
94.8358
143.001
101.691
142.524
101.343
105.203
104.993
94.9844
98.7648
99.9855
96.9205
97.5964
101.878
102.6
129.505
103.928
122.5
132.683
179
131.938
127.191
124.241
148.618
133.237
384.363
132.865
131.188
105.684
98.6035
96.274
98.7297
105.788
100.577
98.734
105.343
100.95
93.1907
93.3777
91.5678
129.006
154.198
134.512
95.5689
97.6111
97.6719
106.577
100.597
97.0606
105.089
103.908
100.637
98.4859
97.366
98.6849
103.827
97.8564
97.4493
97.9465
104.738
97.5153
105.135
104.686
106.351
106.215
97.848
114.066
96.395
104.417
104.727
105.342
150.139
105.548
158.479
119.505
139.289
116.592
96.5971
189.809
81.5534
189.091
123.113
94.5683
195.892
96.949
130.799
430.732
108.823
223.23
123.395
145.513
161.82
121.918
117.549
109.866
120.924
128.093
102.762
111.316
132.902
81.5047
121.752
159.627
69.4007
67.5199
141.697
107.615
106.066
100.021
116.128
109.123
112.616
101.511
101.205
111.156
95.8055
103.703
100.741
110.866
88.5455
104.532
93.6566
97.5696
98.4035
116.092
107.287
94.3585
102.157
114.671
102.294
102.31
109.717
100.563
123.091
94.7018
88.6959
97.787
89.4355
86.9143
89.017
92.7463
82.9928
92.3813
90.2414
88.38
86.3349
84.7286
92.7124
94.7447
120.174
101.416
90.4654
101.257
106.188
119.935
101.749
96.1839
98.9247
104.602
102.031
97.3538
106.594
102.786
93.9019
94.2878
104.116
113.379
103.593
94.8533
150.85
132.363
142.957
117.093
101.167
101.306
116.66
162.918
122.21
160.329
141.653
35.4325
37.3735
142.408
77.536
120.652
69.8522
121.983
179
145.847
70.1547
80.4078
249.725
187.989
120.433
101.302
99.9605
114.713
98.8788
95.8775
98.876
110.796
100
95.5339
102.264
173.57
120.972
62.0826
80.3136
132.503
150.005
62.2437
100.206
115.412
106.134
97.4901
110.633
89.3711
104.051
110.157
97.3997
99.1412
106.469
99.1843
104.348
110.847
106.827
90.534
89.5081
118.876
90.8165
119.028
109.294
93.1798
58.8857
58.1755
146.975
115.161
115.405
146.407
98.8469
100.285
100.512
98.1179
97.8832
98.2054
98.3923
99.314
112.309
107.173
95.3271
105.567
94.8158
99.5721
100.059
104.352
104.968
104.717
106.333
106.338
103.957
157.634
123.026
159.527
141.391
42.7043
38.5651
149.59
103.145
101.02
104.197
119.421
99.3638
112.861
93.7479
100.871
107.906
100.844
109.864
120.651
118.068
123.582
101.247
99.9288
100.97
91.1598
92.0238
117.994
157.13
102.605
101.314
105.287
120.433
119.316
123.888
126.568
109.332
96.5464
106.849
96.3738
106.038
97.1003
132.774
99.7642
149.015
101.351
96.0871
100.295
158.48
107.184
90.3907
106.778
119.808
116.818
87.4745
106.431
103.232
103.617
132.649
98.4563
90.0544
112.217
136.699
94.437
101.647
104.475
104.175
109.481
101.47
99.6576
105.107
99.2664
104.968
96.1623
94.8555
102.283
101.935
95.7117
101.949
115.193
102.763
94.1388
101.57
103.779
121.493
101.134
92.7654
80.3855
92.5798
92.5796
79.3658
106.351
102.52
109.99
100.819
106.056
96.5121
107.998
103.907
102.873
107.095
102.97
109.006
124.916
109.817
117.853
111.183
103.78
111.724
107.032
100.015
106.778
100.021
107.203
116.122
138.583
120.431
118.391
118.124
115.546
98.8851
106.534
134.692
115.394
89.8263
105.671
122.332
96.6018
98.4378
99.7213
100.961
99.8942
100.057
96.7765
94.0462
98.1661
96.0739
95.8852
96.123
95.5574
97.0256
93.1067
96.3438
95.9874
135.643
115.773
108.136
135.333
99.8737
99.6718
101.494
98.3825
96.8905
99.8907
101.763
96.7162
86.8476
97.3677
123.422
88.6599
122.181
100.423
100.987
112.791
102.245
103.055
103.796
101.34
101.243
129.65
102.964
103.282
128.845
106.646
119.554
102.696
95.551
94.2302
95.539
96.09
96.1053
95.8561
96.1104
101.183
97.0441
88.712
104.983
87.1306
103.862
103.589
105.337
135.664
113.541
105.726
98.2611
105.331
100.582
87.9934
99.6231
98.7779
120.212
93.7739
86.1737
116.316
98.5236
99.4663
99.7279
102.948
99.3368
99.9953
99.4222
109.373
110.748
108.253
112.684
104.158
97.2759
104.103
96.1772
95.425
94.8075
105.107
95.3599
94.3044
102.598
93.1524
90.3467
89.8622
80.9214
78.8973
96.2027
97.9123
93.85
94.9334
95.7411
96.1208
95.9737
96.0835
102.209
144.307
100.301
104.888
98.1488
118.801
103.625
114.995
97.6857
98.6801
98.7312
104.002
97.3581
97.0945
108.888
103.654
103.543
105.072
101.834
104.271
101.06
105.68
98.0937
99.087
107.756
106.332
100.715
102.425
98.0245
95.3212
100.001
96.5741
91.318
121.229
93.0814
121.941
97.9811
94.1896
94.4584
101.712
93.8272
98.7235
93.3655
106.656
105.717
109.834
100.113
157.701
98.0619
101.208
97.8438
97.4175
109.932
98.3646
95.5934
98.4418
110.498
104.203
107.571
96.3242
90.1459
154.672
140.796
115.949
102.273
106.633
99.3535
97.7231
97.8107
97.9826
105.751
99.7377
98.4276
99.2869
96.2466
89.6943
94.7685
94.7386
98.8985
96.3566
97.5238
107.018
94.4009
95.6072
103.295
104.377
97.6069
99.6262
97.3087
97.6407
95.7655
111.442
126.274
107.579
96.7977
100.666
119.142
118.058
98.5528
84.7904
119.44
88.9422
185.019
124.642
121.836
88.7618
101.026
114.735
105.262
95.5142
111.449
95.5501
99.9046
93.7414
112.24
112.983
100.719
106.344
109.25
98.1605
92.458
95.6577
94.9281
94.3496
101.802
91.5503
88.659
108.684
97.7747
107.046
105.702
97.5659
100.343
105.967
103.412
108.395
109.179
108.253
106.496
110.53
104.502
98.5715
95.6215
98.531
105.896
97.9237
105.615
97.0829
99.5474
89.017
84.8458
85.1056
92.1064
89.9056
97.3007
99.665
95.9713
99.9929
96.3207
98.3005
96.204
99.9804
93.1537
99.4129
104.29
94.8333
99.8402
100.007
102.079
104.956
102.896
106.313
104.427
103.22
105.762
122.588
91.925
100.056
97.4018
100.19
110.5
113.091
100.292
111.361
102.519
112.714
95.5011
98.3679
99.3155
97.8595
125.419
108.852
130.438
104.316
102.271
76.9022
95.3177
107.797
98.4117
103.803
99.137
100.637
103.092
100.221
102.915
121.348
117.517
106.154
107.143
99.8463
103.605
98.083
112.089
102.977
98.6558
101.341
117.83
103.748
103.066
126.847
122.246
170.647
160.82
132.085
109.242
101.261
105.872
107.188
112.894
109.776
108.752
104.052
101.444
110.458
122.474
91.903
105.457
94.2397
101.565
130.688
106.683
112.502
129.963
113.905
117.544
122.38
96.4597
101.263
97.8601
108.009
87.1497
117.669
86.3458
119.377
93.2263
102.711
98.1348
91.1024
106.754
116.764
95.8771
88.2301
117.387
136.094
98.1387
92.064
94.8697
99.1277
107.091
110.848
100.546
115.252
114.813
97.4263
100.069
91.0012
101.169
114.041
100.42
100.645
118.487
97.5112
99.688
105.174
101.526
97.6509
100.529
101.999
100.311
99.5887
104.011
99.981
99.2039
97.5335
103.378
72.7285
97.5936
140.496
132.197
160.843
153.49
80.8275
98.649
91.5404
92.3125
87.4128
111.036
109.941
88.0652
109.786
123.644
123.814
122.074
98.5718
124.628
125.411
99.3035
105.481
99.9703
114.775
99.9808
101.278
121.428
96.5474
100.268
97.1947
102.299
101.76
102.195
101.535
111.581
93.2356
107.031
100.264
99.6413
101.565
100.974
102.579
123.921
106.803
101.561
101.752
101.111
93.6493
108.471
99.4294
97.4048
103.126
116.129
99.5006
97.2562
108.559
112.82
94.0087
102.245
124.484
102.16
105.984
104.345
102.458
106.171
103.069
110.811
102.726
109.451
129.972
141.509
89.2654
102.415
120.737
140.239
96.137
100.6
102.666
102.484
95.3256
114.481
113.577
96.0199
95.1806
102.469
95.4182
184.459
135.785
131.386
145.782
102.344
100.928
153.294
133.611
101.698
106.158
109.671
99.3191
94.3768
92.2066
102.662
103
103.264
102.616
139.379
102.167
96.4317
103.79
103.673
103.005
103.025
108.396
102.671
109.622
101.671
108.483
101.855
106.578
120.493
128.558
81.8673
99.0499
120.027
136.296
81.6888
90.4105
102.699
92.0757
92.2354
91.4265
90.4173
105.922
104.478
104.348
104.579
106.546
102.622
107.209
104.856
102.254
99.4991
99.9436
103.727
102.611
103.589
103.522
98.3881
97.7549
99.1469
116.864
108.054
113.244
110.891
106.047
127.072
130.833
106.108
101.651
106.253
107.048
131.777
106.495
115.293
127.318
95.5964
95.6495
115.575
97.7064
108.122
108.425
100.156
99.405
99.4946
97.7566
103.363
98.6353
98.0909
103.308
120.499
104.292
104.664
101.78
109.244
108.14
103.898
104.036
120.579
107.667
100.858
98.7719
101.329
99.2251
98.5039
99.3928
102.089
107.877
96.8047
107.824
97.7865
103.732
99.2875
98.0388
127.611
100.52
111.01
104.778
112.026
100.891
110.024
132.581
120.103
95.8902
111.863
133.326
120.84
92.3897
102.351
99.6938
91.0952
111.782
88.511
88.5253
119.92
128.664
86.1602
112.472
119.475
126.691
133.162
137.57
106.073
96.5122
98.8689
101.723
99.6924
102.347
107.041
104.854
99.4717
102.313
105.264
103.615
103.982
104.513
102.437
100.671
102.499
99.8886
101.153
104.17
104.113
107.2
105.4
89.5753
141.196
110.91
164.042
100.138
116.427
102.811
114.358
99.0183
107.084
104.107
99.0669
112.219
103.655
114.545
103.802
102.032
95.4739
94.8182
112.216
103.52
110.846
104.587
96.9019
105.511
96.7682
102.686
101.627
102.755
113.013
97.1973
98.6132
112.243
97.054
106.688
93.059
93.676
91.383
89.5543
97.587
97.4825
103.357
102.438
99.4296
101.728
97.6542
99.3638
139.03
128.325
74.2092
74.3015
92.4168
136.669
139.299
99.018
102.916
92.7224
90.4015
131.717
118.499
103.209
105.163
106.002
105.489
109.848
111.967
108.492
117.49
107.988
108.215
105.691
109.025
110.102
109.321
110.285
101.135
89.1305
85.3172
82.924
107.555
99.7489
88.8031
98.897
101.247
104.936
103.577
99.2711
98.8842
101.349
103.397
109.084
109.929
104.348
103.96
106.386
104.076
139.289
115.232
137.418
117.258
103.373
101.445
120.382
112.456
103.042
112.984
92.8011
96.2529
99.8108
97.2447
111.883
127.16
132.151
99.8531
99.9564
75.1323
90.2761
133.282
108.962
121.109
105.828
99.8137
100.496
105.585
127.836
102.171
96.243
101.153
141.816
104.876
97.1265
96.6128
95.7458
96.9551
94.7005
94.5899
98.0515
95.9728
102.537
97.9842
95.308
100.418
96.425
100.114
100.476
93.0303
91.9602
88.6414
95.6952
95.7569
89.4982
89.6463
94.4652
96.7645
95.4258
95.9626
98.6434
97.1783
100.627
116.39
94.658
94.7627
162.634
132.857
124.513
176.761
112.314
105.843
110.923
106.791
106.504
106.034
106.07
119.298
108.606
99.8059
120.619
117.279
109.683
221.49
81.5358
93.3112
170.152
127.707
134.755
127.008
76.0943
96.3485
98.5759
98.74
102.53
106.743
111.183
122.261
106.778
111.164
89.3682
87.286
91.5025
112.399
112.528
108.484
103.418
116.658
117.312
121.181
109.003
101.808
98.2064
101.011
101.499
110.823
101.577
102.041
100.989
126.683
100.648
93.2657
97.1083
91.6632
95.0758
125.927
89.7181
93.3041
88.3006
94.7305
95.6265
88.8829
89.5789
98.7072
104.003
98.8766
103.809
103.581
103.441
104.852
124.222
112.539
130.375
98.1508
119.499
117.7
101.375
128.516
117.4
122.939
95.8536
86.6358
131.568
86.1264
97.3693
108.106
108.398
101.857
102.386
90.8609
88.4986
127.402
94.312
97.4489
95.4007
125.28
116.494
99.5375
94.1236
105.513
102.539
91.3268
155.607
102.544
89.9248
96.5553
105.421
94.5506
100.437
101.342
102.341
100.816
135.231
112.126
114.63
105.341
135.902
98.9584
130.638
104.763
98.4257
102.678
102.366
101.485
101.448
106.479
103.104
99.6676
107.737
113.927
98.36
112.112
95.0799
92.551
108.979
89.5976
105.067
141.549
112.847
109.606
102.858
102.429
100.202
171.94
116.21
105.814
101.295
122.024
108.012
122.88
119.288
106.939
118.008
113.88
122.253
104.498
102.855
101.141
103.06
120.782
101.151
114.469
118.082
109.64
133.615
108.476
117.869
134.001
102.948
110.882
110.867
100.016
106.626
110.897
100.028
130.609
94.114
124.953
95.692
87.421
84.9688
95.6655
107.143
115.143
111.444
115.189
108.888
104.14
103.156
113.906
128.61
102.967
117.194
106.313
101.959
137.156
122.654
103.321
98.3349
103.44
123.923
103.573
100.497
98.4001
88.8192
92.6479
98.4344
99.3685
88.8373
92.1532
102.396
136.841
90.2292
97.9594
101.561
24.7508
90.2176
107.044
130.873
117.061
118.275
110.811
107.802
104.984
106.352
101.045
120.001
151.068
134.299
108.831
101.577
93.5417
137.448
105.535
101.098
91.916
136.534
106.612
199.32
126.96
126.079
152.256
63.4159
118.921
106.851
94.1542
97.6815
94.7726
100.844
96.2764
102.112
99.0787
103.48
98.5034
99.5984
99.0776
101.238
98.7298
100.243
87.691
99.5812
141.395
120.067
147.776
93.7087
90.0936
103.95
104.415
143.062
111.201
103.78
116.573
111.178
119.916
106.738
119.944
110.047
108.906
111.307
121.243
97.0395
113.459
113.412
101.542
109.005
103.422
101.164
107.206
106.486
105.159
103.244
100.46
103.422
100.127
106.407
104.363
104.804
103.128
99.6633
101.859
99.325
146.265
129.891
93.5999
219.606
171.628
195.977
147.584
132.219
79.1907
82.1718
239.614
-17.3476
227.261
423.553
104.931
105.513
104.705
103.988
104.398
113.707
112.036
123.204
117.133
115.246
105.603
108.127
109.936
104.699
103.465
104.773
104.302
100.112
103.724
104.008
99.6109
104.155
105.139
104.142
100.248
101.3
101.325
100.145
101.391
153.991
95.8007
95.4902
98.4768
142.397
94.4773
99.9173
109.135
100.104
106.292
98.5709
138.452
102.734
108.606
107.657
107.503
123.035
103.143
103.016
116.123
104.306
118.131
109.45
100.634
103.526
93.6415
107.076
97.4658
108.085
111.021
103.936
109.172
111.112
103.752
99.9181
109.118
111.011
112.266
105.214
105.401
110.225
100.343
158.149
121.47
114.772
114.121
106.752
106.082
106.394
116.808
103.883
117.211
103.535
114.798
159.027
116.124
127.178
108.47
120.823
109.827
115.84
105.894
109.366
97.5184
121.019
99.5132
133.35
70.6528
76.5759
116.169
118.647
116.216
117.392
109.01
120.376
116.286
116.9
124.355
104.43
105.822
116.249
105.833
123.752
121.499
110.949
109.88
97.4561
111.876
100.337
137.331
95.4254
104.469
101.987
81.7632
95.6925
95.248
91.1937
123.29
115.733
79.8998
92.2353
166.449
121.314
129.604
94.6347
99.9423
137.876
107.397
135.958
106.564
94.7664
125.559
82.8063
83.3667
94.8466
122.037
121.759
96.9635
99.6543
106.526
94.7677
101.421
89.8236
100.426
103.433
105.188
101.696
101.325
104.845
99.1424
96.9506
106.685
99.9833
108.501
82.1889
109.635
84.9447
101.351
114.058
107.475
151.13
111.174
115.214
130.359
113.575
106.636
189.877
123.684
284.845
283.337
99.9494
97.2881
135.107
100.46
116.36
118.934
118.091
115.22
136.89
116.17
118.946
108.294
121.797
125.66
118.878
121.6
118.96
105.644
117.029
116.623
105.571
136.838
116.016
109.241
101.812
108.232
110.882
123.065
106.55
107.395
144.419
122.054
86.2624
99.0916
121.677
109.702
127.947
115.167
112.09
109.208
107.832
109.809
104.135
104.494
103.242
107.467
108.652
107.532
102.068
112.484
114.635
103.894
93.5703
103.574
103.116
99.9613
99.9658
108.539
112.397
113.823
106.817
104.529
105.34
103.551
106.235
107.051
86.0428
101.388
99.9641
100.353
108.947
85.6734
101.593
123.565
101.017
104.747
93.8838
94.0292
91.5187
91.9677
111.114
102.314
109.686
116.458
107.807
101.824
145.624
117.411
102.498
119.672
104.615
104.34
106.01
129.253
101.796
103.348
100.956
106.092
102.877
103.064
100.21
98.0667
96.2283
95.6811
97.453
99.108
100.042
96.1505
89.5594
132.261
137.192
105.124
128.164
114.544
106.505
106.462
111.503
106.853
117.847
109.773
103.584
123.213
109.923
109.726
108.303
100.819
115.535
100.647
101.233
94.6235
96.9157
93.7561
113.432
92.8618
98.2858
94.4474
98.6588
154.24
108.549
136
93.0219
109.381
153.791
118.464
100.031
101.404
88.5338
114.457
96.5016
101.326
93.5412
114.275
98.2331
99.7763
99.0234
92.7572
99.8603
178.294
130.622
95.4843
78.7765
182.718
5.57081
105.956
117.721
206.865
109.209
78.247
114.071
170.115
112.363
98.0189
92.2805
90.9255
90.1143
119.429
98.9956
91.4482
93.4343
107.72
136.576
215.309
116.891
551.317
172.532
99.5295
97.2789
94.7875
92.4059
90.5658
93.2328
99.153
162.632
107.275
106.896
115.968
127.459
130.84
105.424
116.405
118.191
115.788
165.299
108.033
122.126
117.241
97.41
100.863
100.469
101.664
102.252
100.783
100.949
102.007
146.963
116.515
104.481
105.57
115.274
117.964
118.69
119.848
113.783
123.722
107.088
149.328
229.884
79.8278
108.841
71.2963
97.7716
79.8793
109.675
72.5396
124.163
123.765
93.1633
148.083
200.939
79.8585
128.698
102.19
103.15
100.775
101.803
101.809
103.078
100.759
57.1491
87.043
104.033
247.719
118.887
57.4487
103.517
101.754
115.69
99.1407
88.6363
94.1166
115.192
100.397
91.2241
99.0943
119.229
118.867
106.201
91.3371
106.258
99.0725
87.6474
88.5005
98.0791
105.726
107.604
98.0543
107.526
107.046
101.666
104.18
107.349
95.3741
101.603
120.958
101.744
86.507
95.6024
87.3797
104.114
112.288
107.741
105.195
119.236
120.003
110.282
130.357
115.155
146.724
101.496
104.883
100.387
103.523
99.4294
101.508
103.697
104.167
106.512
87.477
96.6573
95.4521
85.2524
96.7634
110.61
113.42
96.2075
84.0562
86.0289
94.929
90.2109
90.4404
90.9705
103.704
98.4857
107.533
105.041
108.798
104.544
92.9462
129.412
165.31
155.187
112.56
102.693
74.2944
79.3303
144.119
98.4617
99.6664
143.377
111.739
91.2338
118.734
95.9965
114.732
105.969
107.052
91.7191
90.086
79.5078
99.3268
109.254
95.7658
107.632
100.874
136.149
102.562
152.777
111.613
114.985
106.064
97.1783
109.102
105.701
106.797
104.678
124.677
116.566
100.864
102.952
102.434
93.3389
93.4837
94.0097
94.5703
134.065
93.453
93.0126
105.679
93.9538
106.416
138.359
95.6037
93.8638
144.762
128.252
114.043
96.5076
95.3025
91.6108
98.0685
101.82
102.522
113.817
110.57
94.9552
111.012
103.682
100.379
99.0516
131.828
102.126
116.013
103.726
123.941
132.354
100.057
103.948
95.1286
108.409
98.5721
85.5562
93.0351
119.306
194.334
107.653
104.037
82.5796
98.0965
106.218
119.031
282.532
224.992
223.806
140.914
254.708
240.285
137.409
244.738
147.723
397.612
88.8318
61.8402
108.791
224.22
90.6307
290.76
108.834
89.2749
83.6976
104.971
85.0759
93.9386
96.801
279.325
104.714
218.994
104.987
107.598
101.861
179.213
126.117
128.222
101.051
107.364
91.5994
142.001
96.4683
108.911
98.5377
125.52
99.7714
122.798
99.8784
105.638
95.209
154.434
144.717
121.558
127.736
23.3454
31.7794
132.792
104.988
124.571
130.896
139.988
135.513
142.536
104.722
113.691
192.198
229.369
174.733
138.081
181.192
129.061
54.1027
3.56479
-3.77346
333.649
141.814
146.022
338.81
54.0603
134.169
4.98896
-26.3036
465.183
340.491
137.457
99.1445
138.277
146.051
89.1505
102.418
101.737
133.63
106.828
102.264
133.248
62.6446
145.938
69.2515
131.609
174.895
174.641
271.662
190.326
30.6747
161.804
117.505
79.3977
99.3161
183.819
96.4216
118.883
98.8258
124.169
104.838
109.814
112.97
129.123
112.824
120.131
119.128
99.2309
105.625
101.603
92.9886
95.7757
95.9304
91.638
108.983
105.357
122.143
111.569
105.259
103.385
103.483
123.566
94.8567
103.596
107.277
101.834
110.337
138.717
78.3052
147.845
56.5088
46.4889
134.224
91.8955
145.885
95.8302
116.074
93.215
110.346
110.96
116.819
123.126
79.919
84.418
89.2198
111.704
51.8753
127.773
109.985
35.5857
146.513
86.8455
148.838
88.9326
147.353
24.7536
117.666
91.2141
93.1216
119.409
117.058
120.159
114.24
131.981
283.593
129.072
129.959
119.601
286.422
212.188
81.9072
77.8426
83.9294
185.543
119.33
217.131
188.109
261.406
125.384
135.863
63.2328
232.837
135.583
65.2912
68.2996
144.537
83.7493
131.159
124.725
129.14
130.325
95.5652
96.818
122.725
116.577
102.424
100.574
95.7759
576.227
238.806
132.54
143.142
79.8281
325.262
79.0957
105.358
102.778
104.611
107.121
104.697
102.901
102.766
108.548
105.105
110.865
106.689
102.316
103.653
102.134
124.092
99.4154
107.588
105.238
128.698
116.23
111.31
88.8705
83.4695
258.713
85.073
89.2467
83.6983
104.505
121.061
88.7488
122.059
118.544
100.493
129.495
85.2598
98.9332
96.1375
93.988
97.9823
98.6006
95.3172
91.9782
91.7938
100.378
100.52
98.8644
96.1263
92.6482
96.1308
116.525
132.341
106.102
105.65
162.241
100.771
116.422
105.265
149.159
111.024
119.505
120.3
107.583
111.3
132.647
102.163
101.477
171.513
118.788
122.907
168.443
128.428
161.345
216.33
412.836
176.528
138.297
118.747
103.688
93.6756
98.5751
101.598
332.762
103.508
189.918
100.665
95.5079
104.366
106.568
102.494
101.126
97.7811
91.154
105.883
91.6658
93.5821
107.705
95.929
106.093
105.221
97.3317
108.608
81.7528
102.99
118.055
116.129
107.428
154.309
111.445
111.575
111.355
111.679
112.01
235.358
133.508
149.025
120.818
110.343
147.337
116.829
105.489
101.435
104.795
98.7487
105.501
106.398
95.7987
162.23
113.865
116.534
110.708
82.2297
74.7946
100.191
115.369
93.6631
111.689
91.532
105.524
116.62
98.1955
85.4907
147.592
197.509
182.836
1406.2
306.455
348.804
104.163
104.137
114.991
129.775
108.012
132.226
108.878
105.147
114.963
112.418
108.038
123.997
128.971
110.827
128.325
110.382
157.671
125.791
134.836
125.814
181.331
108.402
1218.42
135.056
116.922
284.203
120.267
146.264
101.583
103.516
123.791
100.475
101.301
106.8
127.667
100.796
113.828
111.445
99.598
100.767
66.0278
111.876
146.15
78.2118
63.5598
276.815
101.547
63.6878
122.567
81.0495
51.6772
127.528
277.214
83.7278
171.426
72.984
122.23
168.796
1104.54
81.2263
100.818
127.23
110.329
1188.91
35.4619
239.532
31.8203
82.9776
336.156
318.652
12.9337
70.3757
95.1981
176.904
128.397
126.435
-2.45112
137.265
100.061
97.5039
143.76
92.3586
101.566
147.258
146.586
141.493
119.257
85.0453
195.821
122.573
140.524
66.5607
95.2382
143.873
50.3424
164.024
56.1975
70.6285
3.56478
130.959
94.9683
66.7041
-29.1042
-22.1378
41.4205
100.59
108.278
113.921
391.654
164.352
218.758
314.099
124.861
116.981
142.417
897.177
126.078
137.428
152.736
267.678
104.018
76.3623
102.467
74.643
78.3642
96.6324
171.187
322.365
360.33
478.016
130.421
162.994
102.362
122.519
260.848
106.842
74.891
109.335
94.3554
74.403
102.806
107.751
97.5578
98.5466
102.835
105.723
98.2722
102.082
105.011
110.351
97.4845
102.716
105.085
116.418
89.8794
100.475
152.085
103.448
107.676
210.904
133.363
99.0258
100.753
100.216
96.8228
98.8597
103.134
100.582
125.46
91.8442
90.2249
115.72
126.382
93.6886
94.8482
92.5117
92.9012
131.698
87.07
116.347
92.737
95.4869
96.4337
96.4111
133.805
140.031
137.604
117.725
90.5222
85.2292
120.747
94.1966
114.256
90.4381
123.049
90.3974
93.3663
101.399
106.239
94.7011
107.295
108.733
96.1975
76.5654
93.1601
80.6401
129.451
113.666
145.493
112.586
146.811
91.6375
123.362
102.279
84.2565
158.324
112.717
110.546
94.663
105.56
243.014
66.1457
73.2038
111.554
78.5885
78.262
187.29
158.275
210.532
106.278
89.7118
61.3683
130.701
139.311
0.962197
76.0869
603.236
399.34
66.3803
111.814
69.1824
234.117
113.661
116.861
224.589
78.879
105.893
115.363
67.0127
252.607
234.935
129.643
158.053
-0.0158891
158.637
33.3207
159.75
216.151
-0.896425
83.247
87.679
49.2814
94.6169
47.1111
59.3086
74.0228
105.876
177.72
74.0813
93.6982
44.9214
58.7653
59.3945
90.7526
100.879
112.87
135.503
110.931
241.485
101.786
163.411
109.771
105.95
180.299
109.152
103.235
156.22
59.7542
158.723
-14.7273
385.029
171.942
2.24209
235.564
87.9854
101.53
104.556
143.235
65.6396
43.6335
124.621
176.794
187.026
198.067
337.561
151.921
459.53
148.828
254.493
180.026
179.004
226.402
6.32328
65.0806
172.797
169.701
302.466
106.016
127.455
172.077
145.339
130.78
135.714
235.953
11.1247
176.37
129.625
175.412
16.7513
33.9016
79.3395
87.4198
170.054
186.326
191.317
165.797
176.041
112.731
119.372
158.181
63.5934
140.882
66.8875
118.872
111.614
90.741
94.0749
147.913
129.167
145.299
180.816
112.715
214.196
129.396
115.501
100.257
257.007
)
;

boundaryField
{
    inlet
    {
        type            fixedFluxPressure;
        gradient        nonuniform List<scalar> 
240
(
97.9971
-14.9008
0.347344
-52.4646
-377.577
-1582.83
95965.1
1299.58
-13841.9
5125.81
-14.821
-132.763
-202.62
-349.963
117.493
-83512.8
-104338
-4043.74
-954.936
0
-679.771
1.06972
-11.6309
-10.6178
-72832.9
-5438.56
-978.979
-148531
-6068.97
-4377.68
-2197.57
-6710.19
-792.468
-190491
-180639
-6272.92
1046.35
-0.409249
-5245.2
20518.8
110616
-1437.36
-995.693
-2212.73
-3077.25
-2705.89
1349.78
-12852.7
-54.6053
-490.904
-25479.9
3116.33
-464.334
-15066.5
-8315.71
2601.79
-1690.02
33654.3
-16757.7
-22815.5
-132905
-1640.54
-2815.63
-22542
-1587.52
22827.7
-59715.6
-68364.1
6064.07
-5226.1
-7057.07
-10363.9
-61399
-43487.5
-2827.21
-18491.5
-5983.08
925.093
-1105.88
890.241
149.847
-398386
-14348.9
0
-269.02
2751.49
-7522.96
-2753.72
1976.32
-42268.7
-14578.4
544.395
1934.53
-931.878
-1144.12
-254.36
-174687
-25114.4
-1588.92
10542.9
-272200
-5411.22
307.457
-14772
4.37677
-22332.6
-1394.06
-8800.11
-168965
-569794
-328.744
18.5256
4359.7
-238501
3246.42
7960.18
-163092
228.928
-4252.98
2991.46
517.967
2061.08
-1438.84
-723.876
-28124.8
9239.91
0
-3782.79
-47913
-533.923
0
0
-17392.1
1207.77
-8325.8
-47015.1
-4999.59
38.6019
-453.025
-28689.3
12810.1
-158537
-503.24
-812.947
277.584
-782.799
-3852.47
-5398.53
2248.12
132.892
605.013
65.8632
-842.328
3559.44
-84319.9
-7360.61
-5836
2485.11
287.387
9530.2
-63463.2
-66412.3
28979.9
-85627.7
-1653.61
-171966
-34787.2
10407.4
-700.449
-18500.9
-43.5213
8117.49
-66.343
-64072.7
-145087
-4177.42
756.207
57152.7
-32107.4
25392.5
-602.908
-9075.49
-3050.45
-59139
-156229
352.227
3045.17
-9014.64
-77996
-11.8211
1950.9
-2364.37
181.935
753.857
-172.475
-1654.85
-752.27
6.79143
-660.668
-26827.8
27.8528
130967
-355631
918.699
-4572.75
-635.209
24.3204
-735.414
-78069.1
-756.259
-41391
-810923
-1.11824e+06
-44691.1
-3181.62
-1184.09
-77.9144
-246.008
-3305.97
-476.54
-142.663
5.64329
-127952
-7403.45
-2458.79
-470.024
753.689
64516.7
-502197
-97612.9
24253.3
-10173.5
-76810.1
-115.498
-136604
-41516.8
-124.165
0
-463.162
-50352.7
)
;
        value           nonuniform List<scalar> 
240
(
99.1473
98.0239
94.0437
84.6412
97.1025
106.951
204.292
104.646
84.6313
82.66
99.1637
97.8554
93.7256
84.6171
89.8693
77.0247
69.0341
101.018
104.295
76.3659
98.5291
98.0408
93.9533
84.7801
64.2571
115.547
110.344
63.2091
100.777
104.993
99.8132
90.1539
91.8902
18.3889
61.62
93.4397
71.4288
103.976
100.387
115.892
175.15
137.247
102.434
108.326
107.15
76.0213
106.809
95.4547
104.058
105.387
96.013
111.339
110.35
100.233
108.86
106.822
102.759
115.981
95.7671
98.5054
54.4542
101.941
116.141
70.2291
66.7258
80.8175
86.2622
78.4254
109.099
91.2878
91.3234
89.1045
39.1448
48.4022
76.1218
71.0641
59.251
62.5453
116.264
106.876
106.853
-84.0518
114.316
94.1388
99.8801
101.397
100.017
114.017
106.66
85.3941
98.0444
100.854
99.2286
109.992
93.6674
91.7758
42.5972
109.817
105.888
115.06
-10.745
95.8654
102.569
88.748
89.2676
94.2311
99.4406
136.795
36.1024
-63.5225
99.6415
103.427
103.988
1.88173
99.7744
105.356
30.9595
91.5558
98.2892
107.009
101.4
102.182
103.779
106.577
99.8123
112.634
133.615
132.108
94.1157
102.681
100.028
100.016
108.494
102.564
98.8028
79.9232
97.9961
98.3542
110.585
90.6332
137.28
54.9981
101.326
100.638
106.545
98.9335
97.7365
97.7603
101.252
106.553
105.076
99.6438
99.6907
106.178
71.5297
101.831
97.3296
101.388
105.283
114.594
84.0958
93.9588
111.95
57.5054
110.122
38.35
106.351
109.636
91.885
112.061
115.712
109.705
115.983
104.793
43.8961
99.7347
102.692
135.05
87.5236
122.473
113.13
89.9078
92.2305
70.1992
21.7138
114.452
81.8227
1.06232
91.6134
119.424
92.424
91.098
97.9536
110.429
108.669
93.0362
94.9262
114.046
84.415
69.9643
83.7255
128.145
-108.636
102.723
115.379
113.923
117.07
109.978
84.0755
115.696
109.258
-193.438
-275.756
80.0695
94.1844
96.2258
105.199
111.187
105.934
84.5963
83.5556
83.4751
36.4907
81.5565
87.5191
97.0966
116.506
140.875
-96.8916
62.8522
123.575
86.4439
59.7749
93.6053
59.1985
52.2171
51.6151
3.56478
-22.3694
-54.2871
)
;
    }
    outlet
    {
        type            fixedValue;
        value           uniform 0;
    }
    lowerWall
    {
        type            fixedFluxPressure;
        gradient        uniform 0;
        value           nonuniform List<scalar> 
965
(
98.9512
98.0537
94.043
84.7461
97.4802
108.534
156.297
103.346
98.4779
80.0965
98.0382
98.0749
98.9526
98.3351
84.4814
109.403
102.455
114.1
95.9504
102.554
105.396
101.699
100.261
102.081
103.513
96.2191
90.9298
93.0945
185.285
105.699
100.753
97.6689
100.266
100.034
93.3991
99.3863
87.3029
96.5041
102.131
95.7643
97.7783
98.0522
100.099
102.503
102.048
94.2388
98.5329
100.724
91.4824
97.5539
95.3546
96.8864
98.394
99.1838
98.9383
94.5118
93.1281
89.8905
95.2117
96.0225
93.1037
93.3651
94.5527
96.4168
97.1909
95.5117
93.9764
91.1696
91.3655
92.6454
89.7577
90.1203
90.6222
90.8202
90.3849
89.6546
89.1104
88.7423
88.9547
89.3935
87.349
87.6275
87.8916
87.973
87.6948
87.261
86.9329
86.7249
86.815
87.0848
84.8917
85.0835
85.2257
85.2764
85.1088
84.8563
84.6174
84.4977
84.5564
84.7034
82.4627
82.5941
82.6867
82.7022
82.5989
82.4437
82.3078
82.2222
82.2528
82.3431
80.0442
80.1281
80.1715
80.2048
80.1226
80.0288
79.9476
79.8952
79.918
79.9617
77.6423
77.7173
77.7298
77.7353
77.7009
77.6426
77.6086
77.5759
77.5786
77.5859
75.2773
75.323
75.3386
75.3317
75.3065
75.2768
75.2582
75.2368
75.2351
75.2518
72.9286
72.9509
72.9667
72.9678
72.9609
72.9516
72.9273
72.8936
72.9049
72.9141
70.6059
70.6254
70.6216
70.627
70.6261
70.6243
70.6101
70.6051
70.6039
70.5952
68.297
68.3048
68.3234
68.3222
68.3296
68.3316
68.3222
68.3102
68.2869
68.2899
66.02
66.0401
66.064
66.0545
66.0429
66.0424
66.0437
66.0303
66.0144
66.0148
63.7641
63.7883
63.8121
63.7823
63.7613
63.7541
63.7539
63.7656
63.7599
63.7559
61.5318
61.5365
61.5379
61.5383
61.5395
61.5231
61.5119
61.5044
61.5127
61.5176
59.3066
59.3087
59.3134
59.3199
59.3223
59.3177
59.2999
59.2909
59.2839
59.2841
57.0935
57.0958
57.0994
57.0982
57.0961
57.092
57.0888
57.0835
57.0771
57.0816
54.9119
54.9046
54.895
54.8984
54.9023
54.9031
54.9
54.8981
54.9038
54.9081
52.7216
52.7224
52.7168
52.7175
52.7209
52.7307
52.7381
52.7388
52.7361
52.7258
50.5554
50.5444
50.5469
50.5571
50.5651
50.5709
50.5767
50.5736
50.5815
50.5686
48.4052
48.3898
48.3847
48.3943
48.4089
48.4212
48.4225
48.4255
48.4262
48.4221
46.2608
46.2489
46.2393
46.2377
46.2475
46.2577
46.2645
46.2655
46.2633
46.264
44.1123
44.1148
44.1201
44.1261
44.1207
44.1153
44.1126
44.1089
44.1085
44.1106
41.9814
41.9922
41.9992
41.9955
41.9817
41.9754
41.9765
41.9878
41.9811
41.9795
39.8759
39.8794
39.8819
39.8718
39.8641
39.8566
39.8657
39.872
39.8706
39.8726
37.7662
37.7813
37.7853
37.7856
37.7803
37.7739
37.7675
37.7639
37.7522
37.7558
35.6806
35.6937
35.6911
35.6859
35.6798
35.673
35.6589
35.6563
35.6574
35.6642
33.6248
33.6204
33.5937
33.5916
33.5873
33.5804
33.5729
33.5772
33.5957
33.6103
31.5514
31.5442
31.5343
31.5267
31.5247
31.5265
31.532
31.539
31.5438
31.5508
29.4752
29.4793
29.4856
29.4934
29.4938
29.4988
29.5008
29.4987
29.4909
29.4811
27.4284
27.4372
27.4494
27.4665
27.4758
27.4777
27.4719
27.4613
27.4504
27.4383
25.4374
25.4315
25.431
25.437
25.4469
25.4571
25.4624
25.4615
25.4574
25.4465
23.4778
23.4611
23.4521
23.4474
23.4524
23.4619
23.4757
23.486
23.4909
23.4875
21.5265
21.5077
21.5045
21.5045
21.5079
21.5111
21.5128
21.5187
21.5233
21.5268
19.5681
19.5665
19.5693
19.5732
19.5825
19.5829
19.5749
19.5698
19.5683
19.5673
17.6373
17.6428
17.6505
17.6542
17.6531
17.6476
17.6401
17.6362
17.6343
17.6353
15.7505
15.7535
15.7507
15.7374
15.7251
15.7112
15.7024
15.7157
15.7231
15.7392
13.8654
13.8728
13.8562
13.838
13.8178
13.804
13.8001
13.8125
13.8289
13.8453
11.9513
11.9704
11.9715
11.9577
11.9472
11.9366
11.935
11.9394
11.9404
11.9419
10.0656
10.0726
10.0834
10.0882
10.0851
10.081
10.0771
10.0752
10.0727
10.064
8.22744
8.21608
8.21383
8.21584
8.21719
8.22172
8.22373
8.22586
8.22759
8.23039
6.39112
6.37688
6.37162
6.37173
6.37915
6.39533
6.40184
6.40016
6.39344
6.39596
4.54635
4.54341
4.54494
4.55183
4.56624
4.5898
4.59018
4.57904
4.56811
4.55746
2.72201
2.72431
2.7272
2.73344
2.74133
2.75092
2.75679
2.75471
2.74225
2.7315
0.910429
0.910415
0.910361
0.905708
0.903622
0.906507
0.915638
0.919693
0.920947
0.910963
95.7378
94.6333
93.8213
96.8196
95.1849
94.8375
99.3943
97.6315
96.067
99.1458
97.9738
97.9678
96.5621
96.1643
97.8114
95.1943
94.5511
95.5882
93.1454
93.0545
94.3522
92.6698
91.3365
92.7684
95.1613
92.3447
92.064
95.8141
93.93
93.3127
93.3256
95.9474
95.0416
109.001
104.281
97.7575
101.234
110.78
98.2821
100.58
99.6514
99.9131
102.2
97.5281
99.6953
111.201
96.1774
89.5882
98.4248
95.9169
96.7447
97.854
93.9521
104.074
98.1328
102.252
161.66
98.1574
96.4895
96.9474
96.0473
95.6477
94.9147
95.0138
97.4116
97.0765
101.157
97.9089
97.5164
99.2015
98.7758
98.7188
98.6442
98.0058
98.4973
93.5524
94.3311
95.1145
98.1506
94.5865
94.6971
92.3285
92.9536
92.757
98.2336
91.8804
94.159
95.9367
95.1873
95.0909
93.2712
91.8942
91.5836
93.7525
92.4171
92.1549
95.6491
93.116
92.7068
97.1922
93.3006
93.452
95.9469
92.1809
92.7624
94.1773
91.0781
91.6352
92.1621
90.6882
90.9885
90.9917
90.2121
90.2454
92.2241
90.7152
90.1843
92.8719
91.377
91.0837
96.5679
95.6725
95.6578
94.1661
94.8676
94.8617
94.511
94.9371
94.077
96.7487
98.7241
96.4282
94.957
95.9226
96.9218
95.0579
95.0698
94.7984
98.371
98.2407
98.8184
97.3861
98.0138
98.0862
96.8859
97.3061
96.7968
98.7055
98.6841
99.1631
98.1128
98.4579
98.1704
98.294
98.4487
98.0114
96.4029
97.3719
98.0278
96.8311
97.1231
96.2943
98.0243
97.765
97.344
94.5693
95.4891
96.2559
95.0027
95.1638
94.4268
95.5126
94.9261
95.0575
93.2374
93.96
94.4536
93.7767
93.7531
93.0572
94.5748
94.0999
94.0009
93.1722
93.6304
93.9136
92.1378
92.7936
92.2567
92.5525
92.581
91.8996
93.5769
95.3739
97.4811
92.7956
94.6411
93.161
94.0394
91.2614
91.0288
95.4528
96.0369
95.3601
93.662
94.2261
94.6395
94.2029
94.4774
93.6944
96.8389
94.9145
94.8181
96.8763
94.5013
94.6597
94.9936
92.9756
93.5051
93.4373
91.6817
92.192
99.4027
97.264
95.4977
95.1727
97.193
97.2988
94.8131
94.8527
97.1685
93.8325
94.2474
96.4978
92.1684
92.749
94.8336
91.1784
91.6544
92.9944
91.1517
91.0726
91.0263
94.5687
94.8436
95.3761
91.0139
91.1123
91.0544
94.9011
94.4389
94.1556
102.4
102.288
94.163
103.978
100.893
97.9607
92.9092
88.6507
94.8858
100.093
97.4691
96.4554
93.8571
93.2241
97.1245
123.216
103.912
105.369
105.641
111.114
105.552
108.53
97.2125
94.9684
96.7088
110.577
88.3886
92.2866
96.1672
102.296
107.935
63.7209
173.045
98.6631
97.2535
101.898
99.057
105.158
97.7313
110.228
95.0518
20.5116
108.312
101.612
97.5286
98.2301
98.9069
96.0358
116.112
123.169
93.6581
94.2067
107.191
101.01
103.629
112.628
102.3
89.4276
96.1667
112.543
94.384
93.5898
98.335
111.321
102.257
89.5831
102.956
105.649
104.776
104.802
102.124
98.388
99.9855
102.6
98.7648
97.9465
106.351
104.738
117.549
109.866
121.918
69.4007
141.697
132.902
101.749
106.594
102.031
95.8775
98.876
98.8788
42.7043
149.59
157.634
100.871
123.582
109.864
149.015
101.351
99.7642
92.7654
106.351
80.3855
106.534
134.692
98.8851
94.1896
94.4584
97.9811
105.717
109.834
106.656
95.9713
99.9929
99.665
112.089
102.977
98.083
122.474
101.565
110.458
93.2263
116.764
102.711
100.069
118.487
100.42
99.9808
121.428
105.481
99.4294
97.4048
108.471
102.671
109.622
108.396
127.072
107.048
106.108
139.289
120.382
103.373
99.8137
105.585
133.282
102.967
137.156
128.61
104.931
112.036
104.398
105.603
104.699
117.133
116.124
105.894
109.827
97.5184
76.5759
121.019
103.535
159.027
106.394
108.841
71.2963
79.8278
93.1633
128.698
123.765
96.6573
85.2524
103.697
111.739
107.052
114.732
61.8402
108.791
88.8318
23.3454
132.792
154.434
130.896
104.722
124.571
141.814
338.81
3.56479
138.277
133.63
89.1505
157.671
181.331
110.382
70.3757
-2.45112
95.1981
107.751
97.5578
102.806
152.085
133.363
100.475
105.011
110.351
102.082
66.3803
224.589
113.661
87.679
74.0228
49.2814
159.75
-0.896425
158.053
)
;
    }
    upperWall
    {
        type            fixedFluxPressure;
        gradient        uniform 0;
        value           nonuniform List<scalar> 
1046
(
99.8891
98.0387
93.9766
85.073
78.7765
91.3268
116.128
99.1494
105.63
108.222
101.399
98.085
98.3924
99.598
78.247
97.9594
103.703
114.493
92.6697
103.995
105.909
99.2251
100.611
102.056
103.8
97.9823
95.9038
110.379
107.445
112.312
104.277
99.981
104.778
106.092
104.207
98.3646
97.3723
90.5847
112.755
109.006
95.1797
92.7897
96.7611
102.57
101.974
109.906
103.039
96.8082
94.2696
114.428
95.1871
97.0329
94.4066
99.1319
99.0876
94.9681
96.5495
90.9305
93.2325
96.0044
93.1042
93.3646
94.5454
96.4081
97.1859
95.5123
93.9553
91.164
91.3674
92.6457
89.7581
90.1198
90.6231
90.8217
90.384
89.6539
89.109
88.7426
88.9548
89.3939
87.3489
87.6274
87.8924
87.9729
87.6945
87.2606
86.9328
86.7251
86.8154
87.0847
84.8916
85.0834
85.2256
85.2758
85.1091
84.8564
84.6173
84.4976
84.5563
84.7033
82.4628
82.594
82.6866
82.7021
82.5988
82.4434
82.3077
82.2221
82.2527
82.3431
80.0443
80.128
80.1714
80.2047
80.1221
80.0288
79.9475
79.8951
79.918
79.9615
77.6419
77.7172
77.7297
77.7352
77.7003
77.6429
77.6085
77.5758
77.5785
77.5852
75.2774
75.3229
75.3385
75.3316
75.3064
75.2767
75.2581
75.2367
75.235
75.2517
72.9285
72.9508
72.9666
72.9677
72.961
72.9512
72.9272
72.8935
72.9048
72.914
70.605
70.6244
70.6214
70.6269
70.6261
70.6241
70.61
70.605
70.6044
70.5957
68.2969
68.3047
68.3233
68.3221
68.3295
68.3315
68.3221
68.3107
68.2871
68.2898
66.0202
66.0402
66.0636
66.0541
66.0428
66.0425
66.0434
66.0298
66.0134
66.0148
63.7642
63.7883
63.812
63.7821
63.7612
63.7539
63.7537
63.7659
63.7599
63.756
61.5314
61.5363
61.5377
61.5381
61.5394
61.5229
61.512
61.5044
61.5128
61.5176
59.3064
59.3093
59.313
59.32
59.3223
59.3174
59.2999
59.2908
59.2838
59.2839
57.0937
57.0959
57.0993
57.0981
57.0956
57.0919
57.0887
57.0836
57.077
57.0814
54.9116
54.9044
54.8947
54.8984
54.9022
54.9029
54.8999
54.8983
54.9037
54.908
52.7212
52.7218
52.7166
52.7177
52.721
52.7307
52.738
52.7387
52.736
52.7258
50.5555
50.5442
50.5468
50.5564
50.5647
50.5709
50.5764
50.5733
50.5814
50.5687
48.4053
48.3898
48.3845
48.3939
48.409
48.4211
48.4225
48.4256
48.4261
48.422
46.2605
46.2485
46.2395
46.2379
46.2477
46.2575
46.2643
46.2658
46.2628
46.2636
44.1123
44.1147
44.12
44.1261
44.1206
44.115
44.1127
44.1085
44.1087
44.1106
41.9811
41.9922
41.9991
41.9956
41.9814
41.9753
41.9769
41.9874
41.9814
41.9795
39.8758
39.8795
39.8819
39.8716
39.8637
39.8572
39.8657
39.8721
39.8708
39.8723
37.7662
37.7819
37.785
37.7853
37.7804
37.774
37.7675
37.7638
37.7521
37.7555
35.6806
35.6937
35.6906
35.686
35.6798
35.6724
35.6587
35.6561
35.6571
35.664
33.6248
33.6203
33.5935
33.5915
33.586
33.5801
33.5728
33.5772
33.5963
33.6108
31.5511
31.5438
31.5342
31.5266
31.5247
31.5276
31.5319
31.5389
31.5437
31.5507
29.4751
29.4793
29.4858
29.4934
29.4938
29.4988
29.5004
29.4985
29.4906
29.4808
27.4283
27.4371
27.4493
27.4663
27.4757
27.4776
27.4713
27.4613
27.4506
27.4385
25.4373
25.4314
25.4306
25.4368
25.4473
25.4572
25.4623
25.4614
25.4576
25.4465
23.4778
23.4612
23.4521
23.4474
23.4523
23.4618
23.4756
23.4857
23.4906
23.4873
21.5265
21.5074
21.5044
21.5045
21.5079
21.5111
21.5127
21.5186
21.5231
21.5267
19.5679
19.5663
19.5691
19.5735
19.5825
19.5831
19.575
19.5698
19.5682
19.5672
17.637
17.6428
17.6505
17.6541
17.653
17.6473
17.64
17.636
17.6344
17.6352
15.7506
15.7537
15.7508
15.7372
15.7242
15.7103
15.7022
15.7157
15.7232
15.739
13.8656
13.8725
13.8559
13.8377
13.8179
13.804
13.7999
13.8125
13.8287
13.8452
11.9515
11.9697
11.971
11.9579
11.9472
11.9366
11.9349
11.9393
11.9401
11.9417
10.0656
10.0728
10.0834
10.0882
10.085
10.0806
10.0769
10.075
10.0726
10.0639
8.22763
8.21607
8.21373
8.21576
8.21711
8.22163
8.22365
8.22578
8.22747
8.23037
6.39091
6.37656
6.3715
6.37152
6.37924
6.39535
6.40218
6.4001
6.3933
6.39558
4.54618
4.54336
4.545
4.55177
4.56611
4.58982
4.58996
4.57898
4.568
4.55719
2.72196
2.7242
2.72728
2.73329
2.74116
2.75011
2.75672
2.75477
2.74235
2.73157
0.910501
0.910168
0.910043
0.905237
0.903584
0.906437
0.915751
0.919665
0.920856
0.910883
93.823
94.638
95.7221
94.8342
95.2007
94.644
96.0542
97.6256
98.4899
97.9739
97.9396
99.1325
97.8054
96.1773
96.697
95.592
94.5506
95.1174
94.3885
93.0429
93.8201
92.7382
91.4379
92.375
91.9583
92.3525
95.0997
93.3071
93.9292
95.8904
94.9417
98.0752
92.7535
99.907
95.3229
109.803
97.5546
96.2746
120.904
99.5637
99.5974
100.575
99.7078
99.1656
105.494
97.2795
95.5429
107.939
95.4679
93.8338
97.0583
88.4645
112.669
106.443
104.107
94.6295
107.667
96.651
96.4126
98.4462
94.9063
95.4284
96.0671
97.1614
97.5177
96.5758
97.484
98.0447
97.6838
98.7059
98.9288
99.1225
98.4647
98.2355
98.8205
95.1466
94.6056
94.0081
94.7162
94.2795
98.1568
91.9764
92.7991
93.4
93.8516
92.4244
100.814
95.0405
95.1011
95.7356
91.5832
91.8936
93.2713
92.1529
92.4182
93.7498
92.707
93.1161
95.6269
93.4523
93.3008
97.2091
92.7615
92.1805
95.94
91.6364
91.078
94.1885
90.987
90.6886
92.1636
90.2449
90.2112
90.9931
90.1839
90.7153
92.223
91.0831
91.3771
92.8715
94.0787
94.9272
94.5148
94.8148
94.886
94.1663
94.7619
94.7699
96.3498
94.8087
95.0406
94.9838
96.9521
95.8436
94.9707
103.627
99.6258
96.8736
96.8009
97.2624
96.7456
98.078
98.1362
97.3501
98.0907
97.8846
98.2089
97.9984
98.4733
98.3011
98.2234
98.5091
98.127
99.1235
98.9347
98.7449
97.3498
97.7451
98.0318
96.2743
97.1111
96.8472
97.7426
97.4227
96.3686
95.0581
94.9367
95.4888
94.4503
95.1091
95.0036
95.416
95.3537
94.3841
94.0153
94.1473
94.5967
93.0405
93.8277
93.7726
94.3944
93.9296
93.1951
91.9094
92.5701
92.4948
92.1785
92.8245
92.1232
92.1438
93.4154
93.4703
91.0376
91.1857
93.949
93.4026
94.5198
92.7715
97.3421
95.2735
93.4385
93.6965
94.5345
94.2069
94.6464
94.2389
93.6668
95.1803
96.0729
95.5622
94.8154
94.9133
96.8479
94.6546
94.4974
96.8791
93.5055
92.9754
95.0074
92.1883
91.6816
93.4175
95.3005
103.966
93.0341
97.2999
95.9942
95.0692
97.152
94.8543
94.8167
96.5014
94.2442
93.8291
94.8333
92.7463
92.1686
92.9963
91.6535
91.1774
91.0238
91.0431
91.136
95.3636
94.8277
94.5595
91.0426
91.1137
91.011
94.1516
94.4202
94.9119
107.742
101.015
106.991
96.1323
99.3219
96.2683
105.108
106.631
110.392
95.2181
106.754
115.508
100.061
97.7341
91.1459
98.5643
96.2925
104.614
96.0901
109.269
96.2338
112.665
98.7272
108.579
95.364
95.8576
96.5454
101.151
107.06
101.67
81.4542
99.5522
92.5586
100.277
98.9958
83.517
102.895
109.702
101.584
111.771
93.455
79.7357
95.3699
99.6843
104.163
89.7235
104.356
99.2567
102.099
96.1153
119.828
127.45
42.6504
93.4156
90.7357
98.5337
100.619
103.144
97.6415
108.902
101.469
100.501
110.814
100.014
99.1635
97.7444
93.3799
101.466
104.606
109.731
105.075
101.53
88.4333
116.939
104.148
104.461
107.748
98.2669
98.4859
103.827
97.366
109.123
101.511
112.616
100.741
88.5455
110.866
101.416
119.935
120.174
86.3349
92.7124
92.3813
107.173
99.5721
95.3271
89.5081
109.294
118.876
115.161
146.407
58.8857
104.352
103.957
106.333
102.283
95.7117
104.968
88.712
103.589
104.983
99.6231
116.316
93.7739
95.425
102.598
95.3599
80.9214
97.9123
90.3467
95.9737
102.209
94.9334
105.072
105.68
101.834
107.756
98.0245
106.332
95.5934
110.498
98.4418
107.571
115.949
154.672
97.7231
105.751
106.633
105.262
99.9046
95.5142
99.2039
103.378
97.5335
98.5039
102.089
99.3928
112.026
110.024
100.891
131.717
103.209
102.916
96.9551
98.0515
94.7005
95.308
100.476
100.418
91.9602
89.6463
95.6952
94.658
176.761
132.857
170.152
76.0943
127.707
106.743
122.261
98.5759
108.106
88.4986
101.857
155.607
89.9248
102.544
101.561
90.2176
24.7508
109.005
101.164
113.459
109.88
137.331
97.4561
105.214
110.225
109.118
158.149
106.082
114.772
137.876
94.7664
107.397
82.8063
96.9635
122.037
94.7677
100.426
101.421
101.696
106.685
99.1424
82.1889
114.058
109.635
130.359
113.575
151.13
125.66
118.96
121.797
108.232
144.419
106.55
136.838
109.241
117.029
109.686
145.624
116.458
99.9613
112.397
103.574
112.484
103.894
108.652
102.877
100.21
103.064
132.261
106.505
128.164
109.773
123.213
111.503
182.718
105.956
5.57081
114.071
112.363
170.115
146.963
117.964
104.481
104.544
112.56
165.31
86.507
112.288
95.6024
119.236
115.155
120.003
103.948
108.409
123.941
133.248
131.609
62.6446
89.2467
104.505
83.6983
98.6006
91.9782
95.3172
111.445
112.01
111.575
100.767
111.876
66.0278
50.3424
70.6285
143.873
108.278
314.099
164.352
-29.1042
41.4205
130.959
65.6396
124.621
101.53
187.29
89.7118
158.275
337.561
148.828
198.067
6.32328
172.797
180.026
)
;
    }
    frontWall
    {
        type            cyclic;
    }
    backWall
    {
        type            cyclic;
    }
}


// ************************************************************************* //
