/*--------------------------------*- C++ -*----------------------------------*\
| =========                 |                                                 |
| \\      /  F ield         | OpenFOAM: The Open Source CFD Toolbox           |
|  \\    /   O peration     | Version:  5.0                                   |
|   \\  /    A nd           | Web:      www.OpenFOAM.org                      |
|    \\/     M anipulation  |                                                 |
\*---------------------------------------------------------------------------*/
FoamFile
{
    version     2.0;
    format      ascii;
    class       volScalarField;
    location    "0.5";
    object      rAU;
}
// * * * * * * * * * * * * * * * * * * * * * * * * * * * * * * * * * * * * * //

dimensions      [-1 3 1 0 0 0 0];

internalField   nonuniform List<scalar> 
4720
(
9.73278e-07
9.73267e-07
9.72273e-07
8.5681e-07
8.95605e-07
1.05904e-07
1.29269e-07
3.92421e-07
3.93663e-07
3.94697e-07
3.9573e-07
3.96762e-07
3.97794e-07
3.98825e-07
3.99856e-07
4.00885e-07
4.01915e-07
4.02943e-07
4.0397e-07
4.04998e-07
4.06024e-07
4.07049e-07
4.08074e-07
4.09098e-07
4.10121e-07
4.11144e-07
4.12166e-07
4.13187e-07
4.14207e-07
4.15227e-07
4.16245e-07
4.17263e-07
4.1828e-07
4.19297e-07
4.20313e-07
4.21327e-07
4.22341e-07
4.23355e-07
4.24367e-07
4.25378e-07
4.26389e-07
4.27399e-07
4.28408e-07
4.29417e-07
4.30424e-07
4.3143e-07
4.32437e-07
4.33441e-07
4.34445e-07
4.36221e-07
9.73253e-07
9.73383e-07
9.73246e-07
9.72559e-07
9.02074e-07
6.93336e-07
1.29269e-07
3.9242e-07
3.93663e-07
3.94696e-07
3.9573e-07
3.96762e-07
3.97794e-07
3.98825e-07
3.99856e-07
4.00885e-07
4.01915e-07
4.02943e-07
4.0397e-07
4.04998e-07
4.06024e-07
4.07049e-07
4.08074e-07
4.09098e-07
4.10121e-07
4.11144e-07
4.12166e-07
4.13187e-07
4.14207e-07
4.15227e-07
4.16245e-07
4.17263e-07
4.1828e-07
4.19297e-07
4.20313e-07
4.21327e-07
4.22341e-07
4.23355e-07
4.24367e-07
4.25378e-07
4.26389e-07
4.27399e-07
4.28408e-07
4.29417e-07
4.30424e-07
4.3143e-07
4.32437e-07
4.33441e-07
4.34445e-07
4.36221e-07
9.73267e-07
9.73425e-07
9.73546e-07
9.73593e-07
9.03168e-07
7.00099e-07
3.51717e-08
3.92419e-07
3.93662e-07
3.94696e-07
3.9573e-07
3.96762e-07
3.97794e-07
3.98825e-07
3.99856e-07
4.00885e-07
4.01915e-07
4.02943e-07
4.0397e-07
4.04998e-07
4.06024e-07
4.07049e-07
4.08074e-07
4.09098e-07
4.10121e-07
4.11144e-07
4.12166e-07
4.13187e-07
4.14207e-07
4.15227e-07
4.16245e-07
4.17263e-07
4.1828e-07
4.19297e-07
4.20313e-07
4.21327e-07
4.22341e-07
4.23355e-07
4.24367e-07
4.25378e-07
4.26389e-07
4.27399e-07
4.28408e-07
4.29417e-07
4.30424e-07
4.3143e-07
4.32437e-07
4.33441e-07
4.34445e-07
4.36221e-07
9.73284e-07
9.73441e-07
9.73555e-07
9.73602e-07
9.0314e-07
6.93627e-07
3.67536e-08
3.92418e-07
3.93661e-07
3.94696e-07
3.95729e-07
3.96762e-07
3.97794e-07
3.98825e-07
3.99856e-07
4.00885e-07
4.01915e-07
4.02943e-07
4.0397e-07
4.04998e-07
4.06024e-07
4.07049e-07
4.08074e-07
4.09098e-07
4.10121e-07
4.11144e-07
4.12166e-07
4.13187e-07
4.14207e-07
4.15227e-07
4.16245e-07
4.17263e-07
4.1828e-07
4.19297e-07
4.20313e-07
4.21327e-07
4.22341e-07
4.23355e-07
4.24367e-07
4.25378e-07
4.26389e-07
4.27399e-07
4.28408e-07
4.29417e-07
4.30424e-07
4.3143e-07
4.32437e-07
4.33441e-07
4.34445e-07
4.36221e-07
9.73294e-07
9.73465e-07
9.73575e-07
9.73636e-07
9.02933e-07
6.99378e-07
7.04173e-08
3.92419e-07
3.93662e-07
3.94696e-07
3.95729e-07
3.96762e-07
3.97794e-07
3.98825e-07
3.99856e-07
4.00885e-07
4.01915e-07
4.02943e-07
4.0397e-07
4.04998e-07
4.06024e-07
4.07049e-07
4.08074e-07
4.09098e-07
4.10121e-07
4.11144e-07
4.12166e-07
4.13187e-07
4.14207e-07
4.15227e-07
4.16245e-07
4.17263e-07
4.1828e-07
4.19297e-07
4.20313e-07
4.21327e-07
4.22341e-07
4.23355e-07
4.24367e-07
4.25378e-07
4.26389e-07
4.27399e-07
4.28408e-07
4.29417e-07
4.30424e-07
4.3143e-07
4.32437e-07
4.33441e-07
4.34445e-07
4.36221e-07
9.7329e-07
9.73474e-07
9.73576e-07
9.73578e-07
9.02645e-07
7.00787e-07
8.81986e-08
3.92419e-07
3.93662e-07
3.94696e-07
3.95729e-07
3.96762e-07
3.97794e-07
3.98825e-07
3.99856e-07
4.00885e-07
4.01915e-07
4.02943e-07
4.0397e-07
4.04998e-07
4.06024e-07
4.07049e-07
4.08074e-07
4.09098e-07
4.10121e-07
4.11144e-07
4.12166e-07
4.13187e-07
4.14207e-07
4.15226e-07
4.16245e-07
4.17263e-07
4.1828e-07
4.19297e-07
4.20313e-07
4.21327e-07
4.22341e-07
4.23355e-07
4.24367e-07
4.25378e-07
4.26389e-07
4.27399e-07
4.28408e-07
4.29417e-07
4.30424e-07
4.3143e-07
4.32437e-07
4.33441e-07
4.34445e-07
4.36221e-07
9.7329e-07
9.73447e-07
9.73616e-07
9.73665e-07
9.02911e-07
6.9407e-07
5.3171e-08
3.92418e-07
3.93661e-07
3.94695e-07
3.95729e-07
3.96762e-07
3.97794e-07
3.98825e-07
3.99856e-07
4.00885e-07
4.01915e-07
4.02943e-07
4.0397e-07
4.04998e-07
4.06024e-07
4.07049e-07
4.08074e-07
4.09098e-07
4.10121e-07
4.11144e-07
4.12166e-07
4.13187e-07
4.14207e-07
4.15226e-07
4.16245e-07
4.17263e-07
4.1828e-07
4.19297e-07
4.20313e-07
4.21327e-07
4.22341e-07
4.23355e-07
4.24367e-07
4.25378e-07
4.26389e-07
4.27399e-07
4.28408e-07
4.29417e-07
4.30424e-07
4.3143e-07
4.32437e-07
4.33441e-07
4.34445e-07
4.36221e-07
9.73248e-07
9.73423e-07
9.7364e-07
9.73601e-07
9.02845e-07
6.98212e-07
3.54487e-08
3.92418e-07
3.93661e-07
3.94695e-07
3.95729e-07
3.96762e-07
3.97794e-07
3.98825e-07
3.99856e-07
4.00885e-07
4.01915e-07
4.02943e-07
4.0397e-07
4.04998e-07
4.06024e-07
4.07049e-07
4.08074e-07
4.09098e-07
4.10121e-07
4.11144e-07
4.12166e-07
4.13187e-07
4.14207e-07
4.15227e-07
4.16245e-07
4.17263e-07
4.1828e-07
4.19297e-07
4.20313e-07
4.21327e-07
4.22341e-07
4.23355e-07
4.24367e-07
4.25378e-07
4.26389e-07
4.27399e-07
4.28408e-07
4.29417e-07
4.30424e-07
4.3143e-07
4.32437e-07
4.33441e-07
4.34445e-07
4.36221e-07
9.73216e-07
9.73292e-07
9.7197e-07
8.91205e-07
8.98171e-07
7.00249e-07
1.29212e-07
3.92417e-07
3.93661e-07
3.94695e-07
3.95729e-07
3.96762e-07
3.97794e-07
3.98825e-07
3.99856e-07
4.00885e-07
4.01915e-07
4.02943e-07
4.0397e-07
4.04998e-07
4.06024e-07
4.07049e-07
4.08074e-07
4.09098e-07
4.10121e-07
4.11144e-07
4.12166e-07
4.13187e-07
4.14207e-07
4.15227e-07
4.16245e-07
4.17263e-07
4.1828e-07
4.19297e-07
4.20313e-07
4.21327e-07
4.22341e-07
4.23355e-07
4.24367e-07
4.25378e-07
4.26389e-07
4.27399e-07
4.28408e-07
4.29417e-07
4.30424e-07
4.3143e-07
4.32437e-07
4.33441e-07
4.34445e-07
4.36221e-07
9.73124e-07
9.72035e-07
9.52922e-07
8.87344e-07
5.84009e-07
5.99984e-07
1.29268e-07
3.92419e-07
3.93662e-07
3.94696e-07
3.9573e-07
3.96762e-07
3.97794e-07
3.98825e-07
3.99856e-07
4.00885e-07
4.01915e-07
4.02943e-07
4.0397e-07
4.04998e-07
4.06024e-07
4.07049e-07
4.08074e-07
4.09098e-07
4.10121e-07
4.11144e-07
4.12166e-07
4.13187e-07
4.14207e-07
4.15227e-07
4.16245e-07
4.17263e-07
4.1828e-07
4.19297e-07
4.20313e-07
4.21327e-07
4.22341e-07
4.23355e-07
4.24367e-07
4.25378e-07
4.26389e-07
4.27399e-07
4.28408e-07
4.29417e-07
4.30424e-07
4.3143e-07
4.32437e-07
4.33441e-07
4.34445e-07
4.36221e-07
9.81686e-07
9.81441e-07
9.79536e-07
8.93882e-07
9.19122e-07
1.50854e-07
1.83346e-07
5.049e-07
5.06387e-07
5.07526e-07
5.08664e-07
5.09801e-07
5.10936e-07
5.12069e-07
5.13202e-07
5.14333e-07
5.15461e-07
5.16589e-07
5.17715e-07
5.18838e-07
5.19961e-07
5.21082e-07
5.22201e-07
5.23319e-07
5.24435e-07
5.25549e-07
5.26662e-07
5.27773e-07
5.28882e-07
5.2999e-07
5.31097e-07
5.322e-07
5.33304e-07
5.34405e-07
5.35504e-07
5.36602e-07
5.37699e-07
5.38793e-07
5.39886e-07
5.40977e-07
5.42066e-07
5.43155e-07
5.44241e-07
5.45325e-07
5.46408e-07
5.4749e-07
5.48569e-07
5.49647e-07
5.50723e-07
5.53038e-07
9.81668e-07
9.81777e-07
9.81549e-07
9.81288e-07
9.32218e-07
7.66393e-07
1.83342e-07
5.04897e-07
5.06386e-07
5.07526e-07
5.08664e-07
5.09801e-07
5.10936e-07
5.12069e-07
5.13202e-07
5.14333e-07
5.15461e-07
5.16589e-07
5.17715e-07
5.18838e-07
5.19961e-07
5.21082e-07
5.22201e-07
5.23319e-07
5.24435e-07
5.25549e-07
5.26662e-07
5.27773e-07
5.28882e-07
5.2999e-07
5.31097e-07
5.322e-07
5.33304e-07
5.34405e-07
5.35504e-07
5.36602e-07
5.37699e-07
5.38793e-07
5.39886e-07
5.40978e-07
5.42066e-07
5.43155e-07
5.44241e-07
5.45325e-07
5.46408e-07
5.4749e-07
5.48568e-07
5.49647e-07
5.50723e-07
5.53038e-07
9.81701e-07
9.8186e-07
9.81919e-07
9.81884e-07
9.32463e-07
7.76063e-07
5.18235e-08
5.04894e-07
5.06384e-07
5.07525e-07
5.08663e-07
5.098e-07
5.10936e-07
5.12069e-07
5.13202e-07
5.14333e-07
5.15461e-07
5.16589e-07
5.17715e-07
5.18838e-07
5.19961e-07
5.21082e-07
5.22201e-07
5.23319e-07
5.24435e-07
5.25549e-07
5.26662e-07
5.27773e-07
5.28882e-07
5.2999e-07
5.31097e-07
5.322e-07
5.33304e-07
5.34405e-07
5.35504e-07
5.36602e-07
5.37699e-07
5.38793e-07
5.39886e-07
5.40977e-07
5.42066e-07
5.43155e-07
5.44241e-07
5.45325e-07
5.46408e-07
5.4749e-07
5.48568e-07
5.49647e-07
5.50723e-07
5.53038e-07
9.81713e-07
9.81858e-07
9.81935e-07
9.81938e-07
9.3249e-07
7.76898e-07
5.44727e-08
5.04891e-07
5.06382e-07
5.07524e-07
5.08662e-07
5.098e-07
5.10936e-07
5.12069e-07
5.13202e-07
5.14333e-07
5.15461e-07
5.16589e-07
5.17715e-07
5.18838e-07
5.19961e-07
5.21082e-07
5.22201e-07
5.23319e-07
5.24435e-07
5.25549e-07
5.26662e-07
5.27773e-07
5.28882e-07
5.2999e-07
5.31097e-07
5.322e-07
5.33304e-07
5.34405e-07
5.35504e-07
5.36602e-07
5.37699e-07
5.38793e-07
5.39886e-07
5.40977e-07
5.42066e-07
5.43155e-07
5.44241e-07
5.45325e-07
5.46408e-07
5.4749e-07
5.48569e-07
5.49647e-07
5.50723e-07
5.53038e-07
9.81725e-07
9.81878e-07
9.81942e-07
9.81956e-07
9.31934e-07
7.76838e-07
1.02191e-07
5.04894e-07
5.06384e-07
5.07524e-07
5.08662e-07
5.098e-07
5.10936e-07
5.12069e-07
5.13202e-07
5.14333e-07
5.15461e-07
5.16589e-07
5.17715e-07
5.18838e-07
5.19961e-07
5.21082e-07
5.22201e-07
5.23319e-07
5.24435e-07
5.25549e-07
5.26662e-07
5.27773e-07
5.28882e-07
5.2999e-07
5.31097e-07
5.322e-07
5.33304e-07
5.34405e-07
5.35504e-07
5.36602e-07
5.37699e-07
5.38793e-07
5.39886e-07
5.40977e-07
5.42066e-07
5.43155e-07
5.44241e-07
5.45325e-07
5.46408e-07
5.4749e-07
5.48568e-07
5.49647e-07
5.50723e-07
5.53038e-07
9.81716e-07
9.81888e-07
9.81969e-07
9.8198e-07
9.32229e-07
7.69343e-07
1.26855e-07
5.04894e-07
5.06383e-07
5.07524e-07
5.08662e-07
5.098e-07
5.10936e-07
5.12069e-07
5.13202e-07
5.14333e-07
5.15461e-07
5.16589e-07
5.17715e-07
5.18838e-07
5.19961e-07
5.21082e-07
5.22201e-07
5.23319e-07
5.24435e-07
5.25549e-07
5.26662e-07
5.27773e-07
5.28882e-07
5.2999e-07
5.31097e-07
5.322e-07
5.33304e-07
5.34405e-07
5.35504e-07
5.36602e-07
5.37699e-07
5.38793e-07
5.39886e-07
5.40977e-07
5.42066e-07
5.43155e-07
5.44241e-07
5.45325e-07
5.46408e-07
5.4749e-07
5.48569e-07
5.49647e-07
5.50723e-07
5.53038e-07
9.81719e-07
9.81879e-07
9.81998e-07
9.82022e-07
9.32514e-07
7.76623e-07
7.80426e-08
5.04891e-07
5.06382e-07
5.07524e-07
5.08662e-07
5.098e-07
5.10936e-07
5.12069e-07
5.13202e-07
5.14333e-07
5.15461e-07
5.16589e-07
5.17715e-07
5.18838e-07
5.19961e-07
5.21082e-07
5.22201e-07
5.23319e-07
5.24435e-07
5.25549e-07
5.26662e-07
5.27773e-07
5.28882e-07
5.2999e-07
5.31097e-07
5.322e-07
5.33304e-07
5.34405e-07
5.35504e-07
5.36602e-07
5.37699e-07
5.38793e-07
5.39886e-07
5.40977e-07
5.42066e-07
5.43154e-07
5.44241e-07
5.45325e-07
5.46408e-07
5.4749e-07
5.48569e-07
5.49647e-07
5.50723e-07
5.53038e-07
9.8169e-07
9.81844e-07
9.82019e-07
9.8178e-07
9.31508e-07
7.7413e-07
5.25171e-08
5.04892e-07
5.06382e-07
5.07524e-07
5.08662e-07
5.098e-07
5.10936e-07
5.12069e-07
5.13202e-07
5.14333e-07
5.15461e-07
5.16589e-07
5.17715e-07
5.18838e-07
5.19961e-07
5.21082e-07
5.22201e-07
5.23319e-07
5.24435e-07
5.25549e-07
5.26662e-07
5.27773e-07
5.28882e-07
5.2999e-07
5.31097e-07
5.322e-07
5.33304e-07
5.34405e-07
5.35504e-07
5.36602e-07
5.37699e-07
5.38793e-07
5.39886e-07
5.40977e-07
5.42066e-07
5.43155e-07
5.44241e-07
5.45325e-07
5.46408e-07
5.4749e-07
5.48569e-07
5.49647e-07
5.50723e-07
5.53038e-07
9.81638e-07
9.81689e-07
9.80431e-07
9.27801e-07
9.23217e-07
7.75765e-07
1.83229e-07
5.04889e-07
5.06382e-07
5.07524e-07
5.08662e-07
5.098e-07
5.10936e-07
5.12069e-07
5.13202e-07
5.14333e-07
5.15461e-07
5.16589e-07
5.17715e-07
5.18838e-07
5.19961e-07
5.21082e-07
5.22201e-07
5.23319e-07
5.24435e-07
5.25549e-07
5.26662e-07
5.27773e-07
5.28882e-07
5.2999e-07
5.31097e-07
5.32201e-07
5.33304e-07
5.34405e-07
5.35504e-07
5.36602e-07
5.37699e-07
5.38793e-07
5.39886e-07
5.40977e-07
5.42066e-07
5.43154e-07
5.44241e-07
5.45325e-07
5.46408e-07
5.4749e-07
5.48569e-07
5.49647e-07
5.50723e-07
5.53038e-07
9.81537e-07
9.79251e-07
8.55628e-07
8.81249e-07
6.58478e-07
6.75219e-07
1.83337e-07
5.04895e-07
5.06384e-07
5.07525e-07
5.08663e-07
5.098e-07
5.10936e-07
5.12069e-07
5.13202e-07
5.14333e-07
5.15461e-07
5.16589e-07
5.17715e-07
5.18838e-07
5.19961e-07
5.21082e-07
5.22201e-07
5.23319e-07
5.24435e-07
5.25549e-07
5.26662e-07
5.27773e-07
5.28882e-07
5.2999e-07
5.31097e-07
5.32201e-07
5.33304e-07
5.34405e-07
5.35504e-07
5.36602e-07
5.37699e-07
5.38793e-07
5.39886e-07
5.40977e-07
5.42066e-07
5.43154e-07
5.44241e-07
5.45325e-07
5.46408e-07
5.4749e-07
5.48569e-07
5.49647e-07
5.50723e-07
5.53038e-07
9.73281e-07
9.73271e-07
9.70208e-07
9.06126e-07
9.24696e-07
1.51007e-07
1.8335e-07
3.92421e-07
3.93663e-07
3.94696e-07
3.9573e-07
3.96762e-07
3.97794e-07
3.98825e-07
3.99856e-07
4.00885e-07
4.01915e-07
4.02943e-07
4.0397e-07
4.04998e-07
4.06024e-07
4.07049e-07
4.08074e-07
4.09098e-07
4.10121e-07
4.11144e-07
4.12166e-07
4.13187e-07
4.14207e-07
4.15226e-07
4.16245e-07
4.17263e-07
4.1828e-07
4.19297e-07
4.20313e-07
4.21327e-07
4.22341e-07
4.23355e-07
4.24367e-07
4.25378e-07
4.26389e-07
4.27399e-07
4.28408e-07
4.29417e-07
4.30424e-07
4.3143e-07
4.32437e-07
4.33441e-07
4.34445e-07
4.36221e-07
9.7321e-07
9.73376e-07
9.73276e-07
9.73181e-07
9.30896e-07
7.65499e-07
1.83346e-07
3.9242e-07
3.93663e-07
3.94696e-07
3.9573e-07
3.96762e-07
3.97794e-07
3.98825e-07
3.99856e-07
4.00885e-07
4.01915e-07
4.02943e-07
4.0397e-07
4.04998e-07
4.06024e-07
4.07049e-07
4.08074e-07
4.09098e-07
4.10121e-07
4.11144e-07
4.12166e-07
4.13187e-07
4.14207e-07
4.15227e-07
4.16245e-07
4.17263e-07
4.1828e-07
4.19297e-07
4.20313e-07
4.21327e-07
4.22341e-07
4.23355e-07
4.24367e-07
4.25378e-07
4.26389e-07
4.27399e-07
4.28408e-07
4.29417e-07
4.30424e-07
4.3143e-07
4.32437e-07
4.33441e-07
4.34445e-07
4.36221e-07
9.73268e-07
9.7345e-07
9.73535e-07
9.73577e-07
9.32607e-07
7.76216e-07
5.18233e-08
3.92419e-07
3.93662e-07
3.94696e-07
3.9573e-07
3.96762e-07
3.97794e-07
3.98825e-07
3.99856e-07
4.00885e-07
4.01915e-07
4.02943e-07
4.0397e-07
4.04998e-07
4.06024e-07
4.07049e-07
4.08074e-07
4.09098e-07
4.10121e-07
4.11144e-07
4.12166e-07
4.13187e-07
4.14207e-07
4.15226e-07
4.16245e-07
4.17263e-07
4.1828e-07
4.19297e-07
4.20313e-07
4.21327e-07
4.22341e-07
4.23355e-07
4.24367e-07
4.25378e-07
4.26389e-07
4.27399e-07
4.28408e-07
4.29417e-07
4.30424e-07
4.3143e-07
4.32437e-07
4.33441e-07
4.34445e-07
4.36221e-07
9.73286e-07
9.73449e-07
9.73554e-07
9.73593e-07
9.32392e-07
7.76951e-07
5.44124e-08
3.92418e-07
3.93661e-07
3.94696e-07
3.95729e-07
3.96762e-07
3.97794e-07
3.98825e-07
3.99856e-07
4.00885e-07
4.01915e-07
4.02943e-07
4.0397e-07
4.04998e-07
4.06024e-07
4.07049e-07
4.08074e-07
4.09098e-07
4.10121e-07
4.11144e-07
4.12166e-07
4.13187e-07
4.14207e-07
4.15226e-07
4.16245e-07
4.17263e-07
4.1828e-07
4.19297e-07
4.20313e-07
4.21327e-07
4.22341e-07
4.23355e-07
4.24367e-07
4.25378e-07
4.26389e-07
4.27399e-07
4.28408e-07
4.29417e-07
4.30424e-07
4.3143e-07
4.32437e-07
4.33441e-07
4.34445e-07
4.36221e-07
9.73294e-07
9.73462e-07
9.73533e-07
9.7361e-07
9.32318e-07
7.76683e-07
1.0214e-07
3.92419e-07
3.93662e-07
3.94696e-07
3.95729e-07
3.96762e-07
3.97794e-07
3.98825e-07
3.99856e-07
4.00885e-07
4.01915e-07
4.02943e-07
4.0397e-07
4.04998e-07
4.06024e-07
4.07049e-07
4.08074e-07
4.09098e-07
4.10121e-07
4.11144e-07
4.12166e-07
4.13187e-07
4.14207e-07
4.15226e-07
4.16245e-07
4.17263e-07
4.1828e-07
4.19297e-07
4.20313e-07
4.21327e-07
4.22341e-07
4.23355e-07
4.24367e-07
4.25378e-07
4.26389e-07
4.27399e-07
4.28408e-07
4.29417e-07
4.30424e-07
4.3143e-07
4.32436e-07
4.33441e-07
4.34445e-07
4.36221e-07
9.73268e-07
9.73462e-07
9.73583e-07
9.73657e-07
9.32614e-07
7.75225e-07
1.2675e-07
3.92419e-07
3.93662e-07
3.94696e-07
3.95729e-07
3.96762e-07
3.97794e-07
3.98825e-07
3.99856e-07
4.00885e-07
4.01915e-07
4.02943e-07
4.0397e-07
4.04998e-07
4.06024e-07
4.07049e-07
4.08074e-07
4.09098e-07
4.10121e-07
4.11144e-07
4.12166e-07
4.13187e-07
4.14207e-07
4.15226e-07
4.16245e-07
4.17263e-07
4.1828e-07
4.19297e-07
4.20313e-07
4.21327e-07
4.22341e-07
4.23355e-07
4.24367e-07
4.25378e-07
4.26389e-07
4.27399e-07
4.28408e-07
4.29417e-07
4.30424e-07
4.3143e-07
4.32437e-07
4.33441e-07
4.34445e-07
4.36221e-07
9.73288e-07
9.73472e-07
9.73614e-07
9.73701e-07
9.32651e-07
7.76079e-07
7.79878e-08
3.92418e-07
3.93661e-07
3.94695e-07
3.95729e-07
3.96762e-07
3.97794e-07
3.98825e-07
3.99856e-07
4.00885e-07
4.01915e-07
4.02943e-07
4.0397e-07
4.04998e-07
4.06024e-07
4.07049e-07
4.08074e-07
4.09098e-07
4.10121e-07
4.11144e-07
4.12166e-07
4.13187e-07
4.14207e-07
4.15226e-07
4.16245e-07
4.17263e-07
4.1828e-07
4.19297e-07
4.20313e-07
4.21327e-07
4.22341e-07
4.23355e-07
4.24367e-07
4.25378e-07
4.26389e-07
4.27399e-07
4.28408e-07
4.29417e-07
4.30424e-07
4.3143e-07
4.32437e-07
4.33441e-07
4.34445e-07
4.36221e-07
9.73267e-07
9.73441e-07
9.73639e-07
9.73183e-07
9.32018e-07
7.76028e-07
5.2467e-08
3.92418e-07
3.93661e-07
3.94695e-07
3.95729e-07
3.96762e-07
3.97794e-07
3.98825e-07
3.99856e-07
4.00885e-07
4.01915e-07
4.02943e-07
4.0397e-07
4.04998e-07
4.06024e-07
4.07049e-07
4.08074e-07
4.09098e-07
4.10121e-07
4.11144e-07
4.12166e-07
4.13187e-07
4.14207e-07
4.15226e-07
4.16245e-07
4.17263e-07
4.1828e-07
4.19297e-07
4.20313e-07
4.21327e-07
4.22341e-07
4.23355e-07
4.24367e-07
4.25378e-07
4.26389e-07
4.27399e-07
4.28408e-07
4.29417e-07
4.30424e-07
4.3143e-07
4.32437e-07
4.33441e-07
4.34445e-07
4.36221e-07
9.73197e-07
9.73338e-07
9.71543e-07
9.22423e-07
9.31126e-07
7.75342e-07
1.83233e-07
3.92417e-07
3.93661e-07
3.94695e-07
3.95729e-07
3.96762e-07
3.97794e-07
3.98825e-07
3.99856e-07
4.00885e-07
4.01915e-07
4.02943e-07
4.0397e-07
4.04998e-07
4.06024e-07
4.07049e-07
4.08074e-07
4.09098e-07
4.10121e-07
4.11144e-07
4.12166e-07
4.13187e-07
4.14207e-07
4.15226e-07
4.16245e-07
4.17263e-07
4.1828e-07
4.19297e-07
4.20313e-07
4.21327e-07
4.22341e-07
4.23355e-07
4.24367e-07
4.25378e-07
4.26389e-07
4.27399e-07
4.28408e-07
4.29417e-07
4.30424e-07
4.3143e-07
4.32437e-07
4.33441e-07
4.34445e-07
4.36221e-07
9.73137e-07
9.69542e-07
9.37833e-07
8.87135e-07
7.27593e-07
6.61583e-07
1.83343e-07
3.92419e-07
3.93662e-07
3.94696e-07
3.9573e-07
3.96762e-07
3.97794e-07
3.98825e-07
3.99856e-07
4.00885e-07
4.01915e-07
4.02943e-07
4.0397e-07
4.04998e-07
4.06024e-07
4.07049e-07
4.08074e-07
4.09098e-07
4.10121e-07
4.11144e-07
4.12166e-07
4.13187e-07
4.14207e-07
4.15226e-07
4.16245e-07
4.17263e-07
4.1828e-07
4.19297e-07
4.20313e-07
4.21327e-07
4.22341e-07
4.23355e-07
4.24367e-07
4.25378e-07
4.26389e-07
4.27399e-07
4.28408e-07
4.29417e-07
4.30424e-07
4.3143e-07
4.32437e-07
4.33441e-07
4.34445e-07
4.36221e-07
3.51426e-08
4.78589e-07
3.51427e-08
1.50606e-07
5.17855e-08
5.28763e-07
5.1785e-08
3.51433e-08
7.00371e-07
3.57716e-08
7.69115e-07
5.1786e-08
7.76868e-07
5.29323e-08
3.72451e-08
7.008e-07
7.7192e-08
7.76051e-07
5.50974e-08
7.76781e-07
1.11579e-07
1.13021e-07
6.93682e-07
6.9142e-07
7.76964e-07
1.60556e-07
7.7717e-07
7.63249e-07
6.91626e-07
7.00971e-07
6.94949e-07
7.76488e-07
7.64611e-07
7.75831e-07
7.70611e-07
6.94556e-07
7.00728e-07
6.93753e-07
7.69326e-07
7.69695e-07
7.71665e-07
7.66464e-07
6.89978e-07
6.93826e-07
1.13331e-07
7.76558e-07
7.63808e-07
7.76464e-07
1.6097e-07
7.78771e-08
7.00531e-07
3.72622e-08
7.73606e-07
1.12555e-07
7.7498e-07
5.5139e-08
3.57855e-08
6.93188e-07
3.51433e-08
7.7449e-07
5.29682e-08
7.34379e-07
5.17867e-08
3.5142e-08
1.04078e-07
3.51426e-08
6.66635e-07
5.17775e-08
1.47167e-07
5.17857e-08
5.17855e-08
5.4971e-07
5.17843e-08
1.50894e-07
5.17855e-08
5.87363e-07
5.17844e-08
5.17855e-08
7.76727e-07
5.29751e-08
7.67054e-07
5.17861e-08
7.76825e-07
5.29753e-08
5.51479e-08
7.76328e-07
1.1161e-07
7.75389e-07
5.51463e-08
7.75945e-07
1.11596e-07
1.60572e-07
7.76808e-07
7.63013e-07
7.76743e-07
1.60522e-07
7.76892e-07
7.64836e-07
7.65468e-07
7.7577e-07
7.69111e-07
7.7546e-07
7.64975e-07
7.76295e-07
7.70381e-07
7.69943e-07
7.69994e-07
7.65655e-07
7.7639e-07
7.68479e-07
7.71921e-07
7.67881e-07
7.63293e-07
7.76714e-07
1.61022e-07
7.76463e-07
7.62354e-07
7.76022e-07
1.60967e-07
1.12601e-07
7.73838e-07
5.51974e-08
7.75771e-07
1.12614e-07
7.73779e-07
5.51998e-08
5.30141e-08
7.27718e-07
5.17855e-08
7.75771e-07
5.30154e-08
7.32712e-07
5.17834e-08
5.17765e-08
1.47363e-07
5.17857e-08
6.92794e-07
5.1776e-08
1.48528e-07
5.17858e-08
5.17854e-08
5.79314e-07
5.17846e-08
1.06543e-07
3.51425e-08
6.54198e-07
3.51424e-08
5.17864e-08
7.76672e-07
5.29324e-08
6.92828e-07
3.51432e-08
7.00337e-07
3.57717e-08
5.50938e-08
7.76463e-07
1.11555e-07
7.00746e-07
3.72417e-08
7.00494e-07
7.71559e-08
1.6043e-07
7.77206e-07
7.63525e-07
6.97237e-07
1.12891e-07
6.96006e-07
6.90215e-07
7.65144e-07
7.76555e-07
7.69841e-07
7.00857e-07
6.92374e-07
6.9945e-07
6.94518e-07
7.69155e-07
7.7296e-07
7.67721e-07
6.99719e-07
6.94838e-07
7.00058e-07
6.9381e-07
7.6254e-07
7.76303e-07
1.60914e-07
6.97604e-07
6.89788e-07
6.98188e-07
1.13237e-07
1.12569e-07
7.74111e-07
5.51443e-08
7.00699e-07
7.78652e-08
7.00292e-07
3.72653e-08
5.29706e-08
7.3687e-07
5.17838e-08
7.00189e-07
3.57874e-08
6.87278e-07
3.51432e-08
5.17779e-08
1.48712e-07
5.17856e-08
6.03951e-07
3.5142e-08
1.05036e-07
3.51425e-08
6.92405e-07
8.6354e-07
4.37313e-07
9.25457e-07
7.61083e-07
8.76246e-07
7.20243e-07
5.48819e-08
3.63463e-08
1.1584e-07
1.50504e-07
1.64651e-07
3.72125e-08
5.36392e-08
1.29658e-07
1.29269e-07
1.29658e-07
1.8335e-07
1.84018e-07
1.83347e-07
1.84017e-07
8.12815e-07
9.03145e-07
9.01432e-07
9.31985e-07
9.01992e-07
9.32665e-07
9.29571e-07
3.11576e-07
9.41696e-08
6.97828e-07
7.67131e-07
1.34253e-07
7.71015e-07
2.34819e-07
1.29658e-07
1.29213e-07
1.29658e-07
1.83346e-07
1.84016e-07
1.83236e-07
1.84016e-07
9.03014e-07
9.03142e-07
9.03194e-07
9.3271e-07
9.32489e-07
9.32764e-07
9.32676e-07
7.76421e-07
6.95585e-07
7.00788e-07
7.77124e-07
7.70733e-07
7.77094e-07
6.99971e-07
1.29566e-07
3.54337e-08
1.29566e-07
5.18233e-08
1.83832e-07
5.244e-08
1.83831e-07
9.02789e-07
9.02778e-07
9.02427e-07
9.32688e-07
9.32493e-07
9.32614e-07
9.32163e-07
7.77066e-07
7.00207e-07
6.99011e-07
7.73943e-07
7.76694e-07
7.768e-07
6.99993e-07
1.29566e-07
5.3959e-08
1.29566e-07
5.44127e-08
1.83831e-07
7.8872e-08
1.83829e-07
9.02889e-07
9.02628e-07
9.02605e-07
9.32335e-07
9.32154e-07
9.32377e-07
9.3234e-07
7.71089e-07
6.97073e-07
6.88515e-07
7.7294e-07
7.7254e-07
7.7049e-07
6.87977e-07
1.29568e-07
8.83854e-08
1.2957e-07
1.02147e-07
1.83836e-07
1.27097e-07
1.83842e-07
9.0314e-07
9.03092e-07
9.0312e-07
9.32422e-07
9.32515e-07
9.32495e-07
9.32486e-07
7.77298e-07
7.00517e-07
7.00755e-07
7.76324e-07
7.76782e-07
7.77479e-07
7.00963e-07
1.2957e-07
7.05114e-08
1.29568e-07
1.2683e-07
1.83842e-07
1.02291e-07
1.83836e-07
9.02538e-07
9.02915e-07
9.03124e-07
9.3265e-07
9.32407e-07
9.32631e-07
9.32577e-07
7.74879e-07
6.93907e-07
7.00876e-07
7.75518e-07
7.75213e-07
7.75497e-07
6.94644e-07
1.29566e-07
3.67696e-08
1.29566e-07
7.79256e-08
1.8383e-07
5.44473e-08
1.83831e-07
9.02674e-07
9.0268e-07
9.02267e-07
9.32199e-07
9.31654e-07
9.31198e-07
9.29143e-07
7.75566e-07
7.003e-07
6.8803e-07
7.70149e-07
7.76286e-07
7.70172e-07
7.00574e-07
1.29566e-07
3.51745e-08
1.29566e-07
5.24707e-08
1.83831e-07
5.18232e-08
1.83831e-07
8.99414e-07
1.98304e-07
7.44342e-07
9.24736e-07
9.22762e-07
2.94152e-07
6.555e-07
7.58637e-07
6.9334e-07
6.99195e-07
7.76078e-07
7.67357e-07
7.73452e-07
6.87344e-07
1.29657e-07
1.29268e-07
1.29657e-07
1.83233e-07
1.84014e-07
1.83342e-07
1.84013e-07
5.98525e-07
6.76282e-07
6.72036e-07
5.78525e-07
2.76213e-07
4.65654e-07
7.38681e-07
6.16998e-08
6.01086e-08
2.03596e-07
5.59487e-07
9.41637e-08
3.05171e-07
4.31226e-08
1.29657e-07
1.29269e-07
1.29658e-07
1.83343e-07
1.84014e-07
1.83348e-07
1.84016e-07
7.59883e-07
8.82895e-07
8.07485e-07
9.14826e-07
7.55114e-07
8.8873e-07
5.94603e-07
5.41713e-08
5.38492e-08
1.81173e-07
1.50933e-07
5.40028e-08
1.7792e-07
5.38669e-08
1.84013e-07
1.83343e-07
1.84012e-07
1.83346e-07
1.84013e-07
1.83343e-07
1.84012e-07
9.04928e-07
9.32445e-07
9.28795e-07
9.3143e-07
8.67437e-07
9.32363e-07
9.281e-07
3.09652e-07
1.35831e-07
7.71354e-07
7.68843e-07
3.09746e-07
1.36093e-07
7.71716e-07
1.8401e-07
1.83232e-07
1.84011e-07
1.83342e-07
1.84011e-07
1.83232e-07
1.84011e-07
9.32014e-07
9.32578e-07
9.32525e-07
9.32365e-07
9.31827e-07
9.32544e-07
9.32544e-07
7.74551e-07
7.67428e-07
7.7574e-07
7.74737e-07
7.7502e-07
7.64797e-07
7.76084e-07
1.83826e-07
5.24857e-08
1.83826e-07
5.18236e-08
1.83827e-07
5.24857e-08
1.83826e-07
9.32407e-07
9.32526e-07
9.32192e-07
9.32345e-07
9.32394e-07
9.32485e-07
9.32097e-07
7.72485e-07
7.77029e-07
7.74096e-07
7.76872e-07
7.74056e-07
7.76984e-07
7.73064e-07
1.83825e-07
7.88483e-08
1.83824e-07
5.44737e-08
1.83825e-07
7.89167e-08
1.83824e-07
9.32177e-07
9.32266e-07
9.32154e-07
9.3178e-07
9.32359e-07
9.3233e-07
9.32135e-07
7.75283e-07
7.7648e-07
7.77262e-07
7.76176e-07
7.75556e-07
7.75962e-07
7.77436e-07
1.83832e-07
1.27128e-07
1.83838e-07
1.02189e-07
1.83832e-07
1.2709e-07
1.83839e-07
9.3237e-07
9.32207e-07
9.32276e-07
9.32257e-07
9.32236e-07
9.32312e-07
9.32277e-07
7.76738e-07
7.76771e-07
7.7689e-07
7.72872e-07
7.76509e-07
7.76915e-07
7.7698e-07
1.83838e-07
1.02305e-07
1.83831e-07
1.26798e-07
1.83838e-07
1.02304e-07
1.83832e-07
9.32214e-07
9.32557e-07
9.32405e-07
9.32414e-07
9.32306e-07
9.3253e-07
9.32385e-07
7.69507e-07
7.72795e-07
7.66729e-07
7.76332e-07
7.69932e-07
7.7081e-07
7.70109e-07
1.83824e-07
5.45075e-08
1.83826e-07
7.79448e-08
1.83824e-07
5.45101e-08
1.83826e-07
9.31537e-07
9.30761e-07
9.30008e-07
9.31218e-07
9.31761e-07
9.31458e-07
9.31047e-07
7.75218e-07
7.75886e-07
7.763e-07
7.7466e-07
7.75305e-07
7.76188e-07
7.76331e-07
1.83826e-07
5.18234e-08
1.83826e-07
5.25146e-08
1.83826e-07
5.18234e-08
1.83826e-07
9.24199e-07
4.8447e-07
6.13048e-07
9.27254e-07
9.24572e-07
8.99292e-07
7.75075e-07
7.59213e-07
7.64353e-07
7.72355e-07
7.75639e-07
7.5914e-07
7.6367e-07
7.73371e-07
1.84009e-07
1.83336e-07
1.84008e-07
1.83229e-07
1.84009e-07
1.83336e-07
1.84008e-07
3.01008e-07
4.37217e-07
7.34932e-07
6.85011e-07
3.84947e-07
5.62338e-07
7.57771e-07
6.34061e-08
8.366e-08
2.78361e-07
6.30627e-07
6.20391e-08
9.18463e-08
2.36948e-07
1.84008e-07
1.83343e-07
1.84011e-07
1.83337e-07
1.84009e-07
1.83344e-07
1.84011e-07
7.6129e-07
8.99669e-07
6.05163e-07
8.94694e-07
6.9058e-07
8.85717e-07
6.67763e-07
5.49469e-08
5.38193e-08
1.62237e-07
1.5116e-07
5.55635e-08
1.71058e-07
5.3724e-08
1.84018e-07
1.83347e-07
1.84017e-07
1.2927e-07
1.29658e-07
1.29269e-07
1.29658e-07
8.6647e-07
9.32668e-07
9.27834e-07
9.02647e-07
8.75542e-07
9.02891e-07
8.99229e-07
3.12016e-07
1.36324e-07
7.71547e-07
7.65145e-07
3.12193e-07
1.3593e-07
7.72599e-07
1.84015e-07
1.83235e-07
1.84016e-07
1.29269e-07
1.29658e-07
1.29213e-07
1.29658e-07
9.31844e-07
9.32703e-07
9.32748e-07
9.03097e-07
9.02617e-07
9.03092e-07
9.03257e-07
7.75359e-07
7.71379e-07
7.76382e-07
7.76611e-07
7.75127e-07
7.7026e-07
7.76114e-07
1.83832e-07
5.24398e-08
1.83831e-07
3.51745e-08
1.29567e-07
3.54333e-08
1.29566e-07
9.32678e-07
9.32641e-07
9.32436e-07
9.0262e-07
9.03224e-07
9.03127e-07
9.03176e-07
7.74081e-07
7.76315e-07
7.74164e-07
7.76842e-07
7.7359e-07
7.77149e-07
7.74025e-07
1.8383e-07
7.87828e-08
1.83829e-07
3.6752e-08
1.29566e-07
5.39036e-08
1.29566e-07
9.32533e-07
9.32575e-07
9.32276e-07
9.03166e-07
9.03146e-07
9.03124e-07
9.02624e-07
7.76872e-07
7.74819e-07
7.77721e-07
7.7718e-07
7.76131e-07
7.75874e-07
7.77461e-07
1.83836e-07
1.27045e-07
1.83842e-07
7.03922e-08
1.29568e-07
8.83154e-08
1.29571e-07
9.32153e-07
9.32633e-07
9.32575e-07
9.03132e-07
9.0209e-07
9.03049e-07
9.03204e-07
7.77231e-07
7.76871e-07
7.76649e-07
7.73074e-07
7.7701e-07
7.76997e-07
7.76574e-07
1.83842e-07
1.0226e-07
1.83836e-07
8.81417e-08
1.29571e-07
7.04814e-08
1.29568e-07
9.32565e-07
9.32704e-07
9.3258e-07
9.03154e-07
9.03169e-07
9.03184e-07
9.03163e-07
7.74667e-07
7.74114e-07
7.70457e-07
7.76221e-07
7.73368e-07
7.74416e-07
7.71134e-07
1.8383e-07
5.44476e-08
1.83831e-07
5.32157e-08
1.29566e-07
3.67692e-08
1.29566e-07
9.3221e-07
9.32142e-07
9.31607e-07
9.03091e-07
9.03093e-07
9.02635e-07
9.01947e-07
7.76013e-07
7.76151e-07
7.76083e-07
7.76328e-07
7.76281e-07
7.76418e-07
7.76188e-07
1.83831e-07
5.18232e-08
1.83831e-07
3.5447e-08
1.29566e-07
3.51716e-08
1.29566e-07
9.24793e-07
9.21701e-07
9.10404e-07
9.01621e-07
8.9829e-07
8.91529e-07
8.94453e-07
7.61675e-07
7.64147e-07
7.73286e-07
7.75787e-07
7.59399e-07
7.64539e-07
7.73603e-07
1.84014e-07
1.83342e-07
1.84013e-07
1.29213e-07
1.29657e-07
1.29268e-07
1.29657e-07
7.77064e-07
5.22014e-07
7.61339e-07
6.51683e-07
8.7956e-07
2.85747e-07
6.89044e-07
5.9204e-08
7.82697e-08
3.92057e-07
5.99464e-07
5.87391e-08
8.0052e-08
3.78198e-07
1.84014e-07
1.83348e-07
1.84015e-07
1.29268e-07
1.29657e-07
1.29269e-07
1.29658e-07
5.16915e-08
3.50861e-08
3.51426e-08
5.17919e-08
5.17919e-08
3.5087e-08
5.1689e-08
5.94011e-08
1.85742e-07
5.3021e-08
4.97392e-07
2.90764e-07
7.99542e-08
4.15137e-08
5.16887e-08
3.51423e-08
3.50984e-08
5.17921e-08
5.17908e-08
5.17171e-08
3.5091e-08
5.46238e-08
1.50546e-07
5.38043e-08
1.77025e-07
1.70268e-07
5.42449e-08
5.37311e-08
5.16904e-08
5.17912e-08
5.16828e-08
5.17853e-08
5.17912e-08
5.16834e-08
5.16888e-08
6.058e-08
4.80497e-07
2.62558e-07
7.90169e-08
2.76302e-07
8.06813e-08
6.21649e-08
5.16897e-08
5.17914e-08
5.17832e-08
5.17064e-08
5.17896e-08
5.17158e-08
5.16895e-08
5.97565e-08
3.59334e-08
3.5148e-08
5.1793e-08
5.30669e-08
5.18033e-08
4.05757e-08
7.60445e-07
7.00103e-07
6.91773e-07
7.76484e-07
7.75716e-07
7.67469e-07
6.88727e-07
7.69237e-08
3.51568e-08
8.68494e-08
5.28057e-08
5.18225e-08
1.24713e-07
5.26459e-08
3.09448e-07
7.65087e-07
1.34494e-07
7.71157e-07
1.33634e-07
7.70069e-07
3.09432e-07
5.99071e-08
5.17921e-08
5.32431e-08
5.17968e-08
5.31974e-08
5.18026e-08
6.0011e-08
7.62281e-07
7.76263e-07
7.74995e-07
7.68327e-07
7.7545e-07
7.67617e-07
7.62193e-07
7.69668e-08
5.28808e-08
5.1816e-08
1.24878e-07
5.18218e-08
1.24768e-07
7.70348e-08
4.17742e-07
1.25766e-07
4.34918e-08
5.49385e-08
1.7731e-07
6.40223e-08
3.29201e-07
7.75665e-07
7.0096e-07
7.01008e-07
7.77601e-07
7.77545e-07
7.77505e-07
7.003e-07
7.63862e-07
5.45851e-08
6.93606e-07
1.11459e-07
7.98359e-08
7.68063e-07
6.89856e-07
7.75642e-07
7.76192e-07
7.68924e-07
7.75984e-07
7.71242e-07
7.76484e-07
7.74658e-07
4.14645e-07
5.50309e-08
1.77924e-07
6.43099e-08
1.77596e-07
6.41924e-08
4.13722e-07
7.75091e-07
7.77202e-07
7.76728e-07
7.77405e-07
7.77028e-07
7.77242e-07
7.75309e-07
7.62206e-07
1.1152e-07
7.98072e-08
7.66547e-07
7.98801e-08
7.68115e-07
7.63393e-07
7.69454e-07
6.95558e-07
1.63701e-07
1.60352e-07
7.70642e-07
2.26961e-07
6.97509e-07
7.7446e-07
7.00705e-07
6.9331e-07
7.75595e-07
7.75228e-07
7.74519e-07
6.9704e-07
7.76674e-07
4.29622e-07
7.01222e-07
7.63636e-07
5.18632e-07
7.7717e-07
7.00635e-07
7.76048e-07
7.76201e-07
7.77199e-07
7.7561e-07
7.76257e-07
7.76639e-07
7.75563e-07
7.71594e-07
1.60435e-07
7.71828e-07
2.27641e-07
7.70906e-07
2.27407e-07
7.71382e-07
7.72169e-07
7.77122e-07
7.70982e-07
7.76312e-07
7.71411e-07
7.76388e-07
7.71716e-07
7.75956e-07
7.64382e-07
5.06945e-07
7.76185e-07
5.13921e-07
7.75643e-07
7.74929e-07
7.77475e-07
7.00388e-07
6.93885e-07
7.66239e-07
7.76943e-07
7.68994e-07
7.01049e-07
7.7602e-07
6.99541e-07
7.00803e-07
7.77068e-07
7.77265e-07
7.76191e-07
6.95169e-07
7.77616e-07
6.94802e-07
7.01178e-07
7.70132e-07
7.69718e-07
7.77285e-07
7.01033e-07
7.74774e-07
7.73854e-07
7.75861e-07
7.77401e-07
7.73794e-07
7.7534e-07
7.75823e-07
7.77214e-07
7.63728e-07
7.76626e-07
7.68501e-07
7.76042e-07
7.69854e-07
7.77574e-07
7.77201e-07
7.76084e-07
7.77153e-07
7.73747e-07
7.77409e-07
7.74268e-07
7.771e-07
7.76503e-07
7.70756e-07
7.69572e-07
7.76558e-07
7.70238e-07
7.76716e-07
7.76953e-07
7.77401e-07
7.00927e-07
6.95206e-07
7.69446e-07
7.77745e-07
7.68872e-07
7.00693e-07
7.72394e-07
7.00874e-07
7.01022e-07
7.76035e-07
7.77224e-07
7.76814e-07
6.8352e-07
7.77619e-07
6.94286e-07
7.01121e-07
7.68375e-07
7.6693e-07
7.77461e-07
7.00923e-07
7.76815e-07
7.72841e-07
7.76418e-07
7.76906e-07
7.76443e-07
7.77215e-07
7.76559e-07
7.7718e-07
7.69492e-07
7.76631e-07
7.69155e-07
7.77262e-07
7.6905e-07
7.77477e-07
7.76826e-07
7.73435e-07
7.76912e-07
7.72909e-07
7.76962e-07
7.74731e-07
7.76898e-07
7.77322e-07
7.66364e-07
7.6707e-07
7.76468e-07
7.67015e-07
7.7701e-07
7.76911e-07
7.75898e-07
7.00098e-07
4.29643e-07
7.64923e-07
7.76478e-07
5.17321e-07
7.00475e-07
7.76732e-07
7.00804e-07
7.00499e-07
7.74586e-07
7.76842e-07
7.76756e-07
7.00511e-07
7.68874e-07
1.64617e-07
6.95851e-07
1.6078e-07
2.27893e-07
7.7199e-07
6.95851e-07
7.73805e-07
7.76678e-07
7.74887e-07
7.66604e-07
7.76131e-07
7.7048e-07
7.71033e-07
7.75787e-07
7.63559e-07
7.77093e-07
5.09068e-07
7.76397e-07
5.12183e-07
7.74889e-07
7.75538e-07
7.76243e-07
7.75964e-07
7.75824e-07
7.76081e-07
7.7616e-07
7.7543e-07
7.70657e-07
1.60868e-07
2.28988e-07
7.70655e-07
2.28452e-07
7.71143e-07
7.71907e-07
7.62461e-07
6.93236e-07
5.50503e-08
1.12421e-07
7.67626e-07
8.03746e-08
6.89379e-07
7.74893e-07
6.96621e-07
6.94794e-07
7.76682e-07
7.75865e-07
7.67991e-07
6.99629e-07
4.49762e-07
4.36036e-08
1.26089e-07
5.49719e-08
6.42299e-08
1.7758e-07
3.63358e-07
7.75e-07
7.71284e-07
7.75829e-07
7.75858e-07
7.75751e-07
7.73528e-07
7.75097e-07
7.62685e-07
1.12489e-07
7.65873e-07
8.04992e-08
7.67714e-07
8.04294e-08
7.63618e-07
7.74496e-07
7.75949e-07
7.74553e-07
7.70532e-07
7.75258e-07
7.69861e-07
7.7514e-07
4.42223e-07
5.50688e-08
6.46167e-08
1.78344e-07
6.44739e-08
1.77796e-07
4.41124e-07
7.72931e-08
8.71056e-08
3.51569e-08
5.28311e-08
1.25048e-07
5.18226e-08
5.29018e-08
3.0705e-07
6.82908e-07
9.5011e-08
7.61993e-07
7.5423e-07
1.36553e-07
2.2677e-07
5.97472e-08
3.51481e-08
3.59206e-08
5.17933e-08
5.18039e-08
5.30352e-08
4.06165e-08
7.57445e-07
7.74528e-07
7.67227e-07
7.70426e-07
7.66638e-07
7.70011e-07
7.56572e-07
7.73328e-08
5.2912e-08
1.25283e-07
5.18159e-08
1.25122e-07
5.18216e-08
7.74288e-08
3.17562e-07
7.49439e-07
7.39104e-07
1.39102e-07
7.40936e-07
1.37977e-07
3.18362e-07
5.95585e-08
5.17927e-08
5.17956e-08
5.32354e-08
5.18018e-08
5.31595e-08
5.96233e-08
5.1698e-08
3.51256e-08
3.51424e-08
5.17883e-08
5.17279e-08
5.17904e-08
3.50916e-08
5.43645e-08
1.28234e-07
3.62923e-08
1.484e-07
1.82223e-07
3.71597e-08
5.35592e-08
5.16891e-08
3.51425e-08
3.5086e-08
5.1792e-08
5.17915e-08
3.5087e-08
5.16889e-08
5.94044e-08
5.81826e-07
8.28e-08
3.69239e-07
9.19376e-08
3.78314e-07
5.94022e-08
5.16917e-08
5.17851e-08
5.17121e-08
5.17826e-08
5.17165e-08
5.17888e-08
5.16871e-08
5.44494e-08
1.47809e-07
1.7369e-07
5.38017e-08
1.78942e-07
5.49764e-08
5.36815e-08
5.1688e-08
5.17914e-08
5.1785e-08
5.1683e-08
5.17908e-08
5.16831e-08
5.16889e-08
5.16876e-08
5.16825e-08
5.17853e-08
5.17902e-08
5.16825e-08
5.179e-08
5.1688e-08
6.04745e-08
2.97481e-07
7.83412e-08
5.34114e-07
6.09588e-08
3.12094e-07
7.88276e-08
5.16837e-08
5.17827e-08
5.17091e-08
5.17887e-08
5.16833e-08
5.17871e-08
5.17196e-08
5.49312e-08
1.50951e-07
5.38715e-08
1.59778e-07
1.67244e-07
5.56241e-08
5.3878e-08
5.16894e-08
5.17902e-08
5.16829e-08
5.17861e-08
5.17904e-08
5.1686e-08
5.16883e-08
6.22896e-08
5.505e-07
2.91424e-07
7.72385e-08
2.86218e-07
7.82996e-08
6.28286e-08
5.16927e-08
5.17888e-08
5.17832e-08
5.17071e-08
5.17872e-08
5.17168e-08
5.16919e-08
6.00385e-08
5.32379e-08
5.17967e-08
5.17902e-08
6.00449e-08
5.32594e-08
5.18015e-08
7.61712e-07
7.75018e-07
7.6879e-07
7.76504e-07
7.6275e-07
7.75038e-07
7.68033e-07
7.70416e-08
5.1816e-08
1.24891e-07
5.30043e-08
7.70697e-08
5.18205e-08
1.24754e-07
3.10124e-07
7.66895e-07
1.36474e-07
7.70964e-07
1.36175e-07
7.70656e-07
3.11712e-07
6.0031e-08
5.17905e-08
5.32427e-08
5.1797e-08
5.32747e-08
5.18018e-08
6.00103e-08
7.60524e-07
7.76821e-07
7.75856e-07
7.67514e-07
7.75082e-07
7.68065e-07
7.60835e-07
7.70327e-08
5.30043e-08
5.1816e-08
1.24877e-07
5.18205e-08
1.24749e-07
7.70551e-08
4.08436e-07
1.78029e-07
6.4404e-08
5.51818e-08
4.11335e-07
1.77607e-07
6.44508e-08
7.75301e-07
7.76409e-07
7.7721e-07
7.76025e-07
7.74866e-07
7.76268e-07
7.77306e-07
7.57941e-07
7.9859e-08
7.67363e-07
1.1161e-07
7.58749e-07
8.00176e-08
7.66468e-07
7.74802e-07
7.75304e-07
7.68849e-07
7.76386e-07
7.68401e-07
7.76359e-07
7.75444e-07
4.07611e-07
5.51818e-08
1.78042e-07
6.44414e-08
1.77842e-07
6.44795e-08
4.08944e-07
7.76081e-07
7.75795e-07
7.76742e-07
7.77203e-07
7.76422e-07
7.76782e-07
7.76781e-07
7.6154e-07
1.11599e-07
7.98329e-08
7.6583e-07
8.00139e-08
7.66834e-07
7.6285e-07
7.69614e-07
7.71367e-07
2.2769e-07
1.60515e-07
7.71349e-07
7.72405e-07
2.27031e-07
7.7143e-07
7.73105e-07
7.75581e-07
7.76809e-07
7.72792e-07
7.72507e-07
7.74674e-07
7.75232e-07
5.01916e-07
7.75971e-07
7.63031e-07
7.75469e-07
4.99453e-07
7.76415e-07
7.72444e-07
7.76823e-07
7.76803e-07
7.74201e-07
7.76957e-07
7.72977e-07
7.73267e-07
7.68577e-07
1.60503e-07
7.71208e-07
2.27751e-07
7.71741e-07
2.2706e-07
7.68953e-07
7.68956e-07
7.76788e-07
7.67429e-07
7.74444e-07
7.69476e-07
7.74448e-07
7.68175e-07
7.75533e-07
7.61787e-07
5.01708e-07
7.77078e-07
5.00119e-07
7.75202e-07
7.75853e-07
7.77371e-07
7.76073e-07
7.67617e-07
7.67857e-07
7.77399e-07
7.7667e-07
7.67799e-07
7.76736e-07
7.7677e-07
7.74718e-07
7.75749e-07
7.76986e-07
7.76519e-07
7.75368e-07
7.76766e-07
7.69361e-07
7.766e-07
7.69825e-07
7.77012e-07
7.69776e-07
7.7698e-07
7.7539e-07
7.75377e-07
7.73983e-07
7.7736e-07
7.74341e-07
7.77245e-07
7.75583e-07
7.77275e-07
7.64169e-07
7.76883e-07
7.68557e-07
7.76557e-07
7.68967e-07
7.76995e-07
7.76503e-07
7.76126e-07
7.76588e-07
7.75764e-07
7.76373e-07
7.75583e-07
7.76069e-07
7.76928e-07
7.69705e-07
7.70767e-07
7.76978e-07
7.70455e-07
7.77202e-07
7.76015e-07
7.77108e-07
7.76773e-07
7.68837e-07
7.69413e-07
7.76744e-07
7.7682e-07
7.68934e-07
7.77119e-07
7.76496e-07
7.71656e-07
7.69806e-07
7.77005e-07
7.76629e-07
7.7171e-07
7.77116e-07
7.68801e-07
7.75984e-07
7.66408e-07
7.76942e-07
7.68593e-07
7.76316e-07
7.76808e-07
7.75937e-07
7.76787e-07
7.76988e-07
7.76898e-07
7.77101e-07
7.76877e-07
7.76916e-07
7.69488e-07
7.7712e-07
7.70672e-07
7.76933e-07
7.68811e-07
7.77136e-07
7.77043e-07
7.70966e-07
7.76723e-07
7.73565e-07
7.76976e-07
7.72983e-07
7.77094e-07
7.77106e-07
7.67471e-07
7.69081e-07
7.75709e-07
7.67782e-07
7.76009e-07
7.7679e-07
7.7544e-07
7.75839e-07
5.05568e-07
7.62856e-07
7.75377e-07
7.76178e-07
5.02365e-07
7.75002e-07
7.76154e-07
7.7642e-07
7.76791e-07
7.7565e-07
7.75838e-07
7.7635e-07
7.70011e-07
2.29028e-07
7.69473e-07
1.61006e-07
7.71149e-07
2.28411e-07
7.71771e-07
7.7049e-07
7.76588e-07
7.73458e-07
7.73347e-07
7.717e-07
7.73678e-07
7.72398e-07
7.75202e-07
7.61151e-07
7.75394e-07
5.04532e-07
7.75042e-07
5.01441e-07
7.75701e-07
7.74914e-07
7.76314e-07
7.75506e-07
7.76611e-07
7.75691e-07
7.7668e-07
7.75238e-07
7.6862e-07
1.60983e-07
2.28937e-07
7.70852e-07
2.28182e-07
7.70745e-07
7.69335e-07
7.63234e-07
7.65757e-07
8.05483e-08
1.12599e-07
7.63718e-07
7.66754e-07
8.05496e-08
7.74714e-07
7.74497e-07
7.65612e-07
7.7395e-07
7.74781e-07
7.74494e-07
7.63598e-07
4.38341e-07
6.46789e-08
1.7844e-07
5.52355e-08
4.40174e-07
6.46969e-08
1.78074e-07
7.75346e-07
7.75274e-07
7.76266e-07
7.76243e-07
7.75926e-07
7.76251e-07
7.76108e-07
7.61944e-07
1.12618e-07
7.65712e-07
8.05302e-08
7.67909e-07
8.05433e-08
7.6243e-07
7.74725e-07
7.7298e-07
7.75822e-07
7.70437e-07
7.7505e-07
7.63375e-07
7.74897e-07
4.38263e-07
5.52356e-08
6.4651e-08
1.78365e-07
6.46798e-08
1.77829e-07
4.41646e-07
7.7444e-08
1.2531e-07
5.18159e-08
5.30447e-08
7.7479e-08
1.2518e-07
5.18204e-08
3.01295e-07
7.38238e-07
1.39329e-07
7.27152e-07
3.05648e-07
7.2949e-07
1.38297e-07
6.01011e-08
5.17963e-08
5.32784e-08
5.17889e-08
5.99815e-08
5.18002e-08
5.33234e-08
7.54865e-07
7.75262e-07
7.68122e-07
7.73591e-07
7.662e-07
7.73513e-07
7.55731e-07
7.74171e-08
5.3045e-08
1.25281e-07
5.18157e-08
1.25178e-07
5.18202e-08
7.7415e-08
3.05054e-07
7.31911e-07
7.53375e-07
1.33022e-07
7.4538e-07
1.35359e-07
3.07449e-07
5.99529e-08
5.17882e-08
5.17952e-08
5.33569e-08
5.17996e-08
5.33636e-08
5.98745e-08
5.16954e-08
5.17408e-08
5.17829e-08
5.17803e-08
5.16916e-08
5.17424e-08
5.17885e-08
5.54902e-08
1.7134e-07
5.38818e-08
1.47732e-07
5.53556e-08
1.68553e-07
5.39078e-08
5.16891e-08
5.1785e-08
5.16827e-08
5.17905e-08
5.16832e-08
5.17895e-08
5.16883e-08
6.14125e-08
6.55759e-07
8.04107e-08
3.66448e-07
8.91481e-08
2.75422e-07
5.92178e-08
5.16903e-08
5.17804e-08
5.16989e-08
5.17828e-08
5.17298e-08
5.17883e-08
5.16821e-08
5.55403e-08
1.48221e-07
1.70189e-07
5.38714e-08
1.67381e-07
5.54259e-08
5.3899e-08
5.16899e-08
5.17905e-08
5.17849e-08
5.16834e-08
5.17895e-08
5.16849e-08
5.16886e-08
5.16911e-08
5.16829e-08
5.1786e-08
5.17912e-08
5.16863e-08
5.17915e-08
5.16889e-08
5.9994e-08
3.29039e-07
7.76764e-08
5.62935e-07
6.13745e-08
3.59318e-07
7.8574e-08
5.16953e-08
5.17837e-08
5.17085e-08
5.17907e-08
5.16916e-08
5.17899e-08
5.17176e-08
5.46097e-08
1.51395e-07
3.63421e-08
1.21111e-07
1.75336e-07
3.72633e-08
5.36195e-08
5.16902e-08
5.1792e-08
3.50861e-08
3.51425e-08
5.17921e-08
3.50872e-08
5.16891e-08
5.97241e-08
6.29393e-07
2.59844e-07
5.26433e-08
3.65923e-07
7.78519e-08
4.12203e-08
5.16949e-08
5.17917e-08
3.51423e-08
3.50992e-08
5.1791e-08
5.17176e-08
3.50908e-08
5.98705e-08
5.31901e-08
5.1797e-08
5.17924e-08
5.99617e-08
5.31241e-08
5.18027e-08
7.61914e-07
7.76068e-07
7.68729e-07
7.76508e-07
7.62908e-07
7.76038e-07
7.67365e-07
7.69518e-08
5.1816e-08
1.24851e-07
5.28808e-08
7.70276e-08
5.18218e-08
1.24694e-07
3.12905e-07
7.66682e-07
9.46567e-08
6.97899e-07
1.35603e-07
7.7349e-07
2.35569e-07
5.97492e-08
5.17933e-08
3.59348e-08
3.5148e-08
5.30329e-08
5.18036e-08
4.05853e-08
7.61418e-07
7.76642e-07
7.00307e-07
6.94037e-07
7.76496e-07
7.68415e-07
6.89124e-07
7.6905e-08
5.28059e-08
3.51567e-08
8.67994e-08
5.18227e-08
1.2462e-07
5.26292e-08
4.12705e-07
1.77931e-07
6.43608e-08
5.50286e-08
4.10757e-07
1.77367e-07
6.42321e-08
7.76031e-07
7.77019e-07
7.76787e-07
7.7635e-07
7.76071e-07
7.76438e-07
7.76916e-07
7.61908e-07
7.97395e-08
7.66451e-07
1.11494e-07
7.60051e-07
7.9847e-08
7.66866e-07
7.75718e-07
7.77174e-07
6.95245e-07
7.00633e-07
7.69899e-07
7.76326e-07
6.995e-07
4.14851e-07
5.49365e-08
1.25738e-07
4.35533e-08
1.77179e-07
6.40839e-08
3.25859e-07
7.77005e-07
7.7632e-07
6.99421e-07
7.00856e-07
7.75984e-07
7.7706e-07
7.00396e-07
7.62051e-07
1.1143e-07
5.4507e-08
6.92839e-07
7.97908e-08
7.67564e-07
6.87888e-07
7.71695e-07
7.70374e-07
2.27663e-07
1.60421e-07
7.71285e-07
7.69789e-07
2.2693e-07
7.7345e-07
7.6802e-07
7.74161e-07
7.77441e-07
7.69476e-07
7.71652e-07
7.75044e-07
7.76664e-07
5.06647e-07
7.77012e-07
7.6408e-07
7.76236e-07
5.10995e-07
7.76196e-07
7.76162e-07
7.76017e-07
7.00507e-07
7.00852e-07
7.77297e-07
7.76159e-07
7.00963e-07
7.71464e-07
1.60319e-07
6.95911e-07
1.63667e-07
7.69939e-07
2.2658e-07
6.97074e-07
7.76487e-07
7.76614e-07
6.99975e-07
6.93822e-07
7.75727e-07
7.74832e-07
7.00422e-07
7.76719e-07
7.63222e-07
4.2857e-07
7.00333e-07
5.16386e-07
7.76252e-07
7.00652e-07
7.77156e-07
7.77379e-07
7.67323e-07
7.67694e-07
7.77278e-07
7.77657e-07
7.67468e-07
7.75989e-07
7.7691e-07
7.76213e-07
7.76646e-07
7.76032e-07
7.77059e-07
7.76775e-07
7.76508e-07
7.69293e-07
7.77233e-07
7.70071e-07
7.76727e-07
7.67392e-07
7.77055e-07
7.76187e-07
7.77435e-07
7.00885e-07
6.97358e-07
7.76933e-07
7.7662e-07
6.9552e-07
7.77125e-07
7.67107e-07
7.01053e-07
6.9373e-07
7.77682e-07
7.68083e-07
7.00491e-07
7.76205e-07
7.76981e-07
7.00912e-07
7.00893e-07
7.77451e-07
7.77201e-07
7.00473e-07
7.77343e-07
7.70276e-07
6.94835e-07
7.00845e-07
7.68539e-07
7.77588e-07
7.01136e-07
7.77383e-07
7.76912e-07
7.69978e-07
7.69972e-07
7.77134e-07
7.77491e-07
7.68954e-07
7.76692e-07
7.7567e-07
7.746e-07
7.73199e-07
7.76707e-07
7.7382e-07
7.75261e-07
7.77098e-07
7.69356e-07
7.76475e-07
7.68204e-07
7.76749e-07
7.69019e-07
7.76853e-07
7.7731e-07
7.73738e-07
7.00971e-07
7.00598e-07
7.77393e-07
7.76845e-07
7.00795e-07
7.7755e-07
7.69135e-07
7.01075e-07
6.94669e-07
7.77643e-07
7.70142e-07
7.00859e-07
7.75156e-07
7.74388e-07
6.96493e-07
7.00135e-07
7.73198e-07
7.75357e-07
6.91986e-07
7.77533e-07
7.67154e-07
6.9474e-07
7.00983e-07
7.69439e-07
7.77032e-07
7.00901e-07
7.76164e-07
7.74896e-07
5.09631e-07
7.63855e-07
7.75936e-07
7.76788e-07
5.12266e-07
7.7632e-07
7.75284e-07
7.76767e-07
7.76506e-07
7.75178e-07
7.75457e-07
7.76984e-07
7.71738e-07
2.28859e-07
7.71668e-07
1.60839e-07
7.70601e-07
2.28176e-07
7.71274e-07
7.76757e-07
7.75851e-07
6.97489e-07
7.00641e-07
7.74612e-07
7.74944e-07
7.01099e-07
7.76236e-07
7.64801e-07
7.00511e-07
4.28512e-07
7.77174e-07
5.15987e-07
7.00594e-07
7.76215e-07
7.761e-07
6.98052e-07
7.00558e-07
7.75831e-07
7.77137e-07
7.00365e-07
7.69471e-07
1.60761e-07
1.64608e-07
6.97109e-07
2.27773e-07
7.70777e-07
6.96551e-07
7.63214e-07
7.66354e-07
8.04891e-08
1.12498e-07
7.6224e-07
7.67334e-07
8.0418e-08
7.75374e-07
7.7615e-07
7.68262e-07
7.74885e-07
7.75211e-07
7.76457e-07
7.65924e-07
4.4669e-07
6.45608e-08
1.78266e-07
5.50729e-08
4.44059e-07
6.43857e-08
1.77564e-07
7.76313e-07
7.76752e-07
7.00693e-07
6.97361e-07
7.76607e-07
7.76105e-07
7.00378e-07
7.62124e-07
1.12422e-07
6.93279e-07
5.50236e-08
7.68734e-07
8.03472e-08
6.89982e-07
7.75937e-07
7.75431e-07
7.00585e-07
6.94042e-07
7.76887e-07
7.65376e-07
6.99904e-07
4.5162e-07
5.49755e-08
4.36182e-08
1.25943e-07
6.41869e-08
1.77269e-07
3.63007e-07
7.72646e-08
1.25241e-07
5.18157e-08
5.29157e-08
7.73678e-08
1.25083e-07
5.18215e-08
3.07723e-07
7.55993e-07
1.32417e-07
7.40082e-07
3.08452e-07
7.59301e-07
1.31777e-07
5.97642e-08
5.17957e-08
5.32896e-08
5.17905e-08
5.98413e-08
5.18019e-08
5.31933e-08
7.59832e-07
7.75571e-07
6.92891e-07
6.9971e-07
7.6506e-07
7.74461e-07
6.88266e-07
7.71897e-08
5.28352e-08
8.7057e-08
3.51567e-08
1.24985e-07
5.18226e-08
5.28158e-08
3.07229e-07
7.50602e-07
6.93549e-07
9.19968e-08
7.61969e-07
1.31513e-07
2.31074e-07
5.96352e-08
5.17925e-08
3.51478e-08
3.59574e-08
5.18031e-08
5.30823e-08
4.04914e-08
5.16942e-08
5.16913e-08
5.17826e-08
5.17864e-08
5.16838e-08
5.17087e-08
5.1789e-08
5.4712e-08
1.75291e-07
5.38004e-08
1.49184e-07
5.51094e-08
1.81056e-07
5.36759e-08
5.16904e-08
5.17849e-08
5.16835e-08
5.17914e-08
5.16849e-08
5.17907e-08
5.16891e-08
5.97428e-08
6.13958e-07
5.44334e-08
2.71645e-07
8.05077e-08
3.70025e-07
4.10315e-08
5.16965e-08
5.17894e-08
3.50983e-08
3.51423e-08
5.17125e-08
5.17907e-08
3.50907e-08
5.44919e-08
1.49482e-07
1.30905e-07
3.62851e-08
1.83872e-07
3.70321e-08
5.35464e-08
5.16903e-08
5.17922e-08
3.51424e-08
3.50861e-08
5.17916e-08
3.50869e-08
5.16892e-08
3.88622e-08
5.42201e-08
5.72733e-08
5.18915e-08
3.52174e-08
5.18871e-08
3.52195e-08
7.68104e-08
1.02009e-07
1.10927e-07
5.23479e-08
3.53387e-08
5.2137e-08
3.54659e-08
8.63757e-08
1.26651e-07
1.24158e-07
5.27595e-08
3.57953e-08
5.2851e-08
3.57347e-08
4.57397e-08
7.75769e-08
6.72593e-08
5.19038e-08
3.52298e-08
5.19133e-08
3.52251e-08
5.75507e-08
5.4501e-08
5.75809e-08
5.189e-08
5.18912e-08
5.18955e-08
5.18857e-08
1.11116e-07
1.02182e-07
1.11107e-07
5.25619e-08
5.22818e-08
5.25474e-08
5.229e-08
1.24373e-07
1.26856e-07
1.24358e-07
5.30256e-08
5.31049e-08
5.30061e-08
5.31258e-08
6.77744e-08
7.78641e-08
6.78171e-08
5.19028e-08
5.19182e-08
5.19083e-08
5.1912e-08
5.74782e-08
5.43222e-08
5.7381e-08
5.18906e-08
5.18917e-08
5.1896e-08
5.18863e-08
1.11061e-07
1.02061e-07
1.1098e-07
5.24286e-08
5.22499e-08
5.25009e-08
5.21965e-08
1.24308e-07
1.26688e-07
1.24214e-07
5.28603e-08
5.30475e-08
5.2949e-08
5.2956e-08
6.76258e-08
7.77698e-08
6.74559e-08
5.19031e-08
5.19188e-08
5.19085e-08
5.19126e-08
6.81302e-07
7.66768e-07
7.36937e-07
7.17993e-07
6.92273e-07
6.68602e-07
7.68594e-07
7.64839e-07
7.1619e-07
7.23025e-07
7.0767e-07
7.65209e-07
6.98922e-07
7.6808e-07
4.57001e-08
7.89507e-08
6.71991e-08
5.19037e-08
3.52301e-08
5.19151e-08
3.52251e-08
5.43244e-08
5.7484e-08
5.73858e-08
5.18908e-08
5.18918e-08
5.18865e-08
5.18961e-08
7.89919e-08
6.76131e-08
6.74238e-08
5.19031e-08
5.19187e-08
5.19142e-08
5.19087e-08
8.65538e-08
1.26915e-07
1.24401e-07
5.27687e-08
3.58007e-08
5.28578e-08
3.57415e-08
1.0207e-07
1.11078e-07
1.10982e-07
5.24312e-08
5.22506e-08
5.21973e-08
5.25029e-08
1.26974e-07
1.24547e-07
1.24469e-07
5.287e-08
5.30525e-08
5.29621e-08
5.29573e-08
7.67397e-08
1.02136e-07
1.1083e-07
5.23359e-08
3.53399e-08
5.21395e-08
3.54585e-08
1.2675e-07
1.2433e-07
1.24242e-07
5.28618e-08
5.30461e-08
5.29556e-08
5.29499e-08
1.0221e-07
1.10985e-07
1.10902e-07
5.24183e-08
5.22529e-08
5.21999e-08
5.24897e-08
3.88929e-08
5.42487e-08
5.7316e-08
5.18917e-08
3.52174e-08
5.18872e-08
3.52195e-08
7.76492e-08
6.7656e-08
6.74782e-08
5.19033e-08
5.19181e-08
5.19122e-08
5.19087e-08
5.43569e-08
5.75256e-08
5.74266e-08
5.18909e-08
5.18919e-08
5.18866e-08
5.18963e-08
4.23807e-07
7.32217e-07
5.39106e-07
5.27616e-07
5.56528e-07
4.47512e-07
6.48415e-07
7.36817e-07
6.20875e-07
6.01071e-07
5.42405e-07
7.59589e-07
5.65069e-07
7.12272e-07
7.17205e-07
7.61219e-07
7.30957e-07
7.43763e-07
7.52563e-07
7.13912e-07
7.43982e-07
7.56378e-07
7.63019e-07
7.57595e-07
7.6258e-07
7.67701e-07
7.5059e-07
7.55444e-07
6.77355e-08
7.90195e-08
6.77735e-08
5.19027e-08
5.19179e-08
5.19081e-08
5.19127e-08
5.45015e-08
5.75466e-08
5.75793e-08
5.18901e-08
5.18913e-08
5.18858e-08
5.18956e-08
7.90905e-08
6.77423e-08
6.77771e-08
5.19026e-08
5.19179e-08
5.19129e-08
5.19084e-08
1.24586e-07
1.27098e-07
1.24565e-07
5.30326e-08
5.31109e-08
5.3013e-08
5.31316e-08
1.02191e-07
1.11108e-07
1.11103e-07
5.25616e-08
5.22814e-08
5.22899e-08
5.25465e-08
1.27088e-07
1.24574e-07
1.24567e-07
5.30326e-08
5.31114e-08
5.31318e-08
5.30131e-08
1.10999e-07
1.02334e-07
1.11021e-07
5.2548e-08
5.22843e-08
5.25339e-08
5.22929e-08
1.26847e-07
1.24359e-07
1.24359e-07
5.30256e-08
5.31057e-08
5.31259e-08
5.30058e-08
1.02332e-07
1.10997e-07
1.11019e-07
5.25478e-08
5.2284e-08
5.22929e-08
5.25335e-08
5.75939e-08
5.45352e-08
5.76251e-08
5.18901e-08
5.18913e-08
5.18957e-08
5.18858e-08
7.77758e-08
6.77592e-08
6.78105e-08
5.19028e-08
5.19181e-08
5.19117e-08
5.19083e-08
5.4537e-08
5.75963e-08
5.7626e-08
5.18903e-08
5.18915e-08
5.18859e-08
5.18958e-08
6.41284e-07
7.376e-07
6.95695e-07
5.95021e-07
7.62466e-07
5.58046e-07
7.67854e-07
7.46113e-07
7.23333e-07
7.14666e-07
6.34841e-07
7.35001e-07
6.54939e-07
7.55484e-07
7.38898e-07
7.66232e-07
6.749e-07
7.48328e-07
7.64701e-07
7.48173e-07
7.61237e-07
7.66046e-07
5.02512e-07
6.16399e-07
5.34561e-07
6.50833e-07
2.51106e-07
7.47322e-07
6.76159e-08
7.88264e-08
6.74223e-08
5.19031e-08
5.19184e-08
5.19085e-08
5.19139e-08
5.42178e-08
3.88572e-08
5.72697e-08
5.18916e-08
3.52175e-08
5.18872e-08
3.52196e-08
7.88269e-08
4.56827e-08
6.71876e-08
5.19038e-08
3.52302e-08
5.1915e-08
3.52251e-08
1.24527e-07
1.26949e-07
1.244e-07
5.28685e-08
5.30533e-08
5.29567e-08
5.29624e-08
1.01981e-07
7.67838e-08
1.10905e-07
5.23455e-08
3.53385e-08
5.21365e-08
3.54647e-08
1.2685e-07
8.6491e-08
1.2434e-07
5.27672e-08
3.58007e-08
5.28577e-08
3.57412e-08
1.10948e-07
1.02189e-07
1.10878e-07
5.24173e-08
5.22521e-08
5.24889e-08
5.21988e-08
1.26613e-07
8.63294e-08
1.24119e-07
5.27583e-08
3.57951e-08
5.28502e-08
3.57343e-08
1.02112e-07
7.67025e-08
1.10797e-07
5.2335e-08
3.53396e-08
5.21386e-08
3.54581e-08
5.75288e-08
5.4354e-08
5.74292e-08
5.18908e-08
5.18918e-08
5.18962e-08
5.18864e-08
7.76446e-08
4.57308e-08
6.72508e-08
5.1904e-08
3.52299e-08
5.19136e-08
3.52252e-08
5.42453e-08
3.88875e-08
5.7315e-08
5.18918e-08
3.52175e-08
5.18873e-08
3.52196e-08
7.50917e-07
7.63093e-07
7.62247e-07
7.03124e-07
7.37496e-07
6.8959e-07
7.43128e-07
7.57254e-07
6.92184e-07
7.65263e-07
7.28022e-07
6.76179e-07
6.76675e-07
7.38358e-07
5.18139e-08
5.25354e-08
5.18079e-08
5.18809e-08
5.18883e-08
5.18867e-08
5.18827e-08
5.18137e-08
5.23969e-08
5.18085e-08
5.18823e-08
5.18888e-08
5.18873e-08
5.18834e-08
5.1813e-08
5.2504e-08
5.18074e-08
5.1881e-08
5.18884e-08
5.18868e-08
5.18828e-08
5.25041e-08
5.18129e-08
5.18075e-08
5.18811e-08
5.18885e-08
5.18829e-08
5.18869e-08
5.25347e-08
5.18139e-08
5.18079e-08
5.1881e-08
5.18884e-08
5.18828e-08
5.18868e-08
3.51703e-08
5.23155e-08
5.18096e-08
5.18831e-08
3.52131e-08
5.18841e-08
3.52156e-08
3.51728e-08
5.22905e-08
5.18094e-08
5.18831e-08
3.52131e-08
5.18841e-08
3.52156e-08
5.23723e-08
5.18131e-08
5.18084e-08
5.18824e-08
5.18889e-08
5.18836e-08
5.18875e-08
5.24007e-08
5.18138e-08
5.18086e-08
5.18824e-08
5.18889e-08
5.18835e-08
5.18875e-08
5.18131e-08
5.23716e-08
5.18084e-08
5.18823e-08
5.18888e-08
5.18874e-08
5.18835e-08
5.22899e-08
3.51727e-08
5.18095e-08
5.18832e-08
3.52132e-08
5.18842e-08
3.52157e-08
5.23127e-08
3.51702e-08
5.18097e-08
5.18832e-08
3.52132e-08
5.18842e-08
3.52157e-08
5.1818e-08
5.17986e-08
5.17934e-08
5.18825e-08
5.19249e-08
5.19198e-08
5.18876e-08
5.17989e-08
5.18175e-08
5.17928e-08
5.1881e-08
5.19242e-08
5.18869e-08
5.19184e-08
5.18176e-08
5.17987e-08
5.17928e-08
5.18811e-08
5.19243e-08
5.19185e-08
5.1887e-08
5.17985e-08
5.1818e-08
5.1793e-08
5.18824e-08
5.19248e-08
5.18875e-08
5.19197e-08
3.5163e-08
5.1819e-08
5.1794e-08
5.18832e-08
3.52299e-08
5.19205e-08
3.52156e-08
5.18192e-08
3.51629e-08
5.17941e-08
5.18833e-08
3.523e-08
5.19206e-08
3.52157e-08
5.17984e-08
5.18176e-08
5.17926e-08
5.18811e-08
5.19244e-08
5.1887e-08
5.19186e-08
5.17982e-08
5.1818e-08
5.17929e-08
5.18825e-08
5.1925e-08
5.18876e-08
5.19198e-08
5.1818e-08
5.17982e-08
5.17929e-08
5.18826e-08
5.19251e-08
5.19199e-08
5.18877e-08
5.18177e-08
5.17986e-08
5.17926e-08
5.18813e-08
5.19245e-08
5.19187e-08
5.18871e-08
3.51629e-08
5.18191e-08
5.17939e-08
5.18832e-08
3.523e-08
5.19206e-08
3.52156e-08
5.18192e-08
3.51629e-08
5.17941e-08
5.18833e-08
3.52301e-08
5.19207e-08
3.52157e-08
7.33645e-07
7.55283e-07
4.62361e-07
8.72102e-07
6.28812e-07
5.62324e-07
5.49086e-07
6.44019e-07
7.73301e-07
4.28618e-07
8.66746e-07
6.60434e-07
8.63971e-07
3.82531e-07
6.08614e-07
6.69278e-07
6.9088e-07
1.20373e-07
4.31192e-07
1.52033e-07
6.38827e-07
5.36782e-07
5.39306e-07
1.87114e-07
4.99686e-07
1.76861e-07
5.47588e-07
5.22966e-07
5.35742e-07
2.2768e-07
4.26881e-07
6.4406e-07
4.97765e-07
2.68199e-07
2.79551e-07
4.49933e-07
1.78e-07
5.95436e-07
4.95018e-07
3.27213e-07
1.68212e-07
5.51483e-07
7.96943e-07
8.59324e-07
7.67091e-07
9.09142e-07
6.28646e-07
8.65819e-07
3.93376e-07
9.27124e-07
9.18111e-07
8.66386e-07
9.24835e-07
9.24097e-07
9.11051e-07
9.04073e-07
5.26104e-07
1.34146e-07
1.37867e-07
6.82926e-07
3.99159e-07
3.28194e-07
6.70824e-07
7.91336e-07
9.2765e-07
9.21285e-07
9.10574e-07
8.39436e-07
9.2655e-07
9.18846e-07
6.4491e-07
7.22117e-07
1.20641e-07
7.27579e-07
6.40263e-07
6.14457e-07
1.21692e-07
5.20424e-07
2.75385e-07
5.17867e-07
6.41603e-07
4.82648e-07
4.3975e-07
4.80206e-07
5.31681e-07
3.43463e-07
5.85106e-07
5.08383e-07
6.31026e-07
5.46135e-07
6.03339e-07
8.92157e-07
9.27441e-07
9.22687e-07
8.81408e-07
8.87713e-07
9.00808e-07
8.9602e-07
9.24414e-07
9.1935e-07
9.19062e-07
8.98515e-07
8.99571e-07
8.99282e-07
8.96223e-07
2.8846e-07
5.37258e-07
2.12788e-07
6.03872e-07
2.82009e-07
2.19451e-07
6.18921e-07
1.26012e-07
7.27947e-07
1.52547e-07
6.84019e-07
5.49707e-07
6.6279e-07
4.53372e-07
2.22101e-07
3.3573e-07
2.02987e-07
6.21387e-07
6.80024e-07
5.98288e-07
6.28079e-07
8.92262e-07
8.98081e-07
8.75096e-07
9.25569e-07
9.2586e-07
9.22168e-07
8.92221e-07
4.79436e-07
5.79378e-07
2.2268e-07
2.49572e-07
2.48284e-07
2.46896e-07
5.80006e-07
3.32203e-07
4.42073e-07
6.66878e-07
2.68302e-07
2.40999e-07
3.15723e-07
1.49302e-07
6.18846e-07
4.51925e-07
6.61442e-07
6.26077e-07
4.39519e-07
6.66198e-07
6.62134e-07
4.87457e-07
4.10915e-07
6.26192e-07
6.42789e-07
3.37319e-07
3.939e-07
5.91148e-07
6.81332e-07
2.35419e-07
7.09611e-07
3.06107e-07
6.90292e-07
3.11959e-07
6.84666e-07
7.12767e-07
3.30111e-07
3.50214e-07
3.52721e-07
6.06938e-07
6.02138e-07
3.65887e-07
7.43328e-07
7.18213e-07
4.42272e-07
7.22575e-07
7.06868e-07
7.47885e-07
7.06521e-07
2.99322e-07
5.8943e-07
3.91484e-07
4.96273e-07
5.231e-07
2.49533e-07
4.72945e-07
7.32079e-07
6.88186e-07
5.57293e-07
2.33793e-07
7.12062e-07
4.29657e-07
6.53108e-07
6.68901e-07
6.60459e-07
6.9871e-07
6.35913e-07
6.87712e-07
6.9153e-07
5.09665e-07
7.10934e-07
6.68014e-07
6.58854e-07
5.82447e-07
5.92227e-07
5.82051e-07
5.95716e-07
5.44051e-07
6.38705e-07
4.28678e-07
6.64373e-07
6.02627e-07
6.29311e-07
6.40868e-07
5.05892e-07
6.78951e-07
6.67515e-07
1.39909e-07
6.72377e-07
1.33407e-07
4.7537e-07
7.32927e-07
5.03847e-07
2.48589e-07
6.50125e-07
4.17281e-07
5.55338e-07
6.44007e-07
7.14823e-07
6.04587e-07
4.80782e-07
6.88002e-07
6.61482e-07
6.98829e-07
6.59494e-07
6.68876e-07
4.89613e-07
6.67065e-07
2.94041e-07
4.70912e-07
4.64977e-07
2.81782e-07
5.9862e-07
6.31005e-07
6.20567e-07
6.93004e-07
5.693e-07
5.89526e-07
6.41615e-07
3.51285e-07
6.28314e-07
3.74695e-07
3.70103e-07
7.05867e-07
3.56465e-07
7.3328e-07
2.84158e-07
3.33107e-07
3.8421e-07
1.08409e-07
3.12009e-07
1.03794e-07
5.47792e-07
3.99315e-07
5.5745e-07
2.1018e-07
4.28201e-07
4.05069e-07
3.14679e-07
2.88421e-07
4.59059e-07
5.06051e-07
4.85534e-07
3.86966e-07
5.90715e-07
3.15945e-07
5.09698e-07
8.16571e-07
8.61131e-07
8.92414e-07
8.55187e-07
7.81812e-07
8.35981e-07
8.95913e-07
4.64653e-07
5.56441e-07
3.88821e-07
7.85052e-07
3.84422e-07
4.58528e-07
7.5145e-07
3.69182e-07
6.61237e-07
6.5775e-07
1.92794e-07
4.64565e-07
4.68731e-07
4.59455e-07
8.66844e-07
8.68942e-07
8.83725e-07
8.7982e-07
8.29265e-07
9.19889e-07
9.21707e-07
6.57545e-07
5.17469e-07
5.66463e-07
3.27056e-07
3.38176e-07
5.43731e-07
3.65239e-07
4.79599e-07
4.55263e-07
4.28947e-07
5.7479e-07
3.66924e-07
4.36261e-07
5.26484e-07
)
;

boundaryField
{
    inlet
    {
        type            calculated;
        value           nonuniform List<scalar> 
30
(
9.73278e-07
9.73253e-07
9.73267e-07
9.73284e-07
9.73294e-07
9.7329e-07
9.7329e-07
9.73248e-07
9.73216e-07
9.73124e-07
9.81686e-07
9.81668e-07
9.81701e-07
9.81713e-07
9.81725e-07
9.81716e-07
9.81719e-07
9.8169e-07
9.81638e-07
9.81537e-07
9.73281e-07
9.7321e-07
9.73268e-07
9.73286e-07
9.73294e-07
9.73268e-07
9.73288e-07
9.73267e-07
9.73197e-07
9.73137e-07
)
;
    }
    outlet
    {
        type            calculated;
        value           nonuniform List<scalar> 
30
(
4.36221e-07
4.36221e-07
4.36221e-07
4.36221e-07
4.36221e-07
4.36221e-07
4.36221e-07
4.36221e-07
4.36221e-07
4.36221e-07
5.53038e-07
5.53038e-07
5.53038e-07
5.53038e-07
5.53038e-07
5.53038e-07
5.53038e-07
5.53038e-07
5.53038e-07
5.53038e-07
4.36221e-07
4.36221e-07
4.36221e-07
4.36221e-07
4.36221e-07
4.36221e-07
4.36221e-07
4.36221e-07
4.36221e-07
4.36221e-07
)
;
    }
    lowerWall
    {
        type            calculated;
        value           nonuniform List<scalar> 
773
(
9.73278e-07
9.73253e-07
9.73267e-07
9.73284e-07
9.73294e-07
9.7329e-07
9.7329e-07
9.73248e-07
9.73216e-07
9.73124e-07
9.73267e-07
9.73383e-07
9.73425e-07
9.73441e-07
9.73465e-07
9.73474e-07
9.73447e-07
9.73423e-07
9.73292e-07
9.72035e-07
9.72273e-07
9.73246e-07
9.73546e-07
9.73555e-07
9.73575e-07
9.73576e-07
9.73616e-07
9.7364e-07
9.7197e-07
9.52922e-07
8.5681e-07
9.72559e-07
9.73593e-07
9.73602e-07
9.73636e-07
9.73578e-07
9.73665e-07
9.73601e-07
8.91205e-07
8.87344e-07
8.95605e-07
9.02074e-07
9.03168e-07
9.0314e-07
9.02933e-07
9.02645e-07
9.02911e-07
9.02845e-07
8.98171e-07
5.84009e-07
1.05904e-07
6.93336e-07
7.00099e-07
6.93627e-07
6.99378e-07
7.00787e-07
6.9407e-07
6.98212e-07
7.00249e-07
5.99984e-07
1.29269e-07
1.29269e-07
3.51717e-08
3.67536e-08
7.04173e-08
8.81986e-08
5.3171e-08
3.54487e-08
1.29212e-07
1.29268e-07
3.92421e-07
3.9242e-07
3.92419e-07
3.92418e-07
3.92419e-07
3.92419e-07
3.92418e-07
3.92418e-07
3.92417e-07
3.92419e-07
3.93663e-07
3.93663e-07
3.93662e-07
3.93661e-07
3.93662e-07
3.93662e-07
3.93661e-07
3.93661e-07
3.93661e-07
3.93662e-07
3.94697e-07
3.94696e-07
3.94696e-07
3.94696e-07
3.94696e-07
3.94696e-07
3.94695e-07
3.94695e-07
3.94695e-07
3.94696e-07
3.9573e-07
3.9573e-07
3.9573e-07
3.95729e-07
3.95729e-07
3.95729e-07
3.95729e-07
3.95729e-07
3.95729e-07
3.9573e-07
3.96762e-07
3.96762e-07
3.96762e-07
3.96762e-07
3.96762e-07
3.96762e-07
3.96762e-07
3.96762e-07
3.96762e-07
3.96762e-07
3.97794e-07
3.97794e-07
3.97794e-07
3.97794e-07
3.97794e-07
3.97794e-07
3.97794e-07
3.97794e-07
3.97794e-07
3.97794e-07
3.98825e-07
3.98825e-07
3.98825e-07
3.98825e-07
3.98825e-07
3.98825e-07
3.98825e-07
3.98825e-07
3.98825e-07
3.98825e-07
3.99856e-07
3.99856e-07
3.99856e-07
3.99856e-07
3.99856e-07
3.99856e-07
3.99856e-07
3.99856e-07
3.99856e-07
3.99856e-07
4.00885e-07
4.00885e-07
4.00885e-07
4.00885e-07
4.00885e-07
4.00885e-07
4.00885e-07
4.00885e-07
4.00885e-07
4.00885e-07
4.01915e-07
4.01915e-07
4.01915e-07
4.01915e-07
4.01915e-07
4.01915e-07
4.01915e-07
4.01915e-07
4.01915e-07
4.01915e-07
4.02943e-07
4.02943e-07
4.02943e-07
4.02943e-07
4.02943e-07
4.02943e-07
4.02943e-07
4.02943e-07
4.02943e-07
4.02943e-07
4.0397e-07
4.0397e-07
4.0397e-07
4.0397e-07
4.0397e-07
4.0397e-07
4.0397e-07
4.0397e-07
4.0397e-07
4.0397e-07
4.04998e-07
4.04998e-07
4.04998e-07
4.04998e-07
4.04998e-07
4.04998e-07
4.04998e-07
4.04998e-07
4.04998e-07
4.04998e-07
4.06024e-07
4.06024e-07
4.06024e-07
4.06024e-07
4.06024e-07
4.06024e-07
4.06024e-07
4.06024e-07
4.06024e-07
4.06024e-07
4.07049e-07
4.07049e-07
4.07049e-07
4.07049e-07
4.07049e-07
4.07049e-07
4.07049e-07
4.07049e-07
4.07049e-07
4.07049e-07
4.08074e-07
4.08074e-07
4.08074e-07
4.08074e-07
4.08074e-07
4.08074e-07
4.08074e-07
4.08074e-07
4.08074e-07
4.08074e-07
4.09098e-07
4.09098e-07
4.09098e-07
4.09098e-07
4.09098e-07
4.09098e-07
4.09098e-07
4.09098e-07
4.09098e-07
4.09098e-07
4.10121e-07
4.10121e-07
4.10121e-07
4.10121e-07
4.10121e-07
4.10121e-07
4.10121e-07
4.10121e-07
4.10121e-07
4.10121e-07
4.11144e-07
4.11144e-07
4.11144e-07
4.11144e-07
4.11144e-07
4.11144e-07
4.11144e-07
4.11144e-07
4.11144e-07
4.11144e-07
4.12166e-07
4.12166e-07
4.12166e-07
4.12166e-07
4.12166e-07
4.12166e-07
4.12166e-07
4.12166e-07
4.12166e-07
4.12166e-07
4.13187e-07
4.13187e-07
4.13187e-07
4.13187e-07
4.13187e-07
4.13187e-07
4.13187e-07
4.13187e-07
4.13187e-07
4.13187e-07
4.14207e-07
4.14207e-07
4.14207e-07
4.14207e-07
4.14207e-07
4.14207e-07
4.14207e-07
4.14207e-07
4.14207e-07
4.14207e-07
4.15227e-07
4.15227e-07
4.15227e-07
4.15227e-07
4.15227e-07
4.15226e-07
4.15226e-07
4.15227e-07
4.15227e-07
4.15227e-07
4.16245e-07
4.16245e-07
4.16245e-07
4.16245e-07
4.16245e-07
4.16245e-07
4.16245e-07
4.16245e-07
4.16245e-07
4.16245e-07
4.17263e-07
4.17263e-07
4.17263e-07
4.17263e-07
4.17263e-07
4.17263e-07
4.17263e-07
4.17263e-07
4.17263e-07
4.17263e-07
4.1828e-07
4.1828e-07
4.1828e-07
4.1828e-07
4.1828e-07
4.1828e-07
4.1828e-07
4.1828e-07
4.1828e-07
4.1828e-07
4.19297e-07
4.19297e-07
4.19297e-07
4.19297e-07
4.19297e-07
4.19297e-07
4.19297e-07
4.19297e-07
4.19297e-07
4.19297e-07
4.20313e-07
4.20313e-07
4.20313e-07
4.20313e-07
4.20313e-07
4.20313e-07
4.20313e-07
4.20313e-07
4.20313e-07
4.20313e-07
4.21327e-07
4.21327e-07
4.21327e-07
4.21327e-07
4.21327e-07
4.21327e-07
4.21327e-07
4.21327e-07
4.21327e-07
4.21327e-07
4.22341e-07
4.22341e-07
4.22341e-07
4.22341e-07
4.22341e-07
4.22341e-07
4.22341e-07
4.22341e-07
4.22341e-07
4.22341e-07
4.23355e-07
4.23355e-07
4.23355e-07
4.23355e-07
4.23355e-07
4.23355e-07
4.23355e-07
4.23355e-07
4.23355e-07
4.23355e-07
4.24367e-07
4.24367e-07
4.24367e-07
4.24367e-07
4.24367e-07
4.24367e-07
4.24367e-07
4.24367e-07
4.24367e-07
4.24367e-07
4.25378e-07
4.25378e-07
4.25378e-07
4.25378e-07
4.25378e-07
4.25378e-07
4.25378e-07
4.25378e-07
4.25378e-07
4.25378e-07
4.26389e-07
4.26389e-07
4.26389e-07
4.26389e-07
4.26389e-07
4.26389e-07
4.26389e-07
4.26389e-07
4.26389e-07
4.26389e-07
4.27399e-07
4.27399e-07
4.27399e-07
4.27399e-07
4.27399e-07
4.27399e-07
4.27399e-07
4.27399e-07
4.27399e-07
4.27399e-07
4.28408e-07
4.28408e-07
4.28408e-07
4.28408e-07
4.28408e-07
4.28408e-07
4.28408e-07
4.28408e-07
4.28408e-07
4.28408e-07
4.29417e-07
4.29417e-07
4.29417e-07
4.29417e-07
4.29417e-07
4.29417e-07
4.29417e-07
4.29417e-07
4.29417e-07
4.29417e-07
4.30424e-07
4.30424e-07
4.30424e-07
4.30424e-07
4.30424e-07
4.30424e-07
4.30424e-07
4.30424e-07
4.30424e-07
4.30424e-07
4.3143e-07
4.3143e-07
4.3143e-07
4.3143e-07
4.3143e-07
4.3143e-07
4.3143e-07
4.3143e-07
4.3143e-07
4.3143e-07
4.32437e-07
4.32437e-07
4.32437e-07
4.32437e-07
4.32437e-07
4.32437e-07
4.32437e-07
4.32437e-07
4.32437e-07
4.32437e-07
4.33441e-07
4.33441e-07
4.33441e-07
4.33441e-07
4.33441e-07
4.33441e-07
4.33441e-07
4.33441e-07
4.33441e-07
4.33441e-07
4.34445e-07
4.34445e-07
4.34445e-07
4.34445e-07
4.34445e-07
4.34445e-07
4.34445e-07
4.34445e-07
4.34445e-07
4.34445e-07
4.36221e-07
4.36221e-07
4.36221e-07
4.36221e-07
4.36221e-07
4.36221e-07
4.36221e-07
4.36221e-07
4.36221e-07
4.36221e-07
4.78589e-07
3.51427e-08
3.51426e-08
7.00371e-07
3.57716e-08
3.51433e-08
7.008e-07
7.7192e-08
3.72451e-08
6.93682e-07
6.9142e-07
1.13021e-07
7.00971e-07
6.94949e-07
6.91626e-07
7.00728e-07
6.93753e-07
6.94556e-07
6.93826e-07
1.13331e-07
6.89978e-07
7.00531e-07
3.72622e-08
7.78771e-08
6.93188e-07
3.51433e-08
3.57855e-08
1.04078e-07
3.51426e-08
3.5142e-08
8.6354e-07
4.37313e-07
6.92405e-07
9.03145e-07
9.01432e-07
8.12815e-07
9.03142e-07
9.03194e-07
9.03014e-07
9.02778e-07
9.02427e-07
9.02789e-07
9.02628e-07
9.02605e-07
9.02889e-07
9.03092e-07
9.0312e-07
9.0314e-07
9.02915e-07
9.03124e-07
9.02538e-07
9.0268e-07
9.02267e-07
9.02674e-07
1.98304e-07
7.44342e-07
8.99414e-07
6.76282e-07
6.72036e-07
5.98525e-07
1.1584e-07
3.72125e-08
3.63463e-08
6.97828e-07
2.34819e-07
9.41696e-08
7.00788e-07
6.99971e-07
6.95585e-07
6.99011e-07
6.99993e-07
7.00207e-07
6.88515e-07
6.87977e-07
6.97073e-07
7.00755e-07
7.00963e-07
7.00517e-07
7.00876e-07
6.94644e-07
6.93907e-07
6.8803e-07
7.00574e-07
7.003e-07
6.99195e-07
6.87344e-07
6.9334e-07
2.03596e-07
4.31226e-08
6.01086e-08
1.29269e-07
1.29658e-07
1.29658e-07
1.29213e-07
1.29658e-07
1.29658e-07
3.54337e-08
1.29566e-07
1.29566e-07
5.3959e-08
1.29566e-07
1.29566e-07
8.83854e-08
1.2957e-07
1.29568e-07
7.05114e-08
1.29568e-07
1.2957e-07
3.67696e-08
1.29566e-07
1.29566e-07
3.51745e-08
1.29566e-07
1.29566e-07
1.29268e-07
1.29657e-07
1.29657e-07
1.29269e-07
1.29658e-07
1.29657e-07
5.3021e-08
4.15137e-08
1.85742e-07
3.51423e-08
3.5091e-08
3.50984e-08
3.50861e-08
3.5087e-08
3.51426e-08
6.91773e-07
6.88727e-07
7.00103e-07
3.51568e-08
5.26459e-08
8.68494e-08
3.59334e-08
4.05757e-08
3.5148e-08
7.01008e-07
7.003e-07
7.0096e-07
5.45851e-08
6.89856e-07
6.93606e-07
1.25766e-07
3.29201e-07
4.34918e-08
6.9331e-07
6.9704e-07
7.00705e-07
4.29622e-07
7.00635e-07
7.01222e-07
6.95558e-07
6.97509e-07
1.63701e-07
7.00803e-07
6.95169e-07
6.99541e-07
6.94802e-07
7.01033e-07
7.01178e-07
7.00388e-07
7.01049e-07
6.93885e-07
7.01022e-07
6.8352e-07
7.00874e-07
6.94286e-07
7.00923e-07
7.01121e-07
7.00927e-07
7.00693e-07
6.95206e-07
7.00499e-07
7.00511e-07
7.00804e-07
1.64617e-07
6.95851e-07
6.95851e-07
7.00098e-07
7.00475e-07
4.29643e-07
6.94794e-07
6.99629e-07
6.96621e-07
4.36036e-08
3.63358e-07
1.26089e-07
6.93236e-07
6.89379e-07
5.50503e-08
9.5011e-08
2.2677e-07
6.82908e-07
3.51481e-08
4.06165e-08
3.59206e-08
8.71056e-08
5.29018e-08
3.51569e-08
3.62923e-08
3.71597e-08
1.28234e-07
3.51425e-08
3.5087e-08
3.5086e-08
3.51256e-08
3.50916e-08
3.51424e-08
3.88622e-08
3.52195e-08
3.52174e-08
7.68104e-08
3.54659e-08
3.53387e-08
8.63757e-08
3.57347e-08
3.57953e-08
4.57397e-08
3.52251e-08
3.52298e-08
6.92273e-07
6.68602e-07
6.81302e-07
4.23807e-07
4.47512e-07
5.56528e-07
3.52301e-08
3.52251e-08
4.57001e-08
3.58007e-08
3.57415e-08
8.65538e-08
3.53399e-08
3.54585e-08
7.67397e-08
3.52174e-08
3.52195e-08
3.88929e-08
3.51703e-08
3.52156e-08
3.52131e-08
3.52131e-08
3.52156e-08
3.51728e-08
3.52299e-08
3.52156e-08
3.5163e-08
3.51629e-08
3.52156e-08
3.523e-08
8.59324e-07
7.67091e-07
7.96943e-07
8.98081e-07
8.75096e-07
8.92262e-07
6.26192e-07
5.91148e-07
4.10915e-07
5.57293e-07
6.53108e-07
6.88186e-07
6.68901e-07
5.09665e-07
6.87712e-07
4.70912e-07
2.81782e-07
6.68876e-07
8.68942e-07
8.83725e-07
8.66844e-07
)
;
    }
    upperWall
    {
        type            calculated;
        value           nonuniform List<scalar> 
776
(
9.73281e-07
9.7321e-07
9.73268e-07
9.73286e-07
9.73294e-07
9.73268e-07
9.73288e-07
9.73267e-07
9.73197e-07
9.73137e-07
9.73271e-07
9.73376e-07
9.7345e-07
9.73449e-07
9.73462e-07
9.73462e-07
9.73472e-07
9.73441e-07
9.73338e-07
9.69542e-07
9.70208e-07
9.73276e-07
9.73535e-07
9.73554e-07
9.73533e-07
9.73583e-07
9.73614e-07
9.73639e-07
9.71543e-07
9.37833e-07
8.81408e-07
9.73181e-07
9.73577e-07
9.73593e-07
9.7361e-07
9.73657e-07
9.73701e-07
9.73183e-07
8.98515e-07
8.66746e-07
8.94694e-07
9.02647e-07
9.03097e-07
9.0262e-07
9.03166e-07
9.03132e-07
9.03154e-07
9.03091e-07
9.01621e-07
6.51683e-07
1.06543e-07
6.92828e-07
7.00746e-07
6.97237e-07
7.00857e-07
6.99719e-07
6.97604e-07
7.00699e-07
7.00189e-07
6.03951e-07
1.2927e-07
1.29269e-07
3.51745e-08
3.6752e-08
7.03922e-08
8.81417e-08
5.32157e-08
3.5447e-08
1.29213e-07
1.29268e-07
3.92421e-07
3.9242e-07
3.92419e-07
3.92418e-07
3.92419e-07
3.92419e-07
3.92418e-07
3.92418e-07
3.92417e-07
3.92419e-07
3.93663e-07
3.93663e-07
3.93662e-07
3.93661e-07
3.93662e-07
3.93662e-07
3.93661e-07
3.93661e-07
3.93661e-07
3.93662e-07
3.94696e-07
3.94696e-07
3.94696e-07
3.94696e-07
3.94696e-07
3.94696e-07
3.94695e-07
3.94695e-07
3.94695e-07
3.94696e-07
3.9573e-07
3.9573e-07
3.9573e-07
3.95729e-07
3.95729e-07
3.95729e-07
3.95729e-07
3.95729e-07
3.95729e-07
3.9573e-07
3.96762e-07
3.96762e-07
3.96762e-07
3.96762e-07
3.96762e-07
3.96762e-07
3.96762e-07
3.96762e-07
3.96762e-07
3.96762e-07
3.97794e-07
3.97794e-07
3.97794e-07
3.97794e-07
3.97794e-07
3.97794e-07
3.97794e-07
3.97794e-07
3.97794e-07
3.97794e-07
3.98825e-07
3.98825e-07
3.98825e-07
3.98825e-07
3.98825e-07
3.98825e-07
3.98825e-07
3.98825e-07
3.98825e-07
3.98825e-07
3.99856e-07
3.99856e-07
3.99856e-07
3.99856e-07
3.99856e-07
3.99856e-07
3.99856e-07
3.99856e-07
3.99856e-07
3.99856e-07
4.00885e-07
4.00885e-07
4.00885e-07
4.00885e-07
4.00885e-07
4.00885e-07
4.00885e-07
4.00885e-07
4.00885e-07
4.00885e-07
4.01915e-07
4.01915e-07
4.01915e-07
4.01915e-07
4.01915e-07
4.01915e-07
4.01915e-07
4.01915e-07
4.01915e-07
4.01915e-07
4.02943e-07
4.02943e-07
4.02943e-07
4.02943e-07
4.02943e-07
4.02943e-07
4.02943e-07
4.02943e-07
4.02943e-07
4.02943e-07
4.0397e-07
4.0397e-07
4.0397e-07
4.0397e-07
4.0397e-07
4.0397e-07
4.0397e-07
4.0397e-07
4.0397e-07
4.0397e-07
4.04998e-07
4.04998e-07
4.04998e-07
4.04998e-07
4.04998e-07
4.04998e-07
4.04998e-07
4.04998e-07
4.04998e-07
4.04998e-07
4.06024e-07
4.06024e-07
4.06024e-07
4.06024e-07
4.06024e-07
4.06024e-07
4.06024e-07
4.06024e-07
4.06024e-07
4.06024e-07
4.07049e-07
4.07049e-07
4.07049e-07
4.07049e-07
4.07049e-07
4.07049e-07
4.07049e-07
4.07049e-07
4.07049e-07
4.07049e-07
4.08074e-07
4.08074e-07
4.08074e-07
4.08074e-07
4.08074e-07
4.08074e-07
4.08074e-07
4.08074e-07
4.08074e-07
4.08074e-07
4.09098e-07
4.09098e-07
4.09098e-07
4.09098e-07
4.09098e-07
4.09098e-07
4.09098e-07
4.09098e-07
4.09098e-07
4.09098e-07
4.10121e-07
4.10121e-07
4.10121e-07
4.10121e-07
4.10121e-07
4.10121e-07
4.10121e-07
4.10121e-07
4.10121e-07
4.10121e-07
4.11144e-07
4.11144e-07
4.11144e-07
4.11144e-07
4.11144e-07
4.11144e-07
4.11144e-07
4.11144e-07
4.11144e-07
4.11144e-07
4.12166e-07
4.12166e-07
4.12166e-07
4.12166e-07
4.12166e-07
4.12166e-07
4.12166e-07
4.12166e-07
4.12166e-07
4.12166e-07
4.13187e-07
4.13187e-07
4.13187e-07
4.13187e-07
4.13187e-07
4.13187e-07
4.13187e-07
4.13187e-07
4.13187e-07
4.13187e-07
4.14207e-07
4.14207e-07
4.14207e-07
4.14207e-07
4.14207e-07
4.14207e-07
4.14207e-07
4.14207e-07
4.14207e-07
4.14207e-07
4.15226e-07
4.15227e-07
4.15226e-07
4.15226e-07
4.15226e-07
4.15226e-07
4.15226e-07
4.15226e-07
4.15226e-07
4.15226e-07
4.16245e-07
4.16245e-07
4.16245e-07
4.16245e-07
4.16245e-07
4.16245e-07
4.16245e-07
4.16245e-07
4.16245e-07
4.16245e-07
4.17263e-07
4.17263e-07
4.17263e-07
4.17263e-07
4.17263e-07
4.17263e-07
4.17263e-07
4.17263e-07
4.17263e-07
4.17263e-07
4.1828e-07
4.1828e-07
4.1828e-07
4.1828e-07
4.1828e-07
4.1828e-07
4.1828e-07
4.1828e-07
4.1828e-07
4.1828e-07
4.19297e-07
4.19297e-07
4.19297e-07
4.19297e-07
4.19297e-07
4.19297e-07
4.19297e-07
4.19297e-07
4.19297e-07
4.19297e-07
4.20313e-07
4.20313e-07
4.20313e-07
4.20313e-07
4.20313e-07
4.20313e-07
4.20313e-07
4.20313e-07
4.20313e-07
4.20313e-07
4.21327e-07
4.21327e-07
4.21327e-07
4.21327e-07
4.21327e-07
4.21327e-07
4.21327e-07
4.21327e-07
4.21327e-07
4.21327e-07
4.22341e-07
4.22341e-07
4.22341e-07
4.22341e-07
4.22341e-07
4.22341e-07
4.22341e-07
4.22341e-07
4.22341e-07
4.22341e-07
4.23355e-07
4.23355e-07
4.23355e-07
4.23355e-07
4.23355e-07
4.23355e-07
4.23355e-07
4.23355e-07
4.23355e-07
4.23355e-07
4.24367e-07
4.24367e-07
4.24367e-07
4.24367e-07
4.24367e-07
4.24367e-07
4.24367e-07
4.24367e-07
4.24367e-07
4.24367e-07
4.25378e-07
4.25378e-07
4.25378e-07
4.25378e-07
4.25378e-07
4.25378e-07
4.25378e-07
4.25378e-07
4.25378e-07
4.25378e-07
4.26389e-07
4.26389e-07
4.26389e-07
4.26389e-07
4.26389e-07
4.26389e-07
4.26389e-07
4.26389e-07
4.26389e-07
4.26389e-07
4.27399e-07
4.27399e-07
4.27399e-07
4.27399e-07
4.27399e-07
4.27399e-07
4.27399e-07
4.27399e-07
4.27399e-07
4.27399e-07
4.28408e-07
4.28408e-07
4.28408e-07
4.28408e-07
4.28408e-07
4.28408e-07
4.28408e-07
4.28408e-07
4.28408e-07
4.28408e-07
4.29417e-07
4.29417e-07
4.29417e-07
4.29417e-07
4.29417e-07
4.29417e-07
4.29417e-07
4.29417e-07
4.29417e-07
4.29417e-07
4.30424e-07
4.30424e-07
4.30424e-07
4.30424e-07
4.30424e-07
4.30424e-07
4.30424e-07
4.30424e-07
4.30424e-07
4.30424e-07
4.3143e-07
4.3143e-07
4.3143e-07
4.3143e-07
4.3143e-07
4.3143e-07
4.3143e-07
4.3143e-07
4.3143e-07
4.3143e-07
4.32437e-07
4.32437e-07
4.32437e-07
4.32437e-07
4.32436e-07
4.32437e-07
4.32437e-07
4.32437e-07
4.32437e-07
4.32437e-07
4.33441e-07
4.33441e-07
4.33441e-07
4.33441e-07
4.33441e-07
4.33441e-07
4.33441e-07
4.33441e-07
4.33441e-07
4.33441e-07
4.34445e-07
4.34445e-07
4.34445e-07
4.34445e-07
4.34445e-07
4.34445e-07
4.34445e-07
4.34445e-07
4.34445e-07
4.34445e-07
4.36221e-07
4.36221e-07
4.36221e-07
4.36221e-07
4.36221e-07
4.36221e-07
4.36221e-07
4.36221e-07
4.36221e-07
4.36221e-07
3.51425e-08
3.51424e-08
6.54198e-07
3.51432e-08
3.57717e-08
7.00337e-07
3.72417e-08
7.71559e-08
7.00494e-07
1.12891e-07
6.90215e-07
6.96006e-07
6.92374e-07
6.94518e-07
6.9945e-07
6.94838e-07
6.9381e-07
7.00058e-07
6.89788e-07
1.13237e-07
6.98188e-07
7.78652e-08
3.72653e-08
7.00292e-07
3.57874e-08
3.51432e-08
6.87278e-07
3.5142e-08
3.51425e-08
1.05036e-07
6.9058e-07
6.67763e-07
8.85717e-07
8.75542e-07
8.99229e-07
9.02891e-07
9.02617e-07
9.03257e-07
9.03092e-07
9.03224e-07
9.03176e-07
9.03127e-07
9.03146e-07
9.02624e-07
9.03124e-07
9.0209e-07
9.03204e-07
9.03049e-07
9.03169e-07
9.03163e-07
9.03184e-07
9.03093e-07
9.01947e-07
9.02635e-07
8.9829e-07
8.94453e-07
8.91529e-07
8.7956e-07
6.89044e-07
2.85747e-07
3.63421e-08
3.72633e-08
1.21111e-07
9.46567e-08
2.35569e-07
6.97899e-07
6.95245e-07
6.995e-07
7.00633e-07
7.00507e-07
7.00963e-07
7.00852e-07
7.00885e-07
6.9552e-07
6.97358e-07
7.00971e-07
7.00795e-07
7.00598e-07
6.97489e-07
7.01099e-07
7.00641e-07
7.00693e-07
7.00378e-07
6.97361e-07
6.92891e-07
6.88266e-07
6.9971e-07
5.44334e-08
4.10315e-08
2.71645e-07
1.29658e-07
1.29658e-07
1.29269e-07
1.29658e-07
1.29658e-07
1.29213e-07
1.29567e-07
1.29566e-07
3.54333e-08
1.29566e-07
1.29566e-07
5.39036e-08
1.29568e-07
1.29571e-07
8.83154e-08
1.29571e-07
1.29568e-07
7.04814e-08
1.29566e-07
1.29566e-07
3.67692e-08
1.29566e-07
1.29566e-07
3.51716e-08
1.29657e-07
1.29657e-07
1.29268e-07
1.29657e-07
1.29658e-07
1.29269e-07
3.51425e-08
3.50872e-08
3.50861e-08
3.50992e-08
3.50908e-08
3.51423e-08
2.59844e-07
4.12203e-08
5.26433e-08
3.5148e-08
4.05853e-08
3.59348e-08
8.67994e-08
5.26292e-08
3.51567e-08
7.00307e-07
6.89124e-07
6.94037e-07
4.35533e-08
3.25859e-07
1.25738e-07
6.92839e-07
6.87888e-07
5.4507e-08
6.99421e-07
7.00396e-07
7.00856e-07
1.63667e-07
6.97074e-07
6.95911e-07
7.00333e-07
7.00652e-07
4.2857e-07
6.99975e-07
7.00422e-07
6.93822e-07
6.9373e-07
7.00491e-07
7.01053e-07
7.00845e-07
7.01136e-07
6.94835e-07
7.00912e-07
7.00473e-07
7.00893e-07
6.94669e-07
7.00859e-07
7.01075e-07
7.00983e-07
7.00901e-07
6.9474e-07
6.96493e-07
6.91986e-07
7.00135e-07
4.28512e-07
7.00594e-07
7.00511e-07
6.97109e-07
6.96551e-07
1.64608e-07
6.98052e-07
7.00365e-07
7.00558e-07
5.50236e-08
6.89982e-07
6.93279e-07
1.25943e-07
3.63007e-07
4.36182e-08
7.00585e-07
6.99904e-07
6.94042e-07
3.51567e-08
5.28158e-08
8.7057e-08
3.59574e-08
4.04914e-08
3.51478e-08
6.93549e-07
2.31074e-07
9.19968e-08
3.51423e-08
3.50907e-08
3.50983e-08
3.50861e-08
3.50869e-08
3.51424e-08
1.30905e-07
3.70321e-08
3.62851e-08
3.52175e-08
3.52196e-08
3.88572e-08
3.53385e-08
3.54647e-08
7.67838e-08
3.57951e-08
3.57343e-08
8.63294e-08
3.52299e-08
3.52252e-08
4.57308e-08
5.02512e-07
2.51106e-07
6.50833e-07
6.76179e-07
6.76675e-07
6.92184e-07
4.56827e-08
3.52251e-08
3.52302e-08
8.6491e-08
3.57412e-08
3.58007e-08
7.67025e-08
3.54581e-08
3.53396e-08
3.88875e-08
3.52196e-08
3.52175e-08
3.52132e-08
3.52157e-08
3.51702e-08
3.51727e-08
3.52157e-08
3.52132e-08
3.51629e-08
3.52157e-08
3.523e-08
3.52301e-08
3.52157e-08
3.51629e-08
6.60434e-07
3.82531e-07
8.63971e-07
8.87713e-07
8.9602e-07
9.00808e-07
8.99571e-07
8.96223e-07
8.99282e-07
6.61442e-07
6.66198e-07
6.26077e-07
5.231e-07
2.49533e-07
5.8943e-07
6.67515e-07
4.7537e-07
1.39909e-07
5.03847e-07
6.44007e-07
4.17281e-07
6.61482e-07
6.59494e-07
6.04587e-07
)
;
    }
    frontWall
    {
        type            cyclic;
    }
    backWall
    {
        type            cyclic;
    }
}


// ************************************************************************* //
