/*--------------------------------*- C++ -*----------------------------------*\
| =========                 |                                                 |
| \\      /  F ield         | OpenFOAM: The Open Source CFD Toolbox           |
|  \\    /   O peration     | Version:  5.0                                   |
|   \\  /    A nd           | Web:      www.OpenFOAM.org                      |
|    \\/     M anipulation  |                                                 |
\*---------------------------------------------------------------------------*/
FoamFile
{
    version     2.0;
    format      ascii;
    class       volScalarField;
    location    "0.1";
    object      p_rgh;
}
// * * * * * * * * * * * * * * * * * * * * * * * * * * * * * * * * * * * * * //

dimensions      [1 -1 -2 0 0 0 0];

internalField   nonuniform List<scalar> 
4398
(
101.475
101.406
101.414
101.37
101.357
103.32
98.4264
94.6845
92.1719
89.6059
87.0504
84.4965
81.9517
79.4427
76.9452
74.4746
72.0178
69.5943
67.1933
64.8165
62.4466
60.0986
57.7816
55.4578
53.1587
50.8821
48.6118
46.3374
44.0828
41.86
39.6359
37.4356
35.2681
33.0894
30.9012
28.747
26.6507
24.5932
22.5445
20.4953
18.4673
16.4872
14.5115
12.5069
10.531
8.60524
6.68185
4.75197
2.84344
0.948179
101.499
101.422
101.392
101.295
101.29
101.198
98.0673
94.7296
92.2085
89.6438
87.0828
84.5182
81.9882
79.4623
76.9514
74.4831
72.0196
69.6096
67.2174
64.8212
62.4524
60.1004
57.7724
55.4559
53.1473
50.8639
48.5989
46.34
44.0929
41.8652
39.6527
37.4474
35.2545
33.0733
30.901
28.7543
26.648
24.5774
22.5268
20.487
18.4714
16.4918
14.5226
12.5276
10.5407
8.59635
6.67222
4.75241
2.84785
0.954493
101.497
101.424
101.32
101.263
101.22
100.983
98.413
94.9045
92.3266
89.7047
87.1303
84.5351
81.985
79.4688
76.9623
74.4772
72.0351
69.6319
67.2308
64.8212
62.4563
60.1051
57.7659
55.4531
53.15
50.8589
48.5872
46.3462
44.1045
41.867
39.6589
37.4488
35.2398
33.0609
30.9113
28.7707
26.6473
24.5678
22.5187
20.4853
18.4769
16.4894
14.5102
12.5294
10.5518
8.59371
6.66416
4.75241
2.85177
0.951488
101.463
101.405
101.356
101.321
101.289
101.051
99.7922
95.0959
92.4381
89.7916
87.1764
84.5903
82.0056
79.4721
76.9701
74.4873
72.0394
69.6289
67.2153
64.8269
62.4671
60.1063
57.7694
55.4552
53.1631
50.8694
48.5864
46.3518
44.1015
41.8612
39.6546
37.4404
35.2309
33.0561
30.9178
28.7872
26.6538
24.5635
22.521
20.4973
18.4859
16.4765
14.4807
12.5148
10.5545
8.59312
6.66229
4.75977
2.85435
0.946974
101.468
101.397
101.39
101.316
101.439
101.522
100.113
95.1431
92.518
89.8217
87.194
84.5821
82.0151
79.4749
76.9822
74.4984
72.0537
69.6223
67.1964
64.8286
62.472
60.1074
57.7768
55.4589
53.1735
50.8872
48.5998
46.3496
44.0891
41.8517
39.6474
37.4312
35.2298
33.0564
30.918
28.7952
26.6633
24.5699
22.5334
20.5105
18.4848
16.4612
14.4581
12.4954
10.5492
8.59419
6.66796
4.77162
2.86066
0.941618
101.517
101.406
101.375
101.296
101.103
101.159
100.894
95.1467
92.5049
89.8162
87.1867
84.5758
82.0132
79.4774
76.9887
74.5054
72.0609
69.6236
67.1897
64.8161
62.4662
60.1018
57.7776
55.4712
53.1806
50.9018
48.611
46.3437
44.0823
41.8461
39.6431
37.4255
35.2232
33.0589
30.9231
28.7993
26.6781
24.5826
22.5333
20.5083
18.4754
16.4425
14.4441
12.4908
10.5473
8.60229
6.6904
4.79992
2.87811
0.947673
101.485
101.412
101.358
101.325
101.356
101.613
99.0516
95.0675
92.4137
89.7464
87.155
84.5617
82.0191
79.4844
76.9822
74.5016
72.0573
69.6273
67.1901
64.8025
62.4502
60.099
57.7738
55.4795
53.1879
50.9027
48.6172
46.3404
44.0839
41.85
39.639
37.4161
35.2178
33.0667
30.9278
28.7941
26.6816
24.592
22.5324
20.498
18.467
16.437
14.4435
12.4905
10.5436
8.60718
6.70432
4.8105
2.88811
0.955496
101.475
101.43
101.361
101.273
101.364
101.334
99.2299
94.867
92.2971
89.6805
87.1026
84.53
81.9992
79.4706
76.9522
74.4988
72.0459
69.6151
67.203
64.7956
62.4402
60.0936
57.772
55.48
53.1873
50.9044
48.6177
46.3364
44.0903
41.8555
39.6292
37.4116
35.2234
33.0756
30.9279
28.7842
26.6833
24.6085
22.5382
20.489
18.4627
16.4499
14.4574
12.4948
10.545
8.6085
6.6984
4.79837
2.88944
0.967578
101.542
101.447
101.375
101.318
101.223
100.97
98.3844
94.7052
92.2006
89.6325
87.0728
84.5172
81.9802
79.4555
76.9557
74.4928
72.0217
69.5962
67.1937
64.8035
62.4339
60.0884
57.7771
55.4737
53.1842
50.9063
48.615
46.3366
44.0892
41.8564
39.6212
37.4124
35.2395
33.083
30.9238
28.7794
26.6852
24.6155
22.5464
20.4919
18.4632
16.4601
14.4738
12.4966
10.5399
8.60811
6.68813
4.77257
2.8725
0.963015
101.518
101.451
101.422
101.356
101.376
101.334
98.0538
94.6709
92.1759
89.5995
87.0512
84.4912
81.9444
79.4432
76.948
74.4756
72.0176
69.5916
67.1864
64.8072
62.4376
60.0931
57.7809
55.4633
53.1734
50.9002
48.615
46.3372
44.0852
41.8566
39.6223
37.421
35.2578
33.088
30.91
28.762
26.6676
24.6075
22.5492
20.4954
18.466
16.4747
14.4895
12.4977
10.532
8.61017
6.68626
4.75792
2.8473
0.952049
101.474
101.406
101.412
101.368
101.301
102.96
98.4279
94.6851
92.1718
89.6058
87.0506
84.4965
81.9517
79.4428
76.9452
74.4744
72.0178
69.5944
67.1934
64.8163
62.4465
60.0987
57.7816
55.4577
53.1588
50.8822
48.6118
46.3374
44.0826
41.8599
39.6359
37.4357
35.2681
33.0893
30.9011
28.7469
26.6504
24.5933
22.5447
20.4952
18.4673
16.4873
14.5115
12.5065
10.531
8.6055
6.68182
4.75188
2.84349
0.948184
101.498
101.421
101.393
101.292
101.285
101.342
98.0672
94.7299
92.2084
89.6437
87.0828
84.5181
81.9881
79.4623
76.9512
74.4829
72.0197
69.6097
67.2173
64.821
62.4527
60.1005
57.7722
55.4559
53.1473
50.8638
48.5988
46.3399
44.0929
41.8652
39.6527
37.4475
35.2543
33.0732
30.901
28.7543
26.6479
24.5774
22.5266
20.4868
18.4715
16.492
14.5226
12.5273
10.5407
8.59631
6.67217
4.75244
2.84785
0.954503
101.497
101.424
101.317
101.262
101.139
100.969
98.4098
94.9053
92.3269
89.7047
87.1303
84.5351
81.9849
79.4688
76.9623
74.4773
72.0353
69.6318
67.2309
64.8212
62.456
60.105
57.7658
55.4534
53.1499
50.8588
48.5873
46.3462
44.1047
41.8671
39.6588
37.4488
35.2397
33.0609
30.9113
28.7707
26.6472
24.5677
22.5187
20.4852
18.4769
16.4895
14.5102
12.5293
10.5519
8.59369
6.66406
4.75252
2.85178
0.951505
101.464
101.405
101.356
101.32
101.285
101.059
99.8004
95.0971
92.4381
89.7915
87.1764
84.5903
82.0056
79.472
76.97
74.4872
72.0393
69.6288
67.2153
64.8267
62.4673
60.1063
57.7694
55.4555
53.1629
50.8693
48.5864
46.3518
44.1016
41.8611
39.6545
37.4404
35.2309
33.0561
30.918
28.7868
26.6537
24.5635
22.521
20.4975
18.4861
16.4765
14.4805
12.5149
10.5547
8.593
6.66222
4.76002
2.85434
0.946968
101.468
101.396
101.39
101.315
101.388
101.594
100.107
95.1433
92.5178
89.8222
87.194
84.5818
82.0148
79.4748
76.9822
74.4983
72.0536
69.6222
67.1962
64.8287
62.4721
60.1071
57.7766
55.4589
53.1734
50.8872
48.5999
46.3496
44.0889
41.8515
39.6475
37.4312
35.2298
33.0563
30.918
28.7952
26.6635
24.5699
22.5334
20.5106
18.4847
16.4609
14.4581
12.4958
10.5491
8.59406
6.66816
4.77145
2.8605
0.94159
101.516
101.406
101.376
101.294
101.076
101.321
100.636
95.1469
92.5047
89.8165
87.1867
84.5758
82.0131
79.4774
76.9887
74.5054
72.0609
69.6236
67.1896
64.8159
62.4662
60.1016
57.7775
55.4719
53.1806
50.9019
48.6109
46.3436
44.0822
41.8462
39.6432
37.4253
35.2231
33.0595
30.9232
28.7992
26.6782
24.5825
22.5333
20.5085
18.4754
16.4423
14.4441
12.4909
10.5469
8.60227
6.69099
4.80012
2.87783
0.94766
101.485
101.409
101.357
101.324
101.315
101.432
99.5373
95.0672
92.4137
89.7464
87.155
84.5616
82.0191
79.4844
76.9822
74.5016
72.0573
69.6271
67.1899
64.8026
62.4503
60.099
57.7738
55.4795
53.1878
50.9026
48.6171
46.3405
44.0839
41.85
39.639
37.416
35.2178
33.0667
30.9277
28.7939
26.6816
24.592
22.5323
20.4981
18.4669
16.4368
14.4435
12.4905
10.5435
8.60716
6.70466
4.81045
2.88799
0.955597
101.475
101.431
101.362
101.272
101.311
101.338
99.2111
94.8675
92.2972
89.6804
87.1025
84.5299
81.9991
79.4706
76.9521
74.4988
72.046
69.615
67.2032
64.7955
62.4401
60.0937
57.772
55.48
53.1873
50.9044
48.6177
46.3364
44.0901
41.8557
39.6291
37.4115
35.2234
33.0756
30.9279
28.7843
26.6833
24.6084
22.5383
20.4889
18.4626
16.4499
14.4574
12.4948
10.545
8.60848
6.69835
4.7983
2.88942
0.967676
101.543
101.444
101.372
101.321
101.224
100.947
98.3848
94.7058
92.2007
89.6325
87.0727
84.5172
81.9802
79.4555
76.9556
74.4928
72.022
69.596
67.1938
64.8035
62.4338
60.0884
57.7771
55.4736
53.1842
50.9064
48.6149
46.3367
44.0894
41.8564
39.6211
37.4123
35.2397
33.083
30.9236
28.7795
26.6852
24.6154
22.5464
20.4918
18.4633
16.4602
14.4737
12.4965
10.5399
8.60818
6.68803
4.77257
2.87267
0.963071
101.517
101.451
101.423
101.358
101.352
101.086
98.0544
94.6715
92.1759
89.5995
87.0513
84.4911
81.9441
79.4434
76.9479
74.4759
72.0175
69.5915
67.1865
64.8071
62.4376
60.093
57.7809
55.4633
53.1735
50.9004
48.6149
46.3372
44.0853
41.8565
39.6222
37.421
35.2579
33.0879
30.9099
28.7621
26.6677
24.6074
22.5492
20.4954
18.466
16.4747
14.4894
12.4976
10.532
8.61021
6.68616
4.75776
2.84737
0.952035
101.474
101.405
101.413
101.371
101.325
102.886
98.4271
94.6849
92.1717
89.6057
87.0506
84.4965
81.9511
79.4428
76.9452
74.474
72.0178
69.5944
67.1934
64.816
62.4462
60.0987
57.7814
55.4576
53.1587
50.8822
48.6117
46.3373
44.0824
41.8598
39.6359
37.4357
35.268
33.0891
30.901
28.7469
26.6502
24.5933
22.5448
20.495
18.4672
16.4873
14.5115
12.5063
10.531
8.60563
6.68172
4.75173
2.84349
0.94814
101.499
101.419
101.393
101.294
101.274
101.303
98.0667
94.7291
92.2084
89.6436
87.0827
84.5181
81.988
79.4622
76.951
74.4825
72.02
69.6101
67.2171
64.8208
62.4528
60.1006
57.7719
55.4557
53.1473
50.8637
48.5986
46.3399
44.0928
41.8653
39.6527
37.4475
35.2542
33.0731
30.901
28.7542
26.6478
24.5777
22.5265
20.4866
18.4714
16.4921
14.5224
12.527
10.5407
8.59632
6.67201
4.75244
2.84787
0.954435
101.497
101.424
101.318
101.261
101.153
100.932
98.4114
94.9054
92.3272
89.7046
87.1302
84.535
81.9849
79.4687
76.9622
74.4774
72.0355
69.6315
67.2306
64.8211
62.4558
60.1049
57.7657
55.4533
53.1499
50.8587
48.5874
46.3461
44.1048
41.8671
39.6587
37.4486
35.2395
33.061
30.9113
28.7706
26.6472
24.5677
22.5185
20.4851
18.4769
16.4895
14.51
12.5292
10.552
8.5936
6.66396
4.75259
2.85175
0.95144
101.462
101.406
101.356
101.322
101.275
101.06
99.8072
95.0975
92.438
89.7912
87.1763
84.5902
82.0055
79.472
76.97
74.4872
72.0392
69.6284
67.2152
64.8266
62.4673
60.1063
57.7694
55.4556
53.1626
50.869
48.5864
46.3517
44.1016
41.8609
39.6544
37.4404
35.2308
33.0562
30.918
28.7866
26.6534
24.5634
22.5211
20.4976
18.486
16.4765
14.4803
12.5149
10.5547
8.59283
6.66211
4.75997
2.85427
0.946851
101.468
101.395
101.391
101.316
101.379
101.415
100.109
95.1423
92.5179
89.8222
87.194
84.5815
82.0145
79.4747
76.9822
74.4983
72.0535
69.6222
67.196
64.8287
62.4721
60.1068
57.7763
55.459
53.1732
50.8871
48.6
46.3495
44.0887
41.8513
39.6475
37.4311
35.2288
33.0563
30.9179
28.7951
26.6635
24.5699
22.5333
20.5107
18.4845
16.4607
14.4582
12.4962
10.549
8.59387
6.66829
4.77165
2.86033
0.941504
101.516
101.407
101.375
101.295
101.099
101.378
100.617
95.1461
92.5048
89.8165
87.1864
84.5756
82.0133
79.4773
76.9886
74.5053
72.0608
69.6237
67.1895
64.8158
62.4661
60.1013
57.7773
55.4719
53.1806
50.9018
48.6108
46.3434
44.0821
41.8463
39.6432
37.4251
35.2229
33.0594
30.9232
28.7991
26.6781
24.5824
22.5332
20.5085
18.4752
16.4419
14.4445
12.491
10.5465
8.6022
6.69147
4.80006
2.87751
0.947578
101.486
101.408
101.356
101.324
101.323
101.44
99.027
95.0661
92.4138
89.7463
87.1549
84.5615
82.019
79.4843
76.9821
74.5015
72.0572
69.6268
67.1899
64.8026
62.4503
60.0989
57.7738
55.4794
53.1876
50.9025
48.6169
46.3405
44.0838
41.85
39.6389
37.4158
35.2177
33.0667
30.9275
28.7936
26.6815
24.592
22.5322
20.4981
18.4668
16.4367
14.4437
12.4905
10.5434
8.6071
6.70486
4.81029
2.88781
0.95553
101.474
101.432
101.362
101.273
101.335
101.135
99.2251
94.8672
92.2974
89.6803
87.1024
84.5298
81.999
79.4705
76.952
74.4987
72.0461
69.6148
67.2033
64.7955
62.4399
60.0936
57.7719
55.4799
53.1872
50.9044
48.6176
46.336
44.0899
41.8557
39.6289
37.4113
35.2233
33.0755
30.9278
28.7843
26.6833
24.6082
22.5382
20.4889
18.4624
16.4498
14.4575
12.4948
10.5449
8.60841
6.69831
4.79825
2.88936
0.967643
101.542
101.442
101.371
101.318
101.223
100.913
98.3847
94.7054
92.201
89.6324
87.0726
84.5171
81.9801
79.4554
76.9555
74.4929
72.022
69.5958
67.1939
64.8035
62.4337
60.0884
57.777
55.4735
53.184
50.9064
48.6147
46.3359
44.0896
41.8564
39.621
37.4122
35.2398
33.083
30.9234
28.7795
26.6853
24.6151
22.5463
20.4916
18.4634
16.4602
14.4736
12.4963
10.5398
8.60821
6.68792
4.77252
2.87273
0.96286
101.516
101.452
101.424
101.356
101.376
101.027
98.054
94.6712
92.1758
89.5994
87.0513
84.4909
81.9437
79.4433
76.9478
74.4761
72.0173
69.5914
67.1864
64.8071
62.4374
60.0929
57.7808
55.4632
53.1735
50.9004
48.6147
46.3372
44.0855
41.8564
39.6221
37.421
35.258
33.0876
30.9094
28.7621
26.6678
24.6074
22.5491
20.4954
18.4659
16.4746
14.4893
12.4975
10.532
8.61019
6.68597
4.75754
2.8475
0.951962
99.4992
101.308
99.1386
103.174
99.5072
101.203
99.1467
99.4435
101.009
99.4928
101.297
99.4538
101.007
99.4825
100.01
100.824
101.108
100.98
100.009
101.079
100.861
101.913
101.478
101.088
101.103
101.848
101.522
101.265
101.351
101.343
101.098
101.597
101.455
101.356
101.552
101.194
101.483
101.185
101.356
101.154
101.463
101.233
101.155
101.407
101.494
101.447
101.25
101.258
101.42
101.197
101.054
99.9832
101.704
100.732
101.043
99.9991
99.5244
101.146
99.2243
100.943
99.5317
101.141
99.2335
99.101
103.344
99.4307
101.199
99.1103
103.136
99.4391
99.5043
101.216
99.1448
102.987
99.5054
101.241
99.147
99.4534
101.002
99.493
101.309
99.4487
100.989
99.4819
100.025
101.059
100.832
100.954
100.01
101.375
100.786
101.756
101.59
101.023
101.266
101.932
101.511
101.519
101.382
101.122
101.153
101.564
101.263
101.199
101.318
101.156
101.968
101.268
101.377
101.182
101.787
101.498
101.571
101.273
101.275
101.726
101.217
101.337
101.405
100.658
101.047
99.9942
101.189
100.789
101.028
100.016
99.515
101.104
99.2326
101.007
99.5198
101.06
99.2362
99.1079
102.997
99.4363
101.048
99.1046
102.965
99.437
99.5085
101.287
99.1497
103.386
99.5003
101.411
99.1424
99.4495
100.98
99.4795
101.257
99.4382
100.952
99.4857
100.014
101.221
100.732
100.927
100.004
101.245
100.892
101.757
101.669
101.097
101.097
102.019
101.493
101.655
101.403
101.22
101.465
101.502
101.496
101.203
101.029
101.11
101.911
101.321
101.651
101.123
101.608
101.213
101.145
101.343
101.283
101.426
101.207
101.336
101.587
100.754
101.043
100.001
101.213
100.915
101.012
99.9956
99.5158
101.027
99.237
100.903
99.5291
100.983
99.2271
99.1059
103.179
99.4399
101.027
99.0968
103.629
99.4315
101.238
101.317
101.194
101.327
101.307
101.322
101.192
101.525
101.486
103.147
103.364
102.697
101.534
101.484
96.7766
98.0729
96.6549
98.4273
96.7855
98.0734
96.6638
101.18
101.259
101.129
101.284
101.175
101.245
101.131
100.803
101.643
101.158
101.209
101.716
101.154
100.792
96.6631
98.4313
96.7808
98.0675
96.6715
98.4308
96.7896
101.127
101.208
101.128
101.313
101.152
101.201
101.123
101.129
101.191
101.236
100.985
101.206
101.23
101.13
96.8927
99.2838
96.9594
98.4114
96.9014
99.2631
96.9686
101.229
101.369
101.322
101.286
101.219
101.351
101.321
101.097
100.748
100.996
101.041
100.776
101.03
101.127
97.4721
98.8895
97.0499
99.822
97.4825
98.952
97.059
101.32
101.193
101.19
101.399
101.355
101.191
101.174
101.181
101.378
101.5
101.635
101.44
101.491
101.31
97.4335
100.671
97.7601
100.138
97.4426
101.072
97.7696
101.21
101.229
101.24
101.08
101.241
101.225
101.233
101.155
101.266
101.455
101.363
101.196
101.365
101.247
97.7058
99.9025
97.5
100.686
97.7154
99.8685
97.5095
101.365
101.332
101.274
101.406
101.366
101.321
101.272
101.476
101.637
101.65
101.447
101.559
101.678
101.601
97.0907
99.9069
97.5327
99.0414
97.1
99.9221
97.5432
101.24
101.256
101.096
101.324
101.276
101.265
101.084
101.136
101.231
101.266
101.621
101.229
101.232
101.137
96.9811
98.3651
96.8746
99.2136
96.9904
98.3644
96.8834
101.041
101.203
101.033
101.219
101.046
101.196
101.029
100.937
101.017
101.088
100.948
101.04
101.09
100.988
96.7553
98.0011
96.6097
98.3844
96.764
98.0014
96.6184
101.018
101.37
101.241
101.36
101.009
101.364
101.187
100.037
101.072
101.218
101.112
100.743
101.266
100.125
96.6249
98.4006
96.7455
98.0545
96.6337
98.4012
96.7543
101.272
101.311
101.19
101.388
101.243
101.311
101.194
101.53
101.481
103.008
103.128
101.547
102.665
101.471
96.7845
98.0736
96.6627
98.4279
96.7844
98.0736
96.6625
101.159
101.237
101.124
101.348
101.161
101.248
101.126
100.943
101.506
101.158
101.373
100.901
101.697
101.16
96.6701
98.4303
96.7884
98.067
96.6695
98.4293
96.7881
101.102
101.202
101.124
101.158
101.104
101.203
101.131
101.116
101.255
101.188
100.944
101.12
101.274
101.107
96.9002
99.2636
96.9676
98.4092
96.8999
99.2641
96.9677
101.218
101.346
101.321
101.323
101.219
101.349
101.32
101.051
100.757
101.115
101.044
101.083
100.755
101.264
97.4823
98.9038
97.0578
99.8252
97.4821
99.156
97.0578
101.289
101.188
101.172
101.501
101.286
101.185
101.179
101.221
101.356
101.115
101.375
101.265
101.334
101.18
97.4408
100.62
97.7675
99.8601
97.4406
100.796
97.7673
101.183
101.245
101.235
101.168
101.187
101.241
101.243
101.192
101.111
101.192
101.294
101.26
101.115
101.18
97.7144
99.9158
97.5088
100.711
97.7147
100.221
97.5092
101.342
101.314
101.275
101.293
101.341
101.316
101.272
101.328
101.367
101.535
101.555
101.445
101.452
101.303
97.0985
99.9155
97.5433
99.03
97.0982
99.9209
97.5433
101.209
101.253
101.084
101.562
101.206
101.242
101.085
101.127
101.231
101.062
101.188
101.13
101.231
101.185
96.9892
98.364
96.8822
99.226
96.9892
98.3646
96.8819
101.039
101.198
101.048
101.345
101.041
101.2
101.059
101.099
101.117
101.111
101.009
101.066
101.087
101.115
96.7628
98.0015
96.6174
98.3853
96.7626
98.0012
96.6173
101.007
101.361
101.252
101.616
101.003
101.357
101.118
100.129
100.633
101.304
101.003
100.069
100.575
101.406
96.6326
98.4018
96.7531
98.0542
96.6324
98.4017
96.7531
101.166
101.328
101.195
101.311
101.316
101.324
101.199
101.527
101.481
102.946
103.194
101.547
102.74
101.48
96.7852
98.0734
96.6633
98.4266
96.7762
98.0731
96.6541
101.161
101.244
101.127
101.294
101.165
101.245
101.147
100.941
101.474
101.173
101.295
100.97
101.779
101.172
96.6699
98.4285
96.7893
98.0667
96.6606
98.4285
96.7809
101.112
101.205
101.135
101.212
101.104
101.208
101.138
101.117
101.301
101.115
100.922
101.116
101.27
101.081
96.9009
99.265
96.9688
98.4136
96.8923
99.2802
96.9598
101.218
101.346
101.319
101.282
101.223
101.346
101.335
101.105
100.728
101.412
101.071
101.096
100.753
101.585
97.4821
98.9688
97.0592
99.7884
97.4719
99.52
97.0501
101.301
101.182
101.183
101.367
101.294
101.184
101.212
101.477
101.327
101.289
101.41
101.285
101.479
101.746
97.4425
100.915
97.7691
100.251
97.4335
100.578
97.7595
101.19
101.241
101.244
101.098
101.202
101.236
101.247
101.196
101.049
101.153
101.772
101.341
101.232
101.15
97.7163
99.934
97.5103
100.789
97.7069
99.93
97.5004
101.341
101.317
101.272
101.355
101.345
101.317
101.287
101.337
101.342
101.421
101.439
101.338
101.341
102.268
97.099
99.9208
97.5434
99.087
97.0894
99.9173
97.5331
101.204
101.246
101.084
101.327
101.201
101.242
101.099
101.12
101.233
101.154
101.155
101.119
101.233
101.257
96.9904
98.3658
96.8827
99.25
96.9813
98.367
96.8738
101.044
101.201
101.072
101.218
101.047
101.209
101.075
101.047
101.171
101.126
100.896
101.142
101.102
101.128
96.7635
98.0008
96.6184
98.3849
96.7547
98.0004
96.6097
101.004
101.353
101.329
101.39
101.013
101.353
101.389
100.009
100.582
101.239
101.014
99.9832
100.612
101.26
96.6332
98.4009
96.7542
98.0537
96.6242
98.4003
96.7455
100.629
100.647
99.5082
99.5097
99.5189
100.629
100.646
100.188
101.264
100.993
101.187
101.316
100.792
100.215
99.6994
99.1219
99.7524
99.1482
99.1304
99.742
99.7019
101.527
103.275
101.481
102.927
102.592
101.545
101.473
100.63
99.5057
100.645
99.5185
99.5158
100.632
100.647
100.21
101.192
101.331
100.744
101.37
100.768
100.188
99.6977
99.1447
99.1281
99.7417
99.1267
99.7418
99.6956
98.8985
100.132
98.6092
99.4526
100.135
98.6152
98.9532
101.137
101.214
101.087
101.007
101.214
101.103
101.231
99.9079
99.1334
101.183
99.5138
99.1384
101.387
100.069
100.848
101.237
101.407
101.153
101.573
101.155
100.89
98.8949
99.4509
100.135
98.6119
100.135
98.6112
98.8785
101.146
101.006
101.225
101.163
101.219
101.115
101.146
99.8599
99.4942
99.138
101.029
99.1368
101.237
99.8376
100.979
101.258
98.9339
100.04
101.461
98.8884
100.988
101.113
101.103
101.097
100.815
101.089
101.1
101.134
101.056
99.8096
101.337
100.807
99.5537
101.167
101.338
101.128
100.993
101.236
101.266
101.205
101.234
101.123
101.034
100.03
101.024
98.9023
101.36
98.8767
101.063
101.106
101.257
101.077
101.104
101.078
101.105
101.105
101.603
100.695
99.6212
101.249
100.169
101.098
101.177
101.271
101.564
101.873
101.298
101.567
102.03
101.25
101.371
101.305
101.346
101.316
101.349
101.279
101.272
101.206
101.251
101.23
101.226
101.198
101.229
101.206
101.102
101.038
100.831
101.117
100.787
101.124
101.101
101.286
101.297
101.575
101.588
101.558
101.946
101.336
101.234
101.642
101.087
101.273
101.373
101.238
101.147
101.207
101.339
101.302
101.228
101.257
101.228
101.207
101.271
101.267
101.322
101.427
101.267
101.583
101.27
101.183
101.295
101.246
101.352
101.221
101.165
101.308
101.186
101.276
101.166
101.223
101.623
101.17
101.181
101.183
101.552
101.479
101.49
101.286
101.485
101.191
101.271
101.744
101.268
101.206
101.265
101.46
101.271
101.206
101.403
101.268
101.113
101.245
101.149
101.207
101.186
101.456
101.265
101.171
101.21
101.17
101.191
101.162
101.135
101.195
101.111
101.141
101.092
101.161
101.212
101.393
101.4
101.455
101.498
101.315
101.495
101.185
101.17
101.291
101.257
101.128
101.294
101.184
101.152
100.807
101.317
101.647
101.173
101.367
101.387
101.163
101.101
101.148
101.52
101.146
101.136
101.162
101.218
101.488
101.102
101.311
101.267
101.34
101.235
101.186
101.264
101.157
101.296
101.132
101.294
101.187
101.323
101.276
101.201
101.2
101.275
101.171
101.322
101.194
101.297
101.269
101.302
101.294
101.268
101.189
101.326
101.567
101.258
101.625
101.734
101.273
101.305
101.429
101.444
101.365
101.688
101.599
101.667
101.406
101.328
101.144
101.275
101.25
101.274
101.214
101.331
101.202
101.316
101.278
101.276
101.414
101.284
101.214
101.346
101.639
101.281
101.302
101.684
101.291
101.359
101.157
101.422
99.7092
100.968
101.318
99.5963
101.231
101.199
101.424
101.071
101.036
101.282
101.082
101.197
101.043
98.9029
101.099
100.012
98.8967
101.273
101.017
101.135
101.408
101.233
101.273
101.231
101.24
101.135
101.158
100.78
101.164
99.5761
101.185
99.5918
101.168
101.202
101.138
101.356
101.099
101.828
101.097
101.201
101.045
100.013
98.827
100.888
98.8662
101.159
101.087
99.7611
101.174
99.0381
99.5549
101.413
99.0435
99.8582
100.604
101.022
100.952
101.156
101.019
101.205
100.632
98.9875
98.6011
100.014
99.2342
98.6076
100.033
99.0777
100.971
100.946
101.073
101.106
101.057
101.098
101.002
99.7685
99.5574
100.985
99.0424
101.36
99.0407
99.7191
100.673
101.163
101.023
100.827
101.018
101.176
100.719
98.9697
99.2316
98.6034
100.015
98.6041
100.037
98.9783
99.5822
99.7229
99.0128
99.111
99.714
99.0218
99.5836
101.496
103.136
101.346
103.307
102.613
101.526
101.336
100.638
99.4579
100.526
99.4412
99.4681
100.637
100.525
99.9709
101.076
100.804
101.234
100.676
101.27
99.995
99.5814
99.1079
99.712
99.0204
99.7142
99.0184
99.5814
101.519
103.476
103.337
101.326
102.634
101.582
101.316
100.641
99.4374
99.4669
100.525
99.4644
100.644
100.525
100.632
100.644
99.5166
99.5052
100.632
99.5176
100.642
100.15
101.34
100.751
101.217
100.169
101.381
100.741
99.6932
99.1256
99.7391
99.1462
99.6946
99.1261
99.7362
101.527
103.599
101.47
102.845
102.51
101.544
101.455
100.632
99.5055
100.643
99.5168
99.5179
100.632
100.643
100.154
101.274
101.317
100.753
101.356
100.81
100.146
99.6918
99.1474
99.1254
99.7375
99.1256
99.734
99.6932
98.9135
100.145
98.6096
99.453
98.904
100.153
98.6108
101.18
101.232
101.206
100.998
101.159
101.236
101.184
99.837
99.1357
100.976
99.4945
99.8366
99.1342
101.201
100.973
101.338
101.364
101.168
101.589
101.162
101.003
99.0144
99.4512
100.142
98.6152
100.148
98.6129
98.9639
101.216
100.991
101.242
101.228
101.24
101.22
101.29
99.8915
99.488
99.1349
100.965
99.1348
101.207
99.9223
100.996
101.014
98.8542
100.06
101.047
101.317
98.8716
101.1
101.07
101.104
101.064
101.104
101.067
101.102
101.148
99.5632
101.276
101.366
101.115
99.5358
101.692
101.115
100.944
101.292
101.094
101.274
101.154
101.116
100.997
100.048
100.926
98.8667
101.277
98.8765
101.002
101.1
101.204
100.748
101.098
101.101
101.102
101.093
101.289
100.862
99.7077
101.219
99.7696
101.311
101.278
101.38
101.649
101.583
101.201
101.349
101.583
101.848
101.24
101.086
101.451
101.214
101.127
101.163
101.262
101.217
101.3
101.228
101.337
101.214
101.272
101.23
101.063
100.84
100.728
101.289
100.748
101.257
101.084
101.378
101.252
101.58
101.562
101.569
101.833
101.377
101.223
101.099
101.145
101.334
101.164
101.346
101.139
101.224
102.063
101.231
101.235
101.267
101.23
101.232
101.273
101.269
101.249
101.326
101.273
101.272
101.234
101.199
101.306
101.159
101.185
101.196
101.354
101.156
101.196
101.335
101.173
101.075
101.192
101.375
101.176
101.208
101.314
101.319
101.079
101.331
101.185
101.067
101.275
101.513
101.277
101.309
101.275
101.334
101.275
101.191
101.198
101.212
101.173
101.223
101.165
101.199
101.2
101.2
101.373
101.182
101.265
101.18
101.202
101.158
101.151
101.255
101.487
101.161
101.151
101.271
101.283
101.127
101.328
101.46
101.207
101.179
101.298
101.193
101.182
101.296
101.345
101.19
101.184
101.295
101.218
101.29
101.128
101.153
101.114
101.151
101.199
101.158
101.19
101.149
101.191
101.153
101.194
101.159
101.183
101.485
101.131
101.291
101.17
101.287
101.175
101.194
101.523
101.18
101.292
101.421
101.296
101.195
101.341
101.278
101.241
101.524
101.337
101.284
101.219
101.196
101.273
101.282
101.327
101.211
101.263
101.304
101.415
101.222
101.309
101.41
101.382
101.558
101.273
101.442
101.213
101.343
101.177
101.416
101.302
101.333
101.347
101.491
101.291
101.245
101.286
101.22
101.357
101.178
102.04
101.283
101.321
101.284
101.423
101.202
101.428
101.554
101.283
101.277
101.607
101.298
101.404
101.205
101.138
99.6478
101.111
101.203
101.512
99.5864
101.196
101.316
101.103
101.026
101.202
101.293
101.113
101.132
98.9869
100.84
100.025
101.15
98.8928
101.108
101.123
101.172
101.234
101.164
101.233
101.161
101.122
101.319
100.823
101.242
99.7081
101.303
99.8185
101.291
101.19
101.028
101.23
101.118
101.365
101.126
101.185
101.073
100.04
98.8849
100.925
98.9408
101.123
101.109
99.7796
101.106
99.0417
99.5294
99.7948
101.261
99.0425
100.775
101.027
100.764
101.099
100.756
101.031
101.044
98.9365
98.598
100.004
99.2354
98.9445
98.595
100.021
101.192
100.955
101.107
101.124
101.108
101.118
101.134
99.9411
99.5322
101.033
99.0432
101.242
99.0422
99.7944
100.78
101.085
101.038
100.891
101.035
101.103
100.832
98.941
99.2377
98.5907
100.014
98.5923
100.031
98.9527
99.5784
99.7143
99.0186
99.1074
99.5795
99.714
99.0201
101.523
103.292
101.335
103.153
101.58
102.601
101.333
100.645
99.4647
100.525
99.4369
100.644
99.4657
100.525
99.9591
101.015
100.623
101.269
100.576
101.338
99.9899
99.5784
99.106
99.7156
99.0203
99.7148
99.0205
99.5809
101.527
103.197
103.209
101.313
102.518
101.587
101.317
100.646
99.4371
99.4651
100.524
99.4655
100.648
100.524
100.632
100.645
99.5187
99.5068
100.633
99.5158
100.647
100.21
101.28
100.83
101.207
100.167
101.275
100.755
99.6983
99.1281
99.7375
99.1481
99.6959
99.1275
99.7408
101.517
103.138
101.481
103.004
102.707
101.525
101.476
100.63
99.5108
100.648
99.508
99.5189
100.63
100.648
100.233
101.199
101.226
101.083
101.257
100.781
100.336
99.7019
99.1517
99.123
99.7524
99.1316
99.7441
99.705
98.9624
100.146
98.622
99.4465
99.0308
100.155
98.6245
101.299
101.24
101.247
100.959
101.413
101.238
101.225
99.945
99.1351
101.092
99.4993
100.107
99.1342
101.266
100.882
101.274
101.597
101.178
101.804
101.174
100.958
98.9506
99.4482
100.14
98.6272
100.152
98.6306
99.0591
101.323
100.949
101.233
101.202
101.233
101.219
101.472
100.037
99.5133
99.1339
101.191
99.1363
101.35
100.263
100.988
100.955
98.8934
100.038
100.997
101.355
98.891
101.089
101.285
101.093
101.215
101.091
101.166
101.086
101.084
99.742
101.172
100.825
101.282
99.4525
101.231
101.115
100.923
101.244
101.058
101.258
101.115
101.117
100.952
100.038
101.202
98.8855
101.453
98.8904
100.955
101.09
101.359
101.163
101.077
101.184
101.081
101.093
101.229
100.744
99.7783
101.211
99.5811
101.15
101.361
101.364
101.599
101.589
101.341
101.376
101.568
101.951
101.258
101.877
101.325
101.388
101.375
101.091
101.316
101.243
101.218
101.238
101.378
101.238
101.181
101.241
101.087
101.061
100.695
100.944
100.717
100.975
101.079
101.363
101.411
101.542
101.889
101.571
102.027
101.356
101.272
101.386
101.222
101.377
101.302
101.541
101.266
101.246
101.516
101.16
101.246
101.156
101.243
101.245
101.275
101.279
101.238
101.29
101.276
101.279
101.345
101.12
101.431
101.162
101.154
101.179
101.361
101.163
101.21
101.665
101.184
101.18
101.208
101.627
101.184
101.489
101.553
101.429
101.517
101.336
101.333
101.493
101.274
101.252
101.281
101.375
101.281
101.726
101.27
101.279
101.178
101.217
101.215
101.193
101.183
101.591
101.217
101.17
101.048
101.183
101.187
101.184
101.219
101.16
101.146
101.243
101.224
101.159
101.141
101.095
101.06
101.828
101.322
101.392
101.188
101.207
101.325
101.194
101.123
101.291
101.41
101.195
101.185
101.286
101.241
101.563
101.132
101.186
101.16
101.283
101.163
101.161
101.116
101.133
101.188
101.136
101.067
101.162
101.332
101.389
101.152
101.531
101.255
101.346
101.593
101.192
101.288
101.287
101.282
101.216
101.284
101.191
101.365
101.295
101.262
101.116
101.36
101.295
101.217
101.215
101.405
101.302
101.331
101.22
101.258
101.294
101.378
101.274
101.268
101.571
101.386
101.641
101.263
101.36
101.429
101.351
101.22
101.344
101.238
101.33
101.364
101.092
101.301
101.179
101.299
101.154
101.364
101.215
101.332
101.307
101.287
101.354
101.289
101.213
101.385
101.722
101.599
101.232
101.726
101.247
101.371
101.195
101.213
99.8788
100.961
101.352
101.347
99.6293
101.181
101.342
101.088
101.014
101.181
101.032
101.077
101.045
99.0376
100.908
100.013
101.103
98.9323
101.21
101.119
101.282
101.229
101.198
101.231
101.279
101.123
101.188
100.755
101.219
99.9094
101.14
99.6878
101.363
101.18
101.005
101.08
101.037
101.024
101.054
101.179
100.988
100.019
99.0322
101.17
98.9569
101.274
101.028
99.7334
101.225
99.0453
99.5359
99.8577
101.333
99.0424
100.863
101.039
100.78
101.009
100.886
101.045
101.018
98.9945
98.5934
99.9959
99.2333
99.0481
98.5928
100.001
101.027
100.899
101.083
101.126
101.067
101.126
101.215
99.7793
99.5497
101.285
99.0406
101.375
99.0457
100.038
100.807
100.994
101.052
101.082
101.046
101.191
100.833
98.9803
99.2357
98.5931
100.003
98.5975
100.006
99.0424
99.5835
99.7175
99.0228
99.1037
99.5827
99.7157
99.0214
101.547
103.463
101.32
103.139
101.599
102.8
101.328
100.647
99.468
100.525
99.4381
100.649
99.4668
100.528
100.012
100.983
100.69
101.239
100.603
101.257
100.115
99.5849
99.1065
99.7239
99.0157
99.7171
99.0248
99.5846
101.524
103.137
103.433
101.343
102.832
101.546
101.331
100.643
99.442
99.4612
100.531
99.4711
100.643
100.53
100.139
99.7865
100.158
98.9542
98.8115
98.8247
98.9421
100.37
100.167
100.638
98.5251
98.3317
98.3321
98.5081
100.798
100.7
100.573
98.7043
98.7627
98.7674
98.6955
98.9866
99.0566
98.9136
98.1123
98.2062
98.2126
98.1057
100.148
99.7821
100.174
98.9515
98.8208
98.9505
98.82
100.224
99.953
100.162
98.4997
98.3284
98.5021
98.3236
100.691
101.069
100.74
98.6912
98.7588
98.6934
98.7515
98.8618
99.338
98.8556
98.1039
98.2043
98.1044
98.2075
100.141
99.7757
100.159
98.9493
98.8235
98.9525
98.818
100.165
99.9122
100.323
98.5061
98.3233
98.5056
98.3267
100.734
100.791
100.561
98.6943
98.7608
98.6875
98.7557
99.0265
98.9445
98.9437
98.1082
98.206
98.1082
98.2011
101.4
101.346
101.384
101.083
101.234
101.079
101.236
101.244
101.192
101.242
101.212
101.169
101.108
101.303
101.446
101.359
101.37
101.106
101.238
101.125
101.237
101.193
101.235
101.237
101.217
101.34
102.299
101.209
98.9199
98.9785
98.8224
98.1042
98.2152
98.2215
98.0966
99.8059
100.139
100.158
98.9498
98.8244
98.8213
98.9529
99.196
98.8852
98.8049
98.1003
98.2202
98.2164
98.1004
100.787
100.797
101.154
98.7646
98.792
98.8053
98.7349
100.593
100.141
100.505
98.5039
98.3313
98.3191
98.5058
101.039
100.638
100.633
98.7467
98.8123
98.7947
98.7484
100.313
99.9259
100.209
98.5201
98.3643
98.3744
98.5165
100.64
101.06
100.581
98.6935
98.7645
98.7615
98.6852
99.9452
100.204
100.178
98.5157
98.3638
98.3599
98.5116
100.126
99.924
100.146
98.8637
98.8964
98.9096
98.8523
99.037
98.927
98.9054
98.1083
98.2086
98.2085
98.1079
99.9315
100.123
100.146
98.8583
98.9083
98.9063
98.8607
101.216
101.014
101.214
101.318
101.162
101.136
101.508
101.099
101.345
101.118
101.335
101.389
101.535
101.391
101.013
101.216
101.217
101.318
101.142
101.152
101.484
101.574
101.125
101.14
101.299
101.403
101.253
101.416
101.347
101.25
101.329
101.189
101.245
101.147
101.249
101.229
101.191
101.228
101.218
100.97
101.241
101.2
101.782
101.293
101.33
101.225
101.261
101.233
101.255
101.193
101.23
101.23
101.236
101.006
101.22
101.212
98.7748
98.9569
98.8225
98.0973
98.2183
98.0971
98.2177
99.8002
100.148
100.173
98.9512
98.8221
98.8211
98.9501
100.039
98.7825
98.7719
98.0978
98.219
98.2146
98.0986
100.751
100.48
100.788
98.7259
98.7963
98.7262
98.7898
100.269
100.296
100.332
98.4918
98.319
98.3188
98.4954
100.677
100.796
100.612
98.7391
98.7839
98.779
98.7396
100.24
100.014
100.223
98.5102
98.3566
98.5122
98.3647
100.681
100.638
100.636
98.6928
98.7612
98.76
98.6921
100.151
100.16
100.537
98.5034
98.365
98.3743
98.514
100.129
99.9177
100.164
98.8603
98.904
98.8585
98.904
99.4532
98.886
98.8858
98.104
98.2035
98.2035
98.1045
99.9207
100.14
100.171
98.8608
98.903
98.9039
98.8594
101.214
101.005
101.211
101.243
101.183
101.242
101.143
101.115
101.384
101.107
101.215
101.4
101.229
101.4
101.002
101.212
101.214
101.226
101.262
101.568
101.17
101.45
101.103
101.112
101.311
101.388
101.143
101.41
101.282
101.213
101.289
101.251
101.267
101.268
101.267
101.232
101.197
101.228
101.233
101.586
101.317
101.309
101.24
101.255
101.285
101.251
101.275
101.244
101.272
101.196
101.226
101.224
101.599
101.373
101.313
101.437
98.7838
99.0669
98.7891
98.1018
98.2211
98.1021
98.2187
99.7732
100.142
100.159
98.9535
98.8094
98.8207
98.9411
99.3815
98.8562
98.8047
98.1056
98.2165
98.2195
98.0995
101.097
100.656
101.143
98.7341
98.8097
98.7541
98.7971
99.9181
100.413
100.734
98.5285
98.3325
98.3352
98.5066
100.666
100.53
100.627
98.7429
98.7927
98.8058
98.7395
100.16
100.137
100.231
98.5192
98.3698
98.5211
98.3638
100.697
100.812
100.577
98.7008
98.7653
98.7658
98.696
99.9603
100.447
100.32
98.5185
98.3688
98.3734
98.5165
100.126
99.9314
100.146
98.8585
98.9064
98.8615
98.9039
98.9411
99.0272
98.9537
98.1124
98.2028
98.2078
98.1065
99.9342
100.13
100.147
98.8635
98.8956
98.9077
98.852
101.21
101.008
101.21
101.2
101.256
101.469
101.241
101.093
101.234
101.145
101.073
101.381
101.112
101.372
101.011
101.209
101.206
101.185
101.182
101.168
101.333
101.228
101.126
101.144
101.059
101.362
101.018
101.366
98.7704
99.2097
98.7757
98.2721
98.5795
98.2754
98.5818
98.7788
99.2268
98.7822
98.2483
98.581
98.2566
98.5764
98.6851
99.2551
98.6828
98.2158
98.5735
98.2181
98.5757
99.2658
98.6859
98.6838
98.2154
98.5729
98.5748
98.2126
99.2204
98.7743
98.7779
98.2679
98.5806
98.5817
98.2609
98.7812
99.2206
98.7844
98.2772
98.5699
98.5821
98.2655
98.6967
99.2772
98.6876
98.2193
98.5663
98.5774
98.2104
99.2758
98.6832
98.6817
98.2171
98.5754
98.575
98.2184
99.2249
98.768
98.7828
98.2766
98.5803
98.5788
98.2802
98.6847
99.2654
98.6845
98.2106
98.5732
98.2134
98.5708
99.2681
98.6929
98.6907
98.2124
98.5636
98.5751
98.2034
99.238
98.7952
98.7868
98.2479
98.5656
98.5771
98.2354
)
;

boundaryField
{
    inlet
    {
        type            fixedFluxPressure;
        gradient        nonuniform List<scalar> 
30
(
-0.273827
-0.342549
-0.278532
0.257559
-0.111569
-0.875533
-0.687199
-0.666237
0.788354
-1.17135
-0.171234
-0.0789341
-0.306601
-2.21318
-0.152697
-0.0422593
-0.0552689
-0.528714
-2.10192
0.0134499
-0.972314
-2.09966
0.227218
0.239579
0.0425385
-1.36806
0.21511
0.00195776
-0.390055
0.0476163
)
;
        value           nonuniform List<scalar> 
30
(
101.474
101.499
101.496
101.464
101.468
101.515
101.483
101.474
101.544
101.516
101.474
101.498
101.497
101.459
101.468
101.516
101.485
101.474
101.539
101.517
101.472
101.494
101.497
101.463
101.468
101.514
101.486
101.474
101.541
101.516
)
;
    }
    outlet
    {
        type            fixedValue;
        value           uniform 0;
    }
    lowerWall
    {
        type            fixedFluxPressure;
        gradient        uniform 0;
        value           nonuniform List<scalar> 
752
(
101.475
101.499
101.497
101.463
101.468
101.517
101.485
101.475
101.542
101.518
101.406
101.422
101.424
101.405
101.397
101.406
101.412
101.43
101.447
101.451
101.414
101.392
101.32
101.356
101.39
101.375
101.358
101.361
101.375
101.422
101.37
101.295
101.263
101.321
101.316
101.296
101.325
101.273
101.318
101.356
101.357
101.29
101.22
101.289
101.439
101.103
101.356
101.364
101.223
101.376
103.32
101.198
100.983
101.051
101.522
101.159
101.613
101.334
100.97
101.334
98.4264
98.0673
98.413
99.7922
100.113
100.894
99.0516
99.2299
98.3844
98.0538
94.6845
94.7296
94.9045
95.0959
95.1431
95.1467
95.0675
94.867
94.7052
94.6709
92.1719
92.2085
92.3266
92.4381
92.518
92.5049
92.4137
92.2971
92.2006
92.1759
89.6059
89.6438
89.7047
89.7916
89.8217
89.8162
89.7464
89.6805
89.6325
89.5995
87.0504
87.0828
87.1303
87.1764
87.194
87.1867
87.155
87.1026
87.0728
87.0512
84.4965
84.5182
84.5351
84.5903
84.5821
84.5758
84.5617
84.53
84.5172
84.4912
81.9517
81.9882
81.985
82.0056
82.0151
82.0132
82.0191
81.9992
81.9802
81.9444
79.4427
79.4623
79.4688
79.4721
79.4749
79.4774
79.4844
79.4706
79.4555
79.4432
76.9452
76.9514
76.9623
76.9701
76.9822
76.9887
76.9822
76.9522
76.9557
76.948
74.4746
74.4831
74.4772
74.4873
74.4984
74.5054
74.5016
74.4988
74.4928
74.4756
72.0178
72.0196
72.0351
72.0394
72.0537
72.0609
72.0573
72.0459
72.0217
72.0176
69.5943
69.6096
69.6319
69.6289
69.6223
69.6236
69.6273
69.6151
69.5962
69.5916
67.1933
67.2174
67.2308
67.2153
67.1964
67.1897
67.1901
67.203
67.1937
67.1864
64.8165
64.8212
64.8212
64.8269
64.8286
64.8161
64.8025
64.7956
64.8035
64.8072
62.4466
62.4524
62.4563
62.4671
62.472
62.4662
62.4502
62.4402
62.4339
62.4376
60.0986
60.1004
60.1051
60.1063
60.1074
60.1018
60.099
60.0936
60.0884
60.0931
57.7816
57.7724
57.7659
57.7694
57.7768
57.7776
57.7738
57.772
57.7771
57.7809
55.4578
55.4559
55.4531
55.4552
55.4589
55.4712
55.4795
55.48
55.4737
55.4633
53.1587
53.1473
53.15
53.1631
53.1735
53.1806
53.1879
53.1873
53.1842
53.1734
50.8821
50.8639
50.8589
50.8694
50.8872
50.9018
50.9027
50.9044
50.9063
50.9002
48.6118
48.5989
48.5872
48.5864
48.5998
48.611
48.6172
48.6177
48.615
48.615
46.3374
46.34
46.3462
46.3518
46.3496
46.3437
46.3404
46.3364
46.3366
46.3372
44.0828
44.0929
44.1045
44.1015
44.0891
44.0823
44.0839
44.0903
44.0892
44.0852
41.86
41.8652
41.867
41.8612
41.8517
41.8461
41.85
41.8555
41.8564
41.8566
39.6359
39.6527
39.6589
39.6546
39.6474
39.6431
39.639
39.6292
39.6212
39.6223
37.4356
37.4474
37.4488
37.4404
37.4312
37.4255
37.4161
37.4116
37.4124
37.421
35.2681
35.2545
35.2398
35.2309
35.2298
35.2232
35.2178
35.2234
35.2395
35.2578
33.0894
33.0733
33.0609
33.0561
33.0564
33.0589
33.0667
33.0756
33.083
33.088
30.9012
30.901
30.9113
30.9178
30.918
30.9231
30.9278
30.9279
30.9238
30.91
28.747
28.7543
28.7707
28.7872
28.7952
28.7993
28.7941
28.7842
28.7794
28.762
26.6507
26.648
26.6473
26.6538
26.6633
26.6781
26.6816
26.6833
26.6852
26.6676
24.5932
24.5774
24.5678
24.5635
24.5699
24.5826
24.592
24.6085
24.6155
24.6075
22.5445
22.5268
22.5187
22.521
22.5334
22.5333
22.5324
22.5382
22.5464
22.5492
20.4953
20.487
20.4853
20.4973
20.5105
20.5083
20.498
20.489
20.4919
20.4954
18.4673
18.4714
18.4769
18.4859
18.4848
18.4754
18.467
18.4627
18.4632
18.466
16.4872
16.4918
16.4894
16.4765
16.4612
16.4425
16.437
16.4499
16.4601
16.4747
14.5115
14.5226
14.5102
14.4807
14.4581
14.4441
14.4435
14.4574
14.4738
14.4895
12.5069
12.5276
12.5294
12.5148
12.4954
12.4908
12.4905
12.4948
12.4966
12.4977
10.531
10.5407
10.5518
10.5545
10.5492
10.5473
10.5436
10.545
10.5399
10.532
8.60524
8.59635
8.59371
8.59312
8.59419
8.60229
8.60718
8.6085
8.60811
8.61017
6.68185
6.67222
6.66416
6.66229
6.66796
6.6904
6.70432
6.6984
6.68813
6.68626
4.75197
4.75241
4.75241
4.75977
4.77162
4.79992
4.8105
4.79837
4.77257
4.75792
2.84344
2.84785
2.85177
2.85435
2.86066
2.87811
2.88811
2.88944
2.8725
2.8473
0.948179
0.954493
0.951488
0.946974
0.941618
0.947673
0.955496
0.967578
0.963015
0.952049
101.308
99.1386
99.4992
101.009
99.4928
99.4435
100.824
101.108
100.01
101.478
101.088
101.913
101.343
101.098
101.351
101.483
101.185
101.194
101.407
101.494
101.155
101.054
99.9832
101.197
101.146
99.2243
99.5244
103.344
99.4307
99.101
101.317
101.194
101.238
101.259
101.129
101.18
101.208
101.128
101.127
101.369
101.322
101.229
101.193
101.19
101.32
101.229
101.24
101.21
101.332
101.274
101.365
101.256
101.096
101.24
101.203
101.033
101.041
101.37
101.241
101.018
103.147
101.534
101.486
101.158
100.792
101.643
101.236
101.13
101.191
100.996
101.127
100.748
101.5
101.31
101.378
101.455
101.247
101.266
101.65
101.601
101.637
101.266
101.137
101.231
101.088
100.988
101.017
101.218
100.125
101.072
98.0729
96.6549
96.7766
98.4313
96.7808
96.6631
99.2838
96.9594
96.8927
98.8895
97.0499
97.4721
100.671
97.7601
97.4335
99.9025
97.5
97.7058
99.9069
97.5327
97.0907
98.3651
96.8746
96.9811
98.0011
96.6097
96.7553
98.4006
96.7455
96.6249
100.993
100.215
101.264
99.1219
99.7019
99.7524
100.647
100.629
99.5082
101.087
101.231
101.214
99.1334
100.069
101.183
100.132
98.9532
98.6092
101.097
101.134
101.103
99.8096
101.338
101.337
101.258
100.988
98.9339
101.346
101.272
101.305
101.251
101.206
101.23
101.564
101.25
101.873
101.246
101.308
101.295
101.276
101.181
101.166
101.267
101.27
101.322
101.4
101.495
101.393
101.17
101.184
101.291
101.135
101.161
101.195
101.269
101.189
101.297
101.567
101.305
101.258
101.276
101.322
101.201
101.071
101.197
101.424
98.9029
101.017
101.099
101.422
101.231
99.7092
100.952
100.632
101.022
98.6011
99.0777
100.014
101.174
99.8582
99.0381
101.346
101.526
103.136
99.4579
100.637
100.526
99.7229
99.5836
99.0128
100.139
98.9421
98.8115
100.37
98.5081
98.3317
100.798
98.6955
98.7627
98.9866
98.1057
98.2062
101.244
101.303
101.169
101.234
101.079
101.4
101.099
101.535
101.389
101.162
101.508
101.216
98.2152
98.0966
98.9199
98.792
98.7349
100.787
98.3643
98.5165
100.313
98.8964
98.8523
100.126
98.7812
98.2655
98.5699
98.5663
98.2104
98.6967
)
;
    }
    upperWall
    {
        type            fixedFluxPressure;
        gradient        uniform 0;
        value           nonuniform List<scalar> 
752
(
101.474
101.499
101.497
101.462
101.468
101.516
101.486
101.474
101.542
101.516
101.405
101.419
101.424
101.406
101.395
101.407
101.408
101.432
101.442
101.452
101.413
101.393
101.318
101.356
101.391
101.375
101.356
101.362
101.371
101.424
101.371
101.294
101.261
101.322
101.316
101.295
101.324
101.273
101.318
101.356
101.311
101.294
101.212
101.282
101.367
101.098
101.355
101.327
101.218
101.39
103.386
101.257
100.927
101.097
101.502
101.651
101.426
101.213
100.903
101.027
98.4266
98.0667
98.4136
99.7884
100.251
100.789
99.087
99.25
98.3849
98.0537
94.6849
94.7291
94.9054
95.0975
95.1423
95.1461
95.0661
94.8672
94.7054
94.6712
92.1717
92.2084
92.3272
92.438
92.5179
92.5048
92.4138
92.2974
92.201
92.1758
89.6057
89.6436
89.7046
89.7912
89.8222
89.8165
89.7463
89.6803
89.6324
89.5994
87.0506
87.0827
87.1302
87.1763
87.194
87.1864
87.1549
87.1024
87.0726
87.0513
84.4965
84.5181
84.535
84.5902
84.5815
84.5756
84.5615
84.5298
84.5171
84.4909
81.9511
81.988
81.9849
82.0055
82.0145
82.0133
82.019
81.999
81.9801
81.9437
79.4428
79.4622
79.4687
79.472
79.4747
79.4773
79.4843
79.4705
79.4554
79.4433
76.9452
76.951
76.9622
76.97
76.9822
76.9886
76.9821
76.952
76.9555
76.9478
74.474
74.4825
74.4774
74.4872
74.4983
74.5053
74.5015
74.4987
74.4929
74.4761
72.0178
72.02
72.0355
72.0392
72.0535
72.0608
72.0572
72.0461
72.022
72.0173
69.5944
69.6101
69.6315
69.6284
69.6222
69.6237
69.6268
69.6148
69.5958
69.5914
67.1934
67.2171
67.2306
67.2152
67.196
67.1895
67.1899
67.2033
67.1939
67.1864
64.816
64.8208
64.8211
64.8266
64.8287
64.8158
64.8026
64.7955
64.8035
64.8071
62.4462
62.4528
62.4558
62.4673
62.4721
62.4661
62.4503
62.4399
62.4337
62.4374
60.0987
60.1006
60.1049
60.1063
60.1068
60.1013
60.0989
60.0936
60.0884
60.0929
57.7814
57.7719
57.7657
57.7694
57.7763
57.7773
57.7738
57.7719
57.777
57.7808
55.4576
55.4557
55.4533
55.4556
55.459
55.4719
55.4794
55.4799
55.4735
55.4632
53.1587
53.1473
53.1499
53.1626
53.1732
53.1806
53.1876
53.1872
53.184
53.1735
50.8822
50.8637
50.8587
50.869
50.8871
50.9018
50.9025
50.9044
50.9064
50.9004
48.6117
48.5986
48.5874
48.5864
48.6
48.6108
48.6169
48.6176
48.6147
48.6147
46.3373
46.3399
46.3461
46.3517
46.3495
46.3434
46.3405
46.336
46.3359
46.3372
44.0824
44.0928
44.1048
44.1016
44.0887
44.0821
44.0838
44.0899
44.0896
44.0855
41.8598
41.8653
41.8671
41.8609
41.8513
41.8463
41.85
41.8557
41.8564
41.8564
39.6359
39.6527
39.6587
39.6544
39.6475
39.6432
39.6389
39.6289
39.621
39.6221
37.4357
37.4475
37.4486
37.4404
37.4311
37.4251
37.4158
37.4113
37.4122
37.421
35.268
35.2542
35.2395
35.2308
35.2288
35.2229
35.2177
35.2233
35.2398
35.258
33.0891
33.0731
33.061
33.0562
33.0563
33.0594
33.0667
33.0755
33.083
33.0876
30.901
30.901
30.9113
30.918
30.9179
30.9232
30.9275
30.9278
30.9234
30.9094
28.7469
28.7542
28.7706
28.7866
28.7951
28.7991
28.7936
28.7843
28.7795
28.7621
26.6502
26.6478
26.6472
26.6534
26.6635
26.6781
26.6815
26.6833
26.6853
26.6678
24.5933
24.5777
24.5677
24.5634
24.5699
24.5824
24.592
24.6082
24.6151
24.6074
22.5448
22.5265
22.5185
22.5211
22.5333
22.5332
22.5322
22.5382
22.5463
22.5491
20.495
20.4866
20.4851
20.4976
20.5107
20.5085
20.4981
20.4889
20.4916
20.4954
18.4672
18.4714
18.4769
18.486
18.4845
18.4752
18.4668
18.4624
18.4634
18.4659
16.4873
16.4921
16.4895
16.4765
16.4607
16.4419
16.4367
16.4498
16.4602
16.4746
14.5115
14.5224
14.51
14.4803
14.4582
14.4445
14.4437
14.4575
14.4736
14.4893
12.5063
12.527
12.5292
12.5149
12.4962
12.491
12.4905
12.4948
12.4963
12.4975
10.531
10.5407
10.552
10.5547
10.549
10.5465
10.5434
10.5449
10.5398
10.532
8.60563
8.59632
8.5936
8.59283
8.59387
8.6022
8.6071
8.60841
8.60821
8.61019
6.68172
6.67201
6.66396
6.66211
6.66829
6.69147
6.70486
6.69831
6.68792
6.68597
4.75173
4.75244
4.75259
4.75997
4.77165
4.80006
4.81029
4.79825
4.77252
4.75754
2.84349
2.84787
2.85175
2.85427
2.86033
2.87751
2.88781
2.88936
2.87273
2.8475
0.94814
0.954435
0.95144
0.946851
0.941504
0.947578
0.95553
0.967643
0.96286
0.951962
99.5003
99.1424
101.411
99.4382
99.4857
100.952
100.004
100.892
101.245
102.019
101.655
101.493
101.496
101.029
101.203
101.123
101.213
101.608
101.207
101.587
101.336
100.915
99.9956
101.012
99.5291
99.2271
100.983
99.0968
99.4315
103.629
101.316
101.199
101.324
101.165
101.147
101.245
101.104
101.138
101.208
101.223
101.335
101.346
101.294
101.212
101.184
101.202
101.247
101.236
101.345
101.287
101.317
101.201
101.099
101.242
101.047
101.075
101.209
101.013
101.389
101.353
101.481
101.525
103.004
101.597
100.958
101.178
101.244
101.117
101.058
100.695
101.079
100.944
101.429
101.493
101.517
101.132
101.163
101.186
101.351
101.33
101.22
101.229
101.123
101.198
101.083
101.215
101.126
100.69
100.115
101.239
96.7762
96.6541
98.0731
96.6606
96.7809
98.4285
96.8923
96.9598
99.2802
97.4719
97.0501
99.52
97.4335
97.7595
100.578
97.7069
97.5004
99.93
97.0894
97.5331
99.9173
96.9813
96.8738
98.367
96.7547
96.6097
98.0004
96.6242
96.7455
98.4003
99.508
100.63
100.648
99.7524
99.705
99.123
101.226
100.336
101.083
98.6272
99.0591
100.14
101.191
100.263
99.1339
101.233
101.472
101.202
98.8855
100.955
101.202
101.211
101.361
99.7783
101.163
101.093
101.077
101.889
101.356
101.542
101.246
101.245
101.16
101.222
101.266
101.377
101.375
101.27
101.281
101.183
101.219
101.048
101.217
101.591
101.215
101.188
101.162
101.133
101.282
101.191
101.287
101.152
101.593
101.531
101.179
101.364
101.301
101.232
101.371
101.599
101.307
101.213
101.287
99.9094
101.363
101.219
101.17
101.028
99.0322
101.08
101.179
101.037
99.0406
100.038
101.285
100.003
99.0424
98.5931
101.052
100.833
101.082
99.0157
99.5846
99.7239
100.531
100.643
99.4612
103.433
101.546
101.343
98.8094
98.9411
100.142
98.3325
98.5066
100.413
98.7653
98.696
100.812
98.2028
98.1065
99.0272
101.255
101.244
101.275
101.373
101.437
101.226
101.209
101.333
101.182
101.362
101.018
101.126
98.8562
98.0995
98.2165
100.53
98.7395
98.7927
100.447
98.5165
98.3688
100.13
98.852
98.8956
98.5656
98.2354
98.7952
98.6929
98.2034
98.5636
)
;
    }
    frontWall
    {
        type            cyclic;
    }
    backWall
    {
        type            cyclic;
    }
}


// ************************************************************************* //
