/*--------------------------------*- C++ -*----------------------------------*\
| =========                 |                                                 |
| \\      /  F ield         | OpenFOAM: The Open Source CFD Toolbox           |
|  \\    /   O peration     | Version:  5.0                                   |
|   \\  /    A nd           | Web:      www.OpenFOAM.org                      |
|    \\/     M anipulation  |                                                 |
\*---------------------------------------------------------------------------*/
FoamFile
{
    version     2.0;
    format      ascii;
    class       volScalarField;
    location    "1.3";
    object      p;
}
// * * * * * * * * * * * * * * * * * * * * * * * * * * * * * * * * * * * * * //

dimensions      [1 -1 -2 0 0 0 0];

internalField   nonuniform List<scalar> 
7898
(
103.991
104.124
104.859
96.7291
103.733
97.8978
95.6554
92.5665
90.2328
87.7964
85.3355
82.8608
80.388
77.9414
75.5105
73.1024
70.7067
68.3422
65.9998
63.6796
61.367
59.0744
56.8082
54.538
52.2919
50.0644
47.8395
45.6138
43.4075
41.2266
39.0412
36.881
34.7501
32.6093
30.4629
28.3491
26.2878
24.2627
22.2469
20.2213
18.2251
16.2743
14.3257
12.3475
10.3999
8.49809
6.59784
4.69555
2.81263
0.940495
109.093
100.25
94.9851
94.1771
99.3752
97.903
95.756
92.8138
90.4059
87.9106
85.4117
82.9078
80.4373
77.9725
75.5224
73.1146
70.7103
68.3591
66.023
63.6845
61.3728
59.076
56.804
54.5388
52.279
50.0438
47.8265
45.6149
43.4147
41.2286
39.056
36.8947
34.7465
32.6039
30.4657
28.3554
26.2836
24.2458
22.2243
20.2194
18.2304
16.2784
14.3334
12.3688
10.4092
8.49203
6.59204
4.69481
2.81362
0.940322
107.602
106.187
58.8946
100.537
112.121
103.385
97.6202
93.4191
90.7302
88.0708
85.5088
82.9533
80.4507
77.9873
75.5371
73.1101
70.7255
68.3809
66.0397
63.6836
61.3733
59.0789
56.7929
54.533
52.2826
50.0408
47.817
45.6208
43.4249
41.2303
39.0605
36.8938
34.7264
32.5905
30.4769
28.3707
26.2823
24.2358
22.2217
20.2215
18.2378
16.2732
14.3165
12.3689
10.4192
8.48887
6.5852
4.69663
2.81817
0.940749
104.823
104.015
99.2547
102.45
104.059
102.17
99.8963
94.387
90.6694
88.136
85.5392
83
80.4678
77.9908
75.5457
73.1204
70.7305
68.3763
66.02
63.6887
61.3859
59.0795
56.7966
54.5346
52.2936
50.0514
47.8165
45.6273
43.4193
41.2207
39.0613
36.8895
34.7212
32.586
30.4835
28.3874
26.2889
24.2317
22.2227
20.2273
18.2425
16.2611
14.2983
12.3554
10.4236
8.48979
6.58461
4.70309
2.82405
0.93562
83.8823
108.96
108.403
97.6386
101.626
101.7
99.9278
94.4265
90.699
88.157
85.5471
82.988
80.4761
77.9914
75.5539
73.1308
70.7441
68.369
66.0005
63.6917
61.3887
59.0795
56.802
54.5384
52.3022
50.0665
47.8265
45.6228
43.4074
41.2138
39.0562
36.8821
34.7198
32.5852
30.4849
28.3967
26.2993
24.2347
22.2259
20.2342
18.2416
16.2492
14.2782
12.3448
10.4207
8.49121
6.59252
4.71777
2.83204
0.933612
109.519
102.571
102.553
100.33
98.5884
98.965
99.0333
94.3188
90.6219
88.113
85.5166
82.9706
80.4647
77.9909
75.5648
73.1384
70.7523
68.3717
65.9937
63.6751
61.3812
59.0723
56.8021
54.5483
52.3079
50.0805
47.8366
45.6161
43.4004
41.2072
39.0504
36.8764
34.7122
32.5872
30.4882
28.3989
26.3104
24.2503
22.2309
20.2364
18.2362
16.2358
14.2651
12.335
10.4166
8.49561
6.60788
4.74185
2.84169
0.936588
72.7606
111.566
107.932
102.875
100.787
99.4081
99.1751
94.0726
90.4625
87.9816
85.4539
82.9358
80.4601
77.9907
75.5519
73.1326
70.7479
68.3766
65.9966
63.6659
61.3703
59.073
56.8019
54.5562
52.313
50.0774
47.8426
45.6131
43.401
41.2152
39.0438
36.8629
34.7052
32.5935
30.4911
28.3937
26.3163
24.2619
22.2325
20.2287
18.2289
16.2268
14.2605
12.3326
10.4122
8.49736
6.61426
4.74153
2.84755
0.945802
88.3457
108.741
127.746
105.598
104.182
99.2401
97.8939
92.9116
90.4189
87.8893
85.3899
82.8932
80.433
77.9725
75.5198
73.1285
70.7347
68.3632
66.0084
63.659
61.3605
59.0676
56.7962
54.5563
52.3104
50.0826
47.8444
45.6102
43.4137
41.2229
39.0405
36.8604
34.7102
32.6006
30.4904
28.3832
26.3161
24.273
22.2385
20.2234
18.2245
16.2399
14.2742
12.3374
10.4106
8.49956
6.61281
4.7305
2.84548
0.949646
107.449
129.08
99.7823
97.8396
98.6426
99.6868
96.2401
92.6618
90.2684
87.8086
85.3399
82.8679
80.4074
77.9543
75.5203
73.1216
70.7136
68.3482
66.0039
63.6706
61.3549
59.0618
56.8049
54.5543
52.319
50.0836
47.8422
45.611
43.4069
41.2211
39.0285
36.8608
34.7275
32.6058
30.4823
28.372
26.3107
24.2775
22.2428
20.2219
18.223
16.2476
14.2898
12.3376
10.4062
8.49944
6.60521
4.71877
2.83259
0.950325
104.747
103.027
100.572
99.2983
98.1154
98.0723
95.8869
92.5714
90.2169
87.7669
85.3174
82.8432
80.3735
77.9466
75.5144
73.104
70.7073
68.3432
65.9972
63.6743
61.3571
59.0654
56.8084
54.5436
52.306
50.0795
47.8429
45.6121
43.4044
41.223
39.0321
36.8672
34.7426
32.6101
30.4694
28.3571
26.2992
24.272
22.2458
20.2205
18.2236
16.2625
14.3036
12.3386
10.3983
8.5009
6.60422
4.7063
2.81991
0.941217
104.365
104.577
102.446
95.5414
98.2084
97.8929
95.6565
92.5671
90.2327
87.7964
85.3356
82.8608
80.3879
77.9415
75.5105
73.1022
70.7067
68.3423
65.9999
63.6792
61.367
59.0744
56.8082
54.5379
52.2919
50.0644
47.8393
45.6138
43.4073
41.2263
39.0411
36.8811
34.7501
32.6091
30.4629
28.3491
26.2876
24.2627
22.2468
20.2213
18.225
16.2744
14.3258
12.3476
10.3999
8.49826
6.59773
4.69553
2.81259
0.940582
105.552
98.925
95.7096
94.0533
97.9171
97.8095
95.7513
92.8141
90.4058
87.9106
85.4117
82.9077
80.4373
77.9725
75.5224
73.1144
70.7103
68.3593
66.0229
63.6844
61.3729
59.076
56.8039
54.5387
52.2791
50.0439
47.8264
45.6149
43.4147
41.2286
39.0566
36.8948
34.7464
32.604
30.4656
28.3554
26.2835
24.2458
22.2243
20.2187
18.2305
16.2785
14.3333
12.3686
10.4093
8.49209
6.5919
4.6948
2.81381
0.940273
110.784
110.206
59.6716
95.9991
104.487
101.098
97.556
93.4204
90.7309
88.0708
85.5088
82.9533
80.4506
77.9873
75.5371
73.1101
70.7255
68.3808
66.0398
63.6835
61.3731
59.0789
56.7928
54.5328
52.2826
50.0407
47.8169
45.6207
43.425
41.2304
39.0602
36.8937
34.7265
32.5906
30.477
28.3707
26.2822
24.2358
22.2217
20.2214
18.2379
16.2733
14.3165
12.3687
10.4192
8.48873
6.58501
4.69667
2.81818
0.940737
104.829
104.538
97.8018
94.7789
106.216
102.02
99.9304
94.3878
90.67
88.1352
85.5393
83
80.4678
77.9907
75.5457
73.1204
70.7305
68.3762
66.0199
63.6886
61.3859
59.0794
56.7967
54.5347
52.2932
50.0512
47.8167
45.6274
43.4194
41.2206
39.0611
36.8895
34.7211
32.586
30.4835
28.3873
26.2889
24.2317
22.2226
20.2273
18.2426
16.2611
14.2983
12.3556
10.4237
8.48975
6.58451
4.70307
2.82404
0.935501
81.8901
104.771
104.006
97.5905
101.041
101.309
99.8909
94.4253
90.6992
88.157
85.5472
82.9879
80.4759
77.9914
75.554
73.1308
70.7441
68.369
66.0005
63.6917
61.3887
59.0795
56.802
54.5385
52.3021
50.0665
47.8266
45.6228
43.4072
41.2137
39.0561
36.8821
34.7199
32.5852
30.4849
28.3967
26.2993
24.2346
22.2259
20.2344
18.2415
16.2488
14.2782
12.3447
10.4207
8.49119
6.59246
4.71767
2.83195
0.933658
110.271
102.582
100.83
99.3605
98.5485
98.8826
99.0457
94.3177
90.6221
88.1129
85.5165
82.9706
80.4648
77.9908
75.5648
73.1383
70.7522
68.3718
65.9936
63.6749
61.3817
59.0722
56.802
54.5483
52.308
50.0806
47.8366
45.6161
43.4004
41.2073
39.0504
36.8759
34.7121
32.5872
30.4883
28.3989
26.3104
24.2503
22.2308
20.2365
18.2361
16.2354
14.2651
12.335
10.4165
8.49559
6.60785
4.74186
2.84139
0.936554
65.5891
98.7186
109.562
102.619
100.897
99.5294
99.2211
94.0698
90.463
87.9814
85.4539
82.9358
80.4601
77.9907
75.5518
73.1326
70.7479
68.3765
65.9966
63.6659
61.3702
59.073
56.8018
54.5562
52.3129
50.0774
47.8425
45.6131
43.401
41.2152
39.0439
36.8628
34.7051
32.5934
30.4911
28.3936
26.3163
24.2618
22.2325
20.2288
18.2289
16.2267
14.2605
12.3326
10.4121
8.49734
6.61435
4.74164
2.84751
0.945925
92.4144
110.093
108.877
99.947
100.49
99.2257
97.8057
92.9121
90.419
87.8893
85.3899
82.8932
80.433
77.9724
75.5198
73.1284
70.735
68.363
66.0086
63.6591
61.3604
59.0676
56.7963
54.5563
52.3103
50.0826
47.8444
45.6101
43.4135
41.2229
39.0404
36.8603
34.7102
32.6006
30.4904
28.3831
26.3161
24.273
22.2385
20.2233
18.2244
16.24
14.2743
12.3374
10.4105
8.49954
6.6128
4.73048
2.8455
0.949789
115.251
102.363
103.22
97.215
98.4388
99.1355
96.2679
92.6623
90.2685
87.8086
85.3399
82.8679
80.4074
77.9543
75.5203
73.1218
70.7137
68.3482
66.0039
63.6706
61.3549
59.0619
56.8049
54.5543
52.319
50.0836
47.8421
45.6109
43.4069
41.2212
39.0286
36.8608
34.7279
32.6059
30.4822
28.3721
26.311
24.2774
22.2427
20.2219
18.2231
16.2476
14.2898
12.3375
10.4061
8.49939
6.60515
4.71874
2.83264
0.950326
105.001
103.424
100.567
97.9699
97.8568
98.0493
95.888
92.572
90.2168
87.7669
85.3175
82.8432
80.3733
77.9467
75.5144
73.1042
70.7072
68.3432
65.9972
63.6741
61.357
59.0654
56.8084
54.5436
52.3061
50.0794
47.8427
45.6121
43.4045
41.2229
39.0319
36.8673
34.7427
32.6098
30.4694
28.3572
26.2992
24.2719
22.2458
20.2205
18.2235
16.2625
14.3036
12.3383
10.3983
8.50092
6.60413
4.7063
2.81997
0.941202
104.592
104.008
104.018
96.4842
97.7766
97.8792
95.6558
92.5669
90.2327
87.7963
85.3356
82.861
80.3877
77.9414
75.5104
73.1019
70.7066
68.3423
66
63.679
61.3669
59.0744
56.8081
54.5377
52.2918
50.0644
47.8391
45.6137
43.4071
41.2262
39.0412
36.8812
34.7501
32.6089
30.4628
28.349
26.2876
24.2627
22.2468
20.221
18.2248
16.2744
14.3259
12.3477
10.3999
8.49819
6.59759
4.69548
2.81249
0.940596
105.714
102.605
102.627
33.0277
98.0472
97.8478
95.7475
92.8133
90.4058
87.9105
85.4116
82.9077
80.4372
77.9724
75.5223
73.1141
70.7103
68.3594
66.0227
63.6842
61.3729
59.0761
56.8033
54.5381
52.2792
50.0438
47.8262
45.6148
43.4148
41.2289
39.0566
36.8947
34.7463
32.604
30.4656
28.3553
26.2834
24.2462
22.2241
20.2187
18.2304
16.2786
14.3332
12.3681
10.4093
8.49209
6.59174
4.69474
2.81393
0.940077
106.032
109.76
43.2353
90.0628
106.727
99.6695
97.5424
93.4201
90.7314
88.0707
85.5086
82.9532
80.4506
77.9872
75.537
73.11
70.7254
68.3805
66.0398
63.6834
61.3729
59.0788
56.7927
54.5327
52.2826
50.0406
47.8172
45.6207
43.4249
41.2304
39.0601
36.8933
34.7265
32.5907
30.4771
28.3706
26.282
24.2358
22.2216
20.2213
18.2379
16.2735
14.3164
12.3685
10.4191
8.48859
6.58485
4.69663
2.81815
0.940408
109.425
106.434
97.3843
117.539
105.622
101.688
99.9325
94.3889
90.6693
88.1351
85.5391
82.9999
80.4677
77.9907
75.5456
73.1203
70.7304
68.376
66.0198
63.6884
61.3859
59.0794
56.7966
54.5348
52.293
50.051
47.8168
45.6273
43.4195
41.2205
39.061
36.8894
34.721
32.5859
30.4835
28.3872
26.2887
24.2317
22.2227
20.2272
18.2425
16.261
14.2981
12.3557
10.4237
8.48946
6.58442
4.70302
2.8239
0.935176
101.577
110.082
105.386
101.672
101.31
101.186
99.8787
94.4259
90.6984
88.1573
85.5471
82.9878
80.4756
77.9913
75.5539
73.1308
70.744
68.3689
66.0004
63.6918
61.3888
59.0791
56.802
54.5385
52.3018
50.0666
47.8267
45.6227
43.4071
41.2133
39.056
36.882
34.7199
32.5851
30.4849
28.3966
26.2992
24.2346
22.2258
20.2346
18.2412
16.2484
14.2784
12.3446
10.4204
8.49112
6.5926
4.71757
2.83186
0.933568
104.149
102.841
100.778
100.276
98.4337
99.0247
99.0486
94.3182
90.6214
88.1131
85.5163
82.9705
80.4654
77.9908
75.5648
73.1382
70.7522
68.3719
65.9934
63.6748
61.3818
59.072
56.8019
54.5483
52.3082
50.0805
47.8365
45.616
43.4003
41.2078
39.0505
36.8757
34.7119
32.5871
30.4884
28.3988
26.3104
24.2502
22.2308
20.2366
18.2359
16.235
14.2651
12.335
10.4163
8.49552
6.60785
4.74186
2.84092
0.93652
70.5357
100.381
96.7138
93.6469
99.154
99.3249
99.2281
94.0691
90.4625
87.9815
85.4538
82.9357
80.46
77.9906
75.5518
73.1325
70.7478
68.3763
65.9965
63.6659
61.3704
59.0729
56.8017
54.5561
52.3126
50.0773
47.8424
45.6133
43.4013
41.2152
39.0437
36.8626
34.705
32.5933
30.491
28.3934
26.3162
24.2618
22.2324
20.2288
18.2288
16.2265
14.2605
12.3326
10.412
8.49727
6.61444
4.74131
2.84739
0.945881
54.5772
111.388
108.021
100.052
101.063
99.3028
97.8349
92.9118
90.4192
87.8892
85.3898
82.8931
80.4329
77.9724
75.5197
73.1284
70.7352
68.3627
66.0087
63.659
61.3603
59.0677
56.7963
54.5562
52.3102
50.0825
47.8443
45.6099
43.4135
41.223
39.0404
36.8602
34.7102
32.6005
30.4903
28.3831
26.316
24.2729
22.2384
20.2234
18.2243
16.2399
14.2742
12.3373
10.4104
8.49947
6.61274
4.73044
2.84548
0.949764
108.397
81.573
102.148
96.2395
98.926
99.5339
96.2068
92.662
90.2687
87.8085
85.3398
82.8678
80.4073
77.9542
75.5202
73.1219
70.7137
68.3481
66.0039
63.6706
61.3548
59.0618
56.8049
54.5542
52.3188
50.0836
47.842
45.6109
43.4069
41.2213
39.0284
36.8607
34.728
32.6059
30.482
28.3722
26.3109
24.2773
22.2426
20.2218
18.2231
16.2476
14.2897
12.3373
10.406
8.49931
6.605
4.71867
2.83264
0.950233
104.696
102.945
103.192
99.365
97.6954
98.0213
95.8896
92.5717
90.2169
87.7667
85.3175
82.8431
80.3731
77.9468
75.5143
73.1044
70.7072
68.3431
65.9971
63.674
61.3567
59.0653
56.8083
54.5436
52.3061
50.0792
47.8424
45.6122
43.4047
41.2228
39.0318
36.8675
34.7432
32.6094
30.4694
28.3574
26.2993
24.2719
22.2457
20.2204
18.2235
16.2623
14.3036
12.3382
10.3982
8.50087
6.60399
4.70607
2.81996
0.941135
96.3784
97.8167
96.0215
97.8994
96.3783
97.8078
96.0295
96.2384
99.8529
97.1342
97.7979
96.2578
98.1855
97.0483
97.9024
102.277
100.21
100.804
97.8905
101.092
100.225
100.394
106.014
99.7526
101.524
100.395
102.141
99.7432
100.064
99.7087
99.0171
101.437
100.088
99.6949
98.9859
99.1023
99.9933
98.9819
98.9732
99.0749
99.8713
98.9848
99.0529
99.037
98.864
99.2493
99.0591
99.0398
98.8718
98.892
99.4674
97.3776
99.2626
98.9152
99.153
97.3767
97.6399
99.0306
96.6511
99.141
97.6354
98.9669
96.7212
96.6992
97.9038
96.5447
98.0566
96.6834
97.926
96.5481
96.3744
97.8019
96.0233
97.8792
96.3771
97.7608
96.0324
96.2538
97.8755
97.117
97.6773
96.2164
98.1458
97.0991
97.9182
101.24
100.222
99.7324
97.9202
102.26
100.227
100.394
101.927
99.733
101.037
100.401
101.818
99.7184
100.07
99.6778
99.0249
101.216
100.088
99.7261
98.9941
99.1169
99.8763
99.002
98.8896
99.076
99.7601
98.9942
99.0874
99.0299
98.8673
99.3693
99.0876
102.908
98.8618
98.9155
99.3514
97.3852
99.7033
98.9102
99.6739
97.315
97.2233
98.9609
96.694
99.0432
97.6843
98.9294
96.675
96.6849
97.9333
96.541
98.0332
96.6958
97.9204
96.5374
96.3823
97.7708
96.0457
97.8645
96.3807
97.7382
96.0289
96.205
98.1415
97.0932
98.2582
96.2368
98.2826
97.1219
97.9137
101.413
100.226
99.7708
97.8977
100.33
100.201
100.407
102.066
99.71
100.471
100.407
101.461
99.6994
100.08
99.5335
99.0263
103.088
100.07
99.813
99.0473
99.1108
99.7109
99.0093
99.062
99.1174
99.8807
98.9796
99.1381
101.302
98.8641
99.3396
99.1132
101.859
98.8517
98.9127
99.1768
97.2795
99.2743
98.8874
99.0662
97.2732
97.6669
98.9497
96.6728
98.2608
97.7372
98.7856
96.6837
96.7063
97.9155
96.5427
98.0291
96.6855
97.9172
96.543
97.8055
97.1219
97.3064
103.319
98.6857
96.8744
97.2486
97.7807
98.1032
97.8817
97.9091
97.8828
97.7547
98.1391
94.2784
95.6523
94.3169
95.656
94.2866
95.6522
94.3253
97.7676
105.104
69.2978
97.0546
98.5236
110.312
108.864
97.1848
97.6009
99.6002
97.8482
97.6188
100.539
97.1544
94.5133
96.8459
95.0667
95.7547
94.5216
96.8509
95.0762
115.232
97.4273
111.041
108.584
101.433
100.868
109.815
101.039
99.1588
103.974
101.156
98.9739
103.72
100.934
95.6476
99.6149
96.2162
97.5662
95.6572
99.4991
96.2256
101.86
104.243
109.61
104.249
101.427
106.851
114.654
105.182
101.253
106.48
101.884
101.402
106.11
103.896
96.022
99.8178
95.8504
99.9249
96.0177
99.7641
95.8563
100.286
99.8023
98.9322
101.092
99.3119
100.345
98.6689
99.345
100.704
99.4635
101.958
100.675
99.2719
99.3604
95.8734
98.9409
95.7968
99.8861
95.8802
98.9507
95.8057
99.0124
101.278
101.68
98.3277
98.9882
100.188
101.308
98.8284
99.1647
99.3373
98.967
99.1587
99.3181
98.8739
95.7416
98.8539
95.5132
99.0448
95.7492
98.8308
95.5205
101.918
100.082
100.413
99.2715
100.223
101.202
100.812
99.1349
99.3506
99.5413
99.5473
99.3129
99.5604
99.1427
95.5411
98.3166
95.3683
99.2951
95.5547
98.3436
95.3644
100.397
104.014
103.108
100.453
100.718
100.253
100.966
99.2696
99.4175
97.8126
99.2394
99.3886
97.1546
100.152
95.2369
96.3135
94.886
97.8208
95.2456
96.2024
94.8951
98.8344
95.7331
98.6363
99.4432
98.719
95.622
98.2452
98.7616
98.5001
100.222
99.1805
98.5006
99.3563
98.7469
94.6082
95.7891
94.4774
96.321
94.6174
95.7881
94.4858
98.7417
98.3414
97.8248
97.8876
98.1843
99.0979
97.7953
98.1254
98.0616
98.1991
98.0576
98.0072
98.2104
98.0855
94.3808
95.8115
94.3262
95.8869
94.3892
95.812
94.3344
97.9947
97.0548
97.3095
97.8084
98.1251
97.1411
97.8591
97.7686
98.1378
97.8835
97.8837
97.7632
97.8863
98.1381
94.2854
95.6528
94.3241
95.6567
94.2852
95.6533
94.3238
96.9933
102.689
101.863
97.4922
97.0535
102.391
101.284
97.135
97.5629
97.353
97.5571
97.167
97.553
96.1207
94.5202
96.8317
95.0761
95.7478
94.5195
96.8345
95.0763
99.9609
107.342
103.612
102.302
104.277
99.8709
106.698
101.394
99.1128
102.944
102.877
100.628
99.1208
103.419
95.6562
99.4769
96.2243
97.5362
95.656
99.4673
96.2245
101.552
101.286
113.793
111.027
100.321
101.003
128.816
102.263
101.274
106.078
100.831
103.704
101.3
104.67
96.0143
100.04
95.8546
99.9368
96.0149
99.8386
95.8557
99.0229
100.278
98.5097
101.413
99.0868
99.5433
102.995
99.3221
100.654
99.1259
101.194
99.2923
100.602
99.4704
95.8772
98.9517
95.8027
99.8857
95.8775
98.9467
95.8025
99.104
103.109
101.47
98.5166
98.8122
101.23
102.508
98.8044
99.1799
99.2273
98.8023
98.7757
99.1544
99.2755
95.7464
98.8526
95.5173
99.0463
95.7469
98.8561
95.5182
101.178
101.65
100.787
99.2229
101.062
105.504
105.425
99.2334
99.3094
99.5451
99.2447
99.1397
99.3592
99.5264
95.5531
98.349
95.3618
99.1962
95.5512
98.3488
95.362
100.804
100.283
101.091
100.481
100.928
100.332
101.564
100.129
99.4436
96.81
99.2163
99.7309
99.4021
99.8645
95.2438
96.208
94.8953
97.8264
95.2431
96.2633
94.8954
98.6771
95.2773
98.1563
103.236
99.0354
103.212
98.5681
98.3789
98.4456
99.004
99.1178
98.1169
98.444
99.143
94.6169
95.7849
94.4849
96.1892
94.6166
95.7818
94.4849
98.1334
97.6567
97.7568
97.9596
98.0562
97.6718
97.6526
98.1324
98.0499
98.1917
98.0412
98.1326
98.0592
98.1936
94.3879
95.8128
94.3332
95.8897
94.3877
95.8127
94.3333
98.1903
96.9535
98.3984
98.4408
98.2689
99.0933
97.2837
97.7571
98.1405
97.8578
97.8757
97.7613
97.8732
98.1358
94.2863
95.6535
94.3248
95.6558
94.278
95.6535
94.3164
97.1903
100.019
101.237
97.9696
97.727
99.014
102.266
97.35
97.5267
96.6746
97.843
97.3513
97.5448
96.751
94.5202
96.8289
95.077
95.7503
94.5114
96.8415
95.068
102.973
98.4008
100.65
106.876
103.391
97.6849
102.048
100.846
99.1569
102.451
99.6072
100.833
99.2046
102.361
95.6571
99.4914
96.2261
97.5983
95.6476
99.5935
96.2165
99.8422
100.999
108.674
108.113
100.948
100.119
108.478
101.384
101.012
103.245
100.485
102.362
100.815
102.875
96.0188
100.008
95.8582
99.9023
96.0235
99.8326
95.8504
99.049
99.4888
100.682
102.505
100.343
99.425
103.363
99.3586
100.589
100.151
101.212
99.372
100.667
100.187
95.881
98.9459
95.8057
99.9169
95.8734
98.9359
95.7964
98.8669
102.166
98.2438
98.4135
97.3454
99.4435
98.4731
98.8836
99.0844
99.0803
99.0385
98.8639
99.0682
99.9203
95.7503
98.8573
95.5219
99.0348
95.7429
98.8583
95.5135
100.589
102.534
102.417
100.155
101.015
102.036
107.896
99.2048
99.3315
99.3355
99.3397
99.1287
99.3481
99.3289
95.5527
98.3434
95.3648
99.1368
95.5406
98.3166
95.3688
100.033
103.671
99.7406
99.428
102.109
103.567
101.426
99.3376
99.3264
104.902
99.4194
99.3958
99.4173
104.999
95.2444
96.2724
94.895
97.8973
95.2363
96.3265
94.8851
98.9987
101.355
98.4099
98.1011
98.8871
104.059
98.6065
98.533
98.3728
98.1703
98.4327
98.5414
98.3605
98.7099
94.617
95.7821
94.486
96.2505
94.6077
95.7846
94.4778
98.0629
97.9003
98.3932
98.3806
98.1181
103.082
98.1788
98.1278
98.0572
98.2001
98.0185
98.139
98.077
98.2027
94.3888
95.8118
94.3345
95.8891
94.3801
95.8112
94.3263
96.8845
97.1938
96.2215
96.3858
96.2303
96.9759
97.0855
97.4729
97.8416
96.9813
97.8197
97.8384
96.9886
97.4682
97.2648
96.2309
96.7167
96.0286
96.2334
96.702
97.3678
97.7688
97.9072
98.1497
97.8762
97.8718
97.7615
98.16
96.8607
96.3797
97.0733
96.2243
96.225
96.8621
97.0627
97.4825
97.8091
97.8308
96.9939
97.835
96.9872
97.4851
97.253
96.0242
96.2294
96.6788
96.2272
96.6991
97.2412
97.1815
97.3445
96.575
96.2658
97.286
96.5614
97.1913
97.1248
108.214
97.4544
100.925
97.7967
97.4685
97.1705
98.28
97.1093
98.4281
97.1586
96.8858
98.4537
98.2769
97.1837
97.8146
97.5644
96.9871
97.6108
105.495
97.1765
97.1945
96.2689
97.2049
96.514
97.2379
96.5623
97.1431
97.1973
98.2433
98.1219
97.5809
99.0056
97.5093
97.1913
98.2031
97.0878
96.7618
98.3493
96.8169
98.3904
98.1343
100.754
100.05
99.7015
97.8889
100.073
99.7135
100.737
101.431
116.777
101.11
103.557
114.222
101.14
101.408
101.565
100.239
101.073
100.224
100.288
101.069
101.554
100.735
100.799
99.1013
102.921
99.0782
103.116
100.784
100.755
97.8782
100.078
99.7395
100.083
99.7362
100.759
101.143
105.148
113.419
101.055
115.538
101.077
101.083
101.54
100.228
100.249
101.059
100.26
101.068
101.504
100.998
100.642
100.204
100.402
100.58
100.222
101.001
100.157
106.115
99.9683
110.084
105.151
99.9638
100.91
100.973
100.372
99.845
99.7641
100.38
99.7933
100.995
103.273
102.396
101.016
104.873
101.09
106.348
103.678
100.938
100.399
100.589
100.198
100.603
100.218
101.065
100.148
101.178
106.349
99.9851
105.315
99.9779
100.114
100.997
99.7856
100.372
99.7713
100.377
99.7874
100.999
99.5039
100.315
99.4054
100.058
100.314
99.4062
99.5036
99.7302
99.5005
99.193
99.7039
99.5042
99.1537
99.8099
99.3816
99.3366
99.086
98.9799
99.3199
99.0314
99.608
99.2649
101.739
100.628
99.1958
100.723
99.2266
99.3267
99.5121
100.129
100.308
99.3904
100.296
99.4061
99.4999
99.6872
99.6932
99.5114
99.1885
99.5211
99.1597
99.6695
99.3824
98.9971
99.3418
99.0508
99.3405
99.0343
99.3917
98.8417
99.0557
98.8675
99.0825
99.0053
98.8494
98.8292
99.084
99.2701
99.4097
100.02
98.526
99.3473
99.0845
98.9946
99.0014
99.1172
98.9771
98.9938
99.0676
98.8528
98.8154
98.9639
99.1986
99.2363
99.1716
99.2908
98.786
98.8346
99.0953
99.0482
98.8523
99.0064
98.88
98.8064
99.0751
99.8548
98.4839
99.3132
98.5807
99.3505
99.0554
98.8177
98.9857
99.0261
99.0585
98.9964
99.0722
98.9515
99.017
99.1082
98.9636
99.0423
99.1039
98.9667
99.0127
99.2757
100.143
99.0417
99.014
100.132
98.9764
99.2807
99.2211
99.1188
98.9246
98.8749
99.1396
98.8945
99.2395
99.1008
99.1981
99.3193
99.4887
99.3115
99.4614
99.1086
99.0189
99.0485
99.0818
98.9558
99.0874
98.9635
99.0255
99.2693
99.035
100.149
98.9882
100.141
98.983
99.2571
99.2227
98.8755
99.1343
98.8948
99.1466
98.8936
99.2266
98.7645
99.1001
98.3917
98.9102
99.1013
98.4013
98.7659
100.569
103.874
99.4716
99.1515
101.801
98.9808
104.307
99.2287
97.9259
98.6052
97.402
97.9839
98.622
99.2344
99.2851
99.2671
99.4159
96.8467
99.4317
96.8745
99.9596
98.7651
98.9161
99.1058
98.4252
99.118
98.415
98.7666
101.462
99.1584
100.526
99.516
100.844
99.1079
102.465
99.1533
97.395
97.9961
98.6145
97.9817
98.6269
99.0717
98.3423
98.639
97.3229
97.5749
98.6625
97.0092
98.3177
98.2167
99.0371
98.2058
98.9772
99.0184
98.1993
98.21
97.8477
97.0285
97.5132
96.7169
96.9014
97.398
97.8684
98.7595
99.1355
98.4776
98.9714
98.5008
99.1937
98.7376
98.5045
97.5403
98.7761
97.4832
98.7027
97.0828
98.5364
98.2257
98.9764
99.0515
98.1988
99.0282
98.2425
98.2302
97.8274
96.7383
96.9007
97.3347
96.8786
97.4043
97.8116
97.4846
97.8683
96.5255
96.6914
97.7565
96.5313
97.6026
98.1052
98.1147
98.4949
97.9161
98.1276
98.0765
98.3855
97.403
96.51
97.4595
96.5551
96.5181
97.5358
97.433
98.1362
98.059
98.035
98.1928
98.0457
98.2002
98.1277
97.4515
96.6783
97.7646
96.5255
97.7951
96.5251
97.4401
98.1229
97.9162
98.1147
98.368
98.1255
98.126
98.3605
97.3672
96.551
96.5088
97.3783
96.5112
97.3673
97.4029
96.8524
97.0724
96.221
96.3749
96.8537
96.2203
97.0726
97.4956
97.8338
96.9913
97.7908
97.4895
97.8413
96.9889
97.2266
96.2252
96.6511
96.0128
97.2249
96.2225
96.6563
97.7732
97.8776
98.144
97.8662
97.8788
97.7711
98.142
96.8535
96.3756
97.0728
96.2207
96.2204
96.8567
97.0703
97.4931
97.7803
97.8175
96.956
97.8419
96.9933
97.4821
97.2254
96.0142
96.2254
96.5842
96.2218
96.667
97.2192
97.024
97.211
96.5371
96.2511
97.1568
97.2093
96.4904
97.2676
98.0296
97.6596
97.9407
97.2257
98.0397
97.7308
98.0936
96.7929
98.387
97.1246
98.1799
96.7824
98.3834
97.2724
97.597
97.5146
96.4913
97.5257
96.3287
97.2092
97.1687
96.2339
97.2692
96.479
97.2214
96.568
97.0193
97.3679
98.6643
98.1236
97.8288
98.0749
97.787
97.4321
98.1598
97.1128
96.7144
98.3932
96.7769
98.386
98.1297
100.721
100.071
99.6699
97.9341
100.737
100.061
99.6763
100.802
99.8825
101.037
103.224
100.903
100.191
101.018
101.51
100.219
101.05
100.225
101.494
100.208
101.038
100.701
99.6962
99.1409
102.75
99.127
102.283
100.86
100.711
97.9293
100.02
99.6756
100.043
99.6809
100.697
101.008
102.004
103.493
100.963
101.578
100.994
100.8
101.498
100.228
100.211
101.011
100.224
101.024
101.414
100.67
100.654
100.189
100.395
101.286
100.619
100.196
100.765
109.461
99.9967
101.702
100.192
110.34
100.02
100.483
100.365
99.7723
99.7313
100.728
100.36
99.8195
102.384
100.497
101.349
103.95
101.295
104.573
102.52
100.559
100.397
100.647
100.144
100.639
100.176
100.24
100.837
101.739
106.929
100.062
108.336
100.043
100.337
102.478
99.7411
100.339
99.8154
100.35
99.8035
99.7812
99.5178
100.344
99.4518
100.073
99.5182
100.297
99.3637
99.6902
99.4888
99.1845
99.7897
99.6706
99.5146
99.2089
99.4334
99.3658
99.0655
98.9813
99.4304
99.3584
99.05
99.3183
101.315
100.588
99.4732
100.598
99.4911
99.323
99.5137
100.102
100.312
99.396
100.321
99.4576
99.4966
99.6984
99.5856
100.024
99.1296
99.4126
99.1527
99.7018
99.45
99.0279
99.355
99.0665
99.404
99.0496
99.4486
98.8014
99.0223
98.93
99.0695
98.831
99.0227
98.8251
99.1064
98.5306
99.2904
99.8576
99.0249
98.5397
99.2923
98.9976
98.9923
99.0595
98.9916
98.9483
98.9997
99.0593
98.8366
98.8096
99.0597
100.726
99.0842
100.678
98.8529
98.8054
99.133
99.0222
98.8444
99.0218
98.9471
98.7829
99.0451
99.8086
98.4973
99.2783
98.5098
99.29
98.9975
98.999
98.9932
99.0189
99.0642
98.9961
99.0565
99.0284
99.0422
99.1012
98.9563
99.0699
99.0323
99.1092
98.9637
99.2444
100.192
98.9781
99.0417
99.2525
100.122
98.9837
99.2141
99.1303
98.8835
98.8631
99.2349
99.1394
98.9023
99.4682
99.3074
99.3662
99.4364
99.3663
99.5125
99.1228
99.0448
99.102
99.0858
98.9594
99.1098
98.9674
99.055
99.2244
97.9423
105.255
99.0825
100.454
98.9174
99.2399
99.2102
98.8618
99.1143
98.9453
99.1351
98.8912
99.2294
98.7916
99.1129
98.4379
98.913
98.7868
99.1042
98.4368
99.1853
99.9589
99.0167
99.6007
99.0329
99.9754
99.3864
98.9819
98.0288
98.6072
97.3907
98.9909
97.8569
98.6202
99.2343
99.1377
99.4825
106.739
99.4122
98.798
99.6956
98.7884
98.9105
99.103
98.4098
99.1011
98.4348
98.8103
98.9574
98.9197
108.926
97.9527
104.106
99.6656
98.7868
99.2872
97.3644
97.7496
98.6223
98.9047
98.6377
99.0023
97.9824
98.3956
96.5053
97.4604
97.1702
98.468
96.8003
98.2568
99.012
98.1868
98.969
98.2577
98.9375
98.1899
97.799
96.9327
97.3457
96.6744
97.8225
96.9449
97.3777
98.5904
99.05
98.3887
99.2504
98.4232
98.658
98.5354
98.5634
97.7654
98.5907
97.1567
98.6432
97.3367
98.4429
98.2479
98.9775
98.6687
98.1619
98.8141
98.1896
98.2676
97.7748
96.6699
96.8907
97.4044
96.8851
97.3995
97.829
97.4205
97.738
96.5208
96.688
97.4255
97.7063
96.5196
98.1186
98.1095
98.3731
97.9309
98.1472
98.1072
98.3757
97.3695
96.5031
97.3675
96.5384
97.3688
96.5029
97.3624
98.1314
98.0438
98.0568
98.1939
98.067
98.1912
98.1404
97.4144
96.6927
97.6959
96.5213
97.6941
96.5198
97.4189
98.1698
97.9238
98.1316
98.383
98.1117
98.3316
98.3781
97.3556
96.5371
96.5103
97.3602
96.5057
97.4003
97.3612
96.8602
97.0796
96.2248
96.3838
96.8635
96.2251
97.0878
97.4718
97.8084
97.051
97.744
97.4749
97.8154
97.0181
97.2357
96.2301
96.6323
96.0388
97.2275
96.2312
96.6491
97.7501
97.8722
98.1082
97.8841
97.8801
97.763
98.1237
96.8767
96.3892
97.1988
96.222
96.2302
96.987
97.1112
97.4568
97.732
97.8149
96.9784
97.8182
96.9941
97.4512
97.2539
96.0376
96.2346
96.7206
96.238
96.6865
97.3608
97.281
97.3365
96.6554
96.1969
97.3147
97.3498
96.5044
97.5086
98.0357
97.8904
98.1474
97.4839
98.0508
97.9056
98.1209
96.737
98.402
97.0914
98.1176
96.7835
98.4107
97.311
97.5553
97.5482
97.0332
97.5445
96.7927
97.2462
97.219
96.2152
97.3455
96.5554
97.3335
96.4716
97.1605
97.5148
98.0707
98.0983
97.9161
97.9997
97.9071
97.5079
98.1205
97.0968
96.8594
98.4058
96.8056
98.4097
98.1527
100.743
100.014
99.6477
97.9144
100.7
100.028
99.6143
100.598
99.6481
100.948
100.174
100.98
99.8121
100.931
101.387
100.201
100.999
100.223
101.399
100.227
100.994
100.889
99.6408
99.1552
102.282
99.1623
102.297
100.905
100.747
97.9118
100.024
99.6877
100.037
99.625
100.741
100.623
100.227
100.163
100.899
100.043
100.908
100.652
101.393
100.216
100.18
101
100.238
100.998
101.367
100.137
100.651
100.129
100.41
100.329
100.637
100.138
100.822
108.255
100.073
102.856
100.468
98.5629
100.127
99.6072
100.336
99.8292
99.7123
99.4013
100.344
99.8284
101.051
100.463
100.904
103.175
100.953
102.991
110.295
100.284
100.412
100.631
100.135
100.631
100.142
100.114
99.9011
101.601
98.2663
100.133
97.6822
100.117
100.175
99.6869
99.7168
100.349
99.8666
100.349
99.8317
99.7069
99.4858
100.306
99.4416
100.064
99.4996
100.302
99.3987
99.6948
99.8013
99.0603
99.8417
99.6961
99.9537
99.0566
99.4556
99.4031
99.0602
99.0036
99.448
99.36
99.0458
99.5712
101.267
100.717
99.485
100.631
100.408
99.4622
99.5227
100.064
100.303
99.4306
100.304
99.3962
99.5671
99.9876
99.2868
100.984
99.1099
100.212
99.1044
99.8459
99.4386
99.0064
99.4082
99.1116
99.3651
99.0773
99.4472
98.7834
99.0306
98.8832
99.0736
98.7846
99.0242
98.8421
98.9284
98.7316
99.2587
99.6993
98.9722
98.371
99.2372
98.9354
98.9924
99.0734
98.976
98.9422
98.9962
99.0451
98.8883
98.9251
99.1316
99.4717
99.1562
99.7523
98.9
98.7926
99.0755
99.0143
98.8854
99.0181
98.8408
98.8385
98.8983
99.726
98.4591
99.3703
98.5169
99.2328
98.8833
98.9845
98.9777
99.0013
99.0473
99.0085
99.0594
98.9484
99.064
99.1213
98.9622
99.0879
99.0561
99.1351
98.9653
99.2576
99.0329
98.9774
101.392
99.2583
99.4727
98.962
99.2023
99.1039
98.9232
98.8629
99.2006
99.1151
98.9672
99.1583
99.3245
99.3518
99.3045
99.3574
99.3021
99.1579
99.0643
99.1197
99.1994
98.9776
99.1964
98.9767
99.0714
99.2459
102.151
99.6623
98.841
99.0722
98.8417
99.2319
99.2145
98.8623
99.1111
98.9193
99.1219
98.9311
99.2172
98.8132
99.1101
98.3422
98.911
98.8039
99.1057
98.3121
100.457
101.237
97.8188
98.8855
101.113
101.972
97.5037
99.1387
97.739
98.613
97.2789
99.026
98.0403
98.628
99.0923
99.3309
99.3608
106.279
99.2705
105.43
102.049
98.8182
98.9042
99.1058
98.3712
99.1054
98.3467
98.8286
99.2308
98.8882
109.569
98.3677
103.45
97.4925
102.621
99.2229
97.28
97.9117
98.6135
97.9321
98.6305
99.2492
98.4158
98.5874
97.154
97.6608
98.4305
98.5897
97.2011
98.2875
98.5138
98.1459
98.8084
98.2834
99.9468
98.1584
97.8836
96.9501
97.4292
96.651
97.8384
96.9847
97.4664
98.5327
98.0364
98.3949
100.117
98.3568
98.1307
98.5442
98.3486
97.6046
98.6314
97.255
98.563
97.1792
98.4539
98.2999
98.7681
99.0794
98.2128
98.9355
98.1738
98.2847
97.8612
96.6571
97.0451
97.5318
97.009
97.4973
97.8203
97.4592
97.6997
96.5253
96.7111
97.4382
97.7469
96.5255
98.1095
98.1272
98.3989
97.9034
98.1561
98.1254
98.372
97.4215
96.5128
97.3646
96.5452
97.4111
96.5139
97.3855
98.117
98.0179
98.0303
98.1907
98.0435
98.1987
98.1167
97.4839
96.7074
97.8215
96.5263
97.7685
96.5321
97.5949
98.0842
97.9021
98.1204
98.5535
98.1368
98.0674
98.3893
97.4114
96.5516
96.5141
97.4775
96.5219
97.5227
97.4247
100.031
99.9079
100.061
97.8124
97.7438
97.6755
97.8595
99.3139
99.8375
99.3255
98.7214
99.1883
99.0218
98.752
98.7887
99.0446
98.8029
98.3964
98.6789
98.6693
98.4233
98.8569
99.1209
98.8879
97.3317
98.1245
98.0305
97.4175
100.051
99.9354
100.033
97.7488
97.6332
97.7452
97.6293
99.3391
99.8969
99.3423
98.643
99.0922
98.6491
99.1058
98.8216
99.0453
98.825
98.3368
98.6531
98.3427
98.6501
98.8809
99.1444
98.8875
97.2989
97.918
97.3129
97.9529
99.9487
99.9295
99.9551
97.8575
97.6367
97.8238
97.6382
99.3416
99.8518
99.3382
98.6885
99.0898
98.6651
99.041
98.8248
99.0496
98.8225
98.3725
98.6571
98.356
98.6618
98.8647
99.2221
98.8552
97.2898
97.9902
97.3274
98.0999
97.7128
98.1511
97.5854
99.1308
104.619
101.27
99.8156
98.2267
97.8085
97.7611
99.2342
99.2345
99.2221
99.1376
100.123
99.8828
100.15
98.4351
98.4839
98.4531
98.5074
99.9168
100.058
100.057
97.7676
97.6414
97.6467
97.7518
99.7635
100.156
100.158
98.3918
98.3848
98.2994
98.3677
99.3065
98.9507
99.3174
98.8228
98.5813
98.5656
98.8411
99.878
99.3356
99.3306
98.6904
99.0864
99.0813
98.6654
98.9508
99.3232
99.3199
98.8077
98.5438
98.5522
98.7954
98.9183
98.8069
98.9345
98.4402
98.2072
98.096
98.473
99.0444
98.8142
98.8077
98.3726
98.6564
98.6617
98.3543
98.8025
98.9461
98.9412
98.412
98.1176
98.0821
98.393
98.9361
98.3276
98.9532
97.1234
96.5505
96.486
97.1878
99.3202
98.8764
98.8868
97.3102
98.0342
98.2515
97.3083
98.3364
98.9735
98.9643
97.0934
96.4585
96.4614
97.0834
98.1033
97.8399
98.0488
97.8875
99.2002
98.1079
98.4934
97.8996
97.9932
98.0415
97.8253
98.4555
97.7785
98.4979
97.8725
97.9591
98.0503
99.2204
98.7352
99.2387
98.684
98.0152
98.0828
98.0735
99.3327
98.9603
99.7257
98.7497
100.133
99.9072
100.114
98.4166
98.7649
98.3729
98.4503
99.9379
99.9791
100.012
97.7624
97.631
97.6287
97.7891
99.9228
100.097
100.104
98.4423
98.4558
98.4677
98.4077
99.3273
98.951
99.3293
98.7827
98.5372
98.7864
98.5349
99.9043
99.3447
99.345
98.6435
99.086
99.1136
98.6501
98.9494
99.3288
99.3299
98.7824
98.5389
98.5356
98.7869
98.9498
98.8536
98.9506
98.3716
98.1381
98.3787
98.1279
99.0442
98.8258
98.8255
98.3376
98.6529
98.6504
98.3435
98.856
98.9489
98.9505
98.3712
98.1248
98.1253
98.379
98.9744
98.3527
98.9738
97.0759
96.452
97.0771
96.4513
99.2402
98.8694
98.8849
97.3002
97.9101
98.0994
97.3097
98.3521
98.9729
98.9729
97.0771
96.4528
96.4515
97.0733
97.738
97.7436
99.3266
97.9144
98.3903
97.8018
98.085
97.6958
104.818
100.497
97.9151
98.3074
97.8197
98.5938
98.0814
98.2268
98.0889
99.7816
98.9205
99.3941
98.86
98.289
98.1484
98.1113
99.5699
100.066
99.6655
98.9298
100.098
99.8257
100.089
98.4079
98.7218
98.3872
98.3795
99.9188
99.9441
99.9427
97.8788
97.7371
97.6687
97.9274
99.8891
100.066
100.08
98.4455
98.4798
98.4642
98.5168
99.3295
98.9459
99.3286
98.8057
98.5437
98.7945
98.5539
99.8461
99.3205
99.3331
98.719
99.1789
99.0308
98.7512
98.9461
99.3116
99.3247
98.821
98.5813
98.5666
98.8399
98.9456
98.8198
98.9412
98.4112
98.146
98.3928
98.0837
99.0477
98.8033
98.8181
98.3967
98.6805
98.6698
98.4255
98.8321
98.92
98.936
98.4382
98.2002
98.1058
98.4708
98.9673
98.3377
98.9593
97.0887
96.4584
97.084
96.4578
99.1038
98.8377
98.8713
97.3277
98.0815
97.9813
97.4118
98.3281
98.9326
98.9531
97.124
96.5475
96.4847
97.1816
97.0825
97.7326
98.5953
99.0776
98.4602
99.2715
98.7015
97.7499
97.3096
97.5557
99.2469
117.552
108.187
98.8833
97.2855
97.8077
97.2919
96.3332
96.5044
96.3456
96.507
97.2885
97.8556
97.2903
96.319
96.5058
96.3206
96.4969
99.0241
99.4517
98.987
97.5715
97.6629
97.5472
97.6629
99.4508
99.0298
99.0054
97.5717
97.659
97.6616
97.5409
97.8161
97.2881
97.2916
96.3228
96.5066
96.5075
96.3191
97.41
97.874
97.3483
96.337
96.4997
96.5005
96.3268
99.1215
99.5664
99.1054
97.572
97.6501
97.6581
97.5394
99.5324
99.0608
99.03
97.5641
97.6612
97.6567
97.5431
97.8546
97.2814
97.3142
96.3365
96.501
96.4967
96.3467
99.0312
99.5089
99.0013
97.5557
97.6553
97.5359
97.6475
99.5431
99.0995
99.0593
97.559
97.6414
97.6502
97.5221
97.8793
97.4384
97.3391
96.3192
96.4968
96.4968
96.3044
96.2148
96.5744
96.6429
95.9431
95.7258
95.725
95.943
96.6628
96.2318
96.517
95.9408
95.7232
95.931
95.7245
96.2489
96.4715
97.1519
95.9574
95.7294
95.7271
95.951
96.4697
96.2742
96.6029
95.935
95.7338
95.9424
95.7331
96.8311
96.2421
96.6831
95.948
95.7202
95.7285
95.9423
96.2855
96.6984
96.6258
95.9434
95.7219
95.7338
95.9391
98.4171
97.5412
98.4341
96.9681
96.4011
96.975
96.3977
98.4355
97.5458
98.4754
96.9688
96.3985
96.9757
96.3975
97.5697
98.4291
98.4457
96.9743
96.4044
96.4053
96.9785
97.5361
98.4039
98.4182
96.9682
96.3957
96.3974
96.9692
98.6162
97.5785
98.475
96.9771
96.3963
96.4069
96.9726
97.5595
98.5638
98.4949
96.9667
96.3927
96.4013
96.9566
99.6526
94.0639
102.93
97.0212
97.5014
95.1772
98.0021
102.056
100.525
96.1303
98.1049
100.589
100.81
96.338
97.6
97.4904
97.5781
99.3761
99.5814
98.6493
98.6793
97.297
97.6028
97.534
99.0061
96.6795
96.5271
99.0909
97.1813
97.5779
97.6912
98.5694
98.8925
104.562
98.6729
99.1449
97.9997
98.5255
100.549
98.4978
97.6715
101.986
98.0967
97.5009
98.5616
98.2104
99.7377
98.8898
98.3433
97.3762
97.5128
97.3579
98.191
99.0654
98.9239
98.2224
98.349
98.1903
98.1968
98.419
98.0302
97.9868
98.4345
98.1816
98.0927
98.1934
98.3571
97.8266
98.3259
97.7581
88.601
114.164
101.818
100.665
89.2917
113.306
100.986
101.814
112.208
101.777
107.632
109.065
105.206
111.792
102.984
102.266
98.8386
105.17
102.437
102.045
98.9566
98.1845
98.1781
98.1733
98.3946
97.9198
97.8968
98.3951
98.039
98.66
98.0668
98.3864
97.7446
97.7106
98.3885
93.3439
101.546
104.324
93.1635
95.3021
101.255
103.722
108.779
102.963
99.9342
101.931
105.118
107.401
98.0297
98.1585
98.0993
98.14
98.3718
97.8534
98.3011
97.8833
109.312
104.083
100.81
111.967
107.886
118.234
107.66
98.9017
103.106
99.2523
82.7729
100.792
103.966
99.2069
103.602
110.828
142.675
109.996
113.617
103.114
101.711
113.388
118.062
117.861
126.257
111.566
121.094
103.182
98.3216
109.784
116.341
110.718
102.931
101.995
110.005
99.4076
101.952
109.478
101.209
101.379
119.903
115.423
101.153
104.333
101.954
96.1527
104.324
106.86
102.045
100.542
104.825
105.249
107.585
99.6133
104.239
108.584
99.0992
105.827
103.056
97.6758
98.7626
105.957
102.361
103.969
88.92
103.972
156.327
89.6768
89.3884
125.516
100.444
107.882
108.981
103.546
102.763
106.525
106.852
102.199
101.155
95.2913
101.862
102.866
96.762
107.895
98.78
102.667
103.862
99.9367
98.4546
99.663
105.678
98.1515
99.144
106.242
100.964
100.236
99.6698
116.159
97.9262
101.996
100.667
100.741
98.1765
101.906
100.669
101.969
99.4135
102.812
100.613
104.522
99.26
100.694
97.5185
97.1561
97.5412
98.4156
100.671
98.3049
98.022
89.3082
98.4892
96.679
88.9046
123.782
126.661
89.3522
101.419
103.966
104.372
110.563
102.673
103.979
104.415
103.954
105.77
103.596
109.098
103.283
108.472
103.158
104.045
71.9247
98.0622
105.626
104.11
83.0209
110.418
103.427
103.065
101.168
104.843
101.906
103.91
102.513
102.689
106.016
98.3823
109.427
101.108
106.731
96.8772
98.8082
99.0165
100.406
101.715
101.69
99.0719
100.138
104.193
98.2066
110.449
106.692
109.364
150.358
110.932
98.0654
102.889
100.8
102.959
97.8069
101.081
101.23
102.409
105.315
102.296
106.368
102.889
105.047
103.661
103.251
102.372
102.29
103.971
101.988
102.392
101.412
97.5022
101.387
102.23
99.8181
97.1988
98.9403
99.9469
103.835
96.8724
100.62
97.5735
104.133
96.7921
98.5888
101.852
96.7367
97.0312
98.1918
101.356
100.449
98.7501
100.58
99.2106
100.067
105.895
99.5492
99.532
100.27
102.413
98.8387
102.493
98.6512
112.404
95.2434
101.705
108.288
95.1676
101.74
102.197
116.014
94.2052
96.9682
97.5614
99.2174
98.789
98.2411
97.5165
98.4685
98.345
97.9792
104.564
97.2565
99.1448
108.754
104.122
97.7717
99.3993
103.162
96.9108
105.618
99.3548
102.988
94.782
89.8199
80.6112
58.0535
86.7802
97.6855
132.802
63.4867
101.516
90.1526
69.507
138.972
125.899
94.2117
98.1469
99.0004
94.8771
100.991
124.807
100.931
93.5035
99.5869
148.7
96.6055
98.4785
98.2154
113.767
95.4799
98.3169
98.0712
98.3479
98.2006
99.3256
97.8883
97.8979
99.1714
96.8876
103.218
84.3475
102.35
98.8838
102.737
85.7905
102.936
105.965
104.399
118.547
102.883
105.312
108.931
109.438
99.9339
94.8741
96.5069
101.837
112.526
101.883
96.1373
112.436
98.3995
111.701
112.983
96.9087
114.494
100.916
102.997
103.303
106.835
106.316
106.883
107.453
100.004
103.094
102.949
107.045
106.052
106.281
108.151
114.707
116.355
95.8543
139.034
96.4476
153.035
115.594
103.932
98.9096
105.319
112.204
104.058
97.6523
103.678
93.0779
94.236
92.9704
94.3175
93.0778
94.2358
92.9702
96.5581
96.5786
95.7712
95.7464
96.5587
96.5776
95.772
96.558
95.7467
96.5794
95.7717
96.5784
95.7722
96.5592
93.0683
94.2387
92.9587
94.3187
93.078
94.2364
92.9711
93.0776
94.2357
92.9706
94.3179
93.0677
94.2381
92.9581
96.5596
95.7483
96.5812
95.7736
96.5835
95.7715
96.5594
96.5609
96.5822
95.7744
95.75
96.5605
96.5843
95.7724
93.1671
94.3888
93.1059
94.4253
93.1669
94.3879
93.1063
102.345
97.0622
98.7232
98.3103
102.538
97.992
98.5906
96.8189
95.8886
96.6609
95.8029
96.8206
95.8887
96.6593
96.8187
95.8029
95.8884
96.6605
95.8887
96.6589
96.8202
93.1666
94.3888
93.1062
94.4254
93.1565
94.3916
93.0936
96.8223
95.8912
96.6627
95.8046
96.8219
95.8901
96.664
93.1572
94.3923
93.0944
94.4265
93.1671
94.3896
93.1065
96.8232
95.8043
95.8915
96.6634
95.8905
96.6661
96.8224
96.5628
96.6298
95.7634
95.7521
96.5954
95.7749
96.5715
96.5641
95.7535
96.6307
95.7644
96.5966
95.776
96.5724
96.8296
95.8076
95.8827
96.6954
95.8933
96.6731
96.8479
96.8305
95.8832
96.6955
95.8078
95.8937
96.6739
96.8489
102.361
98.0443
103.034
97.8485
102.462
101.594
97.6212
100.017
107.178
107.436
100.186
103.817
103.896
100.303
99.5387
106.325
98.9622
103.897
102.574
115.585
105.055
92.6639
101.67
108.336
114.885
104.495
104.332
93.6315
100.712
100.076
101.378
102.94
101.862
99.7041
101.703
101.79
98.4099
97.3213
99.05
95.9486
99.0474
105.404
100.709
100.44
108.02
101.623
99.5989
101.593
100.724
98.8338
100.351
99.1385
116.082
96.9314
105.565
96.4313
100.197
98.735
103.755
110.718
101.564
109.205
100.839
98.1102
103.939
107.596
110.806
95.9319
95.7319
121.992
98.5835
99.1102
111.955
111.191
100.68
100.698
110.649
100.583
100.863
97.4361
102.711
100.999
99.4648
96.2859
97.7355
106.673
98.6601
100.106
98.3513
97.5766
115.028
96.0501
96.191
96.0759
95.6734
95.6518
95.6662
95.641
96.1649
96.0893
96.0908
95.6797
95.6266
95.6316
95.6821
96.0893
96.2037
96.0953
95.6789
95.6312
95.6836
95.634
103.361
104.049
94.4569
102.592
99.9149
103.133
92.8308
102.762
107.512
105.822
103.006
103.892
92.5584
94.8362
96.3027
96.0383
96.0599
95.6594
95.6621
95.6616
95.6631
96.2189
96.0874
96.0939
95.6792
95.6335
95.641
95.6668
96.0957
96.26
96.0852
95.6649
95.6413
95.6598
95.6588
96.8382
96.5956
96.5925
95.7139
96.0458
96.0476
95.7135
96.595
96.8294
96.5948
95.714
96.0501
95.7131
96.047
96.5262
95.8153
96.1573
95.5178
96.5282
95.8164
96.1635
96.599
96.8282
96.6002
95.7135
96.0486
95.7152
96.0464
96.5288
95.5198
95.8175
96.1591
95.8147
96.1701
96.5289
96.5255
95.5183
95.8156
96.1635
95.8163
96.168
96.5269
96.5269
95.8176
96.1587
95.521
96.5277
95.8153
96.1713
96.529
95.8061
96.1986
95.5244
95.8178
96.1859
96.5314
96.9624
96.7665
96.0245
95.8778
96.9637
96.7534
96.0255
96.9621
95.8778
96.7613
96.0246
96.7521
96.0254
96.9626
96.8325
96.5961
96.5988
95.7156
96.0406
96.0496
95.7064
96.5278
95.5248
95.806
96.1958
95.8179
96.1888
96.5308
96.5957
96.8761
96.5823
95.7157
96.0463
96.0567
95.7078
96.8773
96.5878
96.5787
95.7126
96.0538
96.0547
95.7144
96.9605
95.8799
96.7665
96.0265
96.759
96.0239
96.9627
96.9591
96.7641
96.0264
95.8811
96.9618
96.7671
96.0239
96.9592
96.8099
96.0156
95.8837
96.7786
96.0269
96.9599
96.9579
95.8844
96.8042
96.0148
96.7835
96.0262
96.9589
104.636
101.385
100.161
103.785
100.117
102.577
103.669
100.494
126.285
103.233
101.548
94.4525
108.422
110.476
103.411
101.619
103.527
104.519
102.058
102.534
106.194
101.235
128.193
104.974
101.764
103.13
103.131
102.543
102.502
101.158
92.2937
102.762
102.191
98.7574
91.4606
94.9405
78.5711
73.774
59.7404
92.6614
79.209
80.8403
121.33
116.584
117.756
108.503
109.318
105.386
102.418
117.933
101.188
89.5762
140.677
89.0841
95.2936
118.389
107.047
110.262
106.761
117.856
106.618
117.177
103.203
100.801
97.6525
101.685
76.6071
219.892
94.1336
102.891
114.506
108.95
114.512
108.761
105.029
104.554
113.017
107.536
99.7956
104.527
103.5
101.975
107.47
99.6106
101.598
96.0139
103.005
100.87
99.3161
95.4215
100.591
100.157
94.9431
122.038
109.693
92.9616
121.384
97.944
117.45
97.1023
103.144
98.3058
90.2771
97.9727
118.15
107.01
111.322
107.176
111.018
125.18
100.982
104.866
113.023
108.166
103.228
110.409
99.572
97.8012
107.562
104.081
105.057
103.698
102.139
102.633
94.0416
94.5367
109.335
88.9295
107.397
95.1178
109.097
87.1673
113.477
93.0099
94.3723
93.089
94.3874
93.0103
94.3722
93.0899
96.734
95.9063
96.6851
95.8554
96.7419
95.9061
96.7316
92.5864
94.426
92.0911
86.6439
90.8713
113.624
88.7794
98.9656
97.2135
90.5767
61.2913
98.2359
105.728
111.34
96.7319
95.8553
95.9051
96.707
95.9056
96.7514
96.7376
114.836
98.7558
113.547
103.395
103.013
106.014
98.5085
100.471
103.28
103.013
102.141
94.5554
101.132
101.85
93.0108
94.3735
93.0903
94.3883
93.0014
94.3764
93.0786
96.7469
95.9075
96.6877
95.8558
96.744
95.9061
96.7287
93
94.375
93.0772
94.388
93.0097
94.3726
93.089
96.7477
95.8554
95.9091
96.6977
95.9073
96.7404
96.7464
111.696
106.819
98.6047
106.377
119.398
105.179
111.963
95.1793
102.755
102.811
94.9572
94.7016
103.14
105.315
96.8249
101.41
101.07
135.611
134.908
145.204
130.296
92.821
93.9058
92.6062
94.0689
92.8215
93.9054
92.606
95.8956
95.5539
96.1586
95.3062
96.1138
95.3073
95.8955
92.8103
93.9087
92.5953
94.071
92.8212
93.9063
92.6073
103.365
109.384
106.336
107.061
112.172
109.745
106.786
95.9015
95.5521
96.1716
95.3096
96.1175
95.3073
95.8998
95.8952
96.1775
95.3071
95.5548
95.8976
96.1247
95.3078
116
107.62
103.277
92.669
93.6328
101.553
104.641
92.8211
93.9054
92.6063
94.0714
92.809
93.9074
92.594
96.7509
95.8982
96.7361
95.8604
95.9093
96.7531
96.7527
96.7507
95.8596
95.8979
96.7345
95.9086
96.7527
96.7532
95.9007
96.1663
95.3085
95.5515
95.8953
96.1286
95.306
109.637
102.604
106.842
89.5674
90.8134
87.8697
97.8704
105.728
101.69
100.73
105.509
121.248
115.759
105.769
101.485
99.817
100.028
109.239
119.077
115.433
104.004
95.9083
96.1681
95.2986
95.553
96.1216
95.3104
95.9114
95.9088
95.5527
96.165
95.2975
96.1318
95.3091
95.9095
107.951
105.559
106.74
105.28
110.808
104.635
107.139
109.025
96.6089
94.4613
103.157
98.5728
104.54
107.124
107.083
101.634
101.012
97.5105
97.9592
102.989
100.748
106.951
95.3267
101.07
96.0501
101.424
93.1572
97.9089
112.515
133.237
97.7183
96.7366
99.2522
111.933
122.818
113.786
122.237
106.455
102.489
112.947
113.446
113.559
97.692
106.891
94.5585
107.662
92.9122
107.465
97.0601
96.3411
103.888
118.787
125.283
104.436
122.935
105.79
107.269
105.704
102.619
103.314
100.105
107.326
106.505
99.4389
97.0626
99.2057
112.815
101.89
103.962
177.087
95.6074
94.9819
108.342
101.637
96.4367
95.6426
113.997
215.404
89.5021
268.07
178.128
178.701
106.392
187.319
104.07
102.114
103.282
101.974
100.396
152.39
109.011
95.625
122.952
89.5896
95.5931
106.244
122.681
92.3372
96.7399
268.081
237.812
172.87
174.191
107.696
113.118
91.5611
96.3898
96.4768
125.158
125.095
115.913
115.881
93.0228
95.7043
87.6163
135.065
144.593
93.0249
94.1994
101.885
100.967
101.861
135.447
121.463
99.3886
103.273
105.283
102.165
101.645
117.227
98.9205
120.966
98.7522
101.179
103.292
101.438
105.374
103.342
90.2688
90.8037
104.315
100.746
102.546
103.186
103.287
91.0502
90.2611
104.579
102.493
105.891
105.679
103.228
104.47
101.97
102.874
103.989
103.095
103.955
102.566
108.53
105.736
95.81
92.9038
96.9141
118.223
121.451
117.816
110.305
81.3506
107.66
107.026
94.257
102.637
122.905
94.8487
122.537
100.471
97.9822
99.4667
102.014
99.257
129.446
100.694
97.4779
101.25
98.8907
101.288
98.758
97.1222
119.91
107.703
125.575
114.181
102.54
101.308
101.374
99.8605
112.293
102.501
99.6933
112.04
106.396
106.493
106.531
129.179
98.9141
102.92
103.114
109.62
105.224
98.5284
98.5072
97.9085
111.744
111.845
108.775
105.514
102.723
110.019
109.518
100.823
100.952
103.85
103.778
97.6179
102.156
99.0715
99.3079
100.089
107.503
107.949
102.493
97.8097
98.4756
99.7061
98.9306
109.193
108.642
109.877
102.353
109.497
107.25
101.098
105.822
110.724
101.368
103.009
100.167
108.305
101.76
103.133
99.5373
104.02
106.003
105.089
103.326
103.525
103.812
108.45
105.935
103.652
103.726
104.197
106.776
104.772
104.524
106.511
107.611
106.981
103.201
106.821
107.24
117.142
97.4141
103.888
97.9238
99.9471
99.4148
97.3681
109.916
103.735
114.852
114.297
120.483
112.53
104.042
107.335
91.273
154.212
154.562
155.593
146.191
84.7458
80.3097
105.903
98.5695
113.474
105.26
103.651
111.204
86.9304
104.199
99.6037
104.893
115.298
102.63
102.243
104.844
121.343
88.9143
121.603
99.3747
110.049
103.694
129.191
104.826
104.542
104.007
92.1632
104.087
103.749
112.379
80.2754
104.13
125.23
97.8704
84.2574
96.5633
123.994
102.293
104.75
103.685
92.3441
102.133
93.0641
103.555
112.538
99.1836
141.14
118.26
106.151
167.279
95.2808
104.413
86.9937
98.1132
86.2806
97.2428
123.929
125.004
97.7825
102.384
105.313
34.1557
100.762
137.555
97.4353
90.3247
124.625
103.232
243.229
137.969
306.293
155.388
96.3526
92.9293
96.1192
127.167
130.137
116.227
118.833
97.2398
99.3303
104.656
123.856
122.445
105.194
124.654
97.8318
99.0862
99.6288
104.02
99.4407
97.7369
99.0972
103.629
103.913
92.3661
96.3728
100.185
103.391
104.003
107.437
99.464
106.996
103.866
99.8341
101.325
103.734
100.96
101.705
100.148
128.123
140.375
120.866
130.517
98.3713
100.623
107.866
100.215
107.529
103.157
118.006
98.0033
106.067
98.8964
101.134
139.685
98.679
102.771
100.121
98.6072
101.428
100.604
132.866
101.273
103.948
102.751
104.371
103.308
92.4778
110.877
101.515
105.454
102.709
105.898
102.582
102.234
103.147
103.181
106.844
97.8444
103.741
99.2817
104.753
161.661
141.271
108.953
116.027
121.443
99.2033
93.6603
134.185
129.118
96.7309
105.826
102.464
102.739
103.27
108.808
105.83
107.134
102.285
117.553
119.402
93.1317
102.982
115.353
120.446
101.948
94.2805
101.504
110.602
103.456
110.569
104.188
99.4095
108.249
99.8239
100.602
118.03
108.75
107.575
99.8215
107.807
110.697
96.0821
108.919
89.5007
99.8573
101.917
102.121
102.88
118.891
114.966
109.28
137.342
97.7074
115.466
100.096
103.754
98.6073
104.943
124.417
101.515
93.4226
102.046
72.5964
96.894
97.2811
101.951
110.637
128.904
129.724
77.8103
103.686
101.76
79.4483
92.8896
189.812
135.906
102.117
97.4142
155.4
99.8261
94.5762
100.018
98.2218
97.1024
99.4161
103.877
102.217
106.396
79.3629
101.281
104.69
104.015
75.2583
97.8252
107.252
105.874
107.976
105.942
107.351
103.131
107.399
140.828
93.9527
136.35
98.9335
97.3687
128.217
154.423
103.223
100.527
103.077
100.019
101.069
100.708
107.899
102.163
105.312
100.747
100.389
100.321
133.822
119.668
102.593
93.665
112.647
120.715
111.932
120.578
102.679
95.0823
101.262
101.103
110.349
103.693
103.869
110.422
97.3262
94.7849
97.5866
111.918
138.953
106.144
107.557
101.329
101.715
116.709
112.357
116.29
111.818
101.857
105.124
100.484
100.194
99.8092
127.095
128.844
99.3399
106.001
106.098
106.876
112.651
115.651
112.954
116.42
101.878
100.97
104.66
115.195
115.895
114.914
136.26
104.375
100.975
101.312
102.869
100.182
130.296
131.685
100.935
100.987
104.16
100.306
99.7813
99.8676
101.097
130.75
110.171
130.389
103.786
150.283
117.486
103.902
101.778
111.791
111.109
100.663
100.45
102.133
101.342
111.443
140.864
117.437
114.546
105.315
104.426
108.823
108.511
199.365
110.639
81.5746
138.333
86.6658
128.523
104.756
110.032
108.361
108.493
114.148
105.45
108.757
105.353
105.935
105.552
105.105
109.096
102.931
109.153
109.042
109.874
109.875
91.3866
88.1363
109.011
106.92
111.13
101.512
111.408
100.756
100.675
106.118
106.739
179.621
217.03
94.7131
263.495
170.665
122.081
130.849
107.318
106.469
107.068
108.904
108.307
105.192
107.226
104.12
107.157
107.514
105.902
104.131
105.317
107.554
103.614
100.532
103.32
101.251
101.045
100.956
101.423
105.165
95.1032
103.883
96.4001
97.388
107.078
107.015
107.579
106.592
105.461
111.65
108.009
108.554
109.555
136.739
99.7855
100.516
100.196
147.165
135.899
144.43
109.427
109.831
109.958
85.4411
87.3888
86.6102
85.5582
104.938
101.565
104.418
106.893
118.497
104.049
119.41
106.549
104.358
108.695
106.144
105.146
104.004
110.243
114.073
104.431
110.247
108.453
108.1
114.281
110.887
108.764
105.654
107.893
108.761
108.904
110.563
114.483
102.141
98.9192
103.721
104.285
101.85
111.041
116.604
105.783
99.8855
102.137
103.129
102.566
104.915
105.465
106.889
114.092
103.833
107.732
114.198
114.54
106.394
108.85
100.604
108.031
99.7084
103.973
104.058
99.6837
105.55
100.291
105.369
101.254
103.646
102.068
102.744
96.5102
88.3584
96.2033
157.53
109.595
108.183
108.088
108.72
106.538
108.861
110.97
128.492
113.79
113.293
104.57
111.82
104.625
102.8
104.61
103.449
105.43
102.571
109.724
100.557
99.8956
111.598
102.648
101.27
103.646
115
114.077
106.737
110.046
103.323
104.378
91.719
178.566
153.853
179.819
82.5068
145.387
85.3512
95.905
101.216
99.0792
100.961
100.738
102.267
99.9921
104.703
95.3941
102.678
100.181
103.273
94.9678
103.081
103.901
104.412
103.879
108.801
104.426
104.424
110.49
102.183
106.041
101.799
111.772
101.751
100.974
105.401
102.215
102.298
102.283
101.38
106.489
106.219
101.747
105.122
107.991
109.991
104.69
107.995
112.062
110.937
102.379
102.608
102.87
105.919
102.509
100.831
105.735
104.534
101.675
102.867
102.875
104.017
101.526
104.594
110.209
109.485
105.464
109.433
104.916
109.194
108.907
103.509
102.112
102.766
109.037
103.291
109.175
103.759
111.286
100.581
106.666
119.66
100.485
105.157
117.615
105.489
105.83
107.962
108.15
107.768
108.451
107.825
98.1652
93.055
108.517
104.47
92.8318
107.13
99.9346
101.708
113.848
102.553
161.957
104.125
77.004
97.0912
102.068
102.907
102.664
103.081
101.862
101.819
103.149
104.788
78.7122
119.938
100.831
111.902
99.1093
89.0678
101.22
110.611
97.0865
137.015
94.5416
121.764
97.1013
114.331
110.123
115.275
108.31
106.734
104.318
108.549
109.792
107.338
105.688
103.816
103.52
103.507
102.99
129.224
107.664
120.798
126.775
118.095
110.35
127.171
98.2036
137.391
102.65
111.843
136.801
118.023
119.186
112.781
100.069
99.1398
124.424
110.004
113.132
104.936
112.969
109.796
105.928
103.752
115.965
115.886
105.04
112.335
95.6531
103.08
70.4734
110.481
90.1073
99.1664
109.076
109.878
107.226
92.5775
105.847
116.877
111.807
110.307
101.727
106.026
111.553
120.06
102.106
105.754
101.177
101.607
103.911
101.959
100.196
120.883
101.765
117.054
102.019
118.135
104.657
101.122
105.369
101.613
108.185
106.9
106.253
114.359
103.976
108.494
103.751
93.049
81.0939
111.877
113.373
138.865
111.756
135.126
93.5874
104.64
105.856
100.498
100.2
106.785
107.954
109.386
92.3929
99.1628
99.9751
99.1005
94.8772
105.998
108.593
101.74
95.8194
100.925
96.4011
98.2454
110.012
102.064
95.9193
93.7474
104.384
100.481
101.913
107.543
104.05
98.2644
98.6572
108.237
108.969
108.416
96.7278
115.738
109.495
116.113
103.135
130.1
99.3826
124.966
98.9972
111.803
111.262
93.2433
103.576
97.2306
109.089
102.314
96.5461
105.66
140.726
106.527
225.433
109.467
191.968
111.552
112.024
262.069
251.252
115.471
230.064
111.254
85.317
94.4469
66.1037
142.702
61.3937
63.2331
106.794
101.661
104.848
104.766
101.517
116.244
96.2389
103.081
108.644
107.914
93.7067
118.817
108.976
106.824
105.438
118.205
108.163
75.0457
105.841
157.176
117.582
97.0726
97.906
97.7372
99.4034
97.2841
97.7016
97.5635
144.395
105.416
106.701
98.0492
105.508
134.688
98.0517
106.698
104.987
111.196
105.01
110.574
110.305
116.517
121.101
111.687
112.412
106
107.903
108.423
102.659
106.834
99.8576
110.416
105.517
109.593
105.827
110.878
100.107
97.5485
98.7554
100.714
99.2119
100.038
98.3414
110.616
111.746
108.441
106.085
103.633
106.21
112.491
105.43
91.5167
98.4558
104.459
110.756
118.57
98.4002
113.007
102.09
96.9517
82.4251
121.823
105.394
108.541
98.5187
101.644
99.3841
117.128
100.604
119.274
99.9947
115.177
110.468
116.474
108.179
107.206
108.969
106.976
104.439
111.133
114.153
106.017
106.182
104.645
104.892
110.23
107.338
107.826
108.312
134.189
115.283
108.018
146.855
292.98
61.9784
57.6018
128.699
64.8709
172.055
84.037
105.422
112.358
116.592
91.4698
109.304
109.957
102.748
76.3077
95.0021
98.0218
124.686
124.25
113.986
112.006
107.02
107.682
108.57
104.068
104.048
105.081
113.672
101.201
107.766
121.034
96.7765
92.1815
118.109
104.283
105.823
110.115
106.148
105.429
109.397
105.268
107.954
112.344
112.403
111.61
109.175
112.254
110.677
111.288
105.882
100.878
109.637
102.435
103.693
103.874
108.299
105.401
107.212
118.01
105.558
128.17
105.077
110.617
114.287
105.128
120.49
113.79
125.965
118.482
108.628
104.358
110.057
108.808
107.932
104.207
107.729
98.2717
105.796
104.433
116.062
98.5637
105.506
107.462
104.747
108.869
107.446
107.538
111.836
104.776
108.085
118.107
102.106
105.925
105.814
107.656
105.725
113.186
114.323
115.899
112.072
100.85
104.404
106.334
104.183
115.474
130.126
105.629
115.821
127.322
142.57
104.645
107.799
108.929
103.765
101.404
125.553
105.734
109.368
106.853
116.022
112.796
113.414
106.911
112.12
108.479
104.884
114.645
106.772
117.717
115.141
105.258
111.142
99.3974
101.815
101.512
101.111
95.52
95.9683
101.053
113.088
106.306
109.47
106.771
109.632
107.8
107.281
103.692
106.521
108.15
108.422
110.022
104.485
121.512
99.0756
105.455
100.281
91.5036
110.399
106.042
102.625
100.453
113.213
100.588
112.532
106.542
107.891
109.982
110.492
101.542
99.4004
100.12
105.899
118.326
102.008
121.119
103.554
112.426
108.503
106.483
109.36
106.257
103.797
133.182
131.39
102.127
104.952
95.053
94.0296
108.01
123.086
119.998
111.162
126.122
127.743
106.586
138.424
112.703
109.863
110.927
109.812
106.119
113.751
105.714
132.171
127.743
109.983
107.308
97.1888
98.0071
108.172
109.824
117.549
105.945
108.312
103.999
109.049
106.986
115.573
106.99
108.521
109.326
105.382
108.135
91.9169
109.411
92.2823
100.711
101.018
103.963
107.606
107.292
91.1215
94.7593
104.246
100.477
103.53
102.279
94.8515
101.354
89.4796
107.607
108.96
107.552
101.776
102.828
88.6541
99.2492
97.8845
95.7766
90.8088
101.007
104.65
101.43
99.7349
103.778
103.494
107.981
163.261
132.453
86.297
42.8635
54.3877
172.959
171.43
133.717
99.446
104.177
105.586
106.66
103.156
99.5743
97.3719
108.705
113.762
105.702
106.954
124.005
112.619
109.468
105.07
116.228
121.852
114.136
108.269
104.718
104.962
106.108
80.2369
59.5082
110.889
104.673
81.2429
94.7211
85.5762
86.5597
79.6027
97.957
98.1984
175.515
92.1516
99.9943
91.8311
77.6063
109.898
97.7979
82.6082
78.2748
81.0986
174.567
81.4397
106.947
107.653
135.156
167.113
95.601
76.1256
165.98
115.191
116.715
112.352
163.52
141.321
109.466
136.434
164.254
126.067
121.373
140.617
113.349
103.357
128.812
111.001
130.438
114.784
144.601
103.218
146.837
108.945
157.61
104.28
142.675
141.961
121.023
110.908
116.427
127.135
108.082
113.268
122.806
157.518
137.448
106.586
138.977
97.5504
104.131
123.114
111.593
144.967
112.437
112.796
126.004
122.508
114.499
117.283
110.041
107.594
114.53
105.555
109.004
104.979
100.166
108.443
64.4921
104.919
104.566
107.812
118.269
143.385
117.354
105.688
126.82
109.723
104.303
107.992
107.009
99.8937
96.6212
95.5691
92.5886
108.269
112.453
120.412
66.1462
128.52
147.739
142.298
114.795
132.744
99.0568
118.071
122.032
103.004
112.751
101.05
102.753
102.84
119.497
158.373
133.221
117.038
122.595
135.992
85.611
47.5117
41.67
170.621
148.343
134.104
171.965
103.998
104.237
98.8832
88.97
88.722
106.246
106.49
84.4345
75.9987
113.256
83.9743
73.3734
64.9703
66.4784
88.6896
103.069
102.501
68.7544
170.643
169.493
65.1667
107.047
139.19
110.975
111.031
116.888
110.212
105.36
101.582
121.19
137.655
93.846
107.994
114.745
92.7565
107.715
140.031
137.715
122.693
109.974
121.863
109.488
92.1905
71.3211
91.4877
91.7966
77.5247
75.39
91.395
98.4486
97.5024
97.3233
100.335
101.109
96.1011
98.3672
91.7733
107.623
107.177
141.35
98.2029
173.593
105.065
90.2167
103.365
112.328
105.874
140.026
138.528
112.399
112.047
117.152
113.29
83.1024
73.99
64.4937
72.1113
92.1489
93.0555
101.637
119.719
119.649
106.684
106.98
99.4993
112.531
113.464
119.639
146.228
117.52
124.877
89.158
232.843
32.677
25.48
178.954
187.585
113.83
98.789
68.5589
98.6181
116.25
80.1818
116.901
81.5969
100.849
105.771
84.5798
72.8658
71.4589
67.2829
71.732
122.019
140.613
134.324
129.041
137.227
123.983
128.644
88.46
68.575
64.2265
128.039
128.237
151.668
144.413
65.1355
65.3946
107.685
99.9043
89.47
43.514
96.9415
109.581
99.8442
96.5448
107.343
97.3786
113.967
113.277
91.8456
161.903
126.925
106.588
101.582
107.273
93.5578
96.6177
102.934
132.409
68.0114
65.9405
101.893
145.357
90.0792
80.9307
154.303
152.464
99.6509
158.09
87.6264
163.24
100.254
82.8076
133.364
122.821
89.8373
154.115
122.581
84.9714
134.215
103.244
92.3588
123.414
122.57
101.698
102.7
96.5496
83.8783
107.182
86.0842
107.528
141.493
80.3651
156.995
160.161
126.825
96.0145
106.604
66.9086
201.207
159.754
115.245
165.126
105.328
108.156
105.517
95.7375
126.094
129.194
164.249
87.895
140.379
66.4377
86.5358
65.1423
124.833
132.963
144.608
157.823
81.2538
199.643
136.846
102.506
129.817
114.727
127.144
83.6387
119.235
133.883
134.898
116.764
127.169
136.561
104.669
74.5042
120.913
67.1523
96.7676
118.986
76.5222
62.4294
125.214
129.477
55.146
135.995
141.769
61.2702
195.736
106.342
103.528
108.787
105.388
181.549
166.785
122.759
90.1481
146.962
160.983
65.7841
70.7425
198.14
99.0546
90.7785
85.8759
114.279
113.818
110.088
125.761
74.9544
82.8615
83.6071
120.477
138.7
85.6654
71.7591
119.911
86.492
99.7227
94.3038
91.235
91.1395
117.171
122.098
141.533
73.1891
178.565
123.858
139.833
140.175
188.222
113.838
112.093
114.61
103.097
117.373
158.247
102.793
103.184
102.84
110.321
102.728
100.471
103.26
97.8204
94.4259
98.6344
96.3819
97.6991
98.1565
93.9556
96.5386
111.324
122.358
99.5323
96.1753
114.086
116.899
45.3004
37.6494
43.5659
57.2813
56.4102
54.2007
65.6147
97.2821
121.746
111.711
139.315
146.936
91.2606
116.43
121.745
140.265
118.117
103.206
111.505
146.024
118.547
112.254
103.379
111.783
131.594
106.778
78.3603
178.585
106.791
107.274
156.17
124.137
174.92
145.161
199.906
92.7451
156.125
172.177
75.0793
115.788
116.623
120.88
97.8082
99.2462
98.1243
95.3712
90.4246
95.248
89.7694
94.3093
92.059
103.144
83.6766
91.2859
112.506
91.8902
89.1349
177.341
64.3861
112.436
147.162
92.5576
113.85
88.9798
117.071
292.752
15.0323
196.663
404.47
118.205
215.836
66.0177
220.19
80.986
570.484
284.9
104.455
71.2562
142.247
135.563
119.129
124.694
131.857
143.593
96.5686
103.656
110.634
103.12
96.1543
104.501
101.845
94.888
84.69
198.939
315.546
102.974
295.244
232.054
101.999
111.787
112.201
110.775
101.233
111.253
108.138
385.91
139.652
85.6317
89.4861
142.207
85.0751
229.929
97.7748
88.9219
110.539
117.347
89.3891
48.3463
107.485
110.585
107.913
112.07
134.065
105.174
106.452
129.434
237.577
120.998
140.902
341.867
290.41
153.599
163.579
59.9026
170.768
133.497
225.096
51.0282
74.1944
144.651
91.3276
321.788
211.892
102.798
156.914
187.257
128.423
96.6058
178.216
197.9
71.9718
268.455
304.908
80.3257
91.9113
107.959
100.135
201.1
228.725
67.7128
72.1418
105.124
107.115
120.863
50.1404
5.79409
22.5461
50.1694
64.0319
126.779
125.804
140.625
257.737
112.496
152.516
162.931
105.346
110.319
108.065
137.298
122.786
105.486
66.2397
87.195
82.9473
101.268
135.313
132.533
110.59
59.1209
131.893
111.409
279.974
121.887
114.102
258.7
88.778
108.497
106.633
85.7916
91.4331
107.591
107.242
97.5797
104.445
98.5461
102.449
97.2294
103.646
91.4645
94.3509
120.503
126.829
102.013
95.5861
111.204
114.186
220.484
135.88
282.571
181.553
269.915
32.6216
180.825
99.7124
111.596
96.7475
110.053
101.702
113.048
101.673
61.5709
86.3952
46.8715
138.517
165.791
162.125
144.97
69.883
111.467
114.981
29.3355
133.637
97.6345
133.922
40.0214
163.461
127.556
171.97
51.1282
175.426
45.0965
84.4552
154.713
93.1284
97.9418
101.782
66.2032
159.691
120.41
111.339
121.262
196.09
112.024
85.5263
116.91
177.587
86.3131
83.6091
256.066
99.3054
121.361
129.178
97.4578
119.158
149.488
112.369
118.941
112.607
117.844
90.0309
134.731
85.4669
-163.389
130.122
191.339
359.482
83.5716
123.436
120.769
105.192
135.953
123.75
174.72
88.7445
101.034
104.479
91.1079
110.986
55.6043
85.5062
239.514
104.831
173.516
17.8749
155.57
34.9263
280.058
)
;

boundaryField
{
    inlet
    {
        type            calculated;
        value           nonuniform List<scalar> 
186
(
103.621
110.901
107.684
105.018
81.5845
116.41
86.5612
86.641
106.155
106.202
102.976
103.678
101.821
104.906
72.9114
119.032
64.7188
89.8309
105.484
100.629
104.895
104.002
106.256
91.4802
106.147
101.166
70.8459
57.7567
108.388
106.042
104.077
80.9842
77.2695
108.506
148.69
97.185
70.6314
94.4798
76.701
90.7793
104.863
106.393
101.362
107.808
103.014
107.665
87.2226
98.4985
118.26
91.7175
94.9218
-12.9234
137.301
95.38
104.898
75.1655
69.2748
105.945
104.748
105.882
108.958
105.053
93.9172
107.052
105.105
99.4876
104.634
104.008
104.364
104.4
98.0149
109.405
104.962
22.7973
105.744
107.296
52.0371
108.886
139.441
109.753
102.551
96.5351
95.0521
85.783
87.8598
47.7677
105.281
70.2473
88.8726
100.499
94.3691
108.393
112.726
15.0654
59.8244
80.1936
76.0014
96.8876
115
126.616
190.16
106.306
107.763
104.29
107.221
52.098
171.748
-14.1707
114.811
97.2732
105.364
108.648
105.529
103.955
113.266
84.5383
108.365
71.1376
79.8612
90.4338
115.369
106.929
-9.13328
93.3199
71.1063
86.0493
70.2047
41.8247
-37.8044
107.751
110.604
72.4436
188.242
178.865
-107.219
111.144
113.737
118.569
109.638
109.489
99.5296
65.0032
68.7489
93.8882
79.2947
82.2644
68.4972
105.658
123.996
93.9996
100.201
86.0532
67.0849
69.2978
87.2831
99.563
-19.4064
103.476
55.3557
53.202
105.328
68.0808
67.2473
97.763
62.2618
88.2912
91.613
76.8567
55.4494
99.4905
148.061
1.85159
163.579
114.047
95.0117
105.601
101.872
90.1546
107.086
110.64
86.4423
144.294
52.6712
53.1074
56.7266
132.906
)
;
    }
    outlet
    {
        type            calculated;
        value           uniform 0;
    }
    lowerWall
    {
        type            calculated;
        value           nonuniform List<scalar> 
1028
(
103.991
109.093
107.602
104.823
83.8823
109.519
72.7606
88.3457
107.449
104.747
104.124
100.25
106.187
104.015
108.96
102.571
111.566
108.741
129.08
103.027
104.859
94.9851
58.8946
99.2547
108.403
102.553
107.932
127.746
99.7823
100.572
96.7291
94.1771
100.537
102.45
97.6386
100.33
102.875
105.598
97.8396
99.2983
103.733
99.3752
112.121
104.059
101.626
98.5884
100.787
104.182
98.6426
98.1154
97.8978
97.903
103.385
102.17
101.7
98.965
99.4081
99.2401
99.6868
98.0723
95.6554
95.756
97.6202
99.8963
99.9278
99.0333
99.1751
97.8939
96.2401
95.8869
92.5665
92.8138
93.4191
94.387
94.4265
94.3188
94.0726
92.9116
92.6618
92.5714
90.2328
90.4059
90.7302
90.6694
90.699
90.6219
90.4625
90.4189
90.2684
90.2169
87.7964
87.9106
88.0708
88.136
88.157
88.113
87.9816
87.8893
87.8086
87.7669
85.3355
85.4117
85.5088
85.5392
85.5471
85.5166
85.4539
85.3899
85.3399
85.3174
82.8608
82.9078
82.9533
83
82.988
82.9706
82.9358
82.8932
82.8679
82.8432
80.388
80.4373
80.4507
80.4678
80.4761
80.4647
80.4601
80.433
80.4074
80.3735
77.9414
77.9725
77.9873
77.9908
77.9914
77.9909
77.9907
77.9725
77.9543
77.9466
75.5105
75.5224
75.5371
75.5457
75.5539
75.5648
75.5519
75.5198
75.5203
75.5144
73.1024
73.1146
73.1101
73.1204
73.1308
73.1384
73.1326
73.1285
73.1216
73.104
70.7067
70.7103
70.7255
70.7305
70.7441
70.7523
70.7479
70.7347
70.7136
70.7073
68.3422
68.3591
68.3809
68.3763
68.369
68.3717
68.3766
68.3632
68.3482
68.3432
65.9998
66.023
66.0397
66.02
66.0005
65.9937
65.9966
66.0084
66.0039
65.9972
63.6796
63.6845
63.6836
63.6887
63.6917
63.6751
63.6659
63.659
63.6706
63.6743
61.367
61.3728
61.3733
61.3859
61.3887
61.3812
61.3703
61.3605
61.3549
61.3571
59.0744
59.076
59.0789
59.0795
59.0795
59.0723
59.073
59.0676
59.0618
59.0654
56.8082
56.804
56.7929
56.7966
56.802
56.8021
56.8019
56.7962
56.8049
56.8084
54.538
54.5388
54.533
54.5346
54.5384
54.5483
54.5562
54.5563
54.5543
54.5436
52.2919
52.279
52.2826
52.2936
52.3022
52.3079
52.313
52.3104
52.319
52.306
50.0644
50.0438
50.0408
50.0514
50.0665
50.0805
50.0774
50.0826
50.0836
50.0795
47.8395
47.8265
47.817
47.8165
47.8265
47.8366
47.8426
47.8444
47.8422
47.8429
45.6138
45.6149
45.6208
45.6273
45.6228
45.6161
45.6131
45.6102
45.611
45.6121
43.4075
43.4147
43.4249
43.4193
43.4074
43.4004
43.401
43.4137
43.4069
43.4044
41.2266
41.2286
41.2303
41.2207
41.2138
41.2072
41.2152
41.2229
41.2211
41.223
39.0412
39.056
39.0605
39.0613
39.0562
39.0504
39.0438
39.0405
39.0285
39.0321
36.881
36.8947
36.8938
36.8895
36.8821
36.8764
36.8629
36.8604
36.8608
36.8672
34.7501
34.7465
34.7264
34.7212
34.7198
34.7122
34.7052
34.7102
34.7275
34.7426
32.6093
32.6039
32.5905
32.586
32.5852
32.5872
32.5935
32.6006
32.6058
32.6101
30.4629
30.4657
30.4769
30.4835
30.4849
30.4882
30.4911
30.4904
30.4823
30.4694
28.3491
28.3554
28.3707
28.3874
28.3967
28.3989
28.3937
28.3832
28.372
28.3571
26.2878
26.2836
26.2823
26.2889
26.2993
26.3104
26.3163
26.3161
26.3107
26.2992
24.2627
24.2458
24.2358
24.2317
24.2347
24.2503
24.2619
24.273
24.2775
24.272
22.2469
22.2243
22.2217
22.2227
22.2259
22.2309
22.2325
22.2385
22.2428
22.2458
20.2213
20.2194
20.2215
20.2273
20.2342
20.2364
20.2287
20.2234
20.2219
20.2205
18.2251
18.2304
18.2378
18.2425
18.2416
18.2362
18.2289
18.2245
18.223
18.2236
16.2743
16.2784
16.2732
16.2611
16.2492
16.2358
16.2268
16.2399
16.2476
16.2625
14.3257
14.3334
14.3165
14.2983
14.2782
14.2651
14.2605
14.2742
14.2898
14.3036
12.3475
12.3688
12.3689
12.3554
12.3448
12.335
12.3326
12.3374
12.3376
12.3386
10.3999
10.4092
10.4192
10.4236
10.4207
10.4166
10.4122
10.4106
10.4062
10.3983
8.49809
8.49203
8.48887
8.48979
8.49121
8.49561
8.49736
8.49956
8.49944
8.5009
6.59784
6.59204
6.5852
6.58461
6.59252
6.60788
6.61426
6.61281
6.60521
6.60422
4.69555
4.69481
4.69663
4.70309
4.71777
4.74185
4.74153
4.7305
4.71877
4.7063
2.81263
2.81362
2.81817
2.82405
2.83204
2.84169
2.84755
2.84548
2.83259
2.81991
0.940495
0.940322
0.940749
0.93562
0.933612
0.936588
0.945802
0.949646
0.950325
0.941217
97.8167
96.0215
96.3784
99.8529
97.1342
96.2384
102.277
100.21
97.9024
106.014
99.7526
100.394
99.7087
99.0171
100.064
99.9933
98.9819
99.1023
99.037
98.864
99.0529
99.4674
97.3776
98.892
99.0306
96.6511
97.6399
97.9038
96.5447
96.6992
97.1219
97.3064
97.8055
105.104
69.2978
97.7676
97.4273
111.041
115.232
104.243
109.61
101.86
99.8023
98.9322
100.286
101.278
101.68
99.0124
100.082
100.413
101.918
104.014
103.108
100.397
95.7331
98.6363
98.8344
98.3414
97.8248
98.7417
97.8817
97.7547
98.1032
99.6002
97.1544
97.6009
103.974
100.934
99.1588
106.48
103.896
101.253
99.4635
99.3604
100.704
99.3373
98.8739
99.1647
99.5413
99.1427
99.3506
97.8126
100.152
99.4175
100.222
98.7469
98.5001
98.1991
98.0855
98.0616
95.6523
94.3169
94.2784
96.8459
95.0667
94.5133
99.6149
96.2162
95.6476
99.8178
95.8504
96.022
98.9409
95.7968
95.8734
98.8539
95.5132
95.7416
98.3166
95.3683
95.5411
96.3135
94.886
95.2369
95.7891
94.4774
94.6082
95.8115
94.3262
94.3808
96.9813
97.4682
97.8416
96.2309
97.3678
96.7167
97.1938
96.9759
96.2215
97.4544
97.1705
108.214
97.1093
98.2769
98.4281
97.3445
97.1913
96.575
101.11
101.408
116.777
100.239
101.554
101.073
100.05
100.737
99.7015
99.9683
100.91
106.115
100.372
100.995
99.845
100.642
101.001
100.204
99.193
99.8099
99.5005
99.3366
99.608
99.086
100.315
99.5036
99.4054
99.4097
99.0845
99.2701
99.0014
98.8528
99.1172
99.0557
98.8292
98.8675
99.0417
99.2807
100.143
99.1188
99.2395
98.9246
99.1082
99.0127
98.9636
99.4716
104.307
103.874
97.9259
99.2344
98.6052
99.1001
98.7659
98.3917
98.2058
98.21
99.0371
97.0285
97.8684
97.5132
98.639
98.3177
97.3229
98.4949
98.0765
98.1147
96.51
97.5358
97.4595
97.8683
97.6026
96.5255
100.031
97.8595
97.7438
99.3139
98.752
99.1883
98.7887
98.4233
98.6789
98.8569
97.4175
98.1245
104.619
101.27
97.7128
98.1033
98.1079
99.2002
98.4839
98.5074
100.123
98.5813
98.8411
99.3065
98.2072
98.473
98.9183
96.5505
97.1878
98.9361
97.41
96.3268
96.4997
97.6501
97.5394
99.1215
95.7202
95.9423
96.8311
98.6162
96.9726
96.3963
98.0967
98.3433
99.7377
98.0302
98.4345
98.349
110.828
142.675
103.602
109.784
116.341
98.3216
104.825
105.249
100.542
99.4135
102.812
101.969
105.77
103.596
103.954
102.372
102.29
103.251
101.387
102.23
97.5022
96.8724
100.62
103.835
98.8387
102.493
102.413
99.2174
98.789
97.5614
103.218
84.3475
96.8876
94.2387
92.9587
93.0683
94.3923
93.0944
93.1572
96.6298
96.5715
95.7634
95.8832
96.8489
96.6955
104.049
94.4569
103.361
96.0957
95.6588
95.6413
95.8061
96.5314
96.1986
96.0463
95.7078
96.5957
96.8099
96.9599
96.0156
101.158
92.2937
102.502
78.5711
73.774
94.9405
116.584
117.756
121.33
97.6525
101.685
100.801
114.506
113.017
105.029
122.038
97.944
94.9431
96.0139
103.005
101.598
125.18
104.866
107.01
97.1023
118.15
103.144
113.023
107.562
99.572
104.081
94.5367
102.139
88.9295
107.397
109.335
94.426
92.0911
92.5864
94.375
93.0772
93
102.755
105.315
94.9572
101.41
130.296
134.908
93.9087
92.5953
92.8103
116
104.641
92.669
95.8982
96.7527
96.7361
90.8134
97.8704
109.637
121.248
105.769
105.728
96.1681
95.9114
95.2986
95.3267
101.07
106.951
172.87
113.118
268.081
135.065
94.1994
93.0228
101.885
103.273
135.447
105.374
90.8037
101.179
95.81
110.305
118.223
101.25
97.1222
98.8907
114.181
101.374
119.91
98.5284
105.514
111.744
109.877
110.724
107.25
106.776
104.524
105.935
106.003
108.45
105.089
106.511
117.142
103.201
114.852
107.335
120.483
155.593
80.3097
154.212
127.167
118.833
96.3526
99.3303
124.654
123.856
99.6288
97.7369
99.0862
79.3629
101.281
106.396
106.469
107.068
107.318
104.358
108.695
106.549
103.833
106.394
114.092
108.72
113.293
128.492
106.666
117.615
100.581
108.517
99.9346
93.055
108.644
107.914
103.081
121.101
102.659
107.903
110.574
116.517
106.698
102.748
113.986
124.686
104.358
110.057
108.628
105.796
104.433
98.2717
110.022
121.512
103.692
100.453
109.982
106.542
94.8515
101.776
108.96
99.2492
101.007
88.6541
101.43
163.261
103.494
80.2369
59.5082
106.108
99.8937
112.453
95.5691
143.385
107.992
117.354
147.739
132.744
120.412
77.5247
91.395
92.1905
97.5024
97.3233
98.4486
112.047
72.1113
73.99
112.093
158.247
113.838
103.184
102.84
102.793
121.746
116.43
139.315
105.174
129.434
110.585
108.497
106.633
88.778
)
;
    }
    upperWall
    {
        type            calculated;
        value           nonuniform List<scalar> 
1082
(
104.592
105.714
106.032
106.692
108.305
105.26
99.9751
75.0457
116.592
104.696
104.008
99.5323
110.775
106.368
118.547
112.204
103.546
126.257
82.7729
102.945
103.12
99.9043
138.972
99.1448
105.618
102.959
97.6758
101.931
100.665
105.17
96.3819
34.1557
72.5964
98.2154
105.895
100.964
93.1635
102.711
98.1049
99.4034
98.4408
97.9696
106.876
108.113
102.505
98.4135
100.155
99.428
98.1011
98.3806
97.8645
98.2582
99.7708
100.471
103.088
99.062
99.3396
99.2743
98.2608
98.0291
95.6558
95.7503
97.5983
99.9023
99.9169
99.0348
99.1368
97.8973
96.2505
95.8891
92.5669
92.8133
93.4201
94.3883
94.4254
94.3179
94.0714
92.9118
92.662
92.5717
90.2327
90.4058
90.7314
90.6693
90.6984
90.6214
90.4625
90.4192
90.2687
90.2169
87.7963
87.9105
88.0707
88.1351
88.1573
88.1131
87.9815
87.8892
87.8085
87.7667
85.3356
85.4116
85.5086
85.5391
85.5471
85.5163
85.4538
85.3898
85.3398
85.3175
82.861
82.9077
82.9532
82.9999
82.9878
82.9705
82.9357
82.8931
82.8678
82.8431
80.3877
80.4372
80.4506
80.4677
80.4756
80.4654
80.46
80.4329
80.4073
80.3731
77.9414
77.9724
77.9872
77.9907
77.9913
77.9908
77.9906
77.9724
77.9542
77.9468
75.5104
75.5223
75.537
75.5456
75.5539
75.5648
75.5518
75.5197
75.5202
75.5143
73.1019
73.1141
73.11
73.1203
73.1308
73.1382
73.1325
73.1284
73.1219
73.1044
70.7066
70.7103
70.7254
70.7304
70.744
70.7522
70.7478
70.7352
70.7137
70.7072
68.3423
68.3594
68.3805
68.376
68.3689
68.3719
68.3763
68.3627
68.3481
68.3431
66
66.0227
66.0398
66.0198
66.0004
65.9934
65.9965
66.0087
66.0039
65.9971
63.679
63.6842
63.6834
63.6884
63.6918
63.6748
63.6659
63.659
63.6706
63.674
61.3669
61.3729
61.3729
61.3859
61.3888
61.3818
61.3704
61.3603
61.3548
61.3567
59.0744
59.0761
59.0788
59.0794
59.0791
59.072
59.0729
59.0677
59.0618
59.0653
56.8081
56.8033
56.7927
56.7966
56.802
56.8019
56.8017
56.7963
56.8049
56.8083
54.5377
54.5381
54.5327
54.5348
54.5385
54.5483
54.5561
54.5562
54.5542
54.5436
52.2918
52.2792
52.2826
52.293
52.3018
52.3082
52.3126
52.3102
52.3188
52.3061
50.0644
50.0438
50.0406
50.051
50.0666
50.0805
50.0773
50.0825
50.0836
50.0792
47.8391
47.8262
47.8172
47.8168
47.8267
47.8365
47.8424
47.8443
47.842
47.8424
45.6137
45.6148
45.6207
45.6273
45.6227
45.616
45.6133
45.6099
45.6109
45.6122
43.4071
43.4148
43.4249
43.4195
43.4071
43.4003
43.4013
43.4135
43.4069
43.4047
41.2262
41.2289
41.2304
41.2205
41.2133
41.2078
41.2152
41.223
41.2213
41.2228
39.0412
39.0566
39.0601
39.061
39.056
39.0505
39.0437
39.0404
39.0284
39.0318
36.8812
36.8947
36.8933
36.8894
36.882
36.8757
36.8626
36.8602
36.8607
36.8675
34.7501
34.7463
34.7265
34.721
34.7199
34.7119
34.705
34.7102
34.728
34.7432
32.6089
32.604
32.5907
32.5859
32.5851
32.5871
32.5933
32.6005
32.6059
32.6094
30.4628
30.4656
30.4771
30.4835
30.4849
30.4884
30.491
30.4903
30.482
30.4694
28.349
28.3553
28.3706
28.3872
28.3966
28.3988
28.3934
28.3831
28.3722
28.3574
26.2876
26.2834
26.282
26.2887
26.2992
26.3104
26.3162
26.316
26.3109
26.2993
24.2627
24.2462
24.2358
24.2317
24.2346
24.2502
24.2618
24.2729
24.2773
24.2719
22.2468
22.2241
22.2216
22.2227
22.2258
22.2308
22.2324
22.2384
22.2426
22.2457
20.221
20.2187
20.2213
20.2272
20.2346
20.2366
20.2288
20.2234
20.2218
20.2204
18.2248
18.2304
18.2379
18.2425
18.2412
18.2359
18.2288
18.2243
18.2231
18.2235
16.2744
16.2786
16.2735
16.261
16.2484
16.235
16.2265
16.2399
16.2476
16.2623
14.3259
14.3332
14.3164
14.2981
14.2784
14.2651
14.2605
14.2742
14.2897
14.3036
12.3477
12.3681
12.3685
12.3557
12.3446
12.335
12.3326
12.3373
12.3373
12.3382
10.3999
10.4093
10.4191
10.4237
10.4204
10.4163
10.412
10.4104
10.406
10.3982
8.49819
8.49209
8.48859
8.48946
8.49112
8.49552
8.49727
8.49947
8.49931
8.50087
6.59759
6.59174
6.58485
6.58442
6.5926
6.60785
6.61444
6.61274
6.605
6.60399
4.69548
4.69474
4.69663
4.70302
4.71757
4.74186
4.74131
4.73044
4.71867
4.70607
2.81249
2.81393
2.81815
2.8239
2.83186
2.84092
2.84739
2.84548
2.83264
2.81996
0.940596
0.940077
0.940408
0.935176
0.933568
0.93652
0.945881
0.949764
0.950233
0.941135
96.3807
96.0289
97.7382
96.2368
97.1219
98.2826
97.8977
100.201
100.33
100.407
99.6994
101.461
100.07
99.0473
99.813
99.1174
98.9796
99.8807
99.1132
98.8517
101.859
98.8874
97.2732
99.0662
97.7372
96.6837
98.7856
96.6855
96.543
97.9172
98.2689
97.2837
99.0933
97.727
102.266
99.014
103.391
102.048
97.6849
100.948
108.478
100.119
100.343
103.363
99.425
97.3454
98.4731
99.4435
101.015
107.896
102.036
102.109
101.426
103.567
98.8871
98.6065
104.059
98.1181
98.1788
103.082
98.1082
97.763
97.8841
97.5482
97.2462
97.0332
99.1552
100.905
102.282
100.904
110.295
103.175
100.717
99.4622
99.485
99.1316
98.9
99.4717
99.3518
99.1579
99.3045
99.3608
102.049
106.279
98.3949
98.5442
100.117
98.0303
98.1167
98.1907
94.278
94.3164
95.6535
94.5114
95.068
96.8415
95.6476
96.2165
99.5935
96.0235
95.8504
99.8326
95.8734
95.7964
98.9359
95.7429
95.5135
98.8583
95.5406
95.3688
98.3166
95.2363
94.8851
96.3265
94.6077
94.4778
95.7846
94.3801
94.3263
95.8112
96.222
96.987
97.1988
96.7206
97.3608
96.2346
97.8149
97.4512
96.9784
96.5554
97.1605
97.3455
98.4058
98.1527
96.8594
98.0983
97.5079
97.9161
99.6877
100.741
100.024
101
101.367
100.18
100.163
100.652
100.899
100.135
100.114
100.631
99.8666
99.7069
100.349
98.2663
100.175
100.133
99.4306
99.5671
100.303
99.1116
99.4472
99.4082
100.984
99.8459
99.1099
98.8854
98.8385
99.0143
99.0473
98.9484
99.0013
98.4591
98.8833
99.3703
98.9776
99.0714
99.1994
98.9193
99.2172
99.1111
99.6623
99.2319
98.841
98.3712
98.8286
99.1058
98.6135
99.2492
97.9117
109.569
102.621
98.3677
97.255
98.4539
98.6314
97.5318
97.8203
97.0451
99.0794
98.2847
98.2128
96.5263
97.5949
97.8215
97.4775
97.5227
96.5141
98.1204
98.0674
98.5535
97.7371
97.9274
99.9441
99.1789
98.7512
99.3205
98.6805
98.4255
98.8033
98.0815
97.4118
98.8377
98.1484
99.6655
100.066
117.552
108.187
97.3096
100.066
98.5168
98.4798
99.3116
98.8399
98.5813
98.92
98.4708
98.2002
98.9326
97.1816
96.5475
96.4968
96.3044
97.4384
99.0995
97.5221
97.6414
96.6984
95.9391
95.7219
96.3927
96.9566
98.5638
100.589
96.338
100.81
96.6795
99.0909
97.6028
89.2917
100.986
113.306
102.437
98.9566
102.045
105.118
98.0297
107.401
95.3021
103.722
101.255
100.792
99.2069
103.966
111.566
103.182
121.094
98.7626
102.361
105.957
102.763
106.852
106.525
100.236
116.159
99.6698
98.4892
89.3522
123.782
109.364
110.932
150.358
97.8069
101.23
101.081
102.889
103.661
105.047
99.5492
100.27
99.532
108.754
97.7717
104.122
99.3548
94.782
102.988
125.899
98.1469
94.2117
113.767
98.3169
95.4799
98.3479
99.1714
97.8883
102.883
108.931
105.312
106.052
108.151
103.094
95.8543
115.594
139.034
104.058
103.678
97.6523
93.0677
92.9581
94.2381
93.1565
93.0936
94.3916
95.7644
96.5724
96.6307
96.6954
96.8479
95.8827
103.817
100.303
107.178
108.336
93.6315
114.885
97.3213
105.404
99.05
108.02
100.724
101.623
103.939
121.992
95.9319
100.68
110.649
99.1102
100.999
96.2859
99.4648
106.673
115.028
98.3513
95.6335
95.6668
96.0874
96.5961
95.7064
96.0406
96.1958
96.5308
95.806
96.0148
96.9589
96.8042
100.161
103.669
103.785
126.285
110.476
94.4525
103.13
102.543
128.193
103.527
106.194
104.519
93.0014
93.0786
94.3764
92.809
92.594
93.9074
96.7345
96.7532
95.8979
95.2975
95.9095
96.165
118.787
105.79
125.283
105.704
106.505
100.105
103.095
105.736
103.989
102.92
105.224
129.179
101.76
99.5373
103.133
103.651
86.9304
111.204
98.1132
125.004
86.9937
100.762
97.4353
137.555
107.866
118.006
100.623
140.375
130.517
101.705
161.661
108.953
103.741
96.0821
99.8573
110.697
103.754
124.417
100.096
102.121
137.342
114.966
96.894
101.951
97.2811
112.647
102.679
120.715
101.262
110.422
103.693
102.869
131.685
100.975
115.895
136.26
100.97
140.864
108.823
105.315
109.485
108.907
105.464
102.608
105.735
102.509
104.69
110.937
107.991
99.1005
105.998
94.8772
105.841
117.582
157.176
97.2841
97.5635
97.7016
98.7554
100.038
100.714
91.4698
109.957
109.304
106.99
108.135
108.521
100.477
102.279
91.1215
103.156
97.3719
104.177
116.228
104.962
114.136
103.069
65.1667
170.643
144.967
114.499
126.004
105.555
104.979
110.041
148.343
171.965
47.5117
107.994
92.7565
121.19
110.975
105.36
111.031
140.613
128.644
137.227
105.771
71.732
72.8658
68.575
144.413
128.039
201.207
108.156
165.126
89.47
96.9415
43.514
106.588
93.5578
161.903
82.8076
154.115
133.364
82.8615
71.7591
120.477
113.818
125.761
90.7785
99.7227
117.171
94.3038
96.1753
116.899
114.086
97.6991
93.9556
98.1565
124.137
199.906
156.17
156.125
120.88
115.788
92.059
91.8902
83.6766
142.247
143.593
119.129
101.233
108.138
111.253
96.1543
101.845
104.501
268.455
80.3257
178.216
5.79409
50.1694
107.115
201.1
72.1418
107.959
121.887
258.7
131.893
173.516
280.058
17.8749
)
;
    }
    frontWall
    {
        type            cyclic;
    }
    backWall
    {
        type            cyclic;
    }
}


// ************************************************************************* //
