/*--------------------------------*- C++ -*----------------------------------*\
| =========                 |                                                 |
| \\      /  F ield         | OpenFOAM: The Open Source CFD Toolbox           |
|  \\    /   O peration     | Version:  5.0                                   |
|   \\  /    A nd           | Web:      www.OpenFOAM.org                      |
|    \\/     M anipulation  |                                                 |
\*---------------------------------------------------------------------------*/
FoamFile
{
    version     2.0;
    format      ascii;
    class       volScalarField;
    location    "3.3";
    object      p_rgh;
}
// * * * * * * * * * * * * * * * * * * * * * * * * * * * * * * * * * * * * * //

dimensions      [1 -1 -2 0 0 0 0];

internalField   nonuniform List<scalar> 
8458
(
103.631
106.58
116.103
104.604
70.1558
92.0192
95.2824
92.0621
89.906
87.5521
85.1555
82.7249
80.2794
77.8523
75.4286
73.0233
70.6311
68.2661
65.9244
63.6074
61.2972
59.0037
56.7398
54.4692
52.2235
49.9972
47.7757
45.5512
43.3457
41.1674
38.9869
36.8276
34.6984
32.5641
30.4183
28.3054
26.2457
24.2217
22.2053
20.1846
18.1916
16.2429
14.2975
12.3249
10.3803
8.48279
6.58947
4.68797
2.80821
0.938803
104.981
103.563
100.953
83.8606
179.237
94.8725
96.6737
93.0804
90.035
87.7133
85.2548
82.7901
80.3419
77.8899
75.4466
73.0432
70.638
68.2875
65.9521
63.6139
61.3029
59.0074
56.7334
54.4711
52.2127
49.9803
47.7637
45.5536
43.3553
41.1668
38.9974
36.8394
34.6941
32.5512
30.4206
28.3111
26.2411
24.2063
22.1896
20.1847
18.1975
16.2471
14.3032
12.3431
10.3875
8.47345
6.57566
4.68473
2.80855
0.93848
105.037
105.91
103.946
153.223
59.9644
94.3474
96.8942
93.5319
90.3765
87.9295
85.4029
82.8731
80.3812
77.9221
75.4726
73.0452
70.6597
68.3128
65.9713
63.6154
61.3067
59.0111
56.7254
54.4653
52.2151
49.9766
47.7544
45.5602
43.3668
41.178
39.0055
36.84
34.6749
32.5404
30.4267
28.3256
26.2413
24.1972
22.1858
20.1868
18.2073
16.2477
14.2921
12.3426
10.3975
8.47027
6.56987
4.68601
2.81099
0.938284
104.877
103.69
102.49
101.892
103.217
98.2409
97.6495
94.514
90.7963
88.183
85.554
82.9911
80.4402
77.9504
75.4969
73.0649
70.6706
68.3136
65.9541
63.6217
61.3176
59.0122
56.7319
54.4696
52.231
49.989
47.7543
45.5663
43.3602
41.1637
39.0052
36.8343
34.6692
32.5358
30.436
28.343
26.2475
24.1934
22.1865
20.1933
18.2125
16.2347
14.2707
12.3331
10.4036
8.47251
6.57078
4.69323
2.81743
0.933669
103.095
102.389
103.802
100.644
99.8327
101.402
99.2477
95.7516
91.0409
88.3339
85.6407
83.026
80.4768
77.969
75.517
73.0813
70.6877
68.3081
65.937
63.6263
61.322
59.0114
56.7345
54.4718
52.2373
50.0019
47.7635
45.5607
43.3476
41.1549
38.9985
36.8262
34.6661
32.5344
30.4364
28.3517
26.2576
24.1981
22.1913
20.2038
18.2127
16.2235
14.2544
12.3237
10.4019
8.47496
6.57829
4.70829
2.82647
0.931802
102.166
102.154
105.08
104.264
105.143
101.627
99.5608
96.2615
91.0566
88.3464
85.6421
83.026
80.477
77.9738
75.5279
73.091
70.6967
68.3107
65.9305
63.6103
61.3173
59.0072
56.7358
54.4821
52.2428
50.0162
47.7739
45.5557
43.3409
41.1465
38.9906
36.8209
34.6599
32.5372
30.4404
28.3534
26.2676
24.2087
22.1932
20.2024
18.2045
16.2017
14.2351
12.3121
10.3963
8.47878
6.5947
4.73172
2.83692
0.93471
102.426
104.848
97.4625
103.312
101.367
106.542
99.3128
95.5638
90.7906
88.1654
85.5445
82.9698
80.4578
77.9647
75.5099
73.0809
70.6897
68.3146
65.9316
63.5982
61.3004
59.0039
56.7324
54.4893
52.2483
50.0128
47.7794
45.5518
43.3427
41.1602
38.9907
36.8111
34.6538
32.5437
30.4436
28.348
26.2729
24.2221
22.1951
20.1935
18.1957
16.2008
14.2355
12.3099
10.392
8.48043
6.60069
4.7315
2.84079
0.943794
104.31
104.015
114.795
104.045
104.987
103.103
97.7874
94.2632
90.417
87.9332
85.3854
82.8705
80.3958
77.925
75.4647
73.0686
70.6717
68.2976
65.9414
63.591
61.2906
58.9985
56.7302
54.4901
52.2474
50.0172
47.7804
45.5493
43.3526
41.1647
38.9863
36.8077
34.6586
32.5503
30.4416
28.3365
26.2716
24.2302
22.199
20.1867
18.1906
16.2061
14.2461
12.3132
10.3902
8.48235
6.599
4.72053
2.83893
0.947534
98.7254
95.0546
107.659
96.2742
104.718
101.907
97.2049
93.2749
89.994
87.6815
85.2356
82.7852
80.3327
77.8829
75.4514
73.0533
70.6442
68.2797
65.9342
63.5996
61.284
58.9908
56.7345
54.485
52.2481
50.0173
47.7768
45.547
43.3458
41.163
38.9731
36.8072
34.6757
32.5551
30.4341
28.3264
26.2667
24.2342
22.2031
20.1851
18.1887
16.2171
14.2641
12.3148
10.3868
8.48431
6.59219
4.70981
2.82815
0.94868
103.042
108.466
102.502
105.141
95.0515
93.9846
95.3566
91.9081
89.8323
87.5168
85.143
82.7143
80.2695
77.8552
75.4333
73.0277
70.6348
68.2744
65.9279
63.6038
61.2857
58.9962
56.7389
54.4748
52.2381
50.0134
47.7791
45.5496
43.3437
41.1636
38.975
36.8138
34.6917
32.5624
30.423
28.3118
26.255
24.2307
22.2061
20.184
18.1901
16.2332
14.2837
12.3177
10.3809
8.48777
6.59527
4.69843
2.81388
0.939252
103.43
104.431
107.748
109.219
95.3987
91.4333
95.2339
92.0629
89.9058
87.5521
85.1556
82.7249
80.2792
77.8524
75.4286
73.0232
70.6311
68.2661
65.9245
63.607
61.2971
59.0038
56.7398
54.4691
52.2235
49.9972
47.7756
45.5512
43.3456
41.1674
38.9869
36.8277
34.6984
32.5639
30.4182
28.3054
26.2456
24.2217
22.2053
20.1846
18.1915
16.2429
14.2977
12.325
10.3803
8.48279
6.58939
4.68796
2.80816
0.938866
103.442
104.543
103.993
155.762
159.5
94.2564
96.5098
93.0797
90.0353
87.7129
85.2548
82.79
80.3419
77.8899
75.4466
73.0429
70.6381
68.2877
65.952
63.6138
61.3031
59.0075
56.7333
54.4711
52.2128
49.9802
47.7636
45.5536
43.3552
41.1668
38.9978
36.8395
34.6941
32.5513
30.4206
28.3111
26.2411
24.2063
22.1894
20.1841
18.1975
16.2472
14.3032
12.3428
10.3876
8.47348
6.57556
4.68481
2.80874
0.938432
105.175
105.313
103.053
131.327
156.24
93.898
96.9031
93.5315
90.378
87.9293
85.4029
82.8731
80.3812
77.9221
75.4726
73.0452
70.6598
68.3127
65.9713
63.6153
61.3064
59.0111
56.7253
54.4654
52.2151
49.9765
47.7544
45.5602
43.3668
41.1781
39.0052
36.8399
34.675
32.5405
30.4268
28.3256
26.2412
24.1972
22.1858
20.1867
18.2073
16.2477
14.2922
12.3424
10.3976
8.47011
6.56979
4.68605
2.81112
0.938264
103.593
104.061
103.958
105.643
106.28
97.9719
97.6752
94.5043
90.7968
88.1825
85.554
82.9911
80.4402
77.9504
75.4968
73.0649
70.6706
68.3134
65.954
63.6216
61.3176
59.0122
56.7319
54.4701
52.2309
49.9889
47.7544
45.5664
43.3602
41.1635
39.005
36.8345
34.6692
32.5358
30.436
28.3426
26.2475
24.1934
22.1865
20.1932
18.2125
16.2347
14.2705
12.3331
10.4038
8.47249
6.57068
4.69324
2.81741
0.93353
102.531
102.56
102.285
99.6903
111.788
101.473
99.2501
95.6825
91.0413
88.3339
85.6408
83.026
80.4767
77.969
75.5171
73.0813
70.6877
68.308
65.9369
63.6264
61.3221
59.0114
56.7343
54.4719
52.2371
50.002
47.7636
45.5606
43.3471
41.1548
38.9986
36.8261
34.666
32.5344
30.4364
28.3517
26.2576
24.1981
22.1913
20.2038
18.2127
16.2235
14.2543
12.3237
10.4019
8.47494
6.57822
4.7082
2.82639
0.931853
102.291
102.578
104.061
106.736
104.969
101.689
99.5226
96.1435
91.057
88.3465
85.642
83.026
80.4772
77.9738
75.5278
73.091
70.6967
68.3107
65.9304
63.6103
61.3173
59.0071
56.7357
54.4822
52.2428
50.0164
47.7739
45.5556
43.3409
41.1466
38.9906
36.8208
34.6598
32.5372
30.4405
28.3533
26.2676
24.2087
22.1932
20.2024
18.2045
16.2018
14.2351
12.3121
10.3962
8.47876
6.59467
4.73174
2.83664
0.934676
102.748
103.291
100.123
104.086
102.541
103.139
99.201
95.5236
90.7912
88.1652
85.5445
82.9697
80.4578
77.9646
75.5098
73.0808
70.6897
68.3145
65.9314
63.5983
61.3004
59.0038
56.7324
54.4893
52.248
50.0128
47.7793
45.5519
43.3428
41.1601
38.991
36.811
34.6537
32.5436
30.4435
28.3477
26.2729
24.2221
22.1951
20.1936
18.1957
16.2006
14.2355
12.31
10.3918
8.48041
6.60091
4.73157
2.84071
0.943921
102.478
107.242
111.797
102.646
103.039
97.069
97.7428
94.2593
90.4176
87.9331
85.3854
82.8705
80.3957
77.925
75.4646
73.0686
70.672
68.2974
65.9416
63.5909
61.2906
58.9985
56.7302
54.4901
52.2474
50.0174
47.7808
45.549
43.3525
41.1647
38.9862
36.8076
34.6586
32.5503
30.4415
28.3366
26.2715
24.2302
22.199
20.1865
18.1905
16.2061
14.246
12.3132
10.3901
8.48233
6.59899
4.72051
2.83899
0.947571
98.3191
95.7259
100.03
118.376
103.994
99.0373
97.2384
93.2722
89.9946
87.6813
85.2356
82.7851
80.3327
77.8829
75.4514
73.0534
70.6443
68.2788
65.9343
63.5996
61.2839
58.9908
56.7345
54.485
52.248
50.0173
47.7765
45.547
43.3459
41.1631
38.9732
36.8071
34.6762
32.5551
30.4341
28.3264
26.2667
24.2341
22.203
20.185
18.1888
16.2173
14.2641
12.3147
10.3868
8.48426
6.59214
4.70977
2.82822
0.948682
101.491
119.395
101.916
103.007
93.5466
94.0967
95.2321
91.9085
89.8322
87.5168
85.1431
82.7142
80.2694
77.8553
75.4333
73.028
70.6348
68.2743
65.928
63.6036
61.2856
58.9962
56.7389
54.4748
52.2382
50.0134
47.7788
45.5496
43.3437
41.1636
38.9751
36.8138
34.6918
32.5624
30.423
28.3119
26.255
24.2307
22.2061
20.184
18.1901
16.2331
14.2836
12.3176
10.3809
8.48776
6.59514
4.69843
2.81387
0.939236
103.471
105.161
109.466
108.581
76.0947
95.4644
95.2061
92.0624
89.9059
87.552
85.1556
82.7249
80.2789
77.8526
75.4284
73.023
70.631
68.2661
65.9248
63.6068
61.297
59.0038
56.7396
54.4689
52.2235
49.9972
47.7754
45.5511
43.3454
41.1674
38.9869
36.8277
34.6984
32.5638
30.4181
28.3053
26.2455
24.2217
22.2052
20.1844
18.1913
16.243
14.2977
12.3251
10.3803
8.48271
6.58926
4.68788
2.80806
0.938802
104.034
105.525
100.35
102.676
118.37
92.6071
96.5377
93.0806
90.0348
87.7131
85.2547
82.79
80.3418
77.8898
75.4465
73.0427
70.6381
68.2878
65.9517
63.6137
61.3031
59.0075
56.7324
54.471
52.2129
49.9801
47.7634
45.5535
43.3553
41.1668
38.9979
36.8395
34.6939
32.5512
30.4205
28.311
26.241
24.2068
22.1893
20.1832
18.1977
16.2473
14.303
12.3424
10.3876
8.47347
6.57549
4.68474
2.80883
0.938243
104.908
106.304
106.339
116.041
131.346
93.8541
96.8941
93.5326
90.3779
87.9294
85.4028
82.873
80.3811
77.922
75.4725
73.0451
70.6597
68.3125
65.9713
63.6152
61.3062
59.011
56.7251
54.4657
52.2151
49.9763
47.7543
45.5601
43.3668
41.1781
39.0049
36.8395
34.6751
32.5406
30.4268
28.3256
26.241
24.1972
22.1857
20.1866
18.2072
16.2478
14.2922
12.3422
10.3977
8.47001
6.56968
4.68602
2.81106
0.938138
103.581
105.096
103.983
102.638
103.967
99.6529
97.616
94.5078
90.7963
88.1823
85.5539
82.991
80.4401
77.9503
75.4967
73.0648
70.6705
68.3132
65.9539
63.6214
61.3177
59.0122
56.7319
54.4701
52.2301
49.9884
47.7545
45.5663
43.3602
41.1635
39.0049
36.8344
34.6691
32.5357
30.436
28.3425
26.2474
24.1933
22.1865
20.1932
18.2125
16.2346
14.2705
12.333
10.4038
8.47242
6.57058
4.69322
2.81731
0.933197
102.588
102.965
102.412
99.7858
89.6711
101.407
99.245
95.6835
91.0404
88.3342
85.6407
83.0259
80.4765
77.9689
75.5171
73.0813
70.6876
68.308
65.9367
63.6264
61.3221
59.0108
56.7342
54.472
52.2368
50.002
47.7637
45.5606
43.3469
41.1546
38.9986
36.8261
34.6659
32.5344
30.4364
28.3516
26.258
24.198
22.1913
20.2041
18.2126
16.2234
14.2542
12.3236
10.4018
8.47488
6.57835
4.7081
2.82628
0.93176
103.152
101.458
103.325
102.021
104.976
101.397
99.5085
96.1533
91.0561
88.3466
85.6418
83.0259
80.4772
77.9737
75.5275
73.0908
70.6966
68.3108
65.9302
63.6102
61.3173
59.0069
56.7355
54.4822
52.2428
50.0163
47.7738
45.5554
43.3408
41.1472
38.9908
36.8206
34.6596
32.5371
30.4406
28.3532
26.2676
24.2087
22.1931
20.2025
18.2042
16.2018
14.235
12.3122
10.396
8.47868
6.59469
4.73173
2.83622
0.934653
100.966
103.222
99.3109
104.816
103.043
101.555
99.196
95.5274
90.7906
88.1652
85.5444
82.9696
80.4577
77.9645
75.5098
73.0808
70.6896
68.3143
65.9314
63.5984
61.3003
59.0038
56.7324
54.4892
52.2478
50.0127
47.7792
45.5521
43.3432
41.1602
38.991
36.8108
34.6537
32.5435
30.4433
28.3476
26.2728
24.222
22.195
20.1935
18.1956
16.2002
14.2354
12.3099
10.3917
8.48034
6.60097
4.7313
2.84022
0.943903
103.816
103.06
109.239
102.4
102.863
97.0836
97.7462
94.2596
90.4173
87.9331
85.3853
82.8705
80.3957
77.9249
75.4645
73.0685
70.6722
68.2971
65.9417
63.5908
61.2905
58.9985
56.7303
54.49
52.2473
50.0176
47.7807
45.5489
43.3522
41.1647
38.9861
36.8075
34.6585
32.5502
30.4414
28.3365
26.2714
24.23
22.1989
20.1865
18.1903
16.2061
14.2462
12.3131
10.39
8.48226
6.59894
4.72046
2.83895
0.947571
100.411
102.207
104.027
105.633
102.987
97.5236
97.2359
93.2721
89.9944
87.6813
85.2355
82.7851
80.3326
77.8828
75.4511
73.0536
70.6451
68.2787
65.9343
63.5996
61.2839
58.9911
56.7344
54.4849
52.2479
50.0172
47.7761
45.5468
43.3459
41.1631
38.973
36.807
34.6767
32.555
30.434
28.3264
26.2667
24.2339
22.2029
20.1849
18.1888
16.2174
14.2639
12.3145
10.3868
8.48418
6.59203
4.7097
2.82838
0.94859
100.566
104.975
101.014
101.458
103.043
96.8095
95.2531
91.9084
89.8322
87.5167
85.1431
82.7141
80.2688
77.8553
75.4332
73.0282
70.6347
68.2742
65.928
63.6036
61.2855
58.9961
56.7388
54.4748
52.2382
50.0133
47.7787
45.5496
43.3436
41.1635
38.975
36.8137
34.6922
32.5622
30.4229
28.312
26.2549
24.2305
22.2061
20.1839
18.19
16.2331
14.2836
12.3174
10.3808
8.48768
6.59496
4.6984
2.81389
0.939167
94.7657
98.7725
95.7775
91.5196
94.7847
97.9785
95.8658
96.8499
100.166
97.1479
93.9284
96.9012
100.356
97.1531
96.6359
96.9063
97.0341
93.9402
96.6403
98.2897
97.0255
97.5146
100.874
99.0179
98.1623
97.5208
100.58
98.979
99.5679
101.288
100.014
101.416
99.5477
101.286
100.007
99.9383
100.724
99.3938
102.179
99.895
100.504
99.4484
99.1796
98.7851
97.9665
102.066
99.4409
97.1615
97.9643
97.8134
98.2417
97.4538
97.0367
97.8242
98.6636
97.4719
97.1507
97.6483
95.7629
99.0223
97.1528
94.8492
95.7734
95.1129
94.0777
94.623
94.1609
95.1464
93.4
94.6643
94.787
97.9152
95.902
95.8339
94.8291
91.853
95.9976
96.9148
100.593
97.1518
92.1075
96.9241
99.8884
97.1498
96.6409
96.7987
97.0016
94.651
96.6294
96.9959
97.0307
97.4985
100.397
98.9912
99.8456
97.4981
100.388
98.9448
99.5039
101.303
99.955
101.392
99.4911
101.336
100.094
99.7946
100.514
99.6125
101.442
99.9944
100.646
99.5146
99.4266
96.5242
97.9593
101.733
99.3224
95.5079
97.9799
97.7961
99.0743
97.4499
97.4856
97.7966
99.5603
97.4669
97.1517
95.1073
95.7816
97.8072
97.1532
95.291
95.7836
95.1535
93.4402
94.6701
100.06
95.152
93.6751
94.6626
94.8481
92.3821
96.0077
95.606
94.8165
95.1399
96.0007
96.9181
100.21
97.1487
92.9446
96.8718
100.9
97.1453
96.6285
96.8375
97.1537
94.1864
96.6222
96.8351
97.045
97.5341
101.677
99.0383
99.8883
97.5036
100.765
98.9064
99.4421
101.344
99.8307
101.508
99.6097
101.384
99.9567
99.8342
100.532
99.5168
101.603
100.104
100.646
99.4361
99.303
96.1786
97.9661
100.739
99.3179
96.1374
97.9628
97.7926
95.2722
97.4742
97.2052
97.7848
96.8027
97.4648
97.1552
95.3576
95.7784
98.3656
97.1539
95.3643
95.7522
95.1466
93.7063
94.6559
98.4214
95.1149
93.8951
94.6205
87.7811
91.2484
102.573
81.5615
84.3578
78.6676
102.603
99.2637
94.5704
110.493
91.7368
110.161
99.2268
94.3682
94.1275
96.3662
94.3292
95.2328
94.1375
96.2555
94.3387
104.578
97.2589
99.7246
124.238
106.05
105.819
99.9906
97.1125
96.1769
96.446
94.3457
96.0301
96.2653
97.1206
94.7136
97.0826
94.5794
96.5277
94.713
97.128
94.5897
112.034
109.708
101.442
146.326
111.976
102.516
101.605
94.1355
95.48
90.6626
94.223
95.4673
90.1733
94.1916
94.7736
97.1447
95.1389
96.9026
94.7823
97.131
95.1194
100.773
100.08
100.79
103.665
100.504
101.392
100.698
91.9979
97.8233
91.0112
98.2406
97.9139
90.6164
92.2954
95.6329
99.0877
97.5367
97.7355
95.5209
99.0512
97.4328
100.753
102.171
102.302
99.7503
100.839
102.079
103.893
100.557
100.134
101.823
101.41
100.104
101.772
100.564
98.1191
99.5555
98.7069
99.2483
98.111
99.5162
98.7359
104.88
101.93
100.992
105.17
103.682
102.43
100.944
100.528
100.82
102.406
101.613
100.815
101.627
100.521
98.7189
99.4075
98.3027
99.5095
98.7489
99.3854
98.2853
101.877
102.036
102.247
102.025
102.371
101.71
100.711
98.6945
100.492
109.139
104.021
100.089
103.117
98.6381
97.9201
98.1271
95.9936
99.1999
97.8036
98.1266
95.8784
106.222
100.851
81.9128
102.674
103.229
100.408
85.4154
98.5916
97.9155
103.94
107.298
97.9022
105.719
98.6394
95.7545
97.4744
94.7813
97.765
95.7678
97.4773
94.7873
118.901
95.8515
101.42
102.976
106.714
101.603
96.5961
104.117
97.0323
99.6595
99.958
97.088
98.425
102.149
94.6202
95.814
94.1244
97.2362
94.6296
95.6805
94.122
92.0678
97.5568
95.9585
94.0731
90.9717
96.6389
95.9761
94.7684
94.5919
94.8564
93.9734
94.5938
94.8188
94.7755
93.8031
94.7539
93.7069
95.242
93.8112
94.6708
93.7152
78.6582
55.9505
86.9748
91.6591
69.3877
124.147
70.4799
99.4094
94.6905
115.797
117.925
100.179
128.461
94.7459
94.1375
96.2406
94.338
95.2143
94.1373
96.2068
94.3378
88.3582
108.424
98.2119
117.998
113.804
128.404
120.922
97.4603
96.3083
96.1164
94.6207
97.3574
96.4727
96.2933
94.7128
97.1321
94.5881
96.5186
94.7122
97.1306
94.5885
117.327
99.072
98.371
133.428
94.8658
108.031
96.3992
94.144
95.4825
102.915
100.533
94.226
95.7662
98.3481
94.7803
97.1288
95.114
96.8968
94.7801
97.1175
95.1142
100.699
99.4838
100.606
103.311
100.682
99.4346
100.894
100.931
97.8594
106.42
101.954
102.269
97.8343
109.926
95.515
99.08
97.416
97.6697
95.5139
99.0084
97.4131
103.532
102.117
102.9
93.0445
102.731
101.938
101.839
100.493
100.124
101.66
101.52
100.496
100.127
101.635
98.1116
99.5516
98.7414
99.2412
98.1126
99.5389
98.7403
103.501
101.504
102.153
104.764
104.573
101.526
99.8727
100.996
100.8
100.98
102.007
101.701
100.756
107.515
98.7577
99.388
98.2832
99.5347
98.7546
99.4236
98.2817
102.469
101.694
101.022
103.368
102.117
108.953
96.0713
98.6016
100.046
101.5
101.921
98.5627
100.072
101.528
97.8087
98.1332
95.8709
99.1922
97.8069
98.1242
95.8702
104.649
101.484
87.0942
107.435
98.4105
100.094
101.171
98.3263
97.8835
101.391
98.2321
98.3474
97.9057
101.148
95.7557
97.4758
94.7838
97.7543
95.7534
97.473
94.7834
102.508
101.077
96.5711
101.562
99.2138
103.045
96.8948
96.9219
96.875
98.5459
98.1636
96.6043
96.8587
99.2328
94.6276
95.6808
94.1202
97.2392
94.6271
95.6698
94.1205
92.4416
97.2712
91.9043
98.3927
93.4133
115.792
106.893
94.7003
94.6262
95.5586
94.0149
94.6712
94.6134
95.7024
93.8105
94.6671
93.715
95.2363
93.8103
94.6681
93.7151
82.5129
126.393
92.3476
94.3464
77.1282
126.438
93.4627
99.7931
94.8941
106.671
94.883
99.7049
106.843
94.919
94.1371
96.2317
94.3385
95.2822
94.1271
96.3568
94.3287
123.813
134.763
115.232
124.496
119.801
133.951
114.842
97.9855
96.5233
101.096
93.0972
97.9205
96.4941
101.089
94.7114
97.1233
94.5907
96.6799
94.7114
97.0782
94.5803
64.5296
105.988
102.543
131.807
69.0042
98.4212
106.301
94.0865
95.5052
90.2104
93.367
94.161
95.5739
89.3084
94.7827
97.1323
95.1178
96.8801
94.7738
97.1475
95.1388
100.327
97.4144
100.495
100.074
100.544
97.2391
100.906
101.272
97.783
102.46
99.972
113.978
97.8073
103.12
95.5195
99.0339
97.4335
97.6313
95.6364
99.0738
97.5372
102.751
101.887
102.902
91.5694
102.481
101.657
102.859
100.609
100.133
101.665
101.425
100.63
100.122
101.816
98.1143
99.5171
98.7348
99.2509
98.1187
99.5788
98.7067
103.508
95.2814
97.9844
104.725
102.818
99.1617
98.5894
101.177
100.748
102.276
101.374
101.171
100.787
105.391
98.7489
99.3865
98.2872
99.5567
98.7201
99.3952
98.3015
102.956
105.954
93.2055
105.421
102.411
105.306
93.6412
98.6231
100.223
101.27
101.943
98.667
100.22
101.384
97.7924
98.14
95.8769
99.1957
97.9024
98.1351
95.9927
99.5064
100.264
109.383
103.045
99.9582
101.528
106.302
99.1254
97.9316
99.2202
97.2496
98.3391
97.9255
98.5604
95.7684
97.4731
94.7868
97.7935
95.7538
97.4691
94.7804
99.1962
97.5364
97.5532
101.975
101.832
102.063
98.504
97.5157
96.865
104.603
97.7008
96.9624
96.958
106.96
94.6294
95.6786
94.1225
97.2043
94.6199
95.8153
94.1247
98.2125
101.399
97.4819
103.56
98.646
102.068
97.0596
94.729
94.816
95.2365
96.6943
94.7048
94.842
96.7847
93.8108
94.6721
93.7157
95.3552
93.8025
94.7502
93.7074
98.5751
95.8861
96.4942
94.7765
96.5111
98.5631
95.8959
94.6986
86.4526
88.9322
99.3386
81.3463
90.3083
97.2418
97.1359
95.721
96.6246
95.7971
95.7164
96.6489
97.1248
99.4853
91.6823
94.4786
110.407
110.159
100.069
94.4076
98.5793
94.7819
95.8881
96.5149
96.522
98.5776
95.8933
96.193
98.7564
105.448
101.035
112.697
92.2306
96.6717
97.1482
95.8199
95.7491
96.6689
95.7502
96.6586
97.1469
97.1446
97.1386
97.2083
96.8768
97.1448
97.2222
97.1364
97.5066
103.6
97.6594
100.27
103.243
97.6544
97.4714
97.2381
97.4312
97.2943
97.156
97.4457
97.298
97.2121
97.282
94.1951
96.2655
96.2679
96.1649
96.3095
97.3437
97.154
96.8884
97.159
97.2478
97.1521
97.235
97.1595
97.4806
100.254
103.068
97.6714
103.124
97.6577
97.8082
97.2069
97.1537
97.4499
97.3095
97.4482
97.3266
97.1916
95.5767
96.2204
96.2614
96.6353
96.2356
96.2476
95.5746
95.6124
94.5397
96.6602
96.869
94.3821
96.6304
96.0374
96.3579
96.4989
96.9195
97.0261
96.5181
96.9193
96.3788
94.1058
94.0754
95.4511
89.9616
95.4616
90.0616
94.1069
95.585
96.647
96.2386
96.2714
96.245
96.3131
95.5692
95.5605
96.9457
95.7887
96.6803
94.3774
96.7855
95.6278
96.3701
97.2189
96.5859
96.9241
96.5213
96.9225
96.4557
97.836
97.6811
97.9472
97.5022
97.7916
97.9657
98.1705
99.4603
107.994
99.4072
100.377
102.561
99.4071
100.031
98.6055
98.4708
99.1575
99.0169
98.4162
99.0949
98.6179
95.9346
98.2136
97.7104
115.677
97.8228
93.4969
92.3433
97.8759
97.5426
97.5832
97.9963
97.5546
97.9807
97.8671
99.5131
100.316
102.404
99.4561
102.13
99.4591
100.11
98.6017
98.9934
98.4257
99.1477
98.4042
99.1074
98.615
100.211
99.8836
99.8498
99.5408
99.8952
99.8306
100.255
100.864
102
100.845
101.293
101.519
100.778
100.849
100.368
99.9044
100.538
100.123
99.8621
100.467
100.473
100.552
101.404
100.125
101.692
100.119
101.772
100.54
100.191
99.5386
99.8596
99.8411
99.9279
99.8568
100.19
100.832
101.339
101.657
100.805
101.661
100.78
100.844
100.347
100.22
99.8598
100.431
99.9814
100.402
100.42
100.231
100.428
99.8658
99.971
100.399
99.8247
100.342
101.419
102.937
99.8319
100.423
102.876
99.8478
101.383
100.357
99.9481
99.6675
99.4257
99.8939
99.6441
100.363
100.554
101.709
100.803
104.315
100.814
103.893
100.753
100.218
99.9653
100.426
99.8371
100.398
99.8186
100.265
101.355
100.453
102.463
99.817
103.309
99.8206
101.359
100.355
99.4436
99.893
99.6478
99.9358
99.6536
100.358
98.5737
99.4704
98.7256
99.1984
99.3638
98.6931
98.6149
97.7198
98.315
97.3185
100.19
97.5848
97.3262
98.6273
98.5228
98.4004
97.8439
97.9683
98.3927
97.8404
98.5164
98.4534
105.674
100.031
102.542
99.9912
104.173
98.4625
98.5793
99.2392
99.4025
98.6885
99.413
98.6872
98.5854
97.7259
96.9117
97.5615
97.2635
97.7598
97.2759
97.7504
98.5309
98.0006
98.3766
97.8293
98.4067
97.8606
98.5008
98.0843
97.9476
97.9829
97.8026
97.9405
97.7974
98.1321
98.1821
100.934
97.8245
98.2507
99.9216
97.7747
98.3293
97.8664
97.5678
97.7022
97.454
97.5476
97.7077
97.8774
98.5896
97.1026
97.8851
101.544
97.8844
101.57
98.7069
98.0775
97.8003
97.9275
97.7874
97.9316
97.7935
98.0499
98.2061
98.2621
100.31
97.7266
99.9733
97.7911
98.3346
97.8463
97.4944
97.5482
97.6996
97.5643
97.7093
97.8293
97.4089
97.2417
96.9217
97.1535
97.2383
96.9189
97.2161
95.6328
99.0581
95.548
94.9862
96.0368
95.5238
95.2415
96.2667
96.4479
95.833
95.7633
96.4542
95.839
96.2634
99.1991
99.5231
96.9071
98.725
96.9195
98.45
102.479
97.1553
97.1538
97.2354
96.9189
97.2375
96.9199
97.2797
94.8578
95.1946
98.1542
95.4354
100.706
95.4207
95.3385
96.1842
95.7674
96.4573
95.8507
96.456
95.8449
96.1888
94.8537
95.2745
94.8858
95.1259
95.2771
94.9044
94.8483
94.1912
91.7789
94.7217
93.4928
91.66
94.6957
94.278
94.7481
94.6044
94.8602
94.6389
94.5955
94.7509
94.8661
94.7174
94.1065
94.7093
94.6891
94.6238
94.7558
94.6723
94.85
95.1375
95.2818
94.9271
95.279
94.9184
94.8434
94.2632
93.456
91.4546
94.2761
91.602
94.1478
94.2872
94.7508
94.6574
94.6063
94.8647
94.61
94.7497
94.8648
98.5597
95.8815
96.4878
94.7925
98.5674
96.4682
95.8777
97.3436
107.455
95.2978
104.921
96.8033
134.846
96.7454
97.2069
95.763
96.6861
95.9451
97.175
95.826
96.6877
99.3681
96.1361
94.8291
104.947
107.324
99.5473
94.7723
98.5548
94.8067
95.8859
96.4694
96.4663
98.553
95.8818
97.4082
121.009
101.541
95.7607
103.001
95.8907
97.2369
97.2151
95.9896
95.8568
96.716
95.8784
96.6971
97.228
97.1946
97.1717
97.2587
96.9242
97.1727
97.187
97.2665
98.0993
104.436
97.6791
106.223
98.3964
108.853
97.7211
97.1988
97.4531
97.2797
97.1501
97.1889
97.4556
97.2896
97.6207
108.431
96.5759
102.597
96.6541
111.477
97.7865
97.2147
96.9271
97.204
97.2744
97.1919
97.272
97.2502
98.235
106.259
107.522
97.7366
111.224
97.7547
98.3237
97.2256
97.1494
97.4586
97.2915
97.4581
97.3053
97.2557
95.5467
96.1987
96.2317
96.6322
95.5451
96.1848
96.2178
95.5242
99.1309
96.653
98.2159
95.5819
98.3858
96.6633
96.437
96.5187
96.9396
97.0016
96.4336
96.5576
96.9293
94.0945
95.235
95.4971
88.4595
95.7072
90.8975
94.0395
95.5876
96.634
96.1179
96.2538
96.1763
96.2841
95.549
95.4003
96.7364
93.8099
96.6413
93.8307
96.7057
95.452
96.3915
97.01
96.5426
96.9344
96.651
96.9293
96.3861
98.2132
97.5398
98.0225
97.4974
98.2432
97.5594
98.0585
99.7221
102.084
99.5781
100.636
100.384
101.972
99.5171
98.6308
98.4457
99.1515
98.9652
98.6211
98.4148
99.1689
110.365
99.7388
97.8073
99.0751
97.9313
108.468
104.359
98.6586
97.5068
97.5739
98.0621
97.5642
98.0696
98.1648
99.6263
101.293
101.822
99.4116
101.98
99.4605
99.6306
98.6348
98.9698
98.4354
99.1917
98.4061
99.1553
98.633
100.192
99.8729
99.832
99.478
100.18
99.8634
99.8277
100.839
101.639
100.73
101.326
100.843
101.625
100.735
100.398
99.8724
100.447
99.9361
100.395
99.881
100.429
100.508
101.44
100.148
101.626
100.142
101.627
100.955
100.216
99.6208
99.8678
99.8287
99.8677
99.867
100.234
100.829
101.329
101.651
100.778
101.638
100.755
100.822
100.372
100.251
99.8908
100.453
99.9583
100.437
100.382
100.289
100.412
99.8357
99.7952
100.27
100.391
99.8279
101.365
102.721
99.8255
100.476
101.362
103.803
99.8323
100.343
99.931
99.652
99.7347
100.347
99.9011
99.6533
101.095
101.358
100.742
108.763
100.741
112.526
101.196
100.271
99.956
100.384
99.8557
100.387
99.8234
100.266
101.389
100.487
101.151
99.8401
100.915
99.8341
101.416
100.363
99.638
99.8887
99.6391
99.8713
99.6329
100.348
98.6224
99.4302
98.6926
99.3224
98.598
99.4295
98.6859
98.0272
97.7209
97.2904
97.1986
97.7643
97.9804
97.2783
98.5082
98.3778
97.8244
97.9704
98.5031
98.406
97.8311
98.6367
101.915
100.249
101.395
100.173
101.401
98.6538
98.6471
99.2447
99.4024
98.6968
99.4988
98.6915
98.6692
97.9845
97.5889
100.1
97.3507
99.7242
97.433
98.0401
98.4848
97.9566
98.3661
97.8158
98.3895
97.8477
98.4856
98.0033
97.9234
97.8013
97.7938
98.0148
97.9106
97.8371
98.358
101.607
97.704
100.462
98.274
106.154
97.7064
97.8589
97.5536
97.7042
97.4573
97.9112
97.5681
97.729
98.6331
97.2441
97.918
99.779
97.8983
100.177
98.3184
98.1076
97.8017
97.873
97.8473
97.8813
97.8503
98.0794
98.5776
103.752
99.7691
97.8329
99.7538
97.7126
99.1019
97.8279
97.4737
97.6065
97.7169
97.5706
97.7309
97.8677
97.1254
97.2244
96.9184
97.1511
97.2752
97.234
96.9217
98.637
99.0884
95.483
95.2581
100.105
100.39
95.5588
96.3089
96.4607
95.8549
95.7869
96.2398
96.4664
95.8518
96.8087
98.1779
96.8429
102.126
96.9362
101.419
99.2662
97.3957
97.1517
97.2173
96.9247
97.2675
96.9267
97.4117
97.2998
95.2946
102.3
95.4924
101.449
95.5027
97.6926
96.6026
95.7875
96.4742
95.8551
96.4691
95.8527
96.2036
94.8302
95.284
94.9401
95.1551
94.8365
95.2884
94.9509
93.937
92.9323
94.2657
93.4496
94.0423
94.1918
94.2799
94.7596
94.612
94.8647
94.6706
94.7537
94.616
94.8666
94.7199
94.9742
94.7339
95.1131
94.8268
95.668
94.743
94.8241
95.1548
95.2994
94.9554
95.2936
94.9564
94.8208
93.9884
93.5358
95.917
94.2151
94.5318
94.3406
94.2227
94.7656
94.6676
94.6263
94.8697
94.6164
94.7746
94.8678
98.5503
95.8884
96.4752
94.8531
98.5519
96.4791
95.8917
95.3961
101.97
96.0373
92.438
97.3481
102.043
96.4988
97.2472
95.8438
96.7353
96.0029
97.2429
95.8372
96.7523
99.8511
94.5632
94.9468
107.001
107.369
99.848
94.9328
98.5453
94.8406
95.8839
96.4813
96.4819
98.5337
95.8927
95.762
97.1249
116.327
96.867
101.125
96.2288
95.7713
97.248
96.0083
95.8094
96.7548
95.8309
96.761
97.2389
97.3209
97.2186
97.2724
96.9104
97.2884
97.2319
97.268
98.4076
106.754
97.8218
100.4
98.4852
106.604
97.8711
97.3131
97.4594
97.3041
97.1505
97.2954
97.4592
97.3121
97.9707
93.008
96.4955
100.898
96.5086
101.174
98.1953
97.3299
96.8967
97.2525
97.2458
97.2469
97.256
97.3329
98.4672
100.89
105.466
99.1308
107.056
99.8973
98.5809
97.3222
97.1557
97.4448
97.3479
97.458
97.381
97.3343
95.5739
96.0964
96.228
96.622
95.5469
96.1054
96.229
95.6177
94.2458
96.659
96.7754
95.5718
94.495
96.6864
96.4576
96.5205
96.9406
97.0381
96.497
96.5459
96.9405
94.0703
93.6485
95.5362
89.7109
95.5445
89.2782
94.0816
95.5858
96.6195
96.1021
96.2433
96.1075
96.2376
95.5827
95.5494
96.8437
93.8807
96.7097
93.7638
96.6459
95.5669
96.4389
97.0413
96.6473
96.9397
96.58
96.9404
96.4518
98.2735
97.6057
98.0571
97.5021
98.1104
97.5913
98.0736
99.2526
115.404
99.4295
100.209
99.5434
96.2885
99.4272
98.6445
98.4071
99.1948
98.9351
98.6499
98.4229
99.2009
99.1171
99.9466
97.9021
99.8183
98.0571
99.6615
99.4748
98.5911
97.5007
97.5999
98.071
97.5954
98.0807
98.4535
99.1445
100.333
99.4725
99.4844
96.9828
99.4379
99.8599
98.6563
98.9293
98.4468
99.2216
98.4513
99.2033
98.6596
100.248
99.8722
99.8813
99.4746
100.237
99.8651
99.8272
100.837
101.655
100.778
101.345
100.852
101.654
100.781
100.38
99.8895
100.452
99.818
100.39
99.8826
100.452
100.614
101.622
100.156
101.847
100.159
101.855
100.684
100.244
99.6484
99.8686
99.9555
99.8679
99.865
100.246
100.839
101.344
101.661
100.867
101.657
100.792
100.84
100.449
100.04
99.8982
100.481
99.8932
100.445
100.432
100.329
100.414
99.8309
99.8412
100.315
100.359
99.8422
101.387
101.505
99.829
100.541
101.395
104.257
99.8421
100.364
99.9483
99.635
99.4978
100.364
99.9061
99.6301
101.184
101.348
100.809
103.336
100.783
104.513
101.185
100.352
99.9117
100.393
99.9023
100.353
99.833
100.447
101.383
100.495
101.362
99.9829
101.592
99.8251
101.369
100.353
99.4727
99.9114
99.6448
99.9104
99.626
100.358
98.6917
99.5547
98.6858
99.354
98.6895
99.5441
98.6962
98.2656
99.0324
97.148
96.2456
98.2788
99.068
97.206
98.5012
98.3673
97.8188
97.9644
98.4959
98.406
97.8206
98.6083
101.759
100.271
104.456
100.141
100.839
98.6799
98.7052
99.3384
99.8426
98.7224
99.7324
98.7114
98.7146
98.4194
96.1884
108.995
97.5521
99.2571
97.5686
98.4761
98.5015
97.9658
98.4689
97.9715
98.4153
97.8358
98.5047
98.0325
97.8845
97.8528
97.7896
98.077
97.8984
97.8478
98.0256
99.7692
97.5644
98.1672
99.3624
99.3675
97.8696
97.6633
97.5356
97.8425
97.4581
97.9351
97.5385
97.7078
98.6275
97.206
97.935
98.7089
97.9472
98.6411
98.535
98.0569
97.7844
97.9221
97.852
97.9169
97.849
98.0426
98.0245
99.3089
99.515
97.9448
98.7333
98.5835
97.9991
97.6677
97.4599
97.5644
97.8068
97.5339
97.7283
97.586
97.1543
97.2246
96.9204
97.1556
97.1433
97.2436
96.9179
97.7058
102.908
95.4296
95.362
97.0698
103.209
95.3289
96.6496
96.4807
95.8614
95.7721
96.6463
96.4849
95.8624
97.0627
99.2976
96.9793
102.153
96.9652
102.387
97.0263
97.1436
97.1569
97.2572
96.9205
97.2458
96.9232
97.1518
97.8695
95.3663
103.094
95.8235
103.198
95.3146
97.6621
96.5916
95.7649
96.476
95.8665
96.4834
95.8621
96.5916
94.8097
95.3034
94.9463
95.1367
94.8152
95.3069
94.9385
94.4191
95.6246
94.232
93.7824
94.5241
94.217
94.2521
94.785
94.6361
94.8722
94.648
94.7833
94.6325
94.8763
95.1288
96.798
94.8045
95.6525
94.7863
96.427
94.9303
94.8039
95.1264
95.3146
94.915
95.3126
94.9279
94.7943
93.9914
93.8
94.8101
94.4087
95.3983
94.2468
94.2596
94.784
94.635
94.5959
94.8734
94.6173
94.7821
94.8783
98.0522
97.6211
98.0196
98.0161
97.7342
97.7412
98.011
98.7828
99.2483
98.7617
98.6614
98.8299
98.8286
98.6576
98.0351
97.6015
98.0268
98.01
97.7371
98.0106
97.7359
98.7568
99.1867
98.768
98.6572
98.8281
98.6584
98.8291
97.9991
97.7971
98.1498
98.0119
97.737
98.0129
97.7386
98.7428
99.1924
98.7409
98.6559
98.8291
98.6582
98.831
98.4092
99.0344
98.4254
98.3777
98.7316
98.6592
98.3698
97.6307
98.0573
98.0439
98.0142
97.7394
97.7396
98.0118
99.0403
98.3957
98.5639
98.3775
98.6616
98.6915
98.3658
98.4607
98.1312
98.4489
98.3644
98.2097
98.2188
98.3578
99.1863
98.7573
98.7594
98.6579
98.8301
98.8315
98.6573
98.1313
98.4516
98.4748
98.3598
98.215
98.2163
98.3592
98.4428
99.0871
98.3989
98.3659
98.7051
98.3691
98.7549
97.5814
98.0182
98.0275
98.0106
97.737
97.7357
98.0114
99.0102
98.4469
98.4609
98.3696
98.6598
98.7362
98.3626
98.4499
98.1254
98.4461
98.3583
98.2142
98.3591
98.2136
99.1919
98.7527
98.7571
98.6622
98.8316
98.8287
98.656
98.1386
98.4429
98.4452
98.3595
98.2132
98.2132
98.3593
98.5662
99.0349
98.4142
98.3571
98.6752
98.3691
98.6628
97.6008
98.0408
98.0322
98.016
97.7316
97.7384
98.0138
99.0379
98.42
98.4143
98.3622
98.7535
98.6722
98.3782
98.4656
98.1248
98.4593
98.3609
98.2137
98.3597
98.2148
99.1898
98.7645
98.7443
98.6598
98.8296
98.8287
98.666
98.1234
98.4417
98.4437
98.3664
98.2088
98.2172
98.3614
97.7656
97.7456
97.7678
98.133
98.0864
98.1334
98.0897
97.7631
97.7877
97.7698
98.0857
98.0848
98.105
98.0791
96.9506
97.1184
96.946
97.382
97.4505
97.3891
97.4535
97.12
96.9461
96.9466
97.3799
97.4471
97.4525
97.3783
97.7372
97.7545
97.7701
98.1296
98.0876
98.0889
98.1206
97.7981
97.7683
97.8014
98.0905
98.052
98.0705
98.0686
96.9536
97.1395
96.9561
97.346
97.4483
97.435
97.3258
97.1673
96.9527
96.956
97.3645
97.4413
97.4355
97.378
97.7602
97.7681
97.7941
98.1111
98.0815
98.0795
98.128
96.9476
97.13
96.946
97.3504
97.4362
97.366
97.4265
97.1327
96.9449
96.9467
97.3323
97.4408
97.4242
97.3123
97.7718
97.7834
97.7773
98.0655
98.0488
98.0669
98.0493
97.4812
97.511
97.5185
97.5465
97.1294
97.1339
97.5596
97.5061
97.474
97.5041
97.564
97.1249
97.5626
97.1234
97.4732
97.501
97.5021
97.5639
97.1264
97.1239
97.5611
97.5028
97.4738
97.5064
97.5452
97.1308
97.5567
97.1335
97.5184
97.4828
97.5251
97.5367
97.138
97.1352
97.517
97.477
97.5052
97.5114
97.5328
97.1379
97.1344
97.5115
96.8215
96.8992
96.8183
96.7635
96.5757
96.7659
96.5698
96.8256
96.8893
96.8315
96.7415
96.5817
96.753
96.5918
96.8989
96.8243
96.8292
96.7563
96.5824
96.6028
96.762
96.8992
96.8211
96.8201
96.7622
96.5695
96.5721
96.7556
96.8234
96.8943
96.8324
96.7441
96.7074
96.6271
96.7277
96.8891
96.8308
96.8385
96.7272
96.6981
96.6206
96.7095
107.411
102.314
108.517
117.844
106.683
101.993
104.127
104.829
104.815
104.271
105.189
105.202
104.249
105.004
103.315
102.11
102.965
102.62
103.164
102.136
102.743
102.658
104.056
102.842
102.803
103.463
110.605
110.104
103.052
103.441
102.299
103.967
103.097
103.577
102.482
99.1267
102.092
94.5817
100.276
103.478
103.195
93.8302
103.168
103.683
102.477
105.058
108.177
103.805
102.158
99.3952
101.594
98.0877
104.303
100.413
103.546
98.3857
93.6459
95.8692
93.5045
96.1441
93.6457
95.8702
93.5043
99.0815
99.0902
98.7005
98.7544
99.0807
99.089
98.7053
99.0819
98.7545
99.0906
98.7019
99.0902
98.7025
99.0824
93.6366
95.9182
93.4935
96.1555
93.6464
95.8715
93.5051
93.6461
95.8696
93.5048
96.2605
93.636
95.9187
93.493
99.0827
98.7434
99.0907
98.6954
99.0911
98.6906
99.0824
99.0845
99.0917
98.6977
98.7439
99.0837
99.0926
98.6926
93.4489
96.1366
93.6275
95.6824
93.4486
96.138
93.6276
99.0122
98.6655
99.0929
98.7407
99.0129
98.6688
99.0924
99.0122
98.7404
98.6658
99.0931
98.666
99.0926
99.0128
93.4488
96.1467
93.6278
95.7509
93.4385
96.2549
93.616
99.0151
98.6599
99.0945
98.7295
99.0139
98.6548
99.0949
93.4392
96.2567
93.6168
95.6862
93.4493
96.1468
93.6281
99.0148
98.7312
98.6608
99.0937
98.657
99.0942
99.0137
99.0855
99.0849
98.6692
98.7349
99.0931
98.6805
99.0768
99.0871
98.736
99.087
98.6708
99.0946
98.6831
99.079
99.0181
98.7226
98.6329
99.0891
98.6445
99.0966
99.0109
99.0189
98.6324
99.0892
98.7231
98.645
99.0973
99.0107
97.0208
97.2376
97.0194
95.6082
96.4611
95.6102
96.4603
97.2392
97.0173
97.0192
95.6052
96.4625
96.4633
95.6132
97.01
97.2308
97.0004
95.6517
96.4763
95.6299
96.4883
97.2296
97.0127
96.9987
95.6444
96.475
96.4966
95.6233
97.2246
96.9697
96.9874
95.689
96.611
96.5307
95.7704
96.9652
97.2193
96.9829
95.6818
96.6145
96.5304
95.782
97.1315
96.9621
96.9614
95.8375
96.0231
96.0206
95.8404
96.963
97.1342
96.9631
95.8377
96.027
95.84
96.0178
98.9801
98.5371
98.9131
98.2803
98.9803
98.5418
98.9136
96.9608
97.1151
96.9597
95.854
96.0387
95.8465
96.0564
98.9816
98.2909
98.5341
98.9123
98.5303
98.9111
98.9807
98.9801
98.2788
98.5385
98.9136
98.5382
98.9141
98.9804
98.9812
98.5359
98.9116
98.291
98.9801
98.5316
98.9105
98.9841
98.516
98.8989
98.2984
98.5221
98.9099
98.9749
98.8575
98.7101
98.4268
98.1093
98.8584
98.7094
98.4313
98.8563
98.1094
98.7082
98.4316
98.7086
98.43
98.8569
97.101
96.9476
96.9546
95.8805
96.2003
96.0977
95.9621
98.9842
98.2957
98.5158
98.8984
98.5224
98.9095
98.9745
96.9543
97.105
96.961
95.8791
96.2033
96.1019
95.9632
97.1174
96.9652
96.9643
95.8539
96.039
96.0602
95.8459
98.862
98.114
98.7111
98.4228
98.7115
98.4172
98.8602
98.8593
98.7083
98.4241
98.1161
98.8578
98.7083
98.4189
98.8649
98.7012
98.3984
98.1172
98.7114
98.4075
98.8573
98.8635
98.1167
98.6988
98.3987
98.7095
98.4085
98.8552
92.8887
95.6848
93.2598
94.5051
92.8891
95.6827
93.2602
98.1812
96.941
98.4676
97.4096
98.1825
96.9286
98.4698
98.1814
97.4101
96.9331
98.4662
96.9335
98.4673
98.178
92.8897
95.6868
93.2608
94.5154
92.8799
95.6798
93.2497
98.1597
96.9438
98.4656
97.4608
98.1739
96.9385
98.4624
92.8786
95.6787
93.2486
94.5068
92.8887
95.6856
93.2598
98.1761
97.4572
96.9325
98.4647
96.9551
98.4614
98.1756
93.2633
94.5392
93.0772
95.5255
93.2635
94.5431
93.0769
98.5466
97.8123
98.6752
97.1408
98.6807
97.1489
98.54
93.2532
94.3128
93.0673
95.528
93.2639
94.3034
93.0789
98.5409
97.7754
98.6697
97.1452
98.6576
97.1572
98.5449
98.5459
98.6768
97.1404
97.8165
98.5464
98.6817
97.1405
93.2637
94.3048
93.078
95.5641
93.2523
94.3138
93.066
98.1829
97.0092
98.4415
97.4936
96.9645
98.4553
98.1644
98.1512
97.4969
97.0469
98.4413
96.9494
98.4553
98.1963
98.5301
98.666
97.1498
97.7788
98.5372
98.6529
97.1541
98.5423
98.708
97.2484
97.7846
98.6533
97.1853
98.5154
98.5187
97.7702
98.7004
97.2918
98.6445
97.1892
98.5383
102.4
102.153
98.3339
99.6065
99.433
102.027
111.228
97.8042
95.515
97.3369
96.1536
97.3372
96.1539
97.8059
98.2099
96.5123
97.8728
95.8712
98.2085
96.5052
97.8749
98.2101
95.8713
96.5077
97.8734
96.5083
97.8753
98.2084
97.7919
97.3337
96.1663
95.5246
97.7988
97.3256
96.1757
98.1925
95.8823
96.5169
97.8652
96.5297
97.8517
98.204
97.8051
97.337
96.1557
95.5142
97.8022
97.3371
96.1518
98.1931
96.5218
97.865
95.8792
98.2008
96.5301
97.8534
97.7804
95.543
97.2849
96.2941
97.3075
96.2057
97.7717
97.7927
95.5228
97.3302
96.1638
97.3207
96.1782
97.8008
98.188
96.6302
97.8226
95.9109
96.5718
97.8369
98.1637
98.1788
95.9088
96.6542
97.8219
96.5642
97.8395
98.1647
97.7914
97.2856
96.2691
95.5455
97.3055
96.211
97.7661
99.8187
104.804
103.198
102.308
101.416
103.641
106.573
103.772
120.227
98.1451
107.148
103.683
99.9666
86.9309
100.809
102.402
109.639
102.353
100.339
102.481
108.448
104.093
105.717
104.905
106.146
111.006
105.708
108.064
104.961
99.7771
102.484
106.756
104.331
101.468
102.886
100.356
101.714
125.014
103.496
100.956
101.468
97.058
95.7285
96.4986
96.5027
95.1492
94.7455
94.7496
95.2066
95.6735
96.5039
96.5042
95.1129
94.7339
94.7292
95.1118
96.5131
95.6789
96.5098
95.1146
94.7262
95.1164
94.7259
96.5088
95.6952
96.5076
95.1203
94.7399
95.1149
94.7415
95.6883
96.5088
96.5031
95.1259
94.7339
94.7391
95.1237
96.5
95.7211
96.4981
95.1533
94.7477
94.7496
95.2234
106.287
101.899
104.115
110.409
107.556
103.13
105.953
101.957
101.25
97.4894
101.453
101.11
101.863
98.3926
104.606
101.713
105.458
106.018
104.027
101.601
101.409
92.4561
93.8941
92.7039
93.5317
92.4564
93.8939
92.7045
106.989
103.434
105.3
112.052
110.328
100.94
112.277
95.8304
94.9627
96.6116
95.1143
95.8318
94.9605
96.6124
95.8303
95.1136
94.9627
96.6105
94.9606
96.6159
95.8316
92.4463
93.8989
92.6921
93.532
92.4559
93.8949
92.7042
95.871
95.1232
94.9653
96.603
94.9635
96.59
95.8469
92.4566
93.8953
92.7049
93.5328
92.4471
93.8994
92.6928
95.8675
94.9654
96.6083
95.1193
95.8456
94.9641
96.5943
95.9046
94.9581
96.6955
95.1377
94.9675
96.6041
95.9564
95.9009
95.1347
94.9587
96.6951
94.9683
96.6023
95.9545
92.8674
93.6735
92.481
94.2586
92.8679
93.6736
92.4811
96.7078
97.1986
95.3392
95.7486
96.716
97.2135
95.3389
96.708
95.7471
97.2067
95.3399
97.2091
95.339
96.7122
92.8556
93.6765
92.4696
94.2605
92.867
93.6738
92.4816
92.8682
93.6741
92.4819
94.263
92.8559
93.6768
92.4699
96.745
95.7731
97.2053
95.3424
97.2392
95.3409
96.7301
96.7426
97.2027
95.3423
95.7746
96.7292
97.2298
95.3404
96.7745
97.3139
95.3402
95.7746
97.2762
95.3472
96.8358
96.7639
95.7734
97.3203
95.3417
97.277
95.3482
96.8334
96.5086
96.8922
96.8839
95.6517
95.227
95.2264
95.6519
96.887
96.5048
96.8842
95.6516
95.2294
95.6528
95.2273
96.9063
96.5607
96.9294
95.6566
95.231
95.6574
95.2325
96.5532
96.9
96.9214
95.6562
95.2341
95.2347
95.6568
96.608
97.0824
96.9713
95.6628
95.2297
95.24
95.6608
97.0628
96.5979
96.9622
95.6663
95.2311
95.2418
95.6618
104.654
104.657
105.311
103.704
104.653
104.116
103.695
104.142
104.507
105.185
102.448
106.137
104.758
105.41
94.5839
95.2279
94.574
94.1267
94.443
94.1282
94.4422
95.2584
94.6032
94.6277
94.1328
94.4468
94.4475
94.1325
94.7441
95.2857
94.6575
94.1373
94.4485
94.4533
94.1318
94.5928
95.2608
94.6131
94.1327
94.4443
94.132
94.4456
95.229
94.5762
94.57
94.127
94.4428
94.4427
94.1283
95.2847
94.7174
94.6409
94.1375
94.4485
94.453
94.1313
104.679
99.6133
103.902
107.625
104.263
99.6757
102.78
107.065
102.025
103.644
103.772
100.182
102.107
107.302
102.349
102.421
102.479
104.057
110.449
105.952
109.386
103.965
105.164
102.701
102.096
102.272
103.377
102.308
95.3373
94.7805
95.349
94.6046
95.3465
94.604
95.3387
96.0122
94.7871
95.0347
95.5995
95.0356
95.6034
95.9986
95.337
95.3502
94.6044
94.7809
95.3389
95.3464
94.6039
95.984
95.0304
95.5961
94.7839
95.9881
95.0297
95.5947
95.9845
94.7835
95.0304
95.5954
95.0295
95.5947
95.9876
96.011
95.0344
95.5984
94.787
95.9981
95.0356
95.6019
95.3506
94.7802
95.353
94.6088
95.3523
94.6097
95.3452
95.3511
95.3507
94.6092
94.7809
95.3445
95.3525
94.6102
96.0448
95.032
95.6614
94.7914
95.0413
95.6193
96.1378
96.0463
94.7908
95.0311
95.6598
95.0408
95.6182
96.1384
95.3778
95.3688
94.6055
94.7836
95.358
94.6155
95.4679
95.3786
94.7839
95.3666
94.6057
95.3598
94.6159
95.4698
103.083
102.234
101.188
103.036
103.361
103.429
101.769
96.1247
96.215
96.1044
94.7299
94.9286
94.7312
94.9269
96.1969
96.1002
96.1063
94.729
94.9281
94.9268
94.7308
96.2507
96.1331
96.1297
94.7356
94.9342
94.9376
94.735
96.1142
96.252
96.1285
94.7372
94.9334
94.7356
94.9349
96.2789
96.2263
96.1475
94.7421
94.9321
94.9399
94.7351
96.2208
96.276
96.1381
94.7401
94.9351
94.9442
94.7343
98.2259
101.832
93.9194
110.725
105.707
100.012
90.7388
107.022
105.621
104.168
110.641
103.816
124.379
112.028
105.941
102.438
104.918
103.018
102.848
105.162
104.087
106.09
103.634
103.738
111.155
114.68
113.093
114.256
105.504
103.772
105.956
106.387
106.387
104.02
105.841
94.4319
94.6692
94.4228
94.0018
93.9928
94.003
93.9906
94.6684
94.4012
94.4041
94.0021
93.9907
94.0035
93.9902
94.543
94.6924
94.4552
94.0111
93.9915
94.006
93.998
94.4103
94.6743
94.427
94.0076
93.9941
94.0068
93.9951
94.6768
94.4449
94.4511
94.007
93.9948
94.0067
93.9951
94.6913
94.5147
94.4562
94.0109
93.9916
94.0043
93.9982
102.451
107.226
107.867
108.338
108.099
106.295
105.809
107.033
104.502
107.752
104.72
116.591
113.87
109.022
103.767
105.756
105.548
105.877
111.388
107.922
102.301
96.2467
95.2356
96.2552
94.6592
94.0369
94.6601
94.0356
96.1027
96.1508
96.1004
94.8343
94.8198
94.835
94.8183
95.2293
96.243
96.2468
94.6654
94.0407
94.6641
94.0431
96.1529
96.1007
96.1035
94.8341
94.819
94.818
94.8351
96.1046
96.1487
96.1064
94.824
94.8405
94.8409
94.8249
96.1512
96.1086
96.1071
94.8248
94.8405
94.8412
94.8254
96.0594
96.1436
96.057
94.8356
94.834
94.7808
94.7817
96.145
96.0583
96.0618
94.8338
94.8315
94.7778
94.7787
96.2557
95.1971
96.253
94.666
94.0375
94.6642
94.0387
95.2294
96.2556
96.2573
94.6594
94.0361
94.6605
94.0353
96.0623
96.1409
96.0623
94.8383
94.8397
94.7855
94.7869
96.1448
96.0653
96.0638
94.8386
94.8387
94.7842
94.7852
95.2113
96.3219
96.2651
94.6702
94.0398
94.6628
94.0444
96.3188
95.2379
96.2639
94.6696
94.0388
94.6622
94.0461
96.2201
96.1726
96.1289
94.8462
94.8195
94.8307
94.8351
96.1714
96.2136
96.127
94.8457
94.8187
94.8301
94.8344
103.393
109.781
106.92
103.947
106.992
103.984
110.032
96.1648
96.1793
96.0857
94.8365
94.8475
94.7931
94.7836
96.1826
96.1684
96.0896
94.8374
94.8478
94.7933
94.7846
107.546
102.491
107.409
111.188
112.502
108.172
106.006
105.614
102.84
101.387
96.9466
102.891
103.353
98.8061
102.831
103.038
97.0986
105.105
104.06
107.063
95.576
111.216
102.086
102.758
105.908
108.038
100.903
105.647
110.221
101.045
101.454
104.699
100.165
100.2
104.54
105.741
108.334
127.992
102.914
109.342
108.757
107.746
101.238
104.487
106.24
105.61
94.0429
101.664
134.037
105.231
109.709
108.73
104.978
105.744
106.56
105.188
104.529
107.182
107.21
101.723
101.688
104.495
104.655
95.8745
95.8699
95.8734
94.7156
94.7975
94.7168
94.7971
95.8727
95.8756
95.877
94.7134
94.7965
94.7954
94.7144
95.874
95.8781
95.8798
94.7999
94.7208
94.7201
94.7983
95.8745
95.8724
95.8783
94.7994
94.7204
94.7213
94.7987
95.8237
95.684
95.8227
94.7089
94.6466
94.7099
94.6458
100.713
105.244
104.364
105.887
103.687
105.95
100.42
95.529
102.402
126.613
102.832
121.891
96.2453
100.715
95.6846
95.8213
95.8234
94.7091
94.6457
94.6455
94.7099
95.825
95.6864
95.8277
94.65
94.715
94.7156
94.65
95.6876
95.827
95.828
94.6514
94.7154
94.7159
94.6511
95.979
95.8836
95.9002
94.7273
94.7959
94.806
94.7178
95.8852
95.9763
95.9011
94.7271
94.7936
94.8041
94.7171
95.9336
95.7018
95.8494
94.7205
94.6437
94.6553
94.7092
95.7025
95.9292
95.8486
94.7198
94.6427
94.6543
94.7083
102.171
104.498
99.6126
103.1
99.4434
102.697
97.2251
101.987
104.947
105.497
106.545
106.545
104.612
104.775
104.476
102.658
104.372
107.796
113.093
104.714
104.759
101.832
105.596
102.988
105.345
101.9
108.786
106.893
108.539
108.35
102.474
102.616
106.567
104.948
103.167
107.566
118.298
126.69
108.726
123.965
107.663
109.053
84.2258
107.227
102.902
84.154
109.931
102.967
102.151
105.993
103.206
106.695
101.377
108.939
100.741
111.538
101.823
104.494
100.103
104.396
98.3387
104.445
100.255
122.122
128.727
115.978
124.939
107.343
109.027
112.077
102.856
104.459
104.676
97.9087
98.1006
111.017
108.148
98.1431
103.752
101.013
104.029
105.302
105.92
99.0728
103.445
117.844
132.234
103.016
108.465
103.123
116.295
105.365
83.9264
84.0946
149.075
109.96
102.911
102.799
102.199
101.478
102.97
106.824
107.335
105.74
107.492
102.312
108.747
103.386
97.6048
102.724
105.696
102.934
132.405
104.459
107.322
105.549
105.484
108.628
103.348
95.0953
121.733
100.538
102.268
104.431
121.626
100.427
95.1846
95.682
95.1845
94.7515
94.7516
94.3763
94.3758
95.6803
95.1871
95.1874
94.75
94.7494
94.3739
94.3733
95.1852
95.6865
95.1854
94.7528
94.7504
94.3779
94.3768
95.6867
95.187
95.1897
94.7521
94.7479
94.3765
94.3747
95.5234
95.3891
95.3872
94.5935
94.5944
94.5381
94.5364
95.3925
95.5235
95.3884
94.5953
94.5952
94.5391
94.5386
97.4786
97.2747
132.453
107.948
101.122
113.478
99.8316
99.1461
126.921
120.669
107.065
111.137
98.9336
107.089
95.6848
95.2061
95.1934
94.7437
94.7545
94.3821
94.3716
95.2006
95.6841
95.1988
94.7424
94.7528
94.3807
94.3706
95.5349
95.3951
95.3984
94.5991
94.5991
94.5408
94.5386
95.3927
95.5304
95.3946
94.5971
94.5975
94.5377
94.5353
104.411
99.8741
104.676
107.867
101.027
110.334
101.364
101.572
116.302
106.898
108.033
103.507
101.601
111.861
95.4052
95.5456
95.4048
94.5937
94.6054
94.5432
94.5305
95.5457
95.4066
95.3972
94.5925
94.604
94.5415
94.5288
92.1865
92.8576
91.8254
93.2714
92.1872
92.8577
91.8255
94.7674
95.1811
94.2401
94.6282
94.7685
95.1762
94.2411
94.7691
94.628
95.1777
94.2405
95.1749
94.2413
94.7723
92.1753
92.8604
91.8143
93.2728
92.1861
92.8579
91.826
92.1872
92.8581
91.8262
93.2748
92.1755
92.8607
91.8145
94.7756
94.6277
95.1831
94.2421
95.1839
94.2397
94.7721
94.7777
95.1798
94.2427
94.6276
94.7751
95.1844
94.2401
94.7792
95.1955
94.232
94.6305
95.1893
94.2432
94.7812
94.7803
94.6302
95.1935
94.2316
95.1905
94.2432
94.7808
107.683
111.064
107.407
102.094
107.649
104.802
104.61
102.568
102.313
102.431
104.036
109.196
107.54
106.331
112.061
102.766
105.262
104.063
114.379
108.385
103.948
99.6761
100.686
99.3965
97.4253
99.6017
103.346
99.4565
100.964
104.431
106.1
105.167
103.42
106.136
100.972
102.019
102.785
102.336
103.96
102.288
102.967
102.428
103.865
100.394
104.511
98.2135
101.403
98.9344
103.625
103.775
125.915
100.949
99.637
104.997
103.932
100.55
105.631
98.6196
106.032
102.666
102.231
103.351
106.343
105.305
108.635
101.69
110.402
118.37
108.859
108.205
87.6713
99.1447
90.1536
104.011
108.859
117.335
100.481
88.3938
105.902
104.627
112.902
100.611
105.737
102.634
100.135
104.706
102.494
116.023
99.9407
106.289
103.503
123.824
110.703
100.584
103.881
126.509
110.26
98.9089
123.866
106.079
112.718
132.658
115.321
153.535
134.914
101.44
105.066
105.9
107.276
103.186
102.506
101.444
106.755
100.429
103.391
101.761
100.399
102.035
111.147
87.0585
109.598
104.459
103.231
117.325
109.807
105.645
99.7871
104.513
106.058
105.629
99.8517
104.318
106.555
104.961
103.375
103.8
104.693
104.377
103.354
104.689
107.602
102.044
108.067
103.177
105.879
102.914
107.613
101.449
102.846
102.914
105.909
107.757
107.655
105.737
103.579
103.916
104.168
103.768
103.046
103.386
104.153
102.992
102.649
108.003
104.078
105.199
104.08
107.711
105.707
106.532
106.207
103.834
105.608
104.633
103.797
142.509
88.7719
96.2363
128.415
144.014
127.6
98.9787
101.108
99.8508
101.375
100.452
100.315
100.349
100.204
102.352
112.732
110.719
111.115
102.181
111.383
105.025
101.053
104.593
104.442
103.486
116.106
115.892
103.708
103.266
103.891
103.013
102.774
103.167
103.925
102.868
102.844
101.492
101.049
110.607
97.1579
96.7567
110.369
101.7
104.762
62.392
108.143
104.189
105.452
110.971
114.268
104.437
104.628
107.555
105.089
107.273
109.108
104.765
105.562
107.276
105.839
109.102
110.006
106.464
107.438
106.698
102.979
101.827
107.791
105.1
102.379
102.903
102.858
102.619
105.293
107.752
106.076
107.869
100.636
104.367
91.9088
104.487
96.999
104.662
93.7717
121.432
100.542
100.248
91.1757
121.751
100.07
100.667
109.847
104.606
107.753
105.571
111.346
103.484
107.511
100.35
103.2
100.484
110.783
96.1464
110.888
96.3414
135.242
88.7835
100.74
99.5456
100.242
100.036
137.895
107.293
101.728
102.792
101.712
102.858
101.648
116.808
105.425
102.559
105.036
101.844
107.819
102.712
107.317
108.535
99.8759
106.026
106.983
107.018
104.489
104.634
110.624
93.8391
106.052
99.116
100.086
117.932
122.746
101.598
102.517
101.541
110.089
97.4598
110.157
97.8782
121.5
92.1639
99.854
114.47
99.9296
100.356
124.721
128.839
121.845
98.8327
116.004
107.917
104.253
109.907
98.6185
97.0724
102.889
99.7169
101.412
99.8768
98.7481
102.443
101.648
101.625
109.936
98.3956
97.8111
110.004
100.585
101.641
103.128
101.381
100.25
100.761
100.384
101.233
112.617
107.522
108.864
106.928
103.505
106.572
93.778
95.1163
96.7771
99.6682
99.608
121.984
124.746
101.387
98.2586
101.367
103.169
103.129
101.128
101.248
118.119
115.552
104.454
78.292
120.658
112.866
98.1794
101.497
108.455
121.39
99.1594
99.8247
106.79
115.356
102.995
102.679
102.72
105.538
126.248
107.165
105.883
98.5531
102.964
101.372
102.664
103.453
101.392
101.415
100.519
110.362
97.7754
102.723
99.5951
106.085
104.945
97.5334
98.5794
102.66
117.843
107.012
105.67
108.692
109.622
103.411
99.4127
109.336
105.709
117.821
96.6805
100.171
107.338
107.384
107.727
101.152
101.488
107.672
97.1162
110.031
93.5682
93.5475
115.998
92.71
124.857
79.193
112.447
114.916
112.791
103.364
111.336
102.69
103.297
100.304
105.268
103.095
102.449
104.427
104.107
94.2259
97.2353
93.9369
101.499
99.7879
102.403
97.9425
77.6122
102.764
78.6075
132.496
93.663
161.376
95.3708
120.267
103.606
182.086
131.852
118
104.769
180.438
93.8799
64.915
86.5365
109.553
111.135
112.433
108.753
121.594
130.931
105.818
180.4
105.96
179.679
120.981
65.9506
88.6283
87.0628
109.882
108.802
107.825
109.065
111.256
80.1905
80.2969
131.452
99.0411
96.7038
131.523
100.377
106.377
104.891
98.1611
102.555
102.63
98.5156
101.651
104.035
103.544
103.812
102.615
102.339
103.507
102.497
101.252
103.46
102.422
103.477
102.477
102.529
101.82
109.666
107.711
104.318
104.163
106.421
111.528
110.774
99.9777
117.477
107.42
110.966
102.863
100.431
103.504
98.1722
104.081
109.472
115.056
98.3172
105.279
105.037
103.056
106.993
107.952
105.535
103.239
103.032
111.423
103.419
105.267
102.176
101.879
103.421
104.327
105.707
104.997
106.112
102.122
107.146
103.339
106.188
100.333
112.133
103.014
107.712
98.814
101.185
93.9487
110.631
103.574
101.006
106.56
130.794
95.0658
101.963
98.9044
106.072
112.052
101.831
106.855
97.9084
102.015
110.926
99.4097
99.417
91.0927
108.835
93.7355
107.293
105.81
114.602
101.06
111.338
112.253
104.749
97.1515
99.0604
110.883
102.64
104.196
98.3791
107.524
107.011
101.779
105.457
111.095
106.115
102.48
105.036
114.027
116.848
115.958
120.94
117.309
109.33
105.728
109.301
101.187
111.174
101.035
111.319
102.677
111.717
100.185
102.043
179.827
171.997
106.218
94.7344
112.522
97.6689
102.87
103.92
102.385
109.137
104.57
101.017
120.543
111.11
101.561
111.612
101.592
111.386
101.245
101.042
105.325
112.107
107.439
115.585
93.7998
94.492
107.478
131.137
82.188
118.424
105.466
105.374
109.387
110.674
90.9171
109.991
108.463
105.215
90.664
108.917
104.782
104.767
114.933
98.5157
114.342
104.183
113.083
101.127
130.242
96.7869
98.4028
144.663
96.1958
104.427
108
103.5
138.789
99.5744
102.633
98.2963
104.445
100.364
104.807
101.708
104.849
104.052
103.034
100.651
106.442
100.356
145.736
104.01
95.5482
97.9325
131.07
104.774
98.6898
120.22
112.03
112.445
107.956
103.346
110.068
100.915
121.629
98.2242
120.5
105.28
105.085
96.8992
99.3664
103.957
101.325
103.759
104.634
104.212
105.276
101.933
101.357
100.635
102.458
101.589
100.155
101.799
102.794
112.788
104.699
101.919
108.981
107.426
103.153
119.943
107.833
111.626
126.349
99.5221
104.477
105.201
104.589
124.095
102.536
103.124
99.7333
102.878
102.729
105.603
105.448
119.776
139.028
102.634
102.852
105.481
107.776
102.837
99.2134
105.05
98.9945
101.962
105.453
101.871
107.778
125.883
95.5597
110.506
111.281
130.026
100.701
101.59
100.819
102.644
105.149
103.193
104.713
105.672
105.439
106.024
106.649
105.311
103.72
105.984
101.749
102.533
103.631
107.442
105.291
104.46
104.62
103.579
103.283
103.557
104.066
103.807
103.42
103.638
101.96
101.089
106.71
100.831
104.412
100.043
104.23
107.319
103.251
123.934
126.016
109.62
104.76
105.474
97.0021
98.4204
96.982
104.564
134.14
104.845
103.48
103.537
103.96
103.763
104.562
105.027
102.819
102.771
102.346
99.7987
101.244
103.813
103.641
102.402
102.932
107.263
104.836
98.7679
106.958
105.365
105.5
105.086
106.132
104.95
104.186
105.387
105.328
105.098
105.368
100.54
102.052
100.686
105.18
105.173
105.386
104.805
104.882
105.887
105.875
104.674
103.84
104.918
105.019
103.657
102.124
100.237
117.874
124.077
101.678
102.621
101.053
105.297
101.633
100.308
100.263
99.4695
99.7147
104.397
101.639
103.843
107.844
102.889
108.68
103.03
100.723
120.846
119.892
106.182
97.9802
97.2509
105.8
101.197
107.58
101.14
104.585
103.858
103.501
105.65
102.348
101.129
99.9355
104.922
101.658
100.161
99.4608
103.677
101.022
103.761
107.431
101.084
103.863
103.458
72.2239
108
108.12
129.936
83.9816
105.025
103.965
109.243
102.92
107.06
107.63
109.19
103.447
104.824
104.702
101.162
100.823
119.192
101.073
85.2692
110.5
104.571
112.511
99.401
99.4477
107.059
107.258
106.815
92.0275
93.3014
92.2273
93.0796
92.0274
93.3008
92.2277
102.306
103.52
101.193
118.625
102.218
103.764
101.404
108.466
102.269
102.647
101.251
102.066
101.557
105.034
94.9648
94.5149
95.092
94.5891
94.9665
94.5162
95.0901
94.9649
94.5893
94.5153
95.0921
94.5163
95.0897
94.9668
108.133
101.43
101.492
104.63
101.741
104.322
101.415
102.998
101.591
100.139
105.064
102.975
102.048
100.946
101.739
102.292
102.032
98.4138
107.452
129.41
103.843
102.751
108.577
108.008
102.749
106.52
108.036
103.614
92.0174
93.3042
92.216
93.0809
92.0277
93.3017
92.2279
101.796
107.701
100.187
98.184
102.154
109.139
101.99
92.0273
93.3011
92.2277
93.0799
92.0169
93.3037
92.2155
94.973
94.5874
94.5166
95.0948
94.5134
95.0978
94.9698
94.9737
94.5172
95.0943
94.5882
94.9702
94.5142
95.0973
95.4833
106.992
113.836
104.16
118.353
109.281
110.592
103.974
101.953
108.572
97.7626
109.582
108.678
129.301
102.735
102.045
108.036
101.242
100.948
119.162
144.739
100.57
99.3926
97.902
107.468
106.074
104.427
106.065
95.9733
97.9995
95.4349
102.059
111.133
104.669
116.75
94.9761
94.505
95.1036
94.5906
94.5162
95.1009
94.9757
94.9773
94.5914
94.5062
95.1044
94.5173
95.1013
94.9768
100.917
108.311
98.9566
98.071
104.159
106.605
99.7704
103.36
110.686
104.333
115.689
108.367
107.051
97.0487
133.644
103.317
107.723
107.919
131.905
100.181
103.56
102.247
102.599
132.491
107.78
133.193
112.89
105.423
98.6641
106.919
105.298
107.756
108.332
104.644
103.984
120.644
114.662
105.878
102.231
103.165
105.093
106.287
94.6689
102.931
102.138
101.496
100.306
110.27
109.769
102.728
109.595
103.414
108.606
104.072
101.94
100.259
109.465
105.278
103.606
114.379
103.679
107.382
110.676
67.992
209.512
201.6
97.883
109.129
84.8143
127.951
118.997
100.081
103.485
100.315
102.566
107.269
110.459
111.582
772.57
789.726
126.669
115.547
130.173
129.156
271.094
93.2621
123.531
158.604
302.367
456.629
82.0137
97.8403
125.389
121.474
120.543
123.649
124.676
106.715
158.615
89.8348
139.673
106.947
114.12
99.1221
119.474
105.756
101.128
103.489
105.656
113.907
101.843
106.604
110.371
117.435
96.6105
112.055
103.288
119.99
113.574
139.419
101.967
107.098
111.575
109.477
104.055
103.388
106.914
97.0601
100.933
97.9044
98.7147
109.203
108.687
105.523
112.456
113.694
106.783
106.623
119.688
114.308
117.36
107.59
109.138
106.254
111.233
106.291
114.348
100.388
104.791
102.745
106.693
107.517
103.493
103.463
120.976
101.336
113.135
94.2625
111.797
95.4922
133.19
103.156
125.829
111.173
111.254
108.715
125.182
104.708
117.572
96.3644
116.774
103.433
108.866
112.858
115.623
100.889
108.803
107.572
105.276
114.812
105.642
112.1
126.902
113.818
91.9868
101.458
110.607
91.2043
120.137
106.121
108.358
106.552
149.784
97.5457
141.848
120.532
111.314
82.7462
108.95
110.064
110.614
109.703
108.134
96.7549
109.2
109.212
96.0255
104.533
113.293
114.905
110.834
107.92
108.603
109.04
122.376
127.109
108.932
119.846
97.9959
114.282
106.357
106.443
116.209
113.394
242.915
251.422
-8.90121
207.439
104.184
698.651
140.337
110.279
120.09
117.902
123.159
117.271
133.558
113.22
186.999
102.059
194.718
103.992
100.289
91.8528
86.5777
109.172
103.029
104.245
120.667
102.309
120.27
97.3632
91.0718
103.674
135.509
103.547
98.4161
103.248
131.302
104.41
101.644
119.688
104.265
100.142
99.9462
130.221
97.0761
102.94
101.404
96.8744
103.313
96.5627
96.4506
100.929
149.598
138.219
170.991
100.883
94.4318
92.885
101.5
132.929
131.02
102.345
95.3448
119.195
96.9668
99.5412
107.129
116.594
106.483
106.206
108.892
109.162
108.279
100.791
101.243
103.442
109.659
100.697
100.559
124.815
105.943
127.392
114.366
110.547
109.46
110.276
102.798
130.275
102.504
120.961
120.37
95.7639
106.703
102.276
103.221
101.697
103.407
102.319
104.259
104.933
125.591
102.491
95.8157
100.99
121.073
101.188
95.57
158.504
64.9247
149.246
76.4262
162.084
149.384
66.0098
103.316
109.263
111.244
102.825
102.919
105.225
109.316
114.416
98.453
113.593
113.226
102.914
98.2794
103.347
113.69
105.36
105.81
99.995
114.726
110.747
107.544
205.414
133.487
27.3681
136.802
95.1848
229.659
386.378
118.269
116.003
110.133
114.095
106.76
117.188
104.115
110.318
119.447
132.664
120.941
108.5
118.506
107.172
94.9262
94.5026
94.9253
94.2312
93.8683
94.2304
93.869
102.212
103.501
104.611
100.716
102.107
104.062
105.925
140.491
100.981
135.563
104.355
122.914
107.543
121.724
101.526
103.039
100.801
107.939
100.039
100.193
106.942
114.215
95.9761
115.795
122.004
111.172
122.826
109.275
99.69
97.7067
104.014
120.066
180.293
121.563
93.8725
100.525
103.287
100.368
101.016
104.505
101.2
105.139
104.424
102.106
102.12
102.135
104.273
102.982
102.724
101.681
101.606
101.908
102.876
100.269
100.443
102.821
107.301
109.981
110.794
120.246
107.496
119.272
109.477
174.171
148.289
132.068
32.0495
136.507
133.434
92.2632
94.503
94.9269
94.9251
94.2313
93.8683
93.869
94.2304
115.398
128.972
134.01
124.158
113.819
127.629
141.877
100.249
98.4911
98.4889
103.462
103.873
101.126
103.399
105.91
124.465
121.582
100.879
96.2695
91.5195
104.027
109.689
119.594
151.102
106.393
102.238
118.604
119.879
96.261
121.729
85.0411
170.431
92.5541
94.1515
153.02
132.334
137.482
97.3931
135.288
98.6212
187.653
275.778
101.49
103.128
102.834
100.986
101.164
100.215
102.828
94.9292
94.5107
94.9312
93.8712
94.2336
94.2312
93.8688
109.585
108.464
112.189
122.964
108.71
115.694
112.689
187.972
79.0681
72.2411
222.722
105.434
182.538
58.5448
196.536
310.293
120.133
134.694
178.955
128.936
107.102
83.0625
107.099
100.763
100.411
117.728
113.209
164.494
116.841
104.563
116.417
96.8181
109.957
101.353
137.393
168.647
86.7297
64.0586
151.227
164.687
163.353
66.3275
137.434
121.605
122.757
165.968
100.091
251.996
99.9986
152.836
108.723
132.687
161.159
207.041
110.365
127.375
156.999
77.8991
145.774
203.177
104.467
206.634
101.424
94.5101
94.9277
94.9307
93.8707
94.2331
94.2303
93.8678
117.159
105.459
114.356
133.57
125.419
121.754
93.9548
107.45
134.003
120.638
105.789
105.876
108.816
109.049
101.487
116.889
118.757
124.762
123.844
109.871
110.019
98.3037
135.688
129.592
98.4004
102.476
103.205
103.32
110.751
103.145
102.378
107.214
109.698
113.093
129.419
125.054
103.213
99.3649
102.293
98.7409
101.907
128.913
86.5721
97.5416
92.8017
124.026
93.7641
135.837
95.2247
101.954
104.061
102.165
102.145
101.945
103.173
98.1416
109.963
99.801
102.017
103.704
112.094
100.266
102.182
99.6785
105.931
111.466
110.032
103.878
111.087
109.58
122.945
114.972
105.723
112.291
112.514
105.527
110.613
107.637
116.486
120.72
121.483
112.82
106.752
140.405
102.699
102.01
103.248
114.963
112.111
131.714
121.902
122.577
102.972
111.056
102.526
121.622
111.958
105.357
101.237
108.327
107.037
107.421
121.293
124.916
105.341
115.136
117.023
117.077
120.992
96.0441
99.1201
136.439
108.576
112.211
113.611
111.475
114.673
117.956
120.955
111.312
103.138
104.987
113.468
111.064
114.057
104.784
99.5397
124.605
98.5509
103.896
102.664
108.152
112.154
108.773
100.17
98.7966
99.3751
101.348
103.505
99.5654
98.2826
117.429
98.7116
111.404
112.724
107.42
113.074
103.253
102.86
103.875
121.034
110.574
102.301
135.494
90.7692
84.0609
83.2905
113.839
133.418
145.005
119.15
131.79
111.526
89.9036
114.675
116.975
83.0333
121.341
111.518
114.446
109.434
117.54
119.331
111.854
103.006
158.581
108.034
71.9047
146.201
148.47
157.637
67.0295
78.1986
104.675
78.8017
102.325
115.991
111.043
105.276
74.8996
105.011
76.2159
99.9222
104.857
102.688
110.402
102.627
101.573
101.152
103.126
99.491
102.99
101.465
115.809
98.2987
116.639
104.892
109.274
104.993
113.713
104.07
77.6521
104.099
120.729
76.8861
110.745
103.933
141.474
89.4523
112.984
80.5887
170.986
114.035
140.651
103.64
107.426
117.27
115.567
105.434
116.469
114.426
105.291
102.642
105.635
103.294
114.958
102.648
111.753
66.3891
145.555
142.948
202.383
127.863
222.677
100.316
106.274
103.208
103.412
106.531
136.14
115.385
106.694
110.555
97.0122
97.9601
107.928
106.447
106.604
111.063
105.956
96.7672
106.17
95.9576
106.314
102.509
106.77
103.558
102.414
103.254
104.153
104.197
105.791
102.485
97.1296
101.844
105.459
104.239
107.818
104.258
110.978
98.2064
107.763
102.756
101.429
105.148
110.009
102.207
109.357
99.2308
108.912
99.6437
99.8876
111.517
111.64
94.9353
94.5128
94.9345
94.2326
93.8587
93.8704
94.2213
120.272
104.497
106.661
113.209
102.032
103.14
112.847
118.419
108.114
90.7732
124.127
104.707
95.0547
106.017
94.5137
94.9381
94.9339
94.2336
93.8601
93.8716
94.2221
100.933
102.759
100.676
104.797
103.003
104.487
103.75
112.011
104.726
104.598
106.947
106.415
104.64
97.4711
109.164
100.919
128.614
126.609
111.126
111.282
139.499
110.218
104.829
108.436
109.845
105.62
103.235
120.892
102.28
107.212
109.355
101.068
105.351
95.3183
100.824
118.41
109.438
92.9925
100.361
104.246
119.323
119.324
116.335
100.847
100.358
107.694
104.07
100.982
97.2589
83.3334
103.044
103.937
104.964
103.164
110.627
87.2441
116.455
110.196
97.9576
101.523
109.099
106.936
103.415
108.028
94.2188
120.878
107.297
97.2751
124.597
119.609
100.961
102.79
98.8303
106.92
94.6822
106.572
97.2056
103.942
92.0896
103.379
146.87
159.41
96.0339
99.7271
102.808
102.353
102.914
108.089
105.559
118.88
105.652
119.946
100.167
99.7767
107.549
107.337
113.534
112.491
114.845
108.05
112.248
114.115
122.126
109.531
120.757
102.801
112.111
121.166
101.961
102.14
113.041
118.835
99.6514
104.931
116.604
100.801
107.602
110.852
137.253
107.659
101.997
98.8592
82.2173
98.4268
86.3441
82.5778
106.437
109.061
104.454
102.316
105.374
103.439
105.74
97.0192
94.9732
95.2717
100.397
88.3596
120.917
98.8754
125.18
106.806
104.889
102.106
109.081
101.283
101.87
99.8712
98.8462
116.879
104.097
98.355
99.3256
99.101
101.084
96.2569
95.2118
104.089
105.651
98.757
100.257
100.605
104.683
98.6024
108.718
107.646
99.1152
102.396
110.561
98.6727
91.9774
113.35
114.637
92.3016
91.5576
180.701
107.881
226.944
146.601
143.507
130.15
115.218
103.495
104.774
105.071
103.979
104.288
104.742
106.011
101.916
100.615
100.651
103.703
106.972
105.176
103.095
100.258
102.606
100.219
102.713
105.764
102.716
105.156
102.606
102.598
109.337
112.497
112.129
114.052
102.64
94.3724
92.4052
93.7034
97.6342
95.5453
96.7336
97.4345
96.292
94.843
122.585
106.714
124.643
96.7696
103.577
102.632
104.659
100.961
117.42
155.631
107.618
118.141
102.683
123.917
125.587
110.946
111.537
95.6556
105.835
120.069
120.138
114.835
106.483
117.134
98.4974
101.317
97.7504
108.707
103.863
104.459
98.0407
96.9589
112.316
110.522
128.036
100.657
105.067
106.489
117.189
100.531
104.025
97.2768
106.783
104.238
106.388
104.112
104.145
109.883
103.357
113.985
108.281
109.376
107.955
107.87
113.916
114.956
102.011
111.617
119.889
119.046
106.472
107.965
107.967
108.889
108.771
107.478
107.802
106.858
113.196
100.385
111.93
119.366
122.025
103.824
103.317
89.7443
113.986
111.923
110.211
113.02
105.346
103.607
107.271
106.323
114.396
132.131
106.649
114.352
114.098
94.089
98.2849
92.5278
96.6379
97.7205
108.891
101.688
106.558
100.1
108.491
106.511
106.188
102.334
103.446
102.918
103.361
104.64
113.899
110.806
103.382
103.646
120.64
120.954
130.829
108.884
106.681
111.767
106.119
111.121
114.935
102.133
102.19
107.056
106.883
104.161
111.061
111.982
113.405
110.214
114.57
108.688
110.393
99.7735
117.355
98.1714
99.0792
119.798
122.302
99.5114
101.84
100.888
101.997
101.51
101.762
100.661
101.483
109.08
102.379
112.593
105.572
115.063
104.931
105.66
109.233
97.3744
105.557
109.964
108.924
111.136
108.462
101.008
107.776
108.087
113.779
111.086
107.352
97.6229
140.763
122.985
120.798
132.858
132.7
129.292
136.512
136.395
104.153
102.71
114.953
110.104
113.801
119.598
110.719
111.254
135.805
139.806
116.406
119.873
114.762
94.5453
94.9999
95.0034
94.267
94.4672
94.4753
94.275
128.347
98.2396
120.085
105.289
104.701
110.256
102.966
160.043
60.962
165.88
82.7631
177.644
163.995
63.5157
653.946
84.4509
319.507
-16.7923
374.506
56.8412
112.666
104.511
104.742
105.277
134.256
105.736
98.2225
98.1051
152.132
83.5311
152.23
172.836
79.2348
167.526
63.386
166.856
105.234
187.286
462.592
94.7149
115.389
172.706
147.633
133.292
159.515
184.618
116.679
191.165
116.778
95.0053
94.5438
95.0055
94.2488
94.513
94.2284
94.4933
139.828
110.765
111.268
110.872
111.194
129.57
118.461
164.022
131.022
126.845
153.462
111.962
146.93
190.634
136.028
213.604
159.47
134.225
159.582
37.655
74.0637
162.98
129.388
73.0744
97.0724
151.57
56.5157
219.462
118.201
143.04
176.739
33.5541
10.5008
116.927
107.998
91.896
139.814
276.582
80.5281
169.187
386.824
56.8494
145.866
134.625
102.786
126.513
195.486
289.895
143.861
87.7669
97.2163
97.9209
120.397
107.411
106.275
121.615
142.274
90.3505
115.43
133.796
94.5055
143.65
108.223
101.488
110.236
112.94
124.507
99.8388
94.6354
116.587
141.215
132.81
44.5267
133.206
162.866
161.901
38.1075
77.773
132.275
127.803
130.838
64.9515
115.379
16.1424
)
;

boundaryField
{
    inlet
    {
        type            fixedFluxPressure;
        gradient        nonuniform List<scalar> 
48
(
-2030.4
1537.08
1257.4
207.909
975.401
-1605.05
1873.46
-3214.18
2378.05
-6593.76
421.28
-152.42
-2216.97
-79.7193
-154.202
-94.2978
-3479.17
12.8285
-1109.11
256.47
942.589
-4107.07
263.203
-1663.25
-1791.79
582.151
615.802
-48.6503
115.201
-88.1209
-1089.8
-42300.2
-2483.48
-63.3452
-9.38205
-125.123
2501.25
9260.84
-6179.28
2544.4
847.299
2980.55
-13339.7
-12723.1
-2207.09
-748.796
-1047.95
1432.86
)
;
        value           nonuniform List<scalar> 
48
(
99.5691
108.056
107.552
105.293
105.047
98.9545
104.3
97.8792
101.104
96.4465
104.273
103.137
100.739
103.434
102.223
102.102
99.2673
102.504
97.2096
101.748
105.357
95.8169
105.434
100.253
99.0034
104.317
102.198
103.719
100.641
100.39
97.0939
66.8252
105.216
98.0076
106.596
108.186
108.158
111.107
94.9465
105.953
105.107
106.203
88.8006
90.4458
101.854
100.761
99.6126
102.321
)
;
    }
    outlet
    {
        type            fixedValue;
        value           uniform 0;
    }
    lowerWall
    {
        type            fixedFluxPressure;
        gradient        uniform 0;
        value           nonuniform List<scalar> 
1064
(
103.631
104.981
105.037
104.877
103.095
102.166
102.426
104.31
98.7254
103.042
106.58
103.563
105.91
103.69
102.389
102.154
104.848
104.015
95.0546
108.466
116.103
100.953
103.946
102.49
103.802
105.08
97.4625
114.795
107.659
102.502
104.604
83.8606
153.223
101.892
100.644
104.264
103.312
104.045
96.2742
105.141
70.1558
179.237
59.9644
103.217
99.8327
105.143
101.367
104.987
104.718
95.0515
92.0192
94.8725
94.3474
98.2409
101.402
101.627
106.542
103.103
101.907
93.9846
95.2824
96.6737
96.8942
97.6495
99.2477
99.5608
99.3128
97.7874
97.2049
95.3566
92.0621
93.0804
93.5319
94.514
95.7516
96.2615
95.5638
94.2632
93.2749
91.9081
89.906
90.035
90.3765
90.7963
91.0409
91.0566
90.7906
90.417
89.994
89.8323
87.5521
87.7133
87.9295
88.183
88.3339
88.3464
88.1654
87.9332
87.6815
87.5168
85.1555
85.2548
85.4029
85.554
85.6407
85.6421
85.5445
85.3854
85.2356
85.143
82.7249
82.7901
82.8731
82.9911
83.026
83.026
82.9698
82.8705
82.7852
82.7143
80.2794
80.3419
80.3812
80.4402
80.4768
80.477
80.4578
80.3958
80.3327
80.2695
77.8523
77.8899
77.9221
77.9504
77.969
77.9738
77.9647
77.925
77.8829
77.8552
75.4286
75.4466
75.4726
75.4969
75.517
75.5279
75.5099
75.4647
75.4514
75.4333
73.0233
73.0432
73.0452
73.0649
73.0813
73.091
73.0809
73.0686
73.0533
73.0277
70.6311
70.638
70.6597
70.6706
70.6877
70.6967
70.6897
70.6717
70.6442
70.6348
68.2661
68.2875
68.3128
68.3136
68.3081
68.3107
68.3146
68.2976
68.2797
68.2744
65.9244
65.9521
65.9713
65.9541
65.937
65.9305
65.9316
65.9414
65.9342
65.9279
63.6074
63.6139
63.6154
63.6217
63.6263
63.6103
63.5982
63.591
63.5996
63.6038
61.2972
61.3029
61.3067
61.3176
61.322
61.3173
61.3004
61.2906
61.284
61.2857
59.0037
59.0074
59.0111
59.0122
59.0114
59.0072
59.0039
58.9985
58.9908
58.9962
56.7398
56.7334
56.7254
56.7319
56.7345
56.7358
56.7324
56.7302
56.7345
56.7389
54.4692
54.4711
54.4653
54.4696
54.4718
54.4821
54.4893
54.4901
54.485
54.4748
52.2235
52.2127
52.2151
52.231
52.2373
52.2428
52.2483
52.2474
52.2481
52.2381
49.9972
49.9803
49.9766
49.989
50.0019
50.0162
50.0128
50.0172
50.0173
50.0134
47.7757
47.7637
47.7544
47.7543
47.7635
47.7739
47.7794
47.7804
47.7768
47.7791
45.5512
45.5536
45.5602
45.5663
45.5607
45.5557
45.5518
45.5493
45.547
45.5496
43.3457
43.3553
43.3668
43.3602
43.3476
43.3409
43.3427
43.3526
43.3458
43.3437
41.1674
41.1668
41.178
41.1637
41.1549
41.1465
41.1602
41.1647
41.163
41.1636
38.9869
38.9974
39.0055
39.0052
38.9985
38.9906
38.9907
38.9863
38.9731
38.975
36.8276
36.8394
36.84
36.8343
36.8262
36.8209
36.8111
36.8077
36.8072
36.8138
34.6984
34.6941
34.6749
34.6692
34.6661
34.6599
34.6538
34.6586
34.6757
34.6917
32.5641
32.5512
32.5404
32.5358
32.5344
32.5372
32.5437
32.5503
32.5551
32.5624
30.4183
30.4206
30.4267
30.436
30.4364
30.4404
30.4436
30.4416
30.4341
30.423
28.3054
28.3111
28.3256
28.343
28.3517
28.3534
28.348
28.3365
28.3264
28.3118
26.2457
26.2411
26.2413
26.2475
26.2576
26.2676
26.2729
26.2716
26.2667
26.255
24.2217
24.2063
24.1972
24.1934
24.1981
24.2087
24.2221
24.2302
24.2342
24.2307
22.2053
22.1896
22.1858
22.1865
22.1913
22.1932
22.1951
22.199
22.2031
22.2061
20.1846
20.1847
20.1868
20.1933
20.2038
20.2024
20.1935
20.1867
20.1851
20.184
18.1916
18.1975
18.2073
18.2125
18.2127
18.2045
18.1957
18.1906
18.1887
18.1901
16.2429
16.2471
16.2477
16.2347
16.2235
16.2017
16.2008
16.2061
16.2171
16.2332
14.2975
14.3032
14.2921
14.2707
14.2544
14.2351
14.2355
14.2461
14.2641
14.2837
12.3249
12.3431
12.3426
12.3331
12.3237
12.3121
12.3099
12.3132
12.3148
12.3177
10.3803
10.3875
10.3975
10.4036
10.4019
10.3963
10.392
10.3902
10.3868
10.3809
8.48279
8.47345
8.47027
8.47251
8.47496
8.47878
8.48043
8.48235
8.48431
8.48777
6.58947
6.57566
6.56987
6.57078
6.57829
6.5947
6.60069
6.599
6.59219
6.59527
4.68797
4.68473
4.68601
4.69323
4.70829
4.73172
4.7315
4.72053
4.70981
4.69843
2.80821
2.80855
2.81099
2.81743
2.82647
2.83692
2.84079
2.83893
2.82815
2.81388
0.938803
0.93848
0.938284
0.933669
0.931802
0.93471
0.943794
0.947534
0.94868
0.939252
98.7725
95.7775
94.7657
100.166
97.1479
96.8499
96.9063
97.0341
96.6359
100.874
99.0179
97.5146
101.288
100.014
99.5679
100.724
99.3938
99.9383
98.7851
97.9665
99.1796
98.2417
97.4538
97.8134
97.6483
95.7629
97.1507
94.0777
94.623
95.1129
91.2484
102.573
87.7811
97.2589
99.7246
104.578
109.708
101.442
112.034
100.08
100.79
100.773
102.171
102.302
100.753
101.93
100.992
104.88
102.036
102.247
101.877
100.851
81.9128
106.222
95.8515
101.42
118.901
97.5568
95.9585
92.0678
110.493
99.2268
94.5704
96.446
97.1206
96.1769
90.6626
94.1916
95.48
91.0112
92.2954
97.8233
101.823
100.564
100.134
102.406
100.521
100.82
109.139
98.6381
100.492
103.94
98.6394
97.9155
99.6595
102.149
97.0323
94.8564
94.7755
94.5919
96.3662
94.3292
94.1275
97.0826
94.5794
94.7136
97.1447
95.1389
94.7736
99.0877
97.5367
95.6329
99.5555
98.7069
98.1191
99.4075
98.3027
98.7189
98.1271
95.9936
97.9201
97.4744
94.7813
95.7545
95.814
94.1244
94.6202
94.7539
93.7069
93.8031
88.9322
97.2418
86.4526
95.721
97.1248
96.6246
95.8861
98.5631
96.4942
97.6594
97.4714
103.6
97.4312
97.2121
97.2943
97.1386
97.1364
97.2083
96.6602
96.0374
94.5397
96.4989
96.3788
96.9195
96.2204
95.5746
96.2614
99.4072
100.031
107.994
98.4708
98.6179
99.1575
97.6811
98.1705
97.9472
100.845
100.849
102
99.9044
100.473
100.538
99.8836
100.255
99.8498
99.8319
101.383
102.937
99.9481
100.363
99.6675
100.428
100.342
99.8658
97.3185
98.6273
98.315
98.4004
98.5164
97.8439
99.4704
98.6149
98.7256
97.8245
98.3293
100.934
97.5678
97.8774
97.7022
97.9476
98.1321
97.9829
95.548
95.2415
99.0581
96.4479
96.2634
95.833
97.2417
97.2161
96.9217
94.7217
94.6957
91.7789
94.6044
94.7509
94.8602
95.2745
94.8483
94.8858
98.0522
98.011
97.7342
98.7828
98.6576
98.8299
98.7316
98.3698
98.4092
98.2097
98.3578
98.4607
97.7981
98.0686
98.052
97.4483
97.3258
96.9536
97.138
97.517
97.5184
96.8234
96.7277
96.7074
102.314
108.517
107.411
95.9182
93.4935
93.6366
96.2567
93.6168
93.4392
99.0849
99.0768
98.6692
98.6324
99.0107
99.0892
96.9652
95.782
96.6145
98.516
98.9749
98.8989
96.2033
95.9632
96.9543
98.7012
98.8573
98.3984
95.6787
93.2486
92.8786
94.3128
93.0673
93.2532
97.0092
98.1644
98.4415
98.708
98.5154
97.2484
96.6302
98.1637
97.8226
97.2856
97.7661
96.2691
102.402
109.639
100.809
94.7477
95.2234
96.5
101.25
97.4894
101.957
93.8989
92.6921
92.4463
94.9581
95.9564
96.6955
93.6765
92.4696
92.8556
97.3139
96.8358
95.3402
97.0628
95.6618
95.2311
94.7441
94.1318
94.4485
99.6133
103.902
104.679
95.032
96.1378
95.6614
95.3688
95.4679
94.6055
94.9351
94.7343
96.2208
93.9915
94.006
94.543
96.3188
94.6622
94.0388
96.2201
94.8351
94.8195
94.8374
94.7846
96.1826
94.7959
94.7178
95.979
95.9336
94.7092
94.6437
108.747
103.386
102.312
94.7424
94.3706
95.2006
95.4052
94.5305
94.5937
92.8604
91.8143
92.1753
95.1955
94.7812
94.232
102.568
106.331
109.196
114.379
103.948
112.061
106.1
100.972
104.431
125.915
100.949
103.775
103.391
111.147
100.429
104.367
91.9088
100.636
115.552
104.454
118.119
112.447
114.916
79.193
98.1722
104.081
103.504
99.9777
117.477
110.774
104.997
106.112
105.707
108.835
93.7355
99.4097
110.883
102.64
99.0604
109.137
120.543
102.87
111.612
101.042
101.561
105.466
110.674
131.137
109.991
108.463
90.9171
114.933
98.5157
104.767
107.778
125.883
101.871
102.837
99.2134
107.776
107.442
104.62
101.749
105.328
105.368
104.95
104.836
105.086
105.365
100.308
99.7147
101.053
120.846
105.8
97.9802
101.197
105.65
104.585
108
108.12
72.2239
101.591
100.139
102.998
93.3042
92.216
92.0174
108.036
144.739
102.045
94.505
94.9757
95.1036
108.311
98.9566
100.917
103.317
107.723
133.644
103.485
110.459
100.081
101.128
103.489
105.756
91.9868
120.137
113.818
103.674
135.509
91.0718
120.961
106.703
102.798
103.221
101.697
102.276
101.606
101.908
101.681
102.106
102.12
104.424
96.0441
136.439
115.136
99.5397
112.154
103.896
89.9036
121.341
111.526
84.0609
119.15
133.418
115.991
105.276
78.1986
104.099
103.933
77.6521
117.27
114.426
115.567
106.274
106.694
136.14
97.0122
111.063
107.928
105.459
110.978
104.239
94.9353
94.2213
93.8587
109.845
120.892
110.218
107.212
100.824
101.068
100.847
100.358
116.335
103.937
87.2441
103.044
97.9576
103.415
110.196
103.942
99.7271
146.87
107.659
82.5778
98.4268
107.602
137.253
99.6514
100.605
102.396
108.718
104.774
105.071
103.495
180.701
130.15
143.507
110.946
105.835
123.917
108.707
112.316
98.0407
120.069
101.317
120.138
120.954
106.119
108.884
136.028
74.0637
134.225
126.845
190.634
131.022
73.0744
219.462
129.388
276.582
56.8494
139.814
)
;
    }
    upperWall
    {
        type            fixedFluxPressure;
        gradient        uniform 0;
        value           nonuniform List<scalar> 
1043
(
103.471
104.034
104.908
103.581
102.588
103.152
100.966
103.816
100.411
100.566
110.032
105.525
106.304
104.693
103.036
103.095
103.222
104.396
104.029
104.975
112.055
99.1594
106.339
105.058
102.448
103.704
100.831
112.052
105.105
100.716
110.725
107.63
116.023
104.303
100.276
102.616
104.052
103.1
106.146
102.096
94.3464
124.496
131.807
100.074
91.5694
104.725
105.421
103.045
101.975
103.56
95.606
92.9446
94.1864
99.8883
101.508
101.603
100.739
97.2052
98.3656
98.4214
95.2822
96.6799
96.8801
97.6313
99.2509
99.5567
99.1957
97.7935
97.2043
95.3552
92.0624
93.0799
93.5328
94.5154
95.7509
96.2605
95.5641
94.263
93.2748
91.9084
89.9059
90.0348
90.3779
90.7963
91.0404
91.0561
90.7906
90.4173
89.9944
89.8322
87.552
87.7131
87.9294
88.1823
88.3342
88.3466
88.1652
87.9331
87.6813
87.5167
85.1556
85.2547
85.4028
85.5539
85.6407
85.6418
85.5444
85.3853
85.2355
85.1431
82.7249
82.79
82.873
82.991
83.0259
83.0259
82.9696
82.8705
82.7851
82.7141
80.2789
80.3418
80.3811
80.4401
80.4765
80.4772
80.4577
80.3957
80.3326
80.2688
77.8526
77.8898
77.922
77.9503
77.9689
77.9737
77.9645
77.9249
77.8828
77.8553
75.4284
75.4465
75.4725
75.4967
75.5171
75.5275
75.5098
75.4645
75.4511
75.4332
73.023
73.0427
73.0451
73.0648
73.0813
73.0908
73.0808
73.0685
73.0536
73.0282
70.631
70.6381
70.6597
70.6705
70.6876
70.6966
70.6896
70.6722
70.6451
70.6347
68.2661
68.2878
68.3125
68.3132
68.308
68.3108
68.3143
68.2971
68.2787
68.2742
65.9248
65.9517
65.9713
65.9539
65.9367
65.9302
65.9314
65.9417
65.9343
65.928
63.6068
63.6137
63.6152
63.6214
63.6264
63.6102
63.5984
63.5908
63.5996
63.6036
61.297
61.3031
61.3062
61.3177
61.3221
61.3173
61.3003
61.2905
61.2839
61.2855
59.0038
59.0075
59.011
59.0122
59.0108
59.0069
59.0038
58.9985
58.9911
58.9961
56.7396
56.7324
56.7251
56.7319
56.7342
56.7355
56.7324
56.7303
56.7344
56.7388
54.4689
54.471
54.4657
54.4701
54.472
54.4822
54.4892
54.49
54.4849
54.4748
52.2235
52.2129
52.2151
52.2301
52.2368
52.2428
52.2478
52.2473
52.2479
52.2382
49.9972
49.9801
49.9763
49.9884
50.002
50.0163
50.0127
50.0176
50.0172
50.0133
47.7754
47.7634
47.7543
47.7545
47.7637
47.7738
47.7792
47.7807
47.7761
47.7787
45.5511
45.5535
45.5601
45.5663
45.5606
45.5554
45.5521
45.5489
45.5468
45.5496
43.3454
43.3553
43.3668
43.3602
43.3469
43.3408
43.3432
43.3522
43.3459
43.3436
41.1674
41.1668
41.1781
41.1635
41.1546
41.1472
41.1602
41.1647
41.1631
41.1635
38.9869
38.9979
39.0049
39.0049
38.9986
38.9908
38.991
38.9861
38.973
38.975
36.8277
36.8395
36.8395
36.8344
36.8261
36.8206
36.8108
36.8075
36.807
36.8137
34.6984
34.6939
34.6751
34.6691
34.6659
34.6596
34.6537
34.6585
34.6767
34.6922
32.5638
32.5512
32.5406
32.5357
32.5344
32.5371
32.5435
32.5502
32.555
32.5622
30.4181
30.4205
30.4268
30.436
30.4364
30.4406
30.4433
30.4414
30.434
30.4229
28.3053
28.311
28.3256
28.3425
28.3516
28.3532
28.3476
28.3365
28.3264
28.312
26.2455
26.241
26.241
26.2474
26.258
26.2676
26.2728
26.2714
26.2667
26.2549
24.2217
24.2068
24.1972
24.1933
24.198
24.2087
24.222
24.23
24.2339
24.2305
22.2052
22.1893
22.1857
22.1865
22.1913
22.1931
22.195
22.1989
22.2029
22.2061
20.1844
20.1832
20.1866
20.1932
20.2041
20.2025
20.1935
20.1865
20.1849
20.1839
18.1913
18.1977
18.2072
18.2125
18.2126
18.2042
18.1956
18.1903
18.1888
18.19
16.243
16.2473
16.2478
16.2346
16.2234
16.2018
16.2002
16.2061
16.2174
16.2331
14.2977
14.303
14.2922
14.2705
14.2542
14.235
14.2354
14.2462
14.2639
14.2836
12.3251
12.3424
12.3422
12.333
12.3236
12.3122
12.3099
12.3131
12.3145
12.3174
10.3803
10.3876
10.3977
10.4038
10.4018
10.396
10.3917
10.39
10.3868
10.3808
8.48271
8.47347
8.47001
8.47242
8.47488
8.47868
8.48034
8.48226
8.48418
8.48768
6.58926
6.57549
6.56968
6.57058
6.57835
6.59469
6.60097
6.59894
6.59203
6.59496
4.68788
4.68474
4.68602
4.69322
4.7081
4.73173
4.7313
4.72046
4.7097
4.6984
2.80806
2.80883
2.81106
2.81731
2.82628
2.83622
2.84022
2.83895
2.82838
2.81389
0.938802
0.938243
0.938138
0.933197
0.93176
0.934653
0.943903
0.947571
0.94859
0.939167
94.8165
96.0007
95.1399
96.8718
97.1453
100.9
96.6222
97.045
96.8351
97.5036
98.9064
100.765
99.6097
99.9567
101.384
100.104
99.4361
100.646
99.3179
97.9628
96.1374
97.7848
97.4648
96.8027
97.1539
95.7522
95.3643
95.1149
94.6205
93.8951
77.1282
93.4627
126.438
119.801
114.842
133.951
69.0042
106.301
98.4212
100.544
100.906
97.2391
102.481
102.859
101.657
102.818
98.5894
99.1617
102.411
93.6412
105.306
99.9582
106.302
101.528
101.832
98.504
102.063
98.646
97.0596
102.068
94.9468
99.848
107.001
96.4955
98.1953
100.898
95.5362
94.0816
89.7109
97.9021
99.4748
99.8183
100.156
100.684
101.847
100.809
101.185
103.336
100.271
98.6799
104.456
97.935
98.535
98.7089
96.9793
97.0263
102.153
94.8045
94.9303
95.6525
94.1271
94.3287
96.3568
94.7114
94.5803
97.0782
94.7738
95.1388
97.1475
95.6364
97.5372
99.0738
98.1187
98.7067
99.5788
98.7201
98.3015
99.3952
97.9024
95.9927
98.1351
95.7538
94.7804
97.4691
94.6199
94.1247
95.8153
93.8025
93.7074
94.7502
96.4813
98.5337
95.8839
96.7548
97.2389
95.8094
116.327
95.7713
96.867
97.2458
97.3329
97.2525
97.3479
97.3343
97.4448
105.466
98.5809
99.1308
96.2433
95.5827
96.1021
96.9397
96.4518
96.6473
93.8807
95.5669
96.7097
98.071
98.4535
97.5999
99.2216
98.6596
98.4468
99.4725
99.8599
99.4844
99.9555
100.246
99.8686
100.481
100.432
99.8982
101.661
100.84
100.867
99.9023
100.447
100.393
99.6448
100.358
99.9114
101.362
101.369
99.9829
98.7224
98.7146
99.8426
97.9715
98.5047
98.4689
108.995
98.4761
97.5521
97.852
98.0426
97.9221
97.8068
97.586
97.5644
99.515
97.9991
97.9448
96.9205
97.1518
97.2572
95.8665
96.5916
96.476
103.094
97.6621
95.8235
94.915
94.7943
95.3146
94.8734
94.7821
94.5959
94.8101
94.2468
94.4087
97.7316
98.0138
98.0408
98.8296
98.666
98.7645
98.42
98.3782
98.7535
98.4417
98.3614
98.2088
98.0488
98.0493
97.7834
96.9449
97.3123
97.4408
97.5052
97.5115
97.1379
96.6981
96.7095
96.8308
103.478
93.8302
103.195
108.177
102.158
103.805
100.413
98.3857
103.546
93.636
93.493
95.9187
93.4385
93.616
96.2549
98.6708
99.079
99.087
99.0891
99.0109
98.6329
96.611
95.7704
96.9697
96.9476
95.9621
96.2003
98.8984
98.9745
98.5158
98.3987
98.8552
98.6988
92.8799
93.2497
95.6798
93.2523
93.066
94.3138
98.4413
98.1963
97.0469
97.2918
98.5383
98.7004
96.2941
97.7717
97.2849
97.8219
98.1647
96.6542
111.006
108.064
105.708
96.4986
95.2066
94.7455
110.328
112.277
100.94
92.4471
92.6928
93.8994
96.6951
95.9545
94.9587
92.8559
92.4699
93.6768
95.3417
96.8334
97.3203
95.2297
95.6608
97.0824
104.653
103.695
104.116
106.137
105.41
104.758
94.4485
94.1313
94.7174
102.272
102.308
103.377
95.6598
96.1384
95.0311
94.6057
95.4698
95.3666
103.361
101.769
103.429
96.2263
94.7351
94.9321
105.707
90.7388
100.012
103.634
114.256
111.155
106.387
105.841
103.772
94.5147
94.0043
93.9916
108.338
105.809
107.226
94.0398
94.6628
96.3219
94.8187
94.8344
96.2136
96.1793
94.7836
94.8365
104.06
95.576
107.063
107.182
104.655
101.723
126.613
96.2453
102.832
95.9763
94.7171
94.7936
94.6427
94.7083
95.9292
99.4434
97.2251
102.697
106.567
103.167
104.948
98.3387
100.255
104.445
115.978
112.077
128.727
97.9087
108.148
104.459
105.302
99.0728
105.92
83.9264
102.799
149.075
111.137
107.089
126.921
95.2061
94.3716
94.7437
116.302
111.861
103.507
94.5925
94.5288
95.4066
92.1755
91.8145
92.8607
94.2316
94.7808
95.1935
99.9407
103.503
106.289
105.9
101.444
107.276
112.718
134.914
132.658
104.377
104.689
103.354
106.532
103.797
105.608
104.078
107.711
108.003
116.106
103.708
104.593
102.792
116.808
101.712
99.854
124.721
114.47
101.641
100.384
101.381
102.889
98.7481
99.7169
101.648
110.004
98.3956
112.617
106.572
108.864
99.6682
124.746
95.1163
99.8247
115.356
106.79
126.248
105.883
102.679
102.664
101.415
102.964
115.998
92.71
110.031
102.449
104.107
104.427
105.818
120.981
180.4
88.6283
109.065
108.802
99.0411
131.523
80.1905
106.377
98.5156
102.555
103.812
103.507
104.035
103.034
106.442
100.651
107.956
110.068
120.22
112.788
103.153
108.981
104.412
104.23
100.043
109.19
104.824
103.447
92.0169
92.2155
93.3037
95.1044
94.9768
94.5062
132.491
105.423
107.78
103.606
110.676
114.379
103.288
113.574
119.99
101.404
96.4506
96.8744
102.107
105.925
104.062
103.878
109.58
111.087
71.9047
157.637
146.201
145.555
222.677
127.863
93.8601
94.2221
94.9381
100.361
119.324
109.438
102.353
105.652
108.089
107.549
112.491
100.167
113.35
91.5576
98.6727
)
;
    }
    frontWall
    {
        type            cyclic;
    }
    backWall
    {
        type            cyclic;
    }
}


// ************************************************************************* //
