/*--------------------------------*- C++ -*----------------------------------*\
| =========                 |                                                 |
| \\      /  F ield         | OpenFOAM: The Open Source CFD Toolbox           |
|  \\    /   O peration     | Version:  5.0                                   |
|   \\  /    A nd           | Web:      www.OpenFOAM.org                      |
|    \\/     M anipulation  |                                                 |
\*---------------------------------------------------------------------------*/
FoamFile
{
    version     2.0;
    format      ascii;
    class       volScalarField;
    location    "4.6";
    object      p_rgh;
}
// * * * * * * * * * * * * * * * * * * * * * * * * * * * * * * * * * * * * * //

dimensions      [1 -1 -2 0 0 0 0];

internalField   nonuniform List<scalar> 
8409
(
99.6221
98.7143
98.2891
97.1218
106.423
101.865
99.2128
95.9041
92.2809
89.7204
87.099
84.5202
81.9621
79.4451
76.952
74.4872
72.0384
69.6244
67.2329
64.8669
62.5062
60.1662
57.8567
55.5409
53.2501
50.9797
48.7136
46.4456
44.197
41.9766
39.7524
37.5513
35.3807
33.2006
31.0142
28.8609
26.7608
24.6982
22.6451
20.5827
18.55
16.5623
14.5759
12.5657
10.5839
8.64874
6.7162
4.77973
2.86394
0.957229
102.147
101.131
98.2739
94.5623
91.3783
104.82
100.067
96.2274
92.448
89.8241
87.1619
84.5539
82.0004
79.4683
76.9596
74.4965
72.0407
69.6401
67.2556
64.8703
62.5119
60.1697
57.8519
55.5414
53.2394
50.9618
48.7011
46.4474
44.2048
41.9781
39.7639
37.5623
35.3736
33.1902
31.0154
28.8663
26.7559
24.6814
22.623
20.5811
18.5558
16.5673
14.5856
12.5864
10.5921
8.64083
6.7086
4.77818
2.86433
0.956961
137.103
99.2713
96.2193
102.449
110.238
99.8049
99.9069
96.8201
92.4883
89.8075
87.1713
84.5517
81.9878
79.4685
76.9645
74.4862
72.0522
69.6588
67.2705
64.8679
62.513
60.1718
57.8393
55.5377
53.243
50.9579
48.6918
46.4535
44.2158
41.9801
39.7692
37.5622
35.3554
33.1795
31.0262
28.8825
26.7571
24.6723
22.6208
20.5819
18.5648
16.5652
14.5729
12.5851
10.6026
8.63828
6.70082
4.77921
2.86708
0.956869
103.315
96.557
95.7385
89.4906
89.8644
100.094
99.1439
97.3108
92.4214
89.7533
87.135
84.5476
81.9747
79.4515
76.9605
74.4888
72.0525
69.6518
67.2482
64.87
62.5214
60.1716
57.846
55.5399
53.2544
50.9687
48.6909
46.4598
44.213
41.9718
39.7697
37.5564
35.3485
33.1746
31.0336
28.8994
26.7635
24.6694
22.6235
20.5925
18.5712
16.5563
14.5549
12.5788
10.6108
8.64139
6.70118
4.78636
2.87351
0.952306
93.3351
110.432
94.1564
98.9749
101.705
100.515
98.7547
98.1979
92.9901
89.5239
87.0601
84.4809
81.95
79.4329
76.9579
74.4909
72.0614
69.6414
67.2274
64.8705
62.5245
60.17
57.8487
55.5412
53.2625
50.9834
48.7006
46.4543
44.198
41.9661
39.7643
37.5489
35.3478
33.174
31.0352
28.909
26.7739
24.6739
22.6268
20.5999
18.5698
16.5401
14.5362
12.5689
10.6095
8.64362
6.70972
4.80122
2.88182
0.950206
98.8018
100.749
101.228
97.5453
99.3914
98.7855
97.9658
97.8498
92.8496
89.4351
86.9965
84.4418
81.9269
79.4245
76.9624
74.4983
72.0689
69.6446
67.2223
64.861
62.5203
60.1665
57.85
55.5519
53.2677
50.9964
48.7106
46.4481
44.1888
41.9492
39.7533
37.5428
35.3402
33.1758
31.0382
28.9109
26.7847
24.6859
22.6311
20.6016
18.5647
16.5269
14.5205
12.5576
10.6033
8.64771
6.72555
4.82551
2.89295
0.953416
99.4717
99.5411
100.32
99.1432
103.928
98.3109
97.7421
97.4282
91.9887
89.4657
86.9639
84.4305
81.9325
79.4307
76.9532
74.4935
72.0656
69.6501
67.2256
64.8503
62.5085
60.1661
57.8497
55.5607
53.2744
50.9956
48.7166
46.4442
44.1889
41.9614
39.7533
37.5319
35.3336
33.1826
31.042
28.906
26.7907
24.699
22.6329
20.5925
18.5566
16.5225
14.519
12.555
10.5981
8.64894
6.73173
4.82477
2.89664
0.962004
99.2053
99.7329
100.955
98.381
108.371
97.0149
97.5254
95.8765
91.9478
89.4717
86.9519
84.4279
81.9313
79.4292
76.9327
74.4955
72.0557
69.6379
67.2377
64.8437
62.4989
60.1615
57.8472
55.562
53.2743
50.9995
48.7184
46.4423
44.2046
41.974
39.7476
37.5289
35.3375
33.1889
31.0398
28.8943
26.7907
24.7086
22.6373
20.5848
18.5507
16.5278
14.5288
12.5569
10.5963
8.65066
6.7299
4.81378
2.89544
0.966598
100.242
100.143
104.659
101.549
100.432
97.7355
98.1049
95.5289
92.0223
89.5488
86.994
84.4603
81.9404
79.4323
76.9462
74.4965
72.0387
69.6247
67.2332
64.8522
62.4921
60.1551
57.8522
55.5573
53.2758
51.0003
48.7151
46.4425
44.1976
41.9707
39.7396
37.5286
35.3541
33.1949
31.0328
28.8856
26.7896
24.7151
22.6421
20.5837
18.5481
16.5376
14.5439
12.5576
10.5915
8.65166
6.72233
4.80202
2.88243
0.967342
99.9982
100.855
103.941
99.5559
104.7
99.3047
98.6941
95.5389
92.133
89.6163
87.0402
84.4797
81.9344
79.4421
76.9502
74.4851
72.0368
69.623
67.2279
64.8559
62.4943
60.1573
57.8556
55.5468
53.2655
50.9964
48.7184
46.4445
44.1948
41.972
39.7408
37.5362
35.3731
33.2005
31.0202
28.8675
26.7667
24.7063
22.6437
20.5822
18.5485
16.5513
14.5626
12.559
10.5854
8.6543
6.72294
4.79021
2.86865
0.957119
99.2672
98.8935
98.7624
103.249
103.057
99.1552
99.2469
95.9012
92.2813
89.7203
87.0991
84.5203
81.9619
79.4452
76.952
74.4869
72.0384
69.6243
67.233
64.8668
62.5061
60.1662
57.8567
55.5407
53.2502
50.9797
48.7135
46.4456
44.1969
41.9765
39.7523
37.5514
35.3808
33.2004
31.0142
28.8609
26.7607
24.6982
22.645
20.5825
18.5499
16.5624
14.5761
12.5658
10.5839
8.64879
6.71614
4.77971
2.86391
0.957298
104.81
100.234
101.575
95.0065
90.7581
104.693
100.071
96.2265
92.4484
89.8239
87.1619
84.5539
82.0004
79.4683
76.9596
74.4963
72.0406
69.6403
67.2555
64.8702
62.5119
60.1697
57.8519
55.5413
53.2393
50.9618
48.701
46.4474
44.2047
41.9781
39.7644
37.5624
35.3736
33.1902
31.0154
28.8662
26.7559
24.6814
22.623
20.5806
18.5558
16.5674
14.5855
12.5861
10.5922
8.64084
6.70838
4.77827
2.86435
0.956912
100.214
96.8624
97.5368
97.6559
105.248
99.6289
99.8763
96.8111
92.4897
89.8074
87.1713
84.5517
81.9878
79.4684
76.9645
74.4862
72.0522
69.6586
67.2706
64.8679
62.5129
60.1717
57.8393
55.5376
53.243
50.9578
48.6918
46.4535
44.2158
41.9801
39.7688
37.5621
35.3555
33.1796
31.0263
28.8825
26.757
24.6723
22.6208
20.5818
18.5649
16.5653
14.5728
12.585
10.6026
8.63813
6.70083
4.77927
2.86711
0.956861
101.055
97.7601
98.9325
96.8884
89.5724
101.04
99.0892
97.1779
92.4219
89.753
87.135
84.5476
81.9747
79.4515
76.9605
74.4888
72.0525
69.6516
67.2482
64.8699
62.5215
60.1716
57.846
55.54
53.2542
50.9685
48.691
46.4599
44.2132
41.9716
39.7696
37.5564
35.3484
33.1746
31.0337
28.8994
26.7635
24.6695
22.6235
20.5926
18.5713
16.5561
14.5548
12.5787
10.6109
8.64137
6.70107
4.78631
2.8735
0.952176
106.72
105.962
100.6
98.0594
101.901
100.6
98.7188
98.233
92.9894
89.5247
87.06
84.4809
81.9499
79.4329
76.958
74.491
72.0614
69.6414
67.2273
64.8706
62.5245
60.17
57.8485
55.5412
53.2624
50.9834
48.7007
46.4543
44.1978
41.966
39.7642
37.5488
35.3479
33.174
31.0353
28.909
26.7741
24.6738
22.6268
20.6003
18.5698
16.5401
14.5363
12.5689
10.6094
8.6436
6.70965
4.80116
2.88179
0.950249
98.7409
101.113
101.736
97.34
108.97
97.77
97.9489
97.8705
92.8467
89.4358
86.9962
84.4417
81.9271
79.4245
76.9624
74.4982
72.0689
69.6447
67.2222
64.8611
62.5205
60.1665
57.85
55.5519
53.2678
50.9964
48.7105
46.448
44.1888
41.9494
39.7533
37.5428
35.3401
33.1756
31.0381
28.9109
26.7848
24.6859
22.6311
20.6016
18.5646
16.5268
14.5204
12.5576
10.6032
8.64769
6.72552
4.82558
2.89268
0.953388
99.225
100.221
104.167
99.618
99.3051
97.9057
97.7162
97.4654
91.9891
89.4656
86.9639
84.4305
81.9325
79.4307
76.9532
74.4935
72.0656
69.65
67.2254
64.8504
62.5084
60.1661
57.8497
55.5607
53.2743
50.9956
48.7165
46.4443
44.189
41.9613
39.7536
37.5319
35.3336
33.1826
31.0418
28.9059
26.7907
24.6989
22.6329
20.5925
18.5566
16.5223
14.519
12.555
10.598
8.64893
6.73184
4.82486
2.89656
0.962186
99.3875
99.2452
101.062
100.246
102.965
98.4199
97.4959
95.7358
91.9483
89.4716
86.9519
84.4279
81.9313
79.4291
76.9324
74.4955
72.0559
69.6378
67.2379
64.8436
62.4988
60.1616
57.8472
55.562
53.2743
50.9997
48.7184
46.4423
44.2045
41.974
39.7475
37.5286
35.3376
33.1889
31.0397
28.8943
26.7907
24.7085
22.6373
20.5847
18.5506
16.5278
14.5288
12.5569
10.5963
8.65064
6.72989
4.81376
2.89536
0.966576
99.8253
99.7665
98.6798
101.182
97.0842
101.335
98.106
95.5258
92.0229
89.5486
86.994
84.4602
81.9404
79.4323
76.9462
74.4967
72.0388
69.6247
67.2332
64.8523
62.4921
60.1551
57.8522
55.5573
53.2757
51.0003
48.7149
46.4425
44.1976
41.9708
39.739
37.5285
35.3546
33.1951
31.0327
28.8856
26.7896
24.715
22.642
20.5837
18.5482
16.5377
14.5438
12.5574
10.5915
8.65162
6.72228
4.80198
2.8825
0.967338
99.0359
99.2697
100.901
101.307
104.692
99.3052
98.7098
95.5365
92.1334
89.6161
87.0403
84.4797
81.9342
79.442
76.9502
74.4854
72.0368
69.6227
67.228
64.8559
62.4942
60.1572
57.8556
55.5468
53.2655
50.9964
48.7182
46.4445
44.1948
41.9719
39.7408
37.5363
35.3731
33.2004
31.02
28.8675
26.7668
24.7063
22.6436
20.5822
18.5485
16.5513
14.5626
12.559
10.5854
8.65428
6.72272
4.79019
2.86868
0.957108
99.4845
99.9881
98.9573
94.9486
103.935
99.723
99.244
95.9046
92.2808
89.7203
87.0991
84.5203
81.9617
79.4452
76.952
74.4866
72.0383
69.6242
67.233
64.8665
62.5059
60.1662
57.8565
55.5405
53.2502
50.9798
48.7133
46.4455
44.1966
41.9765
39.7524
37.5514
35.3808
33.2003
31.0141
28.8608
26.7606
24.6981
22.645
20.5824
18.5497
16.5624
14.5761
12.5659
10.5839
8.64874
6.71601
4.77964
2.86381
0.957253
104.673
100.397
98.7935
103.061
88.9056
106.983
100.065
96.2269
92.4478
89.824
87.1618
84.5538
82.0003
79.4682
76.9595
74.496
72.0406
69.6404
67.2554
64.8701
62.5124
60.17
57.8519
55.541
53.2392
50.9618
48.7008
46.4473
44.2048
41.9784
39.7644
37.5623
35.3734
33.1901
31.0153
28.8661
26.7558
24.6818
22.6228
20.5805
18.5558
16.5675
14.5854
12.5854
10.5922
8.64088
6.7081
4.7782
2.86429
0.956716
114.007
96.7222
96.5503
99.2783
101.768
99.9212
99.8873
96.8146
92.4897
89.8074
87.1712
84.5516
81.9877
79.4684
76.9644
74.4861
72.0522
69.6584
67.2706
64.8678
62.5127
60.1717
57.839
55.538
53.2429
50.9577
48.6917
46.4534
44.2158
41.9801
39.7687
37.5617
35.3555
33.1796
31.0263
28.8825
26.7568
24.6723
22.6207
20.5817
18.565
16.5653
14.5728
12.5847
10.6026
8.63802
6.70066
4.77926
2.86706
0.956562
107.335
101.29
102.135
106.26
143.411
100.22
99.1199
97.1888
92.4214
89.7528
87.1349
84.5475
81.9746
79.4514
76.9604
74.4887
72.0524
69.6514
67.2482
64.8697
62.5215
60.1715
57.8461
55.5401
53.254
50.9683
48.6911
46.4598
44.2131
41.9715
39.7695
37.5563
35.3483
33.1745
31.0337
28.8993
26.7634
24.6694
22.6236
20.5925
18.5713
16.556
14.5546
12.5786
10.6109
8.6413
6.70097
4.78622
2.87337
0.951841
101.428
98.815
97.0354
103.366
101.998
100.313
98.7315
98.2276
92.99
89.5244
87.0601
84.4805
81.9495
79.4328
76.9579
74.4909
72.0613
69.6413
67.2272
64.8706
62.5246
60.1692
57.848
55.5412
53.2621
50.9834
48.7008
46.4542
44.1977
41.9658
39.7641
37.5488
35.3479
33.1739
31.0352
28.9089
26.7744
24.6739
22.6268
20.6005
18.5695
16.5394
14.5362
12.5689
10.6091
8.64353
6.70981
4.80104
2.88159
0.950157
98.9442
101.635
101.582
100.638
101.076
97.2468
97.9691
97.8936
92.8472
89.4354
86.9962
84.4416
81.9272
79.4244
76.9625
74.4982
72.0688
69.6447
67.222
64.8611
62.5206
60.1664
57.8499
55.5519
53.2678
50.9963
48.7104
46.4478
44.1887
41.9499
39.7535
37.5425
35.3399
33.1766
31.0381
28.9108
26.7848
24.6858
22.631
20.6016
18.5643
16.5266
14.5203
12.5577
10.603
8.64762
6.72552
4.82557
2.89224
0.953354
99.2273
100.187
103.88
93.5913
94.8381
97.1453
97.6932
97.4595
91.9888
89.4656
86.9638
84.4304
81.9324
79.4306
76.9531
74.4934
72.0655
69.6498
67.2254
64.8504
62.5086
60.166
57.8497
55.5607
53.2741
50.9955
48.7164
46.4445
44.1893
41.9614
39.7535
37.5316
35.3335
33.1826
31.0417
28.9057
26.7907
24.6989
22.6328
20.5925
18.5565
16.522
14.519
12.555
10.5978
8.64885
6.73193
4.82455
2.89609
0.962131
99.5199
99.2414
100.611
159.288
111.835
96.62
97.49
95.742
91.9481
89.4716
86.9518
84.4278
81.9312
79.4291
76.9323
74.4954
72.0562
69.6375
67.2381
64.8437
62.4988
60.1616
57.8474
55.5619
53.2741
50.9998
48.7183
46.4421
44.2045
41.9739
39.7474
37.5285
35.3375
33.1888
31.0396
28.8944
26.7906
24.7084
22.6372
20.5847
18.5505
16.5278
14.5288
12.5568
10.5961
8.65057
6.72984
4.81371
2.89537
0.966511
100.635
100.164
98.6777
101.514
100.782
100.203
98.0925
95.5257
92.0227
89.5487
86.9939
84.4602
81.9403
79.4322
76.9461
74.4969
72.0389
69.6246
67.2332
64.8522
62.492
60.1553
57.8522
55.5572
53.2756
51.0002
48.7148
46.4424
44.1975
41.9709
39.7383
37.5284
35.355
33.195
31.0326
28.8856
26.7895
24.7148
22.6419
20.5836
18.5482
16.5377
14.5437
12.5572
10.5914
8.65155
6.72218
4.80191
2.88254
0.967246
99.0959
99.6319
99.8567
97.3891
103.256
99.2733
98.7044
95.5364
92.133
89.6162
87.0403
84.4796
81.934
79.4419
76.9501
74.4856
72.0367
69.622
67.228
64.8558
62.494
60.1571
57.8555
55.5467
53.2655
50.9963
48.7181
46.4445
44.1951
41.9718
39.7407
37.5362
35.3731
33.2004
31.0199
28.8677
26.7667
24.7062
22.6436
20.5821
18.5484
16.5512
14.5625
12.5587
10.5853
8.65424
6.72255
4.79008
2.86868
0.957037
99.0914
104.892
100.171
99.3336
99.0913
104.5
100.164
100.111
101.962
99.7901
104.532
100.105
101.887
99.7982
99.9722
100.42
99.3974
99.6658
99.9438
100.435
99.4049
99.0934
99.8414
98.9902
100.805
99.0857
99.7589
98.8671
98.9114
99.1782
98.2076
100.579
98.8762
97.9021
98.1494
97.9276
97.8116
97.7233
97.7951
97.9148
97.8546
97.7239
97.3674
98.4924
97.5043
98.0793
97.3689
98.5651
97.4581
97.3009
97.8295
97.3407
98.0969
97.3104
99.1914
97.3355
98.1029
98.8863
98.2217
101.098
98.1067
98.8433
98.2147
98.8329
98.8424
98.8907
99.2946
98.8324
99.1814
98.8902
99.0896
104.741
100.173
99.0728
99.0943
104.73
100.196
100.108
101.795
99.7883
106.263
100.098
100.147
99.7991
99.9382
100.384
99.3924
99.9356
99.9447
100.16
99.3886
99.0362
99.7716
98.8831
100.46
99.0458
99.551
98.7941
98.8487
97.8532
98.145
100.361
98.9156
97.5883
98.1436
97.8906
97.96
97.7437
97.2413
97.9115
98.3533
97.7492
98.0197
98.6228
97.4708
97.1303
98.0708
97.7938
97.4622
97.2994
100.394
97.3589
97.0246
97.3148
99.4534
97.3471
98.1136
98.8223
98.2574
100.249
98.1106
98.9552
98.2764
98.8329
98.9849
98.8894
99.207
98.8314
99.109
98.8925
99.098
104.696
100.204
100.091
99.0968
107.069
100.21
100.098
103.435
99.8409
107.11
100.109
99.6399
99.8185
100.005
100.195
99.4388
100.536
99.9313
100.21
99.3983
99.0956
99.4899
98.8085
100.744
99.0707
99.2962
98.8312
98.9099
97.9935
98.1436
100.343
98.9037
101.168
98.1813
97.9001
98.4328
97.7401
97.3986
97.9095
98.3561
97.7357
97.9128
97.8216
97.4716
97.3282
97.624
97.879
97.4965
97.2966
99.5294
97.3561
95.9988
97.3166
100.088
97.3549
98.1172
98.9356
98.2831
101.355
98.1183
98.9294
98.2942
98.8337
99.0971
98.8958
99.3336
98.8309
99.3353
98.8939
99.4836
99.1681
100.948
105.548
98.7962
98.6261
101.026
99.2853
99.2749
99.5597
99.3513
99.3258
99.3073
99.2886
97.2879
100.08
97.4825
99.2445
97.2828
100.095
97.4911
87.2956
106.822
102.656
91.3134
88.2374
109.475
99.7823
102.003
100.418
104.043
105.161
100.358
104.395
102.037
97.63
99.9646
97.8822
100.063
97.6381
99.9662
97.8817
99.7259
100.686
104.491
106.776
94.7546
99.9493
103.203
100.001
100.093
102.202
100.44
100.098
100.586
99.9408
98.0393
99.2071
98.5147
99.934
97.928
99.1482
98.5465
101.681
102.375
102.853
89.4954
100.48
101.71
101.598
99.3706
99.7713
101.043
100.619
99.1035
99.5826
98.6146
98.8315
98.9013
98.6171
99.1132
98.8718
98.9018
98.6205
100.969
102.143
109.217
102.356
100.873
100.564
103.695
98.7846
99.5133
99.1999
100.519
99.4781
99.1507
98.7238
98.5454
98.2829
98.1558
98.7243
98.5466
98.2789
98.1544
102.445
97.7115
97.7117
99.5768
123.35
98.1695
98.5573
97.5092
97.8174
97.078
99.2685
97.8137
97.0061
97.503
98.0499
97.8283
97.8377
97.956
98.0484
97.8312
97.8398
97.5474
106.152
99.6014
99.2073
98.4107
101.887
100.28
97.1755
97.2299
95.7662
98.315
97.2099
95.7725
97.1729
97.777
97.675
97.5777
97.7044
97.782
97.6702
97.6185
104.119
83.2761
94.6968
114.607
120.017
88.1651
95.9364
96.6836
97.0992
94.8023
96.9672
96.9539
94.8557
96.683
97.2694
97.5464
96.4479
97.5056
97.3035
97.5325
96.3127
97.1196
93.7137
96.7164
101.423
102.067
93.2691
96.8067
98.7426
98.5441
99.5225
99.2225
98.4761
101.302
98.9656
96.6744
98.3198
96.4567
98.1174
96.6783
98.3274
96.4627
100.692
98.7328
99.5858
102.852
100.62
97.4962
98.5218
98.633
99.2457
98.7578
99.3185
99.1095
98.723
98.6269
96.7201
99.0263
97.1585
98.7041
96.7288
99.058
97.1533
98.8287
96.2383
100.687
103.671
99.7045
95.344
99.8241
99.2266
99.1859
99.1922
99.1166
99.2599
99.1347
99.1884
97.28
100.106
97.4894
99.2449
97.2799
100.11
97.4911
87.4398
108.885
99.5997
90.3816
88.4352
95.9095
96.6249
102.147
100.25
102.873
105.068
102.059
100.178
103.507
97.6356
99.9674
97.8796
100.069
97.6354
99.9609
97.8804
105.964
100.381
104.614
101.369
106.449
100.378
104.817
99.9374
100.017
100.701
99.293
99.9788
100.029
100.544
97.9231
99.1207
98.5512
99.8988
97.9245
99.1255
98.5517
101.4
98.3924
104.606
89.7744
104.913
99.6969
97.878
97.8399
99.1639
99.0997
100.586
98.1579
99.1413
99.1179
98.8807
98.9045
98.6207
99.1437
98.8753
98.9235
98.6199
101.024
100.918
103.364
101.971
101.407
103.805
101.706
98.8403
99.4524
99.4445
100.696
98.8437
99.4502
100.116
98.5469
98.2806
98.1576
98.7916
98.546
98.2815
98.1555
129.24
97.2811
99.1968
101.958
92.1325
97.9942
98.8611
97.4614
97.6965
97.1903
99.0449
97.4888
97.6271
97.1008
98.0549
97.8319
97.8396
97.9802
98.0522
97.8373
97.8387
98.301
102.521
98.9221
97.7605
97.2323
111.206
98.1318
97.2218
97.2466
95.7001
101.667
97.2214
97.2708
100.952
97.7817
97.664
97.6258
97.7077
97.7818
97.6651
97.6236
95.7015
86.1369
95.336
98.0861
92.2367
93.0525
102.518
96.6963
97.0685
97.1008
101.102
96.6893
97.0947
96.9847
97.3053
97.5711
96.3039
97.4959
97.3071
97.5381
96.3042
101.912
97.1528
99.2044
101.079
101.636
95.0977
99.4075
98.9209
98.5463
101.827
100.299
99.9426
98.557
102.059
96.6763
98.3282
96.4592
98.0962
96.6764
98.3331
96.4592
100.672
97.4154
98.6636
103.749
100.259
97.5184
99.892
98.6679
99.1921
99.1067
99.222
98.672
99.2029
99.1869
96.7265
99.0622
97.1506
98.7082
96.7268
99.0604
97.1508
100.411
101.153
98.8005
104.164
100.08
94.0442
102.624
99.2645
99.2277
102.586
101.001
99.409
104.775
99.2227
97.283
100.106
97.4936
99.2118
97.2876
100.079
97.4829
77.9615
97.0004
98.4329
93.6894
127.845
136.549
105.742
103.388
99.8229
119.593
111.331
102.443
99.8284
119.696
97.6372
99.9599
97.8826
100.072
97.6281
99.9571
97.8816
106.31
101.499
111.459
103.577
107.833
105.109
98.7315
99.8558
100.083
101.829
100.26
99.9239
100.032
101.372
97.9291
99.1502
98.5433
99.9102
98.0401
99.1957
98.5132
102.603
98.8438
102.665
135.51
99.3215
97.9516
110.009
99.5398
98.9347
99.4268
100.633
100.352
99.3515
99.4758
98.8728
98.8963
98.6216
99.1124
98.8311
98.8906
98.6176
100.971
116.216
101.123
104.034
100.959
106.983
98.5131
100.399
99.4055
102.613
100.246
100.827
99.4068
101.653
98.5476
98.2849
98.1693
98.733
98.5445
98.2936
98.1555
92.684
98.6534
99.09
102.813
95.3022
96.4277
101.405
97.5089
97.5053
97.0676
97.8419
97.4874
97.4987
97.0407
98.0635
97.84
97.839
97.9633
98.0519
97.8339
97.8378
94.5044
112.701
98.3939
94.4495
98.223
114.627
100.219
97.6046
97.3496
98.4169
97.3825
97.3076
97.3394
98.5348
97.7827
97.6602
97.6194
97.7336
97.7764
97.6661
97.5782
90.7063
90.4822
103.85
117.12
90.7298
102.19
106.85
96.6588
97.2398
96.5575
95.9377
96.6744
97.2736
96.4956
97.3038
97.5714
96.3132
97.5023
97.2687
97.5635
96.4432
100.018
94.7309
98.4572
101.258
108.16
94.979
99.2854
99.3884
98.4553
101.284
100.352
99.3669
98.5927
101.579
96.6787
98.3352
96.463
98.1003
96.6738
98.3276
96.4566
100.301
101.997
98.9282
77.8836
100.362
99.7913
98.9615
98.6793
99.2455
99.4881
99.2872
98.6656
99.2607
99.6004
96.7291
99.0568
97.1537
98.6972
96.7195
99.0245
97.1589
99.3699
99.1806
99.3104
99.0956
99.3138
99.3729
99.1431
100.026
100.924
102.377
105.405
101.027
102.384
100.048
99.7136
99.629
100.805
100.166
99.6299
100.708
99.7122
99.2796
99.3614
99.2895
99.2117
99.3716
99.2669
99.3471
99.3608
99.0939
99.1446
99.3107
99.3171
99.3665
99.1653
100.012
105.321
100.67
102.294
100.67
102.05
100.005
99.7161
100.165
99.6252
100.715
99.6299
100.719
99.7113
101.18
100.675
100.556
100.099
100.678
100.49
101.261
101.712
98.9719
99.5409
101.969
98.6468
99.5702
101.671
100.94
100.568
100.116
99.7932
100.539
100.093
100.958
102.019
104.3
100.165
108.526
100.241
106.322
102.035
101.183
100.125
100.68
100.499
100.681
100.496
101.185
101.654
101.894
98.8256
99.5039
98.8872
99.5044
101.66
100.961
99.8611
100.551
100.099
100.564
100.084
100.875
99.878
100.054
99.7391
99.9595
100.071
99.6852
99.8878
98.8427
97.0056
99.9939
100.207
98.7903
99.9908
98.852
99.7598
99.6106
99.7964
99.4049
99.5983
99.7596
99.7525
99.8859
99.6301
100.06
100.701
100.074
100.622
100.033
99.8684
100.111
100.077
99.659
100.128
99.67
99.8528
98.8165
100.694
103.065
99.9637
105.665
99.9842
98.6702
99.7549
99.5022
99.5114
99.7399
99.5417
99.7352
99.763
98.8763
99.2552
98.9223
99.0509
99.2238
98.94
98.8709
99.4914
102.439
99.2938
99.8942
102.044
99.3134
98.9597
98.5602
98.7621
98.9524
98.8699
98.7683
98.9476
98.5566
98.0239
100.168
99.169
99.4091
99.1217
99.4909
98.0748
98.8647
99.0411
99.2529
98.9893
99.2282
98.9417
98.8772
101.707
99.9205
101.627
99.348
101.897
99.3201
101.773
98.5713
98.8638
98.7331
98.9629
98.7378
98.9548
98.5933
98.8438
99.036
98.635
98.8895
99.0357
98.6128
98.8519
98.8726
102.126
98.2975
96.9928
101.119
98.2847
98.8234
98.6613
98.4905
98.2201
98.1418
98.4344
98.1941
98.7035
98.7964
100.51
99.46
99.4864
99.4637
100.077
98.7866
98.839
98.9123
99.0229
98.599
99.0445
98.6364
98.8358
98.7836
97.5034
116.12
98.27
101.477
98.2742
98.9281
98.6668
98.1353
98.453
98.1927
98.4239
98.1934
98.6733
97.6348
97.7039
97.7069
97.9042
97.7033
97.6976
97.6421
97.5118
97.7372
97.6447
97.8512
97.4259
97.6107
97.5312
97.5261
97.6881
97.7074
97.7259
97.6831
97.6978
97.5301
97.5001
97.8013
97.7494
96.9796
97.7892
97.163
97.4924
97.6355
97.8932
97.687
97.6968
97.7144
97.6937
97.6325
97.4749
98.028
97.6108
97.5765
98.273
97.6359
97.4498
97.5239
97.7253
97.6825
97.6923
97.699
97.6974
97.522
97.4267
97.6451
97.6073
97.4381
97.5094
97.6031
97.4509
97.8748
98.6012
97.8052
98.4932
98.6026
97.8145
97.9464
97.7851
97.7214
97.6878
97.4578
97.75
97.6462
97.7849
97.18
98.3734
97.2614
96.9235
97.2541
95.7905
97.2016
97.4405
97.4109
97.5681
97.5955
97.5839
97.5968
97.4501
97.8821
98.5331
98.5279
97.7954
98.5502
97.8041
97.8787
97.7766
97.4656
97.7187
97.6491
97.7287
97.6529
97.7788
97.168
97.393
97.2373
97.3039
97.3869
97.2445
97.1478
97.505
95.4131
96.6791
97.0344
95.183
96.6485
97.5205
97.6329
97.5636
97.3834
97.3399
97.5659
97.4009
97.6428
96.6692
98.1054
97.0225
97.3763
96.9571
100.683
96.6926
97.1288
97.3092
97.3891
97.2431
97.3871
97.2432
97.113
97.4878
97.1689
95.2175
96.6029
95.3147
96.6207
97.547
97.6327
97.3559
97.568
97.3859
97.5719
97.4048
97.6237
98.6555
98.4178
98.1158
98.104
98.4262
98.1162
98.8386
98.7824
96.8545
96.6589
98.8217
96.6197
96.1756
105.951
98.9196
98.4863
98.5613
98.2228
98.4628
98.4739
99.6553
98.657
104.111
98.49
101.84
98.656
101.181
99.0987
98.7423
98.1217
98.4093
98.1186
98.4275
98.1171
98.7252
98.669
98.816
100.137
99.043
100.27
98.8545
98.6915
97.5967
98.2301
98.4271
98.4929
98.3703
98.4272
97.5402
98.5854
98.9114
98.5566
98.8332
98.9048
98.5588
98.6004
99.2501
99.4808
98.8921
98.7823
99.6474
99.2421
98.851
98.958
98.8254
98.9559
98.8951
98.8304
98.9525
98.9404
98.6691
99.2744
99.1837
99.0161
99.1222
98.8291
98.6593
98.5849
98.836
98.9
98.5573
98.9022
98.5582
98.5764
99.2719
98.8087
101
98.8817
99.6307
99.1695
98.8661
98.9564
98.8939
98.8268
98.9453
98.8302
98.9264
98.9596
99.3452
99.1678
99.3092
99.0908
99.3652
99.3085
99.1343
99.8971
100.57
101.801
104.712
99.9383
100.523
101.805
99.7024
99.6238
100.709
100.179
99.7163
99.6219
100.66
99.229
99.1712
99.2089
99.0764
99.1214
99.2333
99.1995
99.3618
99.0928
99.1245
99.3089
99.3085
99.3354
99.1369
99.8227
104.654
101.013
101.699
100.698
101.759
99.7522
99.7079
100.191
99.6233
100.6
99.6226
100.588
99.6907
101.21
100.683
100.524
100.101
101.192
100.697
100.514
101.701
98.9771
99.5027
100.96
101.656
99.7109
99.5133
100.893
100.569
100.082
99.783
100.881
100.537
100.077
102.253
105.476
99.8844
104.252
100.032
103.822
102.222
101.219
100.101
100.721
100.523
100.714
100.535
101.229
101.663
112.387
106.93
99.5311
107.761
99.5205
101.753
100.91
99.8154
100.542
100.057
100.578
100.06
100.94
99.8415
100.056
99.6537
99.9542
99.8426
100.08
99.6896
100.032
100.868
99.941
100.364
99.8641
100.883
99.929
99.8164
99.5623
99.7357
99.4032
99.7838
99.5206
99.734
99.9467
104.537
100.031
100.704
100.034
100.448
99.9387
99.8114
99.9251
100.03
99.6542
100.036
99.6394
99.8248
99.2368
100.337
100.818
99.8742
100.828
99.908
101.33
99.8159
99.362
99.488
99.7275
99.4904
99.73
99.8278
98.9415
99.2258
98.9518
99.0424
98.8749
99.2248
98.9551
99.0103
100.948
99.2708
99.6107
99.1072
105.859
99.2567
98.644
98.7669
98.9537
98.8592
98.6177
98.7658
98.9312
99.4787
100.549
98.9997
99.3329
99.1016
99.4414
98.852
98.8949
99.043
99.251
98.9232
99.2681
98.942
98.9038
99.3582
99.7001
103.682
99.2495
103.351
99.2525
99.3083
98.6632
98.8603
98.7603
98.9208
98.7484
98.919
98.6811
98.8254
99.0225
98.5859
98.8862
98.8311
99.0349
98.6638
98.3819
104.968
98.2646
97.8633
98.625
104.268
98.2659
98.6877
98.4323
98.2002
98.1566
98.6852
98.4374
98.2046
98.798
100.58
99.4005
102.633
99.4414
100.059
101.043
98.819
98.8989
99.0304
98.6185
99.038
98.5995
98.8092
99.4497
97.8113
100.017
98.2729
110.774
98.2745
98.9135
98.6779
98.1473
98.4862
98.1996
98.4398
98.2047
98.6637
97.6287
97.6869
97.6929
97.9144
97.6302
97.6766
97.7008
97.4657
97.6972
97.6318
98.1447
97.4759
97.6978
97.6136
97.5209
97.6926
97.6896
97.7433
97.53
97.679
97.6878
97.4539
98.1035
97.5825
97.0726
97.5868
97.0645
97.4631
97.6262
97.895
97.6597
97.6922
97.6673
97.6876
97.6263
97.5298
98.4783
97.9575
97.5675
98.4762
97.6183
97.4609
97.5206
97.7462
97.6913
97.6808
97.7115
97.6864
97.515
97.4765
97.421
97.5949
97.9014
97.5015
97.381
97.6003
97.8385
99.9009
97.786
98.6032
97.8812
98.1601
97.7831
97.7614
97.7346
97.6465
97.4591
97.7696
97.7348
97.647
97.25
99.5172
97.3341
98.2877
97.3568
98.4458
97.2478
97.4982
98.06
97.3728
97.5987
97.5098
97.605
97.5106
97.8344
102.241
99.5197
97.7767
99.7014
97.7813
97.8277
97.7505
97.474
97.7184
97.6558
97.7548
97.6542
97.745
97.1258
97.4035
97.2372
97.2966
97.1687
97.4024
97.2408
97.5869
95.6586
96.5956
99.6404
97.675
96.6395
96.6115
97.635
97.5785
97.3823
97.3369
97.6235
97.5684
97.4066
96.6475
96.8462
97.2564
96.9038
97.2885
96.7521
96.6668
97.1377
97.3238
97.4534
97.2366
97.3975
97.2292
97.12
97.5594
99.1975
96.4683
96.5885
96.2434
96.5957
97.5415
97.6324
97.3471
97.5715
97.4179
97.588
97.4234
97.6242
98.6622
98.4179
98.1205
98.0986
98.663
98.4364
98.1205
102.738
100.253
96.8833
98.9716
98.5702
103.436
101.931
100.469
98.2581
98.4885
98.2491
98.0476
98.2512
98.4885
100.198
100.181
98.4886
101.004
98.5384
100.872
99.5666
98.6504
98.1173
98.4637
98.1112
98.4464
98.117
98.6422
99.8642
98.9434
101.74
100.498
102.169
100.924
100.068
100.081
98.2618
98.2988
98.5562
98.6969
98.5234
98.6905
98.5883
98.9072
98.5568
98.8315
98.5764
98.9154
98.5582
100.107
99.55
98.8853
98.9865
99.2569
99.8634
98.8854
99.144
98.8258
98.9436
98.8895
98.9418
98.8244
98.9469
98.6528
99.1937
99.2345
99.5052
99.2383
99.2986
98.6574
98.5873
98.8309
98.9272
98.5604
98.9246
98.5593
98.591
98.8949
99.0387
99.7634
98.8813
99.6738
98.7345
98.8891
98.8809
98.8907
98.8201
98.9461
98.8212
98.8138
98.9629
99.3231
99.1254
99.3109
99.0993
99.3386
99.3107
99.1278
99.7673
101.055
101.73
104.572
99.85
100.748
101.757
99.6832
99.6263
100.648
100.204
99.6913
99.6264
100.651
99.2263
100.391
99.2282
101.14
100.226
99.2422
99.221
99.328
99.1021
99.142
99.3082
99.312
99.3806
99.1426
100.168
104.111
101.607
101.901
101.413
101.939
100.195
99.6826
100.205
99.6303
100.676
99.6303
100.654
99.6822
101.301
100.733
100.564
100.093
101.252
100.726
100.51
101.901
106.554
99.5238
99.5669
101.721
106.361
99.4598
100.979
100.577
100.032
99.7924
100.951
100.531
100.023
102.443
106.542
99.939
113.957
99.9019
114.465
102.35
101.328
100.098
100.748
100.54
100.733
100.512
101.338
101.821
98.8993
107.469
99.4273
109.932
99.3855
101.834
100.987
99.7964
100.57
100.029
100.531
100.023
100.988
99.8028
100.028
99.6815
99.9472
99.8217
100.042
99.692
99.7435
101.268
99.8524
100.237
99.3801
100.748
99.8301
99.9229
99.5215
99.7131
99.398
99.8206
99.5394
99.714
99.7462
100.844
100.13
100.741
100.178
101.293
99.9988
99.809
99.9294
100.057
99.6773
100.04
99.6795
99.8923
99.2495
100.238
100.784
100.007
100.79
99.8157
99.5021
99.856
99.3976
99.5289
99.7246
99.5448
99.7152
99.9231
98.9138
99.2501
98.9281
99.0469
98.9179
99.243
98.9594
98.7808
100.278
99.2481
99.3629
99.498
99.9799
99.2282
98.697
98.7961
98.9257
98.7758
98.6915
98.7765
98.9132
99.5441
100.573
99.2673
99.4023
99.2054
99.5832
99.5593
98.9112
99.0667
99.2745
99.0285
99.2228
98.9835
98.9099
98.7822
99.4942
102.942
99.2919
99.8884
99.2052
99.223
98.7061
98.8406
98.806
98.9411
98.7624
98.9112
98.7114
98.8189
99.0356
98.623
98.9092
98.8627
99.04
98.6257
98.4962
102.799
97.9273
98.4365
100.397
95.9065
98.7467
98.6311
98.4362
98.2069
98.1471
98.6467
98.4413
98.201
101.612
100.38
99.4802
100.286
99.5047
101.029
100.859
98.7974
98.8942
99.0434
98.6407
99.0409
98.6397
98.8014
98.9678
99.8513
97.5781
98.5026
99.0547
99.1983
98.6724
98.6207
98.1528
98.468
98.2201
98.4401
98.2106
98.6196
97.6288
97.6578
97.6931
97.9113
97.6297
97.6538
97.7011
97.4463
98.0368
97.5661
98.3593
97.4477
97.9784
97.5547
97.5134
97.6976
97.6854
97.7389
97.5128
97.69
97.6723
97.5297
97.7365
97.6198
97.0145
97.6858
97.0166
97.6224
97.633
97.9022
97.6512
97.6965
97.6558
97.6992
97.6308
97.4474
98.3483
97.9505
97.5935
97.8763
97.5848
97.4508
97.518
97.7421
97.7024
97.6659
97.6976
97.6667
97.5212
97.543
97.2519
97.599
97.5756
97.528
97.2401
97.6091
97.8013
97.4693
97.7516
97.8407
97.7965
97.5734
97.7427
97.7383
97.7111
97.6477
97.4557
97.7422
97.7173
97.6469
97.2212
97.2465
97.34
98.519
97.3378
98.49
97.4014
97.5276
97.9337
97.5811
97.6373
97.3426
97.6297
97.5835
97.8159
98.2356
97.4477
97.7665
97.4626
97.8423
97.9146
97.7786
97.4544
97.7338
97.654
97.7208
97.6496
97.7586
97.1141
97.422
97.2565
97.302
97.1376
97.4166
97.2428
97.5499
96.6508
96.5788
99.3265
97.5482
96.8073
96.5898
97.6399
97.5756
97.428
97.34
97.6287
97.5706
97.4469
96.6638
95.9186
97.2882
96.4974
97.2851
96.4532
96.6657
97.1222
97.33
97.4173
97.2446
97.4148
97.2514
97.1419
97.6053
100.1
97.0225
96.6609
97.1788
96.7112
97.6042
97.6634
97.3434
97.5714
97.4706
97.5715
97.4594
97.6571
98.6297
98.4592
98.1193
98.1083
98.6291
98.4525
98.095
101.107
101.653
100.078
98.9299
100.456
100.699
100.072
100.403
98.5184
98.5748
98.2884
98.9827
98.6278
98.5773
99.1385
102.744
98.4967
102.944
98.4846
102.171
99.7224
98.6321
98.1076
98.4909
98.0853
98.4417
98.0819
98.6993
101.486
98.9201
101.122
100.545
100.621
99.9837
102.686
98.985
98.2908
98.6259
98.714
98.6283
98.5204
98.9758
98.598
98.9282
98.5625
98.832
98.596
98.9267
98.5637
98.887
100.548
98.907
99.0345
98.8768
99.9943
98.8894
98.8374
98.8222
98.9578
98.8969
98.838
98.8241
98.9446
98.7518
99.3212
99.2682
99.5516
99.2695
99.5723
98.7765
98.6022
98.8311
98.9523
98.5634
98.927
98.5653
98.6004
98.9954
99.4979
100.429
98.9661
100.084
98.9235
98.9006
98.8428
98.8999
98.8254
98.9582
98.8271
98.8544
98.9549
99.508
99.2069
99.5088
99.8389
99.4055
99.8281
99.3754
99.2174
99.5032
99.5224
99.9192
99.3162
99.4159
99.8819
99.7544
99.2153
99.6131
99.8833
99.3367
99.33
99.9187
99.2663
99.5075
99.5087
99.8438
99.4108
99.3294
99.8373
99.5228
99.2235
99.5377
99.7705
99.3142
99.8337
99.3034
99.1969
99.5635
99.5185
99.8538
99.3236
99.2989
99.8886
97.5685
97.6319
97.6663
97.9859
97.8631
97.8627
97.992
97.65
97.5334
97.6252
97.994
97.8641
97.9947
97.864
97.5723
97.6225
97.6421
97.9948
97.8631
97.8643
97.9931
97.6362
97.539
97.6266
97.9883
97.8621
97.993
97.8609
97.6417
97.541
97.6404
97.9836
97.8537
97.8616
97.9798
97.5411
97.6535
97.6354
97.987
97.851
97.8602
97.9817
99.7081
99.894
99.6796
99.7853
100.045
99.7919
100.043
99.6456
99.9222
99.7257
99.7684
100.041
99.777
100.04
99.879
99.7441
99.6699
99.7864
100.044
100.044
99.7874
99.8466
99.6617
99.6371
99.7836
100.041
100.043
99.7782
99.6773
99.8807
99.6849
99.7868
100.033
100.043
99.7804
99.8739
99.7158
99.6684
99.7691
100.031
100.04
99.763
101.243
99.3457
99.4597
101.837
102.814
100.023
99.7604
98.2178
99.7669
100.692
102.464
99.7169
101.57
102.702
101.267
102.958
100.607
100.772
101.074
104.552
100.738
93.5433
95.8244
96.6716
101.653
93.4951
95.1996
96.3516
109.074
98.7568
105.118
104.889
114.493
100.088
110.667
94.2521
97.6461
93.8252
97.8673
94.2525
97.6448
93.8248
97.9029
98.0271
97.948
98.0497
97.89
98.0203
97.9547
97.918
98.051
97.9056
97.9533
98.0217
97.9503
97.8107
94.2456
97.6109
94.2505
97.834
94.2537
97.6459
93.8234
94.2546
97.6405
93.8231
97.8453
94.2452
97.6101
94.2522
97.8354
98.0519
98.039
97.9484
97.9586
97.9465
97.9765
97.8228
97.9093
97.9564
98.0481
97.8132
97.8965
97.9471
94.4127
97.9624
94.307
98.2319
94.4123
97.9555
94.3068
98.2785
98.2881
98.1091
98.1562
98.3178
98.2902
98.1888
98.2879
98.1532
98.2899
98.0832
98.2922
98.2003
98.2693
94.4136
97.988
94.308
98.1964
94.402
97.9473
94.3004
98.2316
98.2946
98.0945
98.1503
98.2958
98.2835
98.0749
94.4028
97.9546
94.3009
98.2304
94.4143
97.9401
94.308
98.2282
98.1582
98.2876
98.121
98.2865
98.101
98.3624
97.8377
97.9759
97.9513
98.0476
97.9484
97.9484
97.9376
97.8302
98.0492
97.9231
97.9529
97.8963
97.9494
97.8953
98.2381
98.1502
98.2881
98.0821
98.2841
98.0664
98.348
98.2355
98.2876
98.1166
98.1512
98.2869
98.0952
98.3376
98.1535
98.1389
98.1543
98.0094
98.0768
98.0098
98.0792
98.0899
98.1545
98.1548
98.0099
98.074
98.0758
98.0105
98.1539
98.1092
98.154
98.0021
98.0722
98.0087
98.0692
98.0953
98.1526
98.1532
97.9997
98.0742
98.0706
98.0071
98.0902
98.1503
98.1536
97.9901
98.0508
98.0654
97.9704
98.1497
98.0915
98.153
97.9889
98.0516
98.0666
97.9709
99.9628
100.384
100.384
100.195
99.841
99.8425
100.195
100.383
99.9633
100.384
100.196
99.8412
100.195
99.8407
97.8045
97.8922
97.7508
97.8389
97.8001
97.8953
97.7528
100.385
99.9587
100.386
100.183
99.8377
100.19
99.835
97.8047
97.8422
97.8915
97.7612
97.8919
97.7396
97.8118
97.7902
97.8382
97.8935
97.7519
97.8943
97.7711
97.7558
97.7437
97.8933
97.7644
97.8401
97.7941
97.892
97.7336
97.8353
97.8897
97.756
97.8427
97.8913
97.7375
97.8368
98.4115
98.5292
98.4062
98.5454
98.4053
98.5267
98.4089
98.3864
98.545
98.4942
98.4078
98.5301
98.4081
98.2986
99.9577
100.38
100.387
100.171
99.8157
99.8304
100.153
97.7984
97.843
97.8907
97.7548
97.8924
97.7333
97.8317
100.38
99.9654
100.387
100.175
99.819
99.8273
100.156
99.9668
100.384
100.384
100.188
99.8373
99.8344
100.192
98.3587
98.5482
98.5323
98.4052
98.4573
98.4067
98.4584
98.3195
98.5098
98.4093
98.5473
98.373
98.4397
98.4057
98.3738
98.4858
98.4072
98.5498
98.4558
98.4101
98.4847
98.348
98.5489
98.4666
98.4078
98.4356
98.4082
98.4656
94.7662
98.1737
94.4379
97.1766
94.7666
98.176
94.4385
98.7923
98.7552
98.609
98.6196
98.7577
98.7563
98.5792
98.8021
98.6189
98.7555
98.5383
98.7549
98.6012
98.6801
94.768
98.1717
94.4424
97.313
94.7599
98.142
94.436
98.7235
98.7571
98.541
98.6229
98.6854
98.7581
98.5454
94.7582
98.1412
94.4347
97.1952
94.7666
98.1703
94.4413
98.7063
98.6223
98.7556
98.6184
98.7572
98.5392
98.7992
93.9066
96.1358
94.1344
97.4663
93.9069
96.136
94.134
97.6131
97.7812
97.6278
97.759
97.6293
97.7587
97.6136
93.9045
96.2684
94.1261
97.4618
93.9105
96.1547
94.1358
97.6228
97.7829
97.6237
97.7595
97.6261
97.7608
97.6203
97.6112
97.6235
97.7592
97.7813
97.6183
97.6295
97.759
93.9101
96.1492
94.1348
97.4276
93.9035
96.269
94.1249
98.7125
98.752
98.5566
98.625
98.7587
98.5414
98.7851
98.7414
98.6253
98.7527
98.5638
98.759
98.5392
98.7687
97.6264
97.621
97.7603
97.7832
97.6109
97.636
97.7606
97.6354
97.6251
97.752
97.7843
97.626
97.7608
97.6221
97.6519
97.7838
97.6378
97.7512
97.6474
97.7597
97.6294
103.093
99.7471
102.215
99.7102
107.767
98.9012
103.607
98.8315
98.8716
99.0491
98.7881
99.0497
98.7918
98.834
97.6709
97.7017
97.652
97.6233
97.6699
97.7017
97.6515
97.6738
97.6225
97.6965
97.6527
97.701
97.6521
97.6666
98.8342
99.049
98.7821
98.8699
98.838
99.0506
98.7745
97.6637
97.6111
97.6924
97.6531
97.682
97.6529
97.67
98.8296
99.0505
98.7897
98.8737
98.8321
99.0498
98.793
97.6657
97.6918
97.6531
97.6136
97.6702
97.6816
97.6533
98.8512
98.8583
99.0494
98.8103
99.0522
98.767
98.8598
98.823
98.8665
99.0513
98.7837
99.0511
98.7725
98.8397
97.666
97.7186
97.6524
97.6089
97.6776
97.6538
97.6779
97.669
97.6091
97.7152
97.6534
97.6754
97.6547
97.683
98.8418
99.0492
98.8081
98.8596
99.0518
98.7645
98.8588
101.799
96.7998
98.9537
101.34
96.9165
100.597
99.1475
113.23
99.285
101.264
101.507
101.684
98.0989
100.795
101.4
48.8971
99.7936
97.7079
100.055
97.7424
104.358
98.3366
98.5007
98.5064
98.2913
98.0678
98.0683
98.2747
98.3316
98.4973
98.493
98.2882
98.0691
98.0689
98.2929
98.4921
98.3298
98.4908
98.2908
98.0693
98.2972
98.0688
98.5014
98.3368
98.5048
98.2973
98.0686
98.2992
98.0696
98.3287
98.494
98.4931
98.2941
98.07
98.072
98.3007
98.49
98.3287
98.4946
98.2859
98.0683
98.0702
98.2723
103.594
101.164
92.407
100.776
102.979
101.177
94.8374
103.4
100.861
99.2394
100.778
102.93
102.016
99.485
94.7433
96.7953
94.7443
96.8117
94.7435
96.7976
94.7447
99.5232
98.4713
99.1943
98.5537
99.5231
98.4554
99.1943
99.5231
98.5549
98.465
99.1934
98.4503
99.194
99.5231
94.7343
96.9337
94.7339
96.8137
94.7436
96.8052
94.7447
99.5166
98.5392
98.4867
99.1943
98.5125
99.1953
99.52
94.7444
96.8076
94.7457
96.8207
94.7352
96.9359
94.735
99.5163
98.4843
99.1951
98.5351
99.5203
98.5071
99.1956
99.511
98.5815
99.1893
98.5276
98.5467
99.1973
99.4961
99.5099
98.5248
98.5846
99.1896
98.5429
99.1977
99.4977
94.0335
95.5227
94.0163
95.7346
94.0337
95.5234
94.0163
97.8214
97.7404
96.9361
97.3095
97.8206
97.7399
96.9331
97.8204
97.3099
97.7396
96.9366
97.7397
96.9342
97.8183
94.0233
95.5323
94.0058
95.7423
94.0336
95.5257
94.0168
94.034
95.5257
94.0167
95.8764
94.0232
95.5341
94.0058
97.8164
97.2954
97.7404
96.9424
97.7423
96.9506
97.819
97.8141
97.7395
96.9418
97.2951
97.8169
97.7407
96.9499
97.8101
97.7353
96.979
97.2852
97.742
96.9638
97.8
97.8095
97.2835
97.7342
96.978
97.741
96.9623
97.799
100.074
100.396
100.396
100.08
99.9276
99.9276
100.081
100.395
100.072
100.395
100.08
99.9294
100.08
99.9256
100.397
100.051
100.398
100.083
99.9407
100.082
99.9477
100.051
100.395
100.395
100.082
99.9368
99.9398
100.079
100.04
100.388
100.398
100.082
100.066
99.9621
100.08
100.384
100.041
100.393
100.082
100.053
99.954
100.082
103.461
99.9099
99.4704
101.499
104.067
99.9014
102.403
98.567
98.7102
98.5683
98.2919
98.5807
98.2972
98.577
98.6982
98.5628
98.556
98.3329
98.5873
98.5987
98.3102
98.5292
98.694
98.5444
98.3628
98.6851
98.6216
98.4238
98.5621
98.6983
98.5555
98.327
98.5853
98.3122
98.5931
98.7111
98.5658
98.5681
98.2929
98.5775
98.577
98.2965
98.6948
98.5289
98.5471
98.3585
98.6898
98.6189
98.4217
101.341
101.269
93.5672
97.4299
101.398
101.561
93.3996
103.291
100.075
103.589
100.631
103.14
100.886
103.217
103.956
162.303
147.772
99.1573
100.586
99.9259
98.8198
96.9783
99.0806
99.6784
97.7897
98.9669
97.1779
99.0894
99.286
97.9236
99.3734
98.1768
99.3738
98.1735
99.2883
97.806
96.3232
96.8507
97.5473
96.8539
97.5383
97.8121
99.2906
99.3758
98.1766
97.9237
99.29
99.3742
98.1725
97.823
96.8379
97.548
96.3022
97.8178
96.8278
97.5475
97.8217
96.3019
96.8296
97.5485
96.8281
97.5475
97.8227
97.8106
96.8426
97.5446
96.3233
97.8173
96.8568
97.5373
99.2818
97.9334
99.373
98.1844
99.3694
98.1896
99.2873
99.2797
99.3726
98.1868
97.9357
99.2849
99.3662
98.1958
97.7983
96.9811
97.5094
96.3518
96.8837
97.5276
97.7941
97.8004
96.3532
96.9786
97.509
96.8876
97.5272
97.7921
99.2731
99.3452
98.3024
97.958
99.3597
98.2173
99.266
99.2719
97.9586
99.3448
98.2955
99.3566
98.2218
99.2621
99.609
100.098
99.6069
99.225
99.6762
99.2277
99.6576
100.104
99.6036
99.6089
99.2277
99.6489
99.6486
99.2267
100.095
99.6008
99.5975
99.2475
99.6715
99.6755
99.2337
99.602
100.098
99.5877
99.2419
99.6532
99.2375
99.6605
100.091
99.5662
99.5752
99.2721
99.8043
99.7033
99.3674
99.5696
100.08
99.5755
99.267
99.8202
99.6984
99.3716
98.9252
99.0629
98.9246
98.5781
98.4543
98.5822
98.4487
99.0629
98.9176
98.9232
98.5794
98.4504
98.5864
98.4515
98.88
99.0411
98.8983
98.6319
98.5605
98.7014
98.4979
98.9123
99.0496
98.9007
98.5973
98.4643
98.5962
98.4673
99.0584
98.9188
98.9181
98.6056
98.4608
98.5896
98.4768
99.0404
98.8756
98.8935
98.6386
98.5596
98.6998
98.5022
111.4
97.1326
97.2249
98.0143
114.885
115.312
98.6202
99.5082
99.2471
99.5094
98.9024
98.6051
98.9072
98.6061
97.7737
97.8632
97.7961
96.5484
96.7503
96.5065
96.7224
99.2461
99.5028
99.5131
98.9358
98.615
98.9189
98.6286
97.8814
97.7962
97.7877
96.5137
96.7302
96.7156
96.5159
97.7971
97.8164
97.7522
96.797
96.5586
96.4905
96.6696
97.8274
97.7701
97.7571
96.7122
96.5099
96.4969
96.6956
98.093
97.9642
98.0983
96.813
96.7945
96.8094
96.7719
97.9626
98.0903
98.1001
96.8173
96.7975
96.8114
96.7844
99.5022
99.2349
99.492
98.9199
98.6122
98.9164
98.6156
99.2492
99.5056
99.5103
98.9031
98.6075
98.9049
98.6054
98.0951
97.9055
98.0577
96.863
96.7583
96.817
96.7487
97.9278
98.0903
98.076
96.829
96.7776
96.7833
96.7699
99.2257
99.466
99.4808
98.9541
98.7068
99.0176
98.6489
99.4688
99.2266
99.4776
98.9451
98.712
99.0319
98.6471
97.775
97.8215
97.7449
96.5094
96.8057
96.6849
96.6331
97.835
97.7752
97.7409
96.502
96.7964
96.6904
96.6332
97.9205
98.0777
98.0632
96.881
96.7662
96.7727
96.8836
98.0755
97.9057
98.0694
96.9042
96.7553
96.7905
96.8867
97.7135
97.6515
97.7173
96.1623
95.8022
96.1324
95.801
97.6491
97.7124
97.7151
96.1501
95.8104
95.7962
96.1382
97.6391
97.7093
97.702
95.8085
96.1441
96.148
95.8205
97.7084
97.6342
97.7008
95.8027
96.1492
96.1411
95.8123
98.1423
98.2368
98.1458
96.5592
96.3743
96.5325
96.3685
100.973
99.4957
102.581
97.8043
103.079
99.4172
101.101
98.2351
98.1422
98.1436
96.5544
96.3746
96.3692
96.5435
98.1366
98.2218
98.1227
96.3838
96.5627
96.5465
96.3809
98.2227
98.1388
98.133
96.3785
96.5431
96.5561
96.3904
97.6786
97.6203
97.6898
96.1719
95.9066
95.8428
96.2341
97.6213
97.6773
97.6904
96.1727
95.8944
95.8398
96.2322
98.1132
98.2126
98.1192
96.5827
96.4791
96.4121
96.6585
98.214
98.1132
98.1112
96.5702
96.4751
96.4083
96.6598
98.6113
100.706
97.3189
102.628
100.152
100.163
97.9862
98.4812
99.1028
99.2838
100.674
98.3469
99.2478
100.276
97.9771
98.1758
97.9777
96.0567
96.0615
95.8223
95.8194
98.1759
97.9788
97.9778
96.0601
96.0551
95.8202
95.8193
97.9733
98.1652
97.9682
96.0624
96.0646
95.826
95.8222
98.164
97.9737
97.9697
96.0628
96.0625
95.8211
95.8203
97.4666
97.1369
97.136
95.431
95.432
95.1089
95.1068
97.1356
97.4674
97.1353
95.4341
95.4338
95.1114
95.1094
98.1543
97.9414
97.9572
96.1604
96.0951
95.8466
95.9102
97.9417
98.155
97.9581
96.1628
96.0923
95.8457
95.9079
97.4554
97.1316
97.1258
95.4381
95.4389
95.1137
95.1102
97.1297
97.4511
97.1236
95.4388
95.4375
95.1132
95.108
97.0987
97.4442
97.1151
95.5448
95.4677
95.1315
95.2015
97.4397
97.0969
97.1133
95.5418
95.4657
95.1299
95.1975
94.1712
95.4285
94.1696
95.5251
94.1718
95.4285
94.1695
97.3703
97.5193
96.3989
96.6788
97.3711
97.5113
96.3978
97.3704
96.679
97.5173
96.3982
97.5103
96.3974
97.3713
94.1598
95.4309
94.1583
95.5265
94.1709
95.4285
94.1702
94.172
95.4285
94.1704
95.5291
94.16
95.4311
94.1584
97.3915
96.6784
97.5336
96.4014
97.5519
96.4012
97.3819
97.3915
97.5308
96.4006
96.6788
97.3812
97.5484
96.4003
97.4185
97.6103
96.4003
96.6836
97.577
96.409
97.4834
97.4183
96.6835
97.6095
96.3994
97.5745
96.408
97.4825
142.118
104.51
142.024
99.806
98.9982
98.1761
100.091
101.601
99.2552
101.098
101.615
102.255
98.3025
100.898
94.8254
96.4182
94.9102
96.2264
94.8253
96.4176
94.9107
99.0603
97.7588
99.2292
97.8795
99.0585
97.7573
99.2238
99.0615
97.88
97.7595
99.226
97.7576
99.2235
99.061
100.929
102.119
101.351
94.487
101.128
103.891
98.4757
94.8159
96.4221
94.8982
96.2273
94.8256
96.4189
94.9107
94.8252
96.4187
94.9105
96.2267
94.8154
96.422
94.8977
99.0829
97.8793
97.7635
99.2387
97.765
99.2546
99.0671
99.0825
97.7635
99.2396
97.8827
99.0724
97.765
99.2502
99.1214
97.7605
99.3426
97.8879
97.7705
99.2749
99.2166
99.1194
97.8907
97.7618
99.3395
97.7713
99.2774
99.2203
97.578
97.1783
97.5779
95.8457
95.894
95.8437
95.8917
97.1807
97.5851
97.5765
95.8455
95.8931
95.8908
95.8415
97.5864
97.2055
97.5753
95.898
95.8461
95.8467
95.8986
97.2031
97.5833
97.5749
95.8964
95.8464
95.8437
95.8965
97.6849
97.2383
97.5838
95.8543
95.8918
95.903
95.8606
97.242
97.6914
97.5908
95.8551
95.8927
95.9038
95.8608
96.1365
96.7377
96.745
95.052
95.0321
95.0294
95.0514
96.7475
96.1354
96.74
95.0539
95.0341
95.0523
95.0319
96.1669
96.7409
96.726
95.0343
95.0546
95.0547
95.0332
96.7365
96.1616
96.7254
95.0336
95.0565
95.0553
95.0338
96.8446
96.2022
96.7354
95.0687
95.0354
95.0446
95.0765
96.2025
96.8392
96.7313
95.0684
95.0318
95.0419
95.0753
100.278
98.9756
100.081
100.205
100.484
99.0121
100.169
97.1856
98.1435
106.826
102.229
97.4337
105.722
106.047
98.8594
99.7081
97.8429
102.992
99.2407
99.7939
103.696
100.055
99.0321
100.205
100.189
100.033
99.1911
100.086
109.956
98.1076
122.053
97.6894
135.278
99.077
133.335
103.124
110.378
110.59
97.3389
138.014
142.63
98.121
97.3143
96.5129
97.1149
96.459
97.3136
96.5129
97.1137
97.3145
96.4591
96.5141
97.1157
96.5131
97.1137
97.3105
97.3336
96.4629
96.5168
97.1188
96.517
97.1241
97.3189
97.3297
96.5183
97.1197
96.4633
97.3139
96.5188
97.1239
97.3658
96.5127
97.1903
96.4671
96.522
97.1398
97.4474
97.3645
96.4671
96.5131
97.1902
96.5232
97.1416
97.4458
102.728
91.5498
89.4713
140.574
110.766
109.496
134.037
101.531
101.858
99.7741
99.6939
101.694
105.904
100.941
95.6343
95.7361
95.632
94.9159
94.9152
95.0375
95.0374
95.7362
95.6337
95.632
94.9149
94.9146
95.0368
95.0358
95.6366
95.7505
95.6425
94.919
94.9206
95.0385
95.0376
95.7495
95.6371
95.6414
94.9205
94.9217
95.0404
95.0393
95.6693
95.7808
95.6505
94.9192
94.9291
95.0443
95.0338
95.7825
95.671
95.6526
94.9193
94.9288
95.0437
95.0335
97.0548
96.7982
97.0566
95.7859
95.7844
96.1979
96.1969
96.8003
97.0585
97.0587
95.7848
95.7822
96.1955
96.195
96.8148
97.0572
97.06
95.7889
95.7888
96.1965
96.1937
97.0589
96.8145
97.0615
95.7896
95.791
96.1993
96.1971
97.0567
96.8457
97.06
95.7879
95.7969
96.1991
96.1894
96.8454
97.058
97.0624
95.7886
95.798
96.2007
96.1902
102.496
97.3019
98.8476
99.7811
100.113
97.912
98.8328
103.454
103.221
101.145
100.268
103.209
101.144
103.411
94.343
103.432
97.5307
134.288
106.761
130.172
113.711
101.065
102.268
104.617
99.2263
102.098
99.1566
100.285
97.2495
112.843
97.1935
98.1399
102.562
102.776
98.9241
98.7559
98.5155
97.6612
97.6365
98.7581
98.5129
97.6604
98.7557
97.6363
98.5146
97.6606
98.5118
97.6598
98.7559
98.7658
98.5136
97.6641
97.6356
98.7601
98.5106
97.6648
98.7674
97.6364
98.5154
97.6655
98.5159
97.6661
98.7649
99.2606
96.3668
96.2518
102.36
96.6701
96.3444
100.155
98.7866
97.6387
98.536
97.6576
98.5189
97.6691
98.8544
98.786
98.5394
97.6597
97.6402
98.526
97.6711
98.8556
102.417
99.1752
103.624
98.2451
103.748
99.223
104.55
99.5938
98.1879
101.235
104.746
100.858
98.2614
102.314
96.9703
134.006
96.9778
97.3184
113.381
97.8212
120.916
99.4176
102.775
98.7587
99.2557
98.0347
99.0164
106.761
101.648
101.361
95.4453
100.779
105.374
101.623
95.8211
102.648
104.547
104.108
101.622
104.171
106.774
110.95
100.926
99.2177
99.6821
108.47
104.048
99.3889
99.5006
104.418
107.614
110.059
117.893
112.775
114.18
106.76
93.9098
101.887
102.151
95.9288
132.018
136.219
98.8206
98.3553
99.2832
98.8168
100.522
99.6706
98.2067
110.709
95.2328
98.5727
106.25
89.8426
96.0338
100.132
105.172
100.516
107.978
96.6544
107.546
99.0069
105.765
100.938
94.2991
95.7538
94.3136
95.5358
94.2998
95.7563
94.311
97.2946
97.3321
96.7641
96.7272
97.2973
97.3299
96.7652
97.2946
96.7272
97.3323
96.7638
97.33
96.765
97.2966
94.2876
95.757
94.3021
95.537
94.2988
95.7562
94.3119
94.2998
95.7573
94.3114
95.539
94.2879
95.7571
94.3023
97.2995
96.7272
97.3335
96.766
97.3352
96.7635
97.2988
97.2997
97.3335
96.7657
96.7274
97.2975
97.3357
96.7632
97.3028
97.3502
96.7552
96.7304
97.3418
96.7662
97.3074
97.3033
96.7301
97.3495
96.7548
97.3415
96.7658
97.3061
100.521
104.483
100.334
101.717
100.637
100.492
100.451
99.1818
98.301
101.894
100.677
98.9387
98.3111
105.563
99.6612
103.43
101.018
99.0093
102.205
102.993
97.7027
101.748
102.434
104.8
98.8136
100.671
103.73
99.9852
100.927
100.636
100.733
102.146
100.739
100.93
102.365
99.9499
98.8547
104.598
98.2401
105.337
104.62
106.574
101.099
100.904
100.92
101.91
101.041
101.166
102.188
101.289
103.642
99.867
101.344
103.118
99.8613
99.9943
100.165
101.708
100.008
99.9785
99.5603
100.895
100.175
101.428
99.1182
100.515
98.8871
98.7973
98.7747
98.7531
99.7769
102.492
101.341
113.194
103.071
100.201
99.913
98.8912
106.264
100.901
98.9391
101.034
98.8626
99.1418
98.3249
100.336
98.0583
98.8147
97.0537
98.2959
98.2589
103.041
100.266
100.661
104.257
106.901
106.951
99.8829
99.9655
112.993
88.7724
100.534
114.206
116.305
100.707
105.355
102.801
100.535
100.381
110.666
108.068
101.126
102.032
98.9828
102.604
100.626
101.403
98.9663
98.937
96.019
98.3598
98.3179
100.409
95.5433
105.61
97.9102
109.785
98.0807
102.483
106.143
108.321
97.0849
101.007
100.141
93.1049
105.77
89.5757
92.9632
106.669
100.516
110.12
101.33
94.1941
101.77
108.304
103.999
93.4196
107.55
118.737
101.515
116.981
107.418
99.8753
101.457
95.9726
99.9906
101.21
100.266
126.609
113.501
101.582
141.625
92.2557
124.488
119.922
120.945
116.589
134.661
108.151
81.4533
93.8854
113.345
99.3949
101.399
107.837
104.447
99.2297
101.398
98.1979
102.456
99.0517
107.19
138.569
98.7921
102.535
90.5847
102.916
97.7526
103.608
106.786
102.32
97.0382
110.863
110.462
101.644
156.529
98.5022
96.9332
96.728
99.7564
98.6243
96.7211
125.434
128.333
116.521
108.764
95.5458
125.954
139.228
138.564
101.407
98.1595
94.1404
100.778
101.389
99.057
96.6792
103.544
103.05
128.52
100.662
102.162
119.66
129.236
106.091
98.4576
107.249
99.0887
105.22
99.9036
105.318
99.9156
98.4756
96.5222
101.213
99.1612
99.2577
105.474
102.475
99.2322
107.157
104.319
104.902
97.9549
122.652
102.829
103.656
100.562
101.311
102.852
103.625
101.692
100.718
101.429
101.223
99.869
101.661
99.9962
101.499
101.301
102.125
96.9782
104.167
101.875
102.156
99.2673
102.28
91.5171
91.4079
104.409
99.3366
102.631
110.593
90.7803
97.5677
97.2132
96.7661
101.741
119.054
96.753
102.846
100.429
102.532
100.882
102.614
100.312
102.842
95.6232
95.5218
95.6249
95.0843
95.0231
95.0838
95.0236
95.5234
95.6272
95.6262
95.0826
95.0224
95.0218
95.0817
95.5301
95.6249
95.631
95.0239
95.0846
95.0809
95.0202
95.6269
95.5293
95.6279
95.024
95.0852
95.0834
95.0216
100.496
105.22
100.509
99.9422
107.297
99.8992
107.163
97.6644
99.7307
105.058
94.3104
99.0157
99.8202
118.379
103.054
123.65
99.4445
104.688
102.73
114.65
104.219
95.6387
95.5317
95.6347
95.0864
95.0182
95.027
95.0776
95.5334
95.6383
95.6328
95.0872
95.0168
95.0259
95.0775
92.3286
99.3732
93.3956
114.294
98.0525
107.742
107.985
101.435
99.453
99.8633
102.631
100.725
101.204
102.533
96.8333
96.7618
100.761
133.532
96.3233
99.8313
102.615
104.266
101.706
101.258
108.626
98.8976
105.634
103.202
100.221
102.569
99.4896
99.2029
100.081
101.239
99.2091
99.6543
101.828
100.493
102.778
101.039
103.422
105.084
100.385
101.464
99.677
101.248
99.7572
101.257
102.236
97.2515
102.75
104.415
103.859
109.297
110.896
109.508
99.618
108.813
102.16
145.446
118.525
110.723
114.92
98.9137
99.3302
99.9191
99.9897
99.3936
101.127
109.99
98.2403
98.826
105.928
108.837
95.0455
98.8034
98.2211
99.7128
100.627
99.8823
105.683
99.6948
106.837
100.358
101.411
101.984
103.496
120.842
122.409
99.7129
101.085
99.6865
102.105
112.316
111.168
101.051
113.728
110.633
100.805
99.6535
99.6624
101.118
102.543
101.447
99.5136
99.042
101.507
101.278
121.997
96.8477
109.782
110.09
103.399
100.401
98.7261
101.167
102.428
100.595
98.7302
97.162
98.562
97.1651
120.317
111.59
99.3744
102.499
102.71
100.864
102.772
104.081
101.201
100.971
103.332
117.166
95.6682
105.719
105.304
107.846
114.708
118.185
110.758
101.215
100.98
109.181
100.993
104.985
106.961
95.7879
104.483
105.291
117.836
108.581
108.824
115.644
99.9793
97.9376
97.1203
99.3506
99.1463
103.216
102.784
97.6698
100.275
97.6558
98.8992
104.356
105
98.8804
101.396
127.956
136.547
104.175
114.566
107.689
94.3481
100.364
101.123
99.8017
102.358
101.142
102.208
100.991
105.936
101.423
100.161
101.207
111.939
101.276
125.457
101.35
99.4745
102.498
101.729
104.29
99.1063
103.623
100.519
92.0271
100.136
94.7228
100.18
92.6827
97.4846
94.4247
96.0215
94.6981
95.9037
94.4221
96.021
94.6987
97.9697
97.2896
98.3027
97.4907
97.9722
97.2903
98.3046
130.627
92.9717
118.797
102.039
120.706
107.616
115.175
97.9696
97.4911
97.2895
98.3055
97.2902
98.3064
97.9717
94.4133
96.024
94.6863
95.9035
94.4231
96.0216
94.6983
97.9756
97.4894
97.2914
98.3033
97.2895
98.305
97.9745
98.8216
99.8177
96.5029
107.143
96.6314
107.821
100.496
108.401
104.117
100.573
101.722
105.661
106.021
101.319
94.4226
96.0218
94.6987
95.9042
94.4137
96.0243
94.6866
97.9761
97.2914
98.3058
97.4916
97.9735
97.2893
98.3096
91.8771
92.931
91.7882
92.9893
91.877
92.9308
91.7881
94.8693
94.3087
94.8762
94.9518
94.3728
94.9602
94.3728
94.3085
94.8711
94.8801
94.9523
94.3711
94.372
94.9573
99.2059
98.366
98.6309
101.093
111.503
98.9401
98.4983
97.4881
96.3147
102.773
104.215
97.6931
96.6505
102.511
91.7137
92.8044
91.6154
92.8461
91.7142
92.8044
91.6153
91.8767
92.931
91.7885
92.9897
91.8669
92.9334
91.7764
101.43
89.3903
104.616
105.427
108.698
105.565
101.957
101.861
99.4101
101.564
101.04
152.355
130.245
100.808
99.5907
100.762
106.572
102.386
100.626
120.294
106.523
107.24
96.0786
99.7046
100.243
105.65
100.066
104.942
94.7253
94.822
94.1593
94.2535
94.7298
94.828
94.1605
94.8617
94.3059
94.871
94.3743
94.9556
94.9617
94.3726
91.8673
92.9338
91.7768
92.9903
91.877
92.9313
91.7888
94.7322
94.2534
94.8286
94.1592
94.8368
94.1602
94.7362
94.8666
94.3063
94.8709
94.3762
94.9622
94.9647
94.3745
107.043
108.402
105.422
132.265
104.263
110.646
106.258
91.7134
92.8051
91.6158
92.8492
91.7016
92.8088
91.6034
99.5263
101.003
99.6821
99.6767
105.571
100.655
109.703
94.8187
94.1618
94.7305
94.7338
94.2522
94.8303
94.1596
91.7021
92.8092
91.6039
92.8478
91.7135
92.8055
91.616
97.9802
97.2813
98.3208
97.4931
97.2923
98.3116
97.9844
97.9806
97.4943
97.2808
98.3185
97.2919
98.3143
97.9831
94.8241
94.162
94.7341
94.7367
94.2523
94.8298
94.1607
98.4261
117.006
106.613
96.4459
96.5351
97.1967
101.306
102.979
97.2546
97.9049
99.8004
100.973
100.842
99.7455
94.3098
94.8938
94.8877
94.9727
94.3645
94.3747
94.9768
94.8965
94.3105
94.8844
94.9723
94.3656
94.3762
94.9773
140.715
105.819
134.5
100.409
100.624
101.227
101.61
94.7446
94.2557
94.8511
94.1501
94.8465
94.1623
94.7545
94.7446
94.8536
94.1513
94.2562
94.8431
94.1638
94.7547
96.8211
96.8097
96.822
96.0512
96.0458
96.0503
96.0463
99.7988
100.575
103.685
99.036
119.49
107.847
99.6847
96.8097
96.8222
96.822
96.0517
96.0457
96.0462
96.0512
96.8233
96.8175
96.8254
96.0484
96.0543
96.0521
96.0458
111.86
104.381
105.389
100.305
107.161
115.594
107.671
96.8168
96.8221
96.8256
96.0483
96.0531
96.0507
96.0453
112.459
105.919
101.924
104.906
102.358
107.192
101.76
121.578
95.3285
96.3751
87.1662
96.5587
88.9584
122.214
100.093
99.8035
99.8457
99.6359
107.321
107.345
100.153
119.436
97.3175
88.3827
94.8581
121.178
94.3216
89.9844
118.976
94.6284
93.9471
88.6991
94.399
88.7667
119.093
121.985
100.179
101.844
96.1907
147.956
101.512
109.065
95.9382
99.4088
97.1049
103.138
99.5638
102.102
100.448
99.638
98.2685
97.4891
103.108
105.114
100.344
142.884
99.4153
100.591
99.7088
99.9451
107.204
100.128
107.372
97.9949
98.1595
97.4666
114.782
100
114.441
99.4277
99.6737
100.407
99.353
100.225
107.323
100.219
107.309
96.8316
96.819
96.8282
96.0535
96.0364
96.0479
96.042
96.8196
96.8317
96.8288
96.0547
96.0372
96.0487
96.0429
102.71
94.3529
106.583
89.4862
101.011
94.3685
106.013
100.401
100.047
101.308
101.748
107.316
107.328
100.854
92.8956
99.4292
110.028
112.759
96.7532
99.8442
100.976
98.3755
97.7262
97.5915
114.686
103.287
99.092
113.95
102.386
97.2852
94.4638
95.7809
101.3
103.231
93.7822
104.08
85.3133
105.11
102.78
103.737
106.778
104.496
101.764
99.8765
100.715
100.284
100.204
100.689
102.392
100.531
104.596
110.595
101.936
100.181
98.5637
102
100.024
103.456
99.9127
99.8437
100.074
101.399
99.8621
104.828
99.4093
98.0205
108.492
103.239
103.875
108.318
103.642
102.214
108.401
108.965
113.129
114.403
117.896
95.4315
100.695
97.8931
95.9115
97.7077
97.4974
97.3396
105.489
100.808
100.157
100.98
104.144
105.369
100.912
101.517
106.877
107.161
99.5642
101.355
101.236
98.3575
101.527
100.826
102.191
100.481
100.698
99.1894
99.0519
104.999
104.861
107.036
103.039
117.611
103.593
103.224
109.928
103.323
103.078
101.137
97.8648
98.3642
101.419
101.039
101.781
103.349
103.317
86.6439
117.54
106.227
107.892
122.757
112.225
87.5237
113.583
116.593
108.086
105.23
106.874
102.819
100.905
100.953
101.774
100.987
100.137
98.9402
100.626
107.121
103.297
99.0827
101.845
104.001
107.341
111.226
98.4052
106.505
101.187
99.9522
104.581
109.567
103.644
126.218
124.745
101.861
109.212
105.631
107.64
112.85
111.614
112.588
101.875
113.283
101.028
104.287
103.619
108.807
85.95
113.874
115.168
103.597
100.253
99.6437
102.485
103.215
100.101
100.481
100.857
103.841
101.139
101.563
101.082
107.73
100.847
97.1519
93.132
96.8483
95.1224
101.856
95.9285
101.117
107.225
102.608
109.146
105.888
107.423
101.493
102.557
93.8624
99.3992
96.2394
97.3288
94.6361
94.3031
93.3469
100.989
98.4886
104.607
105.221
98.056
97.9287
99.6575
101.384
101.867
101.489
98.2023
101.631
98.2711
101.391
107.92
98.405
108.955
99.2898
97.7304
97.4192
97.7379
106.581
102.602
106.481
105.626
101.95
106.379
102.137
111.306
98.8118
98.9099
108.34
107.877
99.377
99.7124
101.085
96.5426
98.1354
100.141
100.252
96.4308
98.1579
100.813
100.966
123.329
94.2448
100.601
101.019
103.202
99.7069
97.8404
102.986
104.432
99.7388
109.447
101.701
106.423
100.647
100.195
97.5307
109.397
100.361
100.215
101.481
101.388
102.264
104.336
105.639
106.148
104.627
106.113
98.9845
88.8537
99.4217
100.511
102.318
97.4468
105.601
100.222
101.561
98.1174
101.358
101.5
98.5115
102.115
107.404
101.842
108.232
99.9992
129.864
101.628
102.076
105.422
102.362
101.555
100.624
91.9748
102.634
99.5001
100.594
100.889
94.5933
97.0662
98.87
99.1659
103.57
101.752
103.84
100.927
102.134
101.123
103.884
99.9842
99.9545
99.9906
99.2056
100.186
100.064
98.9799
99.296
91.3763
101.26
101.101
109.687
95.9325
99.0876
110.179
102.687
106.582
100.176
100.65
100.755
110.381
112.311
106.161
106.662
100.495
109.984
104.188
102.146
106.181
101.279
98.5384
101.429
105.933
101.078
97.2195
101.224
101.318
102.615
102.879
103.854
105.088
106.312
100.597
97.7575
112.485
102.856
96.7205
106.263
104.701
98.3703
104.95
98.3793
107.988
106.265
103.848
103.825
135.981
115.812
136.773
98.1697
94.8494
133.13
159.275
100.063
100.296
100.647
100.43
100.374
100.479
100.593
103.732
100.692
104.448
103.175
105.541
101.853
100.696
103.943
101.053
101.035
104.112
103.052
100.785
100.853
106.442
111.913
98.1
102.635
109.125
108.912
112.968
100.676
104.063
102.7
101.116
103.041
102.644
100.459
100.36
101.831
101.586
101.364
101.358
98.2726
98.3387
106.177
104.114
103.319
103.97
104.488
101.717
101.347
97.874
94.4897
96.2967
111.382
94.367
101.915
101.997
102.55
98.5415
103.569
107.101
107.631
92.5107
113.849
100.052
105.77
100.123
97.8548
99.6112
105.78
100.758
96.198
109.831
106.024
128.964
97.1075
88.2072
100.322
94.6562
96.4295
109.527
96.5204
94.7942
120.891
102.813
104.314
104.396
105.621
100.186
97.2696
100.316
97.6616
105.039
109.796
106.298
106.652
103.768
102.087
102.192
98.6981
104.127
99.0297
102.871
102.168
91.8447
91.2536
101.884
102.777
109.19
102.013
101.537
102.839
100.038
100.706
109.062
106.678
108.109
104.692
108.081
98.4607
112.409
98.3977
123.442
108.708
121.144
106.947
112.701
101.524
101.536
102.772
103.628
102.709
102.805
101.376
110.313
110.15
117.012
105.25
104.218
101.054
109.241
99.1042
101.074
99.1025
102.308
99.4726
105.366
96.5119
99.6617
102.93
97.6434
99.016
99.501
104.795
98.08
114.132
101.315
127.797
92.8118
154.332
91.2255
103.236
109.917
126.155
107.905
97.3515
110.068
115.748
106.934
116.732
97.3828
119.018
107.494
114.44
106.942
114.863
101.359
103.341
103.62
107.627
103.55
104.037
103.394
103.778
106.904
104.347
98.8461
99.1953
98.1289
98.4533
106.358
124.039
126.788
100.322
100.458
101.707
102.816
103.712
103.382
98.1728
106.024
101.945
92.726
101.108
100.815
102.081
100.296
105.001
97.9309
101.012
98.0718
172.352
117.7
105.935
117.09
104.007
120.56
129.675
106.158
144.273
133.523
161.126
132.801
113.956
164.81
108.759
104.925
102.884
104.527
103.164
97.0056
104.247
103.023
101.756
102.909
108.001
107.745
116.104
122.32
99.3461
105.507
115.601
95.0635
98.4086
105.745
102.337
108.994
100.675
105.2
98.3139
102.332
98.5241
102.544
98.546
100.668
104.225
101.244
107.384
107.599
106.966
96.7873
104.962
105.683
105.962
104.744
104.113
105.096
100.612
102.334
104.975
103.523
97.4044
98.7113
99.9255
124.766
103.721
107.965
102.856
102.264
119.397
103.291
99.1318
97.69
100.194
96.998
101.613
97.3051
98.9777
98.4292
102.998
102.262
94.2615
94.2081
98.7179
102.873
101.494
99.7954
99.7725
102.433
100.677
102.089
99.2672
99.804
99.1526
105.847
99.6455
106.473
98.706
99.4946
99.6247
103.543
100.014
104.72
99.7944
97.4902
98.7199
105.115
104.174
106.207
99.0936
106.737
106.899
125.283
108.462
90.8447
99.8521
98.0666
112.895
89.243
101.054
100.181
99.7718
100.364
101.787
99.6658
101.729
99.6428
99.9877
101.595
99.9811
99.8644
100.371
100.196
100.159
97.1927
95.9423
106.433
102.939
104.389
101.315
97.3951
100.1
105.1
106.307
97.4252
103.649
99.202
115.348
101.369
113.68
111.441
102.683
104.981
102.038
102.105
100.966
103.917
102.861
101.84
102.657
101.289
102.334
93.051
106.766
105.586
102.758
106.118
103.329
105.461
102.028
99.6815
99.8322
100.716
101.39
101.473
100.277
102.63
100.384
102.399
102.178
100.824
100.164
102.144
97.623
100.058
100.059
99.3653
99.3412
101.033
99.3423
100.094
99.5827
98.9725
100.697
100.175
100.747
98.9439
107.181
99.2544
102.22
112.487
101.459
108.443
105.194
98
110.926
107.915
93.2679
107.163
111.289
90.9833
99.5757
102.526
98.7498
100.117
99.9381
100.634
100.08
96.464
102.832
98.8106
109.491
104.378
108.539
114.851
114.675
102.027
101.122
102.357
115.082
102.405
100.824
100.051
109.098
102.753
101.879
103.405
111.51
101.827
98.6061
111.824
98.9193
105.978
107.082
98.7839
99.0279
100.378
102.975
103.74
108.773
103.782
109.506
108.838
100.642
114.334
114.776
103.334
100.58
101.335
105.669
100.136
100.744
101.282
111.105
103.43
101.908
102.108
97.0553
102.266
100.542
94.6931
99.3402
105.675
102.073
107.195
112.552
106.625
106.033
104.589
114.424
113.001
95.6198
99.5939
103.496
112.855
94.264
98.3078
103.42
125.784
103.984
105.148
104.808
105.108
113.336
116.253
111.539
93.4653
115.499
96.0715
146.043
153.442
130.784
105.957
129.364
115.586
102.885
110.027
96.006
109.87
87.0213
114.371
118.564
101.572
101.414
102.135
98.7919
121.372
112.776
83.9455
151.982
88.7118
85.2726
116.57
96.6402
135.075
97.6108
98.1178
110.282
95.9791
103.851
99.1316
86.4357
89.4435
105.81
140.064
101.513
138.467
101.463
102.318
96.0507
103.967
99.3463
89.5578
102.533
106.443
103.364
97.226
119.539
130.525
115.768
103.548
99.7895
104.512
104.86
91.2635
91.7408
99.8812
102.616
92.9959
101.302
102.02
112.983
101.382
100.529
103.179
100.147
104.841
103.567
106.953
105.74
101.379
101.135
106.221
105.315
105.493
104.584
104.19
110.592
112.075
116.084
99.5815
113.905
94.5706
117.874
99.779
109.272
108.026
108.49
104.632
91.682
88.4834
101.575
105.313
107.494
106.316
99.5839
102.918
104.452
102.03
102.991
111.947
98.4946
111.176
87.2856
103.316
143.063
100.317
100.296
97.8355
103.904
98.6124
98.302
99.6522
190.12
101.443
96.667
104.833
93.9832
93.9716
102.761
102.608
116.439
111.106
116.021
99.9406
92.272
88.755
102.844
101.361
103.67
117.989
102.352
102.056
100.295
101.266
104.663
115.348
133.078
107.325
98.031
121.945
114.38
110.812
110.074
99.677
104.353
99.7889
105.433
117.535
109.556
131.587
112.219
89.3862
102.228
101.657
110.414
103.808
97.3078
103.248
101.527
105.261
101.283
102.055
102.309
102.093
102.516
101.436
101.892
100.397
100.345
100.424
103.447
98.5175
98.0731
97.5787
110.07
106.412
110.423
93.2308
143.937
108.624
125.136
93.4591
80.2907
108.352
98.8909
104.867
111.952
102.085
109.644
107.305
97.4502
113.427
96.2849
102.484
96.8902
102.738
96.935
110.793
112.366
94.3696
82.0637
95.3432
80.7787
109.498
110.415
102.663
116.22
103.741
103.578
104.586
107.256
94.97
94.9872
94.3817
94.4135
94.977
94.9853
94.3821
94.9704
94.4132
94.9865
94.3806
94.9853
94.3819
94.9749
103.866
95.9352
92.9811
99.712
99.2735
137.197
121.285
97.4103
107.344
105.194
98.0508
98.5391
128.398
125.333
98.8472
98.3697
98.1766
102.086
96.8379
98.3666
98.3413
88.1536
98.1375
89.636
145.042
101.934
146.836
104.451
106.089
104.091
108.908
98.3793
94.3845
97.0076
159.898
106.998
100.441
101.436
99.8962
108.769
102.819
100.823
93.3615
191.647
119.181
153.376
135.191
127.818
128.864
96.1405
95.6217
81.3847
164.457
97.8978
88.9047
154.698
102.233
100.007
99.4881
96.926
97.6181
98.1413
96.6576
109.397
98.3953
98.4753
110.767
101.553
99.2649
109.677
111.178
96.3592
105.702
134.208
99.985
128.642
102.459
105.704
117.58
139.559
117.715
128.651
121.937
118.734
101.917
86.6227
90.618
106.671
128.283
119.558
97.0812
150.955
122.285
104.186
88.7096
168.451
125.171
106.583
103.531
129.995
109.452
109.683
116.653
107.99
104.277
102.989
101.866
100.841
100.423
100.567
103.964
103.791
94.9884
94.3829
94.9748
94.9771
94.4107
94.9922
94.381
94.9899
94.3842
94.9797
94.98
94.4114
94.9923
94.3822
95.6114
112.999
110.27
136.207
109.257
110.951
186.366
104.703
101.198
112.99
107.608
105.347
109.215
104.981
100.804
100.977
102.914
101.431
97.7475
103.266
101.142
105.192
116.737
106.696
98.3334
106.09
124.01
108.457
112.797
102.577
121.477
107.284
134.434
108.283
117.4
82.9761
100.079
91.8006
130.923
133.731
126.083
126.893
100.34
93.9384
94.3463
94.6364
94.594
95.6226
98.0196
115.77
129.179
125.441
82.8292
64.3805
117.767
122.813
87.4265
101.357
88.8972
95.5443
100.449
136.95
133.711
125.863
98.2432
90.9426
104.496
116.531
117.844
107.735
114.345
106.065
119.885
103.886
111.277
105.414
117.636
94.7648
93.9263
94.5735
93.827
94.7696
93.9239
94.5728
94.7672
93.8268
93.9137
94.579
93.92
94.5747
94.7748
103.023
98.7562
100.625
101.989
98.9652
101.32
106.469
87.436
93.2218
126.026
90.0108
89.5957
105.046
105.388
96.379
108.024
96.506
86.8138
99.9365
88.8887
99.9132
112.641
112.301
115.235
89.277
102.449
105.8
102.109
106.483
105.241
101.143
101.673
98.6644
149.462
100.426
94.9829
94.4135
94.9986
94.3726
94.9966
94.3838
94.9886
94.9833
94.9997
94.3736
94.4143
94.9962
94.385
94.9892
104.293
99.571
103.154
102.85
114.496
94.5281
118.28
99.3097
97.5478
105.368
98.9667
99.5776
98.1239
100.497
94.6701
96.6846
129.958
90.2988
93.4807
119.412
116.569
165.855
108.584
132.272
166.638
113.69
148.165
155.828
93.9298
94.5763
94.7723
94.7812
93.8098
93.9208
94.5801
93.9094
94.5849
94.7796
94.7898
93.8113
93.899
94.5888
164.164
102.452
132.224
128.173
133.237
130.852
232.059
102.644
101.482
104.964
120.356
117.109
117.098
117.668
95.7228
101.667
114.282
115.419
124.302
106.805
114.601
100.071
94.266
94.6256
124.389
155.777
100.229
180.478
129.967
87.0569
122.831
96.8284
89.5121
106.098
114.75
103.638
91.9322
105.96
141.241
104.478
146.788
122.833
81.411
114.202
114.148
96.5458
170.863
189.333
110.616
85.8199
112.674
112.96
136.563
20.7769
144.145
89.4535
94.879
150.592
187.179
49.9415
122.547
204.942
102.503
125.013
115.118
117.191
146.756
184.977
224.042
151.365
)
;

boundaryField
{
    inlet
    {
        type            fixedFluxPressure;
        gradient        nonuniform List<scalar> 
93
(
-2128.48
8992.74
56710.2
8552.64
1659.46
-1608.86
1753.75
106.555
-2789.47
-2167.84
-207.088
-1924.22
0
-5073.24
-22467.7
-453.118
-800.145
994.659
-279.528
71.7607
1363.29
13.8408
-38114.3
-17226.6
5.22377
1397.96
-2570.21
-1863.15
1383.45
918.684
1974.9
-13268.9
2.79266
-16655.9
3629.3
288.32
0
-1368.52
-5036.2
-20138.6
-983.33
-6.44343
149.421
-63580.1
-3997.17
-3726.71
-5352.18
-6587.3
-6391.16
-52584.3
1286.35
-20381.1
-6127.63
-4973.87
8550.15
-405.386
5323.09
-24.3304
-20933.6
3785.21
-2004.89
54753.1
-67313.2
-151261
-301.367
-13681.5
-272484
-7691.02
-233.983
-236010
-2157.86
-5337.76
-321942
1477.42
-670.826
-2650.17
-39383.2
-4012.08
-1566.67
-7353.66
-17982.9
-1756.07
-64.1411
4.22293
295.862
-1041.72
-5103.21
-24140.4
-3870.2
-700.967
-15446.7
-106339
45103.2
)
;
        value           nonuniform List<scalar> 
93
(
95.3637
111.142
165.465
107.592
94.9951
95.583
102.98
99.4185
94.6613
95.6611
98.8529
102.885
100.214
90.9053
84.2446
97.8343
97.6241
101.377
99.266
99.1794
102.212
104.687
94.9447
90.103
101.433
101.741
94.0852
95.7923
103.403
100.934
102.385
92.3366
98.3626
89.4819
100.715
98.3691
133.532
98.4623
94.2431
102.687
98.8605
99.4228
104.581
77.6487
93.8419
95.6938
96.9636
95.69
101.839
103.565
108.047
81.9199
99.2366
96.098
112.076
98.3058
107.659
94.6688
84.7347
106.052
92.4625
180.83
112.378
53.7137
95.8552
96.0414
15.6851
81.4255
83.8284
17.0397
102.771
107.613
-30.5115
104.287
103.029
98.6152
83.1443
109.099
100.743
98.3769
88.3127
100.329
98.3024
98.3739
104.034
104.893
103.513
95.9491
97.9773
99.5859
104.915
52.6089
125.006
)
;
    }
    outlet
    {
        type            fixedValue;
        value           uniform 0;
    }
    lowerWall
    {
        type            fixedFluxPressure;
        gradient        uniform 0;
        value           nonuniform List<scalar> 
1010
(
99.6221
102.147
137.103
103.315
93.3351
98.8018
99.4717
99.2053
100.242
99.9982
98.7143
101.131
99.2713
96.557
110.432
100.749
99.5411
99.7329
100.143
100.855
98.2891
98.2739
96.2193
95.7385
94.1564
101.228
100.32
100.955
104.659
103.941
97.1218
94.5623
102.449
89.4906
98.9749
97.5453
99.1432
98.381
101.549
99.5559
106.423
91.3783
110.238
89.8644
101.705
99.3914
103.928
108.371
100.432
104.7
101.865
104.82
99.8049
100.094
100.515
98.7855
98.3109
97.0149
97.7355
99.3047
99.2128
100.067
99.9069
99.1439
98.7547
97.9658
97.7421
97.5254
98.1049
98.6941
95.9041
96.2274
96.8201
97.3108
98.1979
97.8498
97.4282
95.8765
95.5289
95.5389
92.2809
92.448
92.4883
92.4214
92.9901
92.8496
91.9887
91.9478
92.0223
92.133
89.7204
89.8241
89.8075
89.7533
89.5239
89.4351
89.4657
89.4717
89.5488
89.6163
87.099
87.1619
87.1713
87.135
87.0601
86.9965
86.9639
86.9519
86.994
87.0402
84.5202
84.5539
84.5517
84.5476
84.4809
84.4418
84.4305
84.4279
84.4603
84.4797
81.9621
82.0004
81.9878
81.9747
81.95
81.9269
81.9325
81.9313
81.9404
81.9344
79.4451
79.4683
79.4685
79.4515
79.4329
79.4245
79.4307
79.4292
79.4323
79.4421
76.952
76.9596
76.9645
76.9605
76.9579
76.9624
76.9532
76.9327
76.9462
76.9502
74.4872
74.4965
74.4862
74.4888
74.4909
74.4983
74.4935
74.4955
74.4965
74.4851
72.0384
72.0407
72.0522
72.0525
72.0614
72.0689
72.0656
72.0557
72.0387
72.0368
69.6244
69.6401
69.6588
69.6518
69.6414
69.6446
69.6501
69.6379
69.6247
69.623
67.2329
67.2556
67.2705
67.2482
67.2274
67.2223
67.2256
67.2377
67.2332
67.2279
64.8669
64.8703
64.8679
64.87
64.8705
64.861
64.8503
64.8437
64.8522
64.8559
62.5062
62.5119
62.513
62.5214
62.5245
62.5203
62.5085
62.4989
62.4921
62.4943
60.1662
60.1697
60.1718
60.1716
60.17
60.1665
60.1661
60.1615
60.1551
60.1573
57.8567
57.8519
57.8393
57.846
57.8487
57.85
57.8497
57.8472
57.8522
57.8556
55.5409
55.5414
55.5377
55.5399
55.5412
55.5519
55.5607
55.562
55.5573
55.5468
53.2501
53.2394
53.243
53.2544
53.2625
53.2677
53.2744
53.2743
53.2758
53.2655
50.9797
50.9618
50.9579
50.9687
50.9834
50.9964
50.9956
50.9995
51.0003
50.9964
48.7136
48.7011
48.6918
48.6909
48.7006
48.7106
48.7166
48.7184
48.7151
48.7184
46.4456
46.4474
46.4535
46.4598
46.4543
46.4481
46.4442
46.4423
46.4425
46.4445
44.197
44.2048
44.2158
44.213
44.198
44.1888
44.1889
44.2046
44.1976
44.1948
41.9766
41.9781
41.9801
41.9718
41.9661
41.9492
41.9614
41.974
41.9707
41.972
39.7524
39.7639
39.7692
39.7697
39.7643
39.7533
39.7533
39.7476
39.7396
39.7408
37.5513
37.5623
37.5622
37.5564
37.5489
37.5428
37.5319
37.5289
37.5286
37.5362
35.3807
35.3736
35.3554
35.3485
35.3478
35.3402
35.3336
35.3375
35.3541
35.3731
33.2006
33.1902
33.1795
33.1746
33.174
33.1758
33.1826
33.1889
33.1949
33.2005
31.0142
31.0154
31.0262
31.0336
31.0352
31.0382
31.042
31.0398
31.0328
31.0202
28.8609
28.8663
28.8825
28.8994
28.909
28.9109
28.906
28.8943
28.8856
28.8675
26.7608
26.7559
26.7571
26.7635
26.7739
26.7847
26.7907
26.7907
26.7896
26.7667
24.6982
24.6814
24.6723
24.6694
24.6739
24.6859
24.699
24.7086
24.7151
24.7063
22.6451
22.623
22.6208
22.6235
22.6268
22.6311
22.6329
22.6373
22.6421
22.6437
20.5827
20.5811
20.5819
20.5925
20.5999
20.6016
20.5925
20.5848
20.5837
20.5822
18.55
18.5558
18.5648
18.5712
18.5698
18.5647
18.5566
18.5507
18.5481
18.5485
16.5623
16.5673
16.5652
16.5563
16.5401
16.5269
16.5225
16.5278
16.5376
16.5513
14.5759
14.5856
14.5729
14.5549
14.5362
14.5205
14.519
14.5288
14.5439
14.5626
12.5657
12.5864
12.5851
12.5788
12.5689
12.5576
12.555
12.5569
12.5576
12.559
10.5839
10.5921
10.6026
10.6108
10.6095
10.6033
10.5981
10.5963
10.5915
10.5854
8.64874
8.64083
8.63828
8.64139
8.64362
8.64771
8.64894
8.65066
8.65166
8.6543
6.7162
6.7086
6.70082
6.70118
6.70972
6.72555
6.73173
6.7299
6.72233
6.72294
4.77973
4.77818
4.77921
4.78636
4.80122
4.82551
4.82477
4.81378
4.80202
4.79021
2.86394
2.86433
2.86708
2.87351
2.88182
2.89295
2.89664
2.89544
2.88243
2.86865
0.957229
0.956961
0.956869
0.952306
0.950206
0.953416
0.962004
0.966598
0.967342
0.957119
104.892
100.171
99.0914
101.962
99.7901
100.111
100.42
99.3974
99.9722
99.8414
98.9902
99.0934
99.1782
98.2076
98.9114
97.8116
97.7233
97.9276
98.4924
97.5043
97.3674
97.8295
97.3407
97.3009
98.8863
98.2217
98.1029
98.8424
98.8907
98.8329
99.1681
100.948
99.4836
106.822
102.656
87.2956
100.686
104.491
99.7259
102.375
102.853
101.681
102.143
109.217
100.969
97.7115
97.7117
102.445
106.152
99.6014
97.5474
83.2761
94.6968
104.119
93.7137
96.7164
97.1196
98.7328
99.5858
100.692
99.5597
99.3073
99.2749
104.043
102.037
100.418
102.202
99.9408
100.093
101.043
98.6146
99.7713
99.1999
98.7238
99.5133
97.078
97.503
97.8174
95.7662
97.1729
97.2299
94.8023
96.683
97.0992
99.5225
98.9656
98.5441
98.7578
98.6269
99.2457
100.08
97.4825
97.2879
99.9646
97.8822
97.63
99.2071
98.5147
98.0393
98.9013
98.6171
98.8315
98.2829
98.1558
98.5454
97.8283
97.8377
98.0499
97.675
97.5777
97.777
97.5464
96.4479
97.2694
98.3198
96.4567
96.6744
99.0263
97.1585
96.7201
102.377
100.048
100.924
99.629
99.7122
100.805
99.1806
99.3729
99.3104
99.5409
101.671
98.9719
100.568
100.958
100.116
100.675
101.261
100.556
99.9939
98.852
97.0056
99.6106
99.7525
99.7964
100.054
99.8878
99.7391
99.2938
98.9597
102.439
98.7621
98.5566
98.9524
99.2552
98.8709
98.9223
98.2975
98.8234
102.126
98.4905
98.7035
98.2201
99.036
98.8519
98.635
97.6447
97.5312
97.7372
97.6881
97.5301
97.7074
97.7039
97.6421
97.7069
97.8052
97.9464
98.6012
97.7214
97.7849
97.6878
97.6451
97.4509
97.6073
96.6791
97.5205
95.4131
97.5636
97.6428
97.3834
97.393
97.1478
97.2373
96.6589
105.951
96.8545
98.4863
99.6553
98.5613
98.4178
98.8386
98.1158
98.8921
99.2421
99.4808
98.8254
98.9525
98.9559
98.9114
98.6004
98.5566
99.3367
99.9187
99.7544
97.8537
97.9798
97.6417
99.6773
99.7804
100.033
97.6109
94.2505
94.2456
97.9546
94.3009
94.4028
97.9759
97.9376
97.9513
98.2876
98.3376
98.1166
98.1497
97.9709
98.0516
97.8897
97.8368
97.756
99.819
100.156
100.38
98.4858
98.4847
98.4072
98.1412
94.4347
94.7582
96.2684
94.1261
93.9045
98.752
98.7851
98.5566
97.6251
97.6221
97.752
97.7186
97.6779
97.6524
99.0492
98.8588
98.8081
98.0683
98.2723
98.49
100.861
99.2394
103.4
96.9337
94.7339
94.7343
98.5815
99.4961
99.1893
95.5323
94.0058
94.0233
97.7353
97.8
96.979
100.384
100.082
100.053
98.5292
98.4238
98.6851
101.269
93.5672
101.341
96.9811
97.7941
97.5094
99.3452
99.266
98.3024
99.8202
99.3716
99.5696
98.5605
98.7014
98.88
99.4688
99.0319
98.712
97.775
96.6331
96.8057
96.9042
96.8867
98.0755
95.9066
96.2341
97.6786
98.1132
96.6585
96.4791
99.1028
99.2838
98.4812
96.1628
95.9079
97.9417
97.0987
95.2015
95.5448
95.4309
94.1583
94.1598
97.6103
97.4834
96.4003
142.118
100.091
98.9982
99.2552
101.098
101.601
102.119
101.351
100.929
96.4221
94.8982
94.8159
97.7605
99.2166
99.3426
97.6849
95.8606
95.8918
95.0354
95.0765
96.8446
96.5127
97.4474
97.1903
95.6693
95.0338
94.9192
95.7879
96.1894
97.0567
101.145
103.411
103.221
104.617
100.285
102.268
102.562
98.9241
97.2495
98.5394
98.8556
97.6597
99.2177
99.6821
100.926
98.8168
110.709
99.2832
98.5727
106.25
95.2328
95.757
94.3021
94.2876
97.3502
97.3074
96.7552
101.041
102.188
101.099
105.355
101.126
110.666
98.9828
102.604
102.032
105.77
100.516
93.1049
126.609
101.582
95.9726
95.0182
95.0776
95.6387
96.024
94.6863
94.4133
92.9338
91.7768
91.8673
92.8092
91.6039
91.7021
97.2813
97.9844
98.3208
94.3656
94.9773
94.8965
94.8536
94.7547
94.1513
96.8316
96.042
96.0364
97.2852
94.4638
102.386
85.3133
105.11
104.08
99.8765
100.715
101.764
104.596
110.595
100.531
100.826
102.191
101.527
112.225
108.086
122.757
100.953
100.987
105.23
98.4886
104.607
100.989
98.405
108.955
107.92
96.5426
98.1354
101.085
98.9845
88.8537
106.113
101.752
103.84
103.57
100.594
100.889
99.5001
109.984
102.146
112.311
111.913
112.968
109.125
104.112
100.853
101.053
101.364
98.3387
101.831
105.77
100.123
100.052
101.074
99.1025
99.1042
102.334
104.975
100.612
90.8447
99.8521
108.462
99.5827
98.9725
100.094
102.266
100.542
97.0553
146.043
130.784
111.539
115.586
109.87
129.364
114.371
98.7919
101.414
83.9455
116.57
112.776
94.9997
94.9892
94.3736
)
;
    }
    upperWall
    {
        type            fixedFluxPressure;
        gradient        uniform 0;
        value           nonuniform List<scalar> 
1133
(
99.4845
108.232
133.532
106.143
100.409
98.9442
99.2273
99.5199
100.635
99.0959
99.9881
100.397
96.7222
100.662
98.2451
99.7811
100.205
99.2029
99.9785
99.6319
98.9573
98.7935
96.5503
102.36
99.6939
101.499
102.992
100.779
99.0093
99.8567
94.7228
107.121
104.319
90.5847
104.889
110.863
94.3104
98.2401
104.746
97.7897
104.164
93.6894
103.577
135.51
104.034
102.813
94.4495
117.12
101.258
77.8836
100.091
107.11
100.536
100.744
100.343
97.3986
97.3282
95.9988
101.355
99.3336
99.2118
100.072
99.9102
99.1124
98.733
97.9633
97.7336
97.5023
98.1003
98.6972
95.9042
96.2267
96.8207
97.313
98.1964
97.8453
97.4276
95.8764
95.5291
95.539
92.2808
92.4478
92.4897
92.4214
92.9897
92.8492
91.9888
91.9481
92.0227
92.133
89.7203
89.824
89.8074
89.7528
89.5244
89.4354
89.4656
89.4716
89.5487
89.6162
87.0991
87.1618
87.1712
87.1349
87.0601
86.9962
86.9638
86.9518
86.9939
87.0403
84.5203
84.5538
84.5516
84.5475
84.4805
84.4416
84.4304
84.4278
84.4602
84.4796
81.9617
82.0003
81.9877
81.9746
81.9495
81.9272
81.9324
81.9312
81.9403
81.934
79.4452
79.4682
79.4684
79.4514
79.4328
79.4244
79.4306
79.4291
79.4322
79.4419
76.952
76.9595
76.9644
76.9604
76.9579
76.9625
76.9531
76.9323
76.9461
76.9501
74.4866
74.496
74.4861
74.4887
74.4909
74.4982
74.4934
74.4954
74.4969
74.4856
72.0383
72.0406
72.0522
72.0524
72.0613
72.0688
72.0655
72.0562
72.0389
72.0367
69.6242
69.6404
69.6584
69.6514
69.6413
69.6447
69.6498
69.6375
69.6246
69.622
67.233
67.2554
67.2706
67.2482
67.2272
67.222
67.2254
67.2381
67.2332
67.228
64.8665
64.8701
64.8678
64.8697
64.8706
64.8611
64.8504
64.8437
64.8522
64.8558
62.5059
62.5124
62.5127
62.5215
62.5246
62.5206
62.5086
62.4988
62.492
62.494
60.1662
60.17
60.1717
60.1715
60.1692
60.1664
60.166
60.1616
60.1553
60.1571
57.8565
57.8519
57.839
57.8461
57.848
57.8499
57.8497
57.8474
57.8522
57.8555
55.5405
55.541
55.538
55.5401
55.5412
55.5519
55.5607
55.5619
55.5572
55.5467
53.2502
53.2392
53.2429
53.254
53.2621
53.2678
53.2741
53.2741
53.2756
53.2655
50.9798
50.9618
50.9577
50.9683
50.9834
50.9963
50.9955
50.9998
51.0002
50.9963
48.7133
48.7008
48.6917
48.6911
48.7008
48.7104
48.7164
48.7183
48.7148
48.7181
46.4455
46.4473
46.4534
46.4598
46.4542
46.4478
46.4445
46.4421
46.4424
46.4445
44.1966
44.2048
44.2158
44.2131
44.1977
44.1887
44.1893
44.2045
44.1975
44.1951
41.9765
41.9784
41.9801
41.9715
41.9658
41.9499
41.9614
41.9739
41.9709
41.9718
39.7524
39.7644
39.7687
39.7695
39.7641
39.7535
39.7535
39.7474
39.7383
39.7407
37.5514
37.5623
37.5617
37.5563
37.5488
37.5425
37.5316
37.5285
37.5284
37.5362
35.3808
35.3734
35.3555
35.3483
35.3479
35.3399
35.3335
35.3375
35.355
35.3731
33.2003
33.1901
33.1796
33.1745
33.1739
33.1766
33.1826
33.1888
33.195
33.2004
31.0141
31.0153
31.0263
31.0337
31.0352
31.0381
31.0417
31.0396
31.0326
31.0199
28.8608
28.8661
28.8825
28.8993
28.9089
28.9108
28.9057
28.8944
28.8856
28.8677
26.7606
26.7558
26.7568
26.7634
26.7744
26.7848
26.7907
26.7906
26.7895
26.7667
24.6981
24.6818
24.6723
24.6694
24.6739
24.6858
24.6989
24.7084
24.7148
24.7062
22.645
22.6228
22.6207
22.6236
22.6268
22.631
22.6328
22.6372
22.6419
22.6436
20.5824
20.5805
20.5817
20.5925
20.6005
20.6016
20.5925
20.5847
20.5836
20.5821
18.5497
18.5558
18.565
18.5713
18.5695
18.5643
18.5565
18.5505
18.5482
18.5484
16.5624
16.5675
16.5653
16.556
16.5394
16.5266
16.522
16.5278
16.5377
16.5512
14.5761
14.5854
14.5728
14.5546
14.5362
14.5203
14.519
14.5288
14.5437
14.5625
12.5659
12.5854
12.5847
12.5786
12.5689
12.5577
12.555
12.5568
12.5572
12.5587
10.5839
10.5922
10.6026
10.6109
10.6091
10.603
10.5978
10.5961
10.5914
10.5853
8.64874
8.64088
8.63802
8.6413
8.64353
8.64762
8.64885
8.65057
8.65155
8.65424
6.71601
6.7081
6.70066
6.70097
6.70981
6.72552
6.73193
6.72984
6.72218
6.72255
4.77964
4.7782
4.77926
4.78622
4.80104
4.82557
4.82455
4.81371
4.80191
4.79008
2.86381
2.86429
2.86706
2.87337
2.88159
2.89224
2.89609
2.89537
2.88254
2.86868
0.957253
0.956716
0.956562
0.951841
0.950157
0.953354
0.962131
0.966511
0.967246
0.957037
99.0968
100.21
107.069
100.109
99.8185
99.6399
99.9313
99.3983
100.21
99.0707
98.8312
99.2962
98.9037
98.1813
101.168
97.9095
97.7357
98.3561
97.624
97.4965
97.879
97.3166
97.3549
100.088
98.1183
98.2942
98.9294
98.8309
98.8939
99.3353
100.08
102.624
94.0442
127.845
105.742
136.549
107.833
98.7315
105.109
99.3215
110.009
97.9516
100.959
98.5131
106.983
95.3022
101.405
96.4277
98.223
100.219
114.627
90.7298
106.85
102.19
108.16
99.2854
94.979
100.362
98.9615
99.7913
99.2282
99.2422
101.14
99.939
102.35
113.957
100.13
99.9988
100.741
99.2673
99.5593
99.4023
99.4802
100.859
100.286
97.6198
97.6224
97.0145
97.34
97.4014
98.519
97.2882
96.6657
96.4974
98.4967
99.7224
102.944
99.2682
98.7765
99.5516
97.2876
97.4829
100.079
97.6281
97.8816
99.9571
98.0401
98.5132
99.1957
98.8311
98.6176
98.8906
98.5445
98.1555
98.2936
98.0519
97.8378
97.8339
97.7764
97.5782
97.6661
97.2687
96.4432
97.5635
96.6738
96.4566
98.3276
96.7195
97.1589
99.0245
99.3082
99.3806
99.142
100.676
99.6822
99.6303
101.607
100.195
101.901
100.54
101.338
100.748
100.029
100.988
100.57
107.469
101.834
99.4273
99.6773
99.8923
100.057
99.7246
99.9231
99.5289
100.784
99.5021
100.007
99.0285
98.9099
99.2745
98.9411
98.7114
98.806
102.942
99.223
99.2919
98.6407
98.8014
99.0434
98.2201
98.6196
98.468
97.5781
98.6724
98.5026
97.6965
97.6308
97.6512
97.6659
97.5212
97.7024
97.9505
97.4508
97.5935
97.6373
97.5835
97.5811
97.654
97.7586
97.7338
97.4477
97.9146
97.7665
97.2446
97.1419
97.4173
97.4706
97.6571
97.5714
97.0225
97.6042
96.6609
98.0853
98.6993
98.4909
98.714
98.9758
98.6259
101.122
102.686
100.545
98.5634
98.6004
98.9523
98.9582
98.8544
98.8254
100.429
98.9235
98.9661
99.5635
99.8886
99.3236
97.6535
97.9817
97.851
100.031
99.763
99.7158
114.493
110.667
100.088
94.2452
94.2522
97.6101
94.402
94.3004
97.9473
97.9529
97.8953
97.9231
98.0821
98.348
98.2881
98.0508
97.9704
98.1503
100.38
100.153
99.8157
97.7548
97.8317
97.8907
98.4078
98.4656
98.4666
94.7599
94.436
98.142
93.9035
94.1249
96.269
98.5638
98.7687
98.7527
97.7512
97.6294
97.6378
98.8103
98.8598
99.0494
97.6534
97.683
97.7152
98.5007
98.2747
98.0678
94.7352
94.735
96.9359
99.1896
99.4977
98.5846
94.0232
94.0058
95.5341
96.978
97.799
97.7342
100.066
100.08
100.388
104.067
102.403
99.9014
98.6898
98.4217
98.5289
98.9669
99.0894
97.1779
97.509
97.7921
96.9786
98.2955
99.2621
99.3448
99.5662
99.3674
99.8043
98.8756
98.6998
98.5596
98.7068
99.0176
99.466
96.7964
96.6332
97.7752
98.0777
96.8836
96.881
97.6773
96.2322
95.8944
96.4751
96.6598
98.1132
97.9414
95.9102
96.1604
95.5418
95.1975
97.0969
94.16
94.1584
95.4311
96.3994
97.4825
97.6095
94.8154
94.8977
96.422
99.3395
99.2203
97.7618
95.8927
95.8608
97.6914
96.8392
95.0753
95.0318
100.484
100.169
99.0121
99.2407
103.696
99.7939
97.1902
97.4458
96.5131
101.694
100.941
105.904
94.9193
95.0335
95.671
97.058
96.1902
95.7886
100.113
98.8328
97.912
96.6701
100.155
96.3444
97.6576
98.8544
98.536
103.748
104.55
99.223
100.858
102.314
98.2614
104.547
110.95
101.622
105.374
95.8211
101.623
94.2879
94.3023
95.7571
96.7548
97.3061
97.3495
104.483
100.451
101.717
102.205
97.7027
102.993
105.337
106.574
104.62
99.5603
100.175
100.895
102.492
99.913
113.194
106.264
99.1418
101.034
95.5433
97.9102
105.61
108.321
101.007
97.0849
93.8854
107.837
113.345
102.916
103.608
97.7526
110.462
156.529
101.644
102.162
129.236
119.66
99.1612
105.474
98.4756
104.902
122.652
97.9549
99.0157
118.379
99.8202
95.6383
95.0775
95.0168
96.3233
102.615
99.8313
100.081
99.2091
101.239
102.778
105.084
101.828
99.6535
99.5136
102.543
121.997
110.09
101.507
100.98
106.961
109.181
108.581
115.644
104.483
100.18
97.4846
92.6827
94.4137
94.6866
96.0243
91.8669
91.7764
92.9334
91.7016
91.6034
92.8088
98.3185
97.9831
97.2808
96.4459
101.306
117.006
94.8938
94.9768
94.3645
94.1501
94.7545
94.8511
93.9471
119.093
88.6991
96.0372
96.0429
96.8317
100.047
100.854
107.316
103.287
113.95
97.7262
100.695
97.3396
97.7077
103.297
101.845
99.0827
107.341
99.9522
106.505
109.567
109.212
126.218
104.287
115.168
85.95
102.608
102.557
109.146
97.3288
93.3469
99.3992
99.9992
101.628
129.864
112.485
104.701
102.856
102.615
106.312
102.879
98.1697
159.275
115.812
100.692
100.696
105.541
110.15
109.241
105.25
106.904
98.4533
98.8461
103.62
103.394
107.627
119.018
114.863
107.494
100.322
102.816
124.039
106.024
101.108
103.382
105.935
129.675
117.09
144.273
164.81
132.801
102.884
104.247
104.527
101.595
100.196
100.371
103.649
115.348
105.1
106.433
97.3951
102.939
102.832
114.851
109.491
111.105
102.108
100.744
100.58
105.669
114.334
104.808
116.253
103.984
104.86
99.8812
91.2635
102.02
103.179
112.983
108.49
105.313
91.682
131.587
110.414
89.3862
94.3696
109.498
82.0637
96.2849
96.935
102.484
109.452
104.277
109.683
112.999
186.366
109.257
133.731
126.893
100.079
121.477
117.4
107.284
94.6364
98.0196
93.9384
82.8292
122.813
129.179
119.885
117.636
103.886
104.496
107.735
98.2432
102.449
102.109
112.301
94.3726
94.9886
94.9986
170.863
110.616
114.202
105.96
122.833
141.241
184.977
151.365
115.118
)
;
    }
    frontWall
    {
        type            cyclic;
    }
    backWall
    {
        type            cyclic;
    }
}


// ************************************************************************* //
