/*--------------------------------*- C++ -*----------------------------------*\
| =========                 |                                                 |
| \\      /  F ield         | OpenFOAM: The Open Source CFD Toolbox           |
|  \\    /   O peration     | Version:  5.0                                   |
|   \\  /    A nd           | Web:      www.OpenFOAM.org                      |
|    \\/     M anipulation  |                                                 |
\*---------------------------------------------------------------------------*/
FoamFile
{
    version     2.0;
    format      ascii;
    class       refinementHistory;
    location    "4.2/polyMesh";
    object      refinementHistory;
}
// * * * * * * * * * * * * * * * * * * * * * * * * * * * * * * * * * * * * * //

// splitCells

5024
(
1 0()
-1 8(0 2 3 4 5 6 7 8)
1 0()
1 0()
1 0()
1 0()
1 0()
1 0()
1 0()
10 0()
11 8(9 75 76 77 78 79 80 81)
-1 8(10 12 21 30 39 48 57 66)
11 8(13 14 15 16 17 18 19 20)
12 0()
12 0()
12 0()
12 0()
12 0()
12 0()
12 0()
12 0()
11 8(22 23 24 25 26 27 28 29)
21 0()
21 0()
21 0()
21 0()
21 0()
21 0()
21 0()
21 0()
11 8(31 32 33 34 35 36 37 38)
30 0()
30 0()
30 0()
30 0()
30 0()
30 0()
30 0()
30 0()
11 8(40 41 42 43 44 45 46 47)
39 0()
39 0()
39 0()
39 0()
39 0()
39 0()
39 0()
39 0()
11 8(49 50 51 52 53 54 55 56)
48 0()
48 0()
48 0()
48 0()
48 0()
48 0()
48 0()
48 0()
11 8(58 59 60 61 62 63 64 65)
57 0()
57 0()
57 0()
57 0()
57 0()
57 0()
57 0()
57 0()
11 8(67 68 69 70 71 72 73 74)
66 0()
66 0()
66 0()
66 0()
66 0()
66 0()
66 0()
66 0()
10 0()
10 0()
10 0()
10 0()
10 0()
10 0()
10 0()
83 0()
-1 8(82 84 85 86 87 88 89 90)
83 0()
83 0()
83 0()
83 0()
83 0()
83 0()
83 0()
92 0()
-1 8(91 93 94 95 96 97 98 99)
92 0()
92 0()
92 0()
92 0()
92 0()
92 0()
92 0()
101 0()
-1 8(100 102 103 104 105 106 107 108)
101 0()
101 0()
101 0()
101 0()
101 0()
101 0()
101 0()
110 0()
-1 8(109 111 112 113 114 115 116 117)
110 0()
110 0()
110 0()
110 0()
110 0()
110 0()
110 0()
119 0()
-1 8(118 120 121 122 123 124 125 126)
119 0()
119 0()
119 0()
119 0()
119 0()
119 0()
119 0()
128 0()
-1 8(127 129 130 131 132 133 134 135)
128 0()
128 0()
128 0()
128 0()
128 0()
128 0()
128 0()
137 0()
-1 8(136 138 139 140 141 142 143 144)
137 0()
137 0()
137 0()
137 0()
137 0()
137 0()
137 0()
146 0()
-1 8(145 147 156 157 158 159 160 161)
146 8(148 149 150 151 152 153 154 155)
147 0()
147 0()
147 0()
147 0()
147 0()
147 0()
147 0()
147 0()
146 0()
146 0()
146 0()
146 0()
146 0()
146 0()
163 0()
-1 8(162 164 165 166 167 168 169 170)
163 0()
163 0()
163 0()
163 0()
163 0()
163 0()
163 0()
172 0()
-1 8(171 173 174 175 176 177 178 179)
172 0()
172 0()
172 0()
172 0()
172 0()
172 0()
172 0()
181 0()
-1 8(180 182 183 192 193 194 195 204)
181 0()
181 8(184 185 186 187 188 189 190 191)
183 0()
183 0()
183 0()
183 0()
183 0()
183 0()
183 0()
183 0()
181 0()
181 0()
181 0()
181 8(196 197 198 199 200 201 202 203)
195 0()
195 0()
195 0()
195 0()
195 0()
195 0()
195 0()
195 0()
181 0()
206 0()
-1 8(205 207 208 209 210 211 212 213)
206 0()
206 0()
206 0()
206 0()
206 0()
206 0()
206 0()
215 0()
216 8(214 248 249 250 251 252 253 254)
-1 8(215 217 218 227 228 237 238 247)
216 0()
216 8(219 220 221 222 223 224 225 226)
218 0()
218 0()
218 0()
218 0()
218 0()
218 0()
218 0()
218 0()
216 0()
216 8(229 230 231 232 233 234 235 236)
228 0()
228 0()
228 0()
228 0()
228 0()
228 0()
228 0()
228 0()
216 0()
216 8(239 240 241 242 243 244 245 246)
238 0()
238 0()
238 0()
238 0()
238 0()
238 0()
238 0()
238 0()
216 0()
215 0()
215 0()
215 0()
215 0()
215 0()
215 0()
215 0()
256 0()
-1 8(255 257 258 259 268 269 270 271)
256 0()
256 0()
256 8(260 261 262 263 264 265 266 267)
259 0()
259 0()
259 0()
259 0()
259 0()
259 0()
259 0()
259 0()
256 0()
256 0()
256 0()
256 0()
273 0()
-1 8(272 274 275 284 285 286 287 296)
273 0()
273 8(276 277 278 279 280 281 282 283)
275 0()
275 0()
275 0()
275 0()
275 0()
275 0()
275 0()
275 0()
273 0()
273 0()
273 0()
273 8(288 289 290 291 292 293 294 295)
287 0()
287 0()
287 0()
287 0()
287 0()
287 0()
287 0()
287 0()
273 0()
298 0()
-1 8(297 299 300 301 302 303 304 305)
298 0()
298 0()
298 0()
298 0()
298 0()
298 0()
298 0()
307 0()
308 8(306 340 341 342 343 344 345 346)
-1 8(307 309 310 319 320 329 330 339)
308 0()
308 8(311 312 313 314 315 316 317 318)
310 0()
310 0()
310 0()
310 0()
310 0()
310 0()
310 0()
310 0()
308 0()
308 8(321 322 323 324 325 326 327 328)
320 0()
320 0()
320 0()
320 0()
320 0()
320 0()
320 0()
320 0()
308 0()
308 8(331 332 333 334 335 336 337 338)
330 0()
330 0()
330 0()
330 0()
330 0()
330 0()
330 0()
330 0()
308 0()
307 0()
307 0()
307 0()
307 0()
307 0()
307 0()
307 0()
348 0()
-1 8(347 349 350 351 352 353 354 355)
348 0()
348 0()
348 0()
348 0()
348 0()
348 0()
348 0()
357 0()
358 8(356 390 391 392 393 394 395 396)
-1 8(357 359 368 369 378 379 388 389)
358 8(360 361 362 363 364 365 366 367)
359 0()
359 0()
359 0()
359 0()
359 0()
359 0()
359 0()
359 0()
358 0()
358 8(370 371 372 373 374 375 376 377)
369 0()
369 0()
369 0()
369 0()
369 0()
369 0()
369 0()
369 0()
358 0()
358 8(380 381 382 383 384 385 386 387)
379 0()
379 0()
379 0()
379 0()
379 0()
379 0()
379 0()
379 0()
358 0()
358 0()
357 0()
357 0()
357 0()
357 0()
357 0()
357 0()
357 0()
398 0()
399 8(397 447 448 449 450 451 452 453)
-1 8(398 400 409 418 419 428 437 446)
399 8(401 402 403 404 405 406 407 408)
400 0()
400 0()
400 0()
400 0()
400 0()
400 0()
400 0()
400 0()
399 8(410 411 412 413 414 415 416 417)
409 0()
409 0()
409 0()
409 0()
409 0()
409 0()
409 0()
409 0()
399 0()
399 8(420 421 422 423 424 425 426 427)
419 0()
419 0()
419 0()
419 0()
419 0()
419 0()
419 0()
419 0()
399 8(429 430 431 432 433 434 435 436)
428 0()
428 0()
428 0()
428 0()
428 0()
428 0()
428 0()
428 0()
399 8(438 439 440 441 442 443 444 445)
437 0()
437 0()
437 0()
437 0()
437 0()
437 0()
437 0()
437 0()
399 0()
398 0()
398 0()
398 0()
398 0()
398 0()
398 0()
398 0()
455 0()
-1 8(454 456 457 466 475 476 477 478)
455 0()
455 8(458 459 460 461 462 463 464 465)
457 0()
457 0()
457 0()
457 0()
457 0()
457 0()
457 0()
457 0()
455 8(467 468 469 470 471 472 473 474)
466 0()
466 0()
466 0()
466 0()
466 0()
466 0()
466 0()
466 0()
455 0()
455 0()
455 0()
455 0()
480 0()
-1 8(479 481 482 483 484 485 486 487)
480 0()
480 0()
480 0()
480 0()
480 0()
480 0()
480 0()
489 0()
490 8(488 522 523 524 525 526 527 528)
-1 8(489 491 492 501 502 511 512 521)
490 0()
490 8(493 494 495 496 497 498 499 500)
492 0()
492 0()
492 0()
492 0()
492 0()
492 0()
492 0()
492 0()
490 0()
490 8(503 504 505 506 507 508 509 510)
502 0()
502 0()
502 0()
502 0()
502 0()
502 0()
502 0()
502 0()
490 0()
490 8(513 514 515 516 517 518 519 520)
512 0()
512 0()
512 0()
512 0()
512 0()
512 0()
512 0()
512 0()
490 0()
489 0()
489 0()
489 0()
489 0()
489 0()
489 0()
489 0()
530 0()
-1 8(529 531 532 533 534 535 536 537)
530 0()
530 0()
530 0()
530 0()
530 0()
530 0()
530 0()
539 0()
-1 8(538 540 541 542 543 544 545 546)
539 0()
539 0()
539 0()
539 0()
539 0()
539 0()
539 0()
548 0()
549 8(547 581 582 583 584 585 586 587)
-1 8(548 550 559 568 577 578 579 580)
549 8(551 552 553 554 555 556 557 558)
550 0()
550 0()
550 0()
550 0()
550 0()
550 0()
550 0()
550 0()
549 8(560 561 562 563 564 565 566 567)
559 0()
559 0()
559 0()
559 0()
559 0()
559 0()
559 0()
559 0()
549 8(569 570 571 572 573 574 575 576)
568 0()
568 0()
568 0()
568 0()
568 0()
568 0()
568 0()
568 0()
549 0()
549 0()
549 0()
549 0()
548 0()
548 0()
548 0()
548 0()
548 0()
548 0()
548 0()
589 0()
-1 8(588 590 591 592 593 594 595 596)
589 0()
589 0()
589 0()
589 0()
589 0()
589 0()
589 0()
598 0()
599 8(597 631 632 633 634 635 636 637)
-1 8(598 600 601 610 611 620 621 630)
599 0()
599 8(602 603 604 605 606 607 608 609)
601 0()
601 0()
601 0()
601 0()
601 0()
601 0()
601 0()
601 0()
599 0()
599 8(612 613 614 615 616 617 618 619)
611 0()
611 0()
611 0()
611 0()
611 0()
611 0()
611 0()
611 0()
599 0()
599 8(622 623 624 625 626 627 628 629)
621 0()
621 0()
621 0()
621 0()
621 0()
621 0()
621 0()
621 0()
599 0()
598 0()
598 0()
598 0()
598 0()
598 0()
598 0()
598 0()
639 0()
-1 8(638 640 641 642 643 644 645 646)
639 0()
639 0()
639 0()
639 0()
639 0()
639 0()
639 0()
648 0()
649 8(647 689 690 691 692 693 694 695)
-1 8(648 650 659 668 677 678 679 680)
649 8(651 652 653 654 655 656 657 658)
650 0()
650 0()
650 0()
650 0()
650 0()
650 0()
650 0()
650 0()
649 8(660 661 662 663 664 665 666 667)
659 0()
659 0()
659 0()
659 0()
659 0()
659 0()
659 0()
659 0()
649 8(669 670 671 672 673 674 675 676)
668 0()
668 0()
668 0()
668 0()
668 0()
668 0()
668 0()
668 0()
649 0()
649 0()
649 0()
649 8(681 682 683 684 685 686 687 688)
680 0()
680 0()
680 0()
680 0()
680 0()
680 0()
680 0()
680 0()
648 0()
648 0()
648 0()
648 0()
648 0()
648 0()
648 0()
697 0()
-1 8(696 698 699 700 701 702 703 704)
697 0()
697 0()
697 0()
697 0()
697 0()
697 0()
697 0()
706 0()
-1 8(705 707 708 709 710 711 712 713)
706 0()
706 0()
706 0()
706 0()
706 0()
706 0()
706 0()
715 0()
716 8(714 732 733 734 735 736 737 738)
-1 8(715 717 718 719 720 729 730 731)
716 0()
716 0()
716 0()
716 8(721 722 723 724 725 726 727 728)
720 0()
720 0()
720 0()
720 0()
720 0()
720 0()
720 0()
720 0()
716 0()
716 0()
716 0()
715 0()
715 0()
715 0()
715 0()
715 0()
715 0()
715 0()
740 0()
-1 8(739 741 742 743 744 745 746 747)
740 0()
740 0()
740 0()
740 0()
740 0()
740 0()
740 0()
749 0()
-1 8(748 750 751 752 753 754 755 756)
749 0()
749 0()
749 0()
749 0()
749 0()
749 0()
749 0()
758 0()
-1 8(757 759 760 761 762 763 764 765)
758 0()
758 0()
758 0()
758 0()
758 0()
758 0()
758 0()
767 0()
-1 8(766 768 769 770 771 772 773 774)
767 0()
767 0()
767 0()
767 0()
767 0()
767 0()
767 0()
776 0()
-1 8(775 777 778 779 780 781 782 783)
776 0()
776 0()
776 0()
776 0()
776 0()
776 0()
776 0()
785 0()
-1 8(784 786 787 796 805 806 807 816)
785 0()
785 8(788 789 790 791 792 793 794 795)
787 0()
787 0()
787 0()
787 0()
787 0()
787 0()
787 0()
787 0()
785 8(797 798 799 800 801 802 803 804)
796 0()
796 0()
796 0()
796 0()
796 0()
796 0()
796 0()
796 0()
785 0()
785 0()
785 8(808 809 810 811 812 813 814 815)
807 0()
807 0()
807 0()
807 0()
807 0()
807 0()
807 0()
807 0()
785 8(817 818 819 820 821 822 823 824)
816 0()
816 0()
816 0()
816 0()
816 0()
816 0()
816 0()
816 0()
826 0()
-1 8(825 827 828 829 830 831 832 833)
826 0()
826 0()
826 0()
826 0()
826 0()
826 0()
826 0()
835 0()
-1 8(834 836 837 838 839 840 841 842)
835 0()
835 0()
835 0()
835 0()
835 0()
835 0()
835 0()
844 0()
-1 8(843 845 846 847 848 849 850 851)
844 0()
844 0()
844 0()
844 0()
844 0()
844 0()
844 0()
853 0()
854 8(852 918 919 920 921 922 923 924)
-1 8(853 855 864 873 882 891 900 909)
854 8(856 857 858 859 860 861 862 863)
855 0()
855 0()
855 0()
855 0()
855 0()
855 0()
855 0()
855 0()
854 8(865 866 867 868 869 870 871 872)
864 0()
864 0()
864 0()
864 0()
864 0()
864 0()
864 0()
864 0()
854 8(874 875 876 877 878 879 880 881)
873 0()
873 0()
873 0()
873 0()
873 0()
873 0()
873 0()
873 0()
854 8(883 884 885 886 887 888 889 890)
882 0()
882 0()
882 0()
882 0()
882 0()
882 0()
882 0()
882 0()
854 8(892 893 894 895 896 897 898 899)
891 0()
891 0()
891 0()
891 0()
891 0()
891 0()
891 0()
891 0()
854 8(901 902 903 904 905 906 907 908)
900 0()
900 0()
900 0()
900 0()
900 0()
900 0()
900 0()
900 0()
854 8(910 911 912 913 914 915 916 917)
909 0()
909 0()
909 0()
909 0()
909 0()
909 0()
909 0()
909 0()
853 0()
853 0()
853 0()
853 0()
853 0()
853 0()
853 0()
926 0()
-1 8(925 927 928 929 930 931 932 933)
926 0()
926 0()
926 0()
926 0()
926 0()
926 0()
926 0()
935 0()
-1 8(934 936 937 938 939 940 941 942)
935 0()
935 0()
935 0()
935 0()
935 0()
935 0()
935 0()
944 0()
-1 8(943 945 946 947 948 949 950 951)
944 0()
944 0()
944 0()
944 0()
944 0()
944 0()
944 0()
953 0()
-1 8(952 954 955 956 965 966 967 976)
953 0()
953 0()
953 8(957 958 959 960 961 962 963 964)
956 0()
956 0()
956 0()
956 0()
956 0()
956 0()
956 0()
956 0()
953 0()
953 0()
953 8(968 969 970 971 972 973 974 975)
967 0()
967 0()
967 0()
967 0()
967 0()
967 0()
967 0()
967 0()
953 8(977 978 979 980 981 982 983 984)
976 0()
976 0()
976 0()
976 0()
976 0()
976 0()
976 0()
976 0()
986 0()
-1 8(985 987 988 997 998 999 1000 1009)
986 0()
986 8(989 990 991 992 993 994 995 996)
988 0()
988 0()
988 0()
988 0()
988 0()
988 0()
988 0()
988 0()
986 0()
986 0()
986 0()
986 8(1001 1002 1003 1004 1005 1006 1007 1008)
1000 0()
1000 0()
1000 0()
1000 0()
1000 0()
1000 0()
1000 0()
1000 0()
986 8(1010 1011 1012 1013 1014 1015 1016 1017)
1009 0()
1009 0()
1009 0()
1009 0()
1009 0()
1009 0()
1009 0()
1009 0()
1019 0()
-1 8(1018 1020 1021 1022 1023 1024 1025 1026)
1019 0()
1019 0()
1019 0()
1019 0()
1019 0()
1019 0()
1019 0()
1028 0()
-1 8(1027 1029 1030 1031 1032 1033 1034 1035)
1028 0()
1028 0()
1028 0()
1028 0()
1028 0()
1028 0()
1028 0()
1037 0()
-1 8(1036 1038 1039 1040 1041 1042 1043 1044)
1037 0()
1037 0()
1037 0()
1037 0()
1037 0()
1037 0()
1037 0()
1046 0()
-1 8(1045 1047 1056 1057 1058 1067 1076 1077)
1046 8(1048 1049 1050 1051 1052 1053 1054 1055)
1047 0()
1047 0()
1047 0()
1047 0()
1047 0()
1047 0()
1047 0()
1047 0()
1046 0()
1046 0()
1046 8(1059 1060 1061 1062 1063 1064 1065 1066)
1058 0()
1058 0()
1058 0()
1058 0()
1058 0()
1058 0()
1058 0()
1058 0()
1046 8(1068 1069 1070 1071 1072 1073 1074 1075)
1067 0()
1067 0()
1067 0()
1067 0()
1067 0()
1067 0()
1067 0()
1067 0()
1046 0()
1046 0()
1079 0()
1080 8(1078 1104 1105 1106 1107 1108 1109 1110)
-1 8(1079 1081 1082 1083 1084 1093 1102 1103)
1080 0()
1080 0()
1080 0()
1080 8(1085 1086 1087 1088 1089 1090 1091 1092)
1084 0()
1084 0()
1084 0()
1084 0()
1084 0()
1084 0()
1084 0()
1084 0()
1080 8(1094 1095 1096 1097 1098 1099 1100 1101)
1093 0()
1093 0()
1093 0()
1093 0()
1093 0()
1093 0()
1093 0()
1093 0()
1080 0()
1080 0()
1079 0()
1079 0()
1079 0()
1079 0()
1079 0()
1079 0()
1079 0()
1112 0()
-1 8(1111 1113 1114 1115 1116 1117 1118 1119)
1112 0()
1112 0()
1112 0()
1112 0()
1112 0()
1112 0()
1112 0()
1121 0()
-1 8(1120 1122 1123 1124 1125 1126 1127 1128)
1121 0()
1121 0()
1121 0()
1121 0()
1121 0()
1121 0()
1121 0()
1130 0()
-1 8(1129 1131 1132 1141 1142 1143 1144 1153)
1130 0()
1130 8(1133 1134 1135 1136 1137 1138 1139 1140)
1132 0()
1132 0()
1132 0()
1132 0()
1132 0()
1132 0()
1132 0()
1132 0()
1130 0()
1130 0()
1130 0()
1130 8(1145 1146 1147 1148 1149 1150 1151 1152)
1144 0()
1144 0()
1144 0()
1144 0()
1144 0()
1144 0()
1144 0()
1144 0()
1130 0()
1155 0()
-1 8(1154 1156 1157 1158 1159 1160 1161 1162)
1155 0()
1155 0()
1155 0()
1155 0()
1155 0()
1155 0()
1155 0()
1164 0()
-1 8(1163 1165 1166 1167 1168 1169 1170 1171)
1164 0()
1164 0()
1164 0()
1164 0()
1164 0()
1164 0()
1164 0()
1173 0()
-1 8(1172 1174 1175 1176 1177 1178 1179 1180)
1173 0()
1173 0()
1173 0()
1173 0()
1173 0()
1173 0()
1173 0()
1182 0()
1183 8(1181 1215 1216 1217 1218 1219 1220 1221)
-1 8(1182 1184 1185 1194 1195 1204 1205 1214)
1183 0()
1183 8(1186 1187 1188 1189 1190 1191 1192 1193)
1185 0()
1185 0()
1185 0()
1185 0()
1185 0()
1185 0()
1185 0()
1185 0()
1183 0()
1183 8(1196 1197 1198 1199 1200 1201 1202 1203)
1195 0()
1195 0()
1195 0()
1195 0()
1195 0()
1195 0()
1195 0()
1195 0()
1183 0()
1183 8(1206 1207 1208 1209 1210 1211 1212 1213)
1205 0()
1205 0()
1205 0()
1205 0()
1205 0()
1205 0()
1205 0()
1205 0()
1183 0()
1182 0()
1182 0()
1182 0()
1182 0()
1182 0()
1182 0()
1182 0()
1223 0()
-1 8(1222 1224 1225 1226 1227 1228 1229 1230)
1223 0()
1223 0()
1223 0()
1223 0()
1223 0()
1223 0()
1223 0()
1232 0()
-1 8(1231 1233 1242 1243 1252 1261 1270 1279)
1232 8(1234 1235 1236 1237 1238 1239 1240 1241)
1233 0()
1233 0()
1233 0()
1233 0()
1233 0()
1233 0()
1233 0()
1233 0()
1232 0()
1232 8(1244 1245 1246 1247 1248 1249 1250 1251)
1243 0()
1243 0()
1243 0()
1243 0()
1243 0()
1243 0()
1243 0()
1243 0()
1232 8(1253 1254 1255 1256 1257 1258 1259 1260)
1252 0()
1252 0()
1252 0()
1252 0()
1252 0()
1252 0()
1252 0()
1252 0()
1232 8(1262 1263 1264 1265 1266 1267 1268 1269)
1261 0()
1261 0()
1261 0()
1261 0()
1261 0()
1261 0()
1261 0()
1261 0()
1232 8(1271 1272 1273 1274 1275 1276 1277 1278)
1270 0()
1270 0()
1270 0()
1270 0()
1270 0()
1270 0()
1270 0()
1270 0()
1232 8(1280 1281 1282 1283 1284 1285 1286 1287)
1279 0()
1279 0()
1279 0()
1279 0()
1279 0()
1279 0()
1279 0()
1279 0()
1289 0()
-1 8(1288 1290 1291 1292 1293 1302 1303 1312)
1289 0()
1289 0()
1289 0()
1289 8(1294 1295 1296 1297 1298 1299 1300 1301)
1293 0()
1293 0()
1293 0()
1293 0()
1293 0()
1293 0()
1293 0()
1293 0()
1289 0()
1289 8(1304 1305 1306 1307 1308 1309 1310 1311)
1303 0()
1303 0()
1303 0()
1303 0()
1303 0()
1303 0()
1303 0()
1303 0()
1289 0()
1314 0()
1315 8(1313 1347 1348 1349 1350 1351 1352 1353)
-1 8(1314 1316 1317 1326 1327 1336 1337 1346)
1315 0()
1315 8(1318 1319 1320 1321 1322 1323 1324 1325)
1317 0()
1317 0()
1317 0()
1317 0()
1317 0()
1317 0()
1317 0()
1317 0()
1315 0()
1315 8(1328 1329 1330 1331 1332 1333 1334 1335)
1327 0()
1327 0()
1327 0()
1327 0()
1327 0()
1327 0()
1327 0()
1327 0()
1315 0()
1315 8(1338 1339 1340 1341 1342 1343 1344 1345)
1337 0()
1337 0()
1337 0()
1337 0()
1337 0()
1337 0()
1337 0()
1337 0()
1315 0()
1314 0()
1314 0()
1314 0()
1314 0()
1314 0()
1314 0()
1314 0()
1355 0()
-1 8(1354 1356 1357 1358 1359 1360 1361 1362)
1355 0()
1355 0()
1355 0()
1355 0()
1355 0()
1355 0()
1355 0()
1364 0()
-1 8(1363 1365 1374 1383 1392 1393 1394 1403)
1364 8(1366 1367 1368 1369 1370 1371 1372 1373)
1365 0()
1365 0()
1365 0()
1365 0()
1365 0()
1365 0()
1365 0()
1365 0()
1364 8(1375 1376 1377 1378 1379 1380 1381 1382)
1374 0()
1374 0()
1374 0()
1374 0()
1374 0()
1374 0()
1374 0()
1374 0()
1364 8(1384 1385 1386 1387 1388 1389 1390 1391)
1383 0()
1383 0()
1383 0()
1383 0()
1383 0()
1383 0()
1383 0()
1383 0()
1364 0()
1364 0()
1364 8(1395 1396 1397 1398 1399 1400 1401 1402)
1394 0()
1394 0()
1394 0()
1394 0()
1394 0()
1394 0()
1394 0()
1394 0()
1364 8(1404 1405 1406 1407 1408 1409 1410 1411)
1403 0()
1403 0()
1403 0()
1403 0()
1403 0()
1403 0()
1403 0()
1403 0()
1413 0()
-1 8(1412 1414 1415 1424 1433 1434 1435 1444)
1413 0()
1413 8(1416 1417 1418 1419 1420 1421 1422 1423)
1415 0()
1415 0()
1415 0()
1415 0()
1415 0()
1415 0()
1415 0()
1415 0()
1413 8(1425 1426 1427 1428 1429 1430 1431 1432)
1424 0()
1424 0()
1424 0()
1424 0()
1424 0()
1424 0()
1424 0()
1424 0()
1413 0()
1413 0()
1413 8(1436 1437 1438 1439 1440 1441 1442 1443)
1435 0()
1435 0()
1435 0()
1435 0()
1435 0()
1435 0()
1435 0()
1435 0()
1413 8(1445 1446 1447 1448 1449 1450 1451 1452)
1444 0()
1444 0()
1444 0()
1444 0()
1444 0()
1444 0()
1444 0()
1444 0()
1454 0()
-1 8(1453 1455 1456 1457 1458 1459 1460 1461)
1454 0()
1454 0()
1454 0()
1454 0()
1454 0()
1454 0()
1454 0()
1463 0()
-1 8(1462 1464 1465 1466 1467 1468 1469 1470)
1463 0()
1463 0()
1463 0()
1463 0()
1463 0()
1463 0()
1463 0()
1472 0()
1473 8(1471 1505 1506 1507 1508 1509 1510 1511)
-1 8(1472 1474 1475 1484 1485 1494 1495 1504)
1473 0()
1473 8(1476 1477 1478 1479 1480 1481 1482 1483)
1475 0()
1475 0()
1475 0()
1475 0()
1475 0()
1475 0()
1475 0()
1475 0()
1473 0()
1473 8(1486 1487 1488 1489 1490 1491 1492 1493)
1485 0()
1485 0()
1485 0()
1485 0()
1485 0()
1485 0()
1485 0()
1485 0()
1473 0()
1473 8(1496 1497 1498 1499 1500 1501 1502 1503)
1495 0()
1495 0()
1495 0()
1495 0()
1495 0()
1495 0()
1495 0()
1495 0()
1473 0()
1472 0()
1472 0()
1472 0()
1472 0()
1472 0()
1472 0()
1472 0()
1513 0()
-1 8(1512 1514 1515 1516 1517 1518 1527 1528)
1513 0()
1513 0()
1513 0()
1513 0()
1513 8(1519 1520 1521 1522 1523 1524 1525 1526)
1518 0()
1518 0()
1518 0()
1518 0()
1518 0()
1518 0()
1518 0()
1518 0()
1513 0()
1513 0()
1530 0()
-1 8(1529 1531 1540 1541 1542 1551 1560 1569)
1530 8(1532 1533 1534 1535 1536 1537 1538 1539)
1531 0()
1531 0()
1531 0()
1531 0()
1531 0()
1531 0()
1531 0()
1531 0()
1530 0()
1530 0()
1530 8(1543 1544 1545 1546 1547 1548 1549 1550)
1542 0()
1542 0()
1542 0()
1542 0()
1542 0()
1542 0()
1542 0()
1542 0()
1530 8(1552 1553 1554 1555 1556 1557 1558 1559)
1551 0()
1551 0()
1551 0()
1551 0()
1551 0()
1551 0()
1551 0()
1551 0()
1530 8(1561 1562 1563 1564 1565 1566 1567 1568)
1560 0()
1560 0()
1560 0()
1560 0()
1560 0()
1560 0()
1560 0()
1560 0()
1530 8(1570 1571 1572 1573 1574 1575 1576 1577)
1569 0()
1569 0()
1569 0()
1569 0()
1569 0()
1569 0()
1569 0()
1569 0()
1579 0()
1580 8(1578 1644 1645 1646 1647 1648 1649 1650)
-1 8(1579 1581 1590 1599 1608 1617 1626 1635)
1580 8(1582 1583 1584 1585 1586 1587 1588 1589)
1581 0()
1581 0()
1581 0()
1581 0()
1581 0()
1581 0()
1581 0()
1581 0()
1580 8(1591 1592 1593 1594 1595 1596 1597 1598)
1590 0()
1590 0()
1590 0()
1590 0()
1590 0()
1590 0()
1590 0()
1590 0()
1580 8(1600 1601 1602 1603 1604 1605 1606 1607)
1599 0()
1599 0()
1599 0()
1599 0()
1599 0()
1599 0()
1599 0()
1599 0()
1580 8(1609 1610 1611 1612 1613 1614 1615 1616)
1608 0()
1608 0()
1608 0()
1608 0()
1608 0()
1608 0()
1608 0()
1608 0()
1580 8(1618 1619 1620 1621 1622 1623 1624 1625)
1617 0()
1617 0()
1617 0()
1617 0()
1617 0()
1617 0()
1617 0()
1617 0()
1580 8(1627 1628 1629 1630 1631 1632 1633 1634)
1626 0()
1626 0()
1626 0()
1626 0()
1626 0()
1626 0()
1626 0()
1626 0()
1580 8(1636 1637 1638 1639 1640 1641 1642 1643)
1635 0()
1635 0()
1635 0()
1635 0()
1635 0()
1635 0()
1635 0()
1635 0()
1579 0()
1579 0()
1579 0()
1579 0()
1579 0()
1579 0()
1579 0()
1652 0()
-1 8(1651 1653 1654 1655 1656 1657 1658 1659)
1652 0()
1652 0()
1652 0()
1652 0()
1652 0()
1652 0()
1652 0()
1661 0()
1662 8(1660 1694 1695 1696 1697 1698 1699 1700)
-1 8(1661 1663 1664 1673 1674 1683 1684 1693)
1662 0()
1662 8(1665 1666 1667 1668 1669 1670 1671 1672)
1664 0()
1664 0()
1664 0()
1664 0()
1664 0()
1664 0()
1664 0()
1664 0()
1662 0()
1662 8(1675 1676 1677 1678 1679 1680 1681 1682)
1674 0()
1674 0()
1674 0()
1674 0()
1674 0()
1674 0()
1674 0()
1674 0()
1662 0()
1662 8(1685 1686 1687 1688 1689 1690 1691 1692)
1684 0()
1684 0()
1684 0()
1684 0()
1684 0()
1684 0()
1684 0()
1684 0()
1662 0()
1661 0()
1661 0()
1661 0()
1661 0()
1661 0()
1661 0()
1661 0()
1702 0()
-1 8(1701 1703 1704 1705 1706 1707 1708 1709)
1702 0()
1702 0()
1702 0()
1702 0()
1702 0()
1702 0()
1702 0()
1711 0()
-1 8(1710 1712 1713 1714 1715 1716 1717 1718)
1711 0()
1711 0()
1711 0()
1711 0()
1711 0()
1711 0()
1711 0()
1720 0()
-1 8(1719 1721 1722 1723 1724 1725 1726 1727)
1720 0()
1720 0()
1720 0()
1720 0()
1720 0()
1720 0()
1720 0()
1729 0()
-1 8(1728 1730 1731 1732 1733 1734 1735 1736)
1729 0()
1729 0()
1729 0()
1729 0()
1729 0()
1729 0()
1729 0()
1738 0()
-1 8(1737 1739 1740 1741 1742 1743 1744 1745)
1738 0()
1738 0()
1738 0()
1738 0()
1738 0()
1738 0()
1738 0()
1747 0()
1748 8(1746 1764 1765 1766 1767 1768 1769 1770)
-1 8(1747 1749 1750 1751 1752 1761 1762 1763)
1748 0()
1748 0()
1748 0()
1748 8(1753 1754 1755 1756 1757 1758 1759 1760)
1752 0()
1752 0()
1752 0()
1752 0()
1752 0()
1752 0()
1752 0()
1752 0()
1748 0()
1748 0()
1748 0()
1747 0()
1747 0()
1747 0()
1747 0()
1747 0()
1747 0()
1747 0()
1772 0()
-1 8(1771 1773 1774 1775 1784 1785 1786 1787)
1772 0()
1772 0()
1772 8(1776 1777 1778 1779 1780 1781 1782 1783)
1775 0()
1775 0()
1775 0()
1775 0()
1775 0()
1775 0()
1775 0()
1775 0()
1772 0()
1772 0()
1772 0()
1772 8(1788 1789 1790 1791 1792 1793 1794 1795)
1787 0()
1787 0()
1787 0()
1787 0()
1787 0()
1787 0()
1787 0()
1787 0()
1797 0()
-1 8(1796 1798 1799 1800 1801 1802 1803 1804)
1797 0()
1797 0()
1797 0()
1797 0()
1797 0()
1797 0()
1797 0()
1806 0()
-1 8(1805 1807 1808 1809 1810 1811 1812 1813)
1806 0()
1806 0()
1806 0()
1806 0()
1806 0()
1806 0()
1806 0()
1815 0()
-1 8(1814 1816 1817 1818 1819 1820 1821 1822)
1815 0()
1815 0()
1815 0()
1815 0()
1815 0()
1815 0()
1815 0()
1824 0()
-1 8(1823 1825 1826 1827 1828 1829 1830 1831)
1824 0()
1824 0()
1824 0()
1824 0()
1824 0()
1824 0()
1824 0()
1833 0()
1834 8(1832 1882 1883 1884 1885 1886 1887 1888)
-1 8(1833 1835 1844 1845 1854 1863 1872 1873)
1834 8(1836 1837 1838 1839 1840 1841 1842 1843)
1835 0()
1835 0()
1835 0()
1835 0()
1835 0()
1835 0()
1835 0()
1835 0()
1834 0()
1834 8(1846 1847 1848 1849 1850 1851 1852 1853)
1845 0()
1845 0()
1845 0()
1845 0()
1845 0()
1845 0()
1845 0()
1845 0()
1834 8(1855 1856 1857 1858 1859 1860 1861 1862)
1854 0()
1854 0()
1854 0()
1854 0()
1854 0()
1854 0()
1854 0()
1854 0()
1834 8(1864 1865 1866 1867 1868 1869 1870 1871)
1863 0()
1863 0()
1863 0()
1863 0()
1863 0()
1863 0()
1863 0()
1863 0()
1834 0()
1834 8(1874 1875 1876 1877 1878 1879 1880 1881)
1873 0()
1873 0()
1873 0()
1873 0()
1873 0()
1873 0()
1873 0()
1873 0()
1833 0()
1833 0()
1833 0()
1833 0()
1833 0()
1833 0()
1833 0()
1890 0()
-1 8(1889 1891 1892 1893 1894 1895 1896 1897)
1890 0()
1890 0()
1890 0()
1890 0()
1890 0()
1890 0()
1890 0()
1899 0()
-1 8(1898 1900 1901 1902 1903 1904 1905 1906)
1899 0()
1899 0()
1899 0()
1899 0()
1899 0()
1899 0()
1899 0()
1908 0()
-1 8(1907 1909 1910 1911 1912 1913 1914 1915)
1908 0()
1908 0()
1908 0()
1908 0()
1908 0()
1908 0()
1908 0()
1917 0()
-1 8(1916 1918 1919 1920 1921 1922 1923 1924)
1917 0()
1917 0()
1917 0()
1917 0()
1917 0()
1917 0()
1917 0()
1926 0()
-1 8(1925 1927 1928 1929 1930 1931 1932 1933)
1926 0()
1926 0()
1926 0()
1926 0()
1926 0()
1926 0()
1926 0()
1935 0()
-1 8(1934 1936 1937 1938 1939 1940 1941 1942)
1935 0()
1935 0()
1935 0()
1935 0()
1935 0()
1935 0()
1935 0()
1944 0()
-1 8(1943 1945 1946 1947 1956 1957 1958 1959)
1944 0()
1944 0()
1944 8(1948 1949 1950 1951 1952 1953 1954 1955)
1947 0()
1947 0()
1947 0()
1947 0()
1947 0()
1947 0()
1947 0()
1947 0()
1944 0()
1944 0()
1944 0()
1944 8(1960 1961 1962 1963 1964 1965 1966 1967)
1959 0()
1959 0()
1959 0()
1959 0()
1959 0()
1959 0()
1959 0()
1959 0()
1969 0()
-1 8(1968 1970 1971 1980 1981 1982 1983 1992)
1969 0()
1969 8(1972 1973 1974 1975 1976 1977 1978 1979)
1971 0()
1971 0()
1971 0()
1971 0()
1971 0()
1971 0()
1971 0()
1971 0()
1969 0()
1969 0()
1969 0()
1969 8(1984 1985 1986 1987 1988 1989 1990 1991)
1983 0()
1983 0()
1983 0()
1983 0()
1983 0()
1983 0()
1983 0()
1983 0()
1969 0()
1994 0()
-1 8(1993 1995 1996 1997 1998 1999 2000 2001)
1994 0()
1994 0()
1994 0()
1994 0()
1994 0()
1994 0()
1994 0()
2003 0()
-1 8(2002 2004 2005 2006 2007 2008 2009 2010)
2003 0()
2003 0()
2003 0()
2003 0()
2003 0()
2003 0()
2003 0()
2012 0()
-1 8(2011 2013 2022 2023 2024 2025 2034 2035)
2012 8(2014 2015 2016 2017 2018 2019 2020 2021)
2013 0()
2013 0()
2013 0()
2013 0()
2013 0()
2013 0()
2013 0()
2013 0()
2012 0()
2012 0()
2012 0()
2012 8(2026 2027 2028 2029 2030 2031 2032 2033)
2025 0()
2025 0()
2025 0()
2025 0()
2025 0()
2025 0()
2025 0()
2025 0()
2012 0()
2012 0()
2037 0()
2038 8(2036 2062 2063 2064 2065 2066 2067 2068)
-1 8(2037 2039 2048 2049 2050 2059 2060 2061)
2038 8(2040 2041 2042 2043 2044 2045 2046 2047)
2039 0()
2039 0()
2039 0()
2039 0()
2039 0()
2039 0()
2039 0()
2039 0()
2038 0()
2038 0()
2038 8(2051 2052 2053 2054 2055 2056 2057 2058)
2050 0()
2050 0()
2050 0()
2050 0()
2050 0()
2050 0()
2050 0()
2050 0()
2038 0()
2038 0()
2038 0()
2037 0()
2037 0()
2037 0()
2037 0()
2037 0()
2037 0()
2037 0()
2070 0()
-1 8(2069 2071 2072 2073 2074 2075 2076 2077)
2070 0()
2070 0()
2070 0()
2070 0()
2070 0()
2070 0()
2070 0()
2079 0()
-1 8(2078 2080 2081 2082 2083 2084 2085 2086)
2079 0()
2079 0()
2079 0()
2079 0()
2079 0()
2079 0()
2079 0()
2088 0()
-1 8(2087 2089 2090 2099 2100 2101 2102 2111)
2088 0()
2088 8(2091 2092 2093 2094 2095 2096 2097 2098)
2090 0()
2090 0()
2090 0()
2090 0()
2090 0()
2090 0()
2090 0()
2090 0()
2088 0()
2088 0()
2088 0()
2088 8(2103 2104 2105 2106 2107 2108 2109 2110)
2102 0()
2102 0()
2102 0()
2102 0()
2102 0()
2102 0()
2102 0()
2102 0()
2088 0()
2113 0()
-1 8(2112 2114 2115 2116 2117 2118 2119 2120)
2113 0()
2113 0()
2113 0()
2113 0()
2113 0()
2113 0()
2113 0()
2122 0()
-1 8(2121 2123 2124 2125 2126 2127 2128 2129)
2122 0()
2122 0()
2122 0()
2122 0()
2122 0()
2122 0()
2122 0()
2131 0()
2132 8(2130 2164 2165 2166 2167 2168 2169 2170)
-1 8(2131 2133 2134 2143 2144 2153 2154 2163)
2132 0()
2132 8(2135 2136 2137 2138 2139 2140 2141 2142)
2134 0()
2134 0()
2134 0()
2134 0()
2134 0()
2134 0()
2134 0()
2134 0()
2132 0()
2132 8(2145 2146 2147 2148 2149 2150 2151 2152)
2144 0()
2144 0()
2144 0()
2144 0()
2144 0()
2144 0()
2144 0()
2144 0()
2132 0()
2132 8(2155 2156 2157 2158 2159 2160 2161 2162)
2154 0()
2154 0()
2154 0()
2154 0()
2154 0()
2154 0()
2154 0()
2154 0()
2132 0()
2131 0()
2131 0()
2131 0()
2131 0()
2131 0()
2131 0()
2131 0()
2172 0()
-1 8(2171 2173 2174 2175 2176 2177 2178 2179)
2172 0()
2172 0()
2172 0()
2172 0()
2172 0()
2172 0()
2172 0()
2181 0()
2182 8(2180 2246 2247 2248 2249 2250 2251 2252)
-1 8(2181 2183 2192 2201 2210 2219 2228 2237)
2182 8(2184 2185 2186 2187 2188 2189 2190 2191)
2183 0()
2183 0()
2183 0()
2183 0()
2183 0()
2183 0()
2183 0()
2183 0()
2182 8(2193 2194 2195 2196 2197 2198 2199 2200)
2192 0()
2192 0()
2192 0()
2192 0()
2192 0()
2192 0()
2192 0()
2192 0()
2182 8(2202 2203 2204 2205 2206 2207 2208 2209)
2201 0()
2201 0()
2201 0()
2201 0()
2201 0()
2201 0()
2201 0()
2201 0()
2182 8(2211 2212 2213 2214 2215 2216 2217 2218)
2210 0()
2210 0()
2210 0()
2210 0()
2210 0()
2210 0()
2210 0()
2210 0()
2182 8(2220 2221 2222 2223 2224 2225 2226 2227)
2219 0()
2219 0()
2219 0()
2219 0()
2219 0()
2219 0()
2219 0()
2219 0()
2182 8(2229 2230 2231 2232 2233 2234 2235 2236)
2228 0()
2228 0()
2228 0()
2228 0()
2228 0()
2228 0()
2228 0()
2228 0()
2182 8(2238 2239 2240 2241 2242 2243 2244 2245)
2237 0()
2237 0()
2237 0()
2237 0()
2237 0()
2237 0()
2237 0()
2237 0()
2181 0()
2181 0()
2181 0()
2181 0()
2181 0()
2181 0()
2181 0()
2254 0()
2255 8(2253 2287 2288 2289 2290 2291 2292 2293)
-1 8(2254 2256 2257 2266 2267 2276 2277 2286)
2255 0()
2255 8(2258 2259 2260 2261 2262 2263 2264 2265)
2257 0()
2257 0()
2257 0()
2257 0()
2257 0()
2257 0()
2257 0()
2257 0()
2255 0()
2255 8(2268 2269 2270 2271 2272 2273 2274 2275)
2267 0()
2267 0()
2267 0()
2267 0()
2267 0()
2267 0()
2267 0()
2267 0()
2255 0()
2255 8(2278 2279 2280 2281 2282 2283 2284 2285)
2277 0()
2277 0()
2277 0()
2277 0()
2277 0()
2277 0()
2277 0()
2277 0()
2255 0()
2254 0()
2254 0()
2254 0()
2254 0()
2254 0()
2254 0()
2254 0()
2295 0()
2296 8(2294 2328 2329 2330 2331 2332 2333 2334)
-1 8(2295 2297 2298 2307 2308 2317 2318 2327)
2296 0()
2296 8(2299 2300 2301 2302 2303 2304 2305 2306)
2298 0()
2298 0()
2298 0()
2298 0()
2298 0()
2298 0()
2298 0()
2298 0()
2296 0()
2296 8(2309 2310 2311 2312 2313 2314 2315 2316)
2308 0()
2308 0()
2308 0()
2308 0()
2308 0()
2308 0()
2308 0()
2308 0()
2296 0()
2296 8(2319 2320 2321 2322 2323 2324 2325 2326)
2318 0()
2318 0()
2318 0()
2318 0()
2318 0()
2318 0()
2318 0()
2318 0()
2296 0()
2295 0()
2295 0()
2295 0()
2295 0()
2295 0()
2295 0()
2295 0()
2336 0()
-1 8(2335 2337 2338 2339 2340 2341 2342 2343)
2336 0()
2336 0()
2336 0()
2336 0()
2336 0()
2336 0()
2336 0()
2345 0()
-1 8(2344 2346 2347 2356 2365 2366 2367 2376)
2345 0()
2345 8(2348 2349 2350 2351 2352 2353 2354 2355)
2347 0()
2347 0()
2347 0()
2347 0()
2347 0()
2347 0()
2347 0()
2347 0()
2345 8(2357 2358 2359 2360 2361 2362 2363 2364)
2356 0()
2356 0()
2356 0()
2356 0()
2356 0()
2356 0()
2356 0()
2356 0()
2345 0()
2345 0()
2345 8(2368 2369 2370 2371 2372 2373 2374 2375)
2367 0()
2367 0()
2367 0()
2367 0()
2367 0()
2367 0()
2367 0()
2367 0()
2345 8(2377 2378 2379 2380 2381 2382 2383 2384)
2376 0()
2376 0()
2376 0()
2376 0()
2376 0()
2376 0()
2376 0()
2376 0()
2386 0()
-1 8(2385 2387 2388 2397 2398 2399 2400 2409)
2386 0()
2386 8(2389 2390 2391 2392 2393 2394 2395 2396)
2388 0()
2388 0()
2388 0()
2388 0()
2388 0()
2388 0()
2388 0()
2388 0()
2386 0()
2386 0()
2386 0()
2386 8(2401 2402 2403 2404 2405 2406 2407 2408)
2400 0()
2400 0()
2400 0()
2400 0()
2400 0()
2400 0()
2400 0()
2400 0()
2386 8(2410 2411 2412 2413 2414 2415 2416 2417)
2409 0()
2409 0()
2409 0()
2409 0()
2409 0()
2409 0()
2409 0()
2409 0()
2419 0()
-1 8(2418 2420 2421 2422 2423 2424 2425 2426)
2419 0()
2419 0()
2419 0()
2419 0()
2419 0()
2419 0()
2419 0()
2428 0()
2429 8(2427 2461 2462 2463 2464 2465 2466 2467)
-1 8(2428 2430 2431 2440 2441 2450 2451 2460)
2429 0()
2429 8(2432 2433 2434 2435 2436 2437 2438 2439)
2431 0()
2431 0()
2431 0()
2431 0()
2431 0()
2431 0()
2431 0()
2431 0()
2429 0()
2429 8(2442 2443 2444 2445 2446 2447 2448 2449)
2441 0()
2441 0()
2441 0()
2441 0()
2441 0()
2441 0()
2441 0()
2441 0()
2429 0()
2429 8(2452 2453 2454 2455 2456 2457 2458 2459)
2451 0()
2451 0()
2451 0()
2451 0()
2451 0()
2451 0()
2451 0()
2451 0()
2429 0()
2428 0()
2428 0()
2428 0()
2428 0()
2428 0()
2428 0()
2428 0()
2469 0()
-1 8(2468 2470 2479 2480 2489 2490 2499 2500)
2469 8(2471 2472 2473 2474 2475 2476 2477 2478)
2470 0()
2470 0()
2470 0()
2470 0()
2470 0()
2470 0()
2470 0()
2470 0()
2469 0()
2469 8(2481 2482 2483 2484 2485 2486 2487 2488)
2480 0()
2480 0()
2480 0()
2480 0()
2480 0()
2480 0()
2480 0()
2480 0()
2469 0()
2469 8(2491 2492 2493 2494 2495 2496 2497 2498)
2490 0()
2490 0()
2490 0()
2490 0()
2490 0()
2490 0()
2490 0()
2490 0()
2469 0()
2469 0()
2502 0()
2503 8(2501 2559 2560 2561 2562 2563 2564 2565)
-1 8(2502 2504 2513 2522 2531 2540 2549 2550)
2503 8(2505 2506 2507 2508 2509 2510 2511 2512)
2504 0()
2504 0()
2504 0()
2504 0()
2504 0()
2504 0()
2504 0()
2504 0()
2503 8(2514 2515 2516 2517 2518 2519 2520 2521)
2513 0()
2513 0()
2513 0()
2513 0()
2513 0()
2513 0()
2513 0()
2513 0()
2503 8(2523 2524 2525 2526 2527 2528 2529 2530)
2522 0()
2522 0()
2522 0()
2522 0()
2522 0()
2522 0()
2522 0()
2522 0()
2503 8(2532 2533 2534 2535 2536 2537 2538 2539)
2531 0()
2531 0()
2531 0()
2531 0()
2531 0()
2531 0()
2531 0()
2531 0()
2503 8(2541 2542 2543 2544 2545 2546 2547 2548)
2540 0()
2540 0()
2540 0()
2540 0()
2540 0()
2540 0()
2540 0()
2540 0()
2503 0()
2503 8(2551 2552 2553 2554 2555 2556 2557 2558)
2550 0()
2550 0()
2550 0()
2550 0()
2550 0()
2550 0()
2550 0()
2550 0()
2502 0()
2502 0()
2502 0()
2502 0()
2502 0()
2502 0()
2502 0()
2567 0()
2568 8(2566 2624 2625 2626 2627 2628 2629 2630)
-1 8(2567 2569 2578 2587 2588 2597 2606 2615)
2568 8(2570 2571 2572 2573 2574 2575 2576 2577)
2569 0()
2569 0()
2569 0()
2569 0()
2569 0()
2569 0()
2569 0()
2569 0()
2568 8(2579 2580 2581 2582 2583 2584 2585 2586)
2578 0()
2578 0()
2578 0()
2578 0()
2578 0()
2578 0()
2578 0()
2578 0()
2568 0()
2568 8(2589 2590 2591 2592 2593 2594 2595 2596)
2588 0()
2588 0()
2588 0()
2588 0()
2588 0()
2588 0()
2588 0()
2588 0()
2568 8(2598 2599 2600 2601 2602 2603 2604 2605)
2597 0()
2597 0()
2597 0()
2597 0()
2597 0()
2597 0()
2597 0()
2597 0()
2568 8(2607 2608 2609 2610 2611 2612 2613 2614)
2606 0()
2606 0()
2606 0()
2606 0()
2606 0()
2606 0()
2606 0()
2606 0()
2568 8(2616 2617 2618 2619 2620 2621 2622 2623)
2615 0()
2615 0()
2615 0()
2615 0()
2615 0()
2615 0()
2615 0()
2615 0()
2567 0()
2567 0()
2567 0()
2567 0()
2567 0()
2567 0()
2567 0()
2632 0()
-1 8(2631 2633 2634 2635 2636 2637 2646 2647)
2632 0()
2632 0()
2632 0()
2632 0()
2632 8(2638 2639 2640 2641 2642 2643 2644 2645)
2637 0()
2637 0()
2637 0()
2637 0()
2637 0()
2637 0()
2637 0()
2637 0()
2632 0()
2632 0()
2649 0()
-1 8(2648 2650 2651 2652 2653 2654 2655 2656)
2649 0()
2649 0()
2649 0()
2649 0()
2649 0()
2649 0()
2649 0()
2658 0()
2659 8(2657 2691 2692 2693 2694 2695 2696 2697)
-1 8(2658 2660 2661 2670 2671 2680 2681 2690)
2659 0()
2659 8(2662 2663 2664 2665 2666 2667 2668 2669)
2661 0()
2661 0()
2661 0()
2661 0()
2661 0()
2661 0()
2661 0()
2661 0()
2659 0()
2659 8(2672 2673 2674 2675 2676 2677 2678 2679)
2671 0()
2671 0()
2671 0()
2671 0()
2671 0()
2671 0()
2671 0()
2671 0()
2659 0()
2659 8(2682 2683 2684 2685 2686 2687 2688 2689)
2681 0()
2681 0()
2681 0()
2681 0()
2681 0()
2681 0()
2681 0()
2681 0()
2659 0()
2658 0()
2658 0()
2658 0()
2658 0()
2658 0()
2658 0()
2658 0()
2699 0()
-1 8(2698 2700 2701 2702 2703 2704 2705 2706)
2699 0()
2699 0()
2699 0()
2699 0()
2699 0()
2699 0()
2699 0()
2708 0()
-1 8(2707 2709 2710 2711 2712 2713 2714 2715)
2708 0()
2708 0()
2708 0()
2708 0()
2708 0()
2708 0()
2708 0()
2717 0()
-1 8(2716 2718 2719 2720 2721 2722 2723 2724)
2717 0()
2717 0()
2717 0()
2717 0()
2717 0()
2717 0()
2717 0()
2726 0()
-1 8(2725 2727 2728 2729 2730 2731 2732 2733)
2726 0()
2726 0()
2726 0()
2726 0()
2726 0()
2726 0()
2726 0()
2735 0()
2736 8(2734 2752 2753 2754 2755 2756 2757 2758)
-1 8(2735 2737 2738 2739 2740 2749 2750 2751)
2736 0()
2736 0()
2736 0()
2736 8(2741 2742 2743 2744 2745 2746 2747 2748)
2740 0()
2740 0()
2740 0()
2740 0()
2740 0()
2740 0()
2740 0()
2740 0()
2736 0()
2736 0()
2736 0()
2735 0()
2735 0()
2735 0()
2735 0()
2735 0()
2735 0()
2735 0()
2760 0()
-1 8(2759 2761 2762 2763 2764 2765 2766 2767)
2760 0()
2760 0()
2760 0()
2760 0()
2760 0()
2760 0()
2760 0()
2769 0()
-1 8(2768 2770 2771 2772 2773 2774 2775 2776)
2769 0()
2769 0()
2769 0()
2769 0()
2769 0()
2769 0()
2769 0()
2778 0()
-1 8(2777 2779 2780 2781 2782 2783 2784 2785)
2778 0()
2778 0()
2778 0()
2778 0()
2778 0()
2778 0()
2778 0()
2787 0()
-1 8(2786 2788 2789 2790 2791 2792 2793 2794)
2787 0()
2787 0()
2787 0()
2787 0()
2787 0()
2787 0()
2787 0()
2796 0()
-1 8(2795 2797 2806 2807 2816 2817 2818 2819)
2796 8(2798 2799 2800 2801 2802 2803 2804 2805)
2797 0()
2797 0()
2797 0()
2797 0()
2797 0()
2797 0()
2797 0()
2797 0()
2796 0()
2796 8(2808 2809 2810 2811 2812 2813 2814 2815)
2807 0()
2807 0()
2807 0()
2807 0()
2807 0()
2807 0()
2807 0()
2807 0()
2796 0()
2796 0()
2796 0()
2796 8(2820 2821 2822 2823 2824 2825 2826 2827)
2819 0()
2819 0()
2819 0()
2819 0()
2819 0()
2819 0()
2819 0()
2819 0()
2829 0()
-1 8(2828 2830 2831 2832 2833 2834 2835 2836)
2829 0()
2829 0()
2829 0()
2829 0()
2829 0()
2829 0()
2829 0()
2838 0()
-1 8(2837 2839 2840 2841 2842 2843 2844 2845)
2838 0()
2838 0()
2838 0()
2838 0()
2838 0()
2838 0()
2838 0()
2847 0()
-1 8(2846 2848 2849 2850 2851 2852 2853 2854)
2847 0()
2847 0()
2847 0()
2847 0()
2847 0()
2847 0()
2847 0()
2856 0()
-1 8(2855 2857 2858 2859 2860 2861 2862 2863)
2856 0()
2856 0()
2856 0()
2856 0()
2856 0()
2856 0()
2856 0()
2865 0()
-1 8(2864 2866 2867 2868 2869 2870 2871 2872)
2865 0()
2865 0()
2865 0()
2865 0()
2865 0()
2865 0()
2865 0()
2874 0()
-1 8(2873 2875 2876 2877 2878 2879 2880 2881)
2874 0()
2874 0()
2874 0()
2874 0()
2874 0()
2874 0()
2874 0()
2883 0()
-1 8(2882 2884 2885 2886 2887 2888 2889 2890)
2883 0()
2883 0()
2883 0()
2883 0()
2883 0()
2883 0()
2883 0()
2892 0()
-1 8(2891 2893 2894 2895 2896 2897 2898 2899)
2892 0()
2892 0()
2892 0()
2892 0()
2892 0()
2892 0()
2892 0()
2901 0()
-1 8(2900 2902 2903 2904 2905 2906 2907 2908)
2901 0()
2901 0()
2901 0()
2901 0()
2901 0()
2901 0()
2901 0()
2910 0()
-1 8(2909 2911 2912 2913 2914 2915 2916 2917)
2910 0()
2910 0()
2910 0()
2910 0()
2910 0()
2910 0()
2910 0()
2919 0()
-1 8(2918 2920 2921 2922 2923 2924 2925 2926)
2919 0()
2919 0()
2919 0()
2919 0()
2919 0()
2919 0()
2919 0()
2928 0()
-1 8(2927 2929 2930 2931 2932 2933 2934 2935)
2928 0()
2928 0()
2928 0()
2928 0()
2928 0()
2928 0()
2928 0()
2937 0()
-1 8(2936 2938 2939 2940 2941 2942 2943 2944)
2937 0()
2937 0()
2937 0()
2937 0()
2937 0()
2937 0()
2937 0()
2946 0()
-1 8(2945 2947 2948 2949 2950 2951 2952 2953)
2946 0()
2946 0()
2946 0()
2946 0()
2946 0()
2946 0()
2946 0()
2955 0()
-1 8(2954 2956 2957 2958 2959 2960 2961 2962)
2955 0()
2955 0()
2955 0()
2955 0()
2955 0()
2955 0()
2955 0()
2964 0()
-1 8(2963 2965 2966 2967 2968 2969 2970 2971)
2964 0()
2964 0()
2964 0()
2964 0()
2964 0()
2964 0()
2964 0()
2973 0()
-1 8(2972 2974 2975 2976 2977 2978 2979 2980)
2973 0()
2973 0()
2973 0()
2973 0()
2973 0()
2973 0()
2973 0()
2982 0()
-1 8(2981 2983 2984 2985 2986 2987 2988 2989)
2982 0()
2982 0()
2982 0()
2982 0()
2982 0()
2982 0()
2982 0()
2991 0()
-1 8(2990 2992 2993 2994 2995 2996 2997 2998)
2991 0()
2991 0()
2991 0()
2991 0()
2991 0()
2991 0()
2991 0()
3000 0()
-1 8(2999 3001 3002 3003 3004 3005 3006 3007)
3000 0()
3000 0()
3000 0()
3000 0()
3000 0()
3000 0()
3000 0()
3009 0()
-1 8(3008 3010 3011 3012 3013 3014 3015 3016)
3009 0()
3009 0()
3009 0()
3009 0()
3009 0()
3009 0()
3009 0()
3018 0()
-1 8(3017 3019 3020 3021 3022 3023 3024 3025)
3018 0()
3018 0()
3018 0()
3018 0()
3018 0()
3018 0()
3018 0()
3027 0()
-1 8(3026 3028 3029 3030 3031 3032 3033 3034)
3027 0()
3027 0()
3027 0()
3027 0()
3027 0()
3027 0()
3027 0()
3036 0()
-1 8(3035 3037 3038 3039 3040 3041 3042 3043)
3036 0()
3036 0()
3036 0()
3036 0()
3036 0()
3036 0()
3036 0()
3045 0()
-1 8(3044 3046 3047 3048 3049 3050 3051 3052)
3045 0()
3045 0()
3045 0()
3045 0()
3045 0()
3045 0()
3045 0()
3054 0()
-1 8(3053 3055 3056 3057 3058 3059 3060 3061)
3054 0()
3054 0()
3054 0()
3054 0()
3054 0()
3054 0()
3054 0()
3063 0()
-1 8(3062 3064 3065 3066 3067 3068 3069 3070)
3063 0()
3063 0()
3063 0()
3063 0()
3063 0()
3063 0()
3063 0()
3072 0()
-1 8(3071 3073 3074 3075 3076 3077 3078 3079)
3072 0()
3072 0()
3072 0()
3072 0()
3072 0()
3072 0()
3072 0()
3081 0()
-1 8(3080 3082 3083 3084 3085 3086 3087 3088)
3081 0()
3081 0()
3081 0()
3081 0()
3081 0()
3081 0()
3081 0()
3090 0()
-1 8(3089 3091 3092 3093 3094 3095 3096 3097)
3090 0()
3090 0()
3090 0()
3090 0()
3090 0()
3090 0()
3090 0()
3099 0()
-1 8(3098 3100 3101 3102 3103 3104 3105 3106)
3099 0()
3099 0()
3099 0()
3099 0()
3099 0()
3099 0()
3099 0()
3108 0()
-1 8(3107 3109 3110 3111 3112 3113 3114 3115)
3108 0()
3108 0()
3108 0()
3108 0()
3108 0()
3108 0()
3108 0()
3117 0()
-1 8(3116 3118 3119 3120 3121 3122 3123 3124)
3117 0()
3117 0()
3117 0()
3117 0()
3117 0()
3117 0()
3117 0()
3126 0()
-1 8(3125 3127 3128 3129 3130 3131 3132 3133)
3126 0()
3126 0()
3126 0()
3126 0()
3126 0()
3126 0()
3126 0()
3135 0()
-1 8(3134 3136 3137 3138 3139 3140 3141 3142)
3135 0()
3135 0()
3135 0()
3135 0()
3135 0()
3135 0()
3135 0()
3144 0()
-1 8(3143 3145 3146 3147 3148 3149 3150 3151)
3144 0()
3144 0()
3144 0()
3144 0()
3144 0()
3144 0()
3144 0()
3153 0()
-1 8(3152 3154 3155 3156 3157 3158 3159 3160)
3153 0()
3153 0()
3153 0()
3153 0()
3153 0()
3153 0()
3153 0()
3162 0()
-1 8(3161 3163 3164 3165 3166 3167 3168 3169)
3162 0()
3162 0()
3162 0()
3162 0()
3162 0()
3162 0()
3162 0()
3171 0()
-1 8(3170 3172 3173 3174 3175 3176 3177 3178)
3171 0()
3171 0()
3171 0()
3171 0()
3171 0()
3171 0()
3171 0()
3180 0()
-1 8(3179 3181 3182 3183 3184 3185 3186 3187)
3180 0()
3180 0()
3180 0()
3180 0()
3180 0()
3180 0()
3180 0()
3189 0()
-1 8(3188 3190 3191 3192 3193 3194 3195 3196)
3189 0()
3189 0()
3189 0()
3189 0()
3189 0()
3189 0()
3189 0()
3198 0()
-1 8(3197 3199 3200 3201 3202 3203 3204 3205)
3198 0()
3198 0()
3198 0()
3198 0()
3198 0()
3198 0()
3198 0()
3207 0()
-1 8(3206 3208 3209 3210 3211 3212 3213 3214)
3207 0()
3207 0()
3207 0()
3207 0()
3207 0()
3207 0()
3207 0()
3216 0()
-1 8(3215 3217 3218 3219 3220 3221 3222 3223)
3216 0()
3216 0()
3216 0()
3216 0()
3216 0()
3216 0()
3216 0()
3225 0()
-1 8(3224 3226 3227 3228 3229 3230 3231 3232)
3225 0()
3225 0()
3225 0()
3225 0()
3225 0()
3225 0()
3225 0()
3234 0()
-1 8(3233 3235 3236 3237 3238 3239 3240 3241)
3234 0()
3234 0()
3234 0()
3234 0()
3234 0()
3234 0()
3234 0()
3243 0()
-1 8(3242 3244 3245 3246 3247 3248 3249 3250)
3243 0()
3243 0()
3243 0()
3243 0()
3243 0()
3243 0()
3243 0()
3252 0()
-1 8(3251 3253 3254 3255 3256 3257 3258 3259)
3252 0()
3252 0()
3252 0()
3252 0()
3252 0()
3252 0()
3252 0()
3261 0()
-1 8(3260 3262 3263 3264 3265 3266 3267 3268)
3261 0()
3261 0()
3261 0()
3261 0()
3261 0()
3261 0()
3261 0()
3270 0()
-1 8(3269 3271 3272 3273 3274 3275 3276 3277)
3270 0()
3270 0()
3270 0()
3270 0()
3270 0()
3270 0()
3270 0()
3279 0()
-1 8(3278 3280 3281 3282 3283 3284 3285 3286)
3279 0()
3279 0()
3279 0()
3279 0()
3279 0()
3279 0()
3279 0()
3288 0()
-1 8(3287 3289 3290 3291 3292 3293 3294 3295)
3288 0()
3288 0()
3288 0()
3288 0()
3288 0()
3288 0()
3288 0()
3297 0()
-1 8(3296 3298 3299 3300 3301 3302 3303 3304)
3297 0()
3297 0()
3297 0()
3297 0()
3297 0()
3297 0()
3297 0()
3306 0()
-1 8(3305 3307 3308 3309 3310 3311 3312 3313)
3306 0()
3306 0()
3306 0()
3306 0()
3306 0()
3306 0()
3306 0()
3315 0()
-1 8(3314 3316 3317 3318 3319 3320 3321 3322)
3315 0()
3315 0()
3315 0()
3315 0()
3315 0()
3315 0()
3315 0()
3324 0()
-1 8(3323 3325 3326 3327 3328 3329 3330 3331)
3324 0()
3324 0()
3324 0()
3324 0()
3324 0()
3324 0()
3324 0()
3333 0()
-1 8(3332 3334 3335 3336 3337 3338 3339 3340)
3333 0()
3333 0()
3333 0()
3333 0()
3333 0()
3333 0()
3333 0()
3342 0()
-1 8(3341 3343 3344 3345 3346 3347 3348 3349)
3342 0()
3342 0()
3342 0()
3342 0()
3342 0()
3342 0()
3342 0()
3351 0()
-1 8(3350 3352 3353 3354 3355 3356 3357 3358)
3351 0()
3351 0()
3351 0()
3351 0()
3351 0()
3351 0()
3351 0()
3360 0()
-1 8(3359 3361 3362 3363 3364 3365 3366 3367)
3360 0()
3360 0()
3360 0()
3360 0()
3360 0()
3360 0()
3360 0()
3369 0()
-1 8(3368 3370 3371 3372 3373 3374 3375 3376)
3369 0()
3369 0()
3369 0()
3369 0()
3369 0()
3369 0()
3369 0()
3378 0()
-1 8(3377 3379 3380 3381 3382 3383 3384 3385)
3378 0()
3378 0()
3378 0()
3378 0()
3378 0()
3378 0()
3378 0()
3387 0()
-1 8(3386 3388 3389 3390 3391 3392 3393 3394)
3387 0()
3387 0()
3387 0()
3387 0()
3387 0()
3387 0()
3387 0()
3396 0()
-1 8(3395 3397 3398 3399 3400 3401 3402 3403)
3396 0()
3396 0()
3396 0()
3396 0()
3396 0()
3396 0()
3396 0()
3405 0()
-1 8(3404 3406 3407 3408 3409 3410 3411 3412)
3405 0()
3405 0()
3405 0()
3405 0()
3405 0()
3405 0()
3405 0()
3414 0()
-1 8(3413 3415 3416 3417 3418 3419 3420 3421)
3414 0()
3414 0()
3414 0()
3414 0()
3414 0()
3414 0()
3414 0()
3423 0()
-1 8(3422 3424 3425 3426 3427 3428 3429 3430)
3423 0()
3423 0()
3423 0()
3423 0()
3423 0()
3423 0()
3423 0()
3432 0()
-1 8(3431 3433 3434 3435 3436 3437 3438 3439)
3432 0()
3432 0()
3432 0()
3432 0()
3432 0()
3432 0()
3432 0()
3441 0()
-1 8(3440 3442 3443 3444 3445 3446 3447 3448)
3441 0()
3441 0()
3441 0()
3441 0()
3441 0()
3441 0()
3441 0()
3450 0()
-1 8(3449 3451 3452 3453 3454 3455 3456 3457)
3450 0()
3450 0()
3450 0()
3450 0()
3450 0()
3450 0()
3450 0()
3459 0()
-1 8(3458 3460 3461 3462 3463 3464 3465 3466)
3459 0()
3459 0()
3459 0()
3459 0()
3459 0()
3459 0()
3459 0()
3468 0()
-1 8(3467 3469 3470 3471 3472 3473 3474 3475)
3468 0()
3468 0()
3468 0()
3468 0()
3468 0()
3468 0()
3468 0()
3477 0()
-1 8(3476 3478 3479 3480 3481 3482 3483 3484)
3477 0()
3477 0()
3477 0()
3477 0()
3477 0()
3477 0()
3477 0()
3486 0()
-1 8(3485 3487 3488 3489 3490 3491 3492 3493)
3486 0()
3486 0()
3486 0()
3486 0()
3486 0()
3486 0()
3486 0()
3495 0()
-1 8(3494 3496 3497 3498 3499 3500 3501 3502)
3495 0()
3495 0()
3495 0()
3495 0()
3495 0()
3495 0()
3495 0()
3504 0()
-1 8(3503 3505 3506 3507 3508 3509 3510 3511)
3504 0()
3504 0()
3504 0()
3504 0()
3504 0()
3504 0()
3504 0()
3513 0()
-1 8(3512 3514 3515 3516 3517 3518 3519 3520)
3513 0()
3513 0()
3513 0()
3513 0()
3513 0()
3513 0()
3513 0()
3522 0()
-1 8(3521 3523 3524 3525 3526 3527 3528 3529)
3522 0()
3522 0()
3522 0()
3522 0()
3522 0()
3522 0()
3522 0()
3531 0()
-1 8(3530 3532 3533 3534 3535 3536 3537 3538)
3531 0()
3531 0()
3531 0()
3531 0()
3531 0()
3531 0()
3531 0()
3540 0()
-1 8(3539 3541 3542 3543 3544 3545 3546 3547)
3540 0()
3540 0()
3540 0()
3540 0()
3540 0()
3540 0()
3540 0()
3549 0()
-1 8(3548 3550 3551 3552 3553 3554 3555 3556)
3549 0()
3549 0()
3549 0()
3549 0()
3549 0()
3549 0()
3549 0()
3558 0()
-1 8(3557 3559 3560 3561 3562 3563 3564 3565)
3558 0()
3558 0()
3558 0()
3558 0()
3558 0()
3558 0()
3558 0()
3567 0()
-1 8(3566 3568 3569 3570 3571 3572 3573 3574)
3567 0()
3567 0()
3567 0()
3567 0()
3567 0()
3567 0()
3567 0()
3576 0()
-1 8(3575 3577 3578 3579 3580 3581 3582 3583)
3576 0()
3576 0()
3576 0()
3576 0()
3576 0()
3576 0()
3576 0()
3585 0()
-1 8(3584 3586 3587 3588 3589 3590 3591 3592)
3585 0()
3585 0()
3585 0()
3585 0()
3585 0()
3585 0()
3585 0()
3594 0()
-1 8(3593 3595 3596 3597 3598 3599 3600 3601)
3594 0()
3594 0()
3594 0()
3594 0()
3594 0()
3594 0()
3594 0()
3603 0()
-1 8(3602 3604 3605 3606 3607 3608 3609 3610)
3603 0()
3603 0()
3603 0()
3603 0()
3603 0()
3603 0()
3603 0()
3612 0()
-1 8(3611 3613 3614 3615 3616 3617 3618 3619)
3612 0()
3612 0()
3612 0()
3612 0()
3612 0()
3612 0()
3612 0()
3621 0()
-1 8(3620 3622 3623 3624 3625 3626 3627 3628)
3621 0()
3621 0()
3621 0()
3621 0()
3621 0()
3621 0()
3621 0()
3630 0()
-1 8(3629 3631 3632 3633 3634 3635 3636 3637)
3630 0()
3630 0()
3630 0()
3630 0()
3630 0()
3630 0()
3630 0()
3639 0()
-1 8(3638 3640 3641 3642 3643 3644 3645 3646)
3639 0()
3639 0()
3639 0()
3639 0()
3639 0()
3639 0()
3639 0()
3648 0()
-1 8(3647 3649 3650 3651 3652 3653 3654 3655)
3648 0()
3648 0()
3648 0()
3648 0()
3648 0()
3648 0()
3648 0()
3657 0()
-1 8(3656 3658 3659 3660 3661 3662 3663 3664)
3657 0()
3657 0()
3657 0()
3657 0()
3657 0()
3657 0()
3657 0()
3666 0()
-1 8(3665 3667 3668 3669 3670 3671 3672 3673)
3666 0()
3666 0()
3666 0()
3666 0()
3666 0()
3666 0()
3666 0()
3675 0()
-1 8(3674 3676 3677 3678 3679 3680 3681 3682)
3675 0()
3675 0()
3675 0()
3675 0()
3675 0()
3675 0()
3675 0()
3684 0()
-1 8(3683 3685 3686 3687 3688 3689 3690 3691)
3684 0()
3684 0()
3684 0()
3684 0()
3684 0()
3684 0()
3684 0()
3693 0()
-1 8(3692 3694 3695 3696 3697 3698 3699 3700)
3693 0()
3693 0()
3693 0()
3693 0()
3693 0()
3693 0()
3693 0()
3702 0()
-1 8(3701 3703 3704 3705 3706 3707 3708 3709)
3702 0()
3702 0()
3702 0()
3702 0()
3702 0()
3702 0()
3702 0()
3711 0()
-1 8(3710 3712 3713 3714 3715 3716 3717 3718)
3711 0()
3711 0()
3711 0()
3711 0()
3711 0()
3711 0()
3711 0()
3720 0()
-1 8(3719 3721 3722 3723 3724 3725 3726 3727)
3720 0()
3720 0()
3720 0()
3720 0()
3720 0()
3720 0()
3720 0()
3729 0()
-1 8(3728 3730 3731 3732 3733 3734 3735 3736)
3729 0()
3729 0()
3729 0()
3729 0()
3729 0()
3729 0()
3729 0()
3738 0()
-1 8(3737 3739 3740 3741 3742 3743 3744 3745)
3738 0()
3738 0()
3738 0()
3738 0()
3738 0()
3738 0()
3738 0()
3747 0()
-1 8(3746 3748 3749 3750 3751 3752 3753 3754)
3747 0()
3747 0()
3747 0()
3747 0()
3747 0()
3747 0()
3747 0()
3756 0()
-1 8(3755 3757 3758 3759 3760 3761 3762 3763)
3756 0()
3756 0()
3756 0()
3756 0()
3756 0()
3756 0()
3756 0()
3765 0()
-1 8(3764 3766 3767 3768 3769 3770 3771 3772)
3765 0()
3765 0()
3765 0()
3765 0()
3765 0()
3765 0()
3765 0()
3774 0()
-1 8(3773 3775 3776 3777 3778 3779 3780 3781)
3774 0()
3774 0()
3774 0()
3774 0()
3774 0()
3774 0()
3774 0()
3783 0()
-1 8(3782 3784 3785 3786 3787 3788 3789 3790)
3783 0()
3783 0()
3783 0()
3783 0()
3783 0()
3783 0()
3783 0()
3792 0()
-1 8(3791 3793 3794 3795 3796 3797 3798 3799)
3792 0()
3792 0()
3792 0()
3792 0()
3792 0()
3792 0()
3792 0()
3801 0()
-1 8(3800 3802 3803 3804 3805 3806 3807 3808)
3801 0()
3801 0()
3801 0()
3801 0()
3801 0()
3801 0()
3801 0()
3810 0()
-1 8(3809 3811 3812 3813 3814 3815 3816 3817)
3810 0()
3810 0()
3810 0()
3810 0()
3810 0()
3810 0()
3810 0()
3819 0()
-1 8(3818 3820 3821 3822 3823 3824 3825 3826)
3819 0()
3819 0()
3819 0()
3819 0()
3819 0()
3819 0()
3819 0()
3828 0()
-1 8(3827 3829 3830 3831 3832 3833 3834 3835)
3828 0()
3828 0()
3828 0()
3828 0()
3828 0()
3828 0()
3828 0()
3837 0()
-1 8(3836 3838 3839 3840 3841 3842 3843 3844)
3837 0()
3837 0()
3837 0()
3837 0()
3837 0()
3837 0()
3837 0()
3846 0()
-1 8(3845 3847 3848 3849 3850 3851 3852 3853)
3846 0()
3846 0()
3846 0()
3846 0()
3846 0()
3846 0()
3846 0()
3855 0()
-1 8(3854 3856 3857 3858 3859 3860 3861 3862)
3855 0()
3855 0()
3855 0()
3855 0()
3855 0()
3855 0()
3855 0()
3864 0()
-1 8(3863 3865 3866 3867 3868 3869 3870 3871)
3864 0()
3864 0()
3864 0()
3864 0()
3864 0()
3864 0()
3864 0()
3873 0()
-1 8(3872 3874 3875 3876 3877 3878 3879 3880)
3873 0()
3873 0()
3873 0()
3873 0()
3873 0()
3873 0()
3873 0()
3882 0()
-1 8(3881 3883 3884 3885 3886 3887 3888 3889)
3882 0()
3882 0()
3882 0()
3882 0()
3882 0()
3882 0()
3882 0()
3891 0()
-1 8(3890 3892 3893 3894 3895 3896 3897 3898)
3891 0()
3891 0()
3891 0()
3891 0()
3891 0()
3891 0()
3891 0()
3900 0()
-1 8(3899 3901 3902 3903 3904 3905 3906 3907)
3900 0()
3900 0()
3900 0()
3900 0()
3900 0()
3900 0()
3900 0()
3909 0()
-1 8(3908 3910 3911 3912 3913 3914 3915 3916)
3909 0()
3909 0()
3909 0()
3909 0()
3909 0()
3909 0()
3909 0()
3918 0()
-1 8(3917 3919 3920 3921 3922 3923 3924 3925)
3918 0()
3918 0()
3918 0()
3918 0()
3918 0()
3918 0()
3918 0()
3927 0()
-1 8(3926 3928 3929 3930 3931 3932 3933 3934)
3927 0()
3927 0()
3927 0()
3927 0()
3927 0()
3927 0()
3927 0()
3936 0()
-1 8(3935 3937 3938 3939 3940 3941 3942 3943)
3936 0()
3936 0()
3936 0()
3936 0()
3936 0()
3936 0()
3936 0()
3945 0()
-1 8(3944 3946 3947 3948 3949 3950 3951 3952)
3945 0()
3945 0()
3945 0()
3945 0()
3945 0()
3945 0()
3945 0()
3954 0()
-1 8(3953 3955 3956 3957 3958 3959 3960 3961)
3954 0()
3954 0()
3954 0()
3954 0()
3954 0()
3954 0()
3954 0()
3963 0()
-1 8(3962 3964 3965 3966 3967 3968 3969 3970)
3963 0()
3963 0()
3963 0()
3963 0()
3963 0()
3963 0()
3963 0()
3972 0()
-1 8(3971 3973 3974 3975 3976 3977 3978 3979)
3972 0()
3972 0()
3972 0()
3972 0()
3972 0()
3972 0()
3972 0()
3981 0()
-1 8(3980 3982 3983 3984 3985 3986 3987 3988)
3981 0()
3981 0()
3981 0()
3981 0()
3981 0()
3981 0()
3981 0()
3990 0()
-1 8(3989 3991 3992 3993 3994 3995 3996 3997)
3990 0()
3990 0()
3990 0()
3990 0()
3990 0()
3990 0()
3990 0()
3999 0()
-1 8(3998 4000 4001 4002 4003 4004 4005 4006)
3999 0()
3999 0()
3999 0()
3999 0()
3999 0()
3999 0()
3999 0()
4008 0()
-1 8(4007 4009 4010 4011 4012 4013 4014 4015)
4008 0()
4008 0()
4008 0()
4008 0()
4008 0()
4008 0()
4008 0()
4017 0()
-1 8(4016 4018 4019 4020 4021 4022 4023 4024)
4017 0()
4017 0()
4017 0()
4017 0()
4017 0()
4017 0()
4017 0()
4026 0()
-1 8(4025 4027 4028 4029 4030 4031 4032 4033)
4026 0()
4026 0()
4026 0()
4026 0()
4026 0()
4026 0()
4026 0()
4035 0()
-1 8(4034 4036 4037 4038 4039 4040 4041 4042)
4035 0()
4035 0()
4035 0()
4035 0()
4035 0()
4035 0()
4035 0()
4044 0()
-1 8(4043 4045 4046 4047 4048 4049 4050 4051)
4044 0()
4044 0()
4044 0()
4044 0()
4044 0()
4044 0()
4044 0()
4053 0()
-1 8(4052 4054 4055 4056 4057 4058 4059 4060)
4053 0()
4053 0()
4053 0()
4053 0()
4053 0()
4053 0()
4053 0()
4062 0()
-1 8(4061 4063 4064 4065 4066 4067 4068 4069)
4062 0()
4062 0()
4062 0()
4062 0()
4062 0()
4062 0()
4062 0()
4071 0()
-1 8(4070 4072 4073 4074 4075 4076 4077 4078)
4071 0()
4071 0()
4071 0()
4071 0()
4071 0()
4071 0()
4071 0()
4080 0()
-1 8(4079 4081 4082 4083 4084 4085 4086 4087)
4080 0()
4080 0()
4080 0()
4080 0()
4080 0()
4080 0()
4080 0()
4089 0()
-1 8(4088 4090 4091 4092 4093 4094 4095 4096)
4089 0()
4089 0()
4089 0()
4089 0()
4089 0()
4089 0()
4089 0()
4098 0()
-1 8(4097 4099 4100 4101 4102 4103 4104 4105)
4098 0()
4098 0()
4098 0()
4098 0()
4098 0()
4098 0()
4098 0()
4107 0()
-1 8(4106 4108 4109 4110 4111 4112 4113 4114)
4107 0()
4107 0()
4107 0()
4107 0()
4107 0()
4107 0()
4107 0()
4116 0()
-1 8(4115 4117 4118 4119 4120 4121 4122 4123)
4116 0()
4116 0()
4116 0()
4116 0()
4116 0()
4116 0()
4116 0()
4125 0()
-1 8(4124 4126 4127 4128 4129 4130 4131 4132)
4125 0()
4125 0()
4125 0()
4125 0()
4125 0()
4125 0()
4125 0()
4134 0()
-1 8(4133 4135 4136 4137 4138 4139 4140 4141)
4134 0()
4134 0()
4134 0()
4134 0()
4134 0()
4134 0()
4134 0()
4143 0()
-1 8(4142 4144 4145 4146 4147 4148 4149 4150)
4143 0()
4143 0()
4143 0()
4143 0()
4143 0()
4143 0()
4143 0()
4152 0()
-1 8(4151 4153 4154 4155 4156 4157 4158 4159)
4152 0()
4152 0()
4152 0()
4152 0()
4152 0()
4152 0()
4152 0()
4161 0()
-1 8(4160 4162 4163 4164 4165 4166 4167 4168)
4161 0()
4161 0()
4161 0()
4161 0()
4161 0()
4161 0()
4161 0()
4170 0()
-1 8(4169 4171 4172 4173 4174 4175 4176 4177)
4170 0()
4170 0()
4170 0()
4170 0()
4170 0()
4170 0()
4170 0()
4179 0()
-1 8(4178 4180 4181 4182 4183 4184 4185 4186)
4179 0()
4179 0()
4179 0()
4179 0()
4179 0()
4179 0()
4179 0()
4188 0()
-1 8(4187 4189 4190 4191 4192 4193 4194 4195)
4188 0()
4188 0()
4188 0()
4188 0()
4188 0()
4188 0()
4188 0()
4197 0()
-1 8(4196 4198 4199 4200 4201 4202 4203 4204)
4197 0()
4197 0()
4197 0()
4197 0()
4197 0()
4197 0()
4197 0()
4206 0()
-1 8(4205 4207 4208 4209 4210 4211 4212 4213)
4206 0()
4206 0()
4206 0()
4206 0()
4206 0()
4206 0()
4206 0()
4215 0()
-1 8(4214 4216 4217 4218 4219 4220 4221 4222)
4215 0()
4215 0()
4215 0()
4215 0()
4215 0()
4215 0()
4215 0()
4224 0()
-1 8(4223 4225 4226 4227 4228 4229 4230 4231)
4224 0()
4224 0()
4224 0()
4224 0()
4224 0()
4224 0()
4224 0()
4233 0()
-1 8(4232 4234 4235 4236 4237 4238 4239 4240)
4233 0()
4233 0()
4233 0()
4233 0()
4233 0()
4233 0()
4233 0()
4242 0()
-1 8(4241 4243 4244 4245 4246 4247 4248 4249)
4242 0()
4242 0()
4242 0()
4242 0()
4242 0()
4242 0()
4242 0()
4251 0()
-1 8(4250 4252 4253 4254 4255 4256 4257 4258)
4251 0()
4251 0()
4251 0()
4251 0()
4251 0()
4251 0()
4251 0()
4260 0()
-1 8(4259 4261 4262 4263 4264 4265 4266 4267)
4260 0()
4260 0()
4260 0()
4260 0()
4260 0()
4260 0()
4260 0()
4269 0()
-1 8(4268 4270 4271 4272 4273 4274 4275 4276)
4269 0()
4269 0()
4269 0()
4269 0()
4269 0()
4269 0()
4269 0()
4278 0()
-1 8(4277 4279 4280 4281 4282 4283 4284 4285)
4278 0()
4278 0()
4278 0()
4278 0()
4278 0()
4278 0()
4278 0()
4287 0()
-1 8(4286 4288 4289 4290 4291 4292 4293 4294)
4287 0()
4287 0()
4287 0()
4287 0()
4287 0()
4287 0()
4287 0()
4296 0()
-1 8(4295 4297 4298 4299 4300 4301 4302 4303)
4296 0()
4296 0()
4296 0()
4296 0()
4296 0()
4296 0()
4296 0()
4305 0()
-1 8(4304 4306 4307 4308 4309 4310 4311 4312)
4305 0()
4305 0()
4305 0()
4305 0()
4305 0()
4305 0()
4305 0()
4314 0()
-1 8(4313 4315 4316 4317 4318 4319 4320 4321)
4314 0()
4314 0()
4314 0()
4314 0()
4314 0()
4314 0()
4314 0()
4323 0()
-1 8(4322 4324 4325 4326 4327 4328 4329 4330)
4323 0()
4323 0()
4323 0()
4323 0()
4323 0()
4323 0()
4323 0()
4332 0()
-1 8(4331 4333 4334 4335 4336 4337 4338 4339)
4332 0()
4332 0()
4332 0()
4332 0()
4332 0()
4332 0()
4332 0()
4341 0()
-1 8(4340 4342 4343 4344 4345 4346 4347 4348)
4341 0()
4341 0()
4341 0()
4341 0()
4341 0()
4341 0()
4341 0()
4350 0()
-1 8(4349 4351 4352 4353 4354 4355 4356 4357)
4350 0()
4350 0()
4350 0()
4350 0()
4350 0()
4350 0()
4350 0()
4359 0()
-1 8(4358 4360 4361 4362 4363 4364 4365 4366)
4359 0()
4359 0()
4359 0()
4359 0()
4359 0()
4359 0()
4359 0()
4368 0()
-1 8(4367 4369 4370 4371 4372 4373 4374 4375)
4368 0()
4368 0()
4368 0()
4368 0()
4368 0()
4368 0()
4368 0()
4377 0()
-1 8(4376 4378 4379 4380 4381 4382 4383 4384)
4377 0()
4377 0()
4377 0()
4377 0()
4377 0()
4377 0()
4377 0()
4386 0()
-1 8(4385 4387 4388 4389 4390 4391 4392 4393)
4386 0()
4386 0()
4386 0()
4386 0()
4386 0()
4386 0()
4386 0()
4395 0()
-1 8(4394 4396 4397 4398 4399 4400 4401 4402)
4395 0()
4395 0()
4395 0()
4395 0()
4395 0()
4395 0()
4395 0()
4404 0()
-1 8(4403 4405 4406 4407 4408 4409 4410 4411)
4404 0()
4404 0()
4404 0()
4404 0()
4404 0()
4404 0()
4404 0()
4413 0()
-1 8(4412 4414 4415 4416 4417 4418 4419 4420)
4413 0()
4413 0()
4413 0()
4413 0()
4413 0()
4413 0()
4413 0()
4422 0()
-1 8(4421 4423 4424 4425 4426 4427 4428 4429)
4422 0()
4422 0()
4422 0()
4422 0()
4422 0()
4422 0()
4422 0()
4431 0()
-1 8(4430 4432 4433 4434 4435 4436 4437 4438)
4431 0()
4431 0()
4431 0()
4431 0()
4431 0()
4431 0()
4431 0()
4440 0()
-1 8(4439 4441 4442 4443 4444 4445 4446 4447)
4440 0()
4440 0()
4440 0()
4440 0()
4440 0()
4440 0()
4440 0()
4449 0()
-1 8(4448 4450 4451 4452 4453 4454 4455 4456)
4449 0()
4449 0()
4449 0()
4449 0()
4449 0()
4449 0()
4449 0()
4458 0()
-1 8(4457 4459 4460 4461 4462 4463 4464 4465)
4458 0()
4458 0()
4458 0()
4458 0()
4458 0()
4458 0()
4458 0()
4467 0()
-1 8(4466 4468 4469 4470 4471 4472 4473 4474)
4467 0()
4467 0()
4467 0()
4467 0()
4467 0()
4467 0()
4467 0()
4476 0()
-1 8(4475 4477 4478 4479 4480 4481 4482 4483)
4476 0()
4476 0()
4476 0()
4476 0()
4476 0()
4476 0()
4476 0()
4485 0()
-1 8(4484 4486 4487 4488 4489 4490 4491 4492)
4485 0()
4485 0()
4485 0()
4485 0()
4485 0()
4485 0()
4485 0()
4494 0()
-1 8(4493 4495 4496 4497 4498 4499 4500 4501)
4494 0()
4494 0()
4494 0()
4494 0()
4494 0()
4494 0()
4494 0()
4503 0()
-1 8(4502 4504 4505 4506 4507 4508 4509 4510)
4503 0()
4503 0()
4503 0()
4503 0()
4503 0()
4503 0()
4503 0()
4512 0()
-1 8(4511 4513 4514 4515 4516 4517 4518 4519)
4512 0()
4512 0()
4512 0()
4512 0()
4512 0()
4512 0()
4512 0()
4521 0()
-1 8(4520 4522 4523 4524 4525 4526 4527 4528)
4521 0()
4521 0()
4521 0()
4521 0()
4521 0()
4521 0()
4521 0()
4530 0()
-1 8(4529 4531 4532 4533 4534 4535 4536 4537)
4530 0()
4530 0()
4530 0()
4530 0()
4530 0()
4530 0()
4530 0()
4539 0()
-1 8(4538 4540 4541 4542 4543 4544 4545 4546)
4539 0()
4539 0()
4539 0()
4539 0()
4539 0()
4539 0()
4539 0()
4548 0()
-1 8(4547 4549 4550 4551 4552 4553 4554 4555)
4548 0()
4548 0()
4548 0()
4548 0()
4548 0()
4548 0()
4548 0()
4557 0()
-1 8(4556 4558 4559 4560 4561 4562 4563 4564)
4557 0()
4557 0()
4557 0()
4557 0()
4557 0()
4557 0()
4557 0()
4566 0()
-1 8(4565 4567 4568 4569 4570 4571 4572 4573)
4566 0()
4566 0()
4566 0()
4566 0()
4566 0()
4566 0()
4566 0()
4575 0()
-1 8(4574 4576 4577 4578 4579 4580 4581 4582)
4575 0()
4575 0()
4575 0()
4575 0()
4575 0()
4575 0()
4575 0()
4584 0()
-1 8(4583 4585 4586 4587 4588 4589 4590 4591)
4584 0()
4584 0()
4584 0()
4584 0()
4584 0()
4584 0()
4584 0()
4593 0()
-1 8(4592 4594 4595 4596 4597 4598 4599 4600)
4593 0()
4593 0()
4593 0()
4593 0()
4593 0()
4593 0()
4593 0()
4602 0()
-1 8(4601 4603 4604 4605 4606 4607 4608 4609)
4602 0()
4602 0()
4602 0()
4602 0()
4602 0()
4602 0()
4602 0()
4611 0()
-1 8(4610 4612 4613 4614 4615 4616 4617 4618)
4611 0()
4611 0()
4611 0()
4611 0()
4611 0()
4611 0()
4611 0()
4620 0()
-1 8(4619 4621 4622 4623 4624 4625 4626 4627)
4620 0()
4620 0()
4620 0()
4620 0()
4620 0()
4620 0()
4620 0()
4629 0()
-1 8(4628 4630 4631 4632 4633 4634 4635 4636)
4629 0()
4629 0()
4629 0()
4629 0()
4629 0()
4629 0()
4629 0()
4638 0()
-1 8(4637 4639 4640 4641 4642 4643 4644 4645)
4638 0()
4638 0()
4638 0()
4638 0()
4638 0()
4638 0()
4638 0()
4647 0()
-1 8(4646 4648 4649 4650 4651 4652 4653 4654)
4647 0()
4647 0()
4647 0()
4647 0()
4647 0()
4647 0()
4647 0()
4656 0()
-1 8(4655 4657 4658 4659 4660 4661 4662 4663)
4656 0()
4656 0()
4656 0()
4656 0()
4656 0()
4656 0()
4656 0()
4665 0()
-1 8(4664 4666 4667 4668 4669 4670 4671 4672)
4665 0()
4665 0()
4665 0()
4665 0()
4665 0()
4665 0()
4665 0()
4674 0()
-1 8(4673 4675 4676 4677 4678 4679 4680 4681)
4674 0()
4674 0()
4674 0()
4674 0()
4674 0()
4674 0()
4674 0()
4683 0()
-1 8(4682 4684 4685 4686 4687 4688 4689 4690)
4683 0()
4683 0()
4683 0()
4683 0()
4683 0()
4683 0()
4683 0()
4692 0()
-1 8(4691 4693 4694 4695 4696 4697 4698 4699)
4692 0()
4692 0()
4692 0()
4692 0()
4692 0()
4692 0()
4692 0()
4701 0()
-1 8(4700 4702 4703 4704 4705 4706 4707 4708)
4701 0()
4701 0()
4701 0()
4701 0()
4701 0()
4701 0()
4701 0()
4710 0()
-1 8(4709 4711 4712 4713 4714 4715 4716 4717)
4710 0()
4710 0()
4710 0()
4710 0()
4710 0()
4710 0()
4710 0()
4719 0()
-1 8(4718 4720 4721 4722 4723 4724 4725 4726)
4719 0()
4719 0()
4719 0()
4719 0()
4719 0()
4719 0()
4719 0()
4728 0()
-1 8(4727 4729 4730 4731 4732 4733 4734 4735)
4728 0()
4728 0()
4728 0()
4728 0()
4728 0()
4728 0()
4728 0()
4737 0()
-1 8(4736 4738 4739 4740 4741 4742 4743 4744)
4737 0()
4737 0()
4737 0()
4737 0()
4737 0()
4737 0()
4737 0()
4746 0()
-1 8(4745 4747 4748 4749 4750 4751 4752 4753)
4746 0()
4746 0()
4746 0()
4746 0()
4746 0()
4746 0()
4746 0()
4755 0()
-1 8(4754 4756 4757 4758 4759 4760 4761 4762)
4755 0()
4755 0()
4755 0()
4755 0()
4755 0()
4755 0()
4755 0()
4764 0()
-1 8(4763 4765 4766 4767 4768 4769 4770 4771)
4764 0()
4764 0()
4764 0()
4764 0()
4764 0()
4764 0()
4764 0()
4773 0()
-1 8(4772 4774 4775 4776 4777 4778 4779 4780)
4773 0()
4773 0()
4773 0()
4773 0()
4773 0()
4773 0()
4773 0()
4782 0()
-1 8(4781 4783 4784 4785 4786 4787 4788 4789)
4782 0()
4782 0()
4782 0()
4782 0()
4782 0()
4782 0()
4782 0()
4791 0()
-1 8(4790 4792 4793 4794 4795 4796 4797 4798)
4791 0()
4791 0()
4791 0()
4791 0()
4791 0()
4791 0()
4791 0()
4800 0()
-1 8(4799 4801 4802 4803 4804 4805 4806 4807)
4800 0()
4800 0()
4800 0()
4800 0()
4800 0()
4800 0()
4800 0()
4809 0()
-1 8(4808 4810 4811 4812 4813 4814 4815 4816)
4809 0()
4809 0()
4809 0()
4809 0()
4809 0()
4809 0()
4809 0()
4818 0()
-1 8(4817 4819 4820 4821 4822 4823 4824 4825)
4818 0()
4818 0()
4818 0()
4818 0()
4818 0()
4818 0()
4818 0()
4827 0()
-1 8(4826 4828 4829 4830 4831 4832 4833 4834)
4827 0()
4827 0()
4827 0()
4827 0()
4827 0()
4827 0()
4827 0()
4836 0()
-1 8(4835 4837 4838 4839 4840 4841 4842 4843)
4836 0()
4836 0()
4836 0()
4836 0()
4836 0()
4836 0()
4836 0()
4845 0()
-1 8(4844 4846 4847 4848 4849 4850 4851 4852)
4845 0()
4845 0()
4845 0()
4845 0()
4845 0()
4845 0()
4845 0()
4854 0()
-1 8(4853 4855 4856 4857 4858 4859 4860 4861)
4854 0()
4854 0()
4854 0()
4854 0()
4854 0()
4854 0()
4854 0()
4863 0()
-1 8(4862 4864 4865 4866 4867 4868 4869 4870)
4863 0()
4863 0()
4863 0()
4863 0()
4863 0()
4863 0()
4863 0()
4872 0()
-1 8(4871 4873 4874 4875 4876 4877 4878 4879)
4872 0()
4872 0()
4872 0()
4872 0()
4872 0()
4872 0()
4872 0()
4881 0()
-1 8(4880 4882 4883 4884 4885 4886 4887 4888)
4881 0()
4881 0()
4881 0()
4881 0()
4881 0()
4881 0()
4881 0()
4890 0()
-1 8(4889 4891 4892 4893 4894 4895 4896 4897)
4890 0()
4890 0()
4890 0()
4890 0()
4890 0()
4890 0()
4890 0()
4899 0()
-1 8(4898 4900 4901 4902 4903 4904 4905 4906)
4899 0()
4899 0()
4899 0()
4899 0()
4899 0()
4899 0()
4899 0()
4908 0()
-1 8(4907 4909 4910 4911 4912 4913 4914 4915)
4908 0()
4908 0()
4908 0()
4908 0()
4908 0()
4908 0()
4908 0()
4917 0()
-1 8(4916 4918 4919 4920 4921 4922 4923 4924)
4917 0()
4917 0()
4917 0()
4917 0()
4917 0()
4917 0()
4917 0()
4926 0()
-1 8(4925 4927 4928 4929 4930 4931 4932 4933)
4926 0()
4926 0()
4926 0()
4926 0()
4926 0()
4926 0()
4926 0()
4935 0()
-1 8(4934 4936 4937 4938 4939 4940 4941 4942)
4935 0()
4935 0()
4935 0()
4935 0()
4935 0()
4935 0()
4935 0()
4944 0()
-1 8(4943 4945 4946 4947 4948 4949 4950 4951)
4944 0()
4944 0()
4944 0()
4944 0()
4944 0()
4944 0()
4944 0()
4953 0()
-1 8(4952 4954 4955 4956 4957 4958 4959 4960)
4953 0()
4953 0()
4953 0()
4953 0()
4953 0()
4953 0()
4953 0()
4962 0()
-1 8(4961 4963 4964 4965 4966 4967 4968 4969)
4962 0()
4962 0()
4962 0()
4962 0()
4962 0()
4962 0()
4962 0()
4971 0()
-1 8(4970 4972 4973 4974 4975 4976 4977 4978)
4971 0()
4971 0()
4971 0()
4971 0()
4971 0()
4971 0()
4971 0()
4980 0()
-1 8(4979 4981 4982 4983 4984 4985 4986 4987)
4980 0()
4980 0()
4980 0()
4980 0()
4980 0()
4980 0()
4980 0()
4989 0()
-1 8(4988 4990 4991 4992 4993 4994 4995 4996)
4989 0()
4989 0()
4989 0()
4989 0()
4989 0()
4989 0()
4989 0()
4998 0()
-1 8(4997 4999 5000 5001 5002 5003 5004 5005)
4998 0()
4998 0()
4998 0()
4998 0()
4998 0()
4998 0()
4998 0()
5007 0()
-1 8(5006 5008 5009 5010 5011 5012 5013 5014)
5007 0()
5007 0()
5007 0()
5007 0()
5007 0()
5007 0()
5007 0()
5016 0()
-1 8(5015 5017 5018 5019 5020 5021 5022 5023)
5016 0()
5016 0()
5016 0()
5016 0()
5016 0()
5016 0()
5016 0()
)

// visibleCells

7877
(
-1
0
9
82
-1
-1
91
-1
-1
-1
-1
-1
-1
-1
-1
-1
-1
-1
-1
-1
-1
-1
-1
-1
-1
-1
-1
-1
-1
-1
-1
-1
-1
-1
-1
-1
-1
-1
-1
-1
-1
-1
-1
-1
-1
-1
-1
-1
-1
-1
-1
-1
100
109
-1
-1
118
127
-1
-1
-1
-1
-1
-1
-1
-1
-1
-1
-1
-1
-1
-1
-1
-1
-1
-1
-1
-1
-1
-1
-1
-1
-1
-1
-1
-1
-1
-1
-1
-1
-1
-1
-1
-1
-1
-1
-1
-1
-1
-1
-1
-1
136
145
162
-1
171
180
-1
-1
-1
-1
-1
-1
-1
-1
-1
-1
-1
-1
-1
-1
-1
-1
-1
-1
-1
-1
-1
-1
-1
-1
-1
-1
-1
-1
-1
-1
-1
-1
-1
-1
-1
-1
-1
-1
-1
-1
-1
-1
-1
-1
-1
205
-1
-1
-1
214
-1
-1
-1
-1
-1
-1
-1
-1
-1
-1
-1
-1
-1
-1
-1
-1
-1
-1
-1
-1
-1
-1
-1
-1
-1
-1
-1
-1
-1
-1
-1
-1
-1
-1
-1
-1
-1
-1
-1
-1
-1
-1
-1
255
272
297
-1
-1
-1
306
-1
-1
-1
-1
-1
-1
-1
-1
-1
-1
-1
-1
-1
-1
-1
-1
-1
-1
-1
-1
-1
-1
-1
-1
-1
-1
-1
-1
-1
-1
-1
-1
-1
-1
-1
-1
-1
-1
-1
-1
-1
-1
347
356
397
454
479
-1
-1
488
-1
-1
-1
-1
-1
-1
-1
-1
-1
-1
-1
-1
-1
-1
-1
-1
-1
-1
-1
-1
-1
-1
-1
-1
-1
-1
-1
-1
-1
-1
-1
-1
-1
-1
-1
-1
-1
-1
-1
-1
-1
-1
-1
529
538
547
588
-1
-1
597
-1
-1
-1
-1
-1
-1
-1
-1
-1
-1
-1
-1
-1
-1
-1
-1
-1
-1
-1
-1
-1
-1
-1
-1
-1
-1
-1
-1
-1
-1
-1
-1
-1
-1
-1
-1
-1
-1
-1
-1
-1
-1
-1
-1
638
647
696
-1
705
714
-1
-1
-1
-1
-1
-1
-1
-1
-1
-1
-1
-1
-1
-1
-1
-1
-1
-1
-1
-1
-1
-1
-1
-1
-1
-1
-1
-1
-1
-1
-1
-1
-1
-1
-1
-1
-1
-1
-1
-1
-1
-1
-1
-1
-1
739
748
-1
757
766
-1
-1
-1
-1
-1
-1
-1
-1
-1
-1
-1
-1
-1
-1
-1
-1
-1
-1
-1
-1
-1
-1
-1
-1
-1
-1
-1
-1
-1
-1
-1
-1
-1
-1
-1
-1
-1
-1
-1
-1
-1
-1
-1
775
784
825
-1
-1
834
-1
-1
-1
-1
-1
-1
-1
-1
-1
-1
-1
-1
-1
-1
-1
-1
-1
-1
-1
-1
-1
-1
-1
-1
-1
-1
-1
-1
-1
-1
-1
-1
-1
-1
-1
-1
-1
-1
-1
-1
-1
-1
-1
-1
843
852
925
-1
-1
934
-1
-1
-1
-1
-1
-1
-1
-1
-1
-1
-1
-1
-1
-1
-1
-1
-1
-1
-1
-1
-1
-1
-1
-1
-1
-1
-1
-1
-1
-1
-1
-1
-1
-1
-1
-1
-1
-1
-1
-1
-1
-1
-1
-1
943
952
985
-1
-1
1018
1027
-1
-1
-1
-1
-1
-1
-1
-1
-1
-1
-1
-1
-1
-1
-1
-1
-1
-1
-1
-1
-1
-1
-1
-1
-1
-1
-1
-1
-1
-1
-1
-1
-1
-1
-1
-1
-1
-1
-1
-1
-1
-1
-1
1036
1045
1078
1111
-1
1120
1129
-1
-1
-1
-1
-1
-1
-1
-1
-1
-1
-1
-1
-1
-1
-1
-1
-1
-1
-1
-1
-1
-1
-1
-1
-1
-1
-1
-1
-1
-1
-1
-1
-1
-1
-1
-1
-1
-1
-1
-1
-1
-1
-1
-1
1154
1163
1172
-1
-1
1181
-1
-1
-1
-1
-1
-1
-1
-1
-1
-1
-1
-1
-1
-1
-1
-1
-1
-1
-1
-1
-1
-1
-1
-1
-1
-1
-1
-1
-1
-1
-1
-1
-1
-1
-1
-1
-1
-1
-1
-1
-1
-1
-1
1222
1231
1288
-1
-1
-1
1313
-1
-1
-1
-1
-1
-1
-1
-1
-1
-1
-1
-1
-1
-1
-1
-1
-1
-1
-1
-1
-1
-1
-1
-1
-1
-1
-1
-1
-1
-1
-1
-1
-1
-1
-1
-1
-1
-1
-1
-1
-1
-1
1354
1363
1412
1453
1462
-1
-1
1471
-1
-1
-1
-1
-1
-1
-1
-1
-1
-1
-1
-1
-1
-1
-1
-1
-1
-1
-1
-1
-1
-1
-1
-1
-1
-1
-1
-1
-1
-1
-1
-1
-1
-1
-1
-1
-1
-1
-1
-1
-1
-1
1512
1529
1578
1651
-1
-1
-1
1660
-1
-1
-1
-1
-1
-1
-1
-1
-1
-1
-1
-1
-1
-1
-1
-1
-1
-1
-1
-1
-1
-1
-1
-1
-1
-1
-1
-1
-1
-1
-1
-1
-1
-1
-1
-1
-1
-1
-1
-1
-1
-1
-1
1701
1710
1719
1728
-1
1737
1746
-1
-1
-1
-1
-1
-1
-1
-1
-1
-1
-1
-1
-1
-1
-1
-1
-1
-1
-1
-1
-1
-1
-1
-1
-1
-1
-1
-1
-1
-1
-1
-1
-1
-1
-1
-1
-1
-1
-1
-1
-1
-1
-1
-1
-1
1771
1796
-1
1805
1814
-1
-1
-1
-1
-1
-1
-1
-1
-1
-1
-1
-1
-1
-1
-1
-1
-1
-1
-1
-1
-1
-1
-1
-1
-1
-1
-1
-1
-1
-1
-1
-1
-1
-1
-1
-1
-1
-1
-1
-1
-1
-1
-1
-1
1823
1832
1889
-1
1898
-1
-1
-1
-1
-1
-1
-1
-1
-1
-1
-1
-1
-1
-1
-1
-1
-1
-1
-1
-1
-1
-1
-1
-1
-1
-1
-1
-1
-1
-1
-1
-1
-1
-1
-1
-1
-1
-1
-1
-1
-1
-1
-1
-1
-1
1907
1916
1925
-1
1934
-1
-1
-1
-1
-1
-1
-1
-1
-1
-1
-1
-1
-1
-1
-1
-1
-1
-1
-1
-1
-1
-1
-1
-1
-1
-1
-1
-1
-1
-1
-1
-1
-1
-1
-1
-1
-1
-1
-1
-1
-1
-1
-1
-1
-1
1943
1968
-1
-1
1993
2002
-1
-1
-1
-1
-1
-1
-1
-1
-1
-1
-1
-1
-1
-1
-1
-1
-1
-1
-1
-1
-1
-1
-1
-1
-1
-1
-1
-1
-1
-1
-1
-1
-1
-1
-1
-1
-1
-1
-1
-1
-1
-1
-1
-1
2011
2036
2069
-1
2078
2087
-1
-1
-1
-1
-1
-1
-1
-1
-1
-1
-1
-1
-1
-1
-1
-1
-1
-1
-1
-1
-1
-1
-1
-1
-1
-1
-1
-1
-1
-1
-1
-1
-1
-1
-1
-1
-1
-1
-1
-1
-1
-1
-1
-1
2112
2121
-1
-1
-1
2130
-1
-1
-1
-1
-1
-1
-1
-1
-1
-1
-1
-1
-1
-1
-1
-1
-1
-1
-1
-1
-1
-1
-1
-1
-1
-1
-1
-1
-1
-1
-1
-1
-1
-1
-1
-1
-1
-1
-1
-1
-1
-1
-1
2171
2180
2253
-1
-1
-1
2294
-1
-1
-1
-1
-1
-1
-1
-1
-1
-1
-1
-1
-1
-1
-1
-1
-1
-1
-1
-1
-1
-1
-1
-1
-1
-1
-1
-1
-1
-1
-1
-1
-1
-1
-1
-1
-1
-1
-1
-1
-1
-1
2335
2344
2385
2418
-1
-1
-1
2427
-1
-1
-1
-1
-1
-1
-1
-1
-1
-1
-1
-1
-1
-1
-1
-1
-1
-1
-1
-1
-1
-1
-1
-1
-1
-1
-1
-1
-1
-1
-1
-1
-1
-1
-1
-1
-1
-1
-1
-1
-1
-1
2468
2501
2566
2631
2648
-1
-1
2657
-1
-1
-1
-1
-1
-1
-1
-1
-1
-1
-1
-1
-1
-1
-1
-1
-1
-1
-1
-1
-1
-1
-1
-1
-1
-1
-1
-1
-1
-1
-1
-1
-1
-1
-1
-1
-1
-1
-1
-1
-1
-1
2698
2707
2716
-1
-1
-1
2725
2734
-1
-1
-1
-1
-1
-1
-1
-1
-1
-1
-1
-1
-1
-1
-1
-1
-1
-1
-1
-1
-1
-1
-1
-1
-1
-1
-1
-1
-1
-1
-1
-1
-1
-1
-1
-1
-1
-1
-1
-1
-1
-1
-1
-1
-1
2759
2768
-1
2777
2786
-1
-1
-1
-1
-1
-1
-1
-1
-1
-1
-1
-1
-1
-1
-1
-1
-1
-1
-1
-1
-1
-1
-1
-1
-1
-1
-1
-1
-1
-1
-1
-1
-1
-1
-1
-1
-1
-1
-1
-1
-1
-1
-1
-1
-1
2795
2828
-1
2837
-1
-1
-1
-1
-1
-1
-1
-1
-1
-1
-1
-1
-1
-1
-1
-1
-1
-1
-1
-1
-1
-1
-1
-1
-1
-1
-1
-1
-1
-1
-1
-1
-1
-1
-1
-1
-1
-1
-1
-1
-1
-1
-1
-1
-1
-1
-1
-1
-1
-1
-1
-1
-1
-1
-1
-1
-1
-1
-1
-1
-1
-1
-1
-1
-1
-1
-1
-1
-1
-1
-1
-1
-1
-1
-1
-1
-1
-1
-1
-1
-1
-1
-1
-1
-1
-1
-1
-1
-1
-1
-1
-1
-1
-1
-1
-1
-1
-1
-1
-1
-1
-1
-1
-1
-1
-1
-1
-1
-1
-1
-1
-1
-1
-1
-1
-1
-1
-1
-1
-1
-1
-1
-1
-1
-1
-1
-1
-1
-1
-1
-1
-1
-1
-1
-1
-1
-1
-1
-1
-1
-1
-1
-1
-1
-1
-1
-1
-1
-1
-1
-1
-1
-1
-1
-1
-1
-1
-1
-1
-1
-1
-1
-1
-1
-1
-1
-1
-1
-1
-1
-1
-1
-1
-1
-1
-1
-1
-1
-1
-1
-1
-1
-1
-1
-1
-1
-1
-1
-1
-1
-1
-1
-1
-1
-1
-1
-1
-1
-1
-1
-1
-1
-1
-1
-1
-1
-1
-1
-1
-1
-1
-1
-1
-1
-1
-1
-1
-1
-1
-1
-1
-1
-1
-1
-1
-1
-1
-1
-1
-1
-1
-1
-1
-1
-1
-1
-1
-1
-1
-1
-1
-1
-1
-1
-1
-1
-1
-1
-1
-1
-1
-1
-1
-1
-1
-1
-1
-1
-1
-1
-1
-1
-1
-1
-1
-1
-1
-1
2846
-1
2855
-1
2864
-1
-1
2873
-1
-1
-1
2882
2891
-1
-1
-1
-1
-1
-1
-1
2900
2909
2918
2927
2936
2945
2954
2963
2972
-1
2981
2990
2999
3008
-1
-1
-1
-1
-1
-1
-1
3017
3026
3035
3044
3053
3062
3071
3080
-1
-1
3089
3098
-1
3107
-1
-1
-1
-1
-1
-1
-1
3116
-1
3125
-1
3134
-1
3143
-1
3152
3161
-1
-1
3170
3179
-1
-1
-1
-1
-1
-1
-1
3188
-1
3197
-1
3206
-1
3215
3224
3233
3242
3251
3260
-1
-1
-1
-1
-1
-1
-1
-1
-1
3269
-1
3278
-1
3287
-1
3296
3305
-1
-1
-1
-1
-1
-1
-1
-1
-1
-1
-1
-1
-1
3314
-1
3323
-1
3332
-1
3341
3350
3359
3368
3377
3386
3395
3404
-1
-1
-1
-1
-1
-1
-1
3413
3422
3431
3440
3449
3458
3467
3476
-1
-1
3485
3494
-1
-1
-1
-1
-1
-1
-1
-1
-1
3503
3512
3521
3530
3539
3548
3557
-1
-1
-1
-1
-1
3566
-1
-1
-1
-1
-1
-1
-1
-1
-1
3575
-1
3584
-1
3593
-1
-1
-1
-1
-1
-1
-1
-1
-1
-1
-1
-1
-1
-1
-1
-1
3602
-1
3611
-1
3620
-1
-1
3629
3638
-1
-1
3647
3656
-1
-1
-1
-1
-1
-1
-1
3665
3674
3683
3692
3701
3710
3719
3728
3737
3746
3755
3764
3773
3782
-1
-1
-1
-1
-1
-1
-1
3791
3800
3809
3818
3827
3836
3845
3854
-1
-1
-1
-1
-1
-1
-1
-1
-1
-1
-1
-1
-1
3863
-1
3872
-1
3881
-1
3890
-1
3899
3908
-1
-1
3917
3926
-1
-1
-1
-1
-1
-1
-1
3935
-1
3944
-1
3953
-1
3962
3971
-1
-1
-1
3980
-1
-1
-1
-1
-1
-1
-1
-1
-1
3989
-1
3998
-1
4007
-1
4016
-1
-1
-1
-1
-1
-1
-1
-1
-1
-1
-1
-1
-1
-1
4025
-1
4034
-1
4043
-1
4052
4061
4070
4079
-1
-1
4088
4097
-1
-1
-1
-1
-1
-1
-1
4106
4115
4124
4133
4142
4151
4160
4169
4178
-1
4187
4196
4205
4214
-1
-1
-1
-1
-1
-1
-1
4223
4232
4241
4250
4259
4268
4277
-1
4286
4295
4304
-1
4313
4322
-1
-1
-1
-1
-1
-1
-1
-1
4331
-1
4340
-1
4349
-1
4358
-1
-1
4367
4376
-1
-1
-1
-1
-1
-1
-1
-1
-1
-1
4385
-1
4394
-1
4403
-1
-1
-1
-1
-1
-1
-1
-1
-1
-1
-1
-1
-1
-1
-1
4412
4421
4430
4439
4448
4457
4466
4475
4484
-1
-1
-1
-1
-1
-1
-1
-1
-1
-1
-1
-1
4493
4502
4511
4520
4529
4538
4547
-1
-1
-1
-1
-1
-1
-1
-1
-1
-1
-1
-1
-1
-1
4556
-1
4565
-1
4574
-1
4583
-1
4592
4601
-1
-1
-1
-1
-1
-1
-1
-1
-1
-1
-1
4610
-1
4619
-1
4628
-1
4637
4646
-1
-1
-1
-1
4655
-1
-1
-1
-1
-1
-1
-1
-1
4664
-1
4673
-1
4682
-1
4691
-1
-1
-1
4700
4709
4718
-1
-1
-1
-1
-1
-1
-1
-1
4727
-1
4736
-1
4745
-1
4754
-1
-1
4763
-1
-1
-1
4772
-1
-1
-1
-1
-1
-1
-1
4781
4790
4799
4808
4817
4826
4835
4844
-1
4853
-1
4862
-1
4871
-1
-1
-1
-1
-1
-1
-1
4880
4889
4898
4907
4916
4925
4934
-1
4943
4952
4961
4970
4979
4988
-1
-1
-1
-1
-1
-1
-1
-1
4997
-1
5006
-1
5015
-1
-1
-1
-1
-1
-1
-1
-1
-1
-1
-1
-1
-1
-1
-1
-1
-1
-1
-1
-1
-1
-1
-1
-1
-1
-1
-1
-1
-1
-1
-1
-1
-1
-1
-1
-1
-1
-1
-1
-1
-1
-1
-1
-1
-1
-1
-1
-1
-1
-1
-1
-1
-1
-1
-1
-1
-1
-1
-1
-1
-1
-1
-1
-1
-1
-1
-1
-1
-1
-1
-1
-1
-1
-1
-1
-1
-1
-1
-1
-1
-1
-1
-1
-1
-1
-1
-1
-1
-1
-1
-1
-1
-1
-1
-1
-1
-1
-1
-1
-1
-1
-1
-1
-1
-1
-1
-1
-1
-1
-1
-1
-1
-1
-1
-1
-1
-1
-1
-1
-1
-1
-1
-1
-1
-1
-1
-1
-1
-1
-1
-1
-1
-1
-1
-1
-1
-1
-1
-1
-1
-1
-1
-1
-1
-1
-1
-1
-1
-1
-1
-1
-1
-1
-1
-1
-1
-1
-1
-1
-1
-1
-1
-1
-1
-1
-1
-1
-1
-1
-1
-1
-1
-1
-1
-1
-1
-1
-1
-1
-1
-1
-1
-1
-1
-1
-1
-1
-1
-1
-1
-1
-1
-1
-1
-1
-1
-1
-1
-1
-1
-1
-1
-1
-1
-1
-1
-1
-1
-1
-1
-1
-1
-1
-1
-1
-1
-1
-1
-1
-1
-1
-1
-1
-1
-1
-1
-1
-1
-1
-1
-1
-1
-1
-1
-1
-1
-1
-1
-1
-1
-1
-1
-1
-1
-1
-1
-1
-1
-1
-1
-1
-1
-1
-1
-1
-1
-1
-1
-1
-1
-1
-1
-1
-1
-1
-1
-1
-1
-1
-1
-1
-1
-1
-1
-1
-1
-1
-1
-1
-1
-1
-1
-1
-1
-1
-1
-1
-1
-1
-1
-1
-1
-1
-1
-1
-1
-1
-1
-1
-1
-1
-1
-1
-1
-1
-1
-1
-1
-1
-1
-1
-1
-1
-1
-1
-1
-1
-1
-1
-1
-1
-1
-1
-1
-1
-1
-1
-1
-1
-1
-1
-1
-1
-1
-1
-1
-1
-1
-1
-1
-1
-1
-1
-1
-1
-1
-1
-1
-1
-1
-1
-1
-1
-1
-1
-1
-1
-1
-1
-1
-1
-1
-1
-1
-1
-1
-1
-1
-1
-1
-1
-1
-1
-1
-1
-1
-1
-1
-1
-1
-1
-1
-1
-1
-1
-1
-1
-1
-1
-1
-1
-1
-1
-1
-1
-1
-1
-1
-1
-1
-1
-1
-1
-1
-1
-1
-1
-1
-1
-1
-1
-1
-1
-1
-1
-1
-1
-1
-1
-1
-1
-1
-1
-1
-1
-1
-1
-1
-1
-1
-1
-1
-1
-1
-1
-1
-1
-1
-1
-1
-1
-1
-1
-1
-1
-1
-1
-1
-1
-1
-1
-1
-1
-1
-1
-1
-1
-1
-1
-1
-1
-1
-1
-1
-1
-1
-1
-1
-1
-1
-1
-1
-1
-1
-1
-1
-1
-1
-1
-1
-1
-1
-1
-1
-1
-1
-1
-1
-1
-1
-1
-1
-1
-1
-1
-1
-1
-1
-1
-1
-1
-1
-1
-1
-1
-1
-1
-1
-1
-1
-1
-1
-1
-1
-1
-1
-1
-1
-1
-1
-1
-1
-1
-1
-1
-1
-1
-1
-1
-1
-1
-1
-1
-1
-1
-1
-1
-1
-1
-1
-1
-1
-1
-1
-1
-1
-1
-1
-1
-1
-1
-1
-1
-1
-1
-1
-1
-1
-1
-1
-1
-1
-1
-1
-1
-1
-1
-1
-1
-1
-1
-1
-1
-1
-1
-1
-1
-1
-1
-1
-1
-1
-1
-1
-1
-1
-1
-1
-1
-1
-1
-1
-1
-1
-1
-1
-1
-1
-1
-1
-1
-1
-1
-1
-1
-1
-1
-1
-1
-1
-1
-1
-1
-1
-1
-1
-1
-1
-1
-1
-1
-1
-1
-1
-1
-1
-1
-1
-1
-1
-1
-1
-1
-1
-1
-1
-1
-1
-1
-1
-1
-1
-1
-1
-1
-1
-1
-1
-1
-1
-1
-1
-1
-1
-1
-1
-1
-1
-1
-1
-1
-1
-1
-1
-1
-1
-1
-1
-1
-1
-1
-1
-1
-1
-1
-1
-1
-1
-1
-1
-1
-1
-1
-1
-1
-1
-1
-1
-1
-1
-1
-1
-1
-1
-1
-1
-1
-1
-1
-1
-1
-1
-1
-1
-1
-1
-1
-1
-1
-1
-1
-1
-1
-1
-1
-1
-1
-1
-1
-1
-1
-1
-1
-1
-1
-1
-1
-1
-1
-1
-1
-1
-1
-1
-1
-1
-1
-1
-1
-1
-1
-1
-1
-1
-1
-1
-1
-1
-1
-1
-1
-1
-1
-1
-1
-1
-1
-1
-1
-1
-1
-1
-1
-1
-1
-1
-1
-1
-1
-1
-1
-1
-1
-1
-1
-1
-1
-1
-1
-1
-1
-1
-1
-1
-1
-1
-1
-1
-1
-1
-1
-1
-1
-1
-1
-1
-1
-1
-1
-1
-1
-1
-1
-1
-1
-1
-1
-1
-1
-1
-1
-1
-1
-1
-1
-1
-1
-1
-1
-1
-1
-1
-1
-1
-1
-1
-1
-1
-1
-1
-1
-1
-1
-1
-1
-1
-1
-1
-1
-1
-1
-1
-1
-1
-1
-1
-1
-1
-1
-1
-1
-1
-1
-1
-1
-1
-1
-1
-1
-1
-1
-1
-1
-1
-1
-1
-1
-1
-1
-1
-1
-1
-1
-1
-1
-1
-1
-1
-1
-1
-1
-1
-1
-1
-1
-1
-1
-1
-1
-1
-1
-1
-1
-1
-1
-1
-1
-1
-1
-1
-1
-1
-1
-1
-1
-1
-1
-1
-1
-1
-1
-1
-1
-1
-1
-1
-1
-1
-1
-1
-1
-1
-1
-1
-1
-1
-1
-1
-1
-1
-1
-1
-1
-1
-1
-1
-1
-1
-1
-1
-1
-1
-1
-1
-1
-1
-1
-1
-1
-1
-1
-1
-1
-1
-1
-1
-1
-1
-1
-1
-1
-1
-1
-1
-1
-1
-1
-1
-1
-1
-1
-1
-1
-1
-1
-1
-1
-1
-1
-1
-1
-1
-1
-1
-1
-1
-1
-1
-1
-1
-1
-1
-1
-1
-1
-1
-1
-1
-1
-1
-1
-1
-1
-1
-1
-1
-1
-1
-1
-1
-1
-1
-1
-1
-1
-1
-1
-1
-1
-1
-1
-1
-1
-1
-1
-1
-1
-1
-1
-1
-1
-1
-1
-1
-1
-1
-1
-1
-1
-1
-1
-1
-1
-1
-1
-1
-1
-1
-1
-1
-1
-1
-1
-1
-1
-1
-1
-1
-1
-1
-1
-1
-1
-1
-1
-1
-1
-1
-1
-1
-1
-1
-1
-1
-1
-1
-1
-1
-1
-1
-1
-1
-1
-1
-1
-1
-1
-1
-1
-1
-1
-1
-1
-1
-1
-1
-1
-1
-1
-1
-1
-1
-1
-1
-1
-1
-1
-1
-1
-1
-1
-1
-1
-1
-1
-1
-1
-1
-1
-1
-1
-1
-1
-1
-1
-1
-1
-1
-1
-1
-1
-1
-1
-1
-1
-1
-1
-1
-1
-1
-1
-1
-1
-1
-1
-1
-1
-1
-1
-1
-1
-1
-1
-1
-1
-1
-1
-1
-1
-1
-1
-1
-1
-1
-1
-1
-1
-1
-1
-1
-1
-1
-1
-1
-1
-1
-1
-1
-1
-1
-1
-1
-1
-1
-1
-1
-1
-1
-1
-1
-1
-1
-1
-1
-1
-1
-1
-1
-1
-1
-1
-1
-1
-1
-1
-1
-1
-1
-1
-1
-1
-1
-1
-1
-1
-1
-1
-1
-1
-1
-1
-1
-1
-1
-1
-1
-1
-1
-1
-1
-1
-1
-1
-1
-1
-1
-1
-1
-1
-1
-1
-1
-1
-1
-1
-1
-1
-1
-1
-1
-1
-1
-1
-1
-1
-1
-1
-1
-1
-1
-1
-1
-1
-1
-1
-1
-1
-1
-1
-1
-1
-1
-1
-1
-1
-1
-1
-1
-1
-1
-1
-1
-1
-1
-1
-1
-1
-1
-1
-1
-1
-1
-1
-1
-1
-1
-1
-1
-1
-1
-1
-1
-1
-1
-1
-1
-1
-1
-1
-1
-1
-1
-1
-1
-1
-1
-1
-1
-1
-1
-1
-1
-1
-1
-1
-1
-1
-1
-1
-1
-1
-1
-1
-1
-1
-1
-1
-1
-1
-1
-1
-1
-1
-1
-1
-1
-1
-1
-1
-1
-1
-1
-1
-1
-1
-1
-1
-1
-1
-1
-1
-1
-1
-1
-1
-1
-1
-1
-1
-1
-1
-1
-1
-1
-1
-1
-1
-1
-1
-1
-1
-1
-1
-1
-1
-1
-1
-1
-1
-1
-1
-1
-1
-1
-1
-1
-1
-1
-1
-1
-1
-1
-1
-1
-1
-1
-1
-1
-1
-1
-1
-1
-1
-1
-1
-1
-1
-1
-1
-1
-1
-1
-1
-1
-1
-1
-1
-1
-1
-1
-1
-1
-1
-1
-1
-1
-1
-1
-1
-1
-1
-1
-1
-1
-1
-1
-1
-1
-1
-1
-1
-1
-1
-1
-1
-1
-1
-1
-1
-1
-1
-1
-1
-1
-1
-1
-1
-1
-1
-1
-1
1739
1740
1741
1742
1743
1744
1745
2727
2728
2729
2730
2731
2732
2733
3802
3803
3804
3805
3806
3807
3808
3838
3839
3840
3841
3842
3843
3844
4135
4136
4137
4138
4139
4140
4141
707
708
709
710
711
712
713
3028
3029
3030
3031
3032
3033
3034
3064
3065
3066
3067
3068
3069
3070
3442
3443
3444
3445
3446
3447
3448
4504
4505
4506
4507
4508
4509
4510
4540
4541
4542
4543
4544
4545
4546
4810
4811
4812
4813
4814
4815
4816
3460
3461
3462
3463
3464
3465
3466
4117
4118
4119
4120
4121
4122
4123
4153
4154
4155
4156
4157
4158
4159
4792
4793
4794
4795
4796
4797
4798
3424
3425
3426
3427
3428
3429
3430
4828
4829
4830
4831
4832
4833
4834
1122
1123
1124
1125
1126
1127
1128
2080
2081
2082
2083
2084
2085
2086
3046
3047
3048
3049
3050
3051
3052
3820
3821
3822
3823
3824
3825
3826
173
174
175
176
177
178
179
4522
4523
4524
4525
4526
4527
4528
1414
1416
1425
1433
1434
1436
1445
1224
1225
1226
1227
1228
1229
1230
1234
1242
1244
1253
1262
1271
1280
1156
1157
1158
1159
1160
1161
1162
2256
2258
2266
2268
2276
2278
2286
1474
1476
1484
1486
1494
1496
1504
3991
3992
3993
3994
3995
3996
3997
4009
4010
4011
4012
4013
4014
4015
491
493
501
503
511
513
521
2430
2432
2440
2442
2450
2452
2460
3289
3290
3291
3292
3293
3294
3295
4666
4667
4668
4669
4670
4671
4672
1316
1318
1326
1328
1336
1338
1346
3946
3947
3948
3949
3950
3951
3952
3964
3965
3966
3967
3968
3969
3970
2297
2299
2307
2309
2317
2319
2327
4621
4622
4623
4624
4625
4626
4627
309
311
319
321
329
331
339
3217
3218
3219
3220
3221
3222
3223
3271
3272
3273
3274
3275
3276
3277
4684
4685
4686
4687
4688
4689
4690
4639
4640
4641
4642
4643
4644
4645
3199
3200
3201
3202
3203
3204
3205
1807
1808
1809
1810
1811
1812
1813
4252
4253
4254
4255
4256
4257
4258
2779
2780
2781
2782
2783
2784
2785
3532
3533
3534
3535
3536
3537
3538
4909
4910
4911
4912
4913
4914
4915
759
760
761
762
763
764
765
3712
3713
3714
3715
3716
3717
3718
3676
3677
3678
3679
3680
3681
3682
4000
4001
4002
4003
4004
4005
4006
4423
4424
4425
4426
4427
4428
4429
3298
3299
3300
3301
3302
3303
3304
4018
4019
4020
4021
4022
4023
4024
4675
4676
4677
4678
4679
4680
4681
3280
3281
3282
3283
3284
3285
3286
3937
3938
3939
3940
3941
3942
3943
3955
3956
3957
3958
3959
3960
3961
4459
4460
4461
4462
4463
4464
4465
4693
4694
4695
4696
4697
4698
4699
2911
2912
2913
2914
2915
2916
2917
2947
2948
2949
2950
2951
2952
2953
3208
3209
3210
3211
3212
3213
3214
4612
4613
4614
4615
4616
4617
4618
3190
3191
3192
3193
3194
3195
3196
4630
4631
4632
4633
4634
4635
4636
1184
1186
1194
1196
1204
1206
1214
3874
3875
3876
3877
3878
3879
3880
3892
3893
3894
3895
3896
3897
3898
2133
2135
2143
2145
2153
2155
2163
4567
4568
4569
4570
4571
4572
4573
217
219
227
229
237
239
247
3145
3146
3147
3148
3149
3150
3151
1663
1665
1673
1675
1683
1685
1693
4045
4046
4047
4048
4049
4050
4051
600
602
610
612
620
622
630
3334
3335
3336
3337
3338
3339
3340
4027
4028
4029
4030
4031
4032
4033
2660
2662
2670
2672
2680
2682
2690
3127
3128
3129
3130
3131
3132
3133
4585
4586
4587
4588
4589
4590
4591
4729
4730
4731
4732
4733
4734
4735
3316
3317
3318
3319
3320
3321
3322
4747
4748
4749
4750
4751
4752
4753
1290
1291
1292
1294
1302
1304
1312
3883
3884
3885
3886
3887
3888
3889
4036
4037
4038
4039
4040
4041
4042
4054
4055
4056
4057
4058
4059
4060
4558
4559
4560
4561
4562
4563
4564
3343
3344
3345
3346
3347
3348
3349
3865
3866
3867
3868
3869
3870
3871
4738
4739
4740
4741
4742
4743
4744
4576
4577
4578
4579
4580
4581
4582
3136
3137
3138
3139
3140
3141
3142
3325
3326
3327
3328
3329
3330
3331
4756
4757
4758
4759
4760
4761
4762
3118
3119
3120
3121
3122
3123
3124
1836
1844
1846
1855
1864
1872
1874
1773
1774
1776
1784
1785
1786
1788
651
660
669
677
678
679
681
1455
1456
1457
1458
1459
1460
1461
1721
1722
1723
1724
1725
1726
1727
4927
4928
4929
4930
4931
4932
4933
4270
4271
4272
4273
4274
4275
4276
4234
4235
4236
4237
4238
4239
4240
4891
4892
4893
4894
4895
4896
4897
3550
3551
3552
3553
3554
3555
3556
3514
3515
3516
3517
3518
3519
3520
1712
1713
1714
1715
1716
1717
1718
299
300
301
302
303
304
305
1131
1133
1141
1142
1143
1145
1153
3811
3812
3813
3814
3815
3816
3817
3847
3848
3849
3850
3851
3852
3853
182
184
192
193
194
196
204
3073
3074
3075
3076
3077
3078
3079
2089
2091
2099
2100
2101
2103
2111
4513
4514
4515
4516
4517
4518
4519
3037
3038
3039
3040
3041
3042
3043
4549
4550
4551
4552
4553
4554
4555
1749
1750
1751
1753
1761
1762
1763
4108
4109
4110
4111
4112
4113
4114
4144
4145
4146
4147
4148
4149
4150
717
718
719
721
729
730
731
2737
2738
2739
2741
2749
2750
2751
3451
3452
3453
3454
3455
3456
3457
4783
4784
4785
4786
4787
4788
4789
3415
3416
3417
3418
3419
3420
3421
4819
4820
4821
4822
4823
4824
4825
3694
3695
3696
3697
3698
3699
3700
1020
1021
1022
1023
1024
1025
1026
1995
1996
1997
1998
1999
2000
2001
2929
2930
2931
2932
2933
2934
2935
4441
4442
4443
4444
4445
4446
4447
120
121
122
123
124
125
126
2387
2389
2397
2398
2399
2401
2410
1900
1901
1902
1903
1904
1905
1906
3586
3587
3588
3589
3590
3591
3592
836
837
838
839
840
841
842
2839
2840
2841
2842
2843
2844
2845
4342
4343
4344
4345
4346
4347
4348
5008
5009
5010
5011
5012
5013
5014
456
458
467
475
476
477
478
3172
3173
3174
3175
3176
3177
3178
3181
3182
3183
3184
3185
3186
3187
2798
2806
2808
2816
2817
2818
2820
3829
3830
3831
3832
3833
3834
3835
3469
3470
3471
3472
3473
3474
3475
3793
3794
3795
3796
3797
3798
3799
4126
4127
4128
4129
4130
4131
4132
4162
4163
4164
4165
4166
4167
4168
4801
4802
4803
4804
4805
4806
4807
3055
3056
3057
3058
3059
3060
3061
4495
4496
4497
4498
4499
4500
4501
3433
3434
3435
3436
3437
3438
3439
4837
4838
4839
4840
4841
4842
4843
3019
3020
3021
3022
3023
3024
3025
4531
4532
4533
4534
4535
4536
4537
3604
3605
3606
3607
3608
3609
3610
3622
3623
3624
3625
3626
3627
3628
2866
2867
2868
2869
2870
2871
2872
4387
4388
4389
4390
4391
4392
4393
4405
4406
4407
4408
4409
4410
4411
2848
2849
2850
2851
2852
2853
2854
1918
1919
1920
1921
1922
1923
1924
4333
4334
4335
4336
4337
4338
4339
4351
4352
4353
4354
4355
4356
4357
3577
3578
3579
3580
3581
3582
3583
4999
5000
5001
5002
5003
5004
5005
3595
3596
3597
3598
3599
3600
3601
5017
5018
5019
5020
5021
5022
5023
3262
3263
3264
3265
3266
3267
3268
936
937
938
939
940
941
942
1505
1506
1507
1508
1509
1510
1511
2857
2858
2859
2860
2861
2862
2863
1487
1488
1489
1490
1491
1492
1493
2461
2462
2463
2464
2465
2466
2467
504
505
506
507
508
509
510
1319
1320
1321
1322
1323
1324
1325
1339
1340
1341
1342
1343
1344
1345
1936
1937
1938
1939
1940
1941
1942
3613
3614
3615
3616
3617
3618
3619
2300
2301
2302
2303
2304
2305
2306
332
333
334
335
336
337
338
4396
4397
4398
4399
4400
4401
4402
93
94
95
96
97
98
99
522
523
524
525
526
527
528
2443
2444
2445
2446
2447
2448
2449
2320
2321
2322
2323
2324
2325
2326
312
313
314
315
316
317
318
1477
1478
1479
1480
1481
1482
1483
1497
1498
1499
1500
1501
1502
1503
514
515
516
517
518
519
520
2433
2434
2435
2436
2437
2438
2439
1347
1348
1349
1350
1351
1352
1353
3253
3254
3255
3256
3257
3258
3259
1329
1330
1331
1332
1333
1334
1335
2328
2329
2330
2331
2332
2333
2334
322
323
324
325
326
327
328
494
495
496
497
498
499
500
2453
2454
2455
2456
2457
2458
2459
340
341
342
343
344
345
346
2310
2311
2312
2313
2314
2315
2316
1582
1591
1600
1609
1618
1627
1636
2420
2421
2422
2423
2424
2425
2426
540
541
542
543
544
545
546
4945
4946
4947
4948
4949
4950
4951
1187
1188
1189
1190
1191
1192
1193
1207
1208
1209
1210
1211
1212
1213
2136
2137
2138
2139
2140
2141
2142
240
241
242
243
244
245
246
1676
1677
1678
1679
1680
1681
1682
1694
1695
1696
1697
1698
1699
1700
2156
2157
2158
2159
2160
2161
2162
220
221
222
223
224
225
226
613
614
615
616
617
618
619
2691
2692
2693
2694
2695
2696
2697
631
632
633
634
635
636
637
2673
2674
2675
2676
2677
2678
2679
1816
1817
1818
1819
1820
1821
1822
4225
4226
4227
4228
4229
4230
4231
4261
4262
4263
4264
4265
4266
4267
768
769
770
771
772
773
774
2788
2789
2790
2791
2792
2793
2794
3541
3542
3543
3544
3545
3546
3547
4882
4883
4884
4885
4886
4887
4888
3505
3506
3507
3508
3509
3510
3511
4918
4919
4920
4921
4922
4923
4924
3163
3164
3165
3166
3167
3168
3169
3919
3920
3921
3922
3923
3924
3925
3928
3929
3930
3931
3932
3933
3934
856
865
874
883
892
901
910
4954
4955
4956
4957
4958
4959
4960
13
22
31
40
49
58
67
1825
1826
1827
1828
1829
1830
1831
927
928
929
930
931
932
933
741
742
743
744
745
746
747
551
560
569
577
578
579
580
4171
4172
4173
4174
4175
4176
4177
1029
1030
1031
1032
1033
1034
1035
3685
3686
3687
3688
3689
3690
3691
3721
3722
3723
3724
3725
3726
3727
274
276
284
285
286
288
296
129
130
131
132
133
134
135
2004
2005
2006
2007
2008
2009
2010
2956
2957
2958
2959
2960
2961
2962
4432
4433
4434
4435
4436
4437
4438
2920
2921
2922
2923
2924
2925
2926
4468
4469
4470
4471
4472
4473
4474
1215
1216
1217
1218
1219
1220
1221
1197
1198
1199
1200
1201
1202
1203
2164
2165
2166
2167
2168
2169
2170
230
231
232
233
234
235
236
248
249
250
251
252
253
254
3496
3497
3498
3499
3500
3501
3502
2146
2147
2148
2149
2150
2151
2152
4315
4316
4317
4318
4319
4320
4321
1686
1687
1688
1689
1690
1691
1692
1666
1667
1668
1669
1670
1671
1672
623
624
625
626
627
628
629
2663
2664
2665
2666
2667
2668
2669
401
410
418
420
429
438
446
603
604
605
606
607
608
609
2683
2684
2685
2686
2687
2688
2689
257
258
260
268
269
270
271
4081
4082
4083
4084
4085
4086
4087
3397
3398
3399
3400
3401
3402
3403
3406
3407
3408
3409
3410
3411
3412
3370
3371
3372
3373
3374
3375
3376
3478
3479
3480
3481
3482
3483
3484
2505
2514
2523
2532
2541
2549
2551
1653
1654
1655
1656
1657
1658
1659
2570
2579
2587
2589
2598
2607
2616
1532
1540
1541
1543
1552
1561
1570
827
828
829
830
831
832
833
640
641
642
643
644
645
646
289
290
291
292
293
294
295
277
278
279
280
281
282
283
4846
4847
4848
4849
4850
4851
4852
4198
4199
4200
4201
4202
4203
4204
4864
4865
4866
4867
4868
4869
4870
4774
4775
4776
4777
4778
4779
4780
4243
4244
4245
4246
4247
4248
4249
4279
4280
4281
4282
4283
4284
4285
3559
3560
3561
3562
3563
3564
3565
4900
4901
4902
4903
4904
4905
4906
3523
3524
3525
3526
3527
3528
3529
4936
4937
4938
4939
4940
4941
4942
84
85
86
87
88
89
90
4099
4100
4101
4102
4103
4104
4105
2184
2193
2202
2211
2220
2229
2238
1235
1236
1237
1238
1239
1240
1241
1245
1246
1247
1248
1249
1250
1251
1263
1264
1265
1266
1267
1268
1269
1254
1255
1256
1257
1258
1259
1260
1272
1273
1274
1275
1276
1277
1278
4981
4982
4983
4984
4985
4986
4987
4990
4991
4992
4993
4994
4995
4996
1764
1765
1766
1767
1768
1769
1770
1754
1755
1756
1757
1758
1759
1760
2752
2753
2754
2755
2756
2757
2758
722
723
724
725
726
727
728
732
733
734
735
736
737
738
2742
2743
2744
2745
2746
2747
2748
1134
1135
1136
1137
1138
1139
1140
1146
1147
1148
1149
1150
1151
1152
197
198
199
200
201
202
203
2092
2093
2094
2095
2096
2097
2098
185
186
187
188
189
190
191
2104
2105
2106
2107
2108
2109
2110
2346
2348
2357
2365
2366
2368
2377
1281
1282
1283
1284
1285
1286
1287
3154
3155
3156
3157
3158
3159
3160
4216
4217
4218
4219
4220
4221
4222
4765
4766
4767
4768
4769
4770
4771
4855
4856
4857
4858
4859
4860
4861
4873
4874
4875
4876
4877
4878
4879
4963
4964
4965
4966
4967
4968
4969
4972
4973
4974
4975
4976
4977
4978
1366
1375
1384
1392
1393
1395
1404
857
858
859
860
861
862
863
481
482
483
484
485
486
487
3226
3227
3228
3229
3230
3231
3232
3667
3668
3669
3670
3671
3672
3673
3703
3704
3705
3706
3707
3708
3709
786
788
797
805
806
808
817
4414
4415
4416
4417
4418
4419
4420
1875
1876
1877
1878
1879
1880
1881
4189
4190
4191
4192
4193
4194
4195
818
819
820
821
822
823
824
2938
2939
2940
2941
2942
2943
2944
2114
2115
2116
2117
2118
2119
2120
2185
2186
2187
2188
2189
2190
2191
2203
2204
2205
2206
2207
2208
2209
4450
4451
4452
4453
4454
4455
4456
2902
2903
2904
2905
2906
2907
2908
1927
1928
1929
1930
1931
1932
1933
4360
4361
4362
4363
4364
4365
4366
1553
1554
1555
1556
1557
1558
1559
2173
2174
2175
2176
2177
2178
2179
3487
3488
3489
3490
3491
3492
3493
1437
1438
1439
1440
1441
1442
1443
2246
2247
2248
2249
2250
2251
2252
4369
4370
4371
4372
4373
4374
4375
4378
4379
4380
4381
4382
4383
4384
2194
2195
2196
2197
2198
2199
2200
2212
2213
2214
2215
2216
2217
2218
2221
2222
2223
2224
2225
2226
2227
2230
2231
2232
2233
2234
2235
2236
2239
2240
2241
2242
2243
2244
2245
689
690
691
692
693
694
695
1417
1418
1419
1420
1421
1422
1423
652
653
654
655
656
657
658
2761
2762
2763
2764
2765
2766
2767
661
662
663
664
665
666
667
670
671
672
673
674
675
676
2770
2771
2772
2773
2774
2775
2776
360
368
370
378
380
388
389
4072
4073
4074
4075
4076
4077
4078
750
751
752
753
754
755
756
1798
1799
1800
1801
1802
1803
1804
3361
3362
3363
3364
3365
3366
3367
698
699
700
701
702
703
704
3352
3353
3354
3355
3356
3357
3358
531
532
533
534
535
536
537
1644
1645
1646
1647
1648
1649
1650
1533
1534
1535
1536
1537
1538
1539
1426
1427
1428
1429
1430
1431
1432
439
440
441
442
443
444
445
430
431
432
433
434
435
436
1789
1790
1791
1792
1793
1794
1795
1856
1857
1858
1859
1860
1861
1862
1865
1866
1867
1868
1869
1870
1871
590
591
592
593
594
595
596
1592
1593
1594
1595
1596
1597
1598
2821
2822
2823
2824
2825
2826
2827
1837
1838
1839
1840
1841
1842
1843
421
422
423
424
425
426
427
381
382
383
384
385
386
387
447
448
449
450
451
452
453
402
403
404
405
406
407
408
411
412
413
414
415
416
417
361
362
363
364
365
366
367
3307
3308
3309
3310
3311
3312
3313
2402
2403
2404
2405
2406
2407
2408
3244
3245
3246
3247
3248
3249
3250
3973
3974
3975
3976
3977
3978
3979
3235
3236
3237
3238
3239
3240
3241
3910
3911
3912
3913
3914
3915
3916
3901
3902
3903
3904
3905
3906
3907
4324
4325
4326
4327
4328
4329
4330
3982
3983
3984
3985
3986
3987
3988
4594
4595
4596
4597
4598
4599
4600
4603
4604
4605
4606
4607
4608
4609
4648
4649
4650
4651
4652
4653
4654
552
553
554
555
556
557
558
468
469
470
471
472
473
474
4306
4307
4308
4309
4310
4311
4312
581
582
583
584
585
586
587
954
955
957
965
966
968
977
2633
2634
2635
2636
2638
2646
2647
875
876
877
878
879
880
881
50
51
52
53
54
55
56
561
562
563
564
565
566
567
570
571
572
573
574
575
576
2
3
4
5
6
7
8
102
103
104
105
106
107
108
845
846
847
848
849
850
851
918
919
920
921
922
923
924
459
460
461
462
463
464
465
1583
1584
1585
1586
1587
1588
1589
866
867
868
869
870
871
872
14
15
16
17
18
19
20
41
42
43
44
45
46
47
59
60
61
62
63
64
65
68
69
70
71
72
73
74
75
76
77
78
79
80
81
23
24
25
26
27
28
29
32
33
34
35
36
37
38
111
112
113
114
115
116
117
777
778
779
780
781
782
783
987
989
997
998
999
1001
1010
1909
1910
1911
1912
1913
1914
1915
3379
3380
3381
3382
3383
3384
3385
1446
1447
1448
1449
1450
1451
1452
2259
2260
2261
2262
2263
2264
2265
884
885
886
887
888
889
890
893
894
895
896
897
898
899
789
790
791
792
793
794
795
798
799
800
801
802
803
804
809
810
811
812
813
814
815
3388
3389
3390
3391
3392
3393
3394
2279
2280
2281
2282
2283
2284
2285
1305
1306
1307
1308
1309
1310
1311
902
903
904
905
906
907
908
911
912
913
914
915
916
917
1165
1166
1167
1168
1169
1170
1171
2123
2124
2125
2126
2127
2128
2129
2287
2288
2289
2290
2291
2292
2293
1295
1296
1297
1298
1299
1300
1301
2624
2625
2626
2627
2628
2629
2630
2269
2270
2271
2272
2273
2274
2275
2411
2412
2413
2414
2415
2416
2417
1619
1620
1621
1622
1623
1624
1625
2571
2572
2573
2574
2575
2576
2577
2599
2600
2601
2602
2603
2604
2605
2650
2651
2652
2653
2654
2655
2656
2718
2719
2720
2721
2722
2723
2724
1610
1611
1612
1613
1614
1615
1616
2590
2591
2592
2593
2594
2595
2596
2617
2618
2619
2620
2621
2622
2623
4657
4658
4659
4660
4661
4662
4663
4702
4703
4704
4705
4706
4707
4708
4711
4712
4713
4714
4715
4716
4717
1038
1039
1040
1041
1042
1043
1044
1601
1602
1603
1604
1605
1606
1607
1628
1629
1630
1631
1632
1633
1634
1637
1638
1639
1640
1641
1642
1643
2580
2581
2582
2583
2584
2585
2586
1048
1056
1057
1059
1068
1076
1077
1703
1704
1705
1706
1707
1708
1709
2709
2710
2711
2712
2713
2714
2715
2524
2525
2526
2527
2528
2529
2530
1571
1572
1573
1574
1575
1576
1577
1945
1946
1948
1956
1957
1958
1960
2552
2553
2554
2555
2556
2557
2558
2608
2609
2610
2611
2612
2613
2614
138
139
140
141
142
143
144
1730
1731
1732
1733
1734
1735
1736
2014
2022
2023
2024
2026
2034
2035
4063
4064
4065
4066
4067
4068
4069
148
156
157
158
159
160
161
1081
1082
1083
1085
1094
1102
1103
1049
1050
1051
1052
1053
1054
1055
1104
1105
1106
1107
1108
1109
1110
958
959
960
961
962
963
964
978
979
980
981
982
983
984
990
991
992
993
994
995
996
1069
1070
1071
1072
1073
1074
1075
1970
1972
1980
1981
1982
1984
1992
1002
1003
1004
1005
1006
1007
1008
2040
2048
2049
2051
2059
2060
2061
1011
1012
1013
1014
1015
1016
1017
1949
1950
1951
1952
1953
1954
1955
1086
1087
1088
1089
1090
1091
1092
1095
1096
1097
1098
1099
1100
1101
1973
1974
1975
1976
1977
1978
1979
1113
1114
1115
1116
1117
1118
1119
2062
2063
2064
2065
2066
2067
2068
1961
1962
1963
1964
1965
1966
1967
2015
2016
2017
2018
2019
2020
2021
1985
1986
1987
1988
1989
1990
1991
2027
2028
2029
2030
2031
2032
2033
149
150
151
152
153
154
155
2041
2042
2043
2044
2045
2046
2047
2052
2053
2054
2055
2056
2057
2058
2884
2885
2886
2887
2888
2889
2890
2983
2984
2985
2986
2987
2988
2989
3631
3632
3633
3634
3635
3636
3637
1777
1778
1779
1780
1781
1782
1783
2893
2894
2895
2896
2897
2898
2899
3640
3641
3642
3643
3644
3645
3646
3730
3731
3732
3733
3734
3735
3736
2875
2876
2877
2878
2879
2880
2881
2992
2993
2994
2995
2996
2997
2998
2965
2966
2967
2968
2969
2970
2971
164
165
166
167
168
169
170
2974
2975
2976
2977
2978
2979
2980
3748
3749
3750
3751
3752
3753
3754
371
372
373
374
375
376
377
2639
2640
2641
2642
2643
2644
2645
3001
3002
3003
3004
3005
3006
3007
3649
3650
3651
3652
3653
3654
3655
3658
3659
3660
3661
3662
3663
3664
3757
3758
3759
3760
3761
3762
3763
3766
3767
3768
3769
3770
3771
3772
2071
2072
2073
2074
2075
2076
2077
3775
3776
3777
3778
3779
3780
3781
3784
3785
3786
3787
3788
3789
3790
3739
3740
3741
3742
3743
3744
3745
4090
4091
4092
4093
4094
4095
4096
4477
4478
4479
4480
4481
4482
4483
1464
1465
1466
1467
1468
1469
1470
682
683
684
685
686
687
688
1882
1883
1884
1885
1886
1887
1888
3010
3011
3012
3013
3014
3015
3016
4720
4721
4722
4723
4724
4725
4726
2506
2507
2508
2509
2510
2511
2512
2358
2359
2360
2361
2362
2363
2364
1405
1406
1407
1408
1409
1410
1411
1060
1061
1062
1063
1064
1065
1066
1356
1357
1358
1359
1360
1361
1362
1514
1515
1516
1517
1519
1527
1528
2390
2391
2392
2393
2394
2395
2396
1544
1545
1546
1547
1548
1549
1550
1376
1377
1378
1379
1380
1381
1382
1385
1386
1387
1388
1389
1390
1391
1396
1397
1398
1399
1400
1401
1402
2337
2338
2339
2340
2341
2342
2343
2471
2479
2481
2489
2491
2499
2500
2559
2560
2561
2562
2563
2564
2565
2349
2350
2351
2352
2353
2354
2355
1367
1368
1369
1370
1371
1372
1373
2542
2543
2544
2545
2546
2547
2548
2378
2379
2380
2381
2382
2383
2384
2369
2370
2371
2372
2373
2374
2375
2515
2516
2517
2518
2519
2520
2521
349
350
351
352
353
354
355
390
391
392
393
394
395
396
2799
2800
2801
2802
2803
2804
2805
261
262
263
264
265
266
267
1891
1892
1893
1894
1895
1896
1897
2830
2831
2832
2833
2834
2835
2836
1847
1848
1849
1850
1851
1852
1853
2809
2810
2811
2812
2813
2814
2815
2472
2473
2474
2475
2476
2477
2478
207
208
209
210
211
212
213
1174
1175
1176
1177
1178
1179
1180
3091
3092
3093
3094
3095
3096
3097
3100
3101
3102
3103
3104
3105
3106
3856
3857
3858
3859
3860
3861
3862
4180
4181
4182
4183
4184
4185
4186
4207
4208
4209
4210
4211
4212
4213
4288
4289
4290
4291
4292
4293
4294
2533
2534
2535
2536
2537
2538
2539
945
946
947
948
949
950
951
2700
2701
2702
2703
2704
2705
2706
3082
3083
3084
3085
3086
3087
3088
3109
3110
3111
3112
3113
3114
3115
3568
3569
3570
3571
3572
3573
3574
4297
4298
4299
4300
4301
4302
4303
4486
4487
4488
4489
4490
4491
4492
1562
1563
1564
1565
1566
1567
1568
969
970
971
972
973
974
975
1520
1521
1522
1523
1524
1525
1526
2482
2483
2484
2485
2486
2487
2488
2492
2493
2494
2495
2496
2497
2498
)


// ************************************************************************* //
