/*--------------------------------*- C++ -*----------------------------------*\
| =========                 |                                                 |
| \\      /  F ield         | OpenFOAM: The Open Source CFD Toolbox           |
|  \\    /   O peration     | Version:  5.0                                   |
|   \\  /    A nd           | Web:      www.OpenFOAM.org                      |
|    \\/     M anipulation  |                                                 |
\*---------------------------------------------------------------------------*/
FoamFile
{
    version     2.0;
    format      ascii;
    class       volScalarField;
    location    "4.7";
    object      p_rgh;
}
// * * * * * * * * * * * * * * * * * * * * * * * * * * * * * * * * * * * * * //

dimensions      [1 -1 -2 0 0 0 0];

internalField   nonuniform List<scalar> 
8955
(
101.237
105.479
97.774
28.7665
91.4812
98.1862
100.607
97.2476
93.7424
91.2631
88.6768
86.1083
83.5422
81.0075
78.4858
75.9865
73.5035
71.049
68.6161
66.2164
63.8214
61.4404
59.0906
56.7335
54.4023
52.0909
49.7787
47.4679
45.1737
42.9107
40.6421
38.3975
36.1845
33.9614
31.7292
29.5309
27.3852
25.2762
23.1762
21.0683
18.9897
16.9561
14.9244
12.8683
10.8382
8.85629
6.87837
4.89512
2.9326
0.980054
98.376
98.4421
103.671
101.474
107.421
103.502
100.285
97.3728
93.9032
91.3751
88.7521
86.1555
83.5939
81.0393
78.5005
76.0061
73.51
71.0695
68.6509
66.2253
63.8275
61.445
59.0833
56.7323
54.3893
52.0691
49.7685
47.4719
45.1892
42.9162
40.6585
38.4125
36.1799
33.9506
31.7304
29.5366
27.3808
25.2597
23.1558
21.0669
18.9951
16.9599
14.9292
12.8854
10.846
8.84816
6.86806
4.89228
2.9309
0.979491
99.3382
98.4768
98.7232
103.777
100.901
100.908
100.337
97.9215
94.0713
91.4476
88.8196
86.1866
83.6012
81.0526
78.5154
76.0005
73.531
71.1007
68.6723
66.2271
63.8324
61.4492
59.0774
56.7324
54.3946
52.0671
49.7588
47.4773
45.1955
42.9163
40.6621
38.4111
36.1603
33.9396
31.7415
29.5517
27.38
25.2502
23.1527
21.067
19.004
16.9587
14.9221
12.8853
10.8562
8.8456
6.86235
4.89465
2.93761
0.979924
100.725
99.5851
98.8719
101.125
98.4813
98.747
100.397
99.1031
94.271
91.5556
88.8834
86.2494
83.6272
81.0591
78.5254
76.0121
73.5342
71.0933
68.6488
66.2296
63.8392
61.4486
59.0805
56.7328
54.4058
52.0778
49.7577
47.4835
45.1924
42.907
40.6622
38.4052
36.154
33.9344
31.7482
29.5684
27.3866
25.2465
23.1552
21.0784
19.0095
16.946
14.8956
12.8775
10.8636
8.84856
6.86286
4.90185
2.94302
0.975594
101.69
101.492
100.62
99.1035
100.224
100.619
100.73
100.455
95.072
91.4543
88.8877
86.2267
83.6323
81.0584
78.5333
76.0202
73.5469
71.0848
68.6296
66.2326
63.8436
61.4486
59.0859
56.7359
54.4142
52.0925
49.7672
47.4775
45.1773
42.899
40.656
38.3967
36.1508
33.9328
31.7488
29.5774
27.3965
25.2517
23.1586
21.0852
19.009
16.931
14.8777
12.8662
10.8611
8.8506
6.87108
4.91604
2.95107
0.973303
101.891
103.442
107.496
98.9792
102.101
102.314
101.13
100.662
95.1451
91.4439
88.8696
86.213
83.6208
81.0571
78.5422
76.03
73.5556
71.0875
68.6248
66.2207
63.838
61.4417
59.0852
56.7454
54.4191
52.1048
49.7773
47.4726
45.1716
42.8943
40.649
38.3927
36.1442
33.935
31.7521
29.5795
27.4086
25.2624
23.1617
21.0865
19.0024
16.9195
14.8684
12.8582
10.8576
8.85533
6.8869
4.94102
2.9621
0.976296
103.146
104.328
117.814
103.445
110.958
101.559
101.252
100.507
94.2215
91.4621
88.8213
86.1907
83.6196
81.058
78.5294
76.0224
73.5511
71.0948
68.6266
66.2083
63.8253
61.4411
59.0827
56.753
54.4253
52.1052
49.7833
47.4683
45.1692
42.8991
40.6458
38.3806
36.1372
33.9411
31.7553
29.574
27.4132
25.2763
23.164
21.0775
18.9959
16.9154
14.8671
12.8554
10.8531
8.85708
6.8933
4.94007
2.96582
0.985293
101.804
100.861
109.492
130.403
114.863
102.641
100.426
98.58
93.8444
91.2987
88.7118
86.1303
83.5831
81.0348
78.4939
76.0162
73.5378
71.0789
68.6406
66.2005
63.8141
61.4354
59.0806
56.7539
54.4245
52.1077
49.7842
47.4652
45.1859
42.9101
40.6415
38.3768
36.1409
33.9478
31.7535
29.5626
27.413
25.2857
23.1688
21.0705
18.9902
16.9216
14.8773
12.8585
10.8508
8.85884
6.89144
4.92913
2.96449
0.98938
101.655
101.377
89.2375
103.366
101.632
94.2108
99.4857
96.8732
93.6302
91.2041
88.6528
86.1024
83.5558
81.0149
78.4938
76.0063
73.5088
71.057
68.6229
66.206
63.8055
61.4277
59.0846
56.7487
54.4255
52.1081
49.7799
47.4653
45.1767
42.9066
40.6308
38.3773
36.1584
33.9536
31.7461
29.5532
27.4096
25.2918
23.1735
21.0696
18.9882
16.9318
14.8931
12.8596
10.8466
8.85995
6.8841
4.91726
2.95127
0.989995
101.535
102.875
106.407
104.896
106.887
103.813
100.183
96.989
93.6653
91.2027
88.6447
86.0838
83.5231
81.0068
78.4877
75.9895
73.505
71.0542
68.6202
66.2102
63.8056
61.4307
59.0881
56.7383
54.415
52.1036
49.7837
47.4668
45.1737
42.9077
40.6332
38.385
36.1755
33.9581
31.7339
29.5365
27.3929
25.2846
23.1757
21.0684
18.9896
16.9481
14.9134
12.8613
10.841
8.86304
6.88479
4.90558
2.93792
0.980356
99.424
105.126
100.763
83.2067
79.0814
101.769
100.652
97.2444
93.7428
91.263
88.677
86.1084
83.542
81.0075
78.4857
75.9863
73.5034
71.0491
68.6162
66.2161
63.8214
61.4404
59.0906
56.7333
54.4023
52.0909
49.7786
47.4679
45.1737
42.9107
40.6421
38.3975
36.1846
33.9612
31.7292
29.5308
27.3852
25.2762
23.1761
21.0683
18.9896
16.9562
14.9245
12.8683
10.8382
8.85633
6.8783
4.89483
2.93255
0.980128
100.533
97.137
97.1972
104.797
104.755
103.971
100.309
97.3717
93.9036
91.3749
88.7521
86.1555
83.5939
81.0393
78.5005
76.0059
73.5099
71.0696
68.6509
66.2252
63.8276
61.4451
59.0829
56.7321
54.3892
52.0692
49.7684
47.4719
45.1891
42.9162
40.6591
38.4126
36.1799
33.9506
31.7304
29.5366
27.3807
25.2598
23.1557
21.0661
18.9951
16.96
14.9292
12.8851
10.8461
8.84816
6.86789
4.89227
2.93105
0.979443
99.2081
98.0321
98.5473
100.708
101.181
100.575
100.308
97.9123
94.0727
91.4475
88.8196
86.1866
83.6012
81.0526
78.5153
76.0005
73.531
71.1006
68.6723
66.227
63.8322
61.4491
59.0773
56.7324
54.3946
52.067
49.7589
47.4773
45.1956
42.9163
40.6619
38.411
36.1604
33.9396
31.7416
29.5517
27.3799
25.2502
23.1526
21.0669
19.0042
16.9588
14.9221
12.8852
10.8562
8.84543
6.86221
4.89472
2.93763
0.979921
100.857
99.0002
98.2089
101.004
101.284
98.7152
100.34
98.9843
94.2713
91.5554
88.8834
86.2493
83.6271
81.0591
78.5254
76.0121
73.5341
71.0931
68.6487
66.2295
63.8392
61.4486
59.0805
56.7329
54.4056
52.0776
49.7578
47.4836
45.1925
42.9068
40.662
38.4052
36.154
33.9344
31.7482
29.5683
27.3865
25.2465
23.1552
21.0784
19.0095
16.9458
14.8955
12.8774
10.8636
8.84855
6.86275
4.90185
2.94301
0.975446
101.411
102.019
102.645
99.8529
100.189
100.544
100.693
100.494
95.072
91.4551
88.8875
86.2267
83.6321
81.0584
78.5334
76.0203
73.5469
71.0848
68.6295
66.2328
63.8436
61.4483
59.0855
56.736
54.414
52.0926
49.7673
47.4775
45.1771
42.8989
40.6561
38.3967
36.1507
33.9328
31.7488
29.5773
27.3964
25.2517
23.1586
21.0856
19.0089
16.931
14.8776
12.8662
10.8612
8.85058
6.87104
4.91597
2.95098
0.973359
101.841
102.229
105.012
98.6687
102.229
101.709
101.117
100.651
95.142
91.4446
88.8693
86.213
83.621
81.0571
78.5421
76.0299
73.5556
71.0876
68.6247
66.2206
63.8383
61.4416
59.0851
56.7454
54.4191
52.1048
49.7772
47.4725
45.1715
42.8945
40.649
38.3926
36.144
33.935
31.7521
29.5794
27.4086
25.2623
23.1617
21.0866
19.0023
16.9195
14.8684
12.8582
10.8575
8.85531
6.88687
4.94104
2.96182
0.976259
102.91
104.354
109.577
102.816
107.832
101.384
101.225
100.539
94.222
91.462
88.8213
86.1907
83.6195
81.058
78.5294
76.0224
73.5511
71.0946
68.6266
66.2084
63.8252
61.4411
59.0827
56.753
54.4252
52.1051
49.7833
47.4683
45.1693
42.899
40.6461
38.3804
36.1372
33.941
31.7552
29.5738
27.4132
25.2762
23.164
21.0775
18.9959
16.9152
14.8671
12.8554
10.853
8.85707
6.89339
4.94014
2.96575
0.985419
101.875
102.214
110.237
86.9461
108.777
102.569
100.385
98.4189
93.845
91.2986
88.7118
86.1302
83.5831
81.0348
78.4938
76.0162
73.538
71.0786
68.6407
66.2004
63.8141
61.4355
59.0806
56.7539
54.4245
52.1079
49.7842
47.4651
45.1857
42.9101
40.6414
38.3767
36.1409
33.9478
31.7535
29.5626
27.4131
25.2857
23.1688
21.0704
18.9901
16.9216
14.8772
12.8585
10.8507
8.85882
6.89143
4.92911
2.96454
0.989355
101.296
105.096
104.641
101.784
104.015
95.4449
99.4972
96.8675
93.6308
91.204
88.6528
86.1024
83.5558
81.0148
78.4938
76.0065
73.5089
71.057
68.6229
66.2061
63.8055
61.4277
59.0846
56.7487
54.4255
52.1081
49.7798
47.4652
45.1767
42.9066
40.6309
38.3772
36.1584
33.9538
31.746
29.5532
27.4095
25.2917
23.1734
21.0696
18.9883
16.9318
14.8931
12.8594
10.8466
8.8599
6.88399
4.91723
2.95134
0.989993
100.737
102.936
105.04
106.612
103.147
106.584
100.203
96.9865
93.6657
91.2025
88.6448
86.0834
83.5229
81.007
78.4877
75.9898
73.505
71.054
68.6203
66.21
63.8055
61.4307
59.0881
56.7383
54.415
52.1036
49.7835
47.4668
45.1737
42.9075
40.633
38.3849
36.1756
33.9581
31.7338
29.5366
27.393
25.2846
23.1757
21.0683
18.9896
16.948
14.9133
12.8612
10.841
8.86315
6.88466
4.90556
2.93797
0.980342
99.7554
105.009
95.3102
69.3984
107.877
101.04
100.645
97.2479
93.7423
91.263
88.6769
86.1085
83.5418
81.0074
78.4856
75.9859
73.5034
71.049
68.6163
66.2159
63.8214
61.4405
59.0905
56.7332
54.4023
52.0909
49.7784
47.4678
45.1735
42.9106
40.6421
38.3976
36.1846
33.961
31.7291
29.5307
27.385
25.2761
23.1761
21.0682
18.9894
16.9563
14.9245
12.8684
10.8382
8.85644
6.87814
4.89474
2.93251
0.980072
98.5064
97.0431
97.846
101.702
105.74
103.39
100.305
97.3721
93.903
91.375
88.752
86.1554
83.5938
81.0392
78.5004
76.0057
73.5099
71.0696
68.6505
66.225
63.8276
61.4451
59.0827
56.7318
54.3891
52.0692
49.7682
47.4718
45.1892
42.9164
40.6591
38.4126
36.1797
33.9506
31.7303
29.5365
27.3807
25.2601
23.1555
21.0661
18.995
16.96
14.929
12.8843
10.8461
8.84818
6.86775
4.89222
2.93101
0.979254
99.9085
98.4768
99.0653
104.224
101.19
100.805
100.324
97.9158
94.0726
91.4475
88.8195
86.1865
83.6011
81.0525
78.5153
76.0004
73.5309
71.1003
68.6723
66.2269
63.832
61.4491
59.0771
56.7327
54.3946
52.0669
49.7588
47.4772
45.1956
42.9164
40.6618
38.4106
36.1604
33.9397
31.7416
29.5517
27.3797
25.2502
23.1526
21.0668
19.0044
16.9589
14.9221
12.8848
10.8565
8.84532
6.86212
4.89471
2.93759
0.979616
99.9127
100.175
98.074
101.704
103.299
98.2297
100.367
98.9933
94.2709
91.5552
88.8833
86.2492
83.627
81.059
78.5253
76.012
73.5341
71.0928
68.6486
66.2293
63.8393
61.4485
59.0804
56.7329
54.4054
52.0774
49.7579
47.4835
45.1925
42.9068
40.6619
38.4051
36.1539
33.9343
31.7482
29.5682
27.3865
25.2465
23.1552
21.0784
19.0095
16.9455
14.8953
12.8774
10.8637
8.84846
6.86264
4.90183
2.94288
0.975104
102.052
101.552
100.278
100.575
100.631
100.395
100.707
100.489
95.0724
91.4548
88.8876
86.2265
83.6319
81.0583
78.5333
76.0202
73.5468
71.0847
68.6293
66.2328
63.8436
61.4482
59.0854
56.7359
54.4137
52.0926
49.7673
47.4775
45.177
42.8988
40.6561
38.3967
36.1506
33.9327
31.7488
29.5772
27.3962
25.2516
23.1586
21.0858
19.0088
16.931
14.8775
12.8662
10.8611
8.85051
6.8712
4.91583
2.95088
0.973242
101.912
102.491
104.614
99.979
102.252
101.639
101.137
100.678
95.1425
91.4441
88.8693
86.2128
83.6211
81.057
78.5419
76.0298
73.5555
71.0876
68.6246
66.2206
63.8382
61.4414
59.0849
56.7454
54.4191
52.1048
49.7772
47.4723
45.1715
42.8948
40.6492
38.3924
36.1438
33.9349
31.752
29.5793
27.4086
25.2622
23.1616
21.0865
19.002
16.9194
14.8685
12.8584
10.8573
8.85523
6.88685
4.94102
2.96139
0.97623
102.896
104.647
109.718
102.106
106.849
101.372
101.21
100.534
94.2216
91.4619
88.8212
86.1906
83.6194
81.0579
78.5293
76.0223
73.551
71.0944
68.6265
66.2084
63.825
61.441
59.0826
56.7529
54.425
52.105
49.7831
47.4686
45.1696
42.899
40.6461
38.3803
36.1371
33.9409
31.755
29.5736
27.4132
25.2762
23.1639
21.0775
18.9959
16.915
14.8671
12.8553
10.8528
8.85699
6.89348
4.93995
2.96517
0.985367
101.891
106.164
102.864
90.3528
108.617
103.053
100.379
98.4281
93.8448
91.2986
88.7117
86.1301
83.583
81.0347
78.4938
76.0161
73.5383
71.0783
68.6408
66.2004
63.814
61.4356
59.0808
56.7538
54.4244
52.108
49.7841
47.4649
45.1855
42.9101
40.6413
38.3766
36.1408
33.9477
31.7534
29.5627
27.413
25.2856
23.1687
21.0703
18.99
16.9216
14.8771
12.8584
10.8506
8.85875
6.89137
4.92906
2.96452
0.989344
102.019
108.406
97.1389
105.799
109.17
105.629
99.4753
96.8686
93.6306
91.204
88.6527
86.1023
83.5557
81.0147
78.4937
76.0066
73.5088
71.0569
68.6229
66.206
63.8054
61.4276
59.0845
56.7486
54.4252
52.108
49.7797
47.4651
45.1773
42.9067
40.631
38.3771
36.159
33.9537
31.7458
29.5531
27.4095
25.2915
23.1733
21.0695
18.9883
16.932
14.893
12.8592
10.8465
8.85982
6.88389
4.91715
2.95128
0.989897
100.552
103.057
105.017
102.687
107.082
104.237
100.202
96.9865
93.6652
91.2026
88.6448
86.0833
83.5226
81.007
78.4877
75.99
73.5049
71.0539
68.6203
66.2099
63.8053
61.4306
59.088
56.7382
54.4149
52.1035
49.7831
47.4668
45.174
42.9073
40.6329
38.385
36.1756
33.958
31.7337
29.5366
27.3929
25.2844
23.1757
21.0683
18.9896
16.948
14.9132
12.861
10.8409
8.86307
6.88448
4.90542
2.93796
0.98027
99.8621
100.33
100.195
101.765
99.8616
99.7843
100.184
100.386
101.627
100.575
103.979
100.384
101.588
100.574
100.173
99.7517
100.15
100.657
100.153
100.337
100.14
100.285
100.113
100.534
99.7925
100.302
100.124
100.448
100.632
107.149
100.969
100.59
100.598
107.119
100.909
101.044
104.44
101.349
101.962
101.034
100.615
101.351
100.951
104.674
100.996
101.412
100.937
103.992
100.955
100.595
97.2153
98.9698
102.556
100.593
97.2032
98.9692
99.0732
99.1182
99.2466
97.3472
99.0752
100.966
99.2524
100.501
100.946
100.26
104.546
100.495
101.032
100.255
99.8596
100.448
100.191
102.45
99.8642
101.437
100.187
100.386
101.607
100.576
102.966
100.377
101.746
100.585
100.144
99.4099
100.083
100.713
100.157
99.6842
100.143
100.231
100.028
100.433
97.9435
100.241
99.8811
100.358
100.572
107.342
100.883
100.43
100.596
122.255
100.888
101.006
100.782
101.381
102.869
101.021
101.703
101.37
101.292
104.023
100.959
101.499
101.389
104.78
100.96
100.591
97.3858
98.9701
104.26
100.613
98.5895
98.9691
99.0861
101.884
99.2587
94.9041
99.0696
99.7209
99.2678
100.514
101.037
100.252
104.215
100.483
100.881
100.25
99.87
102.534
100.187
100.814
99.8728
101.741
100.201
100.389
101.619
100.585
103.348
100.385
103.999
100.59
100.193
99.6705
100.128
100.803
100.144
99.5651
100.133
100.277
99.7752
100.445
98.134
100.253
100.303
100.38
100.594
94.0851
100.885
100.389
100.572
91.6758
100.916
101.024
101.191
101.362
100.958
101.023
102.065
101.348
101.335
104.003
100.977
101.566
101.22
104.046
100.995
100.61
98.8565
98.9787
103.002
100.621
99.8169
98.9711
99.0721
99.7285
99.2791
96.7129
99.0677
100.062
99.276
100.488
100.861
100.254
104.311
100.475
101.347
100.255
100.313
106.838
98.5104
91.6331
100.29
106.086
98.4416
98.5682
99.3577
94.0616
98.3391
93.6525
98.5179
99.345
98.7163
100.21
98.467
100.648
98.7106
100.191
98.4752
108.2
98.3855
107.096
104.941
108.788
96.9397
106.179
101.34
101.394
102.861
105.227
100.827
102.176
101.534
98.7728
100.486
98.8662
100.306
98.7831
100.486
98.8579
102.872
107.443
104.304
101.38
104.578
105.125
102.916
100.526
100.027
101.026
101.012
99.9927
100.034
100.518
98.912
100.146
99.9367
100.368
98.7892
100.076
99.9783
112.663
99.7619
100.087
101.132
100.313
100.171
100.083
100.464
100.796
102.717
98.5987
100.229
100.761
100.453
100.36
100.59
100.597
100.362
100.394
100.587
100.602
100.4
104.776
111.748
100.253
100.345
103.559
108.022
100.711
100.569
99.8575
100.622
100.547
99.865
100.684
100.662
100.845
100.863
100.698
100.663
100.844
100.864
102.711
109.037
115.682
102.552
102.48
106.312
108.179
101.622
101.372
102.029
101.929
101.369
102.029
101.618
100.936
101.239
100.985
101.122
100.938
101.24
100.986
112.053
108.213
104.469
110.097
110.542
105.715
103.798
101.754
101.308
104.544
101.552
101.157
102.677
101.706
100.937
100.852
100.516
101.217
100.94
100.847
100.536
101.878
110.821
94.1122
108.365
100.425
104.374
93.8779
100.695
101.285
103.373
102.438
101.154
105.618
100.708
100.107
99.3947
98.2435
100.396
100.141
99.3871
98.0995
109.634
99.4748
86.6427
102.596
134.947
98.7475
86.5333
97.1519
98.549
89.8685
93.8318
98.5314
88.5741
96.498
98.0119
99.5376
97.659
99.5071
97.9434
99.5486
97.6611
110.566
102.421
103.536
102.595
111.951
101.693
103.49
102.187
102.188
106.37
103.813
102.194
106.326
102.203
98.1407
100.491
98.3278
100.201
98.15
100.522
98.3364
102.662
103.732
100.565
93.7895
100.623
103.741
102.739
98.3966
99.29
101.998
101.609
98.5505
101.914
99.2273
98.7088
100.202
98.4731
100.648
98.7086
100.198
98.472
108.818
96.9172
105.502
103.498
107.592
96.0059
103.694
101.378
100.587
102.327
103.878
101.322
100.665
102.613
98.7815
100.491
98.8563
100.308
98.7809
100.485
98.8577
102.14
103.554
102.924
101.137
102.442
98.7698
111.366
100.385
99.9929
100.704
101.098
100.489
99.9814
100.603
98.7815
100.051
99.982
100.335
98.7831
100.043
99.9843
100.248
99.3524
100.471
105.531
96.6969
99.2476
99.7294
100.375
100.246
100.689
98.8215
100.384
100.219
100.985
100.402
100.587
100.602
100.399
100.395
100.6
100.602
100.346
103.683
105.385
100.004
100.441
103.929
105.615
100.651
100.517
99.8422
100.482
100.644
100.485
99.8631
100.664
100.845
100.873
100.772
100.663
100.845
100.871
102.351
106.086
104.952
102.11
102.595
106.042
119.557
101.599
101.331
101.89
101.566
101.611
101.328
101.856
100.952
101.242
100.986
101.144
100.948
101.247
100.984
110.847
105.859
103.743
107.031
111.315
105.948
103.481
101.617
101.148
102.358
101.474
101.643
101.184
102.344
100.94
100.842
100.54
101.217
100.939
100.843
100.538
102.875
101.737
94.925
108.425
103.93
104.013
114.055
100.686
101.217
101.458
102.7
100.731
101.495
101.414
100.144
99.4101
98.0887
100.395
100.145
99.4016
98.0899
99.641
97.5768
79.9182
106.508
98.7486
101.742
89.661
96.8902
98.5283
89.9644
95.0849
97.7928
99.2291
84.4811
97.9385
99.5487
97.6569
99.4808
97.9387
99.5467
97.657
110.348
103.284
103.609
107.169
107.436
101.68
103.328
102.054
102.414
106.698
124.392
102.074
102.359
111.738
98.1483
100.526
98.3356
100.203
98.1483
100.516
98.3339
99.4243
107.208
108.387
107.661
98.1117
108.875
102.916
98.4855
99.1932
101.962
101.013
98.4557
103.972
99.2079
98.711
100.191
98.4739
100.604
98.7162
100.217
98.4664
104.426
98.6899
102.503
107.255
104.516
100.073
102.293
101.59
101.03
102.486
104.403
101.504
101.051
102.785
98.7822
100.489
98.8601
100.283
98.7711
100.487
98.8653
99.0003
98.9788
114.523
101.936
98.2584
97.4199
104.324
100.398
99.9819
100.516
100.805
100.406
100.194
100.544
98.7894
100.09
99.9756
100.346
98.9119
100.121
99.937
105.902
99.3216
100.315
104.403
97.5922
100.13
99.6312
100.668
100.231
100.641
98.0322
100.559
100.247
100.806
100.393
100.576
100.603
100.357
100.359
100.572
100.598
100.621
103.951
105.779
100.316
100.313
104.176
101.374
100.495
100.459
101.03
100.399
101.201
100.466
101.035
100.667
100.848
100.898
100.706
100.663
100.85
100.863
102.47
105.769
106.034
103.217
100.943
106.785
106.176
101.569
101.451
101.382
101.069
101.591
101.321
101.381
100.971
101.248
100.986
101.133
100.942
101.242
100.986
108.399
114.819
104.311
105.381
109.983
111.339
103.695
101.628
101.474
102.275
100.872
101.728
101.542
102.23
100.94
100.838
100.535
101.245
100.935
100.843
100.516
105.355
103.497
129.928
111.889
103.307
101.373
113.362
100.711
101.621
101.388
103.074
100.713
101.366
101.266
100.142
99.4352
98.1021
100.399
100.106
99.4144
98.2377
99.0319
100.827
94.3215
110.643
102.222
102.442
91.3314
98.0572
98.7494
117.557
95.3259
98.2576
98.7271
116.075
97.9438
99.5458
97.6613
99.4817
98.0112
99.5342
97.6588
107.396
102.666
104.14
109.11
107.049
102.933
103.46
101.926
102.279
101.212
104.33
101.941
102.254
101.446
98.15
100.513
98.3355
100.184
98.1402
100.483
98.3276
100.314
100.711
99.7228
99.8633
99.7198
100.314
100.687
100.208
101.439
100.791
100.663
101.365
100.643
100.127
100.538
100.133
100.488
100.174
100.128
100.489
100.555
98.5218
110.382
99.3266
105.796
101.428
98.5516
99.3681
100.298
99.8649
100.711
99.7179
99.7276
100.334
100.725
100.131
100.376
101.26
100.638
102.806
100.602
100.103
100.6
100.18
100.128
100.486
100.131
100.487
100.566
100.714
100.828
100.685
100.382
100.779
100.626
100.713
100.887
102.812
100.893
101.612
102.523
100.778
101.16
100.776
100.496
100.686
100.574
100.454
100.691
100.806
101.315
103.264
100.561
102.04
100.649
101.964
101.305
100.713
100.387
100.79
100.642
100.848
100.647
100.709
100.896
101.572
102.274
100.823
102.382
100.787
100.928
100.765
100.628
100.461
100.672
100.482
100.684
100.765
100.363
100.335
100.472
100.168
100.346
100.482
100.37
100.472
105.343
99.8979
99.4489
102.879
99.8974
100.64
100.257
100.104
100.044
100.141
100.038
100.024
100.261
100.534
101.079
100.016
101.2
100.014
102.469
100.613
100.391
100.284
100.354
100.402
100.385
100.437
100.379
100.594
99.4294
106.917
99.8948
106.484
99.903
100.949
100.254
100.194
99.9788
99.9953
100.014
99.99
100.246
100.313
100.076
100.328
100.238
100.077
100.339
100.316
100.525
102.115
100.172
100.091
102.053
100.171
100.641
100.367
100.445
100.234
100.44
100.455
100.211
100.364
100.481
98.8518
100.279
100.781
100.239
100.699
100.381
100.316
100.226
100.069
100.392
100.074
100.36
100.315
100.497
100.098
102.184
100.178
102.19
100.171
100.544
100.371
100.433
100.427
100.229
100.446
100.217
100.371
100.588
100.449
100.631
100.626
100.446
100.622
100.58
101.984
96.5985
101.123
105.831
96.5655
101.09
101.797
100.971
100.821
100.963
100.907
100.784
100.945
100.987
100.651
100.598
100.54
99.8342
100.541
99.8504
100.629
100.569
100.655
100.452
100.603
100.458
100.661
100.572
101.557
106.041
96.9692
100.969
96.5901
101.042
101.531
100.956
100.895
100.79
100.933
100.773
100.943
100.979
101.394
101.251
101.183
101.03
101.253
101.176
101.394
102.618
104.891
101.608
100.644
103.629
101.543
102.601
101.598
101.245
101.544
101.352
101.237
101.545
101.603
101.616
101.838
101.35
101.998
101.363
102.041
101.612
101.394
101.009
101.26
101.174
101.276
101.175
101.39
102.705
105.577
103.739
101.532
103.674
101.569
102.676
101.594
101.352
101.231
101.538
101.237
101.546
101.589
101.517
101.459
101.314
101.022
101.192
101.31
101.515
105.212
105.596
102.205
104.957
107.722
102.055
103.774
101.485
101.214
101.348
100.949
101.23
101.334
101.403
101.636
101.426
101.132
102.36
101.141
102.38
101.669
101.528
100.961
101.142
101.304
101.318
101.306
101.511
102.353
104.279
102.623
102.073
102.418
102.077
101.588
101.35
100.975
101.201
101.347
101.213
101.345
101.349
100.443
101.051
100.138
100.596
100.993
100.119
100.449
99.8939
100.903
98.3107
97.2207
100.94
98.3158
99.9447
100.114
99.8886
98.9222
98.9738
99.8926
98.9429
100.211
100.756
102.352
101.253
100.744
101.135
100.719
100.722
100.424
100.61
101.035
100.13
100.998
100.12
100.421
99.8665
97.3819
101.601
98.3227
101.013
98.3197
99.9011
100.11
98.9875
99.894
98.9273
99.907
98.9483
100.134
97.9837
98.7181
98.2889
99.0739
98.7161
98.2936
97.9341
104.318
97.0859
98.3177
98.7956
100.601
98.1879
114.424
99.8861
99.9343
99.2543
99.2463
99.7796
99.2529
99.2988
96.1744
104.307
98.4102
82.5844
98.4908
95.2012
97.7022
97.8957
99.0948
98.7076
98.2894
98.7084
98.292
97.9687
104.413
105.022
95.6785
100.254
94.7359
98.4491
104.636
98.6688
99.2685
99.9397
99.275
99.5325
99.2465
98.5793
101.316
101.153
100.558
100.498
101.14
100.559
101.32
101.222
102.134
100.496
100.958
102.113
101.241
100.434
101.152
100.47
100.718
100.26
100.47
101.115
100.714
102.186
103.754
102.239
106.448
102.192
106.388
102.13
101.292
100.509
101.16
100.557
101.186
100.561
101.29
101.254
101.018
102.518
100.48
102.337
101.3
100.486
101.092
100.26
100.466
100.71
100.472
101.078
100.708
100.341
100.728
99.7171
99.8607
100.36
99.7182
100.712
100.225
101.406
100.494
101.645
100.137
102.339
100.495
100.525
100.131
100.475
100.187
100.537
100.131
100.5
98.3844
101.691
99.1889
101.81
101.754
98.407
99.2064
100.394
99.8628
100.701
99.7224
99.7202
100.36
100.717
100.032
101.382
101.125
100.496
101.228
100.475
100.017
100.517
100.189
100.136
100.518
100.136
100.528
100.513
100.724
100.754
100.661
100.384
100.714
100.699
100.652
100.92
102.326
100.859
101.674
100.926
102.348
100.915
100.756
100.492
100.677
100.576
100.762
100.451
100.689
101.407
103.057
100.986
102.65
100.886
102.647
101.44
100.731
100.402
100.66
100.657
100.684
100.666
100.741
100.96
101.571
102.329
101.015
102.358
100.991
101.02
100.745
100.587
100.442
100.715
100.486
100.712
100.745
100.409
100.335
100.412
100.176
100.438
100.35
100.41
101.391
99.9713
99.8807
99.2923
99.76
99.6369
99.8643
100.248
100.027
100.004
100.122
100.228
99.9731
100.008
100.7
101.314
100.005
100.561
100.013
100.553
100.608
100.377
100.138
100.3
100.401
100.318
100.404
100.351
98.9184
99.3836
100.011
99.8592
99.712
99.8474
99.6077
100.528
100.133
99.9521
100.011
99.9647
99.9973
100.181
100.303
100.068
100.337
100.231
100.311
100.078
100.352
100.584
102.184
100.179
99.994
100.578
102.149
100.181
100.385
100.448
100.226
100.415
100.378
100.461
100.216
100.406
99.0677
100.219
100.599
100.211
102.023
102.435
100.294
100.238
100.067
100.313
100.066
100.334
100.288
100.61
99.9465
101.924
100.189
102.031
100.185
100.592
100.393
100.427
100.433
100.216
100.431
100.222
100.402
100.584
100.442
100.579
100.581
100.58
100.447
100.63
101.694
95.6933
100.873
110.088
101.593
107.548
100.694
101.041
100.784
100.928
100.91
101.01
100.766
100.918
100.665
100.406
100.443
100.545
100.477
100.503
100.961
100.589
100.615
100.444
100.6
100.479
100.609
100.593
101.474
115.338
112.819
100.954
104.872
100.543
101.295
101.083
100.884
100.753
100.886
100.76
100.904
101.133
101.385
101.257
101.172
101.015
101.387
101.257
101.181
102.214
103.694
101.515
109.085
102.434
103.742
101.587
101.588
101.232
101.53
101.367
101.589
101.225
101.497
101.589
101.361
101.281
101.614
101.327
101.697
101.579
101.382
101.007
101.243
101.169
101.252
101.165
101.382
102.1
101.865
103.08
101.551
103.506
101.652
102.068
101.579
101.366
101.233
101.498
101.252
101.51
101.58
101.517
101.195
101.307
101.231
101.512
101.112
101.311
101.529
102.885
102.055
104.031
101.505
100.867
101.806
101.332
101.201
101.349
100.955
101.342
101.211
101.359
101.614
101.542
101.33
102.285
101.237
102.319
101.666
101.529
101.467
101.087
101.304
101.286
101.312
101.546
101.562
103.944
102.644
101.999
104.494
102.08
101.593
101.333
100.974
101.19
101.391
101.22
101.374
101.339
100.424
101.026
100.123
100.599
100.433
101.026
100.128
99.9192
102.128
98.3326
97.4216
99.8518
104.976
98.3537
100.105
99.8944
98.9262
98.9552
100.099
99.8959
98.9503
100.688
102.831
101.069
101.457
101.132
101.405
100.718
100.413
100.601
101.028
100.137
101.017
100.11
100.411
99.9616
99.6143
101.382
98.4213
101.366
98.3881
100.046
100.123
98.9671
99.8976
98.9698
99.9019
98.9703
100.12
97.9619
98.7068
98.3039
99.0736
97.8971
98.7142
98.3077
104.452
95.8457
98.3753
103.389
104.411
96.6216
98.9393
100.781
99.8313
99.2331
99.2607
98.5003
100.622
99.2646
96.7439
94.7849
98.3063
98.2275
99.5645
100.368
96.6525
97.9542
99.0721
98.7183
98.3157
98.7152
98.303
97.9998
104.612
99.1713
96.9577
98.5313
118.02
98.8635
104.294
99.802
99.2783
102.223
99.2295
99.6224
99.2816
102.695
101.265
101.211
100.555
100.495
101.316
101.155
100.554
101.377
102.574
100.462
101.117
101.23
102.545
100.63
101.081
100.464
100.693
100.25
101.084
100.461
100.691
101.927
105.786
102.278
101.058
102.308
100.899
101.923
101.262
100.504
101.152
100.555
101.186
100.556
101.283
101.31
101.184
102.417
100.505
102.502
101.283
100.537
101.159
100.25
100.46
100.725
100.461
101.087
100.724
100.358
100.7
99.7287
99.8709
100.373
99.7269
100.697
99.9613
101.169
100.578
102.135
100.165
100.771
100.368
100.503
100.141
100.546
100.189
100.508
100.137
100.473
98.5947
101.586
99.248
103.454
101.907
98.502
99.2402
100.385
99.8734
100.716
99.7315
99.7294
100.403
100.71
100.194
101.877
103.91
100.473
103.259
100.37
100.195
100.506
100.196
100.145
100.487
100.14
100.473
100.505
100.841
100.63
100.673
100.375
100.767
100.577
100.658
100.97
102.444
101.096
101.619
101.037
102.023
101.501
100.806
100.453
100.716
100.567
100.759
100.434
100.705
101.64
106.51
101.175
106.813
101.029
110.256
101.694
100.794
100.377
100.618
100.67
100.543
100.663
100.849
100.9
101.626
104.201
101.205
101.87
101.317
101.183
100.79
100.58
100.466
100.711
100.433
100.726
100.777
100.368
100.373
100.406
100.153
100.349
100.46
100.432
99.3375
97.0768
99.8176
99.6771
99.3673
97.6276
99.808
100.238
99.9463
99.9919
100.132
100.47
99.9817
99.994
100.432
100.81
100.619
100.68
100.888
100.58
100.438
100.376
100.145
100.548
100.411
100.695
100.423
100.463
99.3439
99.5529
97.9402
99.8906
98.7464
99.8077
99.3084
100.335
100.131
100.024
100.033
99.9874
99.9942
100.191
100.293
100.073
100.318
100.239
100.288
100.076
100.323
100.437
101.876
100.197
99.8148
100.664
101.638
100.185
100.41
100.489
100.222
100.357
100.412
100.448
100.219
100.654
98.0591
100.225
100.939
100.229
100.844
100.622
100.292
100.255
100.113
100.376
100.074
100.359
100.296
100.989
100.987
98.9734
100.213
102.009
100.174
100.959
100.414
100.365
100.492
100.266
100.446
100.206
100.421
100.608
100.448
100.615
100.585
100.596
100.468
100.617
100.176
112.622
100.827
92.6328
101.378
109.683
100.623
101.198
100.753
100.872
100.887
101.41
100.783
100.86
100.248
100.349
100.509
100.666
100.478
100.302
100.259
100.612
100.568
100.461
100.615
100.462
100.616
100.616
101.562
88.9049
108.487
100.952
117.76
101.703
101.033
101.221
100.891
100.814
100.853
100.75
100.852
101.225
101.38
101.236
101.171
101.031
101.381
101.228
101.175
102.013
102.834
101.549
101.525
102.045
102.747
101.552
101.601
101.237
101.485
101.349
101.59
101.235
101.474
101.568
101.086
101.273
102.025
101.296
101.757
101.557
101.385
101.02
101.225
101.172
101.226
101.173
101.379
102.036
102.9
106.669
101.608
102.709
101.65
102.072
101.597
101.349
101.245
101.492
101.24
101.481
101.597
101.628
101.155
101.307
101.121
101.554
101.155
101.315
101.618
102.542
102.031
103.888
101.622
102.538
102.017
101.34
101.186
101.398
100.954
101.337
101.193
101.401
101.752
100.404
101.723
105.104
101.829
102.199
101.915
101.564
101.33
101.313
101.336
101.324
101.326
101.641
101.618
103.908
102.514
102.022
102.586
102.015
101.623
101.379
100.95
101.207
101.404
101.197
101.402
101.362
100.413
101.046
100.127
100.608
100.427
101.058
100.128
100.259
102.152
98.4602
99.4665
100.099
102.771
98.5017
100.16
99.9007
98.9759
98.9705
100.135
99.8987
98.9966
100.687
103.045
101.395
101.318
101.442
101.28
100.777
100.437
100.626
101.058
100.13
101.051
100.124
100.43
100.044
100.179
103.962
98.5709
103.223
98.5216
100.215
100.17
98.9696
99.9007
99.0016
99.9066
99.0079
100.187
98.1423
98.7299
98.311
99.0673
98.0701
98.74
98.3579
104.877
96.5568
98.5335
99.9737
104.539
95.4569
98.3753
100.469
99.2046
99.1896
99.2723
100.531
99.3749
99.1732
97.8171
95.9375
98.7061
117.654
98.7071
110.947
98.4695
98.1579
99.0636
98.7646
98.2934
98.7601
98.2536
98.143
105.401
99.9788
96.4971
99.1318
96.0349
98.3792
106.826
100.567
99.28
99.3745
99.4061
99.3833
99.1664
101.035
101.245
101.154
100.559
100.473
101.25
101.146
100.554
101.254
102.436
100.51
103.156
101.443
102.477
100.496
101.085
100.463
100.708
100.254
101.056
100.464
100.689
101.917
104.026
102.275
101.773
102.116
101.684
101.941
101.286
100.473
101.16
100.557
101.155
100.555
101.284
101.252
101.498
102.806
100.552
102.588
101.399
100.51
101.074
100.256
100.469
100.743
100.468
101.111
100.698
100.142
100.139
100.153
100.584
100.459
100.571
100.451
100.122
100.137
100.139
100.612
100.41
100.477
100.604
100.345
100.159
100.194
100.589
100.406
100.399
100.694
100.206
100.137
100.136
100.576
100.464
100.401
100.581
100.149
100.139
100.164
100.555
100.409
100.586
100.395
100.121
100.211
100.142
100.652
100.421
100.391
100.614
99.4341
99.9253
99.9684
100.168
99.4114
99.4136
100.177
99.9363
99.39
99.9137
100.181
99.411
100.183
99.4101
99.4164
99.9103
99.9225
100.183
99.411
99.411
100.181
99.9307
99.3991
99.9177
100.177
99.4114
100.183
99.4118
99.9286
99.3983
99.9342
100.167
99.411
99.4149
100.17
99.4003
99.9338
99.9225
100.178
99.4108
99.4151
100.179
100.429
100.336
100.417
100.627
100.415
100.63
100.413
100.42
100.351
100.477
100.609
100.412
100.618
100.413
100.313
100.462
100.433
100.625
100.418
100.422
100.627
100.293
100.408
100.411
100.624
100.41
100.412
100.619
100.452
100.314
100.465
100.623
100.416
100.422
100.62
100.309
100.462
100.43
100.605
100.409
100.416
100.602
88.2719
68.8748
83.3065
104.732
87.1895
73.1012
130.406
104.723
98.3393
98.919
100.264
100.135
98.7316
97.8657
101.7
99.5883
101.376
100.255
101.732
99.293
100.936
96.6438
100.685
96.5515
100.65
96.6448
100.681
96.5512
100.96
100.904
100.959
100.942
100.938
100.939
100.974
100.966
100.941
100.803
100.97
100.922
100.965
100.834
96.6392
100.656
96.5407
100.602
96.6461
100.683
96.5532
96.6478
100.677
96.5531
100.653
96.6393
100.653
96.5403
100.879
100.949
100.92
100.963
100.863
100.952
101.049
100.873
100.807
100.977
100.931
100.837
100.795
100.952
96.5082
100.604
96.6131
100.491
96.5076
100.597
96.6128
100.75
100.805
100.806
100.869
100.81
100.811
100.89
100.766
100.866
100.809
100.77
100.814
100.905
100.734
96.5094
100.627
96.6147
100.451
96.4976
100.614
96.6082
100.73
100.823
100.785
100.85
100.771
100.79
100.764
96.4983
100.63
96.6084
100.488
96.5102
100.573
96.6146
100.687
100.876
100.805
100.822
100.797
100.802
100.857
100.885
100.882
100.965
100.928
100.854
100.953
101.001
100.885
100.931
100.819
100.967
100.795
100.953
100.926
100.738
100.847
100.804
100.772
100.789
100.756
100.853
100.699
100.803
100.817
100.849
100.797
100.797
100.812
99.0218
99.5254
99.026
98.7511
99.2442
98.7504
99.2428
99.4832
99.0278
99.0279
98.75
99.2449
99.2435
98.7487
99.0266
99.4899
99.0241
98.7422
99.2465
98.7469
99.2486
99.4816
99.0163
99.0121
98.7432
99.2463
99.2489
98.7482
99.4728
99.0164
99.0202
98.7365
99.2467
99.253
98.733
99.0047
99.4748
99.0084
98.7402
99.2466
99.2532
98.7392
100.486
100.401
100.401
100.403
100.537
100.542
100.404
100.401
100.484
100.401
100.403
100.54
100.403
100.54
100.951
100.996
100.928
100.984
100.937
101.001
100.93
100.401
100.485
100.401
100.393
100.533
100.4
100.526
100.946
100.989
100.995
100.944
100.993
100.907
100.956
100.907
100.984
100.996
100.929
101
100.955
100.872
100.866
100.997
100.944
100.985
100.918
100.993
100.898
100.972
100.994
100.924
100.987
100.992
100.902
100.966
100.659
100.583
100.727
100.663
100.654
100.596
100.733
100.618
100.662
100.535
100.731
100.59
100.733
100.548
100.484
100.398
100.402
100.379
100.519
100.521
100.355
100.937
100.988
100.994
100.919
100.993
100.896
100.964
100.403
100.484
100.407
100.383
100.525
100.52
100.358
100.49
100.403
100.405
100.397
100.534
100.527
100.4
100.605
100.666
100.586
100.725
100.513
100.725
100.728
100.577
100.542
100.734
100.664
100.637
100.492
100.723
100.623
100.535
100.728
100.666
100.507
100.728
100.744
100.615
100.665
100.511
100.729
100.484
100.725
100.733
96.7238
100.32
96.4175
98.983
96.7242
100.324
96.4183
100.486
100.58
100.515
100.601
100.474
100.581
100.502
100.484
100.601
100.58
100.453
100.58
100.534
100.392
96.7248
100.32
96.4221
99.1062
96.7152
100.286
96.4154
100.453
100.582
100.46
100.603
100.401
100.582
100.455
96.7138
100.285
96.4143
99.0035
96.7238
100.318
96.4212
100.456
100.603
100.581
100.531
100.582
100.447
100.525
96.4309
99.1821
96.5561
100.54
96.4312
99.1832
96.5558
100.782
100.938
100.838
100.881
100.839
100.88
100.781
96.43
99.3012
96.5476
100.537
96.4352
99.2009
96.5576
100.795
100.941
100.835
100.882
100.838
100.884
100.787
100.776
100.833
100.882
100.939
100.788
100.844
100.881
96.4347
99.1932
96.5567
100.506
96.4288
99.3018
96.5464
100.463
100.574
100.468
100.605
100.583
100.448
100.521
100.487
100.605
100.574
100.48
100.582
100.451
100.49
100.799
100.841
100.883
100.94
100.784
100.846
100.883
100.815
100.836
100.876
100.942
100.837
100.884
100.793
100.823
100.94
100.848
100.875
100.854
100.883
100.798
101.049
98.2968
100.489
99.8127
101.47
99.3546
100.486
100.364
100.394
100.373
100.478
100.375
100.483
100.392
100.755
100.716
100.564
100.537
100.746
100.712
100.564
100.764
100.536
100.703
100.564
100.706
100.564
100.746
100.404
100.373
100.476
100.391
100.418
100.374
100.472
100.738
100.527
100.716
100.564
100.712
100.562
100.75
100.352
100.376
100.483
100.396
100.387
100.374
100.484
100.746
100.7
100.564
100.528
100.757
100.697
100.562
100.408
100.381
100.375
100.449
100.375
100.466
100.485
100.335
100.385
100.377
100.48
100.375
100.474
100.449
100.739
100.693
100.563
100.531
100.707
100.562
100.754
100.753
100.531
100.68
100.564
100.693
100.563
100.772
100.348
100.375
100.451
100.382
100.375
100.468
100.437
101.99
113.503
105.559
102.964
100.593
111.309
109.405
110.374
114.03
103.216
102.189
103.543
115.437
103.281
110.186
99.6895
115.726
83.1426
109.389
100.133
108.545
99.5432
99.612
99.6166
99.267
98.9714
98.9747
99.2644
99.5479
99.5904
99.5865
99.3363
98.9898
98.9869
99.3012
99.572
99.5485
99.584
99.3683
98.9822
99.3599
98.9825
99.6022
99.5448
99.6108
99.2694
98.9855
99.28
98.9787
99.5483
99.5637
99.5634
99.3419
98.9821
98.9814
99.3501
99.5622
99.5467
99.5657
99.3272
98.9681
98.9751
99.3029
99.7984
118.209
102.101
99.7006
96.9509
103.942
99.5691
102.333
98.9223
100.466
99.7125
100.917
98.8727
100.578
96.2715
98.3661
96.3912
97.9129
96.2718
98.3673
96.3917
100.426
99.6151
100.357
99.9844
100.426
99.6129
100.356
100.425
99.9855
99.6133
100.357
99.6128
100.357
100.425
96.2613
98.5129
96.3803
97.9148
96.2714
98.377
96.3915
100.423
99.9694
99.6158
100.357
99.6194
100.359
100.424
96.2721
98.3799
96.3922
97.922
96.2621
98.5135
96.3812
100.422
99.6143
100.359
99.9664
100.423
99.6158
100.36
100.42
99.6257
100.353
99.9548
99.6226
100.361
100.408
100.418
99.9535
99.6263
100.354
99.6191
100.362
100.408
96.1117
97.3103
95.8502
98.4176
96.112
97.3109
95.8502
100.294
100.488
99.5977
100.145
100.296
100.488
99.5984
100.294
100.145
100.488
99.5972
100.488
99.599
100.294
96.1025
97.32
95.8402
98.4289
96.1122
97.3134
95.8507
96.1129
97.3131
95.8508
98.5799
96.1027
97.3215
95.8404
100.297
100.135
100.489
99.5958
100.49
99.5909
100.296
100.295
100.488
99.5936
100.135
100.294
100.49
99.5899
100.297
100.486
99.5733
100.128
100.491
99.5822
100.291
100.296
100.125
100.486
99.5725
100.491
99.5815
100.289
100.309
100.39
100.389
100.545
100.357
100.353
100.543
100.389
100.31
100.389
100.545
100.36
100.542
100.354
100.391
100.301
100.393
100.529
100.37
100.538
100.394
100.302
100.39
100.391
100.528
100.374
100.394
100.535
100.295
100.386
100.394
100.518
100.451
100.422
100.505
100.385
100.297
100.392
100.518
100.453
100.421
100.506
87.1237
75.4974
123.975
107.096
89.2742
76.2765
121.015
100.361
100.204
100.36
100.069
99.7236
100.071
99.7183
100.198
100.356
100.35
100.096
99.7389
99.7628
100.078
100.346
100.193
100.34
100.117
99.814
99.7883
100.194
100.356
100.198
100.343
100.086
99.7389
100.087
99.7599
100.204
100.359
100.363
100.07
99.7248
99.7185
100.07
100.194
100.343
100.341
100.112
99.8138
99.7855
100.192
101.213
67.9827
107.961
100.289
102.061
76.927
107.308
101.098
103.444
101.59
100.628
101.57
103.468
101.136
108.505
106.95
103.016
104.838
106.905
107.847
101.01
100.573
111.052
108.271
110.211
103.279
109.539
106.241
100.361
98.7805
100.038
99.3067
100.039
99.3015
100.36
100.04
98.1175
99.1133
99.4465
99.1139
99.4354
100.046
100.363
100.041
99.3095
98.7815
100.359
100.04
99.3008
100.059
99.1024
99.4474
98.0862
100.052
99.0896
99.4468
100.057
98.0866
99.0922
99.4475
99.0915
99.447
100.056
100.047
99.1048
99.4422
98.1154
100.053
99.1201
99.4342
100.35
98.7962
100.036
99.3189
100.027
99.3285
100.354
100.35
100.034
99.3195
98.7989
100.356
100.024
99.3325
100.035
99.2486
99.4039
98.1498
99.1458
99.4236
100.045
100.039
98.1502
99.2449
99.4026
99.1498
99.424
100.045
100.341
99.9841
99.4554
98.8242
100.011
99.3607
100.335
100.341
98.8261
99.983
99.4467
100.009
99.3637
100.33
100.468
100.2
100.467
100.275
100.338
100.283
100.334
100.199
100.469
100.474
100.275
100.349
100.339
100.27
100.185
100.454
100.452
100.298
100.336
100.339
100.286
100.469
100.173
100.45
100.278
100.35
100.282
100.338
100.158
100.434
100.438
100.311
100.473
100.339
100.416
100.438
100.174
100.427
100.309
100.442
100.345
100.428
100.511
100.524
100.507
100.223
100.126
100.227
100.124
100.523
100.503
100.505
100.222
100.131
100.225
100.131
100.476
100.501
100.48
100.268
100.235
100.353
100.166
100.501
100.499
100.492
100.234
100.146
100.231
100.142
100.524
100.502
100.506
100.257
100.132
100.233
100.155
100.494
100.475
100.493
100.275
100.238
100.339
100.171
102.596
105.032
105.117
102.603
137.914
127.025
102.485
100.456
100.653
100.457
100.029
100.056
100.035
100.057
100.655
100.647
100.692
99.7647
99.8764
99.6977
99.8547
100.651
100.449
100.471
100.078
100.067
100.048
100.087
100.657
100.684
100.676
99.718
99.8557
99.836
99.7125
100.692
100.562
100.617
99.9266
99.7698
99.6444
99.733
100.584
100.651
100.625
99.8189
99.698
99.6535
99.7791
100.582
100.603
100.601
99.7915
99.7771
99.6573
99.6001
100.603
100.585
100.602
99.7973
99.7728
99.6573
99.6162
100.451
100.628
100.436
100.045
100.065
100.047
100.065
100.656
100.452
100.458
100.03
100.062
100.033
100.058
100.597
100.509
100.522
99.8437
99.6798
99.6634
99.5264
100.543
100.583
100.551
99.7961
99.7139
99.61
99.5588
100.619
100.415
100.43
100.081
100.158
100.138
100.102
100.42
100.622
100.419
100.071
100.16
100.155
100.1
100.694
100.567
100.615
99.6538
99.9303
99.7351
99.8385
100.593
100.694
100.61
99.6444
99.912
99.7489
99.84
100.53
100.6
100.541
99.8508
99.6737
99.5466
99.7131
100.597
100.506
100.553
99.8896
99.6551
99.5726
99.7168
100.697
100.688
100.71
99.367
98.9457
99.3094
98.9439
100.686
100.695
100.707
99.3508
98.9556
98.9385
99.3169
100.678
100.694
100.682
98.9505
99.3233
99.3069
98.9644
100.695
100.668
100.678
98.9437
99.3311
99.2957
98.9462
100.524
100.498
100.541
99.1738
98.7427
99.116
98.7338
102.948
102.563
104.848
103.578
105.776
106.174
102.436
100.496
100.53
100.535
99.1624
98.7429
98.7349
99.1351
100.528
100.477
100.496
98.7586
99.1642
99.1145
98.7381
100.48
100.521
100.514
98.7442
99.1258
99.1307
98.7563
100.678
100.654
100.676
99.3287
99.0866
98.9816
99.4435
100.657
100.676
100.678
99.3307
99.0652
98.9744
99.4395
100.513
100.466
100.499
99.1553
98.8589
98.7741
99.2726
100.471
100.515
100.485
99.1336
98.8509
98.7675
99.2745
100.647
106.349
105.533
102.203
101.556
107.262
106.32
101.776
107.65
106.056
111.694
102.473
106.347
106.155
100.013
100.323
100.013
98.28
98.2834
97.83
97.8246
100.322
100.014
100.013
98.2825
98.2765
97.8278
97.8254
100.008
100.313
100.004
98.2883
98.293
97.8359
97.8307
100.311
100.009
100.006
98.2884
98.2923
97.8289
97.8291
100.54
100.247
100.245
98.4963
98.4956
97.9964
97.9954
100.244
100.541
100.245
98.4991
98.4967
97.9991
97.9976
100.302
99.9789
99.9945
98.3908
98.3283
97.8612
97.9336
99.9803
100.302
99.9967
98.3949
98.3251
97.8601
97.9303
100.531
100.241
100.237
98.5058
98.5119
98.0055
98.0041
100.24
100.527
100.236
98.5093
98.5089
98.0064
97.9992
100.219
100.523
100.23
98.6198
98.5444
98.0291
98.113
100.519
100.217
100.231
98.6176
98.5404
98.0263
98.1079
95.7279
96.8228
95.6756
96.8668
95.7286
96.8228
95.6757
98.4804
99.0277
97.632
97.939
98.4773
99.0275
97.629
98.4811
97.9394
99.0264
97.6309
99.0266
97.6286
98.479
95.7172
96.8253
95.665
96.8694
95.7277
96.8228
95.6763
95.7286
96.8229
95.6763
96.8732
95.7173
96.8256
95.6651
98.4926
97.9472
99.0283
97.6347
99.0262
97.6358
98.4875
98.4908
99.0268
97.6328
97.9474
98.4872
99.0236
97.6336
98.5124
99.0131
97.6404
97.9674
99.0169
97.6447
98.5714
98.5096
97.9673
99.0125
97.6391
99.0148
97.6428
98.5704
101.71
108.341
100.113
102.609
105.097
105.526
101.944
108.574
109.645
104.959
103.264
108.023
112.735
103.291
96.1528
97.6187
96.2538
97.3716
96.1527
97.6181
96.2543
99.6154
98.6924
99.9491
98.8571
99.6138
98.6914
99.9427
99.6165
98.8578
98.6933
99.9436
98.6918
99.9428
99.6162
96.1433
97.6221
96.2423
97.3725
96.1529
97.619
96.2544
96.1526
97.6186
96.2543
97.372
96.1429
97.6218
96.242
99.6383
98.8553
98.6966
99.9533
98.6975
99.9614
99.6229
99.6372
98.6965
99.9523
98.8596
99.628
98.6971
99.9568
99.675
98.6926
100.051
98.8662
98.7025
99.9744
99.7518
99.6723
98.869
98.6943
100.049
98.7031
99.9781
99.7555
99.3608
98.9861
99.359
97.9315
97.6028
97.9321
97.6001
98.99
99.3597
99.3578
97.9322
97.6009
97.5984
97.9326
99.3749
99.0019
99.3969
97.6063
97.935
97.9298
97.607
99
99.3729
99.3931
97.6035
97.935
97.9296
97.6034
99.4581
99.0278
99.422
97.9317
97.6023
97.6129
97.9206
99.0338
99.4613
99.4264
97.9318
97.6026
97.6135
97.921
99.1868
99.6658
99.661
97.9757
97.5381
97.5346
97.9757
99.6655
99.1874
99.6621
97.976
97.5401
97.9778
97.5371
99.1974
99.6781
99.6994
97.54
97.979
97.9738
97.5403
99.6779
99.193
99.6959
97.5394
97.9785
97.9752
97.541
99.7488
99.2243
99.7222
97.9817
97.5493
97.5564
97.9794
99.2247
99.746
99.7188
97.9817
97.5461
97.5536
97.978
102.973
107.718
105.965
109.899
102.881
105.286
107.053
101.937
104.171
106.434
109.308
104.669
105.066
106.448
132.989
103.682
107.832
104.073
100.237
103.735
108.167
105.605
99.538
95.0893
107.093
102.485
106.208
102.854
98.9631
45.3702
130.647
107.4
104.167
107.161
106.478
98.502
97.7875
98.3036
97.656
98.5106
97.7883
98.3021
98.5209
97.6561
97.7914
98.3024
97.7889
98.301
98.5474
98.5447
97.6626
97.7897
98.3103
97.7909
98.3185
98.5293
98.5825
97.7976
98.3104
97.6631
98.5639
97.8005
98.3189
98.5826
97.791
98.4196
97.6672
97.7971
98.34
98.6673
98.6205
97.6674
97.7933
98.4176
97.8038
98.3441
98.6835
124.948
120.059
90.8341
169.975
106.699
107.785
117.802
99.7806
98.8373
97.738
101.076
99.7214
103.349
97.9228
97.809
98.4179
97.8064
97.3675
97.3664
97.0239
97.0245
98.4185
97.8086
97.8065
97.3665
97.3658
97.0232
97.0235
97.8149
98.443
97.823
97.3705
97.3722
97.0276
97.0287
98.4411
97.8152
97.8227
97.3718
97.373
97.029
97.0302
97.915
98.479
97.8452
97.3717
97.3808
97.0364
97.0263
98.4816
97.9163
97.8459
97.3717
97.3805
97.0359
97.0263
98.1144
98.3669
98.1148
97.4991
97.4978
97.4178
97.4175
98.368
98.1186
98.1177
97.4979
97.4957
97.4154
97.4151
98.3905
98.1197
98.1258
97.5017
97.5008
97.4182
97.4173
98.1207
98.3898
98.1267
97.5021
97.5028
97.4205
97.4204
98.1657
98.425
98.1391
97.4999
97.5087
97.424
97.4143
98.424
98.1681
98.1414
97.5006
97.5097
97.4252
97.415
103.358
103.577
102.212
102.589
103.554
103.74
101.834
101.144
101.624
101.35
103.755
101.389
101.613
101.151
103.244
100.868
104.517
102.06
100.199
103.723
103.092
105.562
102.697
105.208
103.288
118.587
125.91
103.191
99.3408
99.4719
98.5496
98.7823
99.3428
99.4701
98.5489
99.3402
98.7819
99.4719
98.5494
99.4699
98.5485
99.3397
99.357
99.4722
98.5533
98.7794
99.3473
99.471
98.5544
99.3549
98.7803
99.4733
98.5541
99.473
98.5551
99.352
102.843
102.639
99.9122
97.9597
105.031
102.28
98.6563
99.3855
98.7815
99.4712
98.5486
99.4709
98.5593
99.4765
99.3824
99.4742
98.5506
98.7829
99.4732
98.5609
99.4788
103.346
111.077
103.204
110.717
107.476
110.231
102.864
104.694
102.229
105.1
102.113
122.698
102.609
124.19
109.365
104.483
101.833
102.139
103.493
103.065
102.004
108.133
102.647
98.3121
103.198
106.604
106.255
95.6133
105.255
100.059
103.627
100.833
101.872
100.8
101.4
102.971
100.026
98.7113
100.739
102.28
100.507
98.8927
99.5128
100.455
124.249
98.8514
99.3634
98.4827
99.8293
95.7968
97.0981
95.8137
96.9859
95.7975
97.1008
95.8111
98.8341
98.8546
98.1698
98.1491
98.838
98.8524
98.1702
98.8347
98.1491
98.8542
98.1691
98.8522
98.1699
98.8368
95.7856
97.1009
95.8023
96.9871
95.7964
97.1005
95.8118
95.7974
97.1017
95.8113
96.9891
95.7859
97.1011
95.8026
98.8409
98.1478
98.8557
98.1723
98.8553
98.1709
98.8402
98.8406
98.8551
98.1717
98.148
98.8367
98.8546
98.1702
98.8476
98.859
98.164
98.1504
98.8556
98.174
98.8568
98.8491
98.1501
98.8581
98.1634
98.8551
98.1732
98.8554
104.866
101.561
105.025
104.688
105.355
101.613
103.507
97.9796
108.087
108.632
94.1724
98.013
109.286
106.445
97.0481
107.836
108.673
100.588
98.5012
108.212
109.757
100.326
99.298
99.2814
100.207
100.201
100.236
100.206
108.892
96.9656
102.374
90.764
108.706
97.0121
103.406
99.3297
100.316
99.2758
100.142
100.546
100.324
100.409
108.108
104.045
104.598
106.142
107.101
104.194
105.78
106.838
105.321
106.097
104.342
106.241
104.298
107.063
104.448
111.806
111.485
102.616
103.272
104.398
105.131
99.7904
104.927
101.953
101.666
105.863
105.646
101.335
111.615
103.831
111.639
102.604
105.382
105.351
103.546
100.708
51.6177
109.464
99.0091
104.778
66.5904
110.027
97.6979
107.638
108.563
109.398
109.561
107.914
108.27
102.25
119.904
102.013
101.327
106.192
105.151
101.788
104.168
104.187
111.955
100.166
111.714
113.367
104.064
101.683
99.8853
101.864
101.318
101.823
99.9549
102.57
105.903
100.138
98.5122
102.081
107.712
100.498
98.518
103.101
69.2173
107.577
99.4734
105.121
76.2447
110.585
107.545
104.969
109.648
104.263
106.891
105.403
104.898
76.2203
100.872
100.119
106.347
89.9225
86.1475
108.006
102.885
103.427
101.05
101.386
102.365
101.616
100.793
101.243
101.766
100.52
103.623
101.13
101.851
100.463
101.932
102.566
103.497
102.224
102.04
102.921
103.448
106.948
101.727
101.668
102.438
104.554
112.969
102.269
103.1
104.21
104.534
101.651
91.3317
89.6977
101.574
101.112
103.895
101.689
115.492
101.838
101.428
101.407
97.7028
97.3094
97.7064
97.0327
96.6856
97.0324
96.6858
97.3111
97.708
97.7074
97.0312
96.6849
96.684
97.0307
97.3174
97.7042
97.712
96.6866
97.0334
97.0301
96.6836
97.708
97.3167
97.7085
96.6868
97.0343
97.0329
96.6849
113.776
102.788
99.6472
103.716
115.509
103.12
105.052
106.524
105.245
103.854
101.975
104.802
106.93
105.113
101.159
111.057
107.202
103.812
101.314
111.25
102.691
97.7242
97.3194
97.7173
97.0355
96.682
96.6904
97.0274
97.3211
97.7236
97.7147
97.0365
96.6806
96.6893
97.0274
107.332
103.831
104.196
101.054
104.893
103.055
104.507
145.629
113.633
83.2073
120.969
121.719
96.5294
101.999
104.775
101.985
105.262
103.425
106.24
104.829
106.231
120.526
103.214
101.701
120.659
121.766
104.644
108.456
103.071
103.624
106.174
102.417
102.982
103.682
105.57
104.691
100.655
104.49
102.489
103.974
106.43
106.627
71.5721
97.555
97.6103
89.111
81.7722
108.09
106.903
109.502
75.7929
100.073
86.3411
106.687
106.486
88.9906
99.3308
100.378
99.2708
100.168
100.201
100.159
100.323
103.336
100.069
108.685
101.292
105.976
101.35
113.943
109.13
84.9961
97.8173
101.998
110.882
85.7368
100.09
145.381
151.011
150.332
81.1965
33.6013
159.629
116.523
95.8629
97.1776
96.0312
97.2469
95.8604
97.1772
96.0318
99.1513
98.5265
99.0831
98.4737
99.1534
98.5275
99.0829
99.1515
98.4731
98.5267
99.0783
98.5275
99.0813
99.1533
95.8516
97.1808
96.0196
97.2471
95.8612
97.178
96.0314
99.1541
98.4736
98.5281
99.0829
98.526
99.0832
99.1545
110.928
105.379
105.898
103.266
104.832
120.926
111.738
103.26
108.112
108.116
106.402
107.264
106.479
103.914
95.8608
97.1783
96.0319
97.2475
95.8521
97.1812
96.0201
99.1565
98.5286
99.0766
98.4727
99.154
98.5264
99.0773
93.8513
95.1301
93.8634
95.0719
93.8512
95.13
93.8633
97.2791
96.6149
97.2876
97.2757
96.6135
97.2864
96.6133
96.6146
97.281
97.2928
97.2772
96.6115
96.6125
97.2833
102.28
99.8432
98.754
101.381
106.831
100.442
98.4516
93.8636
95.0928
93.8123
95.1414
93.8641
95.0927
93.8121
93.8511
95.13
93.8638
95.0716
93.8406
95.1323
93.8511
100.422
108.448
109.116
99.3606
110.078
99.1153
100.634
97.8061
107.923
111.342
101.258
114.042
115.465
106.763
102.629
106.045
104.174
97.9401
102.188
96.9547
104.053
97.3177
97.3213
96.6508
96.6454
97.3243
97.3284
96.6522
97.2663
96.6134
97.2801
96.6159
97.2784
97.2888
96.615
93.8411
95.1328
93.8516
95.0727
93.8514
95.1303
93.8641
97.3277
96.6453
97.3297
96.651
97.3405
96.6519
97.3329
97.2737
96.6137
97.2785
96.6181
97.2879
97.2931
96.6173
100.623
110.4
99.1946
103.311
102.089
110.01
99.7297
93.8633
95.0928
93.8126
95.1447
93.8512
95.0943
93.7993
97.3154
96.6544
97.3233
97.3283
96.6461
97.3327
96.6526
93.8517
95.0948
93.7998
95.1431
93.8635
95.0931
93.813
99.1608
98.5179
99.105
98.4772
98.5287
99.092
99.169
99.1632
98.4764
98.5179
99.1062
98.5288
99.0881
99.1673
97.3229
96.6542
97.3291
97.3328
96.6456
97.3298
96.6535
107.157
104.095
105.369
108.082
104.911
106.342
106.351
96.618
97.3204
97.3083
97.3085
96.6073
96.6178
97.3162
97.3241
96.6186
97.3016
97.3071
96.6083
96.6196
97.3162
97.3452
96.6503
97.368
96.6448
97.3588
96.6566
97.3617
97.3457
97.3724
96.6457
96.6503
97.3527
96.6578
97.3626
98.0588
97.911
98.0595
97.4435
97.296
97.4426
97.2968
97.9111
98.0593
98.059
97.444
97.2959
97.2967
97.4432
98.0607
97.9186
98.063
97.299
97.4463
97.444
97.2964
109.339
108.089
106.226
109.502
106.04
105.697
102.323
97.918
98.0604
98.064
97.2989
97.4454
97.4429
97.2958
79.1324
100.616
121.968
110.849
128.977
109.371
74.4985
111.669
105.569
107.024
105.053
113.158
120.301
105.286
73.6337
113.196
110.887
101.767
72.4401
110.701
112.191
89.3648
155.487
152.559
225.12
136.11
140.441
57.7313
160.112
91.9705
114.057
62.3067
155.708
65.2283
140.522
105.498
106.836
108.089
110.337
113.208
105.392
111.499
98.0712
97.9207
98.0666
97.4456
97.2868
97.2987
97.4342
97.9211
98.0709
98.0668
97.4466
97.2876
97.2995
97.435
100.327
113.871
99.103
100.993
100.281
110.989
99.1318
97.3171
108.478
111.757
113.52
97.0465
108.342
108.477
93.4184
104.453
104.862
101.657
92.4694
104.332
104.668
104.697
101.479
106.228
105.122
104.549
101.521
105.166
108.859
106.902
106.245
114.374
108.496
108.135
117.343
114.065
98.9937
106.242
106.102
109.229
98.4741
116.585
87.1287
110.595
119.062
144.592
78.2657
99.093
140.297
102.559
102.387
103.349
103.025
102.41
102.194
103.073
111.035
88.3543
111.844
81.1095
136.827
134.314
82.51
145.464
73.0682
139.469
132.093
116.396
120.449
144.904
115.778
93.04
98.867
101.219
101.062
93.8091
97.7065
89.3234
112.723
112.683
136.258
87.0804
83.8717
133.785
120.096
100.623
111.381
127.05
123.106
105.448
108.105
75.5631
130.716
131.289
119.809
142.022
154.194
121.698
104.028
101.101
104.065
104.399
91.4536
105.033
88.4719
101.908
102.326
102.982
103.489
102.858
103.276
102.004
101.195
109.734
112.284
104.621
100.791
110.033
107.818
94.4206
90.4599
111.128
61.9664
130.98
156.746
143.914
77.6857
90.8619
100.451
110.986
105.01
84.804
103.68
89.8022
103.565
106.586
107.276
98.8778
103.11
100.888
103.002
103.171
103.723
102.694
102.557
102.489
103.815
98.255
98.7581
98.9212
99.6984
100.266
99.4277
99.2514
165.923
89.7604
99.4737
8.70126
203.329
90.9947
101.076
119.934
106.207
100.565
97.4598
128.161
103.494
100.401
98.8257
98.5045
98.9318
99.8969
99.6774
103.73
107.683
104.094
134.107
109.188
103.936
101.976
130.986
105.715
102.37
105.276
102.511
105.887
101.298
107.801
101.194
98.528
99.1344
99.2915
98.6218
99.8422
109.138
105.837
100.893
103.781
96.9447
102.132
101.034
101.476
101.052
97.7677
203.647
160.701
105.657
152.052
70.9546
82.2969
87.0576
181.613
98.3536
155.591
94.609
78.9047
72.4347
106.792
120.756
99.0325
112.478
89.3476
89.1925
112.691
111.595
92.1781
164.275
81.4723
102.197
135.906
92.6868
92.0083
87.1719
103.168
230.023
121.98
97.9796
92.578
92.6606
99.5225
153.795
65.3928
155.952
94.0894
76.9986
112.88
101.698
118.288
89.7328
111.231
99.4238
111.175
128.83
105.221
104.692
92.1472
127.124
92.0303
105.774
106.919
101.351
129.057
103.707
112.376
104.114
99.9571
105.793
97.5866
97.2486
152.479
121.077
104.64
127.295
104.355
101.754
114.32
84.3479
107.093
86.303
112.9
154.194
126.406
126.759
106.791
90.2865
90.8885
107.72
105.475
116.155
116.665
106.731
106.807
102.415
103.018
75.3905
87.4144
154.474
66.9502
148.171
92.5386
73.1989
686.169
107.248
313.999
496.876
159.294
194.948
185.59
101.503
111.929
97.4248
89.636
85.2543
104.481
102.779
103.374
104.961
110.344
108.607
103.771
104.565
110.381
103.369
108.405
104.708
110.494
104.554
110.23
105.582
97.1937
97.1171
96.548
96.509
97.2053
97.1153
96.5482
97.1951
96.5086
97.1155
96.5464
97.1155
96.5477
97.2029
105.233
101.104
100.676
114.017
101.729
102.348
101.934
101.307
101.905
101.333
101.542
101.975
101.493
101.708
102.438
104.589
103.535
104.966
114.063
103.644
102.876
102.918
102.033
102.769
99.998
102.222
99.9491
104.766
100.55
102.717
109.964
99.6114
108.539
99.6204
100.94
97.1166
96.5496
97.2009
97.2033
96.5066
97.1223
96.5481
97.1198
96.5515
97.209
97.208
96.5074
97.1217
96.5498
103.866
105.369
103.307
105.685
104.33
103.306
107.634
102.163
103.043
104.434
101.649
101.715
101.64
101.691
100.794
108.948
102.951
100.182
100.464
103.152
103.616
97.3028
96.6059
97.2091
96.5525
97.3135
96.6064
97.2072
97.3037
96.5522
96.6057
97.2081
96.6064
97.2074
97.3126
97.2129
96.5099
97.1313
96.5395
97.1287
96.5515
97.223
97.2129
97.1329
96.5406
96.5107
97.1269
96.5531
97.2232
96.6097
97.2126
97.316
97.3182
96.5501
96.6083
97.2124
96.6094
97.2114
97.3136
97.3185
96.55
96.6082
97.2152
97.3261
96.5999
97.2242
96.5536
96.6117
97.216
97.3328
97.3265
96.5533
96.5992
97.2231
96.6112
97.2189
97.3307
109.076
97.5325
97.7009
104.555
109.353
98.4457
101.913
108.399
97.0324
105.055
100.005
105.318
101.59
119.796
106.666
102.43
102.828
106.644
101.343
101.35
106.549
104.689
102.32
102.333
106.002
101.058
101.049
106.276
106.045
103.506
105.108
105.305
99.6789
100.01
102.585
102.929
106.302
99.5211
96.6475
106.746
99.4752
121.604
103.192
106.947
102.917
105.427
101.359
101.351
106.275
96.2768
109.493
95.682
109.604
93.4868
91.8545
110.126
106.858
97.8558
105.114
108.336
103.396
97.4725
106.011
109.609
96.1555
96.7295
109.376
98.2549
114.203
102.715
128.739
98.455
119.189
99.4931
81.184
99.6031
131.609
98.8785
104.502
99.6303
146.574
103.927
98.1986
104.093
91.5595
137.258
109.806
99.0187
69.4711
131.244
108.987
104.085
105.529
106.93
105.751
103.382
106.253
106.36
80.9785
97.3073
136.304
97.6436
80.5482
96.1151
48.2115
99.054
98.3336
99.1052
98.3352
99.0561
98.3346
99.1042
99.0553
98.3362
98.3345
99.106
98.3348
99.0566
99.1036
89.1036
117.369
155.908
70.9105
91.2129
95.2689
151.924
120.945
104.611
93.2256
97.7324
121.222
97.0861
86.0029
110.247
113.132
108.371
107.559
113.031
116.647
116.191
105.287
101.351
103.771
104.663
103.913
101.444
104.142
74.9328
103.274
111.547
107.591
112.29
109.327
77.5185
98.7897
108.964
107.339
108.322
107.491
110.659
97.1294
100.844
104.836
101.344
97.1462
100.295
97.783
102.233
106.281
106.772
106.652
119.764
132.347
102.472
102.333
78.7835
141.772
143.054
265.985
258.14
77.9454
81.7858
83.6922
139.741
141.359
141.326
86.1096
78.44
141.612
84.1029
99.2125
116.877
100.208
70.342
101.726
117.835
103.974
99.7327
94.559
97.3562
102.575
104.245
98.2921
94.4296
311.124
69.5788
105.259
116.837
67.5205
84.2247
111.501
104.391
105.881
104.655
127.093
105.354
107.538
99.0572
98.3353
98.3354
99.1071
98.3334
99.0575
99.1074
91.4404
116.634
115.337
61.5646
145.416
138.892
62.3014
106.875
107.543
107.43
109.993
112.764
111.819
114.798
99.0615
98.3368
99.1078
98.3337
99.0573
98.3349
99.1116
102.33
99.6558
103.05
96.9118
105.307
104.901
101.856
103.728
107.914
107.988
102.613
102.414
108.682
108.147
102.749
101.31
101.39
98.0063
97.8259
101.064
101.072
117.044
150.797
120.526
96.9634
102.414
95.2004
102.369
108.124
110.68
111.25
106.531
105.27
105.23
105.237
118.951
102.464
119.716
103.443
106.047
100.866
106.203
102.364
113.202
99.7312
113.347
104.843
106.453
106.703
99.6185
98.7826
98.7231
104.968
99.7697
98.9398
98.2225
159.654
100.801
95.6334
97.764
91.1356
99.0694
96.7669
104.717
108.319
104.583
111.917
104.531
110.74
103.879
106.32
114.207
100.122
103.036
113.789
105.258
101.096
125.74
118.583
118.404
108.93
117.715
109.79
117.593
128.812
189.904
119.096
108.36
189.053
123.402
105.485
99.7485
99.1261
101.249
106.41
102.783
103.277
98.743
112.027
99.1698
94.8028
94.3553
97.4457
98.2625
110.207
103.726
98.6134
98.89
114.613
102.637
101.861
114.403
99.2043
103.542
99.8527
114.5
102.272
115.253
102.2
114.224
112.086
144.101
119.509
103.945
118.44
103.155
99.0633
98.3263
99.1174
98.337
98.3363
99.0713
99.1123
113.524
113.56
115.091
113.553
113.418
114.616
110.232
90.54
101.238
94.8804
129.453
129
108.884
111.397
120.882
106.299
122.387
136.317
92.1179
138.393
205.96
102.342
98.1398
96.8263
104.875
100.832
99.4239
98.2317
99.0672
98.3366
98.3271
99.1168
98.3374
99.0689
99.1155
112.447
114.07
112.362
111.927
114.603
153.496
137.933
102.112
101.987
106.492
102.95
102.269
101.968
103.882
274.756
73.7969
135.068
227.301
132.094
76.9579
120.768
103.143
104.613
106.68
106.754
103.348
105.381
106.503
115.379
114.835
114.172
116.655
113.206
115.796
109.471
104.822
103.553
104.422
100.626
108.595
102.394
109.077
94.4685
96.5054
110.672
98.4391
96.0659
101.062
110.593
108.997
106.107
108.121
105.08
108.702
105.156
109.507
102.943
107.17
106.851
106.677
106.076
106.395
102.816
108.599
115.544
113.966
134.79
103.068
131.657
135.182
102.832
105.129
103.07
104.12
105.188
104.659
104.861
103.469
105.355
103.277
103.852
104.56
104.781
103.593
104.718
108.835
104.822
114.822
115.327
109.575
108.818
107.073
108.924
105.073
132.68
121.306
109.683
111.306
92.0302
140.231
140.065
79.3817
140.593
82.3887
140.077
159.996
104.095
104.387
103.444
112.465
104.09
102.553
95.5519
111.259
115.283
105.762
95.1748
111.822
115.337
111.633
102.981
102.156
102.837
119.902
124.602
104.283
102.472
104.742
109.819
104.28
110.245
104.632
102.414
113.958
107.675
114.233
107.052
102.997
106.281
100.196
77.4275
217.124
220.521
135.76
130.083
76.1297
80.2799
100.113
103.007
97.9117
98.1885
103.564
102.32
98.9664
102.538
105.02
105.622
107.231
102.221
104.996
105.734
119.334
103.917
103.698
106.119
107.899
116.514
106.983
102.723
111.395
102.121
102.699
106.755
102.526
105.858
111.247
107.834
107.901
105.525
110.63
107.567
103.577
103.691
105.335
102.88
117.488
107.925
116.194
107.912
108.198
102.514
105.377
101.547
105.596
101.715
103.974
112.447
136.728
128.39
120.178
105.933
102.232
120.984
97.2967
105.031
111.891
117.989
112.388
115.272
97.0294
100.885
96.1364
84.655
106.048
120.287
103.221
108.351
111.626
108.746
110.593
104.767
108.761
98.3993
97.8996
107.981
102.993
114.321
114.628
108.255
108.84
105.487
101.302
101.246
101.236
101.79
101.311
101.56
101.637
108.533
106.817
104.98
113.584
116.216
115.564
108.653
102.341
110.826
104.062
105.109
102.776
110.442
105.959
111.558
102.523
102.394
101.878
109.985
101.015
104.871
108.887
108.446
106.328
106.3
109.125
108.361
105.824
102.103
127.651
101.766
106.32
110.977
106.814
111.92
103.19
106.551
103.021
101.568
109.201
103.204
102.676
102.943
106.749
101.391
102.786
107.063
102.308
106.367
104.646
108.668
108.991
107.52
105.165
104.561
103.789
110.752
103.087
102.783
105.174
111.083
108.603
105.124
116.611
111.234
105.813
107.36
109.143
106.259
102.423
103.866
107.535
108.517
110.72
104.998
106.152
104.629
102.378
101.982
104.731
102.54
102.699
102.42
103.239
108.201
104.359
105.052
103.161
106.679
103.059
104.213
102.335
107.33
103.855
107.289
107.689
105.776
108.966
108.257
102.192
111.653
107.012
106.005
110.776
107.061
102.497
112.436
102.29
103.268
105.664
111.036
103.074
102.071
107.808
107.472
105.752
105.666
106.135
102.251
100.256
111.158
106.118
101.222
98.914
110.966
106.72
111.824
105.391
110.09
114.654
107.815
118.951
118.316
106.615
105.448
109.545
111.859
99.6597
98.7206
128.247
103.327
102.854
99.4278
121.537
103.484
104.753
119.205
107.817
109.379
113.05
108.416
106.527
106.7
110.822
105.558
108.454
106.577
107.475
104.685
110.476
105.069
137.734
106.376
134.318
199.017
162.568
124.814
115.718
103.642
105.404
103.8
104.338
103.391
103.949
103.203
101.651
105.296
111.794
108.4
101.286
104.618
110.995
144.022
111.14
87.1975
130.408
100.497
131.886
99.3582
109.638
108.892
107.174
109.048
109.193
107.149
109.522
109.162
108.766
109.575
106.751
109.619
107.173
110.38
102.895
104.243
107.107
106.03
102.288
104.099
103.23
100.799
104.109
105.291
102.181
89.2123
89.6394
100.8
103.361
108.012
108.34
106.808
104.6
106.795
103.3
106.946
105.207
102.106
104.728
106.517
105.419
103.963
104.288
105.616
99.9474
108.258
104.346
107.126
105.795
105.984
115.225
107.804
114.944
109.249
103.594
107.082
97.4544
119.761
117.203
125.421
98.7813
117.145
104.108
100.262
99.7264
98.0729
101.674
99.7229
99.8726
98.1098
114.267
104.321
119.5
123.925
107.595
126.048
107.315
106.966
98.7208
107.788
102.855
117.416
102.308
112.993
110.771
102.044
107.279
99.7616
100.012
107.934
109.492
105.964
98.9208
124.75
106.883
99.0858
115.706
107.988
121.512
98.1546
117.704
100.764
132.342
130.427
107.035
103.51
105.133
103.639
98.7312
105.808
105.711
94.9109
97.651
128.509
123.624
117.863
118.519
100.096
108.197
106.074
104.712
104.22
113.998
103.465
113.625
103.911
125.064
104.362
113.556
102.446
106.015
106.384
102.298
101.84
102.951
102.97
102.078
99.9636
100.28
102.272
93.6018
96.961
93.7259
95.4396
93.1895
178.786
106.056
104.252
104.888
103.838
101.203
106.12
106.45
98.2898
102.574
103.623
105.559
103.501
106.162
102.22
101.789
104.855
102.365
103.412
103.431
104.586
101.48
101.529
106.845
101.859
105.892
111.682
121.398
106.174
107.47
106.081
116.397
115.112
108.987
106.368
104.257
104.568
118.287
108.065
113.207
109.084
128.891
118.21
115.262
120.037
106.517
106.606
105.923
135.815
104.106
103.662
110.2
103.705
108.402
102.25
107.215
104.017
109.903
116.052
110.089
114.98
104.391
117.038
110.37
115.764
101.201
103.816
107.99
106.365
102.6
105.694
107.76
116.731
104.945
110.359
115.004
111.205
114.993
117.424
106.17
108.504
105.688
107.647
104.045
107.595
104.086
115.092
103.836
112.361
117.072
110.549
116.227
114.023
118.669
95.4919
102.907
101.923
103.091
101.024
106.798
100.019
98.8613
97.5721
89.285
88.3901
93.2915
94.0236
108.726
111.269
111.04
106.686
104.61
104.473
104.797
102.557
97.2287
106.909
106.891
105.109
98.866
98.399
121.205
115.132
114.175
101.385
104.563
106.392
105.079
107.973
108.068
107.069
108.444
105.345
105.313
110.159
108.252
106.391
106.404
109.351
104.466
104.742
107.632
108.481
104.772
106.777
106.956
105.715
104.017
106.435
100.172
89.7532
103.01
97.1235
92.8304
89.4311
95.6127
72.7711
113.557
151.529
66.4391
150.247
51.8602
88.9398
107.452
100.657
219.896
166.124
107.647
106.762
105.137
100.475
90.7994
107.837
102.141
91.7712
91.9999
91.3702
104.286
100.921
103.523
101.911
103.852
103.81
101.377
103.899
83.7663
83.7558
98.042
128.568
105.559
102.047
108.305
110.931
109.213
125.456
95.7522
137.954
93.4986
91.0869
223.742
82.3147
95.8027
98.1124
129.375
104.811
100.426
99.2737
100.452
98.788
101.625
98.2417
103.779
122.369
101.676
125.041
114.566
119.135
109.501
117.106
115.889
109.627
126.023
119.475
114.024
107.201
108.062
109.717
166.595
97.3235
89.9749
123.518
120.728
87.8697
102.772
107.181
102.513
94.4715
90.4665
94.2085
92.7789
101.46
102.382
118.059
98.7251
99.0178
101.174
101.046
104.594
101.384
101.934
102.004
101.837
98.0463
99.1025
116.918
110.522
113.981
105.109
110.858
114.419
119.348
101.738
119.606
108.399
99.3079
99.3642
100.495
101.047
106.619
106.043
108
104.509
103.385
110.32
109.254
107.693
99.1064
108.859
105.888
103.02
103.124
102.168
120.141
103.351
108.608
107.065
116.002
104.731
109.974
106.74
108.203
106.303
107.162
105.12
104.785
107.196
99.4058
97.6331
92.859
96.5828
90.2901
217.028
159.504
97.2796
110.019
96.8777
114.947
108.296
99.7605
97.8668
104.226
97.0411
101.919
107.583
110.341
97.7409
99.0655
97.2544
100.754
104.087
107.248
106.175
102.6
98.1893
112.27
111.654
116.414
111.373
116.176
109.601
134.689
101.923
111.452
112.326
106.024
88.1492
85.7679
115.131
114.566
113.732
112.68
108.208
105.376
105.06
106.382
105.023
108.114
108.809
111.725
105.329
106.573
106.216
135.537
103.527
127.996
110.728
105.805
102.996
107.876
119.531
409.67
309.326
132.623
137.491
64.0604
63.6212
94.7024
107.552
112.234
114.096
119.205
113.501
94.4311
100.941
110.828
107.141
88.7197
132.853
119.976
113.702
120.419
105.646
113.091
96.2174
91.1544
146.604
148.547
96.5516
115.552
113.285
105.124
95.5423
115.56
113.622
82.5545
88.3865
83.9767
116.339
119.236
134.865
121.677
104.823
102.063
102.868
99.787
95.098
99.3191
95.0615
104.495
103.541
113.632
103.934
111.479
106.092
104.67
103.002
114.512
116.596
116.822
105.841
111.66
103.826
101.25
119.378
115.146
111.196
115.871
115.99
117.464
112.168
138.293
102.397
103.539
111.69
129.076
102.745
101.427
103.722
103.599
110.361
97.3219
108.456
95.9769
103.557
98.2211
96.5708
116.353
107.684
108.298
130.27
110.896
107.379
107.867
109.067
106.727
95.1625
98.2418
111.301
112.256
110.845
131.474
114.333
112.17
110.392
97.8123
95.9042
87.7743
94.3527
88.5707
199.621
169.614
101.369
98.7869
99.3182
110.387
97.2162
108.151
97.9462
112.724
114.736
109.805
108.739
106.599
94.0906
93.5606
105.108
110.709
93.5148
93.8152
113.201
106.257
105.562
99.389
109.649
98.6644
118.095
128.054
134.665
118.528
115.102
113.327
122.447
102.04
99.819
109.313
124.942
111.341
111.279
110.94
117.616
109.239
111.128
108.281
112.409
104.417
109.765
103.874
101.48
108.284
108.756
97.4289
93.6531
94.0926
93.5015
92.8092
108.659
107.058
103.136
98.6399
108.79
80.3255
106.627
82.1429
97.551
113.584
100.514
116.365
129.78
106.386
105.266
134.805
103.376
102.483
97.9531
153.257
109.912
109.508
103.893
105.846
114.372
117.694
129.086
127.289
88.8239
91.4094
110.475
115.731
116.369
110.454
109.213
94.2841
95.1522
109.582
103.1
126.58
101.705
105.369
114.814
104.002
106.336
111.027
104.857
126.044
105.184
128.249
101.499
96.9959
112.397
114.794
106.487
152.436
106.761
97.5632
105.819
113.792
94.6123
97.6119
106.978
104.485
105.517
90.8515
100.692
89.6882
96.9756
130.433
133.044
98.4483
80.807
166.847
148.15
50.5826
57.0452
54.1528
49.2693
124.78
115.482
95.5792
106.377
123.008
93.309
106.601
104.78
105.3
91.3027
86.3472
109.079
88.2336
95.4247
112.176
108.055
111.454
125.117
109.216
67.0142
123.569
117.927
96.6395
106.566
88.7815
158.236
168.086
109.739
113.251
102.881
105.291
104.712
114.534
102.155
98.3855
108.296
113
106.317
114.022
109.783
111.442
103.043
115.077
108.03
112.025
109.164
121.958
112.148
99.9151
101.688
112.886
125.81
63.0712
125.783
127.275
63.6248
143.77
110.336
112.707
109.534
110.29
100.507
97.0769
117.976
125.715
128.407
95.0222
98.965
92.9555
103.008
113.819
138.843
108.297
109.401
117.172
125.382
104.294
104.305
105.858
102.439
112.411
106.621
74.7294
105.947
105.794
77.6927
113.383
115.72
91.8199
106.437
109.631
127.783
93.7273
92.184
191.876
82.4203
113.122
107.812
101.077
135.183
146.216
118.058
111.331
109.046
103.933
97.1485
90.8297
97.4976
162.769
80.0767
111.121
110.265
370.728
182.271
117.878
152.757
132.141
118.338
151.444
87.7007
162.568
156.079
115.657
190.96
117.33
166.273
101.209
102.029
97.7582
101.44
102.266
102.502
98.7155
103.925
94.5161
100.804
130.64
161.611
174.644
87.7996
107.875
84.3688
111.223
194.308
71.1049
154.034
76.2059
120.248
128.432
122.303
90.9496
100.823
133.021
137.986
99.3217
104.945
112.022
91.7624
103.262
92.6598
105.398
108.991
99.1142
92.0582
101.882
107.185
96.5768
99.4383
571.738
100.67
349.42
149.225
150.976
67.8905
72.0022
102.276
123.344
135.182
94.8223
135.925
86.6442
105.626
88.3727
108.984
96.1945
128.501
100.657
145.32
132.804
107.594
100.109
111.234
106.825
131.1
114.271
129.117
205.555
145.208
475.978
147.061
85.6796
99.0877
320.715
90.7468
163.127
89.8493
108.932
159.173
117.493
150.719
111.175
108.477
106.855
101.396
101.583
105.229
103.827
143.476
99.7248
160.749
53.8029
153.053
-60.9375
141.18
115.79
157.8
53.0781
70.63
61.562
54.5116
65.8581
100.178
111.432
100.173
122.151
111.047
111.878
98.6491
55.6969
286.223
313.229
143.258
116.084
176.399
78.2009
153.551
359.079
623.356
61.3553
116.156
150.883
60.2554
245.345
133.051
119.062
125.119
186.241
148.628
107.209
167.43
76.9684
140.506
57.3865
82.3172
120.526
153.487
134.289
94.7742
89.8094
62.3618
54.5887
144.261
103.571
102.131
98.7011
105.082
100.602
102.59
101.79
99.2137
198.669
57.4756
211.248
140.35
255.126
141.646
150.665
110.478
87.3937
115.587
98.625
95.8486
96.0597
97.7024
112.288
129.527
120.08
103.337
104.401
106.397
98.1743
143.429
135.412
176.326
124.26
-61.1105
-2.87339
206.785
111.261
104.675
105.661
101.541
108.132
100.784
110.323
47.156
-0.747109
125.071
142.797
31.4344
236.86
-4.40919
177.253
154.967
161.825
151.968
160.61
115.273
129.665
76.8129
156.534
138.458
101.83
107.049
75.2991
91.6636
60.2216
195.22
183.684
-4.84399
98.29
144.118
-1.96958
97.7
109.651
114.589
150.277
121.978
103.988
98.9513
108.643
115.181
114.823
118.084
142.383
101.764
100.821
126.858
66.7782
80.5945
133.691
116.143
104.704
99.0343
)
;

boundaryField
{
    inlet
    {
        type            fixedFluxPressure;
        gradient        nonuniform List<scalar> 
33
(
1870.4
418.273
-1429.2
1888.37
-1224.97
-1202.64
1745.3
-556.824
-2643.14
-2001.29
-1133.77
-5287.45
-147.431
-3741.61
-31.3437
-529.95
-578.672
1286.37
-215.648
205.201
1039.08
650.807
575.054
-256.606
250.367
1207.16
-2303.22
-1454.06
1375.71
846.42
-12380.5
-122.575
-10013.5
)
;
        value           nonuniform List<scalar> 
33
(
103.108
99.2128
96.4788
104.503
99.2391
99.4851
106.638
100.69
96.3667
97.5315
97.1557
89.9542
98.9132
93.3712
101.348
100.781
101.753
104.449
100.865
101.148
101.834
99.8085
101.059
99.3993
102.553
104.327
98.2884
98.9816
104.772
102.246
89.6198
97.9237
91.3672
)
;
    }
    outlet
    {
        type            fixedValue;
        value           uniform 0;
    }
    lowerWall
    {
        type            fixedFluxPressure;
        gradient        uniform 0;
        value           nonuniform List<scalar> 
1094
(
101.237
98.376
99.3382
100.725
101.69
101.891
103.146
101.804
101.655
101.535
105.479
98.4421
98.4768
99.5851
101.492
103.442
104.328
100.861
101.377
102.875
97.774
103.671
98.7232
98.8719
100.62
107.496
117.814
109.492
89.2375
106.407
28.7665
101.474
103.777
101.125
99.1035
98.9792
103.445
130.403
103.366
104.896
91.4812
107.421
100.901
98.4813
100.224
102.101
110.958
114.863
101.632
106.887
98.1862
103.502
100.908
98.747
100.619
102.314
101.559
102.641
94.2108
103.813
100.607
100.285
100.337
100.397
100.73
101.13
101.252
100.426
99.4857
100.183
97.2476
97.3728
97.9215
99.1031
100.455
100.662
100.507
98.58
96.8732
96.989
93.7424
93.9032
94.0713
94.271
95.072
95.1451
94.2215
93.8444
93.6302
93.6653
91.2631
91.3751
91.4476
91.5556
91.4543
91.4439
91.4621
91.2987
91.2041
91.2027
88.6768
88.7521
88.8196
88.8834
88.8877
88.8696
88.8213
88.7118
88.6528
88.6447
86.1083
86.1555
86.1866
86.2494
86.2267
86.213
86.1907
86.1303
86.1024
86.0838
83.5422
83.5939
83.6012
83.6272
83.6323
83.6208
83.6196
83.5831
83.5558
83.5231
81.0075
81.0393
81.0526
81.0591
81.0584
81.0571
81.058
81.0348
81.0149
81.0068
78.4858
78.5005
78.5154
78.5254
78.5333
78.5422
78.5294
78.4939
78.4938
78.4877
75.9865
76.0061
76.0005
76.0121
76.0202
76.03
76.0224
76.0162
76.0063
75.9895
73.5035
73.51
73.531
73.5342
73.5469
73.5556
73.5511
73.5378
73.5088
73.505
71.049
71.0695
71.1007
71.0933
71.0848
71.0875
71.0948
71.0789
71.057
71.0542
68.6161
68.6509
68.6723
68.6488
68.6296
68.6248
68.6266
68.6406
68.6229
68.6202
66.2164
66.2253
66.2271
66.2296
66.2326
66.2207
66.2083
66.2005
66.206
66.2102
63.8214
63.8275
63.8324
63.8392
63.8436
63.838
63.8253
63.8141
63.8055
63.8056
61.4404
61.445
61.4492
61.4486
61.4486
61.4417
61.4411
61.4354
61.4277
61.4307
59.0906
59.0833
59.0774
59.0805
59.0859
59.0852
59.0827
59.0806
59.0846
59.0881
56.7335
56.7323
56.7324
56.7328
56.7359
56.7454
56.753
56.7539
56.7487
56.7383
54.4023
54.3893
54.3946
54.4058
54.4142
54.4191
54.4253
54.4245
54.4255
54.415
52.0909
52.0691
52.0671
52.0778
52.0925
52.1048
52.1052
52.1077
52.1081
52.1036
49.7787
49.7685
49.7588
49.7577
49.7672
49.7773
49.7833
49.7842
49.7799
49.7837
47.4679
47.4719
47.4773
47.4835
47.4775
47.4726
47.4683
47.4652
47.4653
47.4668
45.1737
45.1892
45.1955
45.1924
45.1773
45.1716
45.1692
45.1859
45.1767
45.1737
42.9107
42.9162
42.9163
42.907
42.899
42.8943
42.8991
42.9101
42.9066
42.9077
40.6421
40.6585
40.6621
40.6622
40.656
40.649
40.6458
40.6415
40.6308
40.6332
38.3975
38.4125
38.4111
38.4052
38.3967
38.3927
38.3806
38.3768
38.3773
38.385
36.1845
36.1799
36.1603
36.154
36.1508
36.1442
36.1372
36.1409
36.1584
36.1755
33.9614
33.9506
33.9396
33.9344
33.9328
33.935
33.9411
33.9478
33.9536
33.9581
31.7292
31.7304
31.7415
31.7482
31.7488
31.7521
31.7553
31.7535
31.7461
31.7339
29.5309
29.5366
29.5517
29.5684
29.5774
29.5795
29.574
29.5626
29.5532
29.5365
27.3852
27.3808
27.38
27.3866
27.3965
27.4086
27.4132
27.413
27.4096
27.3929
25.2762
25.2597
25.2502
25.2465
25.2517
25.2624
25.2763
25.2857
25.2918
25.2846
23.1762
23.1558
23.1527
23.1552
23.1586
23.1617
23.164
23.1688
23.1735
23.1757
21.0683
21.0669
21.067
21.0784
21.0852
21.0865
21.0775
21.0705
21.0696
21.0684
18.9897
18.9951
19.004
19.0095
19.009
19.0024
18.9959
18.9902
18.9882
18.9896
16.9561
16.9599
16.9587
16.946
16.931
16.9195
16.9154
16.9216
16.9318
16.9481
14.9244
14.9292
14.9221
14.8956
14.8777
14.8684
14.8671
14.8773
14.8931
14.9134
12.8683
12.8854
12.8853
12.8775
12.8662
12.8582
12.8554
12.8585
12.8596
12.8613
10.8382
10.846
10.8562
10.8636
10.8611
10.8576
10.8531
10.8508
10.8466
10.841
8.85629
8.84816
8.8456
8.84856
8.8506
8.85533
8.85708
8.85884
8.85995
8.86304
6.87837
6.86806
6.86235
6.86286
6.87108
6.8869
6.8933
6.89144
6.8841
6.88479
4.89512
4.89228
4.89465
4.90185
4.91604
4.94102
4.94007
4.92913
4.91726
4.90558
2.9326
2.9309
2.93761
2.94302
2.95107
2.9621
2.96582
2.96449
2.95127
2.93792
0.980054
0.979491
0.979924
0.975594
0.973303
0.976296
0.985293
0.98938
0.989995
0.980356
100.33
100.195
99.8621
101.627
100.575
100.386
99.7517
100.15
100.173
100.113
100.534
100.285
107.149
100.969
100.632
104.44
101.349
101.044
104.674
100.996
100.951
97.2153
98.9698
100.595
99.1182
99.2466
99.0732
100.946
100.26
100.501
106.838
98.5104
100.313
98.3855
107.096
108.2
107.443
104.304
102.872
99.7619
100.087
112.663
104.776
111.748
100.4
109.037
115.682
102.711
108.213
104.469
112.053
110.821
94.1122
101.878
99.4748
86.6427
109.634
102.421
103.536
110.566
94.0616
98.5179
99.3577
102.861
101.534
101.394
101.026
100.518
100.027
102.717
100.453
100.796
99.8575
100.684
100.569
102.029
101.618
101.372
104.544
101.706
101.308
103.373
100.708
101.285
89.8685
96.498
98.549
106.37
102.203
102.188
100.21
98.467
98.7163
100.486
98.8662
98.7728
100.146
99.9367
98.912
100.59
100.597
100.36
100.845
100.863
100.662
101.239
100.985
100.936
100.852
100.516
100.937
99.3947
98.2435
100.107
99.5376
97.659
98.0119
100.491
98.3278
98.1407
100.791
100.127
101.439
100.133
100.555
100.488
100.711
100.314
99.7228
100.893
101.16
102.812
100.496
100.806
100.686
100.828
100.713
100.685
99.8979
100.64
105.343
100.104
100.261
100.044
100.335
100.37
100.472
100.172
100.641
102.115
100.445
100.364
100.234
100.076
100.316
100.328
101.123
101.797
96.5985
100.821
100.987
100.963
100.449
100.58
100.631
101.608
102.601
104.891
101.245
101.603
101.544
101.251
101.394
101.183
102.205
103.774
105.596
101.214
101.403
101.348
101.459
101.515
101.314
98.3107
99.9447
100.903
99.8886
100.211
98.9222
101.051
100.449
100.138
98.3177
114.424
97.0859
99.9343
99.2988
99.2543
98.7181
97.9341
98.2889
100.496
101.241
102.134
100.47
101.115
100.718
101.153
101.32
100.558
100.406
100.694
100.345
99.411
100.17
99.9286
100.452
100.62
100.416
100.656
96.5407
96.6392
100.63
96.6084
96.4983
100.882
101.001
100.965
100.803
100.812
100.817
99.0047
98.7392
99.2466
100.994
100.966
100.924
100.525
100.358
100.403
100.535
100.744
100.728
100.285
96.4143
96.7138
99.3012
96.5476
96.43
100.574
100.521
100.468
100.836
100.793
100.876
100.693
100.754
100.563
100.375
100.437
100.451
98.9681
99.3029
99.5622
98.9223
100.466
102.333
98.5129
96.3803
96.2613
99.6257
100.408
100.353
97.32
95.8402
96.1025
100.486
100.291
99.5733
100.385
100.506
100.453
100.346
100.194
99.814
67.9827
107.961
101.213
99.2486
100.045
99.4039
99.9841
100.335
99.4554
100.442
100.428
100.438
100.235
100.353
100.476
100.42
100.155
100.16
100.694
99.8385
99.9303
99.8896
99.7168
100.597
99.0866
99.4435
100.678
100.513
99.2726
98.8589
107.65
106.056
101.776
98.3949
97.9303
99.9803
100.219
98.113
98.6198
96.8253
95.665
95.7172
99.0131
98.5714
97.6404
101.71
101.944
105.097
109.645
104.959
108.574
97.6221
96.2423
96.1433
98.6926
99.7518
100.051
99.4581
97.9206
97.6023
97.5493
97.9794
99.7488
97.791
98.6673
98.4196
97.915
97.0263
97.3717
97.4999
97.4143
98.1657
101.35
101.151
101.624
104.517
103.092
100.868
118.587
103.191
105.562
99.4742
99.4788
98.5506
100.059
103.627
105.255
100.026
98.7113
102.971
97.1009
95.8023
95.7856
98.859
98.8568
98.164
100.546
100.409
99.3297
111.615
103.546
105.382
106.192
101.788
102.25
96.682
97.0274
97.7242
97.1808
96.0196
95.8516
95.1328
93.8516
93.8411
95.0948
93.7998
93.8517
98.5179
99.169
99.105
96.6083
97.3162
97.3241
97.3724
97.3626
96.6457
98.0712
97.4342
97.2868
108.478
111.757
97.3171
104.453
104.862
93.4184
101.479
106.228
104.697
102.387
103.349
102.559
109.734
112.284
101.195
90.8619
100.451
77.6857
89.7604
99.4737
165.923
101.698
118.288
112.88
97.1329
97.2232
96.5406
96.5999
97.3328
97.2242
97.5325
97.7009
109.076
99.5211
121.604
106.302
103.192
106.275
101.359
97.8558
105.114
106.858
104.391
105.881
111.501
99.2125
116.877
84.1029
99.7327
94.559
103.974
311.124
69.5788
94.4296
98.3263
99.0713
99.1174
98.1398
96.8263
102.342
106.817
108.653
116.216
107.52
103.789
108.668
108.517
104.629
107.535
102.335
108.966
107.689
105.664
103.074
102.497
107.174
109.522
108.892
99.7264
98.0729
100.262
124.75
107.988
98.9208
117.863
108.197
128.509
106.015
102.298
125.064
104.252
98.2898
106.12
103.623
101.789
105.559
108.987
104.568
116.397
106.845
107.47
111.682
103.705
108.402
110.2
107.181
92.7789
94.4715
101.384
101.934
104.594
113.981
119.348
110.522
119.606
101.047
99.3079
103.02
102.168
99.1064
105.12
107.196
106.74
104.226
99.0655
107.583
114.947
97.8668
97.2796
119.378
117.464
111.196
111.301
110.392
131.474
115.102
124.942
102.04
118.095
118.528
99.389
93.5015
107.058
93.6531
106.386
134.805
113.584
166.847
49.2693
57.0452
96.6395
109.739
158.236
115.077
99.9151
121.958
143.77
97.0769
109.534
125.783
63.6248
101.688
117.172
104.294
138.843
102.439
105.947
105.858
113.383
109.631
77.6927
102.029
97.7582
101.209
133.051
107.209
186.241
57.3865
153.487
167.43
)
;
    }
    upperWall
    {
        type            fixedFluxPressure;
        gradient        uniform 0;
        value           nonuniform List<scalar> 
1076
(
99.7554
98.5064
99.9085
99.9127
102.052
101.912
102.896
101.891
102.019
100.552
106.41
97.0431
98.4768
100.175
101.552
102.589
106.365
104.712
106.142
102.54
97.6436
97.764
99.0653
97.9597
101.076
107.096
109.308
103.198
94.1724
104.663
81.1965
101.219
101.386
102.081
100.255
99.4734
101.975
90.764
110.717
110.211
107.661
107.255
101.936
104.403
100.316
103.217
105.381
111.889
110.643
109.11
100.814
103.348
100.803
98.134
100.389
100.958
101.566
103.002
96.7129
104.311
100.604
100.283
100.346
100.357
100.706
101.133
101.245
100.399
99.4817
100.184
97.2475
97.372
97.922
99.1062
100.451
100.653
100.506
98.5799
96.8732
96.9891
93.7423
93.903
94.0726
94.2709
95.0716
95.1447
94.2216
93.8448
93.6306
93.6652
91.263
91.375
91.4475
91.5552
91.4548
91.4441
91.4619
91.2986
91.204
91.2026
88.6769
88.752
88.8195
88.8833
88.8876
88.8693
88.8212
88.7117
88.6527
88.6448
86.1085
86.1554
86.1865
86.2492
86.2265
86.2128
86.1906
86.1301
86.1023
86.0833
83.5418
83.5938
83.6011
83.627
83.6319
83.6211
83.6194
83.583
83.5557
83.5226
81.0074
81.0392
81.0525
81.059
81.0583
81.057
81.0579
81.0347
81.0147
81.007
78.4856
78.5004
78.5153
78.5253
78.5333
78.5419
78.5293
78.4938
78.4937
78.4877
75.9859
76.0057
76.0004
76.012
76.0202
76.0298
76.0223
76.0161
76.0066
75.99
73.5034
73.5099
73.5309
73.5341
73.5468
73.5555
73.551
73.5383
73.5088
73.5049
71.049
71.0696
71.1003
71.0928
71.0847
71.0876
71.0944
71.0783
71.0569
71.0539
68.6163
68.6505
68.6723
68.6486
68.6293
68.6246
68.6265
68.6408
68.6229
68.6203
66.2159
66.225
66.2269
66.2293
66.2328
66.2206
66.2084
66.2004
66.206
66.2099
63.8214
63.8276
63.832
63.8393
63.8436
63.8382
63.825
63.814
63.8054
63.8053
61.4405
61.4451
61.4491
61.4485
61.4482
61.4414
61.441
61.4356
61.4276
61.4306
59.0905
59.0827
59.0771
59.0804
59.0854
59.0849
59.0826
59.0808
59.0845
59.088
56.7332
56.7318
56.7327
56.7329
56.7359
56.7454
56.7529
56.7538
56.7486
56.7382
54.4023
54.3891
54.3946
54.4054
54.4137
54.4191
54.425
54.4244
54.4252
54.4149
52.0909
52.0692
52.0669
52.0774
52.0926
52.1048
52.105
52.108
52.108
52.1035
49.7784
49.7682
49.7588
49.7579
49.7673
49.7772
49.7831
49.7841
49.7797
49.7831
47.4678
47.4718
47.4772
47.4835
47.4775
47.4723
47.4686
47.4649
47.4651
47.4668
45.1735
45.1892
45.1956
45.1925
45.177
45.1715
45.1696
45.1855
45.1773
45.174
42.9106
42.9164
42.9164
42.9068
42.8988
42.8948
42.899
42.9101
42.9067
42.9073
40.6421
40.6591
40.6618
40.6619
40.6561
40.6492
40.6461
40.6413
40.631
40.6329
38.3976
38.4126
38.4106
38.4051
38.3967
38.3924
38.3803
38.3766
38.3771
38.385
36.1846
36.1797
36.1604
36.1539
36.1506
36.1438
36.1371
36.1408
36.159
36.1756
33.961
33.9506
33.9397
33.9343
33.9327
33.9349
33.9409
33.9477
33.9537
33.958
31.7291
31.7303
31.7416
31.7482
31.7488
31.752
31.755
31.7534
31.7458
31.7337
29.5307
29.5365
29.5517
29.5682
29.5772
29.5793
29.5736
29.5627
29.5531
29.5366
27.385
27.3807
27.3797
27.3865
27.3962
27.4086
27.4132
27.413
27.4095
27.3929
25.2761
25.2601
25.2502
25.2465
25.2516
25.2622
25.2762
25.2856
25.2915
25.2844
23.1761
23.1555
23.1526
23.1552
23.1586
23.1616
23.1639
23.1687
23.1733
23.1757
21.0682
21.0661
21.0668
21.0784
21.0858
21.0865
21.0775
21.0703
21.0695
21.0683
18.9894
18.995
19.0044
19.0095
19.0088
19.002
18.9959
18.99
18.9883
18.9896
16.9563
16.96
16.9589
16.9455
16.931
16.9194
16.915
16.9216
16.932
16.948
14.9245
14.929
14.9221
14.8953
14.8775
14.8685
14.8671
14.8771
14.893
14.9132
12.8684
12.8843
12.8848
12.8774
12.8662
12.8584
12.8553
12.8584
12.8592
12.861
10.8382
10.8461
10.8565
10.8637
10.8611
10.8573
10.8528
10.8506
10.8465
10.8409
8.85644
8.84818
8.84532
8.84846
8.85051
8.85523
8.85699
8.85875
8.85982
8.86307
6.87814
6.86775
6.86212
6.86264
6.8712
6.88685
6.89348
6.89137
6.88389
6.88448
4.89474
4.89222
4.89471
4.90183
4.91583
4.94102
4.93995
4.92906
4.91715
4.90542
2.93251
2.93101
2.93759
2.94288
2.95088
2.96139
2.96517
2.96452
2.95128
2.93796
0.980072
0.979254
0.979616
0.975104
0.973242
0.97623
0.985367
0.989344
0.989897
0.98027
99.8728
100.201
101.741
100.385
100.59
103.999
100.144
100.133
99.5651
100.253
100.38
100.303
100.572
100.916
91.6758
101.023
101.348
102.065
101.22
100.995
104.046
100.621
98.9711
99.8169
99.0677
99.276
100.062
100.475
100.255
101.347
98.1117
102.916
108.875
104.516
102.293
100.073
98.2584
104.324
97.4199
97.5922
99.6312
100.13
100.313
101.374
104.176
100.943
106.176
106.785
109.983
103.695
111.339
103.307
113.362
101.373
102.222
91.3314
102.442
107.049
103.46
102.933
99.248
98.502
103.454
101.175
101.694
106.813
100.619
100.438
100.68
100.225
100.622
100.939
100.509
100.259
100.666
101.273
101.557
102.025
101.723
101.915
105.104
101.395
100.777
101.318
98.7061
98.4695
117.654
102.275
101.941
101.773
98.7162
98.4664
100.217
98.7711
98.8653
100.487
98.9119
99.937
100.121
100.359
100.598
100.572
100.663
100.863
100.85
100.942
100.986
101.242
100.935
100.516
100.843
100.106
98.2377
99.4144
98.0112
97.6588
99.5342
98.1402
98.3276
100.483
99.7315
100.403
100.716
100.487
100.505
100.145
103.91
100.195
100.473
100.67
100.849
100.618
100.711
100.777
100.466
104.201
101.183
101.205
100.411
100.463
100.548
100.033
100.191
100.024
97.9402
99.3084
99.8906
100.376
100.296
100.113
100.266
100.421
100.492
98.9734
100.959
100.213
100.615
100.616
100.461
100.853
101.225
100.814
108.487
101.033
100.952
101.172
101.379
101.225
101.492
101.597
101.245
106.669
102.072
101.608
101.336
101.641
101.313
101.404
101.362
101.207
102.514
101.623
102.022
100.13
100.43
101.058
99.0016
100.187
99.9007
103.962
100.215
98.5709
98.2934
98.143
98.7646
99.4061
101.035
99.3745
96.4971
106.826
99.1318
100.557
101.284
101.16
100.743
101.111
100.469
102.806
101.399
100.552
100.211
100.614
100.421
99.9338
100.179
99.4108
100.409
100.602
100.462
101.732
100.936
99.293
96.6393
96.5403
100.653
96.4976
96.6082
100.614
100.967
100.926
100.819
100.772
100.853
100.804
99.2467
98.733
99.0164
100.398
100.355
100.519
100.919
100.964
100.994
100.729
100.733
100.511
96.7152
96.4154
100.286
96.4288
96.5464
99.3018
100.48
100.49
100.574
100.875
100.798
100.848
100.449
100.485
100.375
100.564
100.772
100.68
99.612
99.2644
98.9714
96.2621
96.3812
98.5135
100.354
100.408
99.6263
96.1027
95.8404
97.3215
99.5725
100.289
100.486
100.451
100.505
100.386
89.2742
121.015
76.2765
99.8138
100.192
100.343
103.279
106.241
109.539
99.4026
100.045
99.2449
99.4467
100.33
99.983
100.434
100.416
100.473
100.475
100.339
100.238
100.158
100.138
100.415
99.912
99.84
100.694
100.6
99.7131
99.8508
100.676
99.4395
99.0652
98.8509
99.2745
100.515
99.9789
97.9336
98.3908
98.6176
98.1079
100.217
95.7173
95.6651
96.8256
97.6391
98.5704
99.0125
96.1429
96.242
97.6218
100.049
99.7555
98.6943
97.6026
97.921
99.4613
99.746
97.978
97.5461
104.669
106.448
105.066
98.4176
98.6835
97.7933
99.7214
97.9228
103.349
97.3717
97.0263
97.9163
98.1681
97.415
97.5006
103.554
101.834
103.74
105.031
98.6563
102.28
98.5486
99.4765
99.4712
107.476
102.864
110.231
106.604
95.6133
106.255
95.7859
95.8026
97.1011
98.1634
98.8554
98.8581
98.013
106.445
109.286
108.706
103.406
97.0121
107.101
105.78
104.194
107.712
98.518
100.498
105.121
110.585
76.2447
89.9225
108.006
100.872
102.365
100.793
101.616
104.802
105.113
106.93
97.7236
97.0274
96.6806
33.6013
116.523
159.629
95.8521
96.0201
97.1812
93.8406
93.8511
95.1323
93.8512
93.7993
95.0943
99.1062
99.1673
98.5179
108.082
106.351
104.095
97.3204
97.3162
96.6073
96.6448
97.3617
97.368
97.2876
97.435
98.0709
101.062
97.7065
93.8091
112.723
133.785
87.0804
100.623
108.105
127.05
130.716
121.698
142.022
98.6218
105.837
99.1344
96.9447
101.052
102.132
121.077
127.295
97.5866
129.057
99.9571
103.707
104.708
105.582
110.494
109.964
100.94
99.6114
105.369
107.634
104.33
101.715
101.691
103.043
100.182
103.616
108.948
96.5395
97.223
97.1313
97.2231
97.3307
96.5992
80.5482
48.2115
96.1151
103.913
104.142
101.444
107.339
97.1294
108.322
111.547
77.5185
107.591
145.416
62.3014
116.634
107.543
114.798
112.764
101.31
101.072
98.0063
113.347
106.703
113.202
91.1356
96.7669
99.0694
102.783
98.743
103.277
99.1168
99.0689
98.3271
110.672
101.062
98.4391
140.231
82.3887
140.593
217.124
80.2799
135.76
111.891
97.0294
117.989
105.933
120.984
136.728
105.377
103.974
101.547
96.1364
108.351
120.287
109.201
102.676
106.551
102.699
103.239
102.42
99.6597
128.247
105.448
110.09
118.316
114.654
102.854
119.205
103.484
107.107
103.23
106.03
108.34
103.3
106.808
104.109
100.8
89.2123
105.207
103.963
106.517
102.6
107.76
105.694
128.568
102.047
83.7663
104.417
108.756
103.874
114.534
98.3855
102.155
135.412
206.785
-61.1105
98.29
-1.96958
195.22
)
;
    }
    frontWall
    {
        type            cyclic;
    }
    backWall
    {
        type            cyclic;
    }
}


// ************************************************************************* //
