/*--------------------------------*- C++ -*----------------------------------*\
| =========                 |                                                 |
| \\      /  F ield         | OpenFOAM: The Open Source CFD Toolbox           |
|  \\    /   O peration     | Version:  5.0                                   |
|   \\  /    A nd           | Web:      www.OpenFOAM.org                      |
|    \\/     M anipulation  |                                                 |
\*---------------------------------------------------------------------------*/
FoamFile
{
    version     2.0;
    format      ascii;
    class       refinementHistory;
    location    "1.4/polyMesh";
    object      refinementHistory;
}
// * * * * * * * * * * * * * * * * * * * * * * * * * * * * * * * * * * * * * //

// splitCells

5010
(
1 0()
-1 8(0 2 3 4 5 6 7 8)
1 0()
1 0()
1 0()
1 0()
1 0()
1 0()
1 0()
10 0()
-1 8(9 11 20 21 22 23 24 33)
10 8(12 13 14 15 16 17 18 19)
11 0()
11 0()
11 0()
11 0()
11 0()
11 0()
11 0()
11 0()
10 0()
10 0()
10 0()
10 0()
10 8(25 26 27 28 29 30 31 32)
24 0()
24 0()
24 0()
24 0()
24 0()
24 0()
24 0()
24 0()
10 8(34 35 36 37 38 39 40 41)
33 0()
33 0()
33 0()
33 0()
33 0()
33 0()
33 0()
33 0()
43 0()
44 8(42 108 109 110 111 112 113 114)
-1 8(43 45 54 63 72 81 90 99)
44 8(46 47 48 49 50 51 52 53)
45 0()
45 0()
45 0()
45 0()
45 0()
45 0()
45 0()
45 0()
44 8(55 56 57 58 59 60 61 62)
54 0()
54 0()
54 0()
54 0()
54 0()
54 0()
54 0()
54 0()
44 8(64 65 66 67 68 69 70 71)
63 0()
63 0()
63 0()
63 0()
63 0()
63 0()
63 0()
63 0()
44 8(73 74 75 76 77 78 79 80)
72 0()
72 0()
72 0()
72 0()
72 0()
72 0()
72 0()
72 0()
44 8(82 83 84 85 86 87 88 89)
81 0()
81 0()
81 0()
81 0()
81 0()
81 0()
81 0()
81 0()
44 8(91 92 93 94 95 96 97 98)
90 0()
90 0()
90 0()
90 0()
90 0()
90 0()
90 0()
90 0()
44 8(100 101 102 103 104 105 106 107)
99 0()
99 0()
99 0()
99 0()
99 0()
99 0()
99 0()
99 0()
43 0()
43 0()
43 0()
43 0()
43 0()
43 0()
43 0()
116 0()
-1 8(115 117 118 119 120 121 122 123)
116 0()
116 0()
116 0()
116 0()
116 0()
116 0()
116 0()
125 0()
-1 8(124 126 127 128 129 130 131 140)
125 0()
125 0()
125 0()
125 0()
125 0()
125 8(132 133 134 135 136 137 138 139)
131 0()
131 0()
131 0()
131 0()
131 0()
131 0()
131 0()
131 0()
125 0()
142 0()
143 8(141 199 200 201 202 203 204 205)
-1 8(142 144 153 154 163 172 181 190)
143 8(145 146 147 148 149 150 151 152)
144 0()
144 0()
144 0()
144 0()
144 0()
144 0()
144 0()
144 0()
143 0()
143 8(155 156 157 158 159 160 161 162)
154 0()
154 0()
154 0()
154 0()
154 0()
154 0()
154 0()
154 0()
143 8(164 165 166 167 168 169 170 171)
163 0()
163 0()
163 0()
163 0()
163 0()
163 0()
163 0()
163 0()
143 8(173 174 175 176 177 178 179 180)
172 0()
172 0()
172 0()
172 0()
172 0()
172 0()
172 0()
172 0()
143 8(182 183 184 185 186 187 188 189)
181 0()
181 0()
181 0()
181 0()
181 0()
181 0()
181 0()
181 0()
143 8(191 192 193 194 195 196 197 198)
190 0()
190 0()
190 0()
190 0()
190 0()
190 0()
190 0()
190 0()
142 0()
142 0()
142 0()
142 0()
142 0()
142 0()
142 0()
207 0()
208 8(206 264 265 266 267 268 269 270)
-1 8(207 209 218 219 228 237 246 255)
208 8(210 211 212 213 214 215 216 217)
209 0()
209 0()
209 0()
209 0()
209 0()
209 0()
209 0()
209 0()
208 0()
208 8(220 221 222 223 224 225 226 227)
219 0()
219 0()
219 0()
219 0()
219 0()
219 0()
219 0()
219 0()
208 8(229 230 231 232 233 234 235 236)
228 0()
228 0()
228 0()
228 0()
228 0()
228 0()
228 0()
228 0()
208 8(238 239 240 241 242 243 244 245)
237 0()
237 0()
237 0()
237 0()
237 0()
237 0()
237 0()
237 0()
208 8(247 248 249 250 251 252 253 254)
246 0()
246 0()
246 0()
246 0()
246 0()
246 0()
246 0()
246 0()
208 8(256 257 258 259 260 261 262 263)
255 0()
255 0()
255 0()
255 0()
255 0()
255 0()
255 0()
255 0()
207 0()
207 0()
207 0()
207 0()
207 0()
207 0()
207 0()
272 0()
-1 8(271 273 274 275 276 277 278 279)
272 0()
272 0()
272 0()
272 0()
272 0()
272 0()
272 0()
281 0()
282 8(280 322 323 324 325 326 327 328)
-1 8(281 283 292 293 302 303 312 313)
282 8(284 285 286 287 288 289 290 291)
283 0()
283 0()
283 0()
283 0()
283 0()
283 0()
283 0()
283 0()
282 0()
282 8(294 295 296 297 298 299 300 301)
293 0()
293 0()
293 0()
293 0()
293 0()
293 0()
293 0()
293 0()
282 0()
282 8(304 305 306 307 308 309 310 311)
303 0()
303 0()
303 0()
303 0()
303 0()
303 0()
303 0()
303 0()
282 0()
282 8(314 315 316 317 318 319 320 321)
313 0()
313 0()
313 0()
313 0()
313 0()
313 0()
313 0()
313 0()
281 0()
281 0()
281 0()
281 0()
281 0()
281 0()
281 0()
330 0()
331 8(329 355 356 357 358 359 360 361)
-1 8(330 332 333 342 343 352 353 354)
331 0()
331 8(334 335 336 337 338 339 340 341)
333 0()
333 0()
333 0()
333 0()
333 0()
333 0()
333 0()
333 0()
331 0()
331 8(344 345 346 347 348 349 350 351)
343 0()
343 0()
343 0()
343 0()
343 0()
343 0()
343 0()
343 0()
331 0()
331 0()
331 0()
330 0()
330 0()
330 0()
330 0()
330 0()
330 0()
330 0()
363 0()
-1 8(362 364 365 366 367 368 369 370)
363 0()
363 0()
363 0()
363 0()
363 0()
363 0()
363 0()
372 0()
-1 8(371 373 382 383 384 385 394 395)
372 8(374 375 376 377 378 379 380 381)
373 0()
373 0()
373 0()
373 0()
373 0()
373 0()
373 0()
373 0()
372 0()
372 0()
372 0()
372 8(386 387 388 389 390 391 392 393)
385 0()
385 0()
385 0()
385 0()
385 0()
385 0()
385 0()
385 0()
372 0()
372 0()
397 0()
-1 8(396 398 399 400 401 402 403 404)
397 0()
397 0()
397 0()
397 0()
397 0()
397 0()
397 0()
406 0()
-1 8(405 407 408 409 410 411 412 413)
406 0()
406 0()
406 0()
406 0()
406 0()
406 0()
406 0()
415 0()
-1 8(414 416 417 418 419 420 421 422)
415 0()
415 0()
415 0()
415 0()
415 0()
415 0()
415 0()
424 0()
-1 8(423 425 426 427 428 429 438 439)
424 0()
424 0()
424 0()
424 0()
424 8(430 431 432 433 434 435 436 437)
429 0()
429 0()
429 0()
429 0()
429 0()
429 0()
429 0()
429 0()
424 0()
424 0()
441 0()
-1 8(440 442 451 452 461 470 479 480)
441 8(443 444 445 446 447 448 449 450)
442 0()
442 0()
442 0()
442 0()
442 0()
442 0()
442 0()
442 0()
441 0()
441 8(453 454 455 456 457 458 459 460)
452 0()
452 0()
452 0()
452 0()
452 0()
452 0()
452 0()
452 0()
441 8(462 463 464 465 466 467 468 469)
461 0()
461 0()
461 0()
461 0()
461 0()
461 0()
461 0()
461 0()
441 8(471 472 473 474 475 476 477 478)
470 0()
470 0()
470 0()
470 0()
470 0()
470 0()
470 0()
470 0()
441 0()
441 8(481 482 483 484 485 486 487 488)
480 0()
480 0()
480 0()
480 0()
480 0()
480 0()
480 0()
480 0()
490 0()
491 8(489 555 556 557 558 559 560 561)
-1 8(490 492 501 510 519 528 537 546)
491 8(493 494 495 496 497 498 499 500)
492 0()
492 0()
492 0()
492 0()
492 0()
492 0()
492 0()
492 0()
491 8(502 503 504 505 506 507 508 509)
501 0()
501 0()
501 0()
501 0()
501 0()
501 0()
501 0()
501 0()
491 8(511 512 513 514 515 516 517 518)
510 0()
510 0()
510 0()
510 0()
510 0()
510 0()
510 0()
510 0()
491 8(520 521 522 523 524 525 526 527)
519 0()
519 0()
519 0()
519 0()
519 0()
519 0()
519 0()
519 0()
491 8(529 530 531 532 533 534 535 536)
528 0()
528 0()
528 0()
528 0()
528 0()
528 0()
528 0()
528 0()
491 8(538 539 540 541 542 543 544 545)
537 0()
537 0()
537 0()
537 0()
537 0()
537 0()
537 0()
537 0()
491 8(547 548 549 550 551 552 553 554)
546 0()
546 0()
546 0()
546 0()
546 0()
546 0()
546 0()
546 0()
490 0()
490 0()
490 0()
490 0()
490 0()
490 0()
490 0()
563 0()
-1 8(562 564 565 566 567 568 569 570)
563 0()
563 0()
563 0()
563 0()
563 0()
563 0()
563 0()
572 0()
-1 8(571 573 574 575 576 577 578 579)
572 0()
572 0()
572 0()
572 0()
572 0()
572 0()
572 0()
581 0()
-1 8(580 582 583 584 585 586 587 596)
581 0()
581 0()
581 0()
581 0()
581 0()
581 8(588 589 590 591 592 593 594 595)
587 0()
587 0()
587 0()
587 0()
587 0()
587 0()
587 0()
587 0()
581 8(597 598 599 600 601 602 603 604)
596 0()
596 0()
596 0()
596 0()
596 0()
596 0()
596 0()
596 0()
606 0()
607 8(605 671 672 673 674 675 676 677)
-1 8(606 608 617 626 635 644 653 662)
607 8(609 610 611 612 613 614 615 616)
608 0()
608 0()
608 0()
608 0()
608 0()
608 0()
608 0()
608 0()
607 8(618 619 620 621 622 623 624 625)
617 0()
617 0()
617 0()
617 0()
617 0()
617 0()
617 0()
617 0()
607 8(627 628 629 630 631 632 633 634)
626 0()
626 0()
626 0()
626 0()
626 0()
626 0()
626 0()
626 0()
607 8(636 637 638 639 640 641 642 643)
635 0()
635 0()
635 0()
635 0()
635 0()
635 0()
635 0()
635 0()
607 8(645 646 647 648 649 650 651 652)
644 0()
644 0()
644 0()
644 0()
644 0()
644 0()
644 0()
644 0()
607 8(654 655 656 657 658 659 660 661)
653 0()
653 0()
653 0()
653 0()
653 0()
653 0()
653 0()
653 0()
607 8(663 664 665 666 667 668 669 670)
662 0()
662 0()
662 0()
662 0()
662 0()
662 0()
662 0()
662 0()
606 0()
606 0()
606 0()
606 0()
606 0()
606 0()
606 0()
679 0()
680 8(678 712 713 714 715 716 717 718)
-1 8(679 681 682 691 692 701 702 711)
680 0()
680 8(683 684 685 686 687 688 689 690)
682 0()
682 0()
682 0()
682 0()
682 0()
682 0()
682 0()
682 0()
680 0()
680 8(693 694 695 696 697 698 699 700)
692 0()
692 0()
692 0()
692 0()
692 0()
692 0()
692 0()
692 0()
680 0()
680 8(703 704 705 706 707 708 709 710)
702 0()
702 0()
702 0()
702 0()
702 0()
702 0()
702 0()
702 0()
680 0()
679 0()
679 0()
679 0()
679 0()
679 0()
679 0()
679 0()
720 0()
-1 8(719 721 722 723 724 725 726 727)
720 0()
720 0()
720 0()
720 0()
720 0()
720 0()
720 0()
729 0()
-1 8(728 730 731 732 733 734 735 736)
729 0()
729 0()
729 0()
729 0()
729 0()
729 0()
729 0()
738 0()
-1 8(737 739 740 741 742 743 744 745)
738 0()
738 0()
738 0()
738 0()
738 0()
738 0()
738 0()
747 0()
748 8(746 812 813 814 815 816 817 818)
-1 8(747 749 758 767 776 785 794 803)
748 8(750 751 752 753 754 755 756 757)
749 0()
749 0()
749 0()
749 0()
749 0()
749 0()
749 0()
749 0()
748 8(759 760 761 762 763 764 765 766)
758 0()
758 0()
758 0()
758 0()
758 0()
758 0()
758 0()
758 0()
748 8(768 769 770 771 772 773 774 775)
767 0()
767 0()
767 0()
767 0()
767 0()
767 0()
767 0()
767 0()
748 8(777 778 779 780 781 782 783 784)
776 0()
776 0()
776 0()
776 0()
776 0()
776 0()
776 0()
776 0()
748 8(786 787 788 789 790 791 792 793)
785 0()
785 0()
785 0()
785 0()
785 0()
785 0()
785 0()
785 0()
748 8(795 796 797 798 799 800 801 802)
794 0()
794 0()
794 0()
794 0()
794 0()
794 0()
794 0()
794 0()
748 8(804 805 806 807 808 809 810 811)
803 0()
803 0()
803 0()
803 0()
803 0()
803 0()
803 0()
803 0()
747 0()
747 0()
747 0()
747 0()
747 0()
747 0()
747 0()
820 0()
-1 8(819 821 830 839 848 857 866 875)
820 8(822 823 824 825 826 827 828 829)
821 0()
821 0()
821 0()
821 0()
821 0()
821 0()
821 0()
821 0()
820 8(831 832 833 834 835 836 837 838)
830 0()
830 0()
830 0()
830 0()
830 0()
830 0()
830 0()
830 0()
820 8(840 841 842 843 844 845 846 847)
839 0()
839 0()
839 0()
839 0()
839 0()
839 0()
839 0()
839 0()
820 8(849 850 851 852 853 854 855 856)
848 0()
848 0()
848 0()
848 0()
848 0()
848 0()
848 0()
848 0()
820 8(858 859 860 861 862 863 864 865)
857 0()
857 0()
857 0()
857 0()
857 0()
857 0()
857 0()
857 0()
820 8(867 868 869 870 871 872 873 874)
866 0()
866 0()
866 0()
866 0()
866 0()
866 0()
866 0()
866 0()
820 8(876 877 878 879 880 881 882 883)
875 0()
875 0()
875 0()
875 0()
875 0()
875 0()
875 0()
875 0()
885 0()
-1 8(884 886 887 896 897 898 899 908)
885 0()
885 8(888 889 890 891 892 893 894 895)
887 0()
887 0()
887 0()
887 0()
887 0()
887 0()
887 0()
887 0()
885 0()
885 0()
885 0()
885 8(900 901 902 903 904 905 906 907)
899 0()
899 0()
899 0()
899 0()
899 0()
899 0()
899 0()
899 0()
885 0()
910 0()
-1 8(909 911 912 913 914 915 916 917)
910 0()
910 0()
910 0()
910 0()
910 0()
910 0()
910 0()
919 0()
-1 8(918 920 921 922 923 924 925 926)
919 0()
919 0()
919 0()
919 0()
919 0()
919 0()
919 0()
928 0()
-1 8(927 929 930 931 932 933 934 935)
928 0()
928 0()
928 0()
928 0()
928 0()
928 0()
928 0()
937 0()
-1 8(936 938 939 940 941 942 943 944)
937 0()
937 0()
937 0()
937 0()
937 0()
937 0()
937 0()
946 0()
947 8(945 1011 1012 1013 1014 1015 1016 1017)
-1 8(946 948 957 966 975 984 993 1002)
947 8(949 950 951 952 953 954 955 956)
948 0()
948 0()
948 0()
948 0()
948 0()
948 0()
948 0()
948 0()
947 8(958 959 960 961 962 963 964 965)
957 0()
957 0()
957 0()
957 0()
957 0()
957 0()
957 0()
957 0()
947 8(967 968 969 970 971 972 973 974)
966 0()
966 0()
966 0()
966 0()
966 0()
966 0()
966 0()
966 0()
947 8(976 977 978 979 980 981 982 983)
975 0()
975 0()
975 0()
975 0()
975 0()
975 0()
975 0()
975 0()
947 8(985 986 987 988 989 990 991 992)
984 0()
984 0()
984 0()
984 0()
984 0()
984 0()
984 0()
984 0()
947 8(994 995 996 997 998 999 1000 1001)
993 0()
993 0()
993 0()
993 0()
993 0()
993 0()
993 0()
993 0()
947 8(1003 1004 1005 1006 1007 1008 1009 1010)
1002 0()
1002 0()
1002 0()
1002 0()
1002 0()
1002 0()
1002 0()
1002 0()
946 0()
946 0()
946 0()
946 0()
946 0()
946 0()
946 0()
1019 0()
1020 8(1018 1084 1085 1086 1087 1088 1089 1090)
-1 8(1019 1021 1030 1039 1048 1057 1066 1075)
1020 8(1022 1023 1024 1025 1026 1027 1028 1029)
1021 0()
1021 0()
1021 0()
1021 0()
1021 0()
1021 0()
1021 0()
1021 0()
1020 8(1031 1032 1033 1034 1035 1036 1037 1038)
1030 0()
1030 0()
1030 0()
1030 0()
1030 0()
1030 0()
1030 0()
1030 0()
1020 8(1040 1041 1042 1043 1044 1045 1046 1047)
1039 0()
1039 0()
1039 0()
1039 0()
1039 0()
1039 0()
1039 0()
1039 0()
1020 8(1049 1050 1051 1052 1053 1054 1055 1056)
1048 0()
1048 0()
1048 0()
1048 0()
1048 0()
1048 0()
1048 0()
1048 0()
1020 8(1058 1059 1060 1061 1062 1063 1064 1065)
1057 0()
1057 0()
1057 0()
1057 0()
1057 0()
1057 0()
1057 0()
1057 0()
1020 8(1067 1068 1069 1070 1071 1072 1073 1074)
1066 0()
1066 0()
1066 0()
1066 0()
1066 0()
1066 0()
1066 0()
1066 0()
1020 8(1076 1077 1078 1079 1080 1081 1082 1083)
1075 0()
1075 0()
1075 0()
1075 0()
1075 0()
1075 0()
1075 0()
1075 0()
1019 0()
1019 0()
1019 0()
1019 0()
1019 0()
1019 0()
1019 0()
1092 0()
1093 8(1091 1125 1126 1127 1128 1129 1130 1131)
-1 8(1092 1094 1095 1104 1105 1114 1115 1124)
1093 0()
1093 8(1096 1097 1098 1099 1100 1101 1102 1103)
1095 0()
1095 0()
1095 0()
1095 0()
1095 0()
1095 0()
1095 0()
1095 0()
1093 0()
1093 8(1106 1107 1108 1109 1110 1111 1112 1113)
1105 0()
1105 0()
1105 0()
1105 0()
1105 0()
1105 0()
1105 0()
1105 0()
1093 0()
1093 8(1116 1117 1118 1119 1120 1121 1122 1123)
1115 0()
1115 0()
1115 0()
1115 0()
1115 0()
1115 0()
1115 0()
1115 0()
1093 0()
1092 0()
1092 0()
1092 0()
1092 0()
1092 0()
1092 0()
1092 0()
1133 0()
-1 8(1132 1134 1135 1136 1137 1138 1139 1140)
1133 0()
1133 0()
1133 0()
1133 0()
1133 0()
1133 0()
1133 0()
1142 0()
-1 8(1141 1143 1144 1145 1146 1147 1148 1149)
1142 0()
1142 0()
1142 0()
1142 0()
1142 0()
1142 0()
1142 0()
1151 0()
-1 8(1150 1152 1153 1162 1163 1164 1165 1174)
1151 0()
1151 8(1154 1155 1156 1157 1158 1159 1160 1161)
1153 0()
1153 0()
1153 0()
1153 0()
1153 0()
1153 0()
1153 0()
1153 0()
1151 0()
1151 0()
1151 0()
1151 8(1166 1167 1168 1169 1170 1171 1172 1173)
1165 0()
1165 0()
1165 0()
1165 0()
1165 0()
1165 0()
1165 0()
1165 0()
1151 8(1175 1176 1177 1178 1179 1180 1181 1182)
1174 0()
1174 0()
1174 0()
1174 0()
1174 0()
1174 0()
1174 0()
1174 0()
1184 0()
-1 8(1183 1185 1194 1203 1212 1213 1214 1215)
1184 8(1186 1187 1188 1189 1190 1191 1192 1193)
1185 0()
1185 0()
1185 0()
1185 0()
1185 0()
1185 0()
1185 0()
1185 0()
1184 8(1195 1196 1197 1198 1199 1200 1201 1202)
1194 0()
1194 0()
1194 0()
1194 0()
1194 0()
1194 0()
1194 0()
1194 0()
1184 8(1204 1205 1206 1207 1208 1209 1210 1211)
1203 0()
1203 0()
1203 0()
1203 0()
1203 0()
1203 0()
1203 0()
1203 0()
1184 0()
1184 0()
1184 0()
1184 0()
1217 0()
-1 8(1216 1218 1219 1228 1229 1230 1231 1232)
1217 0()
1217 8(1220 1221 1222 1223 1224 1225 1226 1227)
1219 0()
1219 0()
1219 0()
1219 0()
1219 0()
1219 0()
1219 0()
1219 0()
1217 0()
1217 0()
1217 0()
1217 0()
1217 0()
1234 0()
-1 8(1233 1235 1236 1237 1238 1239 1240 1241)
1234 0()
1234 0()
1234 0()
1234 0()
1234 0()
1234 0()
1234 0()
1243 0()
1244 8(1242 1268 1269 1270 1271 1272 1273 1274)
-1 8(1243 1245 1246 1247 1248 1257 1266 1267)
1244 0()
1244 0()
1244 0()
1244 8(1249 1250 1251 1252 1253 1254 1255 1256)
1248 0()
1248 0()
1248 0()
1248 0()
1248 0()
1248 0()
1248 0()
1248 0()
1244 8(1258 1259 1260 1261 1262 1263 1264 1265)
1257 0()
1257 0()
1257 0()
1257 0()
1257 0()
1257 0()
1257 0()
1257 0()
1244 0()
1244 0()
1243 0()
1243 0()
1243 0()
1243 0()
1243 0()
1243 0()
1243 0()
1276 0()
-1 8(1275 1277 1286 1287 1288 1289 1290 1291)
1276 8(1278 1279 1280 1281 1282 1283 1284 1285)
1277 0()
1277 0()
1277 0()
1277 0()
1277 0()
1277 0()
1277 0()
1277 0()
1276 0()
1276 0()
1276 0()
1276 0()
1276 0()
1276 0()
1293 0()
-1 8(1292 1294 1295 1296 1297 1298 1299 1300)
1293 0()
1293 0()
1293 0()
1293 0()
1293 0()
1293 0()
1293 0()
1302 0()
-1 8(1301 1303 1304 1305 1306 1307 1308 1309)
1302 0()
1302 0()
1302 0()
1302 0()
1302 0()
1302 0()
1302 0()
1311 0()
-1 8(1310 1312 1313 1314 1315 1316 1317 1318)
1311 0()
1311 0()
1311 0()
1311 0()
1311 0()
1311 0()
1311 0()
1320 0()
-1 8(1319 1321 1322 1323 1324 1325 1326 1327)
1320 0()
1320 0()
1320 0()
1320 0()
1320 0()
1320 0()
1320 0()
1329 0()
-1 8(1328 1330 1331 1332 1333 1334 1335 1336)
1329 0()
1329 0()
1329 0()
1329 0()
1329 0()
1329 0()
1329 0()
1338 0()
-1 8(1337 1339 1340 1349 1358 1359 1360 1369)
1338 0()
1338 8(1341 1342 1343 1344 1345 1346 1347 1348)
1340 0()
1340 0()
1340 0()
1340 0()
1340 0()
1340 0()
1340 0()
1340 0()
1338 8(1350 1351 1352 1353 1354 1355 1356 1357)
1349 0()
1349 0()
1349 0()
1349 0()
1349 0()
1349 0()
1349 0()
1349 0()
1338 0()
1338 0()
1338 8(1361 1362 1363 1364 1365 1366 1367 1368)
1360 0()
1360 0()
1360 0()
1360 0()
1360 0()
1360 0()
1360 0()
1360 0()
1338 8(1370 1371 1372 1373 1374 1375 1376 1377)
1369 0()
1369 0()
1369 0()
1369 0()
1369 0()
1369 0()
1369 0()
1369 0()
1379 0()
-1 8(1378 1380 1381 1382 1383 1384 1385 1386)
1379 0()
1379 0()
1379 0()
1379 0()
1379 0()
1379 0()
1379 0()
1388 0()
-1 8(1387 1389 1390 1391 1400 1401 1402 1403)
1388 0()
1388 0()
1388 8(1392 1393 1394 1395 1396 1397 1398 1399)
1391 0()
1391 0()
1391 0()
1391 0()
1391 0()
1391 0()
1391 0()
1391 0()
1388 0()
1388 0()
1388 0()
1388 8(1404 1405 1406 1407 1408 1409 1410 1411)
1403 0()
1403 0()
1403 0()
1403 0()
1403 0()
1403 0()
1403 0()
1403 0()
1413 0()
-1 8(1412 1414 1415 1424 1433 1434 1443 1452)
1413 0()
1413 8(1416 1417 1418 1419 1420 1421 1422 1423)
1415 0()
1415 0()
1415 0()
1415 0()
1415 0()
1415 0()
1415 0()
1415 0()
1413 8(1425 1426 1427 1428 1429 1430 1431 1432)
1424 0()
1424 0()
1424 0()
1424 0()
1424 0()
1424 0()
1424 0()
1424 0()
1413 0()
1413 8(1435 1436 1437 1438 1439 1440 1441 1442)
1434 0()
1434 0()
1434 0()
1434 0()
1434 0()
1434 0()
1434 0()
1434 0()
1413 8(1444 1445 1446 1447 1448 1449 1450 1451)
1443 0()
1443 0()
1443 0()
1443 0()
1443 0()
1443 0()
1443 0()
1443 0()
1413 8(1453 1454 1455 1456 1457 1458 1459 1460)
1452 0()
1452 0()
1452 0()
1452 0()
1452 0()
1452 0()
1452 0()
1452 0()
1462 0()
1463 8(1461 1527 1528 1529 1530 1531 1532 1533)
-1 8(1462 1464 1473 1482 1491 1500 1509 1518)
1463 8(1465 1466 1467 1468 1469 1470 1471 1472)
1464 0()
1464 0()
1464 0()
1464 0()
1464 0()
1464 0()
1464 0()
1464 0()
1463 8(1474 1475 1476 1477 1478 1479 1480 1481)
1473 0()
1473 0()
1473 0()
1473 0()
1473 0()
1473 0()
1473 0()
1473 0()
1463 8(1483 1484 1485 1486 1487 1488 1489 1490)
1482 0()
1482 0()
1482 0()
1482 0()
1482 0()
1482 0()
1482 0()
1482 0()
1463 8(1492 1493 1494 1495 1496 1497 1498 1499)
1491 0()
1491 0()
1491 0()
1491 0()
1491 0()
1491 0()
1491 0()
1491 0()
1463 8(1501 1502 1503 1504 1505 1506 1507 1508)
1500 0()
1500 0()
1500 0()
1500 0()
1500 0()
1500 0()
1500 0()
1500 0()
1463 8(1510 1511 1512 1513 1514 1515 1516 1517)
1509 0()
1509 0()
1509 0()
1509 0()
1509 0()
1509 0()
1509 0()
1509 0()
1463 8(1519 1520 1521 1522 1523 1524 1525 1526)
1518 0()
1518 0()
1518 0()
1518 0()
1518 0()
1518 0()
1518 0()
1518 0()
1462 0()
1462 0()
1462 0()
1462 0()
1462 0()
1462 0()
1462 0()
1535 0()
1536 8(1534 1592 1593 1594 1595 1596 1597 1598)
-1 8(1535 1537 1546 1555 1564 1565 1574 1583)
1536 8(1538 1539 1540 1541 1542 1543 1544 1545)
1537 0()
1537 0()
1537 0()
1537 0()
1537 0()
1537 0()
1537 0()
1537 0()
1536 8(1547 1548 1549 1550 1551 1552 1553 1554)
1546 0()
1546 0()
1546 0()
1546 0()
1546 0()
1546 0()
1546 0()
1546 0()
1536 8(1556 1557 1558 1559 1560 1561 1562 1563)
1555 0()
1555 0()
1555 0()
1555 0()
1555 0()
1555 0()
1555 0()
1555 0()
1536 0()
1536 8(1566 1567 1568 1569 1570 1571 1572 1573)
1565 0()
1565 0()
1565 0()
1565 0()
1565 0()
1565 0()
1565 0()
1565 0()
1536 8(1575 1576 1577 1578 1579 1580 1581 1582)
1574 0()
1574 0()
1574 0()
1574 0()
1574 0()
1574 0()
1574 0()
1574 0()
1536 8(1584 1585 1586 1587 1588 1589 1590 1591)
1583 0()
1583 0()
1583 0()
1583 0()
1583 0()
1583 0()
1583 0()
1583 0()
1535 0()
1535 0()
1535 0()
1535 0()
1535 0()
1535 0()
1535 0()
1600 0()
-1 8(1599 1601 1602 1603 1604 1605 1606 1607)
1600 0()
1600 0()
1600 0()
1600 0()
1600 0()
1600 0()
1600 0()
1609 0()
1610 8(1608 1666 1667 1668 1669 1670 1671 1672)
-1 8(1609 1611 1620 1621 1630 1639 1648 1657)
1610 8(1612 1613 1614 1615 1616 1617 1618 1619)
1611 0()
1611 0()
1611 0()
1611 0()
1611 0()
1611 0()
1611 0()
1611 0()
1610 0()
1610 8(1622 1623 1624 1625 1626 1627 1628 1629)
1621 0()
1621 0()
1621 0()
1621 0()
1621 0()
1621 0()
1621 0()
1621 0()
1610 8(1631 1632 1633 1634 1635 1636 1637 1638)
1630 0()
1630 0()
1630 0()
1630 0()
1630 0()
1630 0()
1630 0()
1630 0()
1610 8(1640 1641 1642 1643 1644 1645 1646 1647)
1639 0()
1639 0()
1639 0()
1639 0()
1639 0()
1639 0()
1639 0()
1639 0()
1610 8(1649 1650 1651 1652 1653 1654 1655 1656)
1648 0()
1648 0()
1648 0()
1648 0()
1648 0()
1648 0()
1648 0()
1648 0()
1610 8(1658 1659 1660 1661 1662 1663 1664 1665)
1657 0()
1657 0()
1657 0()
1657 0()
1657 0()
1657 0()
1657 0()
1657 0()
1609 0()
1609 0()
1609 0()
1609 0()
1609 0()
1609 0()
1609 0()
1674 0()
1675 8(1673 1739 1740 1741 1742 1743 1744 1745)
-1 8(1674 1676 1685 1694 1703 1712 1721 1730)
1675 8(1677 1678 1679 1680 1681 1682 1683 1684)
1676 0()
1676 0()
1676 0()
1676 0()
1676 0()
1676 0()
1676 0()
1676 0()
1675 8(1686 1687 1688 1689 1690 1691 1692 1693)
1685 0()
1685 0()
1685 0()
1685 0()
1685 0()
1685 0()
1685 0()
1685 0()
1675 8(1695 1696 1697 1698 1699 1700 1701 1702)
1694 0()
1694 0()
1694 0()
1694 0()
1694 0()
1694 0()
1694 0()
1694 0()
1675 8(1704 1705 1706 1707 1708 1709 1710 1711)
1703 0()
1703 0()
1703 0()
1703 0()
1703 0()
1703 0()
1703 0()
1703 0()
1675 8(1713 1714 1715 1716 1717 1718 1719 1720)
1712 0()
1712 0()
1712 0()
1712 0()
1712 0()
1712 0()
1712 0()
1712 0()
1675 8(1722 1723 1724 1725 1726 1727 1728 1729)
1721 0()
1721 0()
1721 0()
1721 0()
1721 0()
1721 0()
1721 0()
1721 0()
1675 8(1731 1732 1733 1734 1735 1736 1737 1738)
1730 0()
1730 0()
1730 0()
1730 0()
1730 0()
1730 0()
1730 0()
1730 0()
1674 0()
1674 0()
1674 0()
1674 0()
1674 0()
1674 0()
1674 0()
1747 0()
1748 8(1746 1788 1789 1790 1791 1792 1793 1794)
-1 8(1747 1749 1758 1767 1768 1777 1778 1787)
1748 8(1750 1751 1752 1753 1754 1755 1756 1757)
1749 0()
1749 0()
1749 0()
1749 0()
1749 0()
1749 0()
1749 0()
1749 0()
1748 8(1759 1760 1761 1762 1763 1764 1765 1766)
1758 0()
1758 0()
1758 0()
1758 0()
1758 0()
1758 0()
1758 0()
1758 0()
1748 0()
1748 8(1769 1770 1771 1772 1773 1774 1775 1776)
1768 0()
1768 0()
1768 0()
1768 0()
1768 0()
1768 0()
1768 0()
1768 0()
1748 0()
1748 8(1779 1780 1781 1782 1783 1784 1785 1786)
1778 0()
1778 0()
1778 0()
1778 0()
1778 0()
1778 0()
1778 0()
1778 0()
1748 0()
1747 0()
1747 0()
1747 0()
1747 0()
1747 0()
1747 0()
1747 0()
1796 0()
1797 8(1795 1821 1822 1823 1824 1825 1826 1827)
-1 8(1796 1798 1807 1808 1809 1810 1819 1820)
1797 8(1799 1800 1801 1802 1803 1804 1805 1806)
1798 0()
1798 0()
1798 0()
1798 0()
1798 0()
1798 0()
1798 0()
1798 0()
1797 0()
1797 0()
1797 0()
1797 8(1811 1812 1813 1814 1815 1816 1817 1818)
1810 0()
1810 0()
1810 0()
1810 0()
1810 0()
1810 0()
1810 0()
1810 0()
1797 0()
1797 0()
1796 0()
1796 0()
1796 0()
1796 0()
1796 0()
1796 0()
1796 0()
1829 0()
-1 8(1828 1830 1831 1832 1833 1834 1835 1836)
1829 0()
1829 0()
1829 0()
1829 0()
1829 0()
1829 0()
1829 0()
1838 0()
-1 8(1837 1839 1840 1841 1842 1843 1844 1845)
1838 0()
1838 0()
1838 0()
1838 0()
1838 0()
1838 0()
1838 0()
1847 0()
-1 8(1846 1848 1857 1866 1875 1884 1893 1902)
1847 8(1849 1850 1851 1852 1853 1854 1855 1856)
1848 0()
1848 0()
1848 0()
1848 0()
1848 0()
1848 0()
1848 0()
1848 0()
1847 8(1858 1859 1860 1861 1862 1863 1864 1865)
1857 0()
1857 0()
1857 0()
1857 0()
1857 0()
1857 0()
1857 0()
1857 0()
1847 8(1867 1868 1869 1870 1871 1872 1873 1874)
1866 0()
1866 0()
1866 0()
1866 0()
1866 0()
1866 0()
1866 0()
1866 0()
1847 8(1876 1877 1878 1879 1880 1881 1882 1883)
1875 0()
1875 0()
1875 0()
1875 0()
1875 0()
1875 0()
1875 0()
1875 0()
1847 8(1885 1886 1887 1888 1889 1890 1891 1892)
1884 0()
1884 0()
1884 0()
1884 0()
1884 0()
1884 0()
1884 0()
1884 0()
1847 8(1894 1895 1896 1897 1898 1899 1900 1901)
1893 0()
1893 0()
1893 0()
1893 0()
1893 0()
1893 0()
1893 0()
1893 0()
1847 8(1903 1904 1905 1906 1907 1908 1909 1910)
1902 0()
1902 0()
1902 0()
1902 0()
1902 0()
1902 0()
1902 0()
1902 0()
1912 0()
1913 8(1911 1961 1962 1963 1964 1965 1966 1967)
-1 8(1912 1914 1923 1924 1933 1942 1951 1952)
1913 8(1915 1916 1917 1918 1919 1920 1921 1922)
1914 0()
1914 0()
1914 0()
1914 0()
1914 0()
1914 0()
1914 0()
1914 0()
1913 0()
1913 8(1925 1926 1927 1928 1929 1930 1931 1932)
1924 0()
1924 0()
1924 0()
1924 0()
1924 0()
1924 0()
1924 0()
1924 0()
1913 8(1934 1935 1936 1937 1938 1939 1940 1941)
1933 0()
1933 0()
1933 0()
1933 0()
1933 0()
1933 0()
1933 0()
1933 0()
1913 8(1943 1944 1945 1946 1947 1948 1949 1950)
1942 0()
1942 0()
1942 0()
1942 0()
1942 0()
1942 0()
1942 0()
1942 0()
1913 0()
1913 8(1953 1954 1955 1956 1957 1958 1959 1960)
1952 0()
1952 0()
1952 0()
1952 0()
1952 0()
1952 0()
1952 0()
1952 0()
1912 0()
1912 0()
1912 0()
1912 0()
1912 0()
1912 0()
1912 0()
1969 0()
1970 8(1968 2002 2003 2004 2005 2006 2007 2008)
-1 8(1969 1971 1972 1981 1982 1991 1992 2001)
1970 0()
1970 8(1973 1974 1975 1976 1977 1978 1979 1980)
1972 0()
1972 0()
1972 0()
1972 0()
1972 0()
1972 0()
1972 0()
1972 0()
1970 0()
1970 8(1983 1984 1985 1986 1987 1988 1989 1990)
1982 0()
1982 0()
1982 0()
1982 0()
1982 0()
1982 0()
1982 0()
1982 0()
1970 0()
1970 8(1993 1994 1995 1996 1997 1998 1999 2000)
1992 0()
1992 0()
1992 0()
1992 0()
1992 0()
1992 0()
1992 0()
1992 0()
1970 0()
1969 0()
1969 0()
1969 0()
1969 0()
1969 0()
1969 0()
1969 0()
2010 0()
2011 8(2009 2027 2028 2029 2030 2031 2032 2033)
-1 8(2010 2012 2013 2022 2023 2024 2025 2026)
2011 0()
2011 8(2014 2015 2016 2017 2018 2019 2020 2021)
2013 0()
2013 0()
2013 0()
2013 0()
2013 0()
2013 0()
2013 0()
2013 0()
2011 0()
2011 0()
2011 0()
2011 0()
2011 0()
2010 0()
2010 0()
2010 0()
2010 0()
2010 0()
2010 0()
2010 0()
2035 0()
-1 8(2034 2036 2037 2038 2039 2040 2041 2042)
2035 0()
2035 0()
2035 0()
2035 0()
2035 0()
2035 0()
2035 0()
2044 0()
-1 8(2043 2045 2046 2047 2048 2049 2050 2051)
2044 0()
2044 0()
2044 0()
2044 0()
2044 0()
2044 0()
2044 0()
2053 0()
2054 8(2052 2102 2103 2104 2105 2106 2107 2108)
-1 8(2053 2055 2064 2073 2082 2091 2100 2101)
2054 8(2056 2057 2058 2059 2060 2061 2062 2063)
2055 0()
2055 0()
2055 0()
2055 0()
2055 0()
2055 0()
2055 0()
2055 0()
2054 8(2065 2066 2067 2068 2069 2070 2071 2072)
2064 0()
2064 0()
2064 0()
2064 0()
2064 0()
2064 0()
2064 0()
2064 0()
2054 8(2074 2075 2076 2077 2078 2079 2080 2081)
2073 0()
2073 0()
2073 0()
2073 0()
2073 0()
2073 0()
2073 0()
2073 0()
2054 8(2083 2084 2085 2086 2087 2088 2089 2090)
2082 0()
2082 0()
2082 0()
2082 0()
2082 0()
2082 0()
2082 0()
2082 0()
2054 8(2092 2093 2094 2095 2096 2097 2098 2099)
2091 0()
2091 0()
2091 0()
2091 0()
2091 0()
2091 0()
2091 0()
2091 0()
2054 0()
2054 0()
2053 0()
2053 0()
2053 0()
2053 0()
2053 0()
2053 0()
2053 0()
2110 0()
2111 8(2109 2159 2160 2161 2162 2163 2164 2165)
-1 8(2110 2112 2121 2130 2139 2140 2149 2150)
2111 8(2113 2114 2115 2116 2117 2118 2119 2120)
2112 0()
2112 0()
2112 0()
2112 0()
2112 0()
2112 0()
2112 0()
2112 0()
2111 8(2122 2123 2124 2125 2126 2127 2128 2129)
2121 0()
2121 0()
2121 0()
2121 0()
2121 0()
2121 0()
2121 0()
2121 0()
2111 8(2131 2132 2133 2134 2135 2136 2137 2138)
2130 0()
2130 0()
2130 0()
2130 0()
2130 0()
2130 0()
2130 0()
2130 0()
2111 0()
2111 8(2141 2142 2143 2144 2145 2146 2147 2148)
2140 0()
2140 0()
2140 0()
2140 0()
2140 0()
2140 0()
2140 0()
2140 0()
2111 0()
2111 8(2151 2152 2153 2154 2155 2156 2157 2158)
2150 0()
2150 0()
2150 0()
2150 0()
2150 0()
2150 0()
2150 0()
2150 0()
2110 0()
2110 0()
2110 0()
2110 0()
2110 0()
2110 0()
2110 0()
2167 0()
2168 8(2166 2184 2185 2186 2187 2188 2189 2190)
-1 8(2167 2169 2170 2179 2180 2181 2182 2183)
2168 0()
2168 8(2171 2172 2173 2174 2175 2176 2177 2178)
2170 0()
2170 0()
2170 0()
2170 0()
2170 0()
2170 0()
2170 0()
2170 0()
2168 0()
2168 0()
2168 0()
2168 0()
2168 0()
2167 0()
2167 0()
2167 0()
2167 0()
2167 0()
2167 0()
2167 0()
2192 0()
-1 8(2191 2193 2194 2195 2196 2197 2198 2199)
2192 0()
2192 0()
2192 0()
2192 0()
2192 0()
2192 0()
2192 0()
2201 0()
-1 8(2200 2202 2203 2204 2205 2206 2207 2208)
2201 0()
2201 0()
2201 0()
2201 0()
2201 0()
2201 0()
2201 0()
2210 0()
-1 8(2209 2211 2212 2213 2214 2215 2216 2217)
2210 0()
2210 0()
2210 0()
2210 0()
2210 0()
2210 0()
2210 0()
2219 0()
2220 8(2218 2260 2261 2262 2263 2264 2265 2266)
-1 8(2219 2221 2230 2239 2248 2249 2250 2251)
2220 8(2222 2223 2224 2225 2226 2227 2228 2229)
2221 0()
2221 0()
2221 0()
2221 0()
2221 0()
2221 0()
2221 0()
2221 0()
2220 8(2231 2232 2233 2234 2235 2236 2237 2238)
2230 0()
2230 0()
2230 0()
2230 0()
2230 0()
2230 0()
2230 0()
2230 0()
2220 8(2240 2241 2242 2243 2244 2245 2246 2247)
2239 0()
2239 0()
2239 0()
2239 0()
2239 0()
2239 0()
2239 0()
2239 0()
2220 0()
2220 0()
2220 0()
2220 8(2252 2253 2254 2255 2256 2257 2258 2259)
2251 0()
2251 0()
2251 0()
2251 0()
2251 0()
2251 0()
2251 0()
2251 0()
2219 0()
2219 0()
2219 0()
2219 0()
2219 0()
2219 0()
2219 0()
2268 0()
-1 8(2267 2269 2270 2279 2288 2289 2290 2299)
2268 0()
2268 8(2271 2272 2273 2274 2275 2276 2277 2278)
2270 0()
2270 0()
2270 0()
2270 0()
2270 0()
2270 0()
2270 0()
2270 0()
2268 8(2280 2281 2282 2283 2284 2285 2286 2287)
2279 0()
2279 0()
2279 0()
2279 0()
2279 0()
2279 0()
2279 0()
2279 0()
2268 0()
2268 0()
2268 8(2291 2292 2293 2294 2295 2296 2297 2298)
2290 0()
2290 0()
2290 0()
2290 0()
2290 0()
2290 0()
2290 0()
2290 0()
2268 8(2300 2301 2302 2303 2304 2305 2306 2307)
2299 0()
2299 0()
2299 0()
2299 0()
2299 0()
2299 0()
2299 0()
2299 0()
2309 0()
-1 8(2308 2310 2311 2320 2321 2322 2323 2332)
2309 0()
2309 8(2312 2313 2314 2315 2316 2317 2318 2319)
2311 0()
2311 0()
2311 0()
2311 0()
2311 0()
2311 0()
2311 0()
2311 0()
2309 0()
2309 0()
2309 0()
2309 8(2324 2325 2326 2327 2328 2329 2330 2331)
2323 0()
2323 0()
2323 0()
2323 0()
2323 0()
2323 0()
2323 0()
2323 0()
2309 0()
2334 0()
-1 8(2333 2335 2336 2337 2338 2339 2340 2341)
2334 0()
2334 0()
2334 0()
2334 0()
2334 0()
2334 0()
2334 0()
2343 0()
-1 8(2342 2344 2345 2346 2347 2348 2349 2350)
2343 0()
2343 0()
2343 0()
2343 0()
2343 0()
2343 0()
2343 0()
2352 0()
2353 8(2351 2417 2418 2419 2420 2421 2422 2423)
-1 8(2352 2354 2363 2372 2381 2390 2399 2408)
2353 8(2355 2356 2357 2358 2359 2360 2361 2362)
2354 0()
2354 0()
2354 0()
2354 0()
2354 0()
2354 0()
2354 0()
2354 0()
2353 8(2364 2365 2366 2367 2368 2369 2370 2371)
2363 0()
2363 0()
2363 0()
2363 0()
2363 0()
2363 0()
2363 0()
2363 0()
2353 8(2373 2374 2375 2376 2377 2378 2379 2380)
2372 0()
2372 0()
2372 0()
2372 0()
2372 0()
2372 0()
2372 0()
2372 0()
2353 8(2382 2383 2384 2385 2386 2387 2388 2389)
2381 0()
2381 0()
2381 0()
2381 0()
2381 0()
2381 0()
2381 0()
2381 0()
2353 8(2391 2392 2393 2394 2395 2396 2397 2398)
2390 0()
2390 0()
2390 0()
2390 0()
2390 0()
2390 0()
2390 0()
2390 0()
2353 8(2400 2401 2402 2403 2404 2405 2406 2407)
2399 0()
2399 0()
2399 0()
2399 0()
2399 0()
2399 0()
2399 0()
2399 0()
2353 8(2409 2410 2411 2412 2413 2414 2415 2416)
2408 0()
2408 0()
2408 0()
2408 0()
2408 0()
2408 0()
2408 0()
2408 0()
2352 0()
2352 0()
2352 0()
2352 0()
2352 0()
2352 0()
2352 0()
2425 0()
2426 8(2424 2490 2491 2492 2493 2494 2495 2496)
-1 8(2425 2427 2436 2445 2454 2463 2472 2481)
2426 8(2428 2429 2430 2431 2432 2433 2434 2435)
2427 0()
2427 0()
2427 0()
2427 0()
2427 0()
2427 0()
2427 0()
2427 0()
2426 8(2437 2438 2439 2440 2441 2442 2443 2444)
2436 0()
2436 0()
2436 0()
2436 0()
2436 0()
2436 0()
2436 0()
2436 0()
2426 8(2446 2447 2448 2449 2450 2451 2452 2453)
2445 0()
2445 0()
2445 0()
2445 0()
2445 0()
2445 0()
2445 0()
2445 0()
2426 8(2455 2456 2457 2458 2459 2460 2461 2462)
2454 0()
2454 0()
2454 0()
2454 0()
2454 0()
2454 0()
2454 0()
2454 0()
2426 8(2464 2465 2466 2467 2468 2469 2470 2471)
2463 0()
2463 0()
2463 0()
2463 0()
2463 0()
2463 0()
2463 0()
2463 0()
2426 8(2473 2474 2475 2476 2477 2478 2479 2480)
2472 0()
2472 0()
2472 0()
2472 0()
2472 0()
2472 0()
2472 0()
2472 0()
2426 8(2482 2483 2484 2485 2486 2487 2488 2489)
2481 0()
2481 0()
2481 0()
2481 0()
2481 0()
2481 0()
2481 0()
2481 0()
2425 0()
2425 0()
2425 0()
2425 0()
2425 0()
2425 0()
2425 0()
2498 0()
2499 8(2497 2547 2548 2549 2550 2551 2552 2553)
-1 8(2498 2500 2509 2518 2519 2528 2537 2546)
2499 8(2501 2502 2503 2504 2505 2506 2507 2508)
2500 0()
2500 0()
2500 0()
2500 0()
2500 0()
2500 0()
2500 0()
2500 0()
2499 8(2510 2511 2512 2513 2514 2515 2516 2517)
2509 0()
2509 0()
2509 0()
2509 0()
2509 0()
2509 0()
2509 0()
2509 0()
2499 0()
2499 8(2520 2521 2522 2523 2524 2525 2526 2527)
2519 0()
2519 0()
2519 0()
2519 0()
2519 0()
2519 0()
2519 0()
2519 0()
2499 8(2529 2530 2531 2532 2533 2534 2535 2536)
2528 0()
2528 0()
2528 0()
2528 0()
2528 0()
2528 0()
2528 0()
2528 0()
2499 8(2538 2539 2540 2541 2542 2543 2544 2545)
2537 0()
2537 0()
2537 0()
2537 0()
2537 0()
2537 0()
2537 0()
2537 0()
2499 0()
2498 0()
2498 0()
2498 0()
2498 0()
2498 0()
2498 0()
2498 0()
2555 0()
-1 8(2554 2556 2557 2558 2559 2560 2561 2562)
2555 0()
2555 0()
2555 0()
2555 0()
2555 0()
2555 0()
2555 0()
2564 0()
-1 8(2563 2565 2566 2567 2568 2569 2570 2571)
2564 0()
2564 0()
2564 0()
2564 0()
2564 0()
2564 0()
2564 0()
2573 0()
-1 8(2572 2574 2575 2576 2577 2578 2579 2580)
2573 0()
2573 0()
2573 0()
2573 0()
2573 0()
2573 0()
2573 0()
2582 0()
2583 8(2581 2615 2616 2617 2618 2619 2620 2621)
-1 8(2582 2584 2593 2602 2611 2612 2613 2614)
2583 8(2585 2586 2587 2588 2589 2590 2591 2592)
2584 0()
2584 0()
2584 0()
2584 0()
2584 0()
2584 0()
2584 0()
2584 0()
2583 8(2594 2595 2596 2597 2598 2599 2600 2601)
2593 0()
2593 0()
2593 0()
2593 0()
2593 0()
2593 0()
2593 0()
2593 0()
2583 8(2603 2604 2605 2606 2607 2608 2609 2610)
2602 0()
2602 0()
2602 0()
2602 0()
2602 0()
2602 0()
2602 0()
2602 0()
2583 0()
2583 0()
2583 0()
2583 0()
2582 0()
2582 0()
2582 0()
2582 0()
2582 0()
2582 0()
2582 0()
2623 0()
-1 8(2622 2624 2625 2626 2627 2628 2629 2630)
2623 0()
2623 0()
2623 0()
2623 0()
2623 0()
2623 0()
2623 0()
2632 0()
-1 8(2631 2633 2634 2635 2636 2637 2638 2639)
2632 0()
2632 0()
2632 0()
2632 0()
2632 0()
2632 0()
2632 0()
2641 0()
-1 8(2640 2642 2643 2644 2645 2646 2647 2648)
2641 0()
2641 0()
2641 0()
2641 0()
2641 0()
2641 0()
2641 0()
2650 0()
2651 8(2649 2667 2668 2669 2670 2671 2672 2673)
-1 8(2650 2652 2661 2662 2663 2664 2665 2666)
2651 8(2653 2654 2655 2656 2657 2658 2659 2660)
2652 0()
2652 0()
2652 0()
2652 0()
2652 0()
2652 0()
2652 0()
2652 0()
2651 0()
2651 0()
2651 0()
2651 0()
2651 0()
2651 0()
2650 0()
2650 0()
2650 0()
2650 0()
2650 0()
2650 0()
2650 0()
2675 0()
-1 8(2674 2676 2677 2678 2679 2680 2681 2682)
2675 0()
2675 0()
2675 0()
2675 0()
2675 0()
2675 0()
2675 0()
2684 0()
-1 8(2683 2685 2686 2687 2688 2689 2690 2691)
2684 0()
2684 0()
2684 0()
2684 0()
2684 0()
2684 0()
2684 0()
2693 0()
-1 8(2692 2694 2695 2696 2697 2698 2699 2700)
2693 0()
2693 0()
2693 0()
2693 0()
2693 0()
2693 0()
2693 0()
2702 0()
-1 8(2701 2703 2704 2705 2706 2707 2708 2709)
2702 0()
2702 0()
2702 0()
2702 0()
2702 0()
2702 0()
2702 0()
2711 0()
-1 8(2710 2712 2713 2714 2715 2716 2717 2718)
2711 0()
2711 0()
2711 0()
2711 0()
2711 0()
2711 0()
2711 0()
2720 0()
-1 8(2719 2721 2722 2723 2724 2725 2726 2727)
2720 0()
2720 0()
2720 0()
2720 0()
2720 0()
2720 0()
2720 0()
2729 0()
-1 8(2728 2730 2731 2732 2733 2734 2735 2736)
2729 0()
2729 0()
2729 0()
2729 0()
2729 0()
2729 0()
2729 0()
2738 0()
-1 8(2737 2739 2740 2741 2742 2743 2744 2745)
2738 0()
2738 0()
2738 0()
2738 0()
2738 0()
2738 0()
2738 0()
2747 0()
-1 8(2746 2748 2749 2750 2751 2752 2753 2754)
2747 0()
2747 0()
2747 0()
2747 0()
2747 0()
2747 0()
2747 0()
2756 0()
-1 8(2755 2757 2758 2759 2760 2761 2762 2763)
2756 0()
2756 0()
2756 0()
2756 0()
2756 0()
2756 0()
2756 0()
2765 0()
-1 8(2764 2766 2767 2768 2777 2778 2779 2780)
2765 0()
2765 0()
2765 8(2769 2770 2771 2772 2773 2774 2775 2776)
2768 0()
2768 0()
2768 0()
2768 0()
2768 0()
2768 0()
2768 0()
2768 0()
2765 0()
2765 0()
2765 0()
2765 8(2781 2782 2783 2784 2785 2786 2787 2788)
2780 0()
2780 0()
2780 0()
2780 0()
2780 0()
2780 0()
2780 0()
2780 0()
2790 0()
-1 8(2789 2791 2792 2801 2802 2811 2812 2821)
2790 0()
2790 8(2793 2794 2795 2796 2797 2798 2799 2800)
2792 0()
2792 0()
2792 0()
2792 0()
2792 0()
2792 0()
2792 0()
2792 0()
2790 0()
2790 8(2803 2804 2805 2806 2807 2808 2809 2810)
2802 0()
2802 0()
2802 0()
2802 0()
2802 0()
2802 0()
2802 0()
2802 0()
2790 0()
2790 8(2813 2814 2815 2816 2817 2818 2819 2820)
2812 0()
2812 0()
2812 0()
2812 0()
2812 0()
2812 0()
2812 0()
2812 0()
2790 8(2822 2823 2824 2825 2826 2827 2828 2829)
2821 0()
2821 0()
2821 0()
2821 0()
2821 0()
2821 0()
2821 0()
2821 0()
2831 0()
-1 8(2830 2832 2833 2834 2835 2836 2837 2838)
2831 0()
2831 0()
2831 0()
2831 0()
2831 0()
2831 0()
2831 0()
2840 0()
-1 8(2839 2841 2842 2843 2844 2845 2846 2847)
2840 0()
2840 0()
2840 0()
2840 0()
2840 0()
2840 0()
2840 0()
2849 0()
2850 8(2848 2906 2907 2908 2909 2910 2911 2912)
-1 8(2849 2851 2860 2869 2878 2887 2888 2897)
2850 8(2852 2853 2854 2855 2856 2857 2858 2859)
2851 0()
2851 0()
2851 0()
2851 0()
2851 0()
2851 0()
2851 0()
2851 0()
2850 8(2861 2862 2863 2864 2865 2866 2867 2868)
2860 0()
2860 0()
2860 0()
2860 0()
2860 0()
2860 0()
2860 0()
2860 0()
2850 8(2870 2871 2872 2873 2874 2875 2876 2877)
2869 0()
2869 0()
2869 0()
2869 0()
2869 0()
2869 0()
2869 0()
2869 0()
2850 8(2879 2880 2881 2882 2883 2884 2885 2886)
2878 0()
2878 0()
2878 0()
2878 0()
2878 0()
2878 0()
2878 0()
2878 0()
2850 0()
2850 8(2889 2890 2891 2892 2893 2894 2895 2896)
2888 0()
2888 0()
2888 0()
2888 0()
2888 0()
2888 0()
2888 0()
2888 0()
2850 8(2898 2899 2900 2901 2902 2903 2904 2905)
2897 0()
2897 0()
2897 0()
2897 0()
2897 0()
2897 0()
2897 0()
2897 0()
2849 0()
2849 0()
2849 0()
2849 0()
2849 0()
2849 0()
2849 0()
2914 0()
-1 8(2913 2915 2924 2925 2926 2927 2936 2937)
2914 8(2916 2917 2918 2919 2920 2921 2922 2923)
2915 0()
2915 0()
2915 0()
2915 0()
2915 0()
2915 0()
2915 0()
2915 0()
2914 0()
2914 0()
2914 0()
2914 8(2928 2929 2930 2931 2932 2933 2934 2935)
2927 0()
2927 0()
2927 0()
2927 0()
2927 0()
2927 0()
2927 0()
2927 0()
2914 0()
2914 0()
2939 0()
2940 8(2938 2980 2981 2982 2983 2984 2985 2986)
-1 8(2939 2941 2942 2943 2944 2953 2962 2971)
2940 0()
2940 0()
2940 0()
2940 8(2945 2946 2947 2948 2949 2950 2951 2952)
2944 0()
2944 0()
2944 0()
2944 0()
2944 0()
2944 0()
2944 0()
2944 0()
2940 8(2954 2955 2956 2957 2958 2959 2960 2961)
2953 0()
2953 0()
2953 0()
2953 0()
2953 0()
2953 0()
2953 0()
2953 0()
2940 8(2963 2964 2965 2966 2967 2968 2969 2970)
2962 0()
2962 0()
2962 0()
2962 0()
2962 0()
2962 0()
2962 0()
2962 0()
2940 8(2972 2973 2974 2975 2976 2977 2978 2979)
2971 0()
2971 0()
2971 0()
2971 0()
2971 0()
2971 0()
2971 0()
2971 0()
2939 0()
2939 0()
2939 0()
2939 0()
2939 0()
2939 0()
2939 0()
2988 0()
-1 8(2987 2989 2990 2991 2992 2993 2994 2995)
2988 0()
2988 0()
2988 0()
2988 0()
2988 0()
2988 0()
2988 0()
2997 0()
-1 8(2996 2998 2999 3000 3001 3002 3003 3004)
2997 0()
2997 0()
2997 0()
2997 0()
2997 0()
2997 0()
2997 0()
3006 0()
-1 8(3005 3007 3008 3009 3010 3011 3012 3013)
3006 0()
3006 0()
3006 0()
3006 0()
3006 0()
3006 0()
3006 0()
3015 0()
-1 8(3014 3016 3017 3018 3019 3020 3021 3022)
3015 0()
3015 0()
3015 0()
3015 0()
3015 0()
3015 0()
3015 0()
3024 0()
3025 8(3023 3081 3082 3083 3084 3085 3086 3087)
-1 8(3024 3026 3035 3044 3053 3062 3071 3080)
3025 8(3027 3028 3029 3030 3031 3032 3033 3034)
3026 0()
3026 0()
3026 0()
3026 0()
3026 0()
3026 0()
3026 0()
3026 0()
3025 8(3036 3037 3038 3039 3040 3041 3042 3043)
3035 0()
3035 0()
3035 0()
3035 0()
3035 0()
3035 0()
3035 0()
3035 0()
3025 8(3045 3046 3047 3048 3049 3050 3051 3052)
3044 0()
3044 0()
3044 0()
3044 0()
3044 0()
3044 0()
3044 0()
3044 0()
3025 8(3054 3055 3056 3057 3058 3059 3060 3061)
3053 0()
3053 0()
3053 0()
3053 0()
3053 0()
3053 0()
3053 0()
3053 0()
3025 8(3063 3064 3065 3066 3067 3068 3069 3070)
3062 0()
3062 0()
3062 0()
3062 0()
3062 0()
3062 0()
3062 0()
3062 0()
3025 8(3072 3073 3074 3075 3076 3077 3078 3079)
3071 0()
3071 0()
3071 0()
3071 0()
3071 0()
3071 0()
3071 0()
3071 0()
3025 0()
3024 0()
3024 0()
3024 0()
3024 0()
3024 0()
3024 0()
3024 0()
3089 0()
-1 8(3088 3090 3091 3092 3093 3094 3095 3096)
3089 0()
3089 0()
3089 0()
3089 0()
3089 0()
3089 0()
3089 0()
3098 0()
-1 8(3097 3099 3100 3101 3102 3103 3104 3105)
3098 0()
3098 0()
3098 0()
3098 0()
3098 0()
3098 0()
3098 0()
3107 0()
-1 8(3106 3108 3109 3110 3111 3112 3121 3130)
3107 0()
3107 0()
3107 0()
3107 0()
3107 8(3113 3114 3115 3116 3117 3118 3119 3120)
3112 0()
3112 0()
3112 0()
3112 0()
3112 0()
3112 0()
3112 0()
3112 0()
3107 8(3122 3123 3124 3125 3126 3127 3128 3129)
3121 0()
3121 0()
3121 0()
3121 0()
3121 0()
3121 0()
3121 0()
3121 0()
3107 8(3131 3132 3133 3134 3135 3136 3137 3138)
3130 0()
3130 0()
3130 0()
3130 0()
3130 0()
3130 0()
3130 0()
3130 0()
3140 0()
-1 8(3139 3141 3142 3143 3144 3145 3146 3147)
3140 0()
3140 0()
3140 0()
3140 0()
3140 0()
3140 0()
3140 0()
3149 0()
-1 8(3148 3150 3151 3152 3153 3154 3155 3156)
3149 0()
3149 0()
3149 0()
3149 0()
3149 0()
3149 0()
3149 0()
3158 0()
-1 8(3157 3159 3160 3169 3178 3179 3180 3181)
3158 0()
3158 8(3161 3162 3163 3164 3165 3166 3167 3168)
3160 0()
3160 0()
3160 0()
3160 0()
3160 0()
3160 0()
3160 0()
3160 0()
3158 8(3170 3171 3172 3173 3174 3175 3176 3177)
3169 0()
3169 0()
3169 0()
3169 0()
3169 0()
3169 0()
3169 0()
3169 0()
3158 0()
3158 0()
3158 0()
3158 0()
3183 0()
-1 8(3182 3184 3185 3186 3187 3188 3189 3190)
3183 0()
3183 0()
3183 0()
3183 0()
3183 0()
3183 0()
3183 0()
3192 0()
-1 8(3191 3193 3194 3195 3196 3197 3198 3199)
3192 0()
3192 0()
3192 0()
3192 0()
3192 0()
3192 0()
3192 0()
3201 0()
-1 8(3200 3202 3203 3204 3205 3214 3223 3232)
3201 0()
3201 0()
3201 0()
3201 8(3206 3207 3208 3209 3210 3211 3212 3213)
3205 0()
3205 0()
3205 0()
3205 0()
3205 0()
3205 0()
3205 0()
3205 0()
3201 8(3215 3216 3217 3218 3219 3220 3221 3222)
3214 0()
3214 0()
3214 0()
3214 0()
3214 0()
3214 0()
3214 0()
3214 0()
3201 8(3224 3225 3226 3227 3228 3229 3230 3231)
3223 0()
3223 0()
3223 0()
3223 0()
3223 0()
3223 0()
3223 0()
3223 0()
3201 8(3233 3234 3235 3236 3237 3238 3239 3240)
3232 0()
3232 0()
3232 0()
3232 0()
3232 0()
3232 0()
3232 0()
3232 0()
3242 0()
-1 8(3241 3243 3244 3245 3246 3247 3248 3249)
3242 0()
3242 0()
3242 0()
3242 0()
3242 0()
3242 0()
3242 0()
3251 0()
-1 8(3250 3252 3253 3254 3255 3256 3257 3258)
3251 0()
3251 0()
3251 0()
3251 0()
3251 0()
3251 0()
3251 0()
3260 0()
3261 8(3259 3317 3318 3319 3320 3321 3322 3323)
-1 8(3260 3262 3271 3280 3289 3298 3307 3308)
3261 8(3263 3264 3265 3266 3267 3268 3269 3270)
3262 0()
3262 0()
3262 0()
3262 0()
3262 0()
3262 0()
3262 0()
3262 0()
3261 8(3272 3273 3274 3275 3276 3277 3278 3279)
3271 0()
3271 0()
3271 0()
3271 0()
3271 0()
3271 0()
3271 0()
3271 0()
3261 8(3281 3282 3283 3284 3285 3286 3287 3288)
3280 0()
3280 0()
3280 0()
3280 0()
3280 0()
3280 0()
3280 0()
3280 0()
3261 8(3290 3291 3292 3293 3294 3295 3296 3297)
3289 0()
3289 0()
3289 0()
3289 0()
3289 0()
3289 0()
3289 0()
3289 0()
3261 8(3299 3300 3301 3302 3303 3304 3305 3306)
3298 0()
3298 0()
3298 0()
3298 0()
3298 0()
3298 0()
3298 0()
3298 0()
3261 0()
3261 8(3309 3310 3311 3312 3313 3314 3315 3316)
3308 0()
3308 0()
3308 0()
3308 0()
3308 0()
3308 0()
3308 0()
3308 0()
3260 0()
3260 0()
3260 0()
3260 0()
3260 0()
3260 0()
3260 0()
3325 0()
3326 8(3324 3342 3343 3344 3345 3346 3347 3348)
-1 8(3325 3327 3328 3337 3338 3339 3340 3341)
3326 0()
3326 8(3329 3330 3331 3332 3333 3334 3335 3336)
3328 0()
3328 0()
3328 0()
3328 0()
3328 0()
3328 0()
3328 0()
3328 0()
3326 0()
3326 0()
3326 0()
3326 0()
3326 0()
3325 0()
3325 0()
3325 0()
3325 0()
3325 0()
3325 0()
3325 0()
3350 0()
-1 8(3349 3351 3352 3353 3354 3355 3356 3357)
3350 0()
3350 0()
3350 0()
3350 0()
3350 0()
3350 0()
3350 0()
3359 0()
-1 8(3358 3360 3361 3362 3363 3364 3365 3366)
3359 0()
3359 0()
3359 0()
3359 0()
3359 0()
3359 0()
3359 0()
3368 0()
-1 8(3367 3369 3370 3371 3372 3373 3374 3375)
3368 0()
3368 0()
3368 0()
3368 0()
3368 0()
3368 0()
3368 0()
3377 0()
-1 8(3376 3378 3379 3380 3381 3382 3383 3384)
3377 0()
3377 0()
3377 0()
3377 0()
3377 0()
3377 0()
3377 0()
3386 0()
3387 8(3385 3411 3412 3413 3414 3415 3416 3417)
-1 8(3386 3388 3397 3398 3399 3400 3409 3410)
3387 8(3389 3390 3391 3392 3393 3394 3395 3396)
3388 0()
3388 0()
3388 0()
3388 0()
3388 0()
3388 0()
3388 0()
3388 0()
3387 0()
3387 0()
3387 0()
3387 8(3401 3402 3403 3404 3405 3406 3407 3408)
3400 0()
3400 0()
3400 0()
3400 0()
3400 0()
3400 0()
3400 0()
3400 0()
3387 0()
3387 0()
3386 0()
3386 0()
3386 0()
3386 0()
3386 0()
3386 0()
3386 0()
3419 0()
-1 8(3418 3420 3429 3430 3439 3440 3449 3450)
3419 8(3421 3422 3423 3424 3425 3426 3427 3428)
3420 0()
3420 0()
3420 0()
3420 0()
3420 0()
3420 0()
3420 0()
3420 0()
3419 0()
3419 8(3431 3432 3433 3434 3435 3436 3437 3438)
3430 0()
3430 0()
3430 0()
3430 0()
3430 0()
3430 0()
3430 0()
3430 0()
3419 0()
3419 8(3441 3442 3443 3444 3445 3446 3447 3448)
3440 0()
3440 0()
3440 0()
3440 0()
3440 0()
3440 0()
3440 0()
3440 0()
3419 0()
3419 8(3451 3452 3453 3454 3455 3456 3457 3458)
3450 0()
3450 0()
3450 0()
3450 0()
3450 0()
3450 0()
3450 0()
3450 0()
3460 0()
3461 8(3459 3509 3510 3511 3512 3513 3514 3515)
-1 8(3460 3462 3471 3480 3481 3490 3499 3508)
3461 8(3463 3464 3465 3466 3467 3468 3469 3470)
3462 0()
3462 0()
3462 0()
3462 0()
3462 0()
3462 0()
3462 0()
3462 0()
3461 8(3472 3473 3474 3475 3476 3477 3478 3479)
3471 0()
3471 0()
3471 0()
3471 0()
3471 0()
3471 0()
3471 0()
3471 0()
3461 0()
3461 8(3482 3483 3484 3485 3486 3487 3488 3489)
3481 0()
3481 0()
3481 0()
3481 0()
3481 0()
3481 0()
3481 0()
3481 0()
3461 8(3491 3492 3493 3494 3495 3496 3497 3498)
3490 0()
3490 0()
3490 0()
3490 0()
3490 0()
3490 0()
3490 0()
3490 0()
3461 8(3500 3501 3502 3503 3504 3505 3506 3507)
3499 0()
3499 0()
3499 0()
3499 0()
3499 0()
3499 0()
3499 0()
3499 0()
3461 0()
3460 0()
3460 0()
3460 0()
3460 0()
3460 0()
3460 0()
3460 0()
3517 0()
-1 8(3516 3518 3519 3520 3521 3522 3523 3524)
3517 0()
3517 0()
3517 0()
3517 0()
3517 0()
3517 0()
3517 0()
3526 0()
-1 8(3525 3527 3528 3529 3530 3531 3532 3533)
3526 0()
3526 0()
3526 0()
3526 0()
3526 0()
3526 0()
3526 0()
3535 0()
-1 8(3534 3536 3537 3538 3539 3540 3541 3542)
3535 0()
3535 0()
3535 0()
3535 0()
3535 0()
3535 0()
3535 0()
3544 0()
-1 8(3543 3545 3546 3547 3548 3549 3550 3551)
3544 0()
3544 0()
3544 0()
3544 0()
3544 0()
3544 0()
3544 0()
3553 0()
-1 8(3552 3554 3555 3556 3557 3558 3559 3560)
3553 0()
3553 0()
3553 0()
3553 0()
3553 0()
3553 0()
3553 0()
3562 0()
-1 8(3561 3563 3564 3565 3566 3567 3568 3569)
3562 0()
3562 0()
3562 0()
3562 0()
3562 0()
3562 0()
3562 0()
3571 0()
-1 8(3570 3572 3573 3574 3575 3576 3577 3578)
3571 0()
3571 0()
3571 0()
3571 0()
3571 0()
3571 0()
3571 0()
3580 0()
-1 8(3579 3581 3582 3583 3584 3585 3586 3587)
3580 0()
3580 0()
3580 0()
3580 0()
3580 0()
3580 0()
3580 0()
3589 0()
-1 8(3588 3590 3591 3592 3593 3594 3595 3596)
3589 0()
3589 0()
3589 0()
3589 0()
3589 0()
3589 0()
3589 0()
3598 0()
-1 8(3597 3599 3600 3601 3602 3603 3604 3605)
3598 0()
3598 0()
3598 0()
3598 0()
3598 0()
3598 0()
3598 0()
3607 0()
-1 8(3606 3608 3609 3610 3611 3612 3613 3614)
3607 0()
3607 0()
3607 0()
3607 0()
3607 0()
3607 0()
3607 0()
3616 0()
-1 8(3615 3617 3618 3619 3620 3621 3622 3623)
3616 0()
3616 0()
3616 0()
3616 0()
3616 0()
3616 0()
3616 0()
3625 0()
-1 8(3624 3626 3627 3628 3629 3630 3631 3632)
3625 0()
3625 0()
3625 0()
3625 0()
3625 0()
3625 0()
3625 0()
3634 0()
-1 8(3633 3635 3636 3637 3638 3639 3640 3641)
3634 0()
3634 0()
3634 0()
3634 0()
3634 0()
3634 0()
3634 0()
3643 0()
-1 8(3642 3644 3645 3646 3647 3648 3649 3650)
3643 0()
3643 0()
3643 0()
3643 0()
3643 0()
3643 0()
3643 0()
3652 0()
-1 8(3651 3653 3654 3655 3656 3657 3658 3659)
3652 0()
3652 0()
3652 0()
3652 0()
3652 0()
3652 0()
3652 0()
3661 0()
-1 8(3660 3662 3663 3664 3665 3666 3667 3668)
3661 0()
3661 0()
3661 0()
3661 0()
3661 0()
3661 0()
3661 0()
3670 0()
-1 8(3669 3671 3672 3673 3674 3675 3676 3677)
3670 0()
3670 0()
3670 0()
3670 0()
3670 0()
3670 0()
3670 0()
3679 0()
-1 8(3678 3680 3681 3682 3683 3684 3685 3686)
3679 0()
3679 0()
3679 0()
3679 0()
3679 0()
3679 0()
3679 0()
3688 0()
-1 8(3687 3689 3690 3691 3692 3693 3694 3695)
3688 0()
3688 0()
3688 0()
3688 0()
3688 0()
3688 0()
3688 0()
3697 0()
-1 8(3696 3698 3699 3700 3701 3702 3703 3704)
3697 0()
3697 0()
3697 0()
3697 0()
3697 0()
3697 0()
3697 0()
3706 0()
-1 8(3705 3707 3708 3709 3710 3711 3712 3713)
3706 0()
3706 0()
3706 0()
3706 0()
3706 0()
3706 0()
3706 0()
3715 0()
-1 8(3714 3716 3717 3718 3719 3720 3721 3722)
3715 0()
3715 0()
3715 0()
3715 0()
3715 0()
3715 0()
3715 0()
3724 0()
-1 8(3723 3725 3726 3727 3728 3729 3730 3731)
3724 0()
3724 0()
3724 0()
3724 0()
3724 0()
3724 0()
3724 0()
3733 0()
-1 8(3732 3734 3735 3736 3737 3738 3739 3740)
3733 0()
3733 0()
3733 0()
3733 0()
3733 0()
3733 0()
3733 0()
3742 0()
-1 8(3741 3743 3744 3745 3746 3747 3748 3749)
3742 0()
3742 0()
3742 0()
3742 0()
3742 0()
3742 0()
3742 0()
3751 0()
-1 8(3750 3752 3753 3754 3755 3756 3757 3758)
3751 0()
3751 0()
3751 0()
3751 0()
3751 0()
3751 0()
3751 0()
3760 0()
-1 8(3759 3761 3762 3763 3764 3765 3766 3767)
3760 0()
3760 0()
3760 0()
3760 0()
3760 0()
3760 0()
3760 0()
3769 0()
-1 8(3768 3770 3771 3772 3773 3774 3775 3776)
3769 0()
3769 0()
3769 0()
3769 0()
3769 0()
3769 0()
3769 0()
3778 0()
-1 8(3777 3779 3780 3781 3782 3783 3784 3785)
3778 0()
3778 0()
3778 0()
3778 0()
3778 0()
3778 0()
3778 0()
3787 0()
-1 8(3786 3788 3789 3790 3791 3792 3793 3794)
3787 0()
3787 0()
3787 0()
3787 0()
3787 0()
3787 0()
3787 0()
3796 0()
-1 8(3795 3797 3798 3799 3800 3801 3802 3803)
3796 0()
3796 0()
3796 0()
3796 0()
3796 0()
3796 0()
3796 0()
3805 0()
-1 8(3804 3806 3807 3808 3809 3810 3811 3812)
3805 0()
3805 0()
3805 0()
3805 0()
3805 0()
3805 0()
3805 0()
3814 0()
-1 8(3813 3815 3816 3817 3818 3819 3820 3821)
3814 0()
3814 0()
3814 0()
3814 0()
3814 0()
3814 0()
3814 0()
3823 0()
-1 8(3822 3824 3825 3826 3827 3828 3829 3830)
3823 0()
3823 0()
3823 0()
3823 0()
3823 0()
3823 0()
3823 0()
3832 0()
-1 8(3831 3833 3834 3835 3836 3837 3838 3839)
3832 0()
3832 0()
3832 0()
3832 0()
3832 0()
3832 0()
3832 0()
3841 0()
-1 8(3840 3842 3843 3844 3845 3846 3847 3848)
3841 0()
3841 0()
3841 0()
3841 0()
3841 0()
3841 0()
3841 0()
3850 0()
-1 8(3849 3851 3852 3853 3854 3855 3856 3857)
3850 0()
3850 0()
3850 0()
3850 0()
3850 0()
3850 0()
3850 0()
3859 0()
-1 8(3858 3860 3861 3862 3863 3864 3865 3866)
3859 0()
3859 0()
3859 0()
3859 0()
3859 0()
3859 0()
3859 0()
3868 0()
-1 8(3867 3869 3870 3871 3872 3873 3874 3875)
3868 0()
3868 0()
3868 0()
3868 0()
3868 0()
3868 0()
3868 0()
3877 0()
-1 8(3876 3878 3879 3880 3881 3882 3883 3884)
3877 0()
3877 0()
3877 0()
3877 0()
3877 0()
3877 0()
3877 0()
3886 0()
-1 8(3885 3887 3888 3889 3890 3891 3892 3893)
3886 0()
3886 0()
3886 0()
3886 0()
3886 0()
3886 0()
3886 0()
3895 0()
-1 8(3894 3896 3897 3898 3899 3900 3901 3902)
3895 0()
3895 0()
3895 0()
3895 0()
3895 0()
3895 0()
3895 0()
3904 0()
-1 8(3903 3905 3906 3907 3908 3909 3910 3911)
3904 0()
3904 0()
3904 0()
3904 0()
3904 0()
3904 0()
3904 0()
3913 0()
-1 8(3912 3914 3915 3916 3917 3918 3919 3920)
3913 0()
3913 0()
3913 0()
3913 0()
3913 0()
3913 0()
3913 0()
3922 0()
-1 8(3921 3923 3924 3925 3926 3927 3928 3929)
3922 0()
3922 0()
3922 0()
3922 0()
3922 0()
3922 0()
3922 0()
3931 0()
-1 8(3930 3932 3933 3934 3935 3936 3937 3938)
3931 0()
3931 0()
3931 0()
3931 0()
3931 0()
3931 0()
3931 0()
3940 0()
-1 8(3939 3941 3942 3943 3944 3945 3946 3947)
3940 0()
3940 0()
3940 0()
3940 0()
3940 0()
3940 0()
3940 0()
3949 0()
-1 8(3948 3950 3951 3952 3953 3954 3955 3956)
3949 0()
3949 0()
3949 0()
3949 0()
3949 0()
3949 0()
3949 0()
3958 0()
-1 8(3957 3959 3960 3961 3962 3963 3964 3965)
3958 0()
3958 0()
3958 0()
3958 0()
3958 0()
3958 0()
3958 0()
3967 0()
-1 8(3966 3968 3969 3970 3971 3972 3973 3974)
3967 0()
3967 0()
3967 0()
3967 0()
3967 0()
3967 0()
3967 0()
3976 0()
-1 8(3975 3977 3978 3979 3980 3981 3982 3983)
3976 0()
3976 0()
3976 0()
3976 0()
3976 0()
3976 0()
3976 0()
3985 0()
-1 8(3984 3986 3987 3988 3989 3990 3991 3992)
3985 0()
3985 0()
3985 0()
3985 0()
3985 0()
3985 0()
3985 0()
3994 0()
-1 8(3993 3995 3996 3997 3998 3999 4000 4001)
3994 0()
3994 0()
3994 0()
3994 0()
3994 0()
3994 0()
3994 0()
4003 0()
-1 8(4002 4004 4005 4006 4007 4008 4009 4010)
4003 0()
4003 0()
4003 0()
4003 0()
4003 0()
4003 0()
4003 0()
4012 0()
-1 8(4011 4013 4014 4015 4016 4017 4018 4019)
4012 0()
4012 0()
4012 0()
4012 0()
4012 0()
4012 0()
4012 0()
4021 0()
-1 8(4020 4022 4023 4024 4025 4026 4027 4028)
4021 0()
4021 0()
4021 0()
4021 0()
4021 0()
4021 0()
4021 0()
4030 0()
-1 8(4029 4031 4032 4033 4034 4035 4036 4037)
4030 0()
4030 0()
4030 0()
4030 0()
4030 0()
4030 0()
4030 0()
4039 0()
-1 8(4038 4040 4041 4042 4043 4044 4045 4046)
4039 0()
4039 0()
4039 0()
4039 0()
4039 0()
4039 0()
4039 0()
4048 0()
-1 8(4047 4049 4050 4051 4052 4053 4054 4055)
4048 0()
4048 0()
4048 0()
4048 0()
4048 0()
4048 0()
4048 0()
4057 0()
-1 8(4056 4058 4059 4060 4061 4062 4063 4064)
4057 0()
4057 0()
4057 0()
4057 0()
4057 0()
4057 0()
4057 0()
4066 0()
-1 8(4065 4067 4068 4069 4070 4071 4072 4073)
4066 0()
4066 0()
4066 0()
4066 0()
4066 0()
4066 0()
4066 0()
4075 0()
-1 8(4074 4076 4077 4078 4079 4080 4081 4082)
4075 0()
4075 0()
4075 0()
4075 0()
4075 0()
4075 0()
4075 0()
4084 0()
-1 8(4083 4085 4086 4087 4088 4089 4090 4091)
4084 0()
4084 0()
4084 0()
4084 0()
4084 0()
4084 0()
4084 0()
4093 0()
-1 8(4092 4094 4095 4096 4097 4098 4099 4100)
4093 0()
4093 0()
4093 0()
4093 0()
4093 0()
4093 0()
4093 0()
4102 0()
-1 8(4101 4103 4104 4105 4106 4107 4108 4109)
4102 0()
4102 0()
4102 0()
4102 0()
4102 0()
4102 0()
4102 0()
4111 0()
-1 8(4110 4112 4113 4114 4115 4116 4117 4118)
4111 0()
4111 0()
4111 0()
4111 0()
4111 0()
4111 0()
4111 0()
4120 0()
-1 8(4119 4121 4122 4123 4124 4125 4126 4127)
4120 0()
4120 0()
4120 0()
4120 0()
4120 0()
4120 0()
4120 0()
4129 0()
-1 8(4128 4130 4131 4132 4133 4134 4135 4136)
4129 0()
4129 0()
4129 0()
4129 0()
4129 0()
4129 0()
4129 0()
4138 0()
-1 8(4137 4139 4140 4141 4142 4143 4144 4145)
4138 0()
4138 0()
4138 0()
4138 0()
4138 0()
4138 0()
4138 0()
4147 0()
-1 8(4146 4148 4149 4150 4151 4152 4153 4154)
4147 0()
4147 0()
4147 0()
4147 0()
4147 0()
4147 0()
4147 0()
4156 0()
-1 8(4155 4157 4158 4159 4160 4161 4162 4163)
4156 0()
4156 0()
4156 0()
4156 0()
4156 0()
4156 0()
4156 0()
4165 0()
-1 8(4164 4166 4167 4168 4169 4170 4171 4172)
4165 0()
4165 0()
4165 0()
4165 0()
4165 0()
4165 0()
4165 0()
4174 0()
-1 8(4173 4175 4176 4177 4178 4179 4180 4181)
4174 0()
4174 0()
4174 0()
4174 0()
4174 0()
4174 0()
4174 0()
4183 0()
-1 8(4182 4184 4185 4186 4187 4188 4189 4190)
4183 0()
4183 0()
4183 0()
4183 0()
4183 0()
4183 0()
4183 0()
4192 0()
-1 8(4191 4193 4194 4195 4196 4197 4198 4199)
4192 0()
4192 0()
4192 0()
4192 0()
4192 0()
4192 0()
4192 0()
4201 0()
-1 8(4200 4202 4203 4204 4205 4206 4207 4208)
4201 0()
4201 0()
4201 0()
4201 0()
4201 0()
4201 0()
4201 0()
4210 0()
-1 8(4209 4211 4212 4213 4214 4215 4216 4217)
4210 0()
4210 0()
4210 0()
4210 0()
4210 0()
4210 0()
4210 0()
4219 0()
-1 8(4218 4220 4221 4222 4223 4224 4225 4226)
4219 0()
4219 0()
4219 0()
4219 0()
4219 0()
4219 0()
4219 0()
4228 0()
-1 8(4227 4229 4230 4231 4232 4233 4234 4235)
4228 0()
4228 0()
4228 0()
4228 0()
4228 0()
4228 0()
4228 0()
4237 0()
-1 8(4236 4238 4239 4240 4241 4242 4243 4244)
4237 0()
4237 0()
4237 0()
4237 0()
4237 0()
4237 0()
4237 0()
4246 0()
-1 8(4245 4247 4248 4249 4250 4251 4252 4253)
4246 0()
4246 0()
4246 0()
4246 0()
4246 0()
4246 0()
4246 0()
4255 0()
-1 8(4254 4256 4257 4258 4259 4260 4261 4262)
4255 0()
4255 0()
4255 0()
4255 0()
4255 0()
4255 0()
4255 0()
4264 0()
-1 8(4263 4265 4266 4267 4268 4269 4270 4271)
4264 0()
4264 0()
4264 0()
4264 0()
4264 0()
4264 0()
4264 0()
4273 0()
-1 8(4272 4274 4275 4276 4277 4278 4279 4280)
4273 0()
4273 0()
4273 0()
4273 0()
4273 0()
4273 0()
4273 0()
4282 0()
-1 8(4281 4283 4284 4285 4286 4287 4288 4289)
4282 0()
4282 0()
4282 0()
4282 0()
4282 0()
4282 0()
4282 0()
4291 0()
-1 8(4290 4292 4293 4294 4295 4296 4297 4298)
4291 0()
4291 0()
4291 0()
4291 0()
4291 0()
4291 0()
4291 0()
4300 0()
-1 8(4299 4301 4302 4303 4304 4305 4306 4307)
4300 0()
4300 0()
4300 0()
4300 0()
4300 0()
4300 0()
4300 0()
4309 0()
-1 8(4308 4310 4311 4312 4313 4314 4315 4316)
4309 0()
4309 0()
4309 0()
4309 0()
4309 0()
4309 0()
4309 0()
4318 0()
-1 8(4317 4319 4320 4321 4322 4323 4324 4325)
4318 0()
4318 0()
4318 0()
4318 0()
4318 0()
4318 0()
4318 0()
4327 0()
-1 8(4326 4328 4329 4330 4331 4332 4333 4334)
4327 0()
4327 0()
4327 0()
4327 0()
4327 0()
4327 0()
4327 0()
4336 0()
-1 8(4335 4337 4338 4339 4340 4341 4342 4343)
4336 0()
4336 0()
4336 0()
4336 0()
4336 0()
4336 0()
4336 0()
4345 0()
-1 8(4344 4346 4347 4348 4349 4350 4351 4352)
4345 0()
4345 0()
4345 0()
4345 0()
4345 0()
4345 0()
4345 0()
4354 0()
-1 8(4353 4355 4356 4357 4358 4359 4360 4361)
4354 0()
4354 0()
4354 0()
4354 0()
4354 0()
4354 0()
4354 0()
4363 0()
-1 8(4362 4364 4365 4366 4367 4368 4369 4370)
4363 0()
4363 0()
4363 0()
4363 0()
4363 0()
4363 0()
4363 0()
4372 0()
-1 8(4371 4373 4374 4375 4376 4377 4378 4379)
4372 0()
4372 0()
4372 0()
4372 0()
4372 0()
4372 0()
4372 0()
4381 0()
-1 8(4380 4382 4383 4384 4385 4386 4387 4388)
4381 0()
4381 0()
4381 0()
4381 0()
4381 0()
4381 0()
4381 0()
4390 0()
-1 8(4389 4391 4392 4393 4394 4395 4396 4397)
4390 0()
4390 0()
4390 0()
4390 0()
4390 0()
4390 0()
4390 0()
4399 0()
-1 8(4398 4400 4401 4402 4403 4404 4405 4406)
4399 0()
4399 0()
4399 0()
4399 0()
4399 0()
4399 0()
4399 0()
4408 0()
-1 8(4407 4409 4410 4411 4412 4413 4414 4415)
4408 0()
4408 0()
4408 0()
4408 0()
4408 0()
4408 0()
4408 0()
4417 0()
-1 8(4416 4418 4419 4420 4421 4422 4423 4424)
4417 0()
4417 0()
4417 0()
4417 0()
4417 0()
4417 0()
4417 0()
4426 0()
-1 8(4425 4427 4428 4429 4430 4431 4432 4433)
4426 0()
4426 0()
4426 0()
4426 0()
4426 0()
4426 0()
4426 0()
4435 0()
-1 8(4434 4436 4437 4438 4439 4440 4441 4442)
4435 0()
4435 0()
4435 0()
4435 0()
4435 0()
4435 0()
4435 0()
4444 0()
-1 8(4443 4445 4446 4447 4448 4449 4450 4451)
4444 0()
4444 0()
4444 0()
4444 0()
4444 0()
4444 0()
4444 0()
4453 0()
-1 8(4452 4454 4455 4456 4457 4458 4459 4460)
4453 0()
4453 0()
4453 0()
4453 0()
4453 0()
4453 0()
4453 0()
4462 0()
-1 8(4461 4463 4464 4465 4466 4467 4468 4469)
4462 0()
4462 0()
4462 0()
4462 0()
4462 0()
4462 0()
4462 0()
4471 0()
-1 8(4470 4472 4473 4474 4475 4476 4477 4478)
4471 0()
4471 0()
4471 0()
4471 0()
4471 0()
4471 0()
4471 0()
4480 0()
-1 8(4479 4481 4482 4483 4484 4485 4486 4487)
4480 0()
4480 0()
4480 0()
4480 0()
4480 0()
4480 0()
4480 0()
4489 0()
-1 8(4488 4490 4491 4492 4493 4494 4495 4496)
4489 0()
4489 0()
4489 0()
4489 0()
4489 0()
4489 0()
4489 0()
4498 0()
-1 8(4497 4499 4500 4501 4502 4503 4504 4505)
4498 0()
4498 0()
4498 0()
4498 0()
4498 0()
4498 0()
4498 0()
4507 0()
-1 8(4506 4508 4509 4510 4511 4512 4513 4514)
4507 0()
4507 0()
4507 0()
4507 0()
4507 0()
4507 0()
4507 0()
4516 0()
-1 8(4515 4517 4518 4519 4520 4521 4522 4523)
4516 0()
4516 0()
4516 0()
4516 0()
4516 0()
4516 0()
4516 0()
4525 0()
-1 8(4524 4526 4527 4528 4529 4530 4531 4532)
4525 0()
4525 0()
4525 0()
4525 0()
4525 0()
4525 0()
4525 0()
4534 0()
-1 8(4533 4535 4536 4537 4538 4539 4540 4541)
4534 0()
4534 0()
4534 0()
4534 0()
4534 0()
4534 0()
4534 0()
4543 0()
-1 8(4542 4544 4545 4546 4547 4548 4549 4550)
4543 0()
4543 0()
4543 0()
4543 0()
4543 0()
4543 0()
4543 0()
4552 0()
-1 8(4551 4553 4554 4555 4556 4557 4558 4559)
4552 0()
4552 0()
4552 0()
4552 0()
4552 0()
4552 0()
4552 0()
4561 0()
-1 8(4560 4562 4563 4564 4565 4566 4567 4568)
4561 0()
4561 0()
4561 0()
4561 0()
4561 0()
4561 0()
4561 0()
4570 0()
-1 8(4569 4571 4572 4573 4574 4575 4576 4577)
4570 0()
4570 0()
4570 0()
4570 0()
4570 0()
4570 0()
4570 0()
4579 0()
-1 8(4578 4580 4581 4582 4583 4584 4585 4586)
4579 0()
4579 0()
4579 0()
4579 0()
4579 0()
4579 0()
4579 0()
4588 0()
-1 8(4587 4589 4590 4591 4592 4593 4594 4595)
4588 0()
4588 0()
4588 0()
4588 0()
4588 0()
4588 0()
4588 0()
4597 0()
-1 8(4596 4598 4599 4600 4601 4602 4603 4604)
4597 0()
4597 0()
4597 0()
4597 0()
4597 0()
4597 0()
4597 0()
4606 0()
-1 8(4605 4607 4608 4609 4610 4611 4612 4613)
4606 0()
4606 0()
4606 0()
4606 0()
4606 0()
4606 0()
4606 0()
4615 0()
-1 8(4614 4616 4617 4618 4619 4620 4621 4622)
4615 0()
4615 0()
4615 0()
4615 0()
4615 0()
4615 0()
4615 0()
4624 0()
-1 8(4623 4625 4626 4627 4628 4629 4630 4631)
4624 0()
4624 0()
4624 0()
4624 0()
4624 0()
4624 0()
4624 0()
4633 0()
-1 8(4632 4634 4635 4636 4637 4638 4639 4640)
4633 0()
4633 0()
4633 0()
4633 0()
4633 0()
4633 0()
4633 0()
4642 0()
-1 8(4641 4643 4644 4645 4646 4647 4648 4649)
4642 0()
4642 0()
4642 0()
4642 0()
4642 0()
4642 0()
4642 0()
4651 0()
-1 8(4650 4652 4653 4654 4655 4656 4657 4658)
4651 0()
4651 0()
4651 0()
4651 0()
4651 0()
4651 0()
4651 0()
4660 0()
-1 8(4659 4661 4662 4663 4664 4665 4666 4667)
4660 0()
4660 0()
4660 0()
4660 0()
4660 0()
4660 0()
4660 0()
4669 0()
-1 8(4668 4670 4671 4672 4673 4674 4675 4676)
4669 0()
4669 0()
4669 0()
4669 0()
4669 0()
4669 0()
4669 0()
4678 0()
-1 8(4677 4679 4680 4681 4682 4683 4684 4685)
4678 0()
4678 0()
4678 0()
4678 0()
4678 0()
4678 0()
4678 0()
4687 0()
-1 8(4686 4688 4689 4690 4691 4692 4693 4694)
4687 0()
4687 0()
4687 0()
4687 0()
4687 0()
4687 0()
4687 0()
4696 0()
-1 8(4695 4697 4698 4699 4700 4701 4702 4703)
4696 0()
4696 0()
4696 0()
4696 0()
4696 0()
4696 0()
4696 0()
4705 0()
-1 8(4704 4706 4707 4708 4709 4710 4711 4712)
4705 0()
4705 0()
4705 0()
4705 0()
4705 0()
4705 0()
4705 0()
4714 0()
-1 8(4713 4715 4716 4717 4718 4719 4720 4721)
4714 0()
4714 0()
4714 0()
4714 0()
4714 0()
4714 0()
4714 0()
4723 0()
-1 8(4722 4724 4725 4726 4727 4728 4729 4730)
4723 0()
4723 0()
4723 0()
4723 0()
4723 0()
4723 0()
4723 0()
4732 0()
-1 8(4731 4733 4734 4735 4736 4737 4738 4739)
4732 0()
4732 0()
4732 0()
4732 0()
4732 0()
4732 0()
4732 0()
4741 0()
-1 8(4740 4742 4743 4744 4745 4746 4747 4748)
4741 0()
4741 0()
4741 0()
4741 0()
4741 0()
4741 0()
4741 0()
4750 0()
-1 8(4749 4751 4752 4753 4754 4755 4756 4757)
4750 0()
4750 0()
4750 0()
4750 0()
4750 0()
4750 0()
4750 0()
4759 0()
-1 8(4758 4760 4761 4762 4763 4764 4765 4766)
4759 0()
4759 0()
4759 0()
4759 0()
4759 0()
4759 0()
4759 0()
4768 0()
-1 8(4767 4769 4770 4771 4772 4773 4774 4775)
4768 0()
4768 0()
4768 0()
4768 0()
4768 0()
4768 0()
4768 0()
4777 0()
-1 8(4776 4778 4779 4780 4781 4782 4783 4784)
4777 0()
4777 0()
4777 0()
4777 0()
4777 0()
4777 0()
4777 0()
4786 0()
-1 8(4785 4787 4788 4789 4790 4791 4792 4793)
4786 0()
4786 0()
4786 0()
4786 0()
4786 0()
4786 0()
4786 0()
4795 0()
-1 8(4794 4796 4797 4798 4799 4800 4801 4802)
4795 0()
4795 0()
4795 0()
4795 0()
4795 0()
4795 0()
4795 0()
4804 0()
-1 8(4803 4805 4806 4807 4808 4809 4810 4811)
4804 0()
4804 0()
4804 0()
4804 0()
4804 0()
4804 0()
4804 0()
4813 0()
-1 8(4812 4814 4815 4816 4817 4818 4819 4820)
4813 0()
4813 0()
4813 0()
4813 0()
4813 0()
4813 0()
4813 0()
4822 0()
-1 8(4821 4823 4824 4825 4826 4827 4828 4829)
4822 0()
4822 0()
4822 0()
4822 0()
4822 0()
4822 0()
4822 0()
4831 0()
-1 8(4830 4832 4833 4834 4835 4836 4837 4838)
4831 0()
4831 0()
4831 0()
4831 0()
4831 0()
4831 0()
4831 0()
4840 0()
-1 8(4839 4841 4842 4843 4844 4845 4846 4847)
4840 0()
4840 0()
4840 0()
4840 0()
4840 0()
4840 0()
4840 0()
4849 0()
-1 8(4848 4850 4851 4852 4853 4854 4855 4856)
4849 0()
4849 0()
4849 0()
4849 0()
4849 0()
4849 0()
4849 0()
4858 0()
-1 8(4857 4859 4860 4861 4862 4863 4864 4865)
4858 0()
4858 0()
4858 0()
4858 0()
4858 0()
4858 0()
4858 0()
4867 0()
-1 8(4866 4868 4869 4870 4871 4872 4873 4874)
4867 0()
4867 0()
4867 0()
4867 0()
4867 0()
4867 0()
4867 0()
4876 0()
-1 8(4875 4877 4878 4879 4880 4881 4882 4883)
4876 0()
4876 0()
4876 0()
4876 0()
4876 0()
4876 0()
4876 0()
4885 0()
-1 8(4884 4886 4887 4888 4889 4890 4891 4892)
4885 0()
4885 0()
4885 0()
4885 0()
4885 0()
4885 0()
4885 0()
4894 0()
-1 8(4893 4895 4896 4897 4898 4899 4900 4901)
4894 0()
4894 0()
4894 0()
4894 0()
4894 0()
4894 0()
4894 0()
4903 0()
-1 8(4902 4904 4905 4906 4907 4908 4909 4910)
4903 0()
4903 0()
4903 0()
4903 0()
4903 0()
4903 0()
4903 0()
4912 0()
-1 8(4911 4913 4914 4915 4916 4917 4918 4919)
4912 0()
4912 0()
4912 0()
4912 0()
4912 0()
4912 0()
4912 0()
4921 0()
-1 8(4920 4922 4923 4924 4925 4926 4927 4928)
4921 0()
4921 0()
4921 0()
4921 0()
4921 0()
4921 0()
4921 0()
4930 0()
-1 8(4929 4931 4932 4933 4934 4935 4936 4937)
4930 0()
4930 0()
4930 0()
4930 0()
4930 0()
4930 0()
4930 0()
4939 0()
-1 8(4938 4940 4941 4942 4943 4944 4945 4946)
4939 0()
4939 0()
4939 0()
4939 0()
4939 0()
4939 0()
4939 0()
4948 0()
-1 8(4947 4949 4950 4951 4952 4953 4954 4955)
4948 0()
4948 0()
4948 0()
4948 0()
4948 0()
4948 0()
4948 0()
4957 0()
-1 8(4956 4958 4959 4960 4961 4962 4963 4964)
4957 0()
4957 0()
4957 0()
4957 0()
4957 0()
4957 0()
4957 0()
4966 0()
-1 8(4965 4967 4968 4969 4970 4971 4972 4973)
4966 0()
4966 0()
4966 0()
4966 0()
4966 0()
4966 0()
4966 0()
4975 0()
-1 8(4974 4976 4977 4978 4979 4980 4981 4982)
4975 0()
4975 0()
4975 0()
4975 0()
4975 0()
4975 0()
4975 0()
4984 0()
-1 8(4983 4985 4986 4987 4988 4989 4990 4991)
4984 0()
4984 0()
4984 0()
4984 0()
4984 0()
4984 0()
4984 0()
4993 0()
-1 8(4992 4994 4995 4996 4997 4998 4999 5000)
4993 0()
4993 0()
4993 0()
4993 0()
4993 0()
4993 0()
4993 0()
5002 0()
-1 8(5001 5003 5004 5005 5006 5007 5008 5009)
5002 0()
5002 0()
5002 0()
5002 0()
5002 0()
5002 0()
5002 0()
)

// visibleCells

7933
(
-1
0
9
42
-1
-1
-1
-1
-1
-1
-1
-1
-1
-1
-1
-1
-1
-1
-1
-1
-1
-1
-1
-1
-1
-1
-1
-1
-1
-1
-1
-1
-1
-1
-1
-1
-1
-1
-1
-1
-1
-1
-1
-1
-1
-1
-1
-1
-1
-1
115
124
141
206
271
-1
-1
-1
-1
-1
-1
-1
-1
-1
-1
-1
-1
-1
-1
-1
-1
-1
-1
-1
-1
-1
-1
-1
-1
-1
-1
-1
-1
-1
-1
-1
-1
-1
-1
-1
-1
-1
-1
-1
-1
-1
-1
-1
-1
-1
280
329
362
371
396
-1
405
-1
-1
-1
-1
-1
-1
-1
-1
-1
-1
-1
-1
-1
-1
-1
-1
-1
-1
-1
-1
-1
-1
-1
-1
-1
-1
-1
-1
-1
-1
-1
-1
-1
-1
-1
-1
-1
-1
-1
-1
-1
-1
-1
414
423
440
489
-1
-1
562
571
-1
-1
-1
-1
-1
-1
-1
-1
-1
-1
-1
-1
-1
-1
-1
-1
-1
-1
-1
-1
-1
-1
-1
-1
-1
-1
-1
-1
-1
-1
-1
-1
-1
-1
-1
-1
-1
-1
-1
-1
-1
-1
580
605
678
719
-1
-1
728
737
-1
-1
-1
-1
-1
-1
-1
-1
-1
-1
-1
-1
-1
-1
-1
-1
-1
-1
-1
-1
-1
-1
-1
-1
-1
-1
-1
-1
-1
-1
-1
-1
-1
-1
-1
-1
-1
-1
-1
-1
-1
-1
746
819
884
909
918
-1
927
936
-1
-1
-1
-1
-1
-1
-1
-1
-1
-1
-1
-1
-1
-1
-1
-1
-1
-1
-1
-1
-1
-1
-1
-1
-1
-1
-1
-1
-1
-1
-1
-1
-1
-1
-1
-1
-1
-1
-1
-1
-1
-1
945
1018
1091
-1
-1
-1
1132
1141
-1
-1
-1
-1
-1
-1
-1
-1
-1
-1
-1
-1
-1
-1
-1
-1
-1
-1
-1
-1
-1
-1
-1
-1
-1
-1
-1
-1
-1
-1
-1
-1
-1
-1
-1
-1
-1
-1
-1
-1
-1
-1
1150
1183
1216
-1
-1
-1
1233
-1
-1
-1
-1
-1
-1
-1
-1
-1
-1
-1
-1
-1
-1
-1
-1
-1
-1
-1
-1
-1
-1
-1
-1
-1
-1
-1
-1
-1
-1
-1
-1
-1
-1
-1
-1
-1
-1
-1
-1
-1
-1
-1
1242
1275
1292
-1
-1
-1
1301
-1
-1
-1
-1
-1
-1
-1
-1
-1
-1
-1
-1
-1
-1
-1
-1
-1
-1
-1
-1
-1
-1
-1
-1
-1
-1
-1
-1
-1
-1
-1
-1
-1
-1
-1
-1
-1
-1
-1
-1
-1
-1
-1
-1
-1
1310
1319
-1
-1
-1
-1
-1
-1
-1
-1
-1
-1
-1
-1
-1
-1
-1
-1
-1
-1
-1
-1
-1
-1
-1
-1
-1
-1
-1
-1
-1
-1
-1
-1
-1
-1
-1
-1
-1
-1
-1
-1
-1
-1
-1
-1
-1
-1
-1
1328
1337
1378
-1
-1
-1
-1
-1
-1
-1
-1
-1
-1
-1
-1
-1
-1
-1
-1
-1
-1
-1
-1
-1
-1
-1
-1
-1
-1
-1
-1
-1
-1
-1
-1
-1
-1
-1
-1
-1
-1
-1
-1
-1
-1
-1
-1
-1
-1
1387
1412
1461
1534
1599
-1
-1
-1
-1
-1
-1
-1
-1
-1
-1
-1
-1
-1
-1
-1
-1
-1
-1
-1
-1
-1
-1
-1
-1
-1
-1
-1
-1
-1
-1
-1
-1
-1
-1
-1
-1
-1
-1
-1
-1
-1
-1
-1
-1
-1
1608
1673
1746
1795
1828
-1
1837
-1
-1
-1
-1
-1
-1
-1
-1
-1
-1
-1
-1
-1
-1
-1
-1
-1
-1
-1
-1
-1
-1
-1
-1
-1
-1
-1
-1
-1
-1
-1
-1
-1
-1
-1
-1
-1
-1
-1
-1
-1
-1
-1
1846
1911
1968
2009
-1
-1
2034
2043
-1
-1
-1
-1
-1
-1
-1
-1
-1
-1
-1
-1
-1
-1
-1
-1
-1
-1
-1
-1
-1
-1
-1
-1
-1
-1
-1
-1
-1
-1
-1
-1
-1
-1
-1
-1
-1
-1
-1
-1
-1
-1
2052
2109
2166
2191
-1
-1
2200
2209
-1
-1
-1
-1
-1
-1
-1
-1
-1
-1
-1
-1
-1
-1
-1
-1
-1
-1
-1
-1
-1
-1
-1
-1
-1
-1
-1
-1
-1
-1
-1
-1
-1
-1
-1
-1
-1
-1
-1
-1
-1
-1
2218
2267
2308
-1
-1
-1
2333
2342
-1
-1
-1
-1
-1
-1
-1
-1
-1
-1
-1
-1
-1
-1
-1
-1
-1
-1
-1
-1
-1
-1
-1
-1
-1
-1
-1
-1
-1
-1
-1
-1
-1
-1
-1
-1
-1
-1
-1
-1
-1
-1
2351
2424
2497
2554
-1
-1
2563
2572
-1
-1
-1
-1
-1
-1
-1
-1
-1
-1
-1
-1
-1
-1
-1
-1
-1
-1
-1
-1
-1
-1
-1
-1
-1
-1
-1
-1
-1
-1
-1
-1
-1
-1
-1
-1
-1
-1
-1
-1
-1
-1
2581
2622
2631
-1
-1
-1
2640
-1
-1
-1
-1
-1
-1
-1
-1
-1
-1
-1
-1
-1
-1
-1
-1
-1
-1
-1
-1
-1
-1
-1
-1
-1
-1
-1
-1
-1
-1
-1
-1
-1
-1
-1
-1
-1
-1
-1
-1
-1
-1
-1
2649
2674
-1
-1
-1
-1
2683
-1
-1
-1
-1
-1
-1
-1
-1
-1
-1
-1
-1
-1
-1
-1
-1
-1
-1
-1
-1
-1
-1
-1
-1
-1
-1
-1
-1
-1
-1
-1
-1
-1
-1
-1
-1
-1
-1
-1
-1
-1
-1
-1
-1
-1
-1
-1
-1
-1
-1
-1
-1
-1
-1
-1
-1
-1
-1
-1
-1
-1
-1
-1
-1
-1
-1
-1
-1
-1
-1
-1
-1
-1
-1
-1
-1
-1
-1
-1
-1
-1
-1
-1
-1
-1
-1
-1
-1
-1
-1
-1
-1
-1
-1
2692
2701
2710
-1
-1
-1
-1
-1
-1
-1
-1
-1
-1
-1
-1
-1
-1
-1
-1
-1
-1
-1
-1
-1
-1
-1
-1
-1
-1
-1
-1
-1
-1
-1
-1
-1
-1
-1
-1
-1
-1
-1
-1
-1
-1
-1
-1
-1
-1
2719
2728
2737
2746
-1
-1
-1
-1
-1
-1
-1
-1
-1
-1
-1
-1
-1
-1
-1
-1
-1
-1
-1
-1
-1
-1
-1
-1
-1
-1
-1
-1
-1
-1
-1
-1
-1
-1
-1
-1
-1
-1
-1
-1
-1
-1
-1
-1
-1
-1
2755
2764
2789
2830
-1
-1
2839
-1
-1
-1
-1
-1
-1
-1
-1
-1
-1
-1
-1
-1
-1
-1
-1
-1
-1
-1
-1
-1
-1
-1
-1
-1
-1
-1
-1
-1
-1
-1
-1
-1
-1
-1
-1
-1
-1
-1
-1
-1
-1
-1
2848
2913
2938
2987
2996
-1
3005
3014
-1
-1
-1
-1
-1
-1
-1
-1
-1
-1
-1
-1
-1
-1
-1
-1
-1
-1
-1
-1
-1
-1
-1
-1
-1
-1
-1
-1
-1
-1
-1
-1
-1
-1
-1
-1
-1
-1
-1
-1
-1
-1
3023
3088
3097
3106
-1
-1
3139
3148
-1
-1
-1
-1
-1
-1
-1
-1
-1
-1
-1
-1
-1
-1
-1
-1
-1
-1
-1
-1
-1
-1
-1
-1
-1
-1
-1
-1
-1
-1
-1
-1
-1
-1
-1
-1
-1
-1
-1
-1
-1
-1
3157
3182
3191
3200
-1
-1
3241
3250
-1
-1
-1
-1
-1
-1
-1
-1
-1
-1
-1
-1
-1
-1
-1
-1
-1
-1
-1
-1
-1
-1
-1
-1
-1
-1
-1
-1
-1
-1
-1
-1
-1
-1
-1
-1
-1
-1
-1
-1
-1
-1
3259
3324
3349
3358
-1
-1
3367
3376
-1
-1
-1
-1
-1
-1
-1
-1
-1
-1
-1
-1
-1
-1
-1
-1
-1
-1
-1
-1
-1
-1
-1
-1
-1
-1
-1
-1
-1
-1
-1
-1
-1
-1
-1
-1
-1
-1
-1
-1
-1
-1
3385
3418
3459
3516
-1
-1
3525
-1
-1
-1
-1
-1
-1
-1
-1
-1
-1
-1
-1
-1
-1
-1
-1
-1
-1
-1
-1
-1
-1
-1
-1
-1
-1
-1
-1
-1
-1
-1
-1
-1
-1
-1
-1
-1
-1
-1
-1
-1
-1
-1
-1
3534
3543
-1
-1
-1
3552
-1
-1
-1
-1
-1
-1
-1
-1
-1
-1
-1
-1
-1
-1
-1
-1
-1
-1
-1
-1
-1
-1
-1
-1
-1
-1
-1
-1
-1
-1
-1
-1
-1
-1
-1
-1
-1
-1
-1
-1
-1
-1
-1
-1
-1
3561
3570
-1
-1
-1
-1
-1
-1
-1
-1
-1
-1
-1
-1
-1
-1
-1
-1
-1
-1
-1
-1
-1
-1
-1
-1
-1
-1
-1
-1
-1
-1
-1
-1
-1
-1
-1
-1
-1
-1
-1
-1
-1
-1
-1
-1
-1
-1
-1
-1
-1
-1
-1
-1
-1
-1
-1
-1
-1
-1
-1
-1
-1
-1
-1
-1
-1
-1
-1
-1
-1
-1
-1
-1
-1
-1
-1
-1
-1
-1
-1
-1
-1
-1
-1
-1
-1
-1
-1
-1
-1
-1
-1
-1
-1
-1
-1
-1
-1
-1
-1
-1
-1
-1
-1
-1
-1
-1
-1
-1
-1
-1
-1
-1
-1
-1
-1
-1
-1
-1
-1
-1
-1
-1
-1
-1
-1
-1
-1
-1
-1
-1
-1
-1
-1
-1
-1
-1
-1
-1
-1
-1
-1
-1
-1
-1
-1
-1
-1
-1
-1
-1
-1
-1
-1
-1
-1
-1
-1
-1
-1
-1
-1
-1
-1
-1
-1
-1
-1
-1
-1
-1
-1
-1
-1
-1
-1
-1
-1
-1
-1
-1
-1
-1
-1
-1
-1
-1
-1
-1
-1
-1
-1
-1
-1
-1
-1
-1
-1
-1
-1
-1
-1
-1
-1
-1
-1
-1
-1
-1
-1
-1
-1
-1
-1
-1
-1
-1
-1
-1
-1
-1
-1
-1
-1
-1
-1
-1
-1
-1
-1
-1
-1
-1
-1
-1
-1
-1
-1
-1
-1
-1
-1
-1
-1
-1
-1
-1
-1
-1
-1
-1
-1
-1
-1
-1
-1
-1
3579
-1
-1
-1
3588
-1
-1
-1
-1
-1
-1
-1
-1
-1
-1
-1
-1
-1
-1
-1
-1
-1
3597
3606
3615
-1
3624
3633
-1
-1
-1
-1
-1
-1
-1
-1
3642
-1
-1
-1
3651
-1
3660
-1
-1
3669
3678
-1
-1
-1
-1
-1
-1
-1
-1
-1
-1
3687
-1
3696
-1
3705
-1
-1
-1
-1
-1
-1
-1
-1
-1
-1
-1
-1
-1
-1
-1
-1
3714
3723
3732
3741
3750
3759
-1
-1
-1
-1
-1
-1
-1
-1
-1
-1
-1
-1
-1
-1
3768
3777
3786
3795
3804
3813
3822
3831
3840
3849
3858
3867
3876
3885
-1
-1
-1
-1
-1
-1
-1
3894
3903
3912
3921
3930
3939
3948
-1
-1
-1
-1
-1
-1
-1
-1
-1
-1
-1
-1
-1
-1
3957
3966
-1
3975
3984
3993
4002
-1
-1
-1
-1
-1
-1
-1
-1
-1
-1
-1
-1
-1
-1
-1
4011
-1
4020
-1
4029
-1
-1
-1
-1
-1
-1
-1
-1
-1
-1
-1
-1
-1
-1
-1
-1
-1
-1
4038
-1
-1
-1
-1
-1
4047
-1
-1
-1
4056
-1
-1
-1
-1
-1
-1
-1
-1
-1
-1
-1
-1
-1
-1
4065
-1
-1
-1
4074
-1
-1
-1
-1
-1
-1
-1
-1
-1
-1
-1
-1
-1
-1
-1
-1
-1
4083
4092
4101
-1
4110
-1
-1
-1
-1
-1
-1
-1
-1
-1
4119
-1
-1
-1
4128
-1
4137
-1
-1
-1
-1
-1
-1
-1
-1
-1
-1
-1
-1
-1
-1
4146
-1
4155
-1
4164
-1
-1
-1
-1
4173
4182
4191
4200
-1
-1
-1
-1
-1
-1
-1
4209
4218
4227
4236
4245
4254
4263
-1
-1
-1
-1
-1
-1
-1
-1
-1
-1
-1
-1
-1
-1
4272
4281
4290
4299
4308
4317
4326
-1
-1
-1
-1
-1
-1
-1
-1
-1
-1
-1
-1
-1
-1
4335
4344
4353
4362
4371
4380
4389
-1
-1
-1
-1
-1
-1
-1
-1
-1
-1
-1
-1
-1
-1
4398
4407
4416
4425
4434
4443
4452
-1
-1
-1
-1
-1
-1
-1
-1
-1
-1
-1
-1
-1
-1
-1
4461
-1
4470
-1
4479
-1
-1
-1
-1
-1
-1
-1
-1
-1
-1
-1
-1
-1
-1
-1
-1
-1
-1
4488
-1
-1
-1
-1
-1
4497
-1
-1
-1
4506
-1
-1
-1
-1
-1
-1
-1
-1
-1
-1
-1
-1
-1
-1
4515
-1
-1
-1
4524
-1
-1
-1
-1
-1
-1
-1
-1
-1
-1
-1
-1
-1
-1
-1
-1
-1
-1
-1
-1
-1
-1
-1
-1
-1
-1
-1
-1
-1
-1
-1
4533
-1
-1
-1
4542
-1
-1
-1
-1
-1
-1
-1
-1
-1
-1
-1
-1
-1
-1
-1
-1
4551
-1
4560
-1
4569
-1
4578
4587
4596
-1
4605
-1
4614
-1
-1
-1
-1
-1
-1
-1
4623
4632
4641
4650
4659
4668
4677
-1
-1
-1
4686
-1
4695
-1
-1
-1
-1
-1
-1
-1
-1
4704
4713
4722
4731
4740
4749
4758
-1
-1
-1
4767
-1
4776
-1
-1
-1
-1
-1
-1
-1
-1
4785
4794
4803
4812
4821
4830
4839
-1
-1
-1
-1
-1
-1
-1
-1
-1
-1
-1
-1
-1
-1
4848
4857
4866
4875
4884
4893
-1
4902
-1
4911
-1
4920
-1
4929
-1
-1
-1
-1
-1
-1
-1
-1
4938
-1
4947
-1
4956
-1
-1
-1
-1
-1
-1
-1
-1
-1
-1
-1
-1
-1
-1
-1
-1
-1
-1
4965
-1
-1
-1
-1
-1
4974
-1
4983
4992
5001
-1
-1
-1
-1
-1
-1
-1
-1
-1
-1
-1
-1
-1
-1
-1
-1
-1
-1
-1
-1
-1
-1
-1
-1
-1
-1
-1
-1
-1
-1
-1
-1
-1
-1
-1
-1
-1
-1
-1
-1
-1
-1
-1
-1
-1
-1
-1
-1
-1
-1
-1
-1
-1
-1
-1
-1
-1
-1
-1
-1
-1
-1
-1
-1
-1
-1
-1
-1
-1
-1
-1
-1
-1
-1
-1
-1
-1
-1
-1
-1
-1
-1
-1
-1
-1
-1
-1
-1
-1
-1
-1
-1
-1
-1
-1
-1
-1
-1
-1
-1
-1
-1
-1
-1
-1
-1
-1
-1
-1
-1
-1
-1
-1
-1
-1
-1
-1
-1
-1
-1
-1
-1
-1
-1
-1
-1
-1
-1
-1
-1
-1
-1
-1
-1
-1
-1
-1
-1
-1
-1
-1
-1
-1
-1
-1
-1
-1
-1
-1
-1
-1
-1
-1
-1
-1
-1
-1
-1
-1
-1
-1
-1
-1
-1
-1
-1
-1
-1
-1
-1
-1
-1
-1
-1
-1
-1
-1
-1
-1
-1
-1
-1
-1
-1
-1
-1
-1
-1
-1
-1
-1
-1
-1
-1
-1
-1
-1
-1
-1
-1
-1
-1
-1
-1
-1
-1
-1
-1
-1
-1
-1
-1
-1
-1
-1
-1
-1
-1
-1
-1
-1
-1
-1
-1
-1
-1
-1
-1
-1
-1
-1
-1
-1
-1
-1
-1
-1
-1
-1
-1
-1
-1
-1
-1
-1
-1
-1
-1
-1
-1
-1
-1
-1
-1
-1
-1
-1
-1
-1
-1
-1
-1
-1
-1
-1
-1
-1
-1
-1
-1
-1
-1
-1
-1
-1
-1
-1
-1
-1
-1
-1
-1
-1
-1
-1
-1
-1
-1
-1
-1
-1
-1
-1
-1
-1
-1
-1
-1
-1
-1
-1
-1
-1
-1
-1
-1
-1
-1
-1
-1
-1
-1
-1
-1
-1
-1
-1
-1
-1
-1
-1
-1
-1
-1
-1
-1
-1
-1
-1
-1
-1
-1
-1
-1
-1
-1
-1
-1
-1
-1
-1
-1
-1
-1
-1
-1
-1
-1
-1
-1
-1
-1
-1
-1
-1
-1
-1
-1
-1
-1
-1
-1
-1
-1
-1
-1
-1
-1
-1
-1
-1
-1
-1
-1
-1
-1
-1
-1
-1
-1
-1
-1
-1
-1
-1
-1
-1
-1
-1
-1
-1
-1
-1
-1
-1
-1
-1
-1
-1
-1
-1
-1
-1
-1
-1
-1
-1
-1
-1
-1
-1
-1
-1
-1
-1
-1
-1
-1
-1
-1
-1
-1
-1
-1
-1
-1
-1
-1
-1
-1
-1
-1
-1
-1
-1
-1
-1
-1
-1
-1
-1
-1
-1
-1
-1
-1
-1
-1
-1
-1
-1
-1
-1
-1
-1
-1
-1
-1
-1
-1
-1
-1
-1
-1
-1
-1
-1
-1
-1
-1
-1
-1
-1
-1
-1
-1
-1
-1
-1
-1
-1
-1
-1
-1
-1
-1
-1
-1
-1
-1
-1
-1
-1
-1
-1
-1
-1
-1
-1
-1
-1
-1
-1
-1
-1
-1
-1
-1
-1
-1
-1
-1
-1
-1
-1
-1
-1
-1
-1
-1
-1
-1
-1
-1
-1
-1
-1
-1
-1
-1
-1
-1
-1
-1
-1
-1
-1
-1
-1
-1
-1
-1
-1
-1
-1
-1
-1
-1
-1
-1
-1
-1
-1
-1
-1
-1
-1
-1
-1
-1
-1
-1
-1
-1
-1
-1
-1
-1
-1
-1
-1
-1
-1
-1
-1
-1
-1
-1
-1
-1
-1
-1
-1
-1
-1
-1
-1
-1
-1
-1
-1
-1
-1
-1
-1
-1
-1
-1
-1
-1
-1
-1
-1
-1
-1
-1
-1
-1
-1
-1
-1
-1
-1
-1
-1
-1
-1
-1
-1
-1
-1
-1
-1
-1
-1
-1
-1
-1
-1
-1
-1
-1
-1
-1
-1
-1
-1
-1
-1
-1
-1
-1
-1
-1
-1
-1
-1
-1
-1
-1
-1
-1
-1
-1
-1
-1
-1
-1
-1
-1
-1
-1
-1
-1
-1
-1
-1
-1
-1
-1
-1
-1
-1
-1
-1
-1
-1
-1
-1
-1
-1
-1
-1
-1
-1
-1
-1
-1
-1
-1
-1
-1
-1
-1
-1
-1
-1
-1
-1
-1
-1
-1
-1
-1
-1
-1
-1
-1
-1
-1
-1
-1
-1
-1
-1
-1
-1
-1
-1
-1
-1
-1
-1
-1
-1
-1
-1
-1
-1
-1
-1
-1
-1
-1
-1
-1
-1
-1
-1
-1
-1
-1
-1
-1
-1
-1
-1
-1
-1
-1
-1
-1
-1
-1
-1
-1
-1
-1
-1
-1
-1
-1
-1
-1
-1
-1
-1
-1
-1
-1
-1
-1
-1
-1
-1
-1
-1
-1
-1
-1
-1
-1
-1
-1
-1
-1
-1
-1
-1
-1
-1
-1
-1
-1
-1
-1
-1
-1
-1
-1
-1
-1
-1
-1
-1
-1
-1
-1
-1
-1
-1
-1
-1
-1
-1
-1
-1
-1
-1
-1
-1
-1
-1
-1
-1
-1
-1
-1
-1
-1
-1
-1
-1
-1
-1
-1
-1
-1
-1
-1
-1
-1
-1
-1
-1
-1
-1
-1
-1
-1
-1
-1
-1
-1
-1
-1
-1
-1
-1
-1
-1
-1
-1
-1
-1
-1
-1
-1
-1
-1
-1
-1
-1
-1
-1
-1
-1
-1
-1
-1
-1
-1
-1
-1
-1
-1
-1
-1
-1
-1
-1
-1
-1
-1
-1
-1
-1
-1
-1
-1
-1
-1
-1
-1
-1
-1
-1
-1
-1
-1
-1
-1
-1
-1
-1
-1
-1
-1
-1
-1
-1
-1
-1
-1
-1
-1
-1
-1
-1
-1
-1
-1
-1
-1
-1
-1
-1
-1
-1
-1
-1
-1
-1
-1
-1
-1
-1
-1
-1
-1
-1
-1
-1
-1
-1
-1
-1
-1
-1
-1
-1
-1
-1
-1
-1
-1
-1
-1
-1
-1
-1
-1
-1
-1
-1
-1
-1
-1
-1
-1
-1
-1
-1
-1
-1
-1
-1
-1
-1
-1
-1
-1
-1
-1
-1
-1
-1
-1
-1
-1
-1
-1
-1
-1
-1
-1
-1
-1
-1
-1
-1
-1
-1
-1
-1
-1
-1
-1
-1
-1
-1
-1
-1
-1
-1
-1
-1
-1
-1
-1
-1
-1
-1
-1
-1
-1
-1
-1
-1
-1
-1
-1
-1
-1
-1
-1
-1
-1
-1
-1
-1
-1
-1
-1
-1
-1
-1
-1
-1
-1
-1
-1
-1
-1
-1
-1
-1
-1
-1
-1
-1
-1
-1
-1
-1
-1
-1
-1
-1
-1
-1
-1
-1
-1
-1
-1
-1
-1
-1
-1
-1
-1
-1
-1
-1
-1
-1
-1
-1
-1
-1
-1
-1
-1
-1
-1
-1
-1
-1
-1
-1
-1
-1
-1
-1
-1
-1
-1
-1
-1
-1
-1
-1
-1
-1
-1
-1
-1
-1
-1
-1
-1
-1
-1
-1
-1
-1
-1
-1
-1
-1
-1
-1
-1
-1
-1
-1
-1
-1
-1
-1
-1
-1
-1
-1
-1
-1
-1
-1
-1
-1
-1
-1
-1
-1
-1
-1
-1
-1
-1
-1
-1
-1
-1
-1
-1
-1
-1
-1
-1
-1
-1
-1
-1
-1
-1
-1
-1
-1
-1
-1
-1
-1
-1
-1
-1
-1
-1
-1
-1
-1
-1
-1
-1
-1
-1
-1
-1
-1
-1
-1
-1
-1
-1
-1
-1
-1
-1
-1
-1
-1
-1
-1
-1
-1
-1
-1
-1
-1
-1
-1
-1
-1
-1
-1
-1
-1
-1
-1
-1
-1
-1
-1
-1
-1
-1
-1
-1
-1
-1
-1
-1
-1
-1
-1
-1
-1
-1
-1
-1
-1
-1
-1
-1
-1
-1
-1
-1
-1
-1
-1
-1
-1
-1
-1
-1
-1
-1
-1
-1
-1
-1
-1
-1
-1
-1
-1
-1
-1
-1
-1
-1
-1
-1
-1
-1
-1
-1
-1
-1
-1
-1
-1
-1
-1
-1
-1
-1
-1
-1
-1
-1
-1
-1
-1
-1
-1
-1
-1
-1
-1
-1
-1
-1
-1
-1
-1
-1
-1
-1
-1
-1
-1
-1
-1
-1
-1
-1
-1
-1
-1
-1
-1
-1
-1
-1
-1
-1
-1
-1
-1
-1
-1
-1
-1
-1
-1
-1
-1
-1
-1
-1
-1
-1
-1
-1
-1
-1
-1
-1
-1
-1
-1
-1
-1
-1
-1
-1
-1
-1
-1
-1
-1
-1
-1
-1
-1
-1
-1
-1
-1
-1
-1
-1
-1
-1
-1
-1
-1
-1
-1
-1
-1
-1
-1
-1
-1
-1
-1
-1
-1
-1
-1
-1
-1
-1
-1
-1
-1
-1
-1
-1
-1
-1
-1
-1
-1
-1
-1
-1
-1
-1
-1
-1
-1
-1
-1
-1
-1
-1
-1
-1
-1
-1
-1
-1
-1
-1
-1
-1
-1
-1
-1
-1
-1
-1
-1
-1
-1
-1
-1
-1
-1
-1
-1
-1
-1
-1
-1
-1
-1
-1
-1
-1
-1
-1
-1
-1
-1
-1
-1
-1
-1
-1
564
565
566
567
568
569
570
730
731
732
733
734
735
736
929
930
931
932
933
934
935
1134
1135
1136
1137
1138
1139
1140
2036
2037
2038
2039
2040
2041
2042
2202
2203
2204
2205
2206
2207
2208
2335
2336
2337
2338
2339
2340
2341
2565
2566
2567
2568
2569
2570
2571
3007
3008
3009
3010
3011
3012
3013
3141
3142
3143
3144
3145
3146
3147
3243
3244
3245
3246
3247
3248
3249
3369
3370
3371
3372
3373
3374
3375
3581
3582
3583
3584
3585
3586
3587
3590
3591
3592
3593
3594
3595
3596
3716
3717
3718
3719
3720
3721
3722
3734
3735
3736
3737
3738
3739
3740
3752
3753
3754
3755
3756
3757
3758
3779
3780
3781
3782
3783
3784
3785
3797
3798
3799
3800
3801
3802
3803
3815
3816
3817
3818
3819
3820
3821
3905
3906
3907
3908
3909
3910
3911
3923
3924
3925
3926
3927
3928
3929
3941
3942
3943
3944
3945
3946
3947
3968
3969
3970
3971
3972
3973
3974
3977
3978
3979
3980
3981
3982
3983
3995
3996
3997
3998
3999
4000
4001
4049
4050
4051
4052
4053
4054
4055
4058
4059
4060
4061
4062
4063
4064
4067
4068
4069
4070
4071
4072
4073
4076
4077
4078
4079
4080
4081
4082
4220
4221
4222
4223
4224
4225
4226
4238
4239
4240
4241
4242
4243
4244
4256
4257
4258
4259
4260
4261
4262
4283
4284
4285
4286
4287
4288
4289
4301
4302
4303
4304
4305
4306
4307
4319
4320
4321
4322
4323
4324
4325
4346
4347
4348
4349
4350
4351
4352
4364
4365
4366
4367
4368
4369
4370
4382
4383
4384
4385
4386
4387
4388
4409
4410
4411
4412
4413
4414
4415
4427
4428
4429
4430
4431
4432
4433
4445
4446
4447
4448
4449
4450
4451
4499
4500
4501
4502
4503
4504
4505
4508
4509
4510
4511
4512
4513
4514
4517
4518
4519
4520
4521
4522
4523
4526
4527
4528
4529
4530
4531
4532
4634
4635
4636
4637
4638
4639
4640
4652
4653
4654
4655
4656
4657
4658
4670
4671
4672
4673
4674
4675
4676
4715
4716
4717
4718
4719
4720
4721
4733
4734
4735
4736
4737
4738
4739
4751
4752
4753
4754
4755
4756
4757
4796
4797
4798
4799
4800
4801
4802
4814
4815
4816
4817
4818
4819
4820
4832
4833
4834
4835
4836
4837
4838
4859
4860
4861
4862
4863
4864
4865
4877
4878
4879
4880
4881
4882
4883
4895
4896
4897
4898
4899
4900
4901
4976
4977
4978
4979
4980
4981
4982
5003
5004
5005
5006
5007
5008
5009
2642
2643
2644
2645
2646
2647
2648
3527
3528
3529
3530
3531
3532
3533
4148
4149
4150
4151
4152
4153
4154
4166
4167
4168
4169
4170
4171
4172
4472
4473
4474
4475
4476
4477
4478
1235
1236
1237
1238
1239
1240
1241
3689
3690
3691
3692
3693
3694
3695
3707
3708
3709
3710
3711
3712
3713
4022
4023
4024
4025
4026
4027
4028
4553
4554
4555
4556
4557
4558
4559
4571
4572
4573
4574
4575
4576
4577
4949
4950
4951
4952
4953
4954
4955
4031
4032
4033
4034
4035
4036
4037
4463
4464
4465
4466
4467
4468
4469
4481
4482
4483
4484
4485
4486
4487
4940
4941
4942
4943
4944
4945
4946
4013
4014
4015
4016
4017
4018
4019
4958
4959
4960
4961
4962
4963
4964
1839
1840
1841
1842
1843
1844
1845
2841
2842
2843
2844
2845
2846
2847
3698
3699
3700
3701
3702
3703
3704
4157
4158
4159
4160
4161
4162
4163
407
408
409
410
411
412
413
4562
4563
4564
4565
4566
4567
4568
1380
1381
1382
1383
1384
1385
1386
3545
3546
3547
3548
3549
3550
3551
2633
2634
2635
2636
2637
2638
2639
3563
3564
3565
3566
3567
3568
3569
3360
3361
3362
3363
3364
3365
3366
3463
3472
3480
3482
3491
3500
3508
2624
2625
2626
2627
2628
2629
2630
3536
3537
3538
3539
3540
3541
3542
1218
1220
1228
1229
1230
1231
1232
3421
3429
3431
3439
3441
3449
3451
1022
1031
1040
1049
1058
1067
1076
2428
2437
2446
2455
2464
2473
2482
2501
2510
2518
2520
2529
2538
2546
1094
1096
1104
1106
1114
1116
1124
3351
3352
3353
3354
3355
3356
3357
3327
3329
3337
3338
3339
3340
3341
2269
2271
2280
2288
2289
2291
2300
3202
3203
3204
3206
3215
3224
3233
2310
2312
2320
2321
2322
2324
2332
886
888
896
897
898
900
908
2113
2122
2131
2139
2141
2149
2151
609
618
627
636
645
654
663
1849
1858
1867
1876
1885
1894
1903
1915
1923
1925
1934
1943
1951
1953
2169
2171
2179
2180
2181
2182
2183
2852
2861
2870
2879
2887
2889
2898
3193
3194
3195
3196
3197
3198
3199
2916
2924
2925
2926
2928
2936
2937
721
722
723
724
725
726
727
443
451
453
462
471
479
481
1971
1973
1981
1983
1991
1993
2001
3108
3109
3110
3111
3113
3122
3131
493
502
511
520
529
538
547
2012
2014
2022
2023
2024
2025
2026
1321
1322
1323
1324
1325
1326
1327
2941
2942
2943
2945
2954
2963
2972
3099
3100
3101
3102
3103
3104
3105
1750
1759
1767
1769
1777
1779
1787
2791
2793
2801
2803
2811
2813
2822
1799
1807
1808
1809
1811
1819
1820
2989
2990
2991
2992
2993
2994
2995
4985
4986
4987
4988
4989
4990
4991
12
20
21
22
23
25
34
3090
3091
3092
3093
3094
3095
3096
3184
3185
3186
3187
3188
3189
3190
2344
2345
2346
2347
2348
2349
2350
4337
4338
4339
4340
4341
4342
4343
4373
4374
4375
4376
4377
4378
4379
938
939
940
941
942
943
944
3252
3253
3254
3255
3256
3257
3258
3932
3933
3934
3935
3936
3937
3938
4787
4788
4789
4790
4791
4792
4793
2211
2212
2213
2214
2215
2216
2217
4292
4293
4294
4295
4296
4297
4298
4328
4329
4330
4331
4332
4333
4334
3150
3151
3152
3153
3154
3155
3156
4724
4725
4726
4727
4728
4729
4730
739
740
741
742
743
744
745
3824
3825
3826
3827
3828
3829
3830
3896
3897
3898
3899
3900
3901
3902
4823
4824
4825
4826
4827
4828
4829
4760
4761
4762
4763
4764
4765
4766
3788
3789
3790
3791
3792
3793
3794
3225
3226
3227
3228
3229
3230
3231
3207
3208
3209
3210
3211
3212
3213
4769
4770
4771
4772
4773
4774
4775
4778
4779
4780
4781
4782
4783
4784
3518
3519
3520
3521
3522
3523
3524
3216
3217
3218
3219
3220
3221
3222
2685
2686
2687
2688
2689
2690
2691
4490
4491
4492
4493
4494
4495
4496
3554
3555
3556
3557
3558
3559
3560
681
683
691
693
701
703
711
1117
1118
1119
1120
1121
1122
1123
4040
4041
4042
4043
4044
4045
4046
4967
4968
4969
4970
4971
4972
4973
1303
1304
1305
1306
1307
1308
1309
4130
4131
4132
4133
4134
4135
4136
4121
4122
4123
4124
4125
4126
4127
4355
4356
4357
4358
4359
4360
4361
4535
4536
4537
4538
4539
4540
4541
3950
3951
3952
3953
3954
3955
3956
4391
4392
4393
4394
4395
4396
4397
4805
4806
4807
4808
4809
4810
4811
3914
3915
3916
3917
3918
3919
3920
4274
4275
4276
4277
4278
4279
4280
4310
4311
4312
4313
4314
4315
4316
4544
4545
4546
4547
4548
4549
4550
4841
4842
4843
4844
4845
4846
4847
3644
3645
3646
3647
3648
3649
3650
3653
3654
3655
3656
3657
3658
3659
3806
3807
3808
3809
3810
3811
3812
4706
4707
4708
4709
4710
4711
4712
3770
3771
3772
3773
3774
3775
3776
4742
4743
4744
4745
4746
4747
4748
4922
4923
4924
4925
4926
4927
4928
4931
4932
4933
4934
4935
4936
4937
822
831
840
849
858
867
876
364
365
366
367
368
369
370
1186
1195
1204
1212
1213
1214
1215
1059
1060
1061
1062
1063
1064
1065
1077
1078
1079
1080
1081
1082
1083
949
958
967
976
985
994
1003
1107
1108
1109
1110
1111
1112
1113
374
382
383
384
386
394
395
1023
1024
1025
1026
1027
1028
1029
1041
1042
1043
1044
1045
1046
1047
1125
1126
1127
1128
1129
1130
1131
1097
1098
1099
1100
1101
1102
1103
145
153
155
164
173
182
191
2045
2046
2047
2048
2049
2050
2051
4229
4230
4231
4232
4233
4234
4235
210
218
220
229
238
247
256
1538
1547
1556
1564
1566
1575
1584
4265
4266
4267
4268
4269
4270
4271
3016
3017
3018
3019
3020
3021
3022
4643
4644
4645
4646
4647
4648
4649
573
574
575
576
577
578
579
3761
3762
3763
3764
3765
3766
3767
3671
3672
3673
3674
3675
3676
3677
2574
2575
2576
2577
2578
2579
2580
4436
4437
4438
4439
4440
4441
4442
1143
1144
1145
1146
1147
1148
1149
3680
3681
3682
3683
3684
3685
3686
3986
3987
3988
3989
3990
3991
3992
4400
4401
4402
4403
4404
4405
4406
3378
3379
3380
3381
3382
3383
3384
3725
3726
3727
3728
3729
3730
3731
4679
4680
4681
4682
4683
4684
4685
4850
4851
4852
4853
4854
4855
4856
3959
3960
3961
3962
3963
3964
3965
4886
4887
4888
4889
4890
4891
4892
2521
2522
2523
2524
2525
2526
2527
46
55
64
73
82
91
100
3509
3510
3511
3512
3513
3514
3515
3626
3627
3628
3629
3630
3631
3632
3483
3484
3485
3486
3487
3488
3489
2980
2981
2982
2983
2984
2985
2986
92
93
94
95
96
97
98
264
265
266
267
268
269
270
56
57
58
59
60
61
62
65
66
67
68
69
70
71
101
102
103
104
105
106
107
47
48
49
50
51
52
53
83
84
85
86
87
88
89
2056
2065
2074
2083
2092
2100
2101
2465
2466
2467
2468
2469
2470
2471
539
540
541
542
543
544
545
3234
3235
3236
3237
3238
3239
3240
2313
2314
2315
2316
2317
2318
2319
3027
3036
3045
3054
3063
3072
3080
712
713
714
715
716
717
718
684
685
686
687
688
689
690
2547
2548
2549
2550
2551
2552
2553
2429
2430
2431
2432
2433
2434
2435
2539
2540
2541
2542
2543
2544
2545
3028
3029
3030
3031
3032
3033
3034
2511
2512
2513
2514
2515
2516
2517
3064
3065
3066
3067
3068
3069
3070
2748
2749
2750
2751
2752
2753
2754
211
212
213
214
215
216
217
3501
3502
3503
3504
3505
3506
3507
2556
2557
2558
2559
2560
2561
2562
3464
3465
3466
3467
3468
3469
3470
2946
2947
2948
2949
2950
2951
2952
2955
2956
2957
2958
2959
2960
2961
2832
2833
2834
2835
2836
2837
2838
1904
1905
1906
1907
1908
1909
1910
2871
2872
2873
2874
2875
2876
2877
2899
2900
2901
2902
2903
2904
2905
2093
2094
2095
2096
2097
2098
2099
4904
4905
4906
4907
4908
4909
4910
521
522
523
524
525
526
527
530
531
532
533
534
535
536
4913
4914
4915
4916
4917
4918
4919
3599
3600
3601
3602
3603
3604
3605
2222
2231
2240
2248
2249
2250
2252
2447
2448
2449
2450
2451
2452
2453
2483
2484
2485
2486
2487
2488
2489
2355
2364
2373
2382
2391
2400
2409
2585
2594
2603
2611
2612
2613
2614
1152
1154
1162
1163
1164
1166
1175
3635
3636
3637
3638
3639
3640
3641
4139
4140
4141
4142
4143
4144
4145
2653
2661
2662
2663
2664
2665
2666
2676
2677
2678
2679
2680
2681
2682
750
759
768
777
786
795
804
1465
1474
1483
1492
1501
1510
1519
3422
3423
3424
3425
3426
3427
3428
3432
3433
3434
3435
3436
3437
3438
3442
3443
3444
3445
3446
3447
3448
3473
3474
3475
3476
3477
3478
3479
2739
2740
2741
2742
2743
2744
2745
3452
3453
3454
3455
3456
3457
3458
1751
1752
1753
1754
1755
1756
1757
1484
1485
1486
1487
1488
1489
1490
1520
1521
1522
1523
1524
1525
1526
74
75
76
77
78
79
80
2766
2767
2769
2777
2778
2779
2781
2862
2863
2864
2865
2866
2867
2868
582
583
584
585
586
588
597
1245
1246
1247
1249
1258
1266
1267
2667
2668
2669
2670
2671
2672
2673
2281
2282
2283
2284
2285
2286
2287
2123
2124
2125
2126
2127
2128
2129
2595
2596
2597
2598
2599
2600
2601
1250
1251
1252
1253
1254
1255
1256
3492
3493
3494
3495
3496
3497
3498
664
665
666
667
668
669
670
2654
2655
2656
2657
2658
2659
2660
425
426
427
428
430
438
439
901
902
903
904
905
906
907
2132
2133
2134
2135
2136
2137
2138
823
824
825
826
827
828
829
859
860
861
862
863
864
865
1414
1416
1425
1433
1435
1444
1453
1677
1686
1695
1704
1713
1722
1731
1770
1771
1772
1773
1774
1775
1776
472
473
474
475
476
477
478
877
878
879
880
881
882
883
1339
1341
1350
1358
1359
1361
1370
1830
1831
1832
1833
1834
1835
1836
3617
3618
3619
3620
3621
3622
3623
4184
4185
4186
4187
4188
4189
4190
4202
4203
4204
4205
4206
4207
4208
2301
2302
2303
2304
2305
2306
2307
2002
2003
2004
2005
2006
2007
2008
2712
2713
2714
2715
2716
2717
2718
2998
2999
3000
3001
3002
3003
3004
4175
4176
4177
4178
4179
4180
4181
4580
4581
4582
4583
4584
4585
4586
889
890
891
892
893
894
895
2917
2918
2919
2920
2921
2922
2923
841
842
843
844
845
846
847
126
127
128
129
130
132
140
273
274
275
276
277
278
279
332
334
342
344
352
353
354
3608
3609
3610
3611
3612
3613
3614
3662
3663
3664
3665
3666
3667
3668
4193
4194
4195
4196
4197
4198
4199
494
495
496
497
498
499
500
832
833
834
835
836
837
838
868
869
870
871
872
873
874
375
376
377
378
379
380
381
1475
1476
1477
1478
1479
1480
1481
108
109
110
111
112
113
114
398
399
400
401
402
403
404
1312
1313
1314
1315
1316
1317
1318
1330
1331
1332
1333
1334
1335
1336
13
14
15
16
17
18
19
117
118
119
120
121
122
123
1278
1286
1287
1288
1289
1290
1291
1389
1390
1392
1400
1401
1402
1404
2193
2194
2195
2196
2197
2198
2199
2730
2731
2732
2733
2734
2735
2736
4589
4590
4591
4592
4593
4594
4595
4598
4599
4600
4601
4602
4603
4604
2015
2016
2017
2018
2019
2020
2021
1454
1455
1456
1457
1458
1459
1460
1294
1295
1296
1297
1298
1299
1300
4607
4608
4609
4610
4611
4612
4613
4616
4617
4618
4619
4620
4621
4622
444
445
446
447
448
449
450
454
455
456
457
458
459
460
482
483
484
485
486
487
488
1196
1197
1198
1199
1200
1201
1202
1259
1260
1261
1262
1263
1264
1265
2159
2160
2161
2162
2163
2164
2165
1187
1188
1189
1190
1191
1192
1193
1205
1206
1207
1208
1209
1210
1211
1221
1222
1223
1224
1225
1226
1227
1279
1280
1281
1282
1283
1284
1285
1974
1975
1976
1977
1978
1979
1980
2694
2695
2696
2697
2698
2699
2700
610
611
612
613
614
615
616
646
647
648
649
650
651
652
694
695
696
697
698
699
700
2184
2185
2186
2187
2188
2189
2190
2172
2173
2174
2175
2176
2177
2178
704
705
706
707
708
709
710
1445
1446
1447
1448
1449
1450
1451
3132
3133
3134
3135
3136
3137
3138
1436
1437
1438
1439
1440
1441
1442
1612
1620
1622
1631
1640
1649
1658
1788
1789
1790
1791
1792
1793
1794
2721
2722
2723
2724
2725
2726
2727
4688
4689
4690
4691
4692
4693
4694
4697
4698
4699
4700
4701
4702
4703
2114
2115
2116
2117
2118
2119
2120
2152
2153
2154
2155
2156
2157
2158
655
656
657
658
659
660
661
1511
1512
1513
1514
1515
1516
1517
416
417
418
419
420
421
422
671
672
673
674
675
676
677
911
912
913
914
915
916
917
3860
3861
3862
3863
3864
3865
3866
3869
3870
3871
3872
3873
3874
3875
619
620
621
622
623
624
625
628
629
630
631
632
633
634
637
638
639
640
641
642
643
1678
1679
1680
1681
1682
1683
1684
1714
1715
1716
1717
1718
1719
1720
2142
2143
2144
2145
2146
2147
2148
2066
2067
2068
2069
2070
2071
2072
284
292
294
302
304
312
314
2027
2028
2029
2030
2031
2032
2033
3878
3879
3880
3881
3882
3883
3884
3887
3888
3889
3890
3891
3892
3893
2530
2531
2532
2533
2534
2535
2536
2757
2758
2759
2760
2761
2762
2763
3842
3843
3844
3845
3846
3847
3848
2325
2326
2327
2328
2329
2330
2331
503
504
505
506
507
508
509
548
549
550
551
552
553
554
2604
2605
2606
2607
2608
2609
2610
1167
1168
1169
1170
1171
1172
1173
555
556
557
558
559
560
561
920
921
922
923
924
925
926
3833
3834
3835
3836
3837
3838
3839
3851
3852
3853
3854
3855
3856
3857
512
513
514
515
516
517
518
1176
1177
1178
1179
1180
1181
1182
285
286
287
288
289
290
291
1994
1995
1996
1997
1998
1999
2000
1926
1927
1928
1929
1930
1931
1932
1984
1985
1986
1987
1988
1989
1990
977
978
979
980
981
982
983
1687
1688
1689
1690
1691
1692
1693
1723
1724
1725
1726
1727
1728
1729
2260
2261
2262
2263
2264
2265
2266
3159
3161
3170
3178
3179
3180
3181
4085
4086
4087
4088
4089
4090
4091
4094
4095
4096
4097
4098
4099
4100
1886
1887
1888
1889
1890
1891
1892
1780
1781
1782
1783
1784
1785
1786
959
960
961
962
963
964
965
2075
2076
2077
2078
2079
2080
2081
2223
2224
2225
2226
2227
2228
2229
1011
1012
1013
1014
1015
1016
1017
1961
1962
1963
1964
1965
1966
1967
4112
4113
4114
4115
4116
4117
4118
1868
1869
1870
1871
1872
1873
1874
1935
1936
1937
1938
1939
1940
1941
1557
1558
1559
1560
1561
1562
1563
2241
2242
2243
2244
2245
2246
2247
1601
1602
1603
1604
1605
1606
1607
4103
4104
4105
4106
4107
4108
4109
1877
1878
1879
1880
1881
1882
1883
2794
2795
2796
2797
2798
2799
2800
387
388
389
390
391
392
393
257
258
259
260
261
262
263
1585
1586
1587
1588
1589
1590
1591
2232
2233
2234
2235
2236
2237
2238
760
761
762
763
764
765
766
796
797
798
799
800
801
802
2906
2907
2908
2909
2910
2911
2912
1916
1917
1918
1919
1920
1921
1922
1944
1945
1946
1947
1948
1949
1950
1954
1955
1956
1957
1958
1959
1960
2853
2854
2855
2856
2857
2858
2859
1760
1761
1762
1763
1764
1765
1766
221
222
223
224
225
226
227
239
240
241
242
243
244
245
248
249
250
251
252
253
254
1732
1733
1734
1735
1736
1737
1738
3081
3082
3083
3084
3085
3086
3087
1859
1860
1861
1862
1863
1864
1865
1895
1896
1897
1898
1899
1900
1901
2804
2805
2806
2807
2808
2809
2810
2814
2815
2816
2817
2818
2819
2820
2823
2824
2825
2826
2827
2828
2829
1539
1540
1541
1542
1543
1544
1545
2770
2771
2772
2773
2774
2775
2776
2782
2783
2784
2785
2786
2787
2788
1696
1697
1698
1699
1700
1701
1702
2890
2891
2892
2893
2894
2895
2896
2929
2930
2931
2932
2933
2934
2935
3114
3115
3116
3117
3118
3119
3120
230
231
232
233
234
235
236
1567
1568
1569
1570
1571
1572
1573
2084
2085
2086
2087
2088
2089
2090
3055
3056
3057
3058
3059
3060
3061
2102
2103
2104
2105
2106
2107
2108
2880
2881
2882
2883
2884
2885
2886
2057
2058
2059
2060
2061
2062
2063
3037
3038
3039
3040
3041
3042
3043
3046
3047
3048
3049
3050
3051
3052
3073
3074
3075
3076
3077
3078
3079
787
788
789
790
791
792
793
589
590
591
592
593
594
595
751
752
753
754
755
756
757
778
779
780
781
782
783
784
598
599
600
601
602
603
604
812
813
814
815
816
817
818
1739
1740
1741
1742
1743
1744
1745
2490
2491
2492
2493
2494
2495
2496
2272
2273
2274
2275
2276
2277
2278
1800
1801
1802
1803
1804
1805
1806
4247
4248
4249
4250
4251
4252
4253
1050
1051
1052
1053
1054
1055
1056
183
184
185
186
187
188
189
805
806
807
808
809
810
811
1426
1427
1428
1429
1430
1431
1432
1084
1085
1086
1087
1088
1089
1090
4418
4419
4420
4421
4422
4423
4424
4454
4455
4456
4457
4458
4459
4460
1068
1069
1070
1071
1072
1073
1074
192
193
194
195
196
197
198
2253
2254
2255
2256
2257
2258
2259
2356
2357
2358
2359
2360
2361
2362
1268
1269
1270
1271
1272
1273
1274
2417
2418
2419
2420
2421
2422
2423
4625
4626
4627
4628
4629
4630
4631
1032
1033
1034
1035
1036
1037
1038
2502
2503
2504
2505
2506
2507
2508
2964
2965
2966
2967
2968
2969
2970
2973
2974
2975
2976
2977
2978
2979
950
951
952
953
954
955
956
968
969
970
971
972
973
974
986
987
988
989
990
991
992
1004
1005
1006
1007
1008
1009
1010
156
157
158
159
160
161
162
1155
1156
1157
1158
1159
1160
1161
769
770
771
772
773
774
775
199
200
201
202
203
204
205
3263
3272
3281
3290
3299
3307
3309
4004
4005
4006
4007
4008
4009
4010
4211
4212
4213
4214
4215
4216
4217
4868
4869
4870
4871
4872
4873
4874
2438
2439
2440
2441
2442
2443
2444
2456
2457
2458
2459
2460
2461
2462
463
464
465
466
467
468
469
850
851
852
853
854
855
856
146
147
148
149
150
151
152
174
175
176
177
178
179
180
2374
2375
2376
2377
2378
2379
2380
2392
2393
2394
2395
2396
2397
2398
2410
2411
2412
2413
2414
2415
2416
431
432
433
434
435
436
437
1417
1418
1419
1420
1421
1422
1423
1705
1706
1707
1708
1709
1710
1711
133
134
135
136
137
138
139
345
346
347
348
349
350
351
1821
1822
1823
1824
1825
1826
1827
3342
3343
3344
3345
3346
3347
3348
2474
2475
2476
2477
2478
2479
2480
995
996
997
998
999
1000
1001
165
166
167
168
169
170
171
2365
2366
2367
2368
2369
2370
2371
1466
1467
1468
1469
1470
1471
1472
1393
1394
1395
1396
1397
1398
1399
1405
1406
1407
1408
1409
1410
1411
1613
1614
1615
1616
1617
1618
1619
1641
1642
1643
1644
1645
1646
1647
305
306
307
308
309
310
311
3264
3265
3266
3267
3268
3269
3270
322
323
324
325
326
327
328
1527
1528
1529
1530
1531
1532
1533
1666
1667
1668
1669
1670
1671
1672
3317
3318
3319
3320
3321
3322
3323
3389
3397
3398
3399
3401
3409
3410
3572
3573
3574
3575
3576
3577
3578
4661
4662
4663
4664
4665
4666
4667
4994
4995
4996
4997
4998
4999
5000
3330
3331
3332
3333
3334
3335
3336
2292
2293
2294
2295
2296
2297
2298
1850
1851
1852
1853
1854
1855
1856
1812
1813
1814
1815
1816
1817
1818
1576
1577
1578
1579
1580
1581
1582
2383
2384
2385
2386
2387
2388
2389
2401
2402
2403
2404
2405
2406
2407
1502
1503
1504
1505
1506
1507
1508
1351
1352
1353
1354
1355
1356
1357
1632
1633
1634
1635
1636
1637
1638
1650
1651
1652
1653
1654
1655
1656
1659
1660
1661
1662
1663
1664
1665
295
296
297
298
299
300
301
3171
3172
3173
3174
3175
3176
3177
3273
3274
3275
3276
3277
3278
3279
3282
3283
3284
3285
3286
3287
3288
3291
3292
3293
3294
3295
3296
3297
3300
3301
3302
3303
3304
3305
3306
3310
3311
3312
3313
3314
3315
3316
2
3
4
5
6
7
8
355
356
357
358
359
360
361
1592
1593
1594
1595
1596
1597
1598
2615
2616
2617
2618
2619
2620
2621
2703
2704
2705
2706
2707
2708
2709
3411
3412
3413
3414
3415
3416
3417
3743
3744
3745
3746
3747
3748
3749
3123
3124
3125
3126
3127
3128
3129
26
27
28
29
30
31
32
35
36
37
38
39
40
41
1548
1549
1550
1551
1552
1553
1554
2586
2587
2588
2589
2590
2591
2592
1493
1494
1495
1496
1497
1498
1499
1342
1343
1344
1345
1346
1347
1348
1362
1363
1364
1365
1366
1367
1368
1371
1372
1373
1374
1375
1376
1377
335
336
337
338
339
340
341
1623
1624
1625
1626
1627
1628
1629
315
316
317
318
319
320
321
3162
3163
3164
3165
3166
3167
3168
3390
3391
3392
3393
3394
3395
3396
3402
3403
3404
3405
3406
3407
3408
)


// ************************************************************************* //
