/*--------------------------------*- C++ -*----------------------------------*\
| =========                 |                                                 |
| \\      /  F ield         | OpenFOAM: The Open Source CFD Toolbox           |
|  \\    /   O peration     | Version:  5.0                                   |
|   \\  /    A nd           | Web:      www.OpenFOAM.org                      |
|    \\/     M anipulation  |                                                 |
\*---------------------------------------------------------------------------*/
FoamFile
{
    version     2.0;
    format      ascii;
    class       volScalarField;
    location    "1";
    object      p;
}
// * * * * * * * * * * * * * * * * * * * * * * * * * * * * * * * * * * * * * //

dimensions      [1 -1 -2 0 0 0 0];

internalField   nonuniform List<scalar> 
9914
(
101.31
102.479
106.028
115.769
104.261
100.241
97.5095
93.7972
91.1973
88.5973
86.034
83.4916
80.9715
78.4927
76.0333
73.6011
71.1859
68.8018
66.4453
64.1136
61.7879
59.4807
57.2026
54.9198
52.661
50.4214
48.1856
45.9459
43.7255
41.5328
39.3354
37.1619
35.0164
32.8645
30.7029
28.5743
26.4976
24.4575
22.4256
20.386
18.3747
16.4078
14.4424
12.4512
10.4875
8.57155
6.65852
4.73748
2.83791
0.94871
108.199
111.971
102.011
112.222
96.3982
114.737
97.4946
94.0148
91.3719
88.7135
86.1144
83.5418
81.0248
78.5248
76.0471
73.6169
71.1901
68.8178
66.4643
64.1178
61.7934
59.4849
57.1961
54.9232
52.6512
50.4034
48.1712
45.9477
43.7364
41.5363
39.3496
37.175
35.0135
32.8552
30.7045
28.5801
26.4937
24.4413
22.4058
20.3843
18.3807
16.413
14.4517
12.4706
10.4948
8.56187
6.64451
4.73404
2.83825
0.948248
109.649
99.911
119.423
123.075
104.519
104.305
99.3182
94.2966
91.5437
88.7868
86.1632
83.5572
81.0198
78.5295
76.0567
73.6098
71.2111
68.8545
66.4985
64.1222
61.7977
59.4896
57.1927
54.9163
52.6536
50.3993
48.1626
45.9534
43.744
41.5369
39.3541
37.1742
34.9936
32.8435
30.7151
28.5954
26.4936
24.4319
22.4029
20.3861
18.389
16.4078
14.4349
12.4712
10.507
8.55933
6.63932
4.73531
2.84074
0.9479
116.809
118.371
103.773
90.7059
110.073
100.677
100.184
94.1843
91.4154
88.7492
86.1326
83.5663
81.0135
78.5169
76.0552
73.6144
71.2091
68.8406
66.4708
64.1246
61.8089
59.4895
57.1947
54.9186
52.665
50.4099
48.1619
45.9601
43.7397
41.5277
39.3547
37.1695
34.9882
32.8386
30.7227
28.6122
26.4998
24.4279
22.4039
20.3938
18.3919
16.3968
14.4179
12.4591
10.5115
8.56102
6.63917
4.74229
2.84731
0.943762
95.4053
103.62
99.1816
100.086
102.279
100.043
99.8036
94.564
91.0418
88.5895
86.0306
83.4932
80.9849
78.4963
76.0513
73.6156
71.2184
68.8308
66.4488
64.1237
61.8104
59.4885
57.2002
54.9233
52.6741
50.4251
48.1721
45.955
43.7268
41.5201
39.3488
37.1613
34.9852
32.837
30.7215
28.6207
26.5098
24.4326
22.4068
20.3998
18.3909
16.3819
14.3968
12.4479
10.5084
8.56227
6.64689
4.75654
2.8553
0.941543
92.5807
83.627
109.942
101.626
104.231
99.6165
99.026
94.155
90.8249
88.4572
85.9433
83.4378
80.9505
78.4815
76.052
73.6209
71.2243
68.8318
66.4442
64.1146
61.805
59.484
57.1997
54.9324
52.6789
50.4385
48.1824
45.9493
43.7202
41.5132
39.3427
37.1554
34.9777
32.8388
30.7273
28.6225
26.5191
24.4422
22.4103
20.4014
18.3856
16.3701
14.384
12.4383
10.5033
8.56686
6.6633
4.78121
2.86523
0.944513
97.6248
93.0207
105.047
98.2346
95.2907
98.3068
98.5887
93.3237
90.8309
88.3623
85.8996
83.4088
80.9475
78.4814
76.0394
73.6138
71.2205
68.8403
66.4461
64.1056
61.7957
59.4837
57.1972
54.9404
52.6844
50.4364
48.1883
45.9467
43.7211
41.5222
39.3375
37.1423
34.9704
32.8446
30.7284
28.6164
26.5245
24.4563
22.4119
20.3934
18.3784
16.3614
14.38
12.4361
10.4994
8.56862
6.66959
4.78133
2.87123
0.95312
93.2927
143.186
107.519
99.6404
99.6057
98.1831
97.4694
93.2185
90.824
88.3481
85.8779
83.3937
80.9368
78.4729
76.0126
73.6132
71.2111
68.8278
66.4641
64.0973
61.7845
59.4786
57.1953
54.9408
52.6814
50.4406
48.1897
45.9423
43.7323
41.5283
39.3325
37.139
34.9742
32.8512
30.7266
28.6047
26.5245
24.4663
22.4176
20.3875
18.3742
16.3745
14.3935
12.4407
10.4979
8.57073
6.66806
4.77007
2.86887
0.958089
91.3788
96.0579
96.0523
122.778
94.9261
101.946
96.9087
93.2579
90.8579
88.3891
85.9063
83.418
80.9415
78.4727
76.0249
73.6121
71.1859
68.8062
66.4473
64.103
61.776
59.471
57.2006
54.9377
52.6902
50.4417
48.1874
45.9423
43.7255
41.5267
39.3211
37.1402
34.9937
32.8568
30.72
28.5965
26.5201
24.4715
22.4223
20.3864
18.3725
16.3818
14.4087
12.4407
10.4941
8.5719
6.66065
4.75903
2.85838
0.958995
99.2669
99.3915
101.063
95.987
102.733
100.205
96.8701
93.5404
91.0235
88.4799
85.9633
83.4425
80.9369
78.4812
76.0278
73.5974
71.1853
68.8079
66.4452
64.1071
61.777
59.4722
57.2028
54.9258
52.6749
50.4355
48.1866
45.9438
43.7235
41.5285
39.3244
37.1464
35.009
32.8633
30.7087
28.5811
26.5076
24.4666
22.4252
20.3853
18.3733
16.3979
14.4245
12.4429
10.487
8.57481
6.66352
4.7474
2.84308
0.948773
100.791
102.278
105.363
101.477
104.487
100.291
97.5111
93.7978
91.1972
88.5973
86.0341
83.4917
80.9713
78.4927
76.0332
73.6009
71.1859
68.8019
66.4453
64.1135
61.7878
59.4807
57.2025
54.9196
52.661
50.4215
48.1856
45.9459
43.7254
41.5328
39.3354
37.1618
35.0164
32.8644
30.7029
28.5742
26.4976
24.4575
22.4256
20.3859
18.3746
16.4079
14.4426
12.4513
10.4875
8.57156
6.65844
4.73724
2.83787
0.948777
104.569
110.448
101.98
102.114
93.3841
105.712
97.4757
94.0152
91.3718
88.7135
86.1144
83.5417
81.0248
78.5248
76.0471
73.6168
71.1901
68.8179
66.4642
64.1176
61.7935
59.4849
57.1959
54.9231
52.6512
50.4034
48.1711
45.9477
43.7363
41.5363
39.3501
37.1751
35.0135
32.8552
30.7045
28.58
26.4936
24.4413
22.4057
20.3842
18.3807
16.4131
14.4516
12.4703
10.4948
8.56188
6.64441
4.73416
2.83828
0.9482
110.597
100.284
102.85
111.189
104.501
103.541
99.2794
94.2976
91.5438
88.7868
86.1631
83.5572
81.0198
78.5295
76.0566
73.6097
71.2111
68.8543
66.4986
64.1221
61.7975
59.4895
57.1926
54.9162
52.6536
50.3992
48.1626
45.9534
43.744
41.5369
39.3537
37.174
34.9936
32.8435
30.7152
28.5954
26.4934
24.4319
22.4029
20.3861
18.3891
16.4078
14.4349
12.471
10.507
8.5593
6.63919
4.73537
2.84076
0.947899
181.745
100.908
106.19
98.5771
119.425
100.93
100.041
94.1852
91.4154
88.7489
86.1325
83.5663
81.0134
78.5169
76.0551
73.6144
71.2091
68.8405
66.4708
64.1245
61.809
59.4895
57.1948
54.9187
52.6648
50.4097
48.1621
45.9602
43.7397
41.5275
39.3545
37.1695
34.9882
32.8386
30.7227
28.6121
26.4996
24.428
22.4039
20.3938
18.3919
16.3967
14.4179
12.4593
10.5116
8.56104
6.63907
4.74225
2.8473
0.943608
94.6696
100.403
98.8541
100.42
98.8297
99.8876
99.843
94.563
91.0421
88.5895
86.0307
83.4931
80.9848
78.4962
76.0513
73.6157
71.2183
68.8308
66.4485
64.1238
61.8104
59.4885
57.2001
54.9234
52.6739
50.4251
48.1722
45.955
43.7266
41.5199
39.3488
37.1613
34.9852
32.837
30.7215
28.6207
26.5098
24.4325
22.4069
20.4002
18.3908
16.3815
14.3968
12.4479
10.5084
8.56225
6.64682
4.75646
2.85524
0.941596
97.3059
121.341
104.142
97.7929
100.076
98.7873
99.0172
94.1535
90.8251
88.4572
85.9432
83.4378
80.9507
78.4814
76.052
73.6208
71.2243
68.8319
66.4441
64.1146
61.8053
59.4835
57.1996
54.9322
52.679
50.4386
48.1823
45.9493
43.7202
41.5134
39.3428
37.1549
34.9775
32.8389
30.7273
28.6224
26.5191
24.4422
22.4103
20.4014
18.3855
16.3696
14.384
12.4383
10.5032
8.56685
6.66328
4.78124
2.86492
0.944488
101.833
82.7166
103.807
97.9188
94.3673
97.9983
98.7321
93.3235
90.8309
88.3623
85.8996
83.4088
80.9474
78.4813
76.0393
73.6137
71.2205
68.8401
66.446
64.1056
61.7956
59.4837
57.1972
54.9404
52.6843
50.4363
48.1882
45.9467
43.7212
41.5222
39.3376
37.1422
34.9703
32.8446
30.7284
28.6163
26.5244
24.4562
22.4119
20.3935
18.3784
16.3613
14.38
12.4361
10.4993
8.5686
6.6699
4.78138
2.8712
0.953313
94.4477
93.4068
138.335
94.4866
98.142
97.9177
97.3354
93.2191
90.824
88.3481
85.8779
83.3937
80.9368
78.4729
76.0125
73.6131
71.2113
68.8276
66.4643
64.0973
61.7845
59.4787
57.1954
54.9408
52.6812
50.4408
48.19
45.9422
43.7322
41.5283
39.3324
37.1389
34.9743
32.8512
30.7266
28.6047
26.5245
24.4662
22.4176
20.3875
18.3741
16.3746
14.3934
12.4407
10.4978
8.57071
6.66805
4.77005
2.86885
0.958283
91.3126
94.8707
99.7268
100.735
93.6089
105.861
96.9083
93.2584
90.858
88.389
85.9063
83.418
80.9415
78.4727
76.0249
73.6123
71.186
68.8061
66.4474
64.1032
61.776
59.4711
57.2007
54.9376
52.6902
50.4417
48.1872
45.9424
43.7256
41.5269
39.3212
37.1401
34.9941
32.8568
30.7199
28.5965
26.52
24.4714
22.4222
20.3864
18.3726
16.3818
14.4087
12.4406
10.494
8.57185
6.66059
4.75901
2.85845
0.958995
95.4308
96.7215
109.793
92.6896
106.643
100.249
96.871
93.5409
91.0234
88.4799
85.9636
83.4421
80.9367
78.4813
76.0278
73.5976
71.1853
68.8078
66.4453
64.1071
61.777
59.4722
57.2028
54.9258
52.6749
50.4354
48.1865
45.9438
43.7235
41.5285
39.3243
37.1464
35.0092
32.8632
30.7082
28.5812
26.5076
24.4666
22.4252
20.3853
18.3733
16.3978
14.4245
12.4428
10.487
8.57483
6.66338
4.74738
2.84314
0.948762
100.941
103.117
105.559
101.479
104.146
100.255
97.5103
93.7975
91.1972
88.5972
86.0341
83.4916
80.9711
78.4929
76.0332
73.6006
71.1858
68.802
66.4454
64.1133
61.7878
59.4807
57.2024
54.9194
52.6609
50.4214
48.1854
45.9458
43.7251
41.5327
39.3354
37.1619
35.0164
32.8642
30.7028
28.5741
26.4975
24.4575
22.4256
20.3858
18.3744
16.4079
14.4426
12.4514
10.4875
8.57151
6.65829
4.73715
2.83776
0.948731
104.547
108.44
105.834
105.838
120.1
107.665
97.4963
94.0143
91.3718
88.7133
86.1143
83.5417
81.0247
78.5247
76.047
73.6167
71.19
68.8179
66.4641
64.1175
61.7935
59.4849
57.1957
54.9229
52.6514
50.4034
48.171
45.9477
43.7364
41.5363
39.3502
37.1751
35.0134
32.8552
30.7044
28.5799
26.4935
24.4418
22.4055
20.3841
18.3808
16.4131
14.4515
12.4699
10.4949
8.56194
6.64433
4.73409
2.83822
0.948003
97.6143
103.366
120.141
112.904
116.507
104.088
99.2717
94.2975
91.5444
88.7867
86.1628
83.5571
81.0197
78.5294
76.0566
73.6096
71.211
68.8541
66.4986
64.122
61.7973
59.4895
57.1924
54.9168
52.6536
50.399
48.1626
45.9534
43.744
41.537
39.3536
37.1737
34.9937
32.8436
30.7152
28.5954
26.4932
24.4319
22.4028
20.386
18.3894
16.4079
14.4345
12.4708
10.507
8.55922
6.63901
4.73536
2.84072
0.947598
97.4822
94.2868
117.943
116.119
126.651
101.337
100.037
94.1858
91.4153
88.7486
86.1325
83.5662
81.0134
78.5168
76.0551
73.6143
71.209
68.8402
66.4707
64.1243
61.8089
59.4894
57.1949
54.9187
52.6646
50.4095
48.1621
45.9601
43.7397
41.5274
39.3544
37.1695
34.9881
32.8385
30.7227
28.612
26.4995
24.4279
22.4039
20.3938
18.3919
16.3966
14.4176
12.4594
10.5117
8.56078
6.63897
4.74216
2.84716
0.94327
93.677
101.006
97.9491
101.036
100.025
101.5
99.8469
94.5634
91.0412
88.5898
86.0306
83.4925
80.9846
78.4962
76.0514
73.6157
71.2183
68.8307
66.4483
64.1238
61.8105
59.4884
57.2001
54.9234
52.6736
50.4251
48.1723
45.9549
43.7265
41.5198
39.3493
37.1613
34.9847
32.8369
30.7215
28.6206
26.5098
24.4325
22.4068
20.4003
18.3906
16.3811
14.3969
12.4478
10.5083
8.56218
6.64697
4.75634
2.85515
0.941485
94.4094
103.477
100.722
98.2399
106.589
99.5916
99.0072
94.1542
90.8244
88.4573
85.943
83.4377
80.9507
78.4814
76.052
73.6208
71.2242
68.8319
66.444
64.1145
61.8052
59.483
57.1995
54.932
52.679
50.4385
48.1823
45.9493
43.7202
41.5138
39.3428
37.1547
34.9773
32.8397
30.7272
28.6223
26.519
24.4422
22.4102
20.4015
18.3854
16.3692
14.384
12.4383
10.503
8.56677
6.66329
4.78122
2.86444
0.94445
114.52
97.6965
102.504
97.6108
94.4406
97.8465
98.6585
93.3224
90.8309
88.3622
85.8995
83.4087
80.9474
78.4812
76.0393
73.6137
71.2204
68.8399
66.4458
64.1056
61.7955
59.4836
57.1971
54.9403
52.6841
50.4363
48.1881
45.9467
43.7215
41.5222
39.3374
37.142
34.9702
32.8445
30.7284
28.6162
26.5244
24.4562
22.4118
20.3935
18.3783
16.3611
14.38
12.4361
10.4991
8.56853
6.66994
4.78124
2.87111
0.953266
93.2398
89.4551
108.312
95.3403
95.9251
98.1673
97.4431
93.2187
90.8242
88.348
85.8778
83.3936
80.9367
78.4728
76.0125
73.6131
71.2116
68.8274
66.4646
64.0973
61.7844
59.4786
57.1954
54.9407
52.6811
50.4408
48.1899
45.9419
43.7319
41.5284
39.3323
37.1388
34.9742
32.8511
30.7264
28.6046
26.5244
24.4661
22.4176
20.3875
18.374
16.3745
14.3933
12.4406
10.4977
8.57064
6.668
4.77
2.86883
0.958314
91.4117
94.9435
98.6623
88.2833
90.9103
106.08
96.9127
93.2581
90.8581
88.3889
85.9062
83.4179
80.9414
78.4726
76.0248
73.6125
71.1859
68.8058
66.4473
64.1032
61.7759
59.471
57.2007
54.9376
52.6901
50.4416
48.1872
45.9425
43.7258
41.5269
39.321
37.1399
34.9942
32.8567
30.7198
28.5966
26.5199
24.4712
22.4221
20.3863
18.3726
16.3818
14.4086
12.4404
10.4939
8.57177
6.66048
4.75894
2.85859
0.958904
104.741
96.0053
107.323
109.642
104.137
100.333
96.8703
93.5407
91.0234
88.4796
85.9636
83.442
80.9365
78.4812
76.0278
73.5978
71.1852
68.8077
66.4453
64.107
61.7766
59.4721
57.2027
54.9257
52.675
50.4354
48.1863
45.9438
43.7235
41.5282
39.324
37.1463
35.0096
32.8631
30.7081
28.5812
26.5076
24.4665
22.4251
20.3852
18.3732
16.3977
14.4244
12.4426
10.4869
8.57478
6.6632
4.74725
2.84317
0.948696
98.7135
101.313
98.3825
100.253
98.7157
101.289
98.3832
99.0671
110.156
99.483
105.313
99.0939
104.694
99.2434
102.112
105.096
100.537
103.11
101.845
100.874
100.595
100.709
98.7944
99.854
101.076
100.737
98.3494
99.8518
99.7361
99.8641
98.8554
99.8245
99.7385
98.9074
98.8526
98.9979
98.9265
98.5394
98.6825
98.9916
98.6485
98.5445
98.3597
100.452
98.6305
98.0737
98.3693
99.5625
98.6347
98.5015
98.9065
97.8631
98.1688
98.5397
98.9226
97.7758
96.8622
101.277
97.0365
102.304
96.6863
101.815
97.0325
97.3363
100.121
98.1198
100.24
97.3367
100.304
98.1174
98.7127
101.317
98.3771
100.25
98.7252
101.344
98.3838
99.0947
104.144
99.3004
105.889
99.0556
105.224
99.2205
101.806
100.809
100.598
103.183
101.784
100.79
100.609
100.74
98.264
99.8424
101.046
100.742
102.492
99.8425
99.745
99.0373
98.8593
101.228
99.7575
100.458
98.8556
98.9991
98.661
98.5535
99.6771
98.9893
98.7963
98.5575
98.3816
99.5009
98.6375
97.8216
98.3851
99.1175
98.6403
98.5434
99.1956
97.7577
98.3041
98.5755
98.7751
97.7643
96.6972
103.209
97.0338
105.513
96.6436
100.381
97.0069
97.3313
100.215
98.1112
100.329
97.3204
100.3
98.1157
98.729
101.355
98.3851
100.209
98.7138
101.301
98.3846
99.0693
109.142
99.2645
105.1
99.0597
105.18
99.5946
101.811
100.718
100.603
108.399
102.047
105.416
100.532
100.739
100.802
99.8352
101.95
100.711
102.297
99.8247
99.7572
99.3201
98.8682
100.977
99.7456
99.5301
98.8648
99.0081
98.8462
98.5652
99.7297
99.0008
98.8206
98.5489
98.4083
98.3247
98.6369
97.9611
98.3962
98.8192
98.6299
98.5906
98.9489
97.7923
98.2463
98.5576
98.6757
97.8581
96.7061
100.805
97.0215
102.163
96.7424
100.24
97.0092
97.3231
99.768
98.1277
100.324
97.327
101.419
98.1278
100.692
97.7279
107.453
103.681
100.708
100.312
98.4513
100.162
100.698
101.049
100.247
101.048
100.174
100.651
95.8479
97.4185
95.929
97.5105
95.8559
97.4191
95.937
125.612
127.838
116.276
93.6757
125.512
109.686
113.143
103.609
102.076
105.453
107.067
102.197
99.1154
103.925
96.1058
98.524
96.5798
97.4833
96.1144
98.5071
96.5899
112.816
95.3974
106.813
103.163
110.404
99.9146
106.72
99.8853
103.933
119.224
103.708
104.012
119.189
100.023
96.86
99.7223
97.1097
99.2888
96.8714
99.5476
97.121
96.0275
96.4604
100.918
114.368
100.18
95.5041
101.405
101.087
100.976
101.245
100.921
100.89
100.551
101.233
96.8156
100.046
96.2621
100.039
96.8247
100.054
96.2677
101.416
94.0746
101.428
103.835
100.264
93.8621
96.7077
100.721
100.112
101.809
99.8791
100.205
102.46
101.827
96.0407
99.0396
95.6181
99.8373
96.0499
99.0155
95.6267
107.15
100.078
100.029
100.643
102.811
100.227
98.2236
98.6023
99.5356
99.6065
99.5657
99.3397
99.4674
98.6528
95.5815
98.5744
95.2159
98.9878
95.5887
98.5925
95.2272
97.5357
101.77
98.6534
95.264
96.2947
98.9027
99.094
98.0974
98.1953
97.5866
98.2673
98.1905
97.4707
98.188
95.2086
97.9674
95.1663
98.6525
95.2127
97.8576
95.1725
99.0707
97.2896
97.258
97.2757
98.2807
97.6339
95.9211
99.2944
97.513
97.0162
98.1607
97.5169
97.281
98.8571
95.228
96.5844
95.0139
97.3422
95.2362
96.5776
95.022
105.708
111.711
106.642
96.9032
108.32
110.546
108.705
97.6419
97.3246
103.516
103.05
97.3164
102.545
97.6676
95.0722
96.9852
94.974
96.8991
95.0802
96.9865
94.9817
98.7577
98.3631
100.662
104.597
100.567
96.3613
100.607
99.2597
98.6708
100.441
100.216
98.6641
100.457
99.2542
95.2446
97.3612
95.6187
96.8709
95.2521
97.3619
95.6262
100.713
134.9
98.4581
104.203
100.71
116.634
100.082
100.14
100.618
101.064
100.235
100.139
101.07
100.533
95.8551
97.4194
95.9363
97.511
95.855
97.4191
95.9361
124.391
109.776
112.62
93.1641
132.728
110.261
112.542
102.854
102.775
111.116
105.641
103.082
102.281
110.306
96.1132
98.5076
96.59
97.4836
96.1126
98.5084
96.5903
97.8621
100.83
104.325
110.11
101.677
100.913
102.901
99.1945
104.172
94.1756
103.735
99.4121
104.184
94.2635
96.8709
99.5241
97.1208
99.2666
96.8708
99.5114
97.121
101.557
96.0985
101.032
123.462
103.987
97.5487
103.14
100.722
100.959
102.511
101.616
100.768
100.938
102.792
96.8223
100.13
96.2632
100.04
96.8222
100.083
96.264
100.089
97.4687
103.19
99.0106
101.719
97.3161
99.4949
100.382
99.9075
101.139
104.654
100.713
99.912
100.93
96.0488
99.0337
95.6246
99.8568
96.0511
99.0256
95.6246
103.747
98.7464
98.1495
109.208
104.119
97.326
97.8705
98.525
99.386
99.6003
101.686
98.5558
99.4065
99.6183
95.5871
98.6087
95.2256
99.0004
95.5884
98.6145
95.2264
96.1801
98.8924
98.4985
95.2913
96.2478
99.3732
99.1917
98.0624
98.3517
97.5296
97.9002
98.1019
98.3278
97.5219
95.2102
97.8718
95.1692
98.6135
95.2087
97.88
95.1692
98.1176
95.5131
95.6478
96.2978
99.2902
96.2591
96.6735
99.8913
99.3508
103.043
99.2882
98.5394
99.1597
109.114
95.2348
96.5745
95.0205
97.3776
95.2342
96.5737
95.0202
104.87
112.16
93.034
90.4753
99.6112
89.5555
99.8939
97.576
97.2032
99.6964
105.86
97.6443
97.2022
97.4685
95.0798
96.9867
94.98
96.9218
95.0796
96.9844
94.9799
100.46
97.8435
100.598
105.349
101.084
106.148
100.764
99.231
98.7256
100.421
100.277
99.2384
98.7409
100.433
95.251
97.3627
95.6252
96.8706
95.2508
97.3625
95.6252
100.727
113.153
100.566
105.914
100.742
101.238
99.431
100.147
100.556
101.049
100.244
100.127
101.07
100.672
95.8556
97.4185
95.9367
97.5093
95.8474
97.4181
95.9285
132.024
111.832
110.471
119.005
154.606
123.928
111.122
104.412
102.195
111.834
107.897
104.495
102.32
113.452
96.1131
98.5178
96.5905
97.4985
96.1037
98.5332
96.5811
104.267
100.652
101.813
149.055
116.581
108.207
106.268
98.634
104.192
96.4321
104.753
98.7019
104.296
96.328
96.8713
99.5365
97.1214
99.2953
96.8601
99.6972
97.11
103.983
94.5605
99.5761
100.824
106.997
95.6135
93.9949
100.89
100.823
103.677
101.507
101.325
100.806
103.829
96.8247
100.124
96.2673
100.179
96.8158
100.074
96.262
97.2375
106.017
101.51
99.4441
96.7962
102.5
99.4469
99.816
99.9954
100.663
101.612
99.8103
99.9468
100.618
96.0528
99.028
95.6281
99.8002
96.041
99.0156
95.6189
101.453
96.942
101.004
100.141
102.944
96.7087
100.869
98.304
99.4074
99.2924
99.5981
98.4973
99.4136
100.315
95.5923
98.622
95.2287
99.0123
95.5847
98.5798
95.2166
96.0104
99.1392
99.3166
99.7338
105.604
99.1621
100.298
97.905
98.2949
98.5272
98.0723
98.8961
98.3005
97.9035
95.2125
97.8668
95.1726
98.5445
95.2077
97.9646
95.1667
99.8347
96.3032
96.2062
97.7042
100.784
101.697
102.354
97.9181
100.866
106.984
98.1969
101.223
100.904
96.1481
95.2352
96.5761
95.0213
97.5416
95.227
96.5827
95.0129
100.55
89.5924
100.297
91.1021
105.784
91.5618
106.801
96.9719
97.076
96.4316
105.657
96.6997
97.0625
96.8787
95.0798
96.9827
94.9817
96.9222
95.0718
96.9831
94.9741
100.945
106.877
100.859
108.662
100.772
105.176
100.694
99.2631
98.8038
100.363
100.334
99.2175
98.7641
100.374
95.2517
97.3616
95.6263
96.8698
95.2439
97.3608
95.6188
99.4218
99.7158
98.5529
98.7215
98.562
99.4227
99.7194
99.1863
100.619
99.4595
101.313
100.616
99.468
99.1721
99.4691
98.4658
98.7391
98.3911
98.4718
98.6755
99.5169
100.149
100.259
100.569
101.055
101.046
100.14
100.623
99.4232
98.7163
99.7075
98.5611
98.5594
99.4263
99.7242
99.2106
101.336
100.609
99.438
100.609
99.4542
99.1901
99.4554
98.3874
98.471
98.5332
98.4688
98.5945
99.462
100.111
100.688
98.3636
99.0864
101.255
98.4411
99.7226
103.105
101.653
101.419
104.764
97.848
101.209
103.227
99.9797
99.2284
101.57
99.365
99.1719
101.794
99.9647
102.41
108.529
102.409
115.643
102.615
98.4084
102.671
98.813
99.065
101.436
98.1456
101.723
98.3249
100.332
103.03
105.036
98.2398
101.747
97.6962
101.818
102.726
100.085
99.2399
99.2449
102.009
99.2177
102.131
100.131
101.407
103.641
98.6324
101.933
103.717
98.649
101.41
101.152
101.894
100.946
104.105
101.683
100.89
101.216
102.488
101.258
101.228
100.576
101.276
101.229
102.45
99.787
114.436
104.032
119.437
104.723
122.262
99.5248
101.366
101.882
103.697
98.6469
103.764
98.661
101.301
101.119
107.731
101.456
100.74
106.211
100.869
100.984
102.493
100.597
101.269
101.23
101.276
101.222
102.515
100.618
100.919
100.631
100.732
100.917
100.657
100.584
100.077
102.091
99.5715
98.5729
99.5469
99.3695
100.083
99.99
100.261
99.7601
99.8729
100.269
99.7897
99.9634
100.883
102.535
100.983
103.041
101.045
104.581
100.766
100.775
100.735
100.918
100.669
100.915
100.671
100.609
100.067
98.5063
99.7905
99.3235
99.6402
99.3572
99.9872
99.946
99.8712
100.269
99.6908
100.268
99.7929
99.9331
99.6508
99.715
99.634
99.7412
99.7353
99.6353
99.7457
100.057
102.102
98.7386
99.1323
102.23
98.7065
99.5187
99.5794
99.2301
98.9804
98.8533
99.2235
99.0243
99.1205
101.39
99.9099
99.9483
100.9
100.003
101.483
100.726
99.7039
99.7423
99.7045
99.6279
99.7332
99.6329
99.6885
99.6915
98.867
103.286
98.8189
102.184
98.7201
100.928
99.5284
98.8651
99.2291
98.991
99.2277
98.9935
99.4105
98.8204
99.2795
98.6073
98.9958
99.2226
98.6083
98.8801
98.5357
99.8443
98.715
99.3108
99.7011
98.607
98.8024
98.5156
98.6171
98.6389
98.5417
98.6161
98.6407
98.6118
98.596
99.1504
99.3813
99.5739
99.3583
99.5493
98.5728
98.8143
99.0015
99.1976
98.6057
99.2277
98.6284
98.808
98.6616
98.6941
99.5856
98.5225
99.5799
98.5996
98.5668
98.5145
98.5566
98.6098
98.6253
98.6115
98.6813
98.5157
98.3697
98.2767
98.3519
98.3562
98.283
98.3581
98.3511
98.3165
103.563
99.144
99.4446
101.258
98.764
98.5348
98.625
98.4995
98.9333
98.6467
98.52
98.8942
98.626
98.1123
98.1487
99.0848
97.6751
98.3198
97.4943
98.1099
98.336
98.3575
98.2717
98.3495
98.3285
98.3554
98.3402
98.4343
99.3109
101.076
98.7806
102.452
98.7719
98.8536
98.6629
98.6383
98.5143
98.8801
98.5271
99.0124
98.6154
98.7219
98.7564
98.4684
98.5276
98.7556
98.4867
98.7172
99.1643
99.4721
98.2345
98.8573
99.3962
98.3064
99.2171
99.1737
98.4256
98.614
97.8368
98.4466
98.6409
99.1666
98.5809
98.1601
97.2461
104.747
97.403
104.872
98.5909
98.7124
98.5385
98.7577
98.5247
98.7559
98.5003
98.7079
99.2191
98.8464
99.7192
98.4823
99.6731
98.2143
99.1986
99.1765
97.8049
98.4768
98.6486
98.4632
98.6545
99.168
97.7031
98.9165
96.2086
96.8263
98.901
96.1372
97.7322
96.79
101.506
97.8369
101.053
97.5612
97.4242
96.8042
99.5609
96.5289
98.542
97.0338
96.5429
98.5379
99.6618
97.619
102.879
97.2341
99.2751
97.2957
106.834
97.6433
97.6676
96.7838
98.9489
96.1041
98.9426
96.111
97.6034
96.7944
104.052
107.949
97.3254
109.036
97.2181
96.862
99.5825
97.0247
96.5666
98.3943
96.5583
98.5743
99.7524
98.62
98.8515
97.6636
97.3423
98.7861
97.6692
98.7021
100.856
100.652
100.132
100.16
100.678
100.91
99.9087
99.5194
98.4551
99.2454
98.127
98.4637
99.5169
99.2244
99.2582
100.245
98.6661
100.42
98.6452
100.442
99.248
98.6158
97.3391
98.736
97.6666
98.7625
97.6659
98.6015
100.798
100.259
100.688
99.764
100.688
100.747
99.8149
99.5229
98.1211
98.4634
99.2058
98.4613
99.5257
99.2061
99.4205
99.6844
98.5592
98.7155
99.4242
98.5598
99.6923
99.1675
100.628
99.4494
101.339
99.1683
100.651
99.4613
99.4919
98.4706
98.529
98.3767
99.4793
98.4709
98.5731
100.136
100.229
100.519
101.053
101.064
100.129
100.5
99.4202
98.7202
99.7465
98.5592
98.5599
99.424
99.7194
99.1715
101.333
100.655
99.4883
100.661
99.4756
99.2247
99.4908
98.3803
98.4668
98.6128
98.4686
98.6075
99.4914
100.892
101.045
98.0804
99.0432
100.698
101.01
98.0922
102.288
120.734
102.115
102.947
102.277
121.416
101.618
100.998
99.1607
101.86
99.3029
100.041
99.055
101.966
102.946
106.036
102.282
110.627
102.347
110.265
103.025
101.022
99.0355
101.005
98.2907
101.019
98.0963
99.8695
102.157
103.019
108.759
101.871
106.272
101.778
102.219
100.471
99.2801
99.2675
102.204
99.1604
102.152
100.333
101.243
103.672
98.6229
101.789
101.261
103.702
98.6016
100.833
102.038
100.629
100.743
100.897
100.76
100.628
102.621
101.26
101.241
100.61
102.56
101.278
101.25
99.0161
103.458
104.25
95.264
104.202
94.6237
98.8108
101.232
101.779
103.723
98.5945
103.718
98.5969
101.222
100.81
100.831
104.14
100.547
101.553
100.588
100.807
102.64
100.614
101.251
101.259
101.281
101.255
102.617
100.585
100.936
100.674
100.741
100.581
100.935
100.681
100.525
100.596
99.3017
106.588
100.256
100.588
99.4165
99.9301
100.271
99.6997
99.8483
99.9375
100.278
99.6943
100.714
100.884
100.881
103.557
100.915
103.31
100.748
100.578
100.741
100.942
100.641
100.96
100.665
100.567
100.625
101.745
99.8857
99.4105
100.302
99.4399
100.314
99.94
99.8567
100.266
99.7072
100.277
99.6998
99.9306
99.6861
99.7151
99.6244
99.7491
99.6941
99.6921
99.6233
100.184
102.297
98.8444
101.059
100.352
102.637
98.8472
99.5923
99.2321
99.0083
98.8526
99.5726
99.2311
98.9451
100.581
104.484
99.9887
101.258
99.9634
100.88
99.8714
99.6681
99.7556
99.7593
99.6203
99.7019
99.6212
99.6751
99.8612
102.694
102.411
98.883
102.505
98.8243
99.9442
99.5666
98.8541
99.2193
98.9357
99.2261
98.9587
99.0191
98.8008
99.1942
98.6061
98.9934
98.7946
99.1924
98.6017
98.7215
99.6086
98.7337
98.6621
98.713
99.7854
98.5902
98.9157
98.6073
98.6274
98.5534
98.9631
98.6106
98.5984
98.49
99.7202
99.4138
99.3032
99.4135
100.311
98.6633
98.768
98.9987
99.1774
98.6024
99.1886
98.6025
98.76
98.6954
98.7132
99.9799
98.6494
100.049
98.6002
101.369
98.6649
98.5543
98.6244
98.561
98.615
98.5797
98.7533
98.3512
98.3083
98.3494
98.3707
98.3425
98.3157
98.3574
98.3783
101.461
98.7939
99.6727
98.391
100.986
98.84
98.6071
98.51
98.8938
98.6395
98.6131
98.5176
98.8632
98.0774
97.8466
98.2802
98.6381
98.344
97.8358
98.4424
98.3495
98.3653
98.3038
98.3514
98.3046
98.36
98.3564
98.2599
101.503
104.347
98.9207
101.092
99.0371
98.2461
98.6018
98.6407
98.4839
98.8646
98.5095
98.8589
98.5927
98.6748
98.7616
98.5592
98.5606
98.6985
98.7711
98.5921
98.9976
98.8867
98.1301
98.9385
99.0251
98.4725
97.991
99.1628
98.468
98.644
97.7453
99.1611
98.4839
98.6693
99.7368
98.0585
100.932
99.5992
102.858
100.566
99.8087
98.6535
98.5815
98.7747
98.5572
98.7795
98.5855
98.6408
99.1018
98.825
120.532
98.0411
119.456
97.9724
98.2817
99.1626
97.7443
98.4843
98.6765
98.4919
98.6856
99.1645
97.2437
98.9945
96.1056
96.656
97.4594
99.0556
96.1787
96.9976
104.118
97.6824
100.582
96.9292
103.736
97.4882
99.9101
96.5511
98.2611
97.0149
99.8418
96.5349
98.235
97.5122
106.525
97.1058
96.2029
97.154
97.4749
97.3051
97.4157
96.6417
98.9566
96.3905
99.0204
96.3382
97.8093
97.0644
102.173
104.639
97.4538
103.521
97.5142
97.1529
99.9782
97.0014
96.4802
98.4553
96.5143
98.4598
100.018
98.6001
98.6994
97.6637
97.3254
98.6053
98.6943
97.664
100.727
100.689
99.8199
100.273
100.721
100.693
99.8816
99.5219
98.4618
99.2071
98.1096
99.5239
98.4626
99.2127
99.2508
100.323
98.7885
100.395
98.7514
100.437
99.2364
98.6076
97.3209
98.6776
97.6623
98.6991
97.6631
98.5829
100.732
100.108
100.708
99.8167
100.699
100.739
99.8219
99.5229
98.1103
98.4623
99.2157
98.4624
99.5272
99.2192
99.4246
99.7601
98.5608
98.7264
99.4264
98.5589
99.7431
99.2169
100.668
99.5253
101.36
99.2239
100.677
99.5548
99.4832
98.468
98.611
98.3826
99.481
98.4692
98.6377
100.166
100.271
100.715
101.072
101.08
100.172
100.746
99.4209
98.7266
99.712
98.552
98.5613
99.4207
99.7128
99.184
101.326
100.696
99.5489
100.689
99.5404
99.1436
99.4936
98.3873
98.4685
98.7368
98.4738
98.6639
99.5478
100.097
100.932
98.4788
99.0701
100.736
100.9
98.4447
102.165
107.045
101.897
108.109
102.246
106.59
101.858
100.467
99.3008
102.207
99.3839
100.387
99.2876
102.06
104.425
104.591
102.612
115.592
102.482
114.493
104.422
100.025
99.0672
100.989
98.2822
100.88
98.3331
100.066
102.182
106.197
107.566
101.969
106.077
101.873
102.141
100.584
99.4879
99.2432
102.085
99.2873
102.114
100.569
101.235
103.75
98.588
101.848
101.22
103.756
98.576
102.276
99.7957
100.484
100.637
100.703
104.277
100.354
102.649
101.248
101.263
100.598
102.61
101.268
101.27
98.6321
104.999
104.382
96.4577
104.051
96.1076
98.6985
101.239
101.919
103.607
98.55
103.693
98.5655
101.231
100.966
109.06
99.7409
100.412
100.737
100.309
101.079
102.646
100.574
101.246
101.277
101.266
101.275
102.6
100.787
100.949
100.632
100.733
100.8
100.95
100.645
102.371
119.545
99.4017
101.373
100.549
118.766
99.4283
99.9308
100.266
99.7234
99.8417
99.9297
100.277
99.7232
101.039
102.233
100.821
108.026
100.806
104.119
100.922
100.833
100.731
100.955
100.63
100.952
100.649
101.592
100.898
103.05
116.221
99.4662
117.616
99.4261
100.252
99.9877
99.8421
100.276
99.7706
100.284
99.7799
99.9892
99.6698
99.7418
99.6218
99.7527
99.6614
99.7456
99.624
100.29
102.464
98.967
99.4242
100.024
102.731
99.0809
99.0819
99.2111
98.9401
98.8591
99.1188
99.2055
98.9426
99.8527
101.117
100.016
101.856
99.9375
100.665
100.518
99.6976
99.7506
99.7485
99.6228
99.7455
99.6249
99.6542
100.417
99.3255
102.372
99.0838
102.492
99.0617
100.358
99.1281
98.8608
99.2052
98.98
99.2042
98.9743
99.1205
98.7472
99.1756
98.6246
98.9933
98.7514
99.1805
98.5996
100.066
99.7468
98.6705
98.8368
100.695
100.624
98.6704
98.8321
98.6422
98.5564
98.5511
98.8311
98.6438
98.5714
98.2366
99.7812
99.4424
103.197
99.429
100.063
98.2333
98.9165
98.9929
99.2108
98.6062
99.1906
98.6021
98.811
100.153
98.8262
100.66
98.7184
100.69
98.6819
100.094
98.8113
98.5509
98.6498
98.5223
98.649
98.5372
98.7625
98.4045
98.3266
98.3515
98.3811
98.4057
98.3286
98.3602
98.5808
95.9381
98.9342
98.8272
98.6043
95.7204
98.8913
98.5546
98.4725
98.8783
98.6381
98.5697
98.4833
98.8366
97.9317
97.9639
98.5252
97.8358
98.3191
98.1524
97.9101
98.4717
98.3903
98.3815
98.3692
98.3336
98.3703
98.4526
98.494
99.1028
96.6215
99.0814
96.9902
98.83
98.4868
98.5542
98.6454
98.4834
98.8484
98.4934
98.8445
98.5526
98.6195
98.7743
98.6082
98.5814
98.6345
98.7945
98.5368
99.2905
97.959
98.0239
98.4689
98.2666
114.986
97.9971
99.208
98.4693
98.6685
97.8131
99.1817
98.4588
98.6687
99.8161
98.2712
100.124
98.1753
99.8325
95.7372
98.9249
98.6113
98.5747
98.7907
98.5363
98.7803
98.5076
98.6093
99.1847
98.44
93.1168
98.0085
91.4007
97.9541
101.446
99.2328
97.8318
98.4794
98.6322
98.4706
98.6606
99.2349
97.9217
98.9176
96.2143
96.8502
97.6108
99.1697
96.1726
97.3347
103.699
97.3914
99.9455
97.2542
103.572
97.656
99.9825
96.4661
98.3334
97.033
100.01
96.4726
98.287
96.9515
108.093
96.3554
97.5095
96.4603
97.4615
96.9511
97.6838
96.5991
99.1136
96.4093
98.7782
96.2939
97.4931
97.3888
99.8527
103.579
97.9514
103.527
97.9386
97.4144
99.9401
97.0318
96.5088
98.3926
96.4903
98.3337
99.9049
98.566
98.6831
97.6641
97.3245
98.5514
98.723
97.6649
100.779
100.722
99.4634
99.7647
100.754
100.726
99.38
99.5262
98.4648
99.2222
98.1333
99.5284
98.4643
99.277
99.3244
100.333
98.7666
100.366
98.7507
100.382
99.301
98.5982
97.331
98.8206
97.664
98.7539
97.6694
98.6383
100.86
101.849
100.679
100.823
100.713
100.932
101.63
99.5252
98.1363
98.4587
99.247
98.4671
99.5214
99.3108
100.175
100.093
100.171
97.9366
98.1374
98.1529
97.9776
99.5721
99.8179
99.5865
98.2121
98.2188
98.127
98.2776
98.7806
98.9482
98.7278
97.724
98.2767
98.1206
97.8493
98.3878
98.5566
98.4139
96.447
97.0362
96.9504
96.5142
100.167
100.042
100.167
97.9132
98.1363
97.9151
98.1358
99.6205
99.8514
99.6239
98.1598
98.1167
98.1623
98.0983
98.7963
99.0104
98.7977
97.7723
98.2118
97.7781
98.1931
98.4131
98.5913
98.4213
96.4222
96.9695
96.4241
96.9159
100.175
100.043
100.171
97.9094
98.141
97.9112
98.1417
99.6181
99.8439
99.6087
98.1759
98.1003
98.173
98.1029
98.8176
98.9612
98.7457
97.6973
98.1965
97.8161
98.0831
98.3934
98.6234
98.3915
96.4241
96.9281
96.4344
96.9673
101.62
100.697
101.645
102.918
101.512
102.933
101.019
100.703
101.705
101.512
102.918
101.438
102.816
101.38
100.129
100.093
100.142
97.9277
98.0609
98.0187
97.9912
100.044
100.171
100.174
97.9136
98.1432
98.1459
97.9167
100.064
100.161
100.149
97.902
97.9701
97.9466
97.8949
99.2386
98.9695
99.2385
98.2083
98.1735
98.0322
98.2545
99.8399
99.614
99.6062
98.2
98.1315
98.13
98.1765
99.026
99.2254
99.2209
98.1646
98.0776
98.1057
98.1089
98.6999
98.5645
98.7106
97.5127
97.2214
97.1427
97.563
98.9933
98.7759
98.7935
97.8045
98.1788
98.1895
97.7673
98.5938
98.7252
98.7176
97.4899
97.137
97.1643
97.4922
98.2888
97.9149
98.2938
96.2911
96.2613
96.2795
96.3437
98.7542
98.4154
98.4208
96.4269
96.9303
97.0812
96.4272
97.8609
98.3203
98.3048
96.2697
96.2602
96.2714
96.2684
100.921
100.67
100.868
100.725
102.96
100.979
102.961
100.644
101.03
100.777
100.712
103.021
100.724
102.836
101.605
100.724
101.638
102.612
101.721
102.798
101.698
100.721
101.608
101.675
102.511
101.45
102.494
101.625
100.163
100.098
100.162
97.8904
98.0492
97.8861
97.9765
100.042
100.169
100.166
97.9114
98.1374
98.1364
97.91
100.136
100.149
100.153
97.8932
98.0015
97.9939
97.8908
99.2601
99.0338
99.2767
98.0678
98.0923
98.0803
98.0864
99.8574
99.6241
99.6258
98.1624
98.0887
98.0867
98.1622
99.0344
99.2774
99.2848
98.0666
98.0899
98.0931
98.0546
98.7357
98.6076
98.7375
97.4788
97.132
97.5
97.129
99.0138
98.7954
98.8025
97.7761
98.1927
98.2035
97.768
98.6055
98.7479
98.7538
97.463
97.1321
97.1299
97.4695
98.3272
97.8791
98.3271
96.2677
96.2507
96.265
96.2489
98.6805
98.4048
98.4183
96.4216
96.8828
97.0014
96.4261
97.8804
98.3261
98.3254
96.2682
96.2473
96.2475
96.2664
100.807
100.691
100.848
101.085
104.082
100.992
104.805
100.732
100.907
100.884
101.002
104.994
101.365
104.953
101.583
100.728
101.482
102.564
101.212
102.387
101.066
100.743
101.557
101.422
103
102.396
103.371
101.044
100.139
100.08
100.131
97.8975
98.0554
97.8976
97.9586
100.089
100.179
100.171
97.9309
98.1352
98.1495
97.9676
100.132
100.109
100.123
97.9245
98.0621
98.0379
97.9908
99.281
98.9749
99.2745
98.0762
98.1081
98.0575
98.0157
99.8331
99.5747
99.5995
98.2083
98.196
98.1339
98.2707
99.0018
99.2366
99.2544
98.0933
98.1485
98.0522
98.1564
98.7401
98.5964
98.7248
97.4579
97.1623
97.4873
97.1335
99.0058
98.7843
98.7844
97.7371
98.2396
98.1407
97.8248
98.6026
98.7123
98.7357
97.4916
97.2149
97.1603
97.5448
98.3207
97.871
98.3125
96.2668
96.2553
96.2692
96.2643
98.548
98.3675
98.3882
96.4491
97.0008
96.9413
96.512
97.9165
98.2865
98.2995
96.2896
96.259
96.2738
96.3433
100.92
100.939
100.969
102.037
104.751
102.004
104.564
100.73
101.009
100.958
101.903
105.705
102.517
104.863
97.0797
97.3373
97.0755
96.379
96.3032
96.3834
96.3083
97.1179
97.4469
97.1417
96.3685
96.2889
96.3788
96.2834
99.7336
99.5066
99.7016
98.4716
97.8788
98.4697
97.8789
99.5061
99.7314
99.7037
98.4704
97.8752
97.8777
98.4614
97.3457
97.0785
97.0799
96.3787
96.2988
96.3095
96.3794
97.3206
97.4073
97.1869
96.3883
96.2834
96.2923
96.3766
99.8311
99.6233
99.7718
98.4779
97.8717
97.8814
98.4629
99.5848
99.7372
99.7163
98.4746
97.8781
97.8764
98.4715
97.3743
97.0916
97.1372
96.3881
96.2983
96.2917
96.3912
99.7287
99.5587
99.7082
98.461
97.8732
98.4607
97.8693
99.6045
99.8074
99.7537
98.4633
97.8619
97.874
98.446
97.4769
97.2253
97.1872
96.3622
96.2776
96.2857
96.348
96.584
96.6126
96.6329
96.1567
96.168
96.1635
96.1617
96.6097
96.5727
96.6002
96.1605
96.1676
96.1595
96.1692
96.5722
96.6052
96.5988
96.1611
96.1682
96.1693
96.1595
96.6264
96.5789
96.6482
96.1585
96.1689
96.164
96.165
96.7403
96.5857
96.6634
96.1589
96.1552
96.1648
96.1478
96.5814
96.7198
96.6652
96.1603
96.1547
96.1657
96.1481
98.8613
99.2692
98.8558
97.5209
98.6371
97.5251
98.6364
98.8398
99.2777
98.842
97.5128
98.6361
97.5175
98.6308
99.2998
98.8553
98.8507
97.5274
98.639
98.6361
97.5278
99.2668
98.8374
98.8471
97.5187
98.6353
98.6366
97.5136
98.9143
99.3104
98.8606
97.531
98.625
98.637
97.5185
99.2874
98.9094
98.8567
97.5136
98.621
98.632
97.5
108.989
114.502
98.3798
99.9399
102.399
95.308
98.2748
99.0229
99.5042
101.511
140.611
99.6994
95.8377
98.7494
104.798
98.4041
107.963
90.4937
103.691
123.979
109.271
101.72
100.057
109.776
102.55
101.554
102.813
109.202
102.6
102.852
108.646
104.369
102.948
102.885
105.868
103.3
123.061
112.96
86.413
101.999
120.959
93.1592
106.475
92.3193
102.419
105.175
104.81
91.9343
102.598
99.7339
105.429
99.9623
102.064
99.1053
102.063
100.206
99.935
101.816
100.323
103.182
98.3051
99.4294
106.76
100.011
99.9023
99.9253
102.297
101.561
99.5238
102.328
95.3882
121.789
97.7389
95.8147
98.1626
91.5148
96.6933
102.802
104.967
93.0899
105.774
99.7146
103.475
99.4358
126.634
101.015
105.463
108.091
101.758
105.169
107.948
101.388
105.848
100.739
101.095
104.829
107.815
101.946
110.588
100.701
100.755
100.982
98.677
103.524
101.042
100.877
98.7826
100.502
104.312
93.6411
95.4816
106.359
100.437
101.183
100.491
99.7927
118.764
99.6931
110.537
95.2867
106.256
95.5531
107.971
95.7242
110.303
97.245
143.739
140.717
112.777
110.989
146.045
119.117
109.953
99.3586
103.739
93.5125
99.3255
97.2643
109.687
97.9296
108.094
99.2633
101.898
109.815
104.2
100.802
105.304
96.7322
106.268
116.883
105.871
81.9639
105.759
94.8507
106.174
100.518
100.619
104.68
95.9527
95.4491
107.439
101.47
100.469
100.481
101.111
110.05
109.432
100.235
90.1274
100.609
97.8553
96.4829
89.5922
102.301
98.9674
97.5712
101.597
98.6005
100.039
97.3271
100.845
99.0786
104.201
93.9708
106.996
110.031
109.489
102.313
93.7642
99.9377
110.944
111.962
100.447
106.17
106.26
99.1339
100.477
100.99
100.565
100.088
105.311
100.105
105.007
97.17
100.812
98.5768
97.6614
97.2656
100.622
98.6025
111.051
88.5754
116.015
94.0667
126.225
87.5689
79.5887
101.345
92.4657
94.6247
95.8781
96.8862
92.5636
96.6945
95.5314
98.6456
103.965
100.833
111.75
95.2535
102.378
107.213
102.7
102.601
105.651
107.254
102.542
102.409
81.7079
87.34
63.1069
94.8554
79.1805
91.7047
65.0441
102.255
115.733
109.438
92.3966
101.039
294.165
112.444
98.7897
89.8762
88.3293
93.079
97.1263
88.5406
86.8983
94.392
113.396
112.618
93.3444
91.5583
68.6303
113.467
102.622
105.099
101.726
104.528
109.727
103.176
102.507
91.9533
101.199
103.022
100.741
94.7656
104.462
103.596
97.9646
92.8937
104.096
104.204
105.05
104.79
102.597
91.0384
94.0905
87.9885
115.164
141.109
99.714
73.4177
107.443
105.384
102.585
105.721
113.183
99.9563
103.469
109.996
116.446
109.072
100.53
112.204
107.687
99.6177
91.403
64.091
115.176
90.1285
92.9757
47.8881
106.32
97.2576
102.67
99.6294
98.3516
98.8809
104.65
100.581
99.7154
94.7283
66.1063
96.5394
98.6838
131.741
74.2758
112.141
87.9864
96.0946
104.662
116.64
96.9136
102.149
98.028
99.0089
92.8112
98.5188
102.425
97.2036
94.3157
104.108
96.5283
97.5945
100.451
100.049
98.8616
97.3831
98.0182
97.5611
94.5263
103.206
98.0758
96.9489
98.728
106.149
98.2786
103.95
100.873
104.115
98.5254
100.298
116.87
99.4232
117.447
104.439
109.286
99.0161
103.845
116.515
115.688
109.524
107.067
110.012
131.645
111.005
102.155
97.1955
102.549
100.178
102.029
98.5495
98.0895
100.565
98.2821
100.369
102.247
101.832
102.05
99.155
91.2819
100.177
99.1756
93.7128
100.514
100.176
99.8125
97.4393
109.972
110.287
108.375
100.739
101.799
109.028
103.567
100.823
96.5624
93.7785
99.1863
100.584
96.1825
99.2616
105.354
99.5571
103.443
98.6177
104.304
97.0137
101.132
104.837
101.828
100.11
99.7972
103.292
103.147
108.026
99.8957
93.8874
98.3842
106.104
115.338
93.8899
120.54
89.8699
103.402
121.429
110.574
138.825
101.408
127.971
99.3836
97.1786
99.3221
114.391
99.1994
98.8819
96.4153
99.0646
99.6903
100.895
125.794
100.259
96.6331
106.404
102.555
93.8891
92.7923
105.929
102.275
95.2902
103.289
98.5649
101.863
104.275
111.339
102.34
96.2452
111.503
99.782
99.1648
94.0188
118.896
92.1978
98.4227
116.45
105.179
101.664
115.465
116.958
90.6304
100.935
99.5123
96.2368
98.7914
100.126
96.2472
95.9038
99.8009
107.338
108.133
104.068
102.869
107.522
60.848
106.561
99.2035
94.9501
94.5235
148.77
103.081
96.8147
95.2554
88.0021
106.617
101.734
106.739
88.3273
100.047
102.322
97.6642
99.6475
101.276
121.902
114.37
99.7219
100.99
125.541
102.593
97.0765
102.091
125.22
101.42
98.7469
86.34
93.1723
100.461
90.2504
87.3892
92.9603
97.2635
94.1612
98.276
96.8315
95.865
93.4201
113.595
98.9404
98.4358
111.305
98.6653
91.2087
98.7185
114.396
101.503
113.205
99.7299
101.766
102.658
119.116
122.592
163.525
115.547
99.5509
98.9843
99.0916
87.139
101.332
100.093
114.966
104.718
102.714
106.864
107.279
104.619
99.1267
112.91
111.238
103.649
99.6286
107.783
113.878
110.032
104.332
107.359
100.898
102.38
100.183
101.544
102.037
89.0654
101.024
96.9862
96.1212
91.1807
101.624
113.421
101.955
104.147
100.117
103.306
106.491
104.79
101.942
106.661
106.845
101.614
112.252
107.063
104.686
109.361
103.16
111.317
93.5905
120.831
128.582
97.7594
94.8099
107.33
102.396
101.867
102.468
104.604
119.47
103.343
104.555
99.0399
95.4612
112.551
104.995
95.8814
94.6961
104.699
104.786
108.114
103.449
100.291
101.381
108.51
93.8881
113.035
105.796
99.5749
96.9197
127.867
105.73
100.314
96.6381
108.878
111.317
101.134
96.998
109.038
122.504
107.544
94.1176
113.626
123.431
99.0646
93.7967
102.561
103.115
102.69
100.886
103.388
102.585
102.134
101.189
99.0772
101.554
102.685
102.561
100.753
97.6371
101.636
100.645
97.8545
105.309
106.977
102.78
97.4445
100.794
100.839
100.894
100.033
110.805
105.13
108.22
101.803
113.841
105.402
100.682
101.929
101.478
102.614
102.11
103.273
105.16
107.393
101.549
100.947
103.571
119.062
140.89
102.139
104.568
101.407
100.749
103.123
106.164
151.502
98.8327
104.214
113.972
139.092
96.7661
102.068
102.339
109.884
111.352
103.491
98.7878
105.184
106.065
112.028
102.946
105.765
111.588
111.357
104.888
105.842
103.205
104.511
105.442
107.48
105.199
102.473
100.026
93.1811
108.674
101.535
105.171
113.919
109.375
104.387
114.443
117.645
109.674
97.8253
149.993
143.083
113.818
99.0127
101.903
102.486
101.635
111.36
100.046
105.436
116.297
107.518
105.646
107.087
115.985
109.634
95.3736
104.165
99.3094
105.184
95.5118
104.474
100.593
100.45
108.023
106.128
106.129
99.5322
100.443
102.042
97.392
89.8411
96.1366
94.8712
95.2831
98.3483
94.8465
95.3764
128.669
171.568
104.932
102.562
123.838
91.5367
86.7685
82.8187
82.4576
120.863
107.125
107.253
119.248
109.994
99.3517
118.161
119.06
99.2602
106.566
104.161
125.075
103.291
121.989
148.901
121.179
120.947
95.1954
114.069
89.1177
129.428
117.384
104.877
112.672
81.8697
107.394
82.4829
95.547
107.632
132.627
121.795
107.258
95.048
93.0467
82.6982
121.848
108.396
109.176
141.009
114.624
104.676
123.081
84.8873
112.639
82.806
122.04
95.5548
137.394
137.481
96.0057
135.185
95.154
95.437
121.118
99.5228
110.775
98.0149
105.863
95.4651
96.8308
97.9765
159.722
176.21
100.645
99.2446
112.142
54.4507
102.915
104.347
102.365
102.748
104.221
102.297
98.6786
105.673
82.0474
113.695
104.374
105.81
80.9022
110.827
98.1906
110.04
132.237
100.974
101.141
95.4745
95.6288
122.512
102.672
121.04
100.24
107.634
101.295
122.001
100.32
113.459
115.754
98.7262
98.5744
117.909
99.8836
102.899
101.799
106.044
100.234
102.604
102.561
106.79
116.974
128.441
93.6971
107.922
120.616
138.712
108.422
102.338
98.4003
103.528
107.403
102.932
107.321
101.514
102.497
103.083
102.798
103.058
110.989
103.235
103.142
103.467
103.59
104.506
108.906
109.062
103.534
104.163
103.557
104.339
109.229
106.137
99.8517
103.603
103.944
94.2764
98.5635
101.936
97.7938
94.1714
102.819
97.435
123.301
100.585
104.28
109.582
114.52
103.352
103.259
102.521
102.37
102.683
103.305
110.459
98.4915
103.722
95.3782
129.662
76.5784
94.9384
99.6044
176.7
81.7308
101.711
100.418
99.8236
104.94
116.876
105.766
108.038
124.001
99.7249
95.1076
100.893
112.907
122.379
118.705
105.901
104.185
105.001
99.5139
99.6039
106.019
107.711
137.06
108.175
177.881
104.569
192.113
103.213
121.379
101.902
110.517
109.601
98.5797
97.0603
100.247
98.563
125.296
106.25
99.5306
107.794
100.698
124.878
110.395
93.1317
94.0191
92.9681
94.1534
93.1315
94.0188
92.968
124.534
103.883
122.248
97.9543
116.279
98.2373
131.863
96.0049
96.1796
95.3984
95.5881
96.008
96.1799
95.3998
96.0071
95.5882
96.1743
95.3992
96.1795
95.3997
96.0061
93.1224
94.0218
92.9561
94.1545
93.1317
94.0199
92.9689
93.1313
94.0192
92.9685
94.1541
93.1218
94.0213
92.9556
96.0013
95.5872
96.1775
95.4004
96.1761
95.3988
96.0054
96.013
96.1766
95.4027
95.5917
96.0016
96.1951
95.4013
96.5239
152.938
92.4557
88.5457
89.2131
101.576
99.7079
93.4455
94.3575
93.2492
94.5629
93.4454
94.3566
93.2496
116.009
103.234
107.504
99.0326
118.336
102.916
107.187
96.4554
95.8789
96.2537
95.6258
96.4644
95.8805
96.2511
96.4492
95.6254
95.8799
96.2478
95.8807
96.251
96.4545
93.4452
94.3574
93.2495
94.5628
93.4352
94.3603
93.2367
101.83
97.5802
105.942
96.2381
105.408
93.9176
102.233
96.4556
95.8815
96.2447
95.6269
96.4593
95.8793
96.2562
93.4358
94.3609
93.2375
94.564
93.4456
94.3582
93.2498
96.4452
95.6252
95.8793
96.2512
95.8763
96.2472
96.4609
98.351
104.55
93.821
95.8734
97.3309
120.839
94.5859
96.0161
96.2122
95.3919
95.5907
96.1927
95.4024
96.0333
96.0295
95.5946
96.2071
95.3941
96.2101
95.4048
96.0305
100.453
104.024
100.629
112.084
107.724
109.566
115.72
96.4583
95.6299
95.8705
96.2761
95.8817
96.2731
96.4663
105.266
109.595
104.35
102.232
100.246
102.581
100.435
96.4468
95.8686
96.2811
95.6288
95.879
96.2625
96.4696
132.178
102.122
120.078
111.811
104.819
107.76
128.833
98.1002
98.7933
98.6401
98.9564
98.628
99.3982
98.1095
136.602
106.168
100.412
104.696
112.765
106.591
107.605
98.6082
99.0972
104.776
104.813
97.9003
98.5111
100.529
101.362
97.4771
101.231
101.977
98.1918
98.5795
97.5563
105.437
100.352
105.191
101.7
99.0215
101.613
99.0027
110.969
97.7092
110.547
97.212
98.8429
99.0033
97.4181
96.9173
97.8774
97.5041
97.7685
97.5069
95.4185
96.0673
108.838
98.3771
98.1641
100.251
107.601
107.734
143.816
97.0898
105.364
100.978
99.1726
97.7251
98.0802
99.299
118.183
94.9737
127.44
91.7203
91.8053
96.3702
97.1801
106.418
97.7734
109.994
97.4707
98.6297
99.2333
100.424
104.634
106.558
97.5408
96.5644
101.749
106.649
98.4262
116.397
102.367
104.65
115.124
101.719
106.958
116.561
102.467
96.4409
106.467
99.8998
106.379
98.8341
102.304
102.502
106.759
102.275
102.808
102.338
104.748
102.778
103.344
101.394
105.269
105.213
113.776
103.504
91.9967
100.27
100.905
102.864
101.203
105.725
100.199
103.289
101.337
104.02
116.435
106.614
85.7878
87.8154
103.776
101.857
102.837
101.824
103.001
101.925
103.055
101.431
116.373
98.0629
99.6843
98.6822
99.6156
102.635
102.064
100.875
102.671
102.396
101.691
103.813
103.942
120.086
107.94
115.822
105.707
103.396
109.115
113.749
108.896
96.9641
96.6452
96.6785
96.5363
98.6633
97.2601
96.9264
102.477
127.494
97.8807
132.185
111.577
117.248
110.812
104.023
103.244
114.452
98.728
100.839
95.7532
94.695
103.673
100.438
114.974
110.479
104.2
123.391
103.652
95.4507
101.357
95.3251
102.983
99.5496
102.371
101.086
98.052
102.28
98.0152
105.22
95.1047
105.125
101.784
111.317
102
108.245
104.162
107.804
103.383
108.944
97.682
126.588
100.942
94.7462
100.136
99.0595
102.465
95.9543
91.6757
98.0361
97.759
95.9126
94.8286
103.612
103.982
105.705
119.073
104.726
122.064
143.886
107.683
133.327
112.886
101.098
139.952
97.4741
141.849
132.897
95.4316
94.8628
93.199
96.8944
93.0845
100.362
99.5618
110.212
97.3729
110.438
101.008
101.352
96.4049
100.078
101.763
98.5099
100.693
91.5642
104.909
109.89
92.7089
100.334
102.382
96.5067
105.09
105.077
98.9604
97.7156
135.228
99.9846
68.6617
123.048
137.39
93.7521
71.8216
98.7863
117.747
122.56
99.0748
98.4485
98.5139
118.859
95.2366
118.07
120.858
91.5044
91.0727
98.0738
98.8301
105.238
96.5921
97.4555
108.895
112.555
106.605
103.372
100.48
115.432
84.1336
98.3617
101.989
110.888
82.3043
122.739
104.61
100.76
84.445
81.799
95.7439
96.4093
97.6972
110.848
111.484
106.405
111.045
101.656
100.111
100.307
88.6558
86.5996
93.1118
94.3533
87.3024
86.9411
103.821
107.458
103.209
103.757
103.346
103.833
104.146
175.207
119.736
99.0169
97.0146
121.605
97.6956
172.911
94.6248
107.296
100.626
103.328
106.945
128.184
103.296
96.0985
95.1685
102.874
107.113
97.1266
101.213
109.531
96.0331
107.082
73.6829
99.7523
103.429
105.34
110.448
100.055
106.933
97.9405
98.3331
105.801
104.217
98.1256
104.207
132.775
114.939
105.652
118.194
108.351
103.294
107.287
102.763
103.707
105.672
118.996
104.469
102.808
138.981
107.509
108.983
100.587
94.5524
80.4189
84.4296
92.7404
99.7822
127.538
126.989
102.936
94.1597
100.711
89.9994
96.8407
112.314
110.73
65.1061
146.837
104.523
97.4521
105.011
100.258
97.452
127.119
92.3519
93.1904
105.742
93.4943
93.1376
97.961
95.0658
93.8184
96.8523
92.146
110.212
92.9853
158.076
100.346
96.302
136.003
91.5868
109.175
94.6404
127.097
92.3533
128.758
96.1707
126.268
102.873
93.0138
101.245
92.509
101.033
127.024
64.2365
112.193
102.962
104.94
104.178
103.16
89.7046
106.926
110.663
109.838
106.842
104.161
108.133
109.064
101.349
101.334
95.8283
112.091
101.08
102.109
95.2326
95.0045
102.825
95.9854
103.5
100.745
103.788
100.883
102.82
96.823
95.7472
104.437
105.146
100.464
100.653
96.7645
96.9122
96.7746
95.7861
95.8984
95.7855
95.8997
96.9181
96.7662
96.7754
95.7865
95.8953
95.8986
95.7864
107.215
105.167
106.033
103.895
103.724
102.301
102.273
107.281
106.38
106.357
103.729
103.751
102.227
103.369
99.539
97.6457
97.3674
102.094
101.89
99.2466
100.279
96.6755
97.918
91.8968
95.212
99.1009
102.98
101.771
94.7249
90.5565
86.5788
93.9728
98.1489
88.6857
87.0008
105.655
105.143
103.338
101.873
102.137
105.232
103.392
49.6355
58.8455
54.131
85.9618
33.6899
47.6862
76.807
99.1624
99.836
107.689
103.799
62.9173
56.2938
103.511
115.169
97.795
98.069
90.8448
94.3309
106.203
98.2468
96.7558
96.9019
96.7454
95.7873
95.8953
95.7883
95.8933
97.633
96.0966
96.3789
99.6777
99.5924
99.6729
100.398
92.519
45.1453
41.71
7.19239
93.1834
145.653
20.259
126.604
103.793
100.902
98.1463
126.548
100.071
96.61
101.693
89.7977
61.0641
140.72
97.2679
88.3746
60.2058
105.624
118.955
103.448
105.621
104.82
119.489
122.238
124.402
110.404
106.183
103.652
123.84
115.567
101.001
140.25
107.456
120.638
98.1368
102.814
98.671
102.108
102.066
107.505
107.649
109.447
107.523
105.336
112.743
91.7033
104.307
92.4998
95.2699
95.1691
94.3136
95.5271
98.9684
98.8311
98.2962
116.577
139.643
98.2198
98.7374
89.0129
98.7066
89.5065
124.599
107.261
103.193
132.839
91.6938
108.916
109.987
104.582
105.483
102.613
110.701
107.254
105.412
103.878
104.028
102.432
104.332
102.646
100.63
98.7018
100.387
95.4476
114.49
94.1266
110.979
103.394
102.719
101.097
102.489
102.726
103.2
100.685
107.309
101.082
103.325
108.264
110.592
109.317
105.12
105.836
103.365
98.8358
104.195
105.688
99.2631
104.075
101.44
97.5228
102.991
105.963
100.995
98.0757
100.434
96.8848
96.7537
96.751
95.7859
95.898
95.8949
95.7872
96.9107
96.7485
96.7402
95.7906
95.8889
95.8962
95.7833
132.125
95.1455
141.963
90.5546
95.5588
118.705
90.1376
98.5625
126.519
121.777
99.849
98.9803
104.674
98.8392
94.8329
101.926
102.207
97.2892
148.346
117.458
99.9683
88.0437
123.518
119.296
113.15
133.079
88.5839
84.5662
112.12
101.686
109.631
90.5442
112.586
106.877
108.578
99.8568
101.294
101.13
100.713
104.565
100.247
105.113
107.553
106.171
107.2
103.689
103.691
104.101
103.194
101.247
98.1506
100.427
113.916
94.2659
112.32
94.7714
100.673
99.0614
99.1326
114.656
114.231
108.886
110.447
98.6638
104.889
100.115
94.8784
103.801
100.52
104.357
112.574
97.4658
98.408
98.2727
97.8121
98.4161
97.9768
98.4019
110.897
101.629
116.795
95.5336
110.51
105.189
108.484
108.499
110.497
103.667
103.713
102.559
102.874
128.288
115.113
96.2072
126.074
102.17
132.169
98.4928
111.693
82.4721
83.2117
99.0177
100.464
99.6076
100.781
99.3054
99.9494
99.9285
99.5303
99.0548
99.0509
99.9685
100.469
103.424
103.279
108.901
110.134
104.904
109.336
109.81
110.011
108.986
97.257
104.075
105.614
98.6218
105.688
105.979
105.665
104.52
105.26
105.214
105.075
113.413
94.031
115.29
88.3931
101.058
89.0555
101.919
103.721
126.144
103.528
126.754
126.59
99.6294
104.136
102.514
98.9849
100.079
110.406
110.132
95.4846
95.4144
96.7574
96.8871
96.7521
95.7891
95.8896
95.8976
95.7818
102.765
100.002
100.816
102.659
102.834
102.838
102.942
106.127
103.686
101.918
111.414
105.488
98.1555
98.4424
93.9746
114.022
115.214
89.3287
89.3161
100.43
100.733
101.077
100.03
100.039
120.325
113.244
101.796
99.119
96.397
83.7631
83.5764
103.45
99.7262
100.053
102.744
102.373
108.822
109.102
100.774
121.081
102.697
120.194
102.23
78.3313
99.8715
100.311
104.439
81.12
102.109
103.039
104.154
102.981
105.234
103.98
103.75
104.886
107.891
97.3799
99.488
97.1872
101.512
101.549
99.343
106.396
103.565
103.428
105.148
104.687
102.347
103.101
102.215
110.159
102.647
100.454
101.08
102.615
102.949
114.494
107.214
100.688
109.901
100.476
114.628
108.617
104.008
101.708
107.923
106.82
104.875
103.64
101.488
123.082
80.2518
86.4382
105.236
105.098
99.1283
104.003
101.339
104.014
104.783
101.956
102.176
101.982
101.832
102.832
102.009
103.069
103.188
102.588
101.627
102.984
101.935
102.728
102.061
101.738
102.89
102.903
101.662
98.0919
98.0951
104.982
108.786
138.011
99.8518
98.2798
96.8151
100.466
103.971
100.587
100.412
97.1644
104.343
98.5038
98.7092
98.701
97.8072
97.6097
97.6117
97.8057
101.683
110.12
99.8364
98.4074
101.295
112.166
112.695
104.75
104.24
98.8418
104.444
100.514
100.711
100.828
160.857
129.014
113.322
119.072
95.1881
164.955
95.3215
100.657
106.476
107.751
105.909
111.647
101.608
106.87
103.823
112.125
104.525
105.825
104.008
101.337
119.104
99.7113
82.1612
101.91
97.9334
79.0512
102.005
99.7295
106.081
97.5385
97.8925
101.49
101.559
99.1613
101.758
98.7094
98.5048
98.7036
97.8075
97.6113
97.8067
97.6103
109.143
117.581
106.919
97.918
94.9349
100.505
102.348
110.757
105.911
110.379
98.1671
101.412
97.7267
100.469
106.028
103.849
108.079
116.661
103.573
104.08
106.494
102.513
102.63
102.157
103.235
101.599
101.598
103.132
110.583
102.133
97.796
138.906
98.0121
108.517
106.811
100.958
100.371
99.5252
104.368
97.9369
104.1
100.771
123.964
78.7744
87.3143
128.837
134.509
87.6695
82.8451
140.816
132.616
121.742
88.0458
85.0213
79.9354
88.0705
111.839
104.746
103.194
103.742
105.475
104.788
104.994
113.378
93.0599
79.8633
114.372
113.362
74.8052
101.972
95.9505
95.3745
95.8025
95.2271
95.9477
95.3758
95.8021
98.7173
98.5208
98.7167
97.8028
97.6131
97.8071
97.6119
102.671
108.701
109.222
105.139
110.439
105.657
109.667
114.395
121.319
114.309
92.4509
98.7081
97.4949
82.8314
107.255
106.041
107.668
102.446
113.985
113.872
100.292
95.9583
95.2243
95.3763
95.8021
95.3743
95.8017
95.9523
95.9575
95.2275
95.3763
95.8034
95.3761
95.8035
95.9566
94.948
96.7096
93.8206
98.1452
102.399
98.6026
97.8392
96.5024
106.563
119.053
154.937
100.961
100.378
126.662
103.647
103.245
106.415
104.396
101.915
103.134
103.669
103.591
108.497
104.217
96.78
95.9327
100.837
101.49
88.7061
99.5632
100.538
108.354
106.009
107.261
112.046
98.2339
97.4483
100.897
100.359
115.714
100.749
116.76
112.492
72.3065
89.6367
148.099
113.204
86.6257
98.5457
95.9608
95.3787
95.8009
95.226
95.9541
95.3764
95.8049
103.605
101.566
102.787
98.7472
104.642
99.6762
106.339
99.7462
98.9653
119.698
109.815
105.162
103.862
103.743
100.764
90.9906
90.0245
111.8
111.614
101.311
103.758
154.299
95.1801
129.358
114.324
112.954
94.2388
97.2333
100.674
100.813
105.398
111.645
99.8571
99.5159
101.071
95.9628
95.3677
95.8154
95.2277
95.3778
95.809
95.966
96.5392
96.6158
95.9459
96.0507
96.5434
96.6154
95.947
96.5376
96.0516
96.621
95.9459
96.6176
95.9467
96.5392
98.5232
98.7044
98.7138
97.8051
97.6039
97.6154
97.7917
95.9679
95.2288
95.3682
95.8128
95.3788
95.8126
95.9674
97.8194
109.254
100.976
104.042
104.377
98.5267
98.5771
158.382
97.5735
98.8156
92.1365
90.9725
103.263
100.186
107.087
100.052
117.773
103.838
96.2186
97.7931
110.954
98.7204
98.5149
98.7278
97.8086
97.607
97.617
97.7957
98.5109
98.718
98.7245
97.8051
97.6137
97.6128
97.8089
96.5425
96.0471
96.6155
95.948
96.6176
95.9454
96.5434
96.5448
96.6222
95.9481
96.0501
96.541
96.6247
95.9458
103.821
102.759
103.203
103.84
102.347
103.16
104.224
100.102
99.6918
97.218
104.662
105.898
104.745
104.908
96.5474
96.6314
95.9372
96.0503
96.6252
95.9488
96.5536
96.5495
96.0521
96.628
95.9367
96.6278
95.9486
96.5511
96.2241
102.967
105.25
100.487
98.1357
103.48
105.77
97.3124
94.3632
96.3737
98.1689
106.55
108.437
98.3943
115.978
106.234
101.545
112.694
101.398
101.098
126.853
110.866
104.749
110.842
115.873
101.843
127.367
122.158
101.052
104.011
105.578
99.3154
105.422
100.933
101.056
95.9334
96.3439
97.2651
101.398
108.613
104.685
102.552
100.361
100.355
100.291
104.175
104.096
97.8577
97.2624
114.129
90.0806
103.961
97.4455
103.772
97.6276
111.751
114.08
89.7944
102.885
125.346
108.138
124.631
115.414
102.91
106.336
104.853
116.976
101.054
97.8713
114.327
105.347
96.1453
95.5723
94.4189
95.1538
93.3597
105.937
73.7569
106.222
81.4472
115.318
81.2757
78.499
83.4339
100.371
100.208
99.4632
106.466
119.371
101.918
98.425
106.199
107.633
107.641
113.752
101.362
100.345
113.845
100.465
101.081
99.9979
104.779
104.79
97.1473
98.2401
115.618
135.682
123.242
111.334
118.477
132.701
110.073
68.4869
103.483
81.6413
84.4811
102.328
84.4249
79.7831
103.343
102.005
130.982
101.822
117.311
103.269
105.754
110.297
92.9971
106.75
122.983
109.642
117.76
106.557
113.221
103.774
114.321
116.209
117.032
118.802
123.511
101.116
96.4348
99.4116
96.9885
99.5061
97.8561
105.897
100.987
104.612
104.748
102.683
102.301
101.172
101.542
104.407
117.742
116.55
114.233
107.611
114.959
108.357
99.6501
97.3274
98.657
96.6396
99.5401
97.2704
98.5665
98.7589
104.304
102.672
103.32
99.3074
99.1259
104.684
103.589
102.71
104.29
111.722
104.824
108.84
99.3925
82.6779
114.352
84.3474
93.7603
91.782
100.999
100.699
107.855
95.0187
96.9817
114.783
112.487
108.538
110.942
102.11
99.5769
100.136
98.907
106.113
104.356
98.9421
105.026
110.222
110.082
111.632
113.834
108.332
108.274
101.309
99.3448
98.0572
97.4558
99.0468
99.0898
102.58
108.372
105.093
106.231
90.9416
113.106
106.044
104.64
94.3338
98.7045
94.9693
102.706
100.411
97.7107
105.192
101.759
94.5309
99.1589
98.1755
95.0629
96.4131
106.278
105.639
95.1672
99.9541
98.9466
102.062
97.6817
100.464
98.5089
100.508
101.072
102.38
97.998
99.7301
102.195
101.819
107.044
95.1581
95.1716
98.3668
96.6544
94.2365
96.0865
99.8349
100.059
98.5522
97.4593
98.1622
98.4301
100.408
98.6077
109.734
102.366
98.1586
102.236
98.9904
100.206
95.5946
101.055
98.4902
88.8737
98.4213
88.5565
116.634
73.3845
124.586
89.379
117.058
74.1346
124.016
160.638
104.1
126.284
92.3592
111.117
114.67
92.457
113.592
99.4073
96.8705
95.9197
108.381
98.9398
96.7727
96.8438
102.354
101.441
98.5439
89.7787
90.0447
97.8512
109.986
98.8437
102.621
134.812
109.416
100.343
144.768
99.7403
90.0343
136.646
93.0794
94.8713
100.131
91.5397
99.2641
99.3047
99.5013
99.3758
99.0253
99.0926
100.703
105.318
100.227
107.103
107.096
100.217
105.992
97.7427
91.9652
95.0574
92.6304
128.412
100.132
98.0693
120.329
103.694
100.22
100.143
97.4807
101.078
98.1386
101.499
104.949
97.9551
101.801
104.152
104.036
98.7087
98.6789
106.537
102.859
102.423
105.643
107.468
101.667
102.208
83.0844
99.6784
114.378
165.445
155.692
99.7711
101.379
107.475
97.8427
80.1659
99.8309
111.221
110.779
98.4868
103.553
95.5642
96.1092
96.3926
103.84
96.0024
96.0654
102.09
95.6701
101.564
97.6044
88.6541
98.0482
88.6025
96.6768
95.9536
99.243
97.5044
99.3001
97.7684
99.4741
99.3477
117.467
106.612
106.468
98.5251
98.9609
125.784
111.468
93.456
77.9556
123.607
74.6058
122.587
153.795
130.824
119.733
118.321
103.424
99.0581
125.605
119.047
94.7439
102.188
91.94
125.842
108.463
87.5775
106.587
100.595
103.458
102.851
104.442
97.866
100.545
103.687
104.561
107.248
95.148
105.769
106.41
100.7
100.532
100.901
102.421
102.209
104.937
102.407
104.033
102.424
107.181
108.907
108.422
98.0522
104.855
108.33
98.4232
44.3176
128.401
93.6793
73.1487
88.0981
47.0596
126.716
103.362
105.345
113.449
103.391
116.539
104.067
101.261
103.379
96.3414
100.402
96.3031
96.0658
96.0755
103.453
96.7909
94.009
98.6427
98.4381
90.5608
88.2935
107.318
107.701
91.1072
107.837
95.9809
107.436
98.2483
127.313
113.127
102.812
113.034
98.804
93.9922
100.895
93.703
107.604
103.478
108.47
100.109
108.583
100.78
102.707
107.75
112.966
101.475
113.362
112.154
117.815
113.395
110.693
100.121
109.126
111.336
100.424
102.1
101.763
85.6661
102.761
111.733
116.414
94.0483
103.75
112.841
108.676
91.7115
105.72
103.527
104.88
102.481
107.729
103.749
102.807
102.155
104.223
100.62
104.312
103.186
99.8799
103.81
103.649
104.257
107.2
97.9862
98.2405
109.121
97.9062
108.184
109.052
110.101
106.257
107.963
93.5834
143.806
100.582
122.337
91.6293
111.381
97.2149
119.35
102.653
97.3194
94.8257
103.996
97.0793
118.33
100.782
47.9972
9.73502
96.2065
130.638
95.8084
153.888
117.238
94.548
89.1252
88.3619
112.509
132.34
149.198
214.211
99.5087
138.588
132.501
112.949
100.445
147.044
102.834
100.764
103.547
102.073
100.035
103.049
100.149
112.895
100.498
119.516
98.6564
96.8946
106.106
104.425
103.294
122.068
112.004
110.398
109.415
98.3189
93.242
95.2391
110.569
111.016
107.84
108.825
106.218
105.66
92.6072
111.281
55.4918
133.763
92.471
107.656
58.4903
73.592
87.5182
126.906
62.4485
41.53
129.17
102.641
68.187
100.842
101.488
84.3971
85.1822
79.7337
87.5413
101.462
100.376
103.04
99.3976
100.291
98.4426
99.6141
172.343
115.706
74.5994
96.3738
116.07
169.916
97.5841
95.2717
131.599
94.6237
95.2193
128.055
128.001
93.1474
161.403
173.378
87.2151
89.0915
109.681
105.221
94.4713
100.183
98.3856
99.7089
94.9194
108.584
112.633
94.7113
101.322
87.8585
88.9634
112.498
112.399
103.314
104.418
99.0324
88.83
105.932
107.608
93.6525
93.8403
107.999
113.971
103.59
111.657
105.581
95.3857
117.281
95.3533
98.2727
95.6468
95.9743
111.066
119.351
72.2282
129.805
96.5792
100.004
96.5734
104.92
103.355
72.9471
73.0602
90.1679
243.383
92.7764
90.8777
125.61
154.008
91.7328
106.022
101.658
102.041
103.668
103.617
102.057
104.314
80.9444
91.9831
94.4953
105.699
83.2737
89.3622
94.4983
141.946
96.9076
93.1689
123.348
105.368
61.3836
61.9677
100.345
103.429
102.777
97.3068
100.399
99.8227
97.0118
101.906
104.555
103.208
105.798
102.316
133.497
103.655
100.288
100.473
100.674
105.564
103.476
105.851
103.917
114.324
105.308
112.949
94.2317
107.485
128.745
93.3271
114.185
116.692
114.668
108.151
114.131
125.221
121.402
109.801
127.876
95.6519
105.778
107.594
105.871
107.049
102.951
119.87
110.421
101.329
103.686
103.667
100.861
160.961
111.203
113.416
92.8658
77.6424
87.2678
79.1035
70.0454
165.111
170.332
68.9486
108.544
111.804
68.4533
113.411
115.058
113.976
113.166
114.297
108.437
108.319
105.103
108.914
105.322
108.34
105.845
106.007
107.852
104.633
127.42
125.039
77.3557
93.7636
91.8512
92.357
103.468
103.894
103.404
102.606
101.37
100.755
102.312
108.148
104.484
97.8112
150.289
104.777
95.5732
104.326
105.72
107.872
102.251
107.412
100.834
102.217
103.271
109.679
105.432
113.216
102.418
102.383
108.287
106.845
168.713
84.7579
105.778
72.5541
164.167
105.914
74.614
97.757
101.146
96.8977
94.6648
92.6056
100.017
98.5462
37.8433
83.4346
78.1189
92.0498
116.436
88.7176
97.6894
115.371
95.7147
79.5972
102.899
129.213
94.2234
87.8998
163.546
106.092
105.42
124.958
166.081
156.127
105.851
114.553
116.316
82.3994
114.383
81.54
74.1492
75.2869
98.2996
98.9536
98.7709
100.342
98.4964
98.4475
86.9418
121.477
114.214
110.613
116.393
116.388
122.171
113.55
112.103
114.577
100.253
122.606
105.391
113.507
110.455
109.057
108.583
111.925
106.411
117.473
107.733
133.597
85.5019
126.958
97.7249
87.7679
98.8937
87.8041
214.912
99.0111
99.4148
98.2295
99.8701
95.7224
96.3963
99.5327
108.555
95.9896
100.943
115.991
110.195
105.465
90.7176
101.645
107.336
105.372
101.834
99.9637
105.035
108.056
99.2726
97.4939
95.9372
121.404
105.326
105.062
116.25
109.044
111.962
111.534
102.608
101.292
101.626
105.319
114.556
120.282
123.527
112.864
111.649
104.209
105.399
100.25
106.982
105.467
109.165
106.142
95.3712
95.3988
100.867
102.878
104.547
101.8
99.5686
99.1626
101.782
100.255
100.788
100.69
105.571
105.636
103.942
104.179
93.6359
89.3461
81.026
96.8325
99.7097
91.7388
80.4046
96.5426
94.3957
92.9463
96.3549
94.0515
93.8858
92.6725
102.87
100.937
121.284
95.978
102.804
100.558
122.888
83.9663
101.005
80.7142
99.034
99.2908
102.425
136.933
67.8787
247.621
175.982
92.0096
86.5929
61.1438
83.3074
94.1277
96.4062
95.7862
91.307
94.9308
93.0186
91.9373
109.151
103.859
113.071
99.3619
101.235
152.081
130.836
105.41
115.007
114.308
119.448
85.2269
86.5501
121.985
100.11
95.5246
98.3787
93.831
98.5741
95.4151
97.4538
100.083
97.0514
97.7358
97.1178
97.748
98.7111
97.0827
101.663
106.314
96.1655
116.777
95.856
121.555
120.881
95.5061
93.9702
94.5122
112.457
106.078
96.4887
95.7316
101.142
89.6664
101.631
89.5441
123.002
90.4869
87.1957
100.05
96.2091
92.683
91.2386
95.6319
105.408
94.8664
112.158
106.567
95.588
108.895
137.202
106.51
107.812
128.201
118.249
107.229
113.524
100.734
106.662
121.781
101.958
125.361
102.041
110.016
106.533
114.219
102.741
97.2196
95.0713
97.0044
106.353
72.5627
73.1383
107.431
120.188
103.614
103.553
110.694
94.4005
113.899
93.4835
119.831
89.2295
92.1502
106.329
111.564
92.4572
116.109
102.929
102.146
100.42
101.749
118.434
92.2502
101.002
91.414
114.474
92.0344
94.0718
92.4388
105.473
107.408
97.1627
124.515
98.0595
94.5104
97.1822
94.7131
99.5047
88.1292
104.119
86.5652
104.801
142.254
156.296
79.3679
97.7824
97.7181
89.2455
99.9895
97.0638
85.069
90.8689
110.543
81.3767
133.975
86.9223
109.179
82.866
127.89
83.5608
97.6189
119.199
144.29
100.964
83.8378
90.3578
96.3303
100.815
102.048
100.014
90.5506
91.0238
100.189
95.5092
108.954
96.9241
73.6881
108.133
107.288
86.4384
117.516
119.767
127.333
136.767
102.54
108.35
118.079
102.564
99.525
105.678
103.677
107.756
107.547
105.333
111.915
88.6636
86.9021
106.215
84.2389
117.279
114.643
103.864
94.4231
96.6685
90.6584
95.7654
119.871
102.748
101.873
111.805
114.362
142.63
94.5217
95.3308
111.449
102.714
109.456
108.674
106.269
106.253
105.691
105.191
92.2568
126.663
113.797
92.6465
118.272
82.0171
114.848
96.6087
101.868
102.12
111.573
100.147
121.764
121.317
89.5203
125.709
92.0572
86.826
98.5169
101.924
89.6027
80.5099
156.175
152.843
107.593
105.333
75.4684
75.8547
55.643
356.699
174.564
125.075
87.794
253.315
84.5722
98.9981
96.5928
95.0477
94.6248
96.3344
97.1382
96.4046
89.2814
118.006
97.5407
94.4605
90.8969
112.694
92.3726
101.75
101.494
103.702
101.327
101.111
99.1945
101.567
105.822
99.7286
104.024
116.93
177.284
111.15
146.462
96.2079
97.7118
100.888
116.01
96.8129
99.3799
102.232
97.9195
110.032
96.47
104.49
104.553
103.89
104.88
111.868
105.467
111.075
111.446
112.355
112.7
107.704
97.9103
104.145
96.8371
103.994
91.7063
100.473
103.916
107.977
99.1334
107.196
112.479
107.232
106.798
105.679
104.426
105.42
103.67
131.952
125.75
102.39
102.444
97.3444
89.6998
101.699
91.3256
89.2627
101.9
96.5452
106.044
96.7746
92.7497
101.413
143.889
106.861
102.169
88.2613
314.739
115.601
106.248
297.46
170.952
195.99
91.9281
103.557
101.65
88.5601
92.2135
96.6594
93.4294
109.052
104.999
109.609
110.958
111.248
109.169
110.457
101.506
96.0158
103.189
108.604
106.502
112.279
120.85
123.297
90.0007
91.7417
100.363
92.213
90.8082
100.663
94.5022
95.3325
86.6701
96.1094
94.4443
87.8311
94.4725
103.598
101.188
97.9186
105.527
100.725
118.256
115.43
105.351
104.841
105.404
101.924
110.175
108.376
101.384
104.753
92.4266
107.326
92.5742
105.053
94.1578
113.917
110.658
103.526
103.538
103.762
103.306
111.793
107.163
111.46
105.577
109.97
94.9464
110.419
106.899
108.639
83.8563
96.3857
87.1668
125.077
104.112
152.469
117.469
97.2726
102.338
97.4754
101.534
108.468
101.699
103.325
123.554
92.2737
112.071
95.8474
95.7556
101.577
104.793
103.961
100.083
111.52
97.4089
103.599
100.314
106.282
113.288
114.505
114.276
121.982
113.924
114.489
115.473
59.0122
127.013
124.837
246.241
248.589
88.2677
86.4706
102.011
102.841
106.576
106.3
102.542
107.114
102.757
113.728
105.08
122.44
114.391
114.114
107.275
145.357
103.31
109.316
105.731
105.292
108.542
106.712
104.983
130.549
91.3189
89.8304
109.974
103.926
106.396
99.914
91.4117
89.7374
94.8146
107.236
97.5957
96.3899
102.914
123.205
112.813
111.585
112.793
128.995
110.578
114.412
101.238
104.746
105.589
105.684
108.411
96.2275
105.04
113.804
94.8573
99.7192
90.0887
142.276
90.15
94.3878
98.991
100.124
98.9495
90.8807
89.1154
97.7602
98.063
103.327
108.088
106.445
106.244
101.585
99.4935
113.126
137.145
100.865
101.45
113.7
115.595
96.5725
111.42
104.681
100.979
103.458
145.494
104.852
105.925
134.632
101.203
99.5761
92.8386
89.0418
100.166
102.049
108.108
106.081
97.6717
104.337
104.119
107.293
107.6
99.8044
100.087
101.049
110.081
105.515
105.457
97.7148
97.6402
113.087
108.332
107.844
112.366
112.76
112.127
111.76
108.711
105.724
106.181
109.216
105.955
109.453
106.402
92.7997
109.841
104.993
110.312
112.461
109.555
109.517
117.765
101.34
105.406
100.58
103.259
100.459
104.345
111.021
104.306
102.076
100.016
110.363
104.468
109.149
112.799
109.788
104.701
127.996
104.805
128.127
112.298
100.907
103.33
103.221
120.949
143.616
143.914
122.825
104.525
179.652
152.982
118.525
144.21
121.917
143.402
97.2672
112.476
100.781
118.622
95.2552
96.0389
116.94
104.152
109.327
113.183
95.6136
105.246
114.146
104.891
102.803
105.585
113.206
101
101.571
101.585
101.962
98.8785
106.626
125.495
98.6324
98.8174
98.8344
98.6936
109.453
103.26
110.777
105.489
96.9445
109.288
103.912
118.006
101.166
89.4569
93.234
88.7755
103.363
91.0324
100.03
104.723
104.559
98.9868
104.777
104.743
102.223
100.367
92.4958
89.3725
105.948
102.67
98.457
103.899
100.84
116.175
101.375
119.379
98.0081
118.063
97.8129
123.547
113.731
113.805
119.427
114.574
114.979
115.273
118.31
166.868
106.856
117.362
172.57
67.6518
65.8403
116.347
114.53
107.543
109.835
99.0465
99.7524
118.675
123.223
91.7819
140.579
132.495
82.1035
97.38
108.372
109.605
103.353
103.773
92.3846
110.331
103.706
102.397
112.882
102.243
108.681
113.376
97.1446
112.655
96.6163
115.69
178.544
106.356
114.741
115.727
163.93
117.307
102.276
97.9567
100.956
107.476
94.538
107.423
95.3251
112.61
112.57
113.202
105.026
112.08
113.173
104.219
103.671
94.5443
104.083
98.4391
103.858
104.447
99.4317
102.465
107.611
98.3359
103.523
100.561
100.439
108.013
104.34
110.079
106.266
115.034
102.179
111.63
124.085
104.608
101.485
96.2927
99.3804
99.9013
100.197
100.875
104.348
124.956
93.3448
98.4595
98.113
89.7229
88.1636
98.1197
96.7267
96.447
101.403
100.473
100.163
99.941
98.8371
93.6077
93.4207
99.9913
98.7023
91.6159
93.9523
102.58
108.57
101.54
101.942
94.7908
102.987
101.313
105.417
105.972
107.06
97.0962
109.906
109.598
97.3589
95.4227
94.076
94.899
98.7704
98.196
94.9104
95.0676
105.233
113.975
144.504
99.0764
136.274
102.836
103.034
99.9841
119.895
115.661
107.418
100.888
102.014
105.773
100.817
101.509
100.125
98.1915
101.215
100.931
137.455
108.794
119.172
97.5058
105.506
98.784
104.612
117.086
114.446
117.601
104.133
110.769
96.2641
97.0926
108.433
115.528
122.299
117.538
87.6478
149.149
109.721
109.304
113.059
106.58
111.314
114.797
106.397
112.829
116.731
109.91
116.52
108.306
132.978
133.091
123.507
111.874
114.191
103.085
102.117
96.4632
110.944
104.426
102.19
112.336
120.761
94.7621
100.051
94.5988
98.6802
117.324
106.742
100.49
107.515
109.687
128.928
109.508
134.941
98.4517
92.0727
91.8066
92.3588
102.541
98.8085
92.6179
104.202
102.225
100.914
97.6618
98.1756
96.2153
97.6184
99.0132
108.475
99.6249
107.122
110.277
108.772
105.173
100.855
96.2473
111.675
129.2
112.142
105.104
101.836
99.5491
96.5924
96.3989
107.91
107.192
114.588
107.493
101.533
114.383
111.634
105.98
112.147
107.517
107.486
96.8368
112.791
94.8989
131.205
93.6129
101.214
101.275
153.269
99.717
168.093
305.137
8.00517
15.0406
310.824
108.495
111.474
101.246
121.603
98.1337
97.4284
116.118
103.322
107.464
100.837
101.639
119.755
116.138
101.591
103.653
106.878
95.6875
107.309
101.906
108.97
126.028
116.772
95.3663
105.617
123.198
117.624
100.533
114.206
103.478
97.444
98.5305
106.381
107.678
98.3681
105.136
108.819
109.233
101.879
97.5747
105.994
117.553
103.084
101.16
100.838
101.829
99.2263
97.7486
100.085
101.35
118.542
107.856
113.687
95.8911
102.234
101.404
96.3294
103.359
107.897
108.109
102.651
105.191
117.853
113.127
96.9524
91.9258
97.1393
105.052
106.998
106.421
106.886
95.366
111.487
100.019
113.131
99.4345
102.82
103.746
92.0964
98.7076
97.7231
105.08
105.162
106.996
109.377
146.142
110.383
90.3654
111.501
94.7346
111.78
112.184
100.489
114.56
104.728
95.9539
101.528
112.942
103.771
101.17
92.3126
113.563
105.814
99.2597
139.051
109.367
103.752
97.8347
97.5523
130.206
101.048
103.443
109.515
102.286
121.477
102.11
97.2591
103.46
99.0692
105.125
103.801
124.926
96.0448
104.033
105.697
108.096
104.161
131.166
103.538
130.404
114.684
93.4932
94.7259
94.0913
100.007
116.19
114.898
110.164
108.816
110.547
110.474
99.1831
103.696
99.8252
100.742
96.6211
101.426
96.3834
113.241
100.081
114.843
104.655
118.849
114.929
115.29
102.703
104.059
98.6123
104.01
144.016
103.764
103.123
104.531
96.1234
103.946
104.563
96.6319
104.938
102.302
127.471
113.282
117.413
90.5859
119.494
115.784
120.174
93.9001
100.292
100.346
110.966
110.169
99.3324
101.995
117.624
109.363
113.79
105.572
106.094
99.5051
102.966
106.446
107.597
106.418
108.668
108.662
105.917
105.221
112.639
124.221
111.736
94.4514
100.689
95.6881
101.076
96.2797
102.825
103.206
88.0743
97.7444
100.474
103.295
82.1407
116.052
84.249
130.39
103.132
105.411
109.958
118.855
103.754
122.11
120.02
99.5479
111.364
103.337
92.6305
94.5919
136.657
120.998
106.005
106.976
89.6668
129.67
108.843
95.4725
100.395
108.118
93.9992
116.98
115.8
92.3778
101.817
108.927
109.339
135.85
107.531
99.1641
94.4475
94.2965
93.8485
107.207
107.652
93.7205
89.19
113.294
107.914
92.3954
92.8771
117.34
138.429
95.8345
110.494
81.071
96.0435
101.492
104.97
107.672
107.661
100.528
98.6432
102.873
96.0865
106.532
116.332
113.092
98.6365
99.8341
95.8644
106.88
97.5837
106.865
107.222
108.16
93.4827
113.527
123.231
122.864
113.501
119.814
103.408
129.438
97.9771
111.791
103.103
123.764
95.6992
105.427
93.2193
236.949
89.6551
122.023
138.248
91.9804
97.1023
95.5399
93.7252
98.3511
98.0499
99.6425
102.065
100.806
94.7404
133.147
102.78
97.9495
93.4044
99.5132
102.982
102.551
103.298
115.777
104.508
118.785
126.727
123.323
98.5176
101.044
121.929
117.941
101.261
91.3061
98.7864
91.5682
95.6948
94.7842
90.8793
102.558
108.777
100.537
107.769
117.503
105.809
112.24
105.753
100.856
109.477
106.961
116.715
106.234
115.744
101.065
94.5562
98.9265
94.4997
96.9813
104.101
95.9919
118.175
102.042
89.1472
101.62
95.8202
95.6907
105.774
105.145
103.541
99.542
107.417
100.805
102.725
103.405
108.743
101.47
97.5512
100.517
100.135
115.942
99.6582
116.442
109.146
90.9854
109.959
129.837
113.805
119.126
133.039
104.943
107.016
104.297
108.288
107.394
109.593
107.139
104.466
106.419
104.441
101.693
101.785
106.195
108.024
107.242
126.222
82.7617
105.389
105.414
102.65
100.72
103.76
118.144
102.103
123.623
109.054
111.279
101.545
108.466
95.1842
96.2916
127.656
105.507
94.7263
97.8738
99.2486
123.945
105.813
129.247
118.228
130.864
119.591
113.368
104.746
127.771
109.569
113.774
105.083
127.706
127.075
112.429
119.248
119.741
119.831
112.511
116.545
128.028
111.707
125.137
125.488
131.269
122.342
126.559
104.172
101.583
106.269
97.9122
99.6497
99.1392
99.2315
98.6054
101.747
99.3505
108.872
115.524
123.092
112.248
123.342
111.232
151.803
109.96
165.063
106.105
118.715
122.92
101.266
156.621
106.046
114.003
101.238
128.274
102.069
96.2771
98.9809
112.385
112.109
124.795
107.834
121.713
104.988
108.031
104.413
103.93
103.594
105.147
104.458
108.08
105.143
101.009
105.266
109.622
104.79
112.543
106.356
99.9678
99.6793
95.4171
123.947
101.79
104.326
106.592
106.008
177.211
122.813
112.847
176.734
105.557
99.4726
110.423
146.04
104.027
109.608
159.803
128.279
90.848
110.126
103.014
87.0265
78.319
105.958
100.833
127.937
135.815
97.4378
139.627
110.425
162.783
102.75
141.075
224.43
115.803
99.187
182.238
136.695
100.266
100.783
120.007
113.595
102.066
103.113
138.062
108.687
93.5612
105.442
104.13
106.031
100.151
115.22
127.547
99.3417
101.191
160.838
149.087
167.019
146.326
134.32
109.335
109.26
144.826
114.537
85.2771
116.55
139.02
123.227
133.338
117.099
116.235
123.597
143.893
126.615
99.2438
112.054
96.6108
85.653
96.1031
124.306
105.439
112.23
110.679
111.095
99.8863
100.876
112.286
111.028
110.104
112.908
102.015
108.441
102.469
108.803
97.7539
98.1463
101.768
97.9753
104.751
101.222
102.446
113.714
120.453
117.58
117.793
112.626
111.827
117.6
132.32
94.7653
102.328
110.64
123.007
94.5339
103.408
111.285
132.11
179.364
132.322
147.13
133.071
101.173
119.381
114.635
109.718
116.673
112.293
172.864
115.78
130.984
132.817
99.7429
147.851
98.5339
131.994
123.936
112.866
109.17
113.467
119.362
123.41
116.463
143.325
118.402
154.833
121.372
116.516
148.279
153.406
129.462
127.482
103.688
90.6454
145.442
91.6464
92.251
99.1847
100.724
96.3469
97.226
104.852
103.838
104.819
104.173
106.759
109.237
107.362
109.851
99.2995
100.055
102.198
107.606
97.9453
100.374
95.2023
94.7078
98.2351
98.7032
101.533
112.028
92.6268
115.056
103.834
110.947
100.233
182.922
117.189
128.045
116.757
122.898
131.283
125.855
109.35
110.891
142.765
104.573
114.5
107.415
109.113
104.939
107.786
106.54
107.404
129.136
122.837
110.188
103.943
102.581
94.2101
113.08
98.0708
100.583
113.763
110.932
123.066
116.361
99.8333
110.593
88.6758
126.149
107.141
115.453
93.7572
122.792
121.671
125.003
125.681
129.254
156.698
117.85
94.5018
135.583
119.301
95.202
88.9487
99.9108
102.903
107.813
105.209
103.811
107.898
116.235
130.03
105.14
113.346
121.42
174.317
108.01
152.138
135.231
114.105
119.034
147.974
131.541
113.477
105.568
131.639
101.886
91.8275
141.036
157.308
142.97
104.979
112.906
100.928
114.773
115.191
87.7801
100.039
156.639
122.517
107.755
133.267
95.7726
106.688
164.232
125.336
146.965
141.178
126.713
109.588
101.816
125.791
99.9202
92.6122
96.3836
98.204
98.1563
93.115
96.4059
104.822
125.069
84.4708
84.7026
113.891
104.186
124.046
122.601
94.5893
85.5931
135.937
79.9726
84.7085
119.454
104.15
156.229
106.188
130.761
149.173
100.173
112.384
101.956
149.353
115.149
120.948
168.676
115.715
102.665
108.774
129.983
133.76
91.7085
91.3901
110.496
100.221
107.967
110.005
102.914
101.897
98.4054
119.372
100.842
113.407
133.557
108.929
123.844
112.415
125.831
123.348
108.198
118.227
102.284
99.6175
108.693
128.845
86.8685
107.22
101.887
92.8373
107.754
121.735
140.21
107.491
209.12
167.201
116.178
112.548
88.2433
83.3577
89.7494
108.702
151.163
119.384
118.375
114.121
159.602
122.95
103.352
124.516
115.729
101.916
100.825
101.794
131.542
113.828
84.7914
84.737
102.203
95.9869
94.3227
136.505
108.962
175.262
181.999
93.9304
93.4634
109.8
67.0289
116.279
102.679
103.702
99.6484
90.1246
99.5674
118.565
92.8266
102.97
109.863
122.521
97.8437
60.8404
71.4189
147.51
121.454
116.221
89.1406
85.1275
93.8737
92.1567
138.402
116.614
137.14
100.489
96.7172
154.526
184.589
89.3312
137.492
92.7149
83.1064
90.5431
135.782
127.062
102.57
96.5673
94.62
111.946
102.492
110.058
106.793
210.684
94.7713
218.131
103.861
309.483
145.327
102.115
130.322
87.2453
179.706
94.392
136.853
96.0598
149.836
73.7953
105.95
115.163
124.921
180.632
158.533
75.6441
132.215
98.6555
102.788
118.177
136.721
82.3631
103.015
102.01
100.841
96.1745
110.096
103.793
89.1007
88.6607
175.214
89.4674
145.306
261.877
155.818
130.583
601.542
97.7584
90.9342
69.9598
103.739
96.5235
151.367
177.939
130.361
112.579
140.205
94.5045
99.9656
119.295
208.127
190.005
102.581
166.279
317.033
66.599
84.5376
699.837
149.318
105.552
155.746
36.9133
118.508
40.9767
96.4316
85.0399
4.96875
15.7028
121.528
6.56051
95.5866
74.9161
)
;

boundaryField
{
    inlet
    {
        type            calculated;
        value           nonuniform List<scalar> 
201
(
100.079
93.322
107.295
116.544
95.322
93.1509
84.0775
97.6957
91.9085
97.454
100.63
104.01
110.111
141.273
94.7029
82.7736
101.841
83.4564
91.0726
94.8647
100.834
103.813
97.461
76.2774
94.0375
94.4159
114.315
90.7201
90.5975
96.4016
92.046
88.8165
85.2677
97.2567
96.9288
101.23
110.71
100.182
88.524
95.8155
131.612
102.087
93.7391
93.3419
99.3748
93.5268
98.0694
95.1008
104.24
85.8998
99.8541
94.5503
110.154
97.6767
148.77
99.773
88.8895
100.753
102.71
104.208
100.681
100.937
25.5693
102.822
100.687
135.503
104.216
138.929
51.4707
109.62
149.74
110.662
89.9183
106.314
149.045
93.6049
133.493
166.928
98.2102
96.3038
20.7896
99.0152
101.335
115.489
92.6223
87.1899
90.5528
107.389
95.5328
75.0392
100.219
96.3629
109.175
97.7237
90.6541
79.1923
97.0579
96.0578
101.943
93.9814
94.3665
106.567
94.6402
101.844
101.624
111.678
98.2765
104.185
101.011
102.813
102.87
137.981
98.1662
98.0156
92.3849
84.147
136.155
140.286
79.723
80.1094
78.0488
66.4781
91.3871
103.654
100.455
113.951
114.384
84.5574
93.0624
100.763
93.8739
114.222
102.874
102.929
98.8326
128.318
126.626
86.58
143.806
98.6721
96.2632
100.639
110.536
130.588
86.9098
124.729
123.725
80.8793
93.0949
95.2652
66.9494
73.9953
-120.992
101.552
74.7226
77.7093
82.4022
92.7607
66.8003
94.6245
100.414
100.9
101.16
94.6501
100.262
74.1927
76.5888
92.3283
91.1292
89.6859
89.3379
91.1645
91.3965
93.8518
93.0854
96.2481
98.4922
94.2031
94.2769
89.8128
86.9121
56.8754
91.7346
92.6465
75.4954
93.9373
94.5846
96.3489
94.431
103.098
101.077
98.2405
95.9458
101.907
143.889
61.7568
70.9449
85.9589
-97.6106
-50.8676
85.5971
)
;
    }
    outlet
    {
        type            calculated;
        value           uniform 0;
    }
    lowerWall
    {
        type            calculated;
        value           nonuniform List<scalar> 
1079
(
101.31
108.199
109.649
116.809
95.4053
92.5807
97.6248
93.2927
91.3788
99.2669
102.479
111.971
99.911
118.371
103.62
83.627
93.0207
143.186
96.0579
99.3915
106.028
102.011
119.423
103.773
99.1816
109.942
105.047
107.519
96.0523
101.063
115.769
112.222
123.075
90.7059
100.086
101.626
98.2346
99.6404
122.778
95.987
104.261
96.3982
104.519
110.073
102.279
104.231
95.2907
99.6057
94.9261
102.733
100.241
114.737
104.305
100.677
100.043
99.6165
98.3068
98.1831
101.946
100.205
97.5095
97.4946
99.3182
100.184
99.8036
99.026
98.5887
97.4694
96.9087
96.8701
93.7972
94.0148
94.2966
94.1843
94.564
94.155
93.3237
93.2185
93.2579
93.5404
91.1973
91.3719
91.5437
91.4154
91.0418
90.8249
90.8309
90.824
90.8579
91.0235
88.5973
88.7135
88.7868
88.7492
88.5895
88.4572
88.3623
88.3481
88.3891
88.4799
86.034
86.1144
86.1632
86.1326
86.0306
85.9433
85.8996
85.8779
85.9063
85.9633
83.4916
83.5418
83.5572
83.5663
83.4932
83.4378
83.4088
83.3937
83.418
83.4425
80.9715
81.0248
81.0198
81.0135
80.9849
80.9505
80.9475
80.9368
80.9415
80.9369
78.4927
78.5248
78.5295
78.5169
78.4963
78.4815
78.4814
78.4729
78.4727
78.4812
76.0333
76.0471
76.0567
76.0552
76.0513
76.052
76.0394
76.0126
76.0249
76.0278
73.6011
73.6169
73.6098
73.6144
73.6156
73.6209
73.6138
73.6132
73.6121
73.5974
71.1859
71.1901
71.2111
71.2091
71.2184
71.2243
71.2205
71.2111
71.1859
71.1853
68.8018
68.8178
68.8545
68.8406
68.8308
68.8318
68.8403
68.8278
68.8062
68.8079
66.4453
66.4643
66.4985
66.4708
66.4488
66.4442
66.4461
66.4641
66.4473
66.4452
64.1136
64.1178
64.1222
64.1246
64.1237
64.1146
64.1056
64.0973
64.103
64.1071
61.7879
61.7934
61.7977
61.8089
61.8104
61.805
61.7957
61.7845
61.776
61.777
59.4807
59.4849
59.4896
59.4895
59.4885
59.484
59.4837
59.4786
59.471
59.4722
57.2026
57.1961
57.1927
57.1947
57.2002
57.1997
57.1972
57.1953
57.2006
57.2028
54.9198
54.9232
54.9163
54.9186
54.9233
54.9324
54.9404
54.9408
54.9377
54.9258
52.661
52.6512
52.6536
52.665
52.6741
52.6789
52.6844
52.6814
52.6902
52.6749
50.4214
50.4034
50.3993
50.4099
50.4251
50.4385
50.4364
50.4406
50.4417
50.4355
48.1856
48.1712
48.1626
48.1619
48.1721
48.1824
48.1883
48.1897
48.1874
48.1866
45.9459
45.9477
45.9534
45.9601
45.955
45.9493
45.9467
45.9423
45.9423
45.9438
43.7255
43.7364
43.744
43.7397
43.7268
43.7202
43.7211
43.7323
43.7255
43.7235
41.5328
41.5363
41.5369
41.5277
41.5201
41.5132
41.5222
41.5283
41.5267
41.5285
39.3354
39.3496
39.3541
39.3547
39.3488
39.3427
39.3375
39.3325
39.3211
39.3244
37.1619
37.175
37.1742
37.1695
37.1613
37.1554
37.1423
37.139
37.1402
37.1464
35.0164
35.0135
34.9936
34.9882
34.9852
34.9777
34.9704
34.9742
34.9937
35.009
32.8645
32.8552
32.8435
32.8386
32.837
32.8388
32.8446
32.8512
32.8568
32.8633
30.7029
30.7045
30.7151
30.7227
30.7215
30.7273
30.7284
30.7266
30.72
30.7087
28.5743
28.5801
28.5954
28.6122
28.6207
28.6225
28.6164
28.6047
28.5965
28.5811
26.4976
26.4937
26.4936
26.4998
26.5098
26.5191
26.5245
26.5245
26.5201
26.5076
24.4575
24.4413
24.4319
24.4279
24.4326
24.4422
24.4563
24.4663
24.4715
24.4666
22.4256
22.4058
22.4029
22.4039
22.4068
22.4103
22.4119
22.4176
22.4223
22.4252
20.386
20.3843
20.3861
20.3938
20.3998
20.4014
20.3934
20.3875
20.3864
20.3853
18.3747
18.3807
18.389
18.3919
18.3909
18.3856
18.3784
18.3742
18.3725
18.3733
16.4078
16.413
16.4078
16.3968
16.3819
16.3701
16.3614
16.3745
16.3818
16.3979
14.4424
14.4517
14.4349
14.4179
14.3968
14.384
14.38
14.3935
14.4087
14.4245
12.4512
12.4706
12.4712
12.4591
12.4479
12.4383
12.4361
12.4407
12.4407
12.4429
10.4875
10.4948
10.507
10.5115
10.5084
10.5033
10.4994
10.4979
10.4941
10.487
8.57155
8.56187
8.55933
8.56102
8.56227
8.56686
8.56862
8.57073
8.5719
8.57481
6.65852
6.64451
6.63932
6.63917
6.64689
6.6633
6.66959
6.66806
6.66065
6.66352
4.73748
4.73404
4.73531
4.74229
4.75654
4.78121
4.78133
4.77007
4.75903
4.7474
2.83791
2.83825
2.84074
2.84731
2.8553
2.86523
2.87123
2.86887
2.85838
2.84308
0.94871
0.948248
0.9479
0.943762
0.941543
0.944513
0.95312
0.958089
0.958995
0.948773
101.313
98.3825
98.7135
110.156
99.483
99.0671
105.096
100.537
102.112
98.7944
99.854
100.709
99.8641
98.8554
99.7361
98.9265
98.5394
98.9979
100.452
98.6305
98.3597
98.9065
97.8631
98.5015
101.277
97.0365
96.8622
100.121
98.1198
97.3363
97.7279
107.453
100.692
127.838
116.276
125.612
95.3974
106.813
112.816
96.4604
100.918
96.0275
94.0746
101.428
101.416
100.078
100.029
107.15
101.77
98.6534
97.5357
97.2896
97.258
99.0707
111.711
106.642
105.708
98.3631
100.662
98.7577
101.049
100.174
100.698
105.453
103.925
102.076
119.224
100.023
103.933
101.245
101.233
100.976
101.809
101.827
100.112
99.6065
98.6528
99.5356
97.5866
98.188
98.1953
97.0162
98.8571
97.513
103.516
97.6676
97.3246
100.441
99.2542
98.6708
97.4185
95.929
95.8479
98.524
96.5798
96.1058
99.7223
97.1097
96.86
100.046
96.2621
96.8156
99.0396
95.6181
96.0407
98.5744
95.2159
95.5815
97.9674
95.1663
95.2086
96.5844
95.0139
95.228
96.9852
94.974
95.0722
97.3612
95.6187
95.2446
99.4595
99.1721
100.619
98.4658
99.5169
98.7391
99.7158
99.4227
98.5529
101.419
103.227
101.653
99.2284
99.9647
101.57
100.688
99.7226
98.3636
100.946
101.216
101.894
101.258
102.45
101.228
103.641
101.41
98.6324
99.5715
100.083
102.091
100.261
99.9634
99.7601
100.919
100.584
100.631
98.7386
99.5187
102.102
99.2301
99.1205
98.9804
99.715
99.7457
99.634
98.715
98.8024
99.8443
98.6171
98.6118
98.6389
99.2795
98.8801
98.6073
99.144
98.5348
103.563
98.4995
98.626
98.9333
98.2767
98.3511
98.3519
98.2345
99.2171
99.4721
98.4256
99.1666
98.614
98.7564
98.7172
98.4684
97.8369
96.8042
101.506
96.5289
99.6618
98.542
98.9165
97.7322
96.2086
100.132
100.91
100.652
98.4551
99.5169
99.2454
98.8515
98.7021
97.6636
100.175
97.9776
98.1374
99.5721
98.2776
98.2188
98.7806
97.8493
98.2767
98.3878
96.5142
97.0362
101.512
102.933
101.62
100.921
100.979
102.96
98.0609
97.9912
100.129
98.1735
98.2545
99.2386
97.2214
97.563
98.6999
96.2613
96.3437
98.2888
97.3206
96.3766
96.2834
97.8717
98.4629
99.8311
96.1552
96.1478
96.7403
98.9143
97.5185
98.625
92.3193
102.419
106.475
101.388
101.946
104.829
93.6411
106.359
100.877
106.256
95.5531
95.2867
140.717
112.777
143.739
98.6456
103.965
95.5314
89.8762
88.3293
98.7897
115.733
109.438
102.255
92.8937
104.096
97.9646
102.67
99.6294
97.2576
96.5283
97.5945
104.108
99.4232
117.447
116.87
104.837
101.828
101.132
105.179
101.664
116.45
96.2368
98.7914
99.5123
94.9501
94.5235
99.2035
106.617
101.734
88.0021
93.1723
100.461
86.34
111.305
98.6653
98.4358
111.238
103.649
112.91
102.396
101.867
107.33
99.0399
95.4612
104.555
113.841
105.402
101.803
103.273
105.16
102.11
151.502
98.8327
106.164
102.339
109.884
102.068
103.205
104.511
105.842
93.1811
108.674
100.026
114.443
117.645
104.387
128.669
171.568
95.3764
94.0218
92.9561
93.1224
94.3609
93.2375
93.4358
96.2122
96.0333
95.3919
95.8686
96.4696
96.2811
102.477
117.248
111.577
103.244
94.695
104.023
100.346
136.003
92.146
97.918
91.8968
96.6755
89.7977
61.0641
101.693
103.793
100.902
126.604
126.754
104.136
103.721
102.514
95.4144
110.406
96.7574
95.7818
95.8896
100.03
99.119
120.325
103.45
102.744
83.7631
103.565
103.101
105.148
100.454
102.949
102.215
104.008
119.104
103.823
82.1612
99.7295
101.91
97.5385
101.758
101.559
108.079
106.494
103.849
102.513
103.132
101.599
97.796
106.811
102.133
99.5252
100.771
104.368
105.475
104.994
111.839
106.415
103.669
103.245
95.3677
95.966
95.8154
97.607
97.7957
98.7204
96.6314
96.5536
95.9372
115.873
122.158
110.866
101.398
126.853
115.978
105.578
101.056
104.011
96.3439
102.552
108.613
92.9971
106.75
110.297
98.0572
102.58
99.3448
99.1589
106.278
94.5309
105.639
100.464
102.062
100.411
105.192
94.3338
100.132
120.329
91.9652
99.6784
114.378
83.0844
101.146
96.8977
97.757
95.7147
79.5972
115.371
83.4346
78.1189
37.8433
110.195
90.7176
95.9896
89.3461
81.026
93.6359
96.1655
120.881
116.777
107.977
105.679
107.232
105.42
102.444
131.952
101.188
115.43
103.598
95.8474
104.793
123.554
246.241
86.4706
127.013
118.31
65.8403
166.868
91.7819
108.372
123.223
116.347
118.675
99.0465
108.57
101.313
101.942
96.2641
108.433
114.446
153.269
310.824
8.00517
98.1337
116.118
108.495
97.444
105.136
98.5305
100.292
101.995
110.966
106.094
102.966
117.624
82.1407
109.958
130.39
113.294
138.429
92.3954
102.873
116.332
100.528
95.8345
107.672
110.494
103.408
129.438
119.814
107.222
113.501
123.231
87.0265
105.958
128.279
182.922
125.855
122.898
147.974
113.477
152.138
100.928
100.039
112.906
141.036
142.97
105.568
115.149
115.715
149.353
130.761
112.384
104.15
102.97
71.4189
92.8266
121.454
92.1567
89.1406
89.3312
127.062
83.1064
100.489
184.589
116.614
85.0399
74.9161
4.96875
)
;
    }
    upperWall
    {
        type            calculated;
        value           nonuniform List<scalar> 
1235
(
102.489
105.963
98.3617
92.7923
93.7785
94.9384
123.048
93.9728
91.4117
100.741
103.306
105.309
104.374
94.0188
105.184
107.922
90.1285
94.8554
95.8781
96.1212
105.672
111.317
112.252
102.658
99.0916
104.275
105.721
110.031
99.3255
105.871
104.369
107.067
113.626
99.5749
102.091
103.206
100.039
97.759
86.413
140.611
105.914
119.005
149.055
100.824
99.4441
100.141
99.7338
97.7042
91.1021
108.662
100.209
105.1
108.399
101.95
100.977
99.7297
97.9611
98.2463
102.163
100.324
97.5093
97.4985
99.2953
100.179
99.8002
99.0123
98.5445
97.5416
96.9222
96.8698
93.7975
94.0143
94.2975
94.1858
94.5628
94.1541
93.3224
93.2187
93.2581
93.5407
91.1972
91.3718
91.5444
91.4153
91.0412
90.8244
90.8309
90.8242
90.8581
91.0234
88.5972
88.7133
88.7867
88.7486
88.5898
88.4573
88.3622
88.348
88.3889
88.4796
86.0341
86.1143
86.1628
86.1325
86.0306
85.943
85.8995
85.8778
85.9062
85.9636
83.4916
83.5417
83.5571
83.5662
83.4925
83.4377
83.4087
83.3936
83.4179
83.442
80.9711
81.0247
81.0197
81.0134
80.9846
80.9507
80.9474
80.9367
80.9414
80.9365
78.4929
78.5247
78.5294
78.5168
78.4962
78.4814
78.4812
78.4728
78.4726
78.4812
76.0332
76.047
76.0566
76.0551
76.0514
76.052
76.0393
76.0125
76.0248
76.0278
73.6006
73.6167
73.6096
73.6143
73.6157
73.6208
73.6137
73.6131
73.6125
73.5978
71.1858
71.19
71.211
71.209
71.2183
71.2242
71.2204
71.2116
71.1859
71.1852
68.802
68.8179
68.8541
68.8402
68.8307
68.8319
68.8399
68.8274
68.8058
68.8077
66.4454
66.4641
66.4986
66.4707
66.4483
66.444
66.4458
66.4646
66.4473
66.4453
64.1133
64.1175
64.122
64.1243
64.1238
64.1145
64.1056
64.0973
64.1032
64.107
61.7878
61.7935
61.7973
61.8089
61.8105
61.8052
61.7955
61.7844
61.7759
61.7766
59.4807
59.4849
59.4895
59.4894
59.4884
59.483
59.4836
59.4786
59.471
59.4721
57.2024
57.1957
57.1924
57.1949
57.2001
57.1995
57.1971
57.1954
57.2007
57.2027
54.9194
54.9229
54.9168
54.9187
54.9234
54.932
54.9403
54.9407
54.9376
54.9257
52.6609
52.6514
52.6536
52.6646
52.6736
52.679
52.6841
52.6811
52.6901
52.675
50.4214
50.4034
50.399
50.4095
50.4251
50.4385
50.4363
50.4408
50.4416
50.4354
48.1854
48.171
48.1626
48.1621
48.1723
48.1823
48.1881
48.1899
48.1872
48.1863
45.9458
45.9477
45.9534
45.9601
45.9549
45.9493
45.9467
45.9419
45.9425
45.9438
43.7251
43.7364
43.744
43.7397
43.7265
43.7202
43.7215
43.7319
43.7258
43.7235
41.5327
41.5363
41.537
41.5274
41.5198
41.5138
41.5222
41.5284
41.5269
41.5282
39.3354
39.3502
39.3536
39.3544
39.3493
39.3428
39.3374
39.3323
39.321
39.324
37.1619
37.1751
37.1737
37.1695
37.1613
37.1547
37.142
37.1388
37.1399
37.1463
35.0164
35.0134
34.9937
34.9881
34.9847
34.9773
34.9702
34.9742
34.9942
35.0096
32.8642
32.8552
32.8436
32.8385
32.8369
32.8397
32.8445
32.8511
32.8567
32.8631
30.7028
30.7044
30.7152
30.7227
30.7215
30.7272
30.7284
30.7264
30.7198
30.7081
28.5741
28.5799
28.5954
28.612
28.6206
28.6223
28.6162
28.6046
28.5966
28.5812
26.4975
26.4935
26.4932
26.4995
26.5098
26.519
26.5244
26.5244
26.5199
26.5076
24.4575
24.4418
24.4319
24.4279
24.4325
24.4422
24.4562
24.4661
24.4712
24.4665
22.4256
22.4055
22.4028
22.4039
22.4068
22.4102
22.4118
22.4176
22.4221
22.4251
20.3858
20.3841
20.386
20.3938
20.4003
20.4015
20.3935
20.3875
20.3863
20.3852
18.3744
18.3808
18.3894
18.3919
18.3906
18.3854
18.3783
18.374
18.3726
18.3732
16.4079
16.4131
16.4079
16.3966
16.3811
16.3692
16.3611
16.3745
16.3818
16.3977
14.4426
14.4515
14.4345
14.4176
14.3969
14.384
14.38
14.3933
14.4086
14.4244
12.4514
12.4699
12.4708
12.4594
12.4478
12.4383
12.4361
12.4406
12.4404
12.4426
10.4875
10.4949
10.507
10.5117
10.5083
10.503
10.4991
10.4977
10.4939
10.4869
8.57151
8.56194
8.55922
8.56078
8.56218
8.56677
8.56853
8.57064
8.57177
8.57478
6.65829
6.64433
6.63901
6.63897
6.64697
6.66329
6.66994
6.668
6.66048
6.6632
4.73715
4.73409
4.73536
4.74216
4.75634
4.78122
4.78124
4.77
4.75894
4.74725
2.83776
2.83822
2.84072
2.84716
2.85515
2.86444
2.87111
2.86883
2.85859
2.84317
0.948731
0.948003
0.947598
0.94327
0.941485
0.94445
0.953266
0.958314
0.958904
0.948696
98.7138
98.3846
101.301
99.0597
99.5946
105.18
102.047
100.532
105.416
100.711
99.8247
102.297
99.7456
98.8648
99.5301
99.0008
98.5489
98.8206
98.3962
98.6299
98.8192
98.5576
97.8581
98.6757
96.7424
97.0092
100.24
97.327
98.1278
101.419
100.742
99.431
101.238
154.606
111.122
123.928
116.581
106.268
108.207
106.997
93.9949
95.6135
96.7962
99.4469
102.5
102.944
100.869
96.7087
105.604
100.298
99.1621
100.784
102.354
101.697
105.784
106.801
91.5618
100.772
100.694
105.176
100.715
100.172
101.072
102.612
104.422
115.592
104.382
98.6985
96.4577
100.821
100.922
108.026
100.016
100.518
101.856
99.4424
98.2333
103.197
98.5252
97.9101
97.8358
100.124
98.9249
98.1753
96.3554
96.9511
97.5095
98.7666
99.301
100.366
95.8474
95.9285
97.4181
96.1037
96.5811
98.5332
96.8601
97.11
99.6972
96.8158
96.262
100.074
96.041
95.6189
99.0156
95.5847
95.2166
98.5798
95.2077
95.1667
97.9646
95.227
95.0129
96.5827
95.0718
94.9741
96.9831
95.2439
95.6188
97.3608
98.552
99.4207
99.712
98.7368
99.5478
98.4685
100.696
99.1436
99.5489
98.2822
100.066
100.989
102.085
100.569
99.2432
107.566
102.141
101.969
98.55
101.231
103.607
101.277
102.6
101.246
99.7409
101.079
100.412
100.63
101.592
100.955
99.7706
99.9892
100.276
116.221
100.252
99.4662
99.6228
99.6542
99.7485
98.98
99.1205
99.2052
102.372
100.358
99.0838
98.6062
98.811
99.2108
98.5223
98.7625
98.6498
100.66
100.094
98.7184
98.3692
98.4526
98.3815
98.8484
98.5526
98.4834
96.6215
98.4868
99.0814
98.5363
98.6093
98.7907
98.6322
99.2349
98.4794
93.1168
101.446
98.0085
96.4093
97.4931
99.1136
98.3926
99.9049
96.5088
103.579
97.4144
97.9514
97.664
98.6383
98.8206
99.247
99.5214
98.4587
100.679
100.932
100.823
98.1352
97.9676
100.179
98.196
98.2707
99.5747
98.2396
97.8248
98.7843
97.0008
96.512
98.3675
101.557
103.371
102.396
105.705
102.517
101.009
100.109
97.9908
98.0621
99.2366
98.1564
98.1485
98.7123
97.5448
97.2149
98.2865
96.3433
96.259
96.2776
96.348
97.2253
99.8074
98.446
97.8619
96.7198
96.1481
96.1547
98.621
97.5
98.9094
99.6994
98.7494
95.8377
102.948
105.868
102.885
101.999
93.1592
120.959
98.3051
106.76
101.816
97.2643
97.9296
109.687
81.9639
94.8507
105.759
109.489
93.7642
102.313
97.3271
99.0786
100.845
106.17
99.1339
110.944
96.8862
96.6945
92.5636
79.1805
65.0441
91.7047
94.7656
103.596
104.462
113.183
103.469
99.9563
92.9757
106.32
47.8881
98.0758
98.728
96.9489
110.012
111.005
131.645
109.972
109.028
100.739
99.1863
96.1825
100.584
105.929
95.2902
102.275
111.339
96.2452
102.34
118.896
98.4227
92.1978
125.22
98.7469
101.42
119.116
163.525
122.592
87.139
100.093
101.332
91.1807
113.421
101.624
106.491
101.942
104.79
107.063
109.361
104.686
96.9197
105.73
127.867
101.134
109.038
96.998
123.431
93.7967
99.0646
106.977
97.4445
102.78
100.839
108.22
110.805
95.5118
100.593
104.474
108.396
141.009
93.0467
123.081
122.04
84.8873
110.775
96.8308
98.0149
105.81
110.827
80.9022
120.616
108.422
138.712
99.6044
81.7308
176.7
112.907
122.379
99.7249
100.418
105.766
116.876
105.001
106.019
99.5139
99.5306
124.878
107.794
93.1218
92.9556
94.0213
93.4352
93.2367
94.3603
95.3941
96.0305
96.2071
96.2761
96.4663
95.8705
97.8774
96.0673
97.7685
98.3771
143.816
107.601
97.7251
99.299
105.364
109.994
100.424
97.4707
104.65
116.561
115.124
106.467
102.304
99.8998
104.02
103.776
85.7878
103.813
120.086
102.671
96.6452
96.9264
98.6633
95.9126
103.612
94.8286
139.952
132.897
101.098
105.09
97.7156
102.382
137.39
71.8216
93.7521
96.5921
103.372
108.895
117.747
118.859
98.4485
91.5044
98.8301
118.07
101.989
82.3043
110.888
104.61
96.4093
84.445
106.405
100.111
110.848
103.429
110.448
107.082
106.933
98.1256
105.801
118.996
102.808
104.469
100.587
84.4296
107.509
97.961
96.8523
93.4943
102.962
89.7046
104.94
93.0138
127.024
101.245
104.161
109.064
110.663
104.437
100.653
96.823
102.094
100.279
97.6457
98.1489
87.0008
88.6857
99.836
103.511
62.9173
104.582
110.701
108.916
102.726
100.685
103.2
100.995
100.434
98.0757
148.346
99.9683
101.926
95.8889
95.7833
96.7485
113.15
84.5662
119.296
108.499
102.874
103.667
105.979
105.075
104.52
103.424
109.336
110.134
99.0548
99.9685
99.9494
100.002
102.942
102.834
103.686
98.4424
111.414
89.3287
100.733
114.022
80.2518
104.003
105.236
85.0213
88.0705
132.616
121.319
82.8314
98.7081
109.222
109.667
108.701
98.7044
97.7917
97.6039
95.8128
95.9674
95.3682
109.254
98.5771
104.042
95.9367
96.5511
96.628
107.633
113.845
101.362
104.779
98.2401
101.081
102.005
105.754
130.982
102.683
101.542
104.612
95.0187
110.942
114.783
106.113
98.9421
99.5769
99.243
99.4741
97.5044
117.467
125.784
98.5251
77.9556
153.795
123.607
107.837
127.313
95.9809
90.5608
107.318
94.009
100.402
103.453
96.3031
85.1822
87.5413
100.842
126.906
102.641
62.4485
103.668
104.314
101.658
105.699
94.4983
91.9831
96.9076
61.9677
123.348
103.429
97.0118
100.399
127.42
92.357
93.7636
101.37
102.312
103.894
102.251
103.271
107.872
105.432
106.845
102.418
120.282
105.399
112.864
117.473
133.597
108.583
100.253
110.455
122.606
102.608
105.319
111.962
106.982
95.3988
109.165
105.571
104.179
100.788
115.007
121.985
85.2269
101.868
121.317
111.573
100.815
100.189
90.5506
108.133
86.4384
108.954
156.175
75.8547
107.593
103.557
93.4294
88.5601
92.213
100.663
90.0007
101.585
113.126
108.088
89.7374
102.914
97.5957
109.841
109.517
110.312
92.4958
103.899
105.948
113.731
115.273
119.427
113.975
103.034
136.274
119.895
105.773
107.418
111.487
103.746
100.019
92.0727
92.6179
102.541
114.383
107.486
112.147
94.8989
101.275
112.791
105.08
109.377
98.7076
99.4726
159.803
104.027
151.803
118.715
109.96
112.109
107.834
96.2771
156.621
128.274
106.046
123.41
143.325
109.17
99.7429
123.936
147.851
154.833
129.462
148.279
97.9453
98.7032
95.2023
116.361
126.149
99.8333
108.693
86.8685
118.227
107.755
164.232
133.267
146.965
125.791
109.588
79.9726
119.454
94.5893
101.887
107.491
121.735
36.9133
96.4316
155.746
)
;
    }
    frontWall
    {
        type            cyclic;
    }
    backWall
    {
        type            cyclic;
    }
}


// ************************************************************************* //
