/*--------------------------------*- C++ -*----------------------------------*\
| =========                 |                                                 |
| \\      /  F ield         | OpenFOAM: The Open Source CFD Toolbox           |
|  \\    /   O peration     | Version:  5.0                                   |
|   \\  /    A nd           | Web:      www.OpenFOAM.org                      |
|    \\/     M anipulation  |                                                 |
\*---------------------------------------------------------------------------*/
FoamFile
{
    version     2.0;
    format      ascii;
    class       volScalarField;
    location    "1.1";
    object      p;
}
// * * * * * * * * * * * * * * * * * * * * * * * * * * * * * * * * * * * * * //

dimensions      [1 -1 -2 0 0 0 0];

internalField   nonuniform List<scalar> 
9011
(
88.468
98.4057
107.585
123.46
100.674
96.391
93.0449
89.9119
87.4365
84.9531
82.497
80.0528
77.6251
75.2343
72.8637
70.5183
68.19
65.893
63.623
61.3746
59.1326
56.9119
54.7212
52.5236
50.3508
48.1982
46.0492
43.8987
41.7682
39.6629
37.5538
35.4695
33.4134
31.351
29.2804
27.2429
25.2571
23.3075
21.3655
19.4195
17.5006
15.6272
13.7556
11.8545
9.98296
8.15914
6.33649
4.50804
2.70004
0.903073
99.6087
92.632
102.581
102.031
100.741
101.075
94.0922
90.6884
87.9464
85.2793
82.7053
80.1817
77.7265
75.2968
72.8954
70.5454
68.2006
65.9126
63.6474
61.3804
59.1408
56.9169
54.7162
52.5306
50.3429
48.1807
46.0366
43.9002
41.7757
39.6655
37.5682
35.483
33.4112
31.3436
29.2822
27.2475
25.2538
23.2933
21.3511
19.4194
17.5072
15.6319
13.7631
11.8746
9.9915
8.14957
6.32409
4.50572
2.70133
0.90279
86.7321
77.235
115.748
104.016
103.697
100.29
96.0598
91.3602
88.3375
85.4966
82.8435
80.2544
77.7557
75.3222
72.9167
70.5439
68.2206
65.9425
63.666
61.3803
59.143
56.9194
54.7049
52.5158
50.3418
48.1755
46.0269
43.906
41.7855
39.6668
37.573
35.4829
33.3926
31.3328
29.2957
27.267
25.2538
23.2837
21.3466
19.4213
17.5154
15.6267
13.7464
11.8751
10.0022
8.14746
6.32048
4.50745
2.70441
0.902468
104.621
110.965
94.0165
107.335
99.7619
100.541
98.2886
91.4761
88.3318
85.513
82.8406
80.2743
77.7567
75.3139
72.9172
70.5491
68.2225
65.9346
63.6449
61.3835
59.1512
56.9187
54.7109
52.5208
50.355
48.1867
46.0266
43.9126
41.7803
39.6574
37.5738
35.4782
33.3869
31.3275
29.3014
27.2821
25.2602
23.28
21.3477
19.4293
17.5198
15.615
13.7289
11.8625
10.0071
8.14893
6.3196
4.51452
2.7109
0.89848
104.236
111.11
81.9148
56.5359
125.965
106.81
98.1411
91.6543
87.73
85.2384
82.6757
80.1651
77.7066
75.2801
72.9042
70.5444
68.2275
65.9218
63.6225
61.3816
59.1538
56.917
54.7148
52.5252
50.3634
48.2012
46.0367
43.9083
41.7681
39.65
37.5681
35.4701
33.3843
31.3259
29.3015
27.2908
25.2704
23.2845
21.3504
19.4354
17.5189
15.6028
13.7083
11.8511
10.0039
8.1502
6.32723
4.52835
2.71869
0.896122
99.0634
95.1803
113.825
140.755
102.217
91.1544
95.7241
90.5214
87.2067
84.9247
82.4787
80.045
77.6328
75.2419
72.8941
70.5441
68.2288
65.9196
63.6158
61.3724
59.15
56.9147
54.7158
52.5357
50.3698
48.2162
46.0471
43.9017
41.7611
39.6433
37.562
35.4643
33.376
31.3274
29.3052
27.2921
25.28
23.2943
21.3535
19.4366
17.5129
15.5893
13.6955
11.8421
9.99942
8.15492
6.34327
4.55299
2.7285
0.898821
99.0792
96.5131
106.858
103.6
104.039
93.0432
94.6625
89.4039
87.0088
84.6745
82.3291
79.9469
77.5856
75.2141
72.8628
70.525
68.2179
65.9236
63.6165
61.3598
59.1363
56.9123
54.7142
52.5428
50.374
48.214
46.0534
43.8989
41.7609
39.6512
37.5558
35.4505
33.3688
31.3333
29.3079
27.2865
25.2856
23.3062
21.355
19.4282
17.5053
15.58
13.6904
11.8393
9.9951
8.15656
6.34966
4.55302
2.73455
0.90824
91.849
98.0384
105.799
104.404
100.943
95.3037
93.3047
88.901
86.7559
84.5051
82.2128
79.8741
77.5402
75.1846
72.8234
70.5159
68.2018
65.9066
63.6272
61.3524
59.1256
56.9063
54.7095
52.5431
50.3711
48.2182
46.0549
43.8967
41.7761
39.6597
37.5527
35.448
33.3737
31.34
29.306
27.2759
25.2867
23.3218
21.362
19.4231
17.5011
15.5935
13.7045
11.8441
9.99364
8.15882
6.34842
4.54201
2.73236
0.912308
89.5939
102.354
101.019
129.876
86.7896
90.7978
90.6396
88.5283
86.6212
84.4659
82.2018
79.8779
77.5338
75.1784
72.8315
70.5128
68.1819
65.891
63.6222
61.3614
59.1205
56.9012
54.7178
52.541
50.3804
48.2189
46.052
43.8951
41.7662
39.6565
37.54
35.4483
33.3907
31.3446
29.298
27.2644
25.2804
23.3228
21.3653
19.4212
17.4994
15.6008
13.7197
11.8444
9.98974
8.15952
6.34104
4.53074
2.72114
0.9128
92.382
95.8043
195.316
146.818
129.332
90.6336
90.762
88.957
86.8887
84.6227
82.303
79.9311
77.5484
75.2009
72.8442
70.5078
68.1838
65.8939
63.6188
61.3667
59.124
56.9051
54.7213
52.5297
50.365
48.2142
46.0526
43.8969
41.7644
39.6582
37.5431
35.4541
33.4059
31.3501
29.2853
27.2482
25.2657
23.3166
21.3672
19.4194
17.4998
15.6155
13.7334
11.8451
9.98175
8.16162
6.34142
4.51838
2.70686
0.904008
98.7912
96.006
108.028
104.638
100.734
96.4108
93.046
89.9126
87.4364
84.9531
82.4971
80.0529
77.6249
75.2343
72.8636
70.5178
68.19
65.893
63.6231
61.3744
59.1325
56.9124
54.7212
52.5235
50.3509
48.1983
46.0491
43.8987
41.7681
39.6629
37.5538
35.4697
33.4135
31.3509
29.2803
27.2428
25.2571
23.3075
21.3655
19.4195
17.5005
15.6273
13.7557
11.8546
9.98293
8.1592
6.33638
4.50793
2.7
0.903138
105.113
95.1976
107.261
101.476
100.194
100.468
94.0761
90.6888
87.9463
85.2793
82.7053
80.1817
77.7265
75.2967
72.8954
70.5453
68.2006
65.9128
63.6474
61.3803
59.1408
56.917
54.7161
52.5305
50.343
48.1807
46.0366
43.9002
41.7757
39.6656
37.5687
35.4831
33.4111
31.3436
29.2822
27.2474
25.2538
23.2933
21.351
19.4194
17.5073
15.632
13.763
11.8744
9.99162
8.14957
6.32401
4.50583
2.70153
0.902742
84.9872
94.7963
113.876
104.922
102.704
99.8763
96.0122
91.3613
88.3382
85.4966
82.8435
80.2543
77.7557
75.3222
72.9166
70.5439
68.2205
65.9423
63.6662
61.3802
59.1425
56.9193
54.7047
52.5157
50.3417
48.1754
46.0269
43.9059
41.7855
39.6669
37.5729
35.4828
33.3927
31.3328
29.2958
27.267
25.2538
23.2837
21.3466
19.4213
17.5155
15.6268
13.7463
11.8749
10.0021
8.14729
6.32043
4.50749
2.70443
0.902468
104.888
102.228
141.823
109.553
100.059
100.579
98.2232
91.4775
88.3317
85.5127
82.8406
80.2744
77.7567
75.3138
72.9172
70.5491
68.2225
65.9344
63.6448
61.3834
59.1513
56.9187
54.7109
52.5209
50.3549
48.1865
46.0268
43.9127
41.7805
39.6573
37.5736
35.4783
33.3869
31.3275
29.3015
27.2821
25.2601
23.28
21.3477
19.4293
17.5198
15.615
13.7289
11.8626
10.0071
8.14895
6.31949
4.51449
2.71089
0.898324
102.334
107.612
79.3252
69.1187
103.497
103.956
98.1723
91.6527
87.7302
85.2386
82.6757
80.165
77.7065
75.2801
72.9042
70.5445
68.2275
65.9217
63.6224
61.3817
59.1539
56.917
54.7144
52.5253
50.3632
48.2013
46.0368
43.9083
41.7679
39.6499
37.5681
35.4701
33.3836
31.3258
29.3015
27.2908
25.2704
23.2844
21.3504
19.4358
17.5188
15.6024
13.7083
11.8511
10.0039
8.15019
6.32717
4.52822
2.71864
0.896174
99.657
94.4794
106.854
92.4188
125.95
91.8787
95.676
90.5193
87.2069
84.9249
82.4786
80.0449
77.633
75.2419
72.894
70.544
68.2288
65.9197
63.6157
61.3724
59.1499
56.9146
54.7158
52.5358
50.3698
48.2163
46.0471
43.9016
41.7611
39.6435
37.562
35.4638
33.3759
31.3274
29.3053
27.292
25.28
23.2942
21.3535
19.4366
17.5127
15.5888
13.6956
11.8421
9.99929
8.1549
6.34325
4.553
2.72826
0.89878
95.8156
95.3654
118.033
98.672
111.906
93.5925
94.7982
89.4036
87.0088
84.6745
82.3291
79.9468
77.5856
75.214
72.8628
70.525
68.2179
65.9235
63.6164
61.3599
59.1363
56.9123
54.7142
52.5427
50.3737
48.214
46.0534
43.8989
41.761
39.6511
37.5559
35.4504
33.3687
31.3332
29.3078
27.2865
25.2855
23.3061
21.3549
19.4283
17.5053
15.5798
13.6905
11.8393
9.99496
8.15654
6.34977
4.5531
2.73453
0.908365
91.8388
92.5254
105.355
103.252
99.3565
95.1897
93.1889
88.9014
86.7561
84.5051
82.2127
79.8741
77.5402
75.1845
72.8234
70.5159
68.2021
65.9064
63.6273
61.3524
59.1256
56.9064
54.7095
52.5431
50.371
48.2182
46.0549
43.8964
41.7759
39.6597
37.5526
35.4479
33.3737
31.34
29.3059
27.2759
25.2867
23.3218
21.362
19.4231
17.501
15.5935
13.7045
11.8441
9.99356
8.1588
6.34841
4.54199
2.73229
0.912432
91.1766
98.0832
104.997
123.006
83.8338
89.5004
90.6833
88.5285
86.6213
84.4659
82.2017
79.8779
77.5338
75.1784
72.8315
70.513
68.182
65.8911
63.6222
61.3614
59.1205
56.9012
54.7177
52.5409
50.3805
48.2189
46.0519
43.895
41.7662
39.6566
37.54
35.4481
33.3911
31.3446
29.298
27.2645
25.2804
23.3227
21.3651
19.4212
17.4994
15.6008
13.7197
11.8443
9.98971
8.15948
6.34099
4.53071
2.72121
0.912804
88.0982
86.1794
107.53
137.691
97.8574
90.6947
90.7628
88.9574
86.8885
84.6227
82.3032
79.931
77.5482
75.2009
72.8442
70.508
68.1837
65.8939
63.6189
61.3667
59.1239
56.905
54.7212
52.5297
50.365
48.2141
46.0526
43.8969
41.7644
39.6582
37.543
35.4542
33.406
31.35
29.2853
27.2483
25.2656
23.3166
21.3672
19.4194
17.4998
15.6155
13.7334
11.8449
9.98172
8.16165
6.34119
4.51836
2.70689
0.903991
97.4794
96.3851
108.267
112.925
100.553
96.4127
93.0451
89.9122
87.4364
84.953
82.4971
80.0529
77.6247
75.2343
72.8636
70.5175
68.1899
65.893
63.6231
61.3742
59.1324
56.9123
54.7211
52.5234
50.3509
48.1982
46.0489
43.8986
41.7679
39.6628
37.5539
35.4697
33.4134
31.3507
29.2802
27.2428
25.2571
23.3076
21.3655
19.4194
17.5004
15.6273
13.7558
11.8547
9.98291
8.15917
6.33626
4.50783
2.6999
0.90309
93.9448
90.5165
111.205
104.079
100.412
99.7368
94.0823
90.6879
87.9463
85.2791
82.7052
80.1816
77.7264
75.2967
72.8953
70.5451
68.2005
65.9128
63.6472
61.3802
59.1408
56.917
54.716
52.5302
50.3431
48.1807
46.0363
43.9001
41.7758
39.6656
37.5688
35.483
33.411
31.3436
29.2822
27.2473
25.2537
23.2937
21.3509
19.4192
17.5072
15.6321
13.7629
11.8741
9.99163
8.14956
6.32386
4.50577
2.70155
0.902549
88.3035
101.126
147.191
103.556
103.346
99.7745
96.0142
91.3611
88.3386
85.4965
82.8434
80.2543
77.7556
75.3221
72.9166
70.5438
68.2205
65.9421
63.666
61.3801
59.1422
56.9193
54.7046
52.5157
50.3417
48.1753
46.0269
43.9059
41.7855
39.6669
37.5728
35.4824
33.3928
31.3329
29.2959
27.267
25.2536
23.2837
21.3465
19.4212
17.5156
15.627
13.746
11.8747
10.0021
8.14722
6.32033
4.50745
2.7044
0.902174
113.818
98.169
136.233
107.774
105.107
100.224
98.2287
91.4777
88.3316
85.5124
82.8405
80.2743
77.7566
75.3137
72.9171
70.549
68.2224
65.9342
63.6447
61.3833
59.1514
56.9186
54.7108
52.5214
50.3547
48.1863
46.0269
43.9126
41.7805
39.6572
37.5735
35.4783
33.3868
31.3274
29.3015
27.2817
25.26
23.2801
21.3477
19.4292
17.5197
15.6149
13.7286
11.8628
10.0072
8.14892
6.31939
4.51442
2.71076
0.897987
106.141
109.885
86.8863
47.8004
100.58
103.228
98.1471
91.6536
87.7294
85.2388
82.6756
80.1648
77.7063
75.28
72.9042
70.5445
68.2274
65.9217
63.6223
61.3817
59.1539
56.9163
54.7143
52.5254
50.3629
48.2013
46.0369
43.9082
41.7678
39.6499
37.5681
35.4701
33.3836
31.3258
29.3015
27.2907
25.2704
23.2845
21.3504
19.4359
17.5185
15.602
13.7084
11.8511
10.0038
8.15012
6.32733
4.52805
2.71853
0.896079
95.1084
94.9606
111.327
97.1925
121.295
91.3889
95.6559
90.5206
87.2062
84.925
82.4784
80.0449
77.633
75.2418
72.894
70.5439
68.2287
65.9197
63.6156
61.3724
59.1499
56.9141
54.7156
52.5358
50.3698
48.2162
46.0469
43.9016
41.761
39.6438
37.5622
35.4636
33.3757
31.3273
29.3054
27.2919
25.2799
23.2942
21.3535
19.4367
17.5126
15.5884
13.6955
11.842
9.99911
8.15483
6.34325
4.55299
2.72753
0.898751
94.0413
94.2657
102.963
108.381
99.9909
93.8249
94.7305
89.4025
87.0087
84.6744
82.329
79.9468
77.5855
75.214
72.8627
70.5249
68.2178
65.9233
63.6164
61.3599
59.1362
56.9122
54.7141
52.5427
50.3735
48.214
46.0533
43.8992
41.7612
39.6511
37.5557
35.4502
33.3687
31.3332
29.3077
27.2863
25.2855
23.3061
21.3549
19.4283
17.5052
15.5797
13.6904
11.8392
9.99483
8.15648
6.35003
4.55283
2.73446
0.908312
101.389
179.301
111.534
107.139
101.043
95.1997
93.2245
88.9012
86.7562
84.505
82.2126
79.874
77.5401
75.1845
72.8233
70.5159
68.2023
65.9061
63.6274
61.3523
59.1255
56.9064
54.7096
52.543
50.3708
48.2182
46.0549
43.8962
41.7759
39.6598
37.5525
35.4478
33.3736
31.34
29.3058
27.2758
25.2866
23.3217
21.3619
19.4231
17.5009
15.5935
13.7045
11.844
9.99344
8.15874
6.34836
4.54195
2.73228
0.912439
94.4931
97.1395
100.333
107.238
115.575
89.0877
90.605
88.5285
86.6216
84.4658
82.2017
79.8778
77.5337
75.1783
72.8315
70.5132
68.182
65.8909
63.6222
61.3614
59.1204
56.9011
54.7177
52.5408
50.3803
48.2189
46.0518
43.8949
41.7668
39.6567
37.5399
35.448
33.3918
31.3445
29.2977
27.2646
25.2803
23.3226
21.365
19.4211
17.4995
15.6008
13.7196
11.8441
9.9896
8.15942
6.34083
4.53065
2.7212
0.912709
93.054
88.5837
99.4408
117.207
98.2984
90.704
90.7613
88.9573
86.8886
84.6227
82.3032
79.9308
77.548
75.2009
72.8441
70.5082
68.1837
65.8938
63.6189
61.3666
59.1236
56.9049
54.7212
52.5297
50.365
48.214
46.0525
43.8969
41.7643
39.6578
37.5429
35.4544
33.4064
31.3499
29.2852
27.2484
25.2656
23.3165
21.3672
19.4194
17.4997
15.6154
13.7334
11.8448
9.98167
8.1616
6.34102
4.51825
2.7069
0.903932
94.067
98.6349
95.2325
96.4115
94.0744
98.6466
95.2289
95.5819
100.066
97.1465
101.454
95.6317
99.9832
97.0719
97.5225
100.917
99.1259
99.9107
97.4605
100.606
99.141
99.379
102.211
99.3302
100.599
99.3955
102.174
99.3215
98.4942
99.0252
95.7929
103.9
98.4962
91.5222
95.8056
95.5914
95.3114
94.3681
91.2369
95.5901
93.7968
94.3708
94.2731
95.2454
94.4527
93.9763
94.2691
95.1659
94.4691
94.3723
93.5737
92.2484
95.1815
94.3791
93.6181
92.1815
90.883
90.0418
89.5464
89.2651
90.7395
89.7214
89.5428
90.5845
95.1784
93.486
90.6688
90.5833
95.2761
93.4811
94.0715
98.6691
95.2287
96.4108
94.0715
98.6374
95.2475
95.6202
100.378
97.0728
100.635
95.5204
99.7372
97.0725
97.4849
100.549
99.1342
99.5241
97.4677
100.628
99.1486
99.3925
102.297
99.3074
100.568
99.3908
102.249
99.3183
98.4921
94.0209
95.8146
103.635
98.4934
89.3491
95.815
95.6036
93.8244
94.379
91.3461
95.5895
93.5558
94.3761
94.2825
95.1137
94.4685
93.8643
94.2911
95.1454
94.4692
94.3844
93.6286
92.157
95.2185
94.4009
93.6111
92.2053
90.8262
88.5998
89.5123
89.0337
90.8762
88.7714
89.5334
90.5831
95.3859
93.4773
90.7033
90.5741
95.272
93.5068
94.0737
98.6645
95.2549
96.3864
94.0679
98.6091
95.2392
95.5072
99.7306
97.062
103.646
95.5587
99.7351
97.1971
97.4706
100.631
99.1519
99.6989
97.4973
100.651
99.1238
99.3929
102.513
99.3071
100.586
99.3732
102.311
99.3012
98.4981
88.5196
95.8435
110.202
98.49
104.11
95.8335
95.6421
93.628
94.3824
91.5908
95.5904
94.0814
94.372
94.3106
95.1829
94.4689
93.7541
94.3002
95.1794
94.4495
94.3977
95.0194
92.2227
95.2109
94.3792
93.4148
92.2347
90.8213
88.9038
89.5381
89.7967
91.3092
88.9991
89.5584
90.5768
95.4213
93.5181
90.7136
90.5751
95.607
93.4955
96.9815
101.524
100.402
100.643
97.0404
102.222
99.5703
96.4682
96.4264
97.094
96.4026
97.092
96.4669
96.4006
91.5416
93.8894
92.2566
93.0454
91.5501
93.8898
92.2654
100.586
101.514
99.5849
101.603
99.4455
100.283
99.424
99.1951
98.7378
104.065
100.721
98.6989
100.396
99.8155
92.6799
95.7778
93.3974
94.0857
92.6884
95.7814
93.4073
99.9677
103.15
100.719
102.713
100.575
104.641
100.774
99.5375
99.0486
100.347
100.149
98.9875
100.342
99.5467
93.8589
97.7911
94.2962
96.0134
93.869
97.6241
94.3057
106.692
109.264
103.9
100.087
101.287
108.438
104.301
99.7006
100.201
100.918
100.527
100.149
101.8
102.779
94.2141
98.9926
93.9583
98.2386
94.2214
98.9563
93.9615
100.923
112.684
119.615
121.262
152.355
109.92
107.749
97.7576
99.1651
102.301
119.881
99.1021
103.324
97.904
93.3782
96.0841
92.2832
98.1728
93.3879
95.9899
92.2887
97.954
99.6333
107.791
124.078
89.7397
100.785
117.758
94.6232
95.4735
93.9511
90.8337
95.4942
94.1649
94.6045
92.0665
94.7045
91.205
95.6382
92.0717
94.7141
91.2132
98.3666
101.148
97.461
100.451
99.6213
101.953
98.5339
94.4839
94.039
92.9095
93.2191
94.0372
92.79
94.3963
91.1577
93.5769
90.9914
94.7365
91.1602
93.5388
90.9973
96.7906
98.3159
94.1107
99.3981
97.2199
96.1178
94.1041
94.7309
94.8294
94.863
95.339
94.8324
94.5702
94.8365
90.876
91.0868
90.2619
93.2004
90.8838
91.0681
90.2699
88.2716
101.888
101.027
80.922
132.289
95.9886
94.816
91.6339
90.5604
89.2469
96.0678
90.5544
94.3879
91.5595
89.8393
90.2477
89.5949
90.6654
89.848
90.2458
89.6019
93.8423
100.824
95.2192
160.957
92.3695
115.065
94.8521
90.9073
90.8199
91.0639
90.6521
90.8099
91.0899
90.8837
89.9085
92.0542
90.8105
90.7622
89.9162
92.0547
90.8184
96.9367
102.023
99.5032
101.501
96.8836
103.848
99.3103
96.4642
96.332
97.0896
96.4111
96.4706
97.0957
96.3186
91.549
93.8904
92.2645
93.0457
91.5489
93.8906
92.2644
99.4543
100.35
101.582
100.255
99.5777
101.649
99.6128
99.4799
98.4528
100.51
99.8391
99.4585
98.2213
103.27
92.6873
95.7712
93.4074
94.0728
92.6867
95.7714
93.4072
100.294
103.087
101.174
102.902
100.338
103.755
101.496
99.5202
98.965
100.341
99.6774
99.527
98.9973
100.365
93.8683
97.6131
94.3044
96.0159
93.8682
97.6024
94.3044
101.151
109.319
103.506
101.165
101.115
109.503
103.367
106.364
100.084
103.099
101.202
105.773
100.012
102.955
94.2188
99.158
93.9553
98.2245
94.2192
99.0151
93.9576
116.091
165.819
129.707
104.924
126.616
113.474
105.789
97.6549
99.1811
103.685
104.298
97.7045
99.223
105.299
93.386
96.0273
92.2858
98.1567
93.3851
96.0097
92.2866
88.903
100.491
101.733
123.162
90.571
100.966
112.171
94.4885
95.3919
93.2795
92.7639
94.5239
95.5573
93.2288
92.0691
94.7316
91.2117
95.6568
92.0702
94.7359
91.2131
100.157
102.19
96.1081
98.7002
98.2749
102.434
96.6486
94.6457
94.1762
101.974
93.5258
94.4139
93.7839
97.5803
91.1589
93.5338
90.9945
94.6801
91.1559
93.5326
90.9946
96.6632
95.5567
96.0022
100.321
96.2909
93.2392
94.301
95.7257
96.4826
95.4213
95.2229
94.9881
95.3254
95.5522
90.8826
91.0665
90.2691
93.2042
90.8826
91.0728
90.2687
96.796
96.8898
93.8031
91.2223
96.4779
98.5348
92.9122
91.6345
90.6401
91.6087
89.6021
91.8113
90.727
91.5453
89.8478
90.2432
89.6004
90.6174
89.8476
90.2412
89.6005
92.4239
115.837
94.9075
103.475
92.4286
111.304
95.031
90.913
90.9594
91.1195
90.6851
90.8981
90.9441
91.1499
89.9147
92.0556
90.8174
90.7619
89.9146
92.0555
90.8174
97.1392
101.872
99.2832
102.409
96.937
101.395
99.6118
96.4686
96.3809
97.0729
96.4138
96.4635
97.0911
96.4033
91.5498
93.8901
92.265
93.0442
91.5412
93.8895
92.256
99.9094
100.658
99.5495
101.38
100.66
100.755
100.27
100.91
98.6647
99.0088
99.9487
100.137
98.4215
99.2722
92.687
95.7749
93.4077
94.0908
92.6779
95.7871
93.3985
101.282
103.595
101.994
104.515
101.02
103.632
102.974
99.5076
99.0417
100.587
99.4754
99.5324
99.047
100.582
93.8689
97.6242
94.3057
96.047
93.859
97.7709
94.2962
101.116
108.819
103.45
103.608
103.584
120.952
103.151
99.2696
99.981
100.816
100.328
103.931
99.8411
100.844
94.2224
99.1256
93.9602
98.2814
94.2144
99.007
93.9582
98.6476
111.357
102.319
82.2704
98.2398
117.146
103.577
97.8939
99.2202
100.073
109.192
97.7733
99.2292
100.173
93.3873
95.9956
92.2907
98.1285
93.378
96.0468
92.2831
90.6481
104.142
103.602
120.663
94.7896
104.118
102.811
94.1624
95.343
93.7755
91.4727
94.1269
95.3444
95.1225
92.0746
94.754
91.2157
95.712
92.0689
94.7102
91.206
97.256
96.5922
94.8616
99.7775
97.4455
96.449
94.7638
94.6848
93.7993
96.9483
93.7568
94.581
93.827
96.998
91.1606
93.54
90.9975
94.6146
91.1571
93.5735
90.9918
96.4705
94.1103
95.1581
101.231
96.3259
95.1521
98.6508
95.1273
95.2044
94.6834
95.2183
95.2443
95.2014
95.2138
90.8837
91.0744
90.2692
93.3168
90.8756
91.0881
90.261
97.9379
99.792
93.7761
103.718
97.832
99.8061
93.9631
91.433
90.8581
91.3553
94.8846
91.4052
90.969
91.4899
89.8476
90.2413
89.6021
90.6596
89.839
90.2442
89.5953
92.5174
112.832
95.2351
98.2029
92.1815
110.01
96.6145
90.8817
90.9348
91.1502
90.7108
90.854
90.9622
91.1573
89.9158
92.0545
90.8185
90.7612
89.908
92.0537
90.8107
95.1803
95.0218
94.3683
94.077
94.3789
95.2183
95.0133
97.7514
98.1612
97.5358
98.6446
98.1706
97.5754
97.7317
95.9965
94.955
96.4531
95.2378
94.9647
96.3234
96.0836
96.4716
96.4092
96.3431
97.0841
97.0826
96.4708
96.3729
95.1634
94.0728
95.01
94.375
94.3747
95.1587
95.0099
97.7518
98.6454
98.1476
97.6131
98.16
97.603
97.745
95.9652
95.2302
94.9581
96.3313
94.9591
96.2805
95.953
98.3623
96.8415
95.7096
95.5935
96.7798
95.6954
99.0817
98.6384
98.7104
99.0961
99.8666
98.6889
99.1097
98.6238
98.2676
96.7632
98.6743
97.1047
96.669
98.7
98.2426
98.9482
101.45
98.7574
100.317
98.6636
100.838
99.3559
98.0763
95.6046
96.7357
95.5375
96.7193
95.568
98.7871
98.6491
99.8668
98.9825
99.1054
99.5658
99.1037
98.6536
98.3084
97.1026
96.6957
98.6765
96.6598
98.7258
98.2949
99.3665
98.8031
98.5401
97.4396
98.7829
98.5371
99.3515
99.5412
100.385
100.18
101.013
100.261
100.056
99.7272
99.9712
99.1331
99.6326
99.1422
99.1699
99.6328
99.9511
99.5388
100.022
98.9386
100.334
98.9308
100.325
99.5239
99.3726
97.4279
98.7708
98.5582
98.7722
98.5452
99.356
99.4868
100.7
100.139
99.9843
100.15
100.08
99.4443
99.9785
99.1498
99.1449
99.63
99.1631
99.6277
99.9815
99.4968
99.6496
99.2298
99.394
99.6549
99.2554
99.5121
100.581
101.283
100.994
102.18
101.325
101.03
100.527
99.911
99.539
99.9696
99.3449
99.544
99.9831
99.9586
100.838
100.58
100.544
103.086
100.42
104.276
100.998
100.111
99.3973
99.6478
99.2454
99.69
99.2522
102.976
100.624
102.21
101.242
100.828
100.975
100.847
100.645
99.801
99.3486
99.5404
99.9434
99.5436
99.9744
99.8147
98.3152
99.2253
97.7956
98.496
99.2198
97.7955
98.2951
95.6809
99.9739
95.882
104.208
103.371
96.0825
95.7651
96.6564
96.4423
95.7812
95.7873
96.4442
95.7656
96.7801
97.7985
103.479
99.1704
102.531
99.1568
104.392
97.8487
98.2821
98.5086
99.2078
97.7905
99.2062
97.8111
98.2646
95.6225
91.7132
107.183
95.8366
105.892
95.9902
95.6374
96.6806
95.8275
96.4418
95.7281
96.4443
95.7507
96.7329
94.7847
95.2632
94.8959
95.5779
95.2423
94.8943
94.8072
95.2635
94.7637
93.7369
95.2581
94.8116
93.5891
95.3501
95.0419
94.8734
95.0351
94.3689
94.8727
95.0004
95.0329
94.5301
90.9334
95.4116
93.575
95.4093
96.9056
94.5248
94.7512
95.6156
95.2222
94.8996
95.274
94.9328
94.7514
95.2722
102.369
94.6438
93.489
100.018
93.5697
95.2766
95.5482
94.3715
94.863
94.9995
94.8697
95.0009
94.7865
94.4419
94.4448
94.4162
94.2645
94.4548
94.4208
94.437
94.9156
95.7884
94.9466
95.2112
95.7764
94.9488
94.9916
94.7696
94.651
94.6472
94.4625
94.6709
94.6413
94.7584
94.3747
97.5306
94.2517
92.6181
94.6501
92.6322
94.4034
94.4399
94.2559
94.4277
94.4127
94.4319
94.4177
94.4406
94.8948
95.1898
95.7694
94.9219
95.7664
94.9352
94.9449
94.7743
94.4674
94.6674
94.6192
94.6783
94.6679
94.7497
94.435
94.5864
94.0078
94.3691
94.5846
94.044
94.4239
94.6736
88.0682
93.3864
93.5596
86.7345
93.3629
96.424
94.3545
93.1675
93.0063
92.2309
93.1912
93.0322
94.3459
95.8697
95.2774
94.7469
95.4815
94.9843
96.3477
94.8329
94.4255
94.3757
94.5822
94.046
94.5822
94.0485
94.4178
95.2692
93.6602
98.3204
93.3575
101.173
93.3633
96.0113
94.3417
92.2074
93.1779
93.0344
93.1714
93.0443
94.3184
90.8134
91.5028
90.8852
90.8197
91.5049
90.6144
90.7749
92.1088
92.0643
89.1926
89.0474
93.4607
89.1624
92.085
91.6035
90.5204
89.6692
89.5529
90.4938
89.6679
91.6702
91.6877
98.2468
90.5585
91.9849
90.5617
92.3052
91.7654
90.8733
90.7611
91.4731
90.4977
91.4911
90.5381
91.0048
92.0365
89.8416
90.0547
89.2626
99.2964
89.1931
91.9449
91.513
89.5544
90.4647
89.592
90.4725
89.6763
91.5091
90.9801
90.7373
90.9372
90.5887
90.6799
90.9424
91.1266
92.8898
92.2886
95.4121
95.1739
92.3102
92.9091
95.2803
92.2899
91.9789
94.1524
93.494
91.9872
92.3342
94.1677
90.897
90.6886
90.766
91.0994
90.8393
91.0894
90.8948
90.958
90.581
90.6067
90.9367
90.6891
90.9373
90.9419
92.8733
95.2233
92.3113
95.1089
92.3152
92.873
95.2923
92.2685
93.4853
91.9819
94.1315
91.9818
92.2633
94.1776
95.1523
95.0132
94.3718
94.0729
95.1531
94.372
95.0178
97.7632
98.1452
97.5663
98.6363
97.7523
98.1403
97.5784
95.9294
94.9528
96.3055
95.233
95.9388
94.952
96.2614
96.4581
96.4108
96.3374
97.0807
97.0923
96.4573
96.3034
95.1555
94.0726
95.0163
94.3718
94.3721
95.1576
95.0196
97.7685
98.6364
98.099
97.5488
98.1256
97.601
97.76
95.9214
95.2373
94.9537
96.2648
94.9514
96.2515
95.9266
99.0466
96.512
95.573
95.5714
98.9468
96.3642
95.5314
98.7196
99.2576
99.1035
99.9447
98.668
98.8293
99.1126
98.3591
96.6607
98.6874
97.1172
98.2821
96.6906
98.7409
100.784
100.392
98.3496
102.111
98.3415
102.596
99.5769
101.007
95.5396
96.7228
95.4724
96.5962
95.3796
99.0306
98.7002
100
98.8603
99.1215
98.9884
99.1175
98.6946
98.3564
97.0816
96.6191
98.6892
96.6467
98.6974
98.3362
99.3283
98.7806
98.5651
97.4662
99.34
98.7765
98.5358
99.3935
100.146
99.9972
100.703
99.42
100.285
100.249
100.049
99.1448
99.6367
99.1469
100.005
99.1664
99.6328
99.5152
99.5841
99.0251
100.391
99.0089
100.394
99.5191
99.3179
97.4629
98.7281
98.538
98.7528
98.5282
99.2963
99.3816
100.439
100.429
99.7592
100.467
99.944
99.3694
100.057
99.1549
99.1234
99.6261
99.1652
99.6287
100.015
102.129
99.6354
99.2531
99.3901
100.541
99.634
99.2643
101.202
101.478
100.865
102.193
100.67
101.507
100.874
99.816
99.5417
99.9267
99.3158
99.8973
99.5471
99.9346
101.466
100.519
99.7377
100.514
99.994
107.108
103.85
100.978
99.3901
99.6661
99.2288
99.6355
99.2415
99.1067
100.766
102.234
101.422
100.898
101.494
100.897
100.572
99.8394
99.3311
99.5353
99.9356
99.5458
99.9334
99.9703
98.284
99.2084
97.7838
98.4916
98.3132
99.2356
97.7877
95.7101
101.074
96.3651
91.3399
95.6913
100.917
96.228
96.8313
96.4442
95.679
95.807
96.7985
96.4418
95.6891
97.6254
103.559
99.2061
104.167
99.1835
102.072
97.6482
98.3184
98.5014
99.2307
97.7936
99.2344
97.7916
98.2741
95.8317
91.1159
101.358
96.447
101.077
96.2982
95.9124
96.8485
95.8095
96.4281
95.6962
96.4357
95.6837
96.8416
94.7395
95.2227
94.9053
95.5929
94.7436
95.268
94.8922
95.3461
94.8453
93.524
93.8644
95.3386
95.3674
93.5618
95.2731
94.8595
94.9996
94.3761
95.7706
94.8617
94.9742
94.4856
91.4124
95.3356
93.8174
95.4498
93.3688
94.2772
94.7381
95.6026
95.2526
94.8883
95.245
94.8913
94.7371
95.3365
93.5201
96.3114
93.5733
95.6747
93.58
95.3176
95.451
94.3766
94.8704
94.9559
94.8651
94.9715
95.2852
94.4755
94.4724
94.4135
94.2647
94.4887
94.4742
94.4223
94.928
95.7429
94.9745
95.1054
94.9143
95.7636
94.8509
94.7574
94.6659
94.6216
94.4678
94.74
94.6766
94.6117
94.7186
93.7405
93.7703
107.9
93.7589
97.4882
94.496
94.5374
94.271
94.4875
94.4205
94.4861
94.4259
94.5378
94.9394
95.154
95.7871
94.9021
95.764
94.8916
94.9848
94.7625
94.4687
94.6575
94.6199
94.6719
94.6146
94.7886
94.3957
94.5824
94.0462
94.3944
94.4109
94.5816
94.0204
94.1471
97.3084
93.3367
93.6339
94.3402
97.3966
93.3468
94.3074
93.2289
93.0335
92.1517
94.3038
93.2549
93.0522
94.3884
95.2602
95.1941
94.319
96.1244
97.8572
94.7648
94.3877
94.4072
94.574
94.0211
94.5795
94.0278
94.3884
94.3862
93.6445
105.528
93.3551
101.906
93.3475
94.6677
94.3034
92.1759
93.2986
93.0453
93.2947
93.0615
94.29
91.3975
91.512
90.6723
90.8536
91.4124
91.4701
90.9086
91.9147
90.8835
89.2918
88.6789
91.9247
90.3855
89.4295
91.5976
90.45
89.666
89.5141
91.5788
90.4424
89.7727
90.7117
89.4099
90.8296
91.1804
90.7889
91.1395
91.1368
89.8796
90.6321
91.4321
90.1479
91.203
89.9708
90.8072
91.9225
88.6549
90.8852
89.4992
90.6791
89.4806
91.8984
91.61
89.5331
90.4557
89.7602
90.4439
89.7656
91.581
90.9198
90.5974
90.9314
90.5751
90.925
90.557
90.9303
92.8522
92.3092
95.2003
95.3644
92.8644
92.3173
95.2754
92.2858
91.9782
94.0528
93.4817
92.2717
91.9785
94.0435
90.9307
90.6888
90.9449
91.1671
90.9397
91.1737
90.9058
90.9304
90.5697
90.6039
90.9312
90.5891
90.9296
90.9168
92.8356
95.4052
92.319
95.0608
92.3146
92.8477
95.1075
92.2765
93.4917
91.9798
94.1323
91.9785
92.2631
94.0933
95.1638
94.9991
94.3752
94.0726
95.1584
94.3748
94.995
97.7284
98.0836
97.51
98.6246
97.7266
98.0891
97.5199
95.9899
94.9586
96.3316
95.2505
95.9572
94.961
96.3457
96.4669
96.3991
96.4412
97.0941
97.1036
96.4672
96.4078
95.1814
94.0767
95.0293
94.3687
94.379
95.2189
95.0149
97.6962
98.5854
98.0805
97.6332
98.0827
97.5558
97.6894
96.0046
95.2523
94.9602
96.3196
94.9679
96.3291
96.0979
99.8986
97.1831
95.8367
95.5345
99.3166
96.8179
95.7656
98.7456
98.9295
99.146
99.7237
98.7193
99.0311
99.1168
98.2649
96.6144
98.6855
97.0532
98.2713
96.6475
98.7014
100.629
99.7348
98.527
101.772
98.495
99.2254
100.653
99.3127
95.5703
96.8588
95.6669
96.8487
95.6813
99.3451
98.7483
99.742
98.9171
99.1552
98.9295
99.1261
98.7441
98.2806
97.0714
96.7307
98.7149
96.6932
98.7087
98.2988
99.3015
98.7208
98.5457
97.4498
99.2881
98.7202
98.5471
99.347
100.44
99.9904
100.548
99.363
100.446
99.8735
99.985
99.1198
99.6174
99.1553
99.9844
99.137
99.6209
99.5297
99.5182
99.0404
100.402
99.0439
100.538
99.531
99.3077
97.4479
98.7426
98.5255
98.7235
98.5378
99.3029
99.3604
100.643
100.487
99.9992
100.539
99.847
99.5111
99.9588
99.1453
99.1002
99.6187
99.1445
99.6195
99.9023
99.2482
99.7524
99.2343
99.3888
99.7356
99.6712
99.2624
100.869
101.799
100.906
102.188
101.012
101.549
100.906
99.8459
99.537
99.9396
99.3159
99.8474
99.5485
99.9399
100.169
100.377
99.9204
101.21
100.039
101.071
99.6518
99.2554
99.3838
99.6731
99.2665
99.6812
99.2767
99.352
100.629
102.304
101.849
100.895
101.522
100.896
100.962
99.9171
99.3174
99.5459
99.9485
99.5549
99.9407
99.9781
98.2352
99.2587
97.8041
98.4923
98.2944
99.2456
97.797
96.0814
101.594
96.5211
88.6298
96.0348
102.225
96.4994
96.8517
96.4507
95.7501
95.8186
96.8519
96.4233
95.7454
97.8154
107.462
99.3067
101.529
99.2567
100.204
97.7604
98.2476
98.4914
99.2586
97.805
99.252
97.7993
98.3262
96.1429
113.138
101.261
96.8885
103.68
96.6207
96.1739
96.8741
95.822
96.44
95.785
96.4272
95.7706
96.8662
94.7309
95.2721
94.9274
95.5614
94.7448
95.2529
94.8722
95.3562
96.4245
93.6024
93.7234
95.3353
96.6321
93.6345
95.1891
94.8734
94.951
94.372
95.2821
94.8796
94.9371
94.1519
91.607
95.3492
94.475
95.3357
94.4402
94.1558
94.8152
95.5617
95.2633
94.8848
95.259
94.8732
94.8061
95.3812
94.2923
96.9696
93.7742
96.8545
93.6547
95.342
95.2171
94.3726
94.8847
94.9241
94.8855
94.9474
95.1549
94.5726
94.4988
94.4216
94.2749
94.5623
94.5061
94.4306
94.9902
95.7459
94.903
95.1623
94.9685
95.7706
94.9179
94.7672
94.6479
94.6272
94.4653
94.7786
94.6608
94.614
94.656
93.7674
94.0523
97.15
93.8448
97.2989
94.6646
94.6108
94.291
94.5772
94.4396
94.503
94.4401
94.6079
95.0025
95.2005
95.7979
94.9144
95.8506
94.9187
95.0014
94.7913
94.4595
94.6544
94.6301
94.6669
94.624
94.7913
94.3992
94.5689
94.0579
94.3909
94.3939
94.571
94.0622
94.6269
100.404
93.3547
94.1232
94.3935
95.2838
93.3932
94.2923
93.2981
93.0445
92.2381
94.2807
93.2837
93.0626
95.1584
95.2277
94.9427
95.2056
94.8348
95.2713
95.1683
94.4002
94.3763
94.566
94.0332
94.5687
94.0567
94.3951
94.0654
93.6457
94.7174
93.4231
94.6078
93.4189
94.8137
94.3063
92.2432
93.2445
93.0546
93.2618
93.068
94.306
91.2145
91.4697
90.7389
90.9388
91.3486
91.5161
91.013
91.8644
91.737
89.5287
88.9411
91.8749
91.235
89.5397
91.5419
90.4723
89.7363
89.5573
91.5508
90.4829
89.6602
91.3503
89.8711
91.135
93.2264
91.2608
91.65
91.5123
90.7732
90.9219
91.7606
90.8803
91.519
90.5331
91.5698
91.8476
88.9869
91.3586
89.5993
91.1969
89.6145
91.8105
91.5505
89.5749
90.5345
89.8115
90.5014
89.7509
91.5744
90.9043
90.6224
90.937
90.5706
90.881
90.6637
90.9408
92.824
92.3396
95.2822
95.1919
92.8392
92.3513
95.473
92.2977
91.9841
94.1804
93.5154
92.2742
91.9868
94.2062
90.9343
90.7156
90.9221
91.158
90.9544
91.1647
90.9343
90.9639
90.5748
90.7985
90.9389
90.6884
90.9462
91.0518
92.8514
94.8317
92.3287
95.3937
92.3401
92.9214
95.0753
92.3145
93.5134
91.9836
94.1013
91.9926
92.3408
94.1591
98.523
98.2728
98.5423
96.1196
96.1827
96.1793
96.2123
97.6261
98.1428
97.6156
96.296
96.5865
96.5059
96.3677
95.1289
95.5995
95.0193
94.4495
95.4411
95.2477
94.6193
94.4269
94.6191
94.4547
92.6988
93.2849
93.204
92.755
98.5318
98.2234
98.538
96.069
96.174
96.0836
96.1724
97.6537
98.167
97.6514
96.2477
96.4815
96.245
96.4809
95.1029
95.6705
95.1033
94.5342
95.3813
94.545
95.3645
94.4493
94.6375
94.4611
92.6753
93.2573
92.6829
93.1597
98.4421
98.2452
98.4506
96.0667
96.1763
96.0599
96.1715
97.6425
98.1396
97.6278
96.2797
96.5001
96.2865
96.4837
95.1213
95.5922
95.0214
94.4229
95.3522
94.5938
95.2148
94.4351
94.6975
94.4351
92.6759
93.2166
92.6878
93.2542
97.9651
96.9704
97.6626
99.3225
97.9092
99.9109
98.0692
96.9648
97.7773
97.6616
98.8072
98.0923
99.3882
97.9929
98.9538
99.0541
98.9618
96.511
96.7248
96.6938
96.569
98.2566
98.5368
98.5462
96.095
96.1749
96.1696
96.1014
98.9844
98.9831
98.9691
96.4912
96.6017
96.5851
96.4715
96.7063
95.9376
96.6461
95.8548
95.6661
95.4462
95.9673
98.1802
97.6459
97.6439
96.3092
96.4966
96.527
96.2677
95.9731
96.6819
96.659
95.8636
95.5374
95.5134
95.8773
95.0165
94.6834
95.0119
94.1175
93.4937
93.4197
94.1833
95.62
95.0746
95.0792
94.5439
95.3331
95.3036
94.5234
94.7047
95.0123
95.0122
94.0951
93.4192
93.4341
94.1028
94.3108
93.5618
94.3257
92.4445
92.2438
92.2447
92.5028
94.8897
94.4511
94.4621
92.6809
93.1945
93.4222
92.6832
93.5485
94.3425
94.3359
92.4212
92.2411
92.2382
92.4228
91.1252
95.2257
91.1288
87.867
102.921
88.5257
98.9159
94.7186
91.0986
91.111
87.757
100.142
88.1108
99.9115
97.7615
96.9377
97.749
99.1597
98.1328
98.6174
98.1511
96.8939
97.7029
97.7212
98.8686
98.1605
98.8008
98.185
98.9944
99.0403
98.9951
96.4562
96.8006
96.4535
96.6269
98.2223
98.4607
98.4999
96.0682
96.1742
96.1729
96.0618
99.0983
98.9849
98.9847
96.4595
96.6586
96.6657
96.4553
96.6829
96.0232
96.6863
95.8169
95.588
95.8422
95.5707
98.1723
97.6474
97.6528
96.2592
96.4914
96.4955
96.261
96.0238
96.6838
96.6878
95.8104
95.5628
95.5721
95.817
95.0272
94.7297
95.0363
94.1314
93.4184
94.1306
93.4088
95.6768
95.0962
95.1082
94.5414
95.3523
95.3758
94.5334
94.7303
95.0368
95.0366
94.1062
93.4125
93.4074
94.1014
94.3456
93.5308
94.3471
92.4187
92.2391
92.4197
92.2385
94.8017
94.4468
94.4621
92.6721
93.1357
93.3099
92.6783
93.5297
94.3524
94.3486
92.4159
92.2376
92.2379
92.413
90.9835
94.9339
90.7116
88.4953
100.005
88.5977
100.231
95.8278
90.8649
90.869
87.5015
100.21
100.113
100.149
97.7977
97.2165
97.743
98.8348
98.1676
98.8632
98.1801
96.9152
97.7179
97.6928
98.7906
98.2257
98.7874
98.1946
98.9787
99.0142
98.975
96.4674
96.7815
96.4647
96.6013
98.2644
98.4475
98.4577
96.0892
96.1819
96.1788
96.1255
99.0948
98.9417
98.9654
96.5055
96.7312
96.724
96.5624
96.6606
95.9359
96.6433
95.7665
95.5613
95.796
95.4559
98.1427
97.6267
97.6223
96.2908
96.5825
96.5101
96.3659
95.9541
96.6936
96.6505
95.7796
95.6366
95.4614
95.8927
95.0289
94.713
95.0137
94.0882
93.4571
94.1024
93.4036
95.6308
95.1217
95.0675
94.4566
95.415
95.2485
94.587
94.7242
95.0322
95.0112
94.103
93.4844
93.4395
94.1836
94.3484
93.5491
94.3423
92.4199
92.2388
92.418
92.2352
94.6115
94.4095
94.4331
92.6971
93.2499
93.1993
92.7516
93.5606
94.3125
94.3292
92.4457
92.2417
92.2423
92.4951
90.9356
95.2473
91.2253
92.2761
100.136
90.4689
100.207
95.0703
90.7218
90.7341
91.534
105.363
97.7798
100.826
92.6962
93.1777
92.702
91.9533
92.1093
91.9553
92.1162
92.6416
93.2376
92.6716
91.9371
92.0996
91.9471
92.0911
97.131
97.616
97.0981
96.0273
95.9775
96.0188
95.9706
97.62
97.1446
97.1033
96.0253
95.9751
95.9697
96.0092
93.181
92.6207
92.6812
91.9515
92.1087
92.1187
91.9492
92.8784
93.2463
92.764
91.9579
92.0954
92.101
91.9461
97.2407
97.6911
97.1938
96.0315
95.9692
95.9778
96.0114
97.6545
97.139
97.1352
96.0285
95.9799
95.9759
96.0203
93.2259
92.68
92.7051
91.9569
92.1058
92.0998
91.9601
97.1575
97.6422
97.1217
96.0134
95.9738
96.0071
95.9644
97.6718
97.2246
97.1769
96.0163
95.9598
95.9683
95.9949
93.2545
92.8063
92.7271
91.9312
92.0919
92.0944
91.9169
91.0745
91.5912
91.6411
91.3939
91.0218
91.0177
91.4019
91.5836
91.0676
91.566
91.4021
91.0212
91.4022
91.0229
91.0703
91.5396
91.5514
91.4028
91.0218
91.0229
91.3989
91.5473
91.0774
91.5684
91.3924
91.0227
91.3998
91.0194
91.7376
91.0804
91.6755
91.3952
91.01
91.0192
91.386
91.0824
91.6467
91.5935
91.3949
91.0101
91.0205
91.3838
96.5957
96.0235
96.5993
95.6499
95.298
95.6538
95.2969
96.6011
96.0202
96.6116
95.6386
95.2947
95.645
95.2911
96.0309
96.6139
96.6299
95.6527
95.3004
95.2985
95.6548
96.0253
96.603
96.6104
95.6476
95.294
95.297
95.6427
96.7203
96.0482
96.6411
95.6551
95.2898
95.3008
95.6426
96.0344
96.7299
96.6487
95.6374
95.2841
95.2939
95.6242
105.549
98.3628
98.828
110.791
98.5648
98.6275
99.1446
109.492
102.468
98.7864
113.311
109.341
109.833
98.7321
38.2371
119.472
101.286
105.276
56.7223
114.986
100.18
101.999
102.44
101.668
104.433
102.01
102.559
101.842
102.047
102.862
102.375
105.289
102.148
103.298
102.213
80.1372
113.539
102.502
105.49
82.4648
112.736
102.815
98.8168
99.3264
98.9499
99.6265
99.5663
99.6361
99.7133
99.4103
98.929
99.3416
99.8734
99.632
99.6652
101.891
99.3149
98.8289
98.849
99.5383
99.5941
99.4974
99.6142
102.8
111.157
111.194
103.253
102.906
108.255
82.8706
119.374
156.62
141.76
100.79
115.044
143.566
110.033
122.607
125.461
116.179
100.039
100.289
117.612
115.853
98.9708
99.7034
99.0141
99.4624
103.641
99.4704
99.3518
99.9686
99.0223
98.9279
99.4218
99.5485
99.5031
99.3726
89.6106
93.7548
89.0925
88.3652
91.7095
92.1804
90.6151
89.5812
92.3909
89.7369
88.0831
93.2675
88.4923
91.1328
139.671
147.031
105.243
165.107
143.824
113.2
117.279
129.984
144.842
110.408
100.765
116.266
145.062
109.32
103.041
106.399
117.405
108.259
109.738
105.279
108.18
95.8552
97.5759
111.875
110.881
99.67
97.9042
116.112
92.4232
89.3271
89.1068
88.48
91.5081
91.496
88.539
92.4057
89.7439
89.7701
89.8311
90.8843
91.9486
90.3625
117.713
101.494
94.2138
87.1633
120.469
101.045
88.5078
122.15
99.42
107.678
105.678
107.321
100.5
102.788
102.373
101.045
108.462
109.108
102.49
104.933
111.661
89.8452
92.3791
89.9276
88.7708
100.024
89.2704
92.1128
102.52
89.793
97.7423
80.6435
103.763
103.046
97.2791
88.1973
79.2953
159.532
101.059
91.2782
79.4721
152.502
103.208
110.336
111.733
105.095
103.102
105.765
108.152
107.337
101.581
108.268
108.155
107.542
102.937
101.724
105.66
93.2165
101.409
130.771
105.586
90.1925
102.557
111.421
89.8099
99.5734
94.1828
112.015
85.3581
99.6652
103.119
84.6465
99.7721
95.3588
99.9799
80.8956
98.9648
101.073
97.372
103.668
97.7864
101.044
105.664
100.633
100.774
104.508
99.7639
117.654
103.112
105.339
98.0115
94.6161
97.3363
92.1176
95.7116
94.6765
86.9767
92.0668
98.9204
105.91
96.2622
96.347
100.551
103.542
100.078
118.934
117.497
121.487
110.759
117.925
115.225
109.184
100.112
87.8632
99.8512
95.1326
100.914
86.3869
101.899
99.4934
96.3916
95.5217
99.1652
96.4079
95.1036
94.2688
101.114
98.018
98.3541
95.5761
98.7828
97.5998
98.0305
98.4997
109.492
104.002
95.8388
105.24
105.051
103.789
105.276
102.244
104.611
98.1095
110.184
102.194
105.08
109.047
104.232
93.8073
115.639
104.717
101.453
97.571
114.396
101.331
100.139
111.445
123.185
103.425
93.6318
100.599
101.761
101.652
105.372
100.745
102.965
103.119
98.8472
99.5107
98.8369
99.4037
99.2307
99.3408
99.4178
-37.1781
95.3813
57.5695
114.188
117.999
65.1074
71.1113
116.606
125.048
122.005
112.389
110.809
109.387
114.492
130.405
95.2457
137.164
109.512
90.4196
92.3263
92.0921
112.116
95.7793
115.612
107.425
109.827
94.7851
112.999
91.9513
100.642
53.1661
111.031
99.6109
97.3929
106.159
119.477
101.512
102.971
99.7736
116.994
99.5056
104.426
76.3077
99.6233
98.907
75.6235
79.4328
98.7941
98.6853
112.308
119.781
133.571
41.7124
104.224
112.551
110.776
98.8183
98.5513
79.644
108.045
95.8162
100.263
81.4085
105.346
101.626
88.7713
103.81
112.484
101.904
83.2612
117.479
102.687
108.597
112.403
119.361
94.1646
140.134
104.079
109.872
103.076
116.454
104.379
117.549
101.727
145.717
109.143
138.583
51.735
160.595
114.781
127.517
132.851
109.804
113.654
102.837
37.295
94.3291
107.536
84.973
93.9549
62.1777
95.2648
93.9283
93.0453
58.6642
87.1751
91.6378
56.4481
137.141
72.6133
91.1365
45.7867
98.1214
111.711
110.56
39.2016
120.805
111.841
137.667
103.241
94.2944
101.896
109.599
102.926
96.7191
119.033
103.477
70.2915
106.634
111.638
103.716
97.8535
100.133
134.522
112.578
101.367
136.11
105.772
98.2368
100.592
72.3087
91.439
41.3589
191.808
176.417
93.3935
45.6664
92.1372
98.9632
104.115
90.0478
91.1591
101.417
105.684
109.86
170.445
111.313
104.363
104.693
113.652
106.653
105.175
99.4261
103.407
96.9499
97.5645
98.9899
101.208
118.88
98.5748
89.5677
88.9895
119.508
100.93
96.4406
97.3184
99.1515
101.129
96.3298
96.4554
98.9633
101.392
102.231
115.414
99.7749
107.059
102.737
78.1493
119.12
100.878
123.454
104.413
105.417
101.364
97.4971
104.718
103.021
100.554
109.611
104.921
102.486
98.5224
105.313
114.007
99.2531
101.683
105.354
107.437
92.0992
101.442
102.546
99.5892
102.365
102.202
101.858
97.2793
102.007
92.2867
89.9229
89.9494
88.9591
94.2428
92.4337
92.4551
96.4517
95.4842
98.7314
89.8388
99.0268
97.4819
96.7399
102.797
103.144
102.327
104.38
101.791
102.628
101.724
93.0711
114.533
98.5359
96.5303
93.4311
89.8897
97.8073
112.721
102.614
107.282
107.701
107.768
103.258
105.231
114.781
93.9662
93.6431
86.417
102.206
92.4835
91.7065
87.5191
97.5861
94.585
121.042
119.999
98.4497
97.1191
80.4228
72.5119
1115.62
97.1356
87.8703
82.6479
163.81
119.148
119.633
132.164
101.323
115.084
167.08
140.669
114.392
107.418
107.429
124.618
133.258
117.008
119.62
110.314
112.245
114.826
115.987
99.9674
110.486
112.398
99.5568
145.473
122.996
119.808
123.532
108.795
103.729
121.677
117.336
147.701
145.678
143.504
122.198
131.149
110.471
106.994
106.775
116.013
125.59
125.787
134.733
107.124
115.672
123.931
118.9
122.66
118.35
146.349
137.821
139.992
122.27
134.415
122.424
120.661
155.679
98.0035
100.35
112.575
112.981
110.359
113.092
111.809
96.7682
92.1306
74.2621
83.7882
100.038
93.2876
93.4713
52.9239
97.5632
116.812
102.329
54.1862
97.5882
110.051
105.957
99.7159
129.66
112.34
105.899
113.091
109.989
116.255
134.969
116.72
111.149
110.761
106.63
111.539
98.2142
92.4269
102.415
96.6198
98.1198
92.148
99.3105
120.271
122.989
115.041
94.0913
112.484
92.6981
119.56
89.6235
108.828
105.693
104.55
96.3609
97.115
104.128
71.4057
90.7583
123.413
105.854
70.8036
85.3018
118.162
100.362
92.5548
93.277
95.4896
98.795
93.3776
94.659
99.1192
102.405
101.595
100.857
101.179
98.8433
101.506
113.485
104.993
104.12
102.17
115.521
127.431
101.496
72.384
105.865
88.819
122.49
85.8575
75.4481
118.646
89.6102
90.1738
89.2296
90.5193
89.61
90.1737
89.2295
92.3294
92.7559
91.6653
92.0693
92.3322
92.7546
91.6664
92.3316
92.0694
92.7525
91.6654
92.7556
91.666
92.3271
89.6008
90.1775
89.2187
90.5209
89.6099
90.1748
89.2303
89.6095
90.1743
89.2298
90.5209
89.6002
90.1771
89.2181
92.3259
92.0716
92.7576
91.6673
92.7626
91.6667
92.3292
92.3399
92.7563
91.6692
92.0753
92.3206
92.7796
91.6689
90.3932
91.0341
89.9428
91.6528
90.393
91.0333
89.9432
122.881
85.0214
101.036
120.158
122.294
80.4537
94.8498
93.6111
92.7546
93.0731
92.2865
93.6042
92.7564
93.0728
93.6128
92.2865
92.7575
93.0743
92.7574
93.076
93.6109
90.3925
91.0345
89.9429
91.6537
90.3832
91.0375
89.9304
109.892
100.694
99.9224
97.1022
101.139
97.9274
107.887
93.6191
92.7599
93.0727
92.2908
93.6123
92.7587
93.0864
90.384
91.0384
89.9313
91.654
90.3932
91.0355
89.9433
93.5937
92.289
92.7551
93.0743
92.7535
93.0771
93.5975
92.349
92.8145
91.6606
92.0751
92.7873
91.6702
92.3771
92.3668
92.0782
92.8105
91.6631
92.8033
91.6725
92.3733
93.6322
92.2936
92.7503
93.1257
92.7608
93.111
93.6417
93.608
92.7484
93.1313
92.293
92.7573
93.1019
93.6389
96.5099
106.027
87.9174
89.2446
97.2022
100.785
114.031
106.546
102.292
106.599
108.112
102.41
107.99
107.925
103.461
105.482
103.044
109.154
101.627
103.436
108.446
82.7969
69.914
67.2314
91.539
90.8712
148.551
147.989
99.1111
107.383
106.332
102.807
96.0266
97.0575
105.512
102.264
107.694
106.657
101.487
108.107
108.152
100.915
104.634
104.406
107.306
105.46
105.751
104.278
121.426
89.8221
98.0441
108.632
109.526
99.7079
108.377
89.9012
110.055
103.684
96.9344
101.149
107.867
101.007
96.465
121.783
121.603
102.407
91.6832
84.6471
91.4199
125.755
110.159
100.764
96.3387
96.4828
96.8077
96.4102
99.5034
106.949
90.6966
103.318
104.38
96.0791
103.422
95.9695
121.307
102.933
120.739
94.0353
91.9
114.271
90.4598
97.5934
126.64
102.098
108.781
97.3238
98.9018
96.2418
102.803
123.685
120.101
110.203
92.2929
90.9876
103.617
139.65
105.244
135.545
115.144
128.254
117.23
127.121
159.789
118.87
98.7806
179.995
101.742
83.6873
97.4026
162.789
111.605
119.338
121.667
128.818
114.641
131.335
102.968
108.259
103.583
105.49
103.082
106.982
103.478
111.986
126.686
119.089
105.386
102.867
122.905
129.383
102.614
86.9328
92.0407
95.561
102.506
87.2672
94.4057
112.369
106.639
104.511
105.309
111.434
108.338
110.113
104.452
104.261
107.802
106.347
105.799
119.036
123.205
111.519
101.766
102.486
108.117
121.796
101.799
103.293
101.34
103.077
104.713
106.608
105.806
107.097
102.845
102.652
99.6359
96.7245
100.657
94.9449
97.459
128.631
103.484
106.879
105.726
113.135
99.9554
99.9684
108.947
102.514
107.643
106.946
101.591
100.875
102.831
102.525
90.1025
90.6834
90.0816
90.2443
90.5475
90.2425
90.5446
90.6519
90.0907
90.0795
90.2471
90.5285
90.538
90.25
102
94.3951
93.2468
105.841
105.633
112.481
107.57
120.56
93.1962
93.6337
86.827
124.455
93.3867
94.0581
90.104
90.5958
90.1157
90.253
90.5238
90.2544
90.5214
80.2378
104.869
123.292
79.9084
86.6857
99.935
95.332
99.9366
104.8
107.899
98.709
99.1414
98.5125
102.326
171.973
75.2161
153.299
89.2302
87.3225
85.9518
89.1881
97.285
96.3805
98.9428
96.9543
97.3144
96.606
97.2923
102.578
113.415
102.032
105.973
103.149
103.16
111.01
90.6528
90.1249
90.1364
90.244
90.548
90.5414
90.2448
90.6116
90.1129
90.1172
90.2546
90.523
90.5283
90.2446
77.5889
93.1182
88.8451
107.894
95.8545
88.8586
108.176
111.677
110.397
110.494
109.536
110.186
105.688
107.559
120.325
81.3053
136.992
88.2505
87.0693
87.5861
90.6472
112.475
110.665
110.409
111.312
109.733
105.662
105.642
91.3991
96.4916
93.0618
94.5329
96.4789
92.0812
92.9648
103.48
101.625
101.844
103.111
105.67
105.847
103.157
90.129
90.6444
90.1343
90.2471
90.5285
90.5406
90.2386
108.143
111.858
112.012
108.998
108.556
107.114
107.108
103.871
112.619
101.807
106.925
105.678
102.763
102.424
95.7659
95.4167
95.4173
94.6602
94.9224
94.9244
94.6588
99.826
106.482
100.479
97.7186
98.7597
98.6596
98.3397
95.4243
95.761
95.4218
94.6608
94.9268
94.6601
94.9244
112.043
96.4381
91.7288
93.0312
117.407
93.677
95.7558
92.678
91.3288
90.5447
89.2688
96.9549
95.9931
92.8315
99.0734
86.9203
98.0072
96.3208
100.863
105.96
90.6624
92.2324
91.5756
91.9124
91.2129
92.2348
91.5759
91.9142
95.4194
95.7779
95.4241
94.6564
94.9258
94.6596
94.9246
100.913
100.706
127.116
99.7219
124.604
95.8763
97.5156
95.4762
101.481
101.678
90.3891
90.6549
90.368
92.6578
92.2527
91.2117
91.5786
91.9104
91.5777
91.9108
92.2443
92.2382
91.2134
91.577
91.9151
91.5762
91.9178
92.2423
111.99
111.839
114.718
119.715
112.94
117.093
120.202
92.2481
91.5798
91.9104
91.2138
92.2436
91.5789
91.9185
87.484
150.278
104.102
130.555
90.8309
187.74
101.928
148.662
105.917
75.4425
91.3072
109.638
149.322
115.4
92.2584
91.5711
91.9305
91.215
91.5809
91.921
92.2637
94.1135
94.405
93.1363
93.3866
94.1213
94.3967
93.1372
94.1104
93.3862
94.3958
93.135
94.3926
93.1364
94.1122
95.7816
95.4253
95.4273
94.6584
94.9161
94.9276
94.647
92.2572
91.2165
91.571
91.9268
91.5812
91.928
92.2658
95.431
95.7854
95.4319
94.6605
94.9198
94.9315
94.6492
95.7882
95.4248
95.4274
94.6583
94.9299
94.9289
94.6617
94.1097
93.3858
94.4019
93.1383
94.3962
93.136
94.1175
94.111
94.3991
93.1369
93.3859
94.1098
94.404
93.1352
92.6997
103.161
99.1692
70.3787
105.704
100.925
97.3261
94.1179
94.4149
93.1275
93.3881
94.4045
93.1388
94.132
94.1209
93.3883
94.4112
93.1267
94.4097
93.1378
94.129
113.423
88.7431
98.5085
81.7793
115.85
87.1408
110.622
127.529
98.5794
92.0225
96.6185
110.75
116.182
101.984
96.2425
96.3397
127.385
99.8347
98.3689
98.6179
100.882
112.77
96.2595
118.691
100.969
99.304
99.3941
99.3004
97.6638
93.996
98.053
97.6702
94.923
97.0336
94.9891
111.095
96.7963
100.056
100.776
111.852
96.9616
100.266
94.5844
97.6818
97.9025
100.235
96.7496
95.5716
99.5898
109.773
133.727
88.6266
97.135
127.851
105.615
111.481
96.0808
94.6581
101.842
99.9637
103.859
103.979
106.029
96.3397
96.5195
89.6163
99.1706
98.3655
100.066
97.4179
114.877
110.289
96.4558
94.5978
146.253
104.025
94.1195
97.8142
104.943
97.7472
100.111
96.3747
98.8042
95.1842
110.525
100.687
97.2412
100.438
97.184
100.431
121.404
96.6717
91.7031
94.9939
98.7972
98.0787
97.7809
98.282
100.176
122.46
103.178
151.341
104.735
123.31
103.756
112.734
109.29
114.354
124.924
123.467
115.15
121.467
115.44
95.3034
103.717
94.6217
104.186
94.8354
114.981
98.0898
113.618
103.188
99.65
96.0601
95.5255
98.5063
99.5671
95.5846
93.6632
101.997
100.319
113.652
93.8547
101.152
93.3082
100.856
110.452
111.97
94.9186
94.5187
98.3128
93.2525
95.4524
93.7465
99.8679
94.812
93.4877
90.7978
112.388
73.4491
105.746
102.432
110.989
78.2355
101.898
105.071
97.7189
94.269
102.126
97.3415
98.7074
94.9626
104.213
98.0772
98.9021
92.8185
96.2467
101.083
108.405
118.94
108.353
121.784
105.956
116.489
107.932
92.8341
95.2653
106.474
94.4142
95.2064
94.4652
109.254
41.9865
155.687
37.9664
95.2516
28.0308
30.4437
96.2039
102.879
98.39
126.038
107.12
108.223
109.212
106.695
94.4389
95.376
106.031
96.0296
96.1913
101.825
105.013
99.8452
98.4748
100.247
108.472
86.2278
92.2195
107.381
154.121
41.5289
40.5851
32.0688
97.5779
96.9675
42.7283
95.1373
100.664
100.208
98.0994
98.2434
98.2297
97.4152
92.5724
104.933
117.032
94.9052
93.7958
93.5422
96.0011
116.313
100.221
109.714
100.737
115.16
110.049
107.542
97.4039
99.3445
101.255
102.103
96.7609
99.4422
101.519
98.896
112.353
113.857
99.301
114.279
115.132
100.623
94.9101
96.6838
101.76
101.779
98.8358
95.1164
97.9706
100.759
126.986
104.382
106.085
125.211
97.2354
96.7099
100.399
102.528
102.843
101.024
97.493
101.688
101.052
97.8807
113.967
102.749
99.9547
98.352
95.5107
102.702
101.029
152.249
113.737
110.916
104.764
103.903
111.68
103.1
99.4776
121.925
119.862
100.497
102.369
100.785
117.561
106.892
117.651
113.141
127.336
135.373
110.405
103.516
102.771
102.477
94.3252
102.08
97.619
95.388
105.597
116.581
119.568
105.338
111.223
111.121
107.614
112.281
98.8473
105.849
95.1306
100.203
100.434
94.62
84.2105
75.8701
77.9137
120.974
148.145
152.825
150.494
108.842
131.355
143.221
110.84
103.729
115.809
115.143
105.212
100.576
107.784
97.6055
97.5019
94.6615
95.2143
97.2854
93.3885
96.6072
122.044
80.1123
145.446
81.9161
129.719
96.084
95.0874
148.908
97.3632
92.6827
102.739
93.3463
96.8269
96.5716
123.415
84.4229
94.6301
134.118
110.833
124.557
112.49
93.0771
99.7941
96.1063
96.5361
107.584
124.531
97.1315
105.086
119.849
105.255
92.6885
99.178
102.821
100.95
102.668
103.948
90.2329
90.2671
106.092
103.638
103.353
102.767
104.598
102.802
106.064
111.406
115.435
111.953
108.804
119.285
115.256
111.973
118.752
86.5587
104.173
115.084
116.983
101.988
99.4939
101.502
101.821
102.383
105.308
102.002
98.871
98.7732
95.9683
101.907
102.032
93.4996
102.215
98.7944
98.7721
121.298
105.277
117.559
115.103
118.483
114.233
117.544
93.3131
100.549
89.1855
105.931
110.388
162.18
145.555
110.47
114.993
101.082
107.722
106.296
105.568
108.089
111.595
107.277
120.632
110.797
114.238
114.905
121.306
92.8952
95.7595
95.247
112.88
112.495
156.111
155.825
100.96
98.9629
100.291
121.535
107.55
110.494
107.146
105.392
92.8419
93.1993
113.444
110.411
145.687
150.855
123.618
101.315
101.361
105.486
109.874
109.826
105.61
116.428
98.1107
94.0379
89.6136
96.0633
89.0239
109.852
102.52
127.144
125.358
111.391
94.0445
94.2487
114.234
101.274
110.302
112.155
108.971
108.103
105.233
105.167
123.833
119.135
91.7844
124.287
123.221
117.113
91.3016
104.903
128.479
103.799
106.205
103.297
133.284
104.862
101.148
119.02
103.818
137.939
105.198
140.811
102.878
140.248
101.743
84.6336
87.972
117.451
101.082
92.839
103.317
100.722
101.342
100.768
107.124
99.5627
101.51
98.7852
97.472
96.8082
97.6973
98.4614
96.6928
96.8623
115.33
122.752
107.633
114.945
114.843
104.103
104.504
76.2348
166.859
152.101
107.383
7.90943
18.4436
108.092
89.1952
99.3051
101.529
94.3294
88.0698
102.86
98.2796
98.6135
97.2446
97.8785
94.7146
95.3576
96.4608
98.024
98.4884
95.2866
97.8286
97.8202
95.2733
97.321
96.7509
93.8377
96.8206
98.1412
88.2169
88.6705
98.7714
99.4899
87.8219
120.561
112.955
90.837
90.2026
90.4003
89.574
88.4921
100.427
98.0712
94.3619
93.8864
100.194
99.7484
89.3634
76.3211
139.024
99.3056
90.1083
74.0401
181.335
120.116
107.922
107.581
105.353
107.166
102.886
103.001
102.128
168.609
166.902
116.777
104.914
192.071
106.4
110.026
90.5933
110.15
90.6389
100.299
94.276
91.2079
91.8947
124.575
110.23
96.7431
93.788
94.8712
94.5216
207.031
42.643
202.731
95.5023
96.8986
171.282
151.824
93.494
84.4317
87.1001
89.4523
92.647
84.9003
87.2934
104.377
86.1845
111.581
126.974
118.213
154.166
119.176
111.484
108.063
108.361
105.003
117.19
106.982
117.725
97.8657
85.7038
101.665
90.7665
95.4565
89.3179
85.9471
92.4966
84.4289
86.7241
91.8245
93.1826
84.4632
86.7373
100.701
102.892
102.853
116.938
103.18
100.174
103.513
104.359
88.4951
99.8905
90.7144
103.147
87.0967
98.6918
83.5738
88.3418
91.5188
92.3958
87.725
88.1005
92.0331
104.69
128.692
125.5
90.108
105.432
130.183
129.084
102.236
102.919
100.758
109.727
100.625
109.2
102.126
97.3729
103.723
101.015
100.332
99.3307
99.9729
96.7018
104.636
99.4948
80.5764
104.944
108.321
107.541
107.034
109.586
83.8327
110.138
104.417
87.6408
111.086
88.015
95.7446
101.039
100.01
101.592
99.6959
101.595
95.0015
98.6665
112.546
129.886
106.238
106.624
106.561
104.454
94.0962
102.779
92.4239
102.216
96.4508
94.5177
91.982
88.158
87.6996
101.936
92.2266
84.3586
87.5121
95.7241
119.164
92.1323
89.4608
97.0374
122.549
93.8864
88.1668
102.561
99.8775
100.361
110.38
103.73
104.481
110.881
108.729
85.9021
107.774
107.116
87.7424
88.2596
106.967
102.702
111.719
111.042
106.497
104.108
107.378
104.681
127.951
122.702
110.109
92.1976
129.398
106.908
122.086
103.412
99.5771
109.436
104.307
115.883
103.82
112.075
104.654
110.171
105.193
108.937
113.229
104.483
110.609
106.125
106.047
104.899
101.695
103.785
101.554
106.007
105.29
89.202
106.746
105.858
114.466
101.486
112.792
103.576
82.1968
218.252
218.233
132.106
133.236
164.895
108.507
92.1939
107.275
103.491
93.3852
91.5723
101.001
82.0569
113.042
111.356
124.383
87.1939
88.8266
88.2004
109.782
128.175
111.261
111.07
103.708
103.574
120.098
298.073
95.3475
320.361
126.377
105.706
74.8787
68.089
76.5135
74.4421
78.4988
64.5162
190.247
201.637
67.8457
105.144
113.528
100.866
88.904
105.627
99.8893
112.317
98.93
100.599
92.3372
107.428
100.531
92.9487
105.044
100.603
118.792
106.977
103.73
100.645
119.171
104.549
99.045
100.307
95.4704
97.5635
97.4366
90.9325
101.996
140.684
103.241
132.357
107.631
121.566
121.739
107.658
96.9981
97.7724
96.4077
99.5762
91.6016
109.294
91.9393
98.5818
90.7155
93.6857
93.6332
99.168
89.2896
86.71
95.5663
97.9839
108.875
102.557
98.4436
100.346
118.709
79.1581
98.9539
84.2244
110.787
108.213
107.749
105.041
107.05
116.168
116.47
111.049
113.598
112.313
110.13
105.664
107.002
107.048
127.061
119.831
112.766
126.8
94.3768
101.286
105.309
104.535
116.376
109.901
106.928
81.3781
107.506
131.709
101.849
44.3882
104.456
26.5476
111.205
154.843
119.805
112.797
125.253
180.176
132.711
109.127
106.074
104.331
106.8
107.865
117.127
105.021
106.372
88.829
105.882
99.6141
115.043
113.205
100.557
111.09
109.734
108.39
102.108
113.372
106.619
120.447
106.035
103.71
106.277
106.94
108.74
103.387
102.556
106.064
102.366
106.32
101.405
107.603
110.151
101.157
98.754
116.133
120.264
102.078
98.7238
105.036
121.429
121.263
103.09
112.324
100.219
102.022
99.0421
98.8346
111.138
98.3615
105.349
97.2209
101.941
97.2912
102.088
104.465
99.1516
100.474
103.501
103.865
101.234
101.577
168.892
91.028
160.238
87.7034
87.0102
91.2784
81.037
97.4352
107.599
109.128
102.585
101.425
96.93
96.865
97.6688
111.075
103.854
106.115
101.364
97.0684
93.8329
77.532
89.0764
77.8167
75.0665
189.256
180.818
76.9847
93.0525
92.9598
92.4847
93.1139
99.9852
100.354
104.863
93.2536
99.527
93.3127
99.39
89.1179
89.0354
99.9614
86.8788
83.7773
92.2885
94.1217
83.5159
92.1959
93.6463
87.9116
96.0671
96.6107
76.7183
82.925
84.2866
74.5708
107.62
100.538
94.6739
102.232
93.8436
95.2871
108.261
107.973
109.434
106.389
103.833
103.053
104.339
108.169
107.875
107.421
108.811
105.202
101.655
101.832
108.359
100.321
106.342
104.372
102.937
112.409
118.079
121.24
105.191
100.308
116.31
99.515
98.0097
120.755
96.9855
90.9117
99.9592
99.0451
97.4646
107.887
76.3889
99.9577
89.5336
96.254
96.3549
105.849
96.6342
111.381
89.9465
99.3062
102.284
97.3024
104.053
104.785
115.229
115.584
100.497
105.562
104.464
97.8437
96.8173
105.475
103.527
99.2362
102.741
103.066
105.717
117.935
105.828
106.556
99.4539
100.861
101.065
102.482
94.0365
104.427
94.5329
116.906
87.5515
121.784
99.6052
90.6547
89.6871
97.3694
77.7367
73.8386
77.7646
197.521
71.3627
70.121
207.582
105.974
102.207
101.536
109.197
84.4739
85.6062
109.309
102.955
101.738
104.014
95.5633
94.3975
96.2835
96.3121
99.5127
96.3631
96.068
94.5959
97.969
94.453
100.585
139.62
76.1617
105.292
171.665
187.851
87.018
78.5549
86.51
92.9366
84.9978
177.466
80.5985
76.5559
207.902
92.1554
97.8016
92.5378
89.2394
99.6559
99.643
96.0293
80.7531
94.4986
90.5906
84.9644
85.966
73.9768
81.8309
95.5537
99.127
95.1311
96.2721
96.2408
85.1648
89.6099
96.441
95.5501
93.7284
94.5307
96.7483
84.9082
85.0821
110.94
107.057
113.166
113.376
111.388
112.573
110.558
97.9659
98.9864
104.247
102.908
95.3735
102.947
97.7992
91.1979
108.472
95.9566
115.681
98.3557
103.347
66.9564
107.316
110.81
113.15
117.125
74.3805
98.0371
130.248
96.648
99.3103
101.597
99.5338
97.1194
94.7264
97.7415
99.9246
96.3154
101.253
105.558
115.085
107.592
105.737
142.576
123.419
131.922
100.928
104.684
112.003
176.188
97.3068
101.447
98.2548
103.835
101.377
95.0735
101.595
98.5882
102.406
101.061
102.033
102.15
98.1428
98.9371
96.0832
103.266
96.0518
105.905
94.917
93.4196
110.046
100.415
100.917
102.176
96.3915
90.535
104.316
109.796
95.6636
95.203
95.7893
96.609
106.498
111.425
97.5778
99.0642
118.354
122.386
95.364
115.871
117.223
95.7237
121.739
76.2634
107.793
98.38
107.418
75.4576
102.845
108.438
102.008
97.1172
102.589
101.589
104.95
102.08
92.4191
87.2938
87.0703
106.05
108.077
152.088
136.794
85.9218
187.475
374.99
137.402
75.4655
334.906
103.81
181.682
73.251
174.245
69.6317
73.8139
98.818
66.2352
110.814
97.1138
94.1797
98.6622
102.203
100.707
108.751
98.7982
97.0318
97.1592
101.207
96.3963
103.031
96.8734
97.265
101.248
103.854
96.592
97.7551
101.742
109.948
98.0552
107.151
103.175
108.286
103.19
106.884
103.125
92.0772
106.752
98.4954
98.7109
105.447
99.5707
93.0024
88.0808
96.0714
116.369
90.6955
112.539
98.3578
125.262
110.149
101.11
101.955
103.135
108.646
106.034
101.97
108.18
112.686
107.928
113.695
97.378
131.506
95.1743
93.087
102.609
103.076
99.4587
94.8903
108.111
106.386
121.615
98.1125
111.516
101.708
101.315
96.7834
123.124
110.767
88.8195
95.9193
81.3226
106.301
92.0899
96.6737
105.191
100.768
94.4922
100.877
100.813
94.9275
104.653
57.4921
127.293
120.394
105.046
46.5973
120.02
97.5029
113.307
118.694
110.873
133.087
117.706
121.546
108.949
119.206
126.175
111.551
92.5818
88.4734
101.013
89.6893
86.3811
88.0312
113.753
124.635
122.82
101.863
118.706
97.2818
94.7742
98.8217
79.7738
108.917
108.455
80.3188
96.8887
404.564
137.555
140.186
132.883
149.663
99.0636
107.336
114.058
113.304
117.611
122.674
118.028
119.566
112.383
139.204
135.647
97.8759
109.614
96.2246
118.075
105.454
103.405
106.547
101.845
101.135
100.84
102.822
80.6327
93.3332
89.3846
101.415
88.7983
102.74
92.236
141.717
91.5248
146.004
108.282
94.2874
94.3826
106.944
92.1456
111.016
103.333
91.3963
106.029
115.182
116.273
54.3204
169.594
173.709
82.7847
79.0006
108.222
109.715
50.3601
186.605
179.592
72.1894
75.7843
108.737
156.638
98.4677
95.7619
106.746
118.962
101.726
95.7144
98.1657
133.663
166.08
129.176
124.963
116.212
149.466
116.818
88.009
105.534
110.232
94.7394
96.1635
94.0614
94.0678
100.452
106.191
112.833
93.4991
118.756
104.882
94.8766
142.347
81.2775
134.764
104.705
128.697
90.6131
93.7723
117.423
120.361
117.914
113.171
128.403
114.363
131.697
103.85
138.807
108.034
117.787
103.663
162.951
101.897
94.3612
101.676
107.102
96.0157
106.473
99.2556
94.5486
127.881
99.5279
133.105
99.5298
105.446
102.212
104.456
87.1677
171.918
171.883
86.395
66.672
65.7549
86.1842
98.5209
114.508
107.404
109.567
118.186
100.288
137.656
109.593
118.956
102.22
126.118
100.667
124.255
109.186
83.329
109.578
106.089
98.6522
95.0638
98.2773
98.8408
109.122
129.802
127.131
110.644
102.992
108.238
118.104
95.2001
108.279
89.2101
123.429
91.8878
92.2117
130.075
60.6657
105.921
170.111
68.3215
163.918
67.8056
123.459
93.5951
102.942
91.1933
118.865
131.987
91.3338
111.492
166.708
64.3992
60.6073
120.874
164.889
87.4908
110.771
89.6278
96.8102
98.6719
107.06
100.94
120.574
114.909
101.742
106.655
119.314
112.523
106.238
116.647
108.928
109.636
116.697
115.7
116.873
115.435
123.317
110.885
125.849
94.995
102.03
96.8904
76.3078
121.741
111.166
92.8802
93.4676
92.8651
91.6305
91.5539
94.2239
95.361
92.9608
95.3152
94.2455
97.051
90.1798
98.8289
98.983
88.9921
120.931
105.914
88.4333
103.402
90.4811
111.234
99.6329
128.518
97.7728
109.803
99.9007
100.27
92.1566
131.955
151.308
99.3266
99.9768
127.842
138.386
114.331
224.382
106.124
107.065
55.4839
110.438
106.166
214.525
108.489
104.788
104.602
101.922
97.7556
104.221
103.953
92.9057
138.695
95.8348
88.7464
184.307
94.4982
151.668
112.291
111.468
101.506
164.271
111.568
109.495
116.736
101.204
309.288
102.537
143.002
74.9445
249.591
289.221
105.89
88.8895
103.745
105.603
96.8513
110.564
97.3185
110.465
98.1019
95.897
100.643
107.496
102.421
95.9684
79.8527
161.893
72.5475
109.719
154.198
66.767
81.2356
117.679
103.762
96.1803
132.628
103.778
106.522
133.327
108.008
116.909
96.8893
124.567
122.252
107.486
107.522
102.282
106.216
103.18
99.3435
94.686
93.6994
101.693
103.064
104.122
269.033
208.806
53.5306
105.228
105.135
95.3525
93.2785
97.9073
92.6298
59.9856
70.5138
98.6994
118.944
105.703
106.775
117.169
112.473
103.441
132.52
99.9163
105.026
103.697
103.706
104.107
107.617
114.141
139.089
112.726
101.432
90.363
108.787
95.7977
96.5364
104.758
101.955
98.504
86.0759
103.719
105.061
100.434
102.193
136.93
134.416
128.7
136.663
106.925
110.797
120.724
120.385
167.487
118.529
114.864
164.862
116.579
108.349
122.076
114.234
97.922
97.347
120.411
113.284
114.931
140.586
122.869
106.923
110.805
138.183
124.412
100.022
102.013
99.3023
111.468
84.0446
111.71
89.139
97.4807
104.227
104.483
96.7519
102.255
101.904
95.8708
101.652
95.2384
96.3288
105.058
105.028
111.246
111.495
112.542
102.948
115.584
101.821
100.038
101.393
100.401
99.5994
106.928
104.508
98.8697
96.4803
99.6672
99.9855
93.8575
116.626
86.7511
139.448
119.376
135.563
116.67
125.551
95.778
101.654
135.304
103.21
97.1392
100.684
88.6642
113.104
113.438
91.1485
105.9
91.0874
93.6453
103.742
101.455
103.172
100.436
111.606
102.404
103.824
101.723
96.1993
138.785
100.995
103.235
94.5017
96.8141
94.8596
113.909
138.158
113.222
93.9685
108.561
141.999
111.68
99.9502
99.9981
119.152
106.516
102.811
119.241
117.121
107.168
119.064
109.049
118.963
108.129
108.593
100.225
102.351
101.788
101.938
103.7
101.955
99.4427
96.8324
113.023
97.4368
118.551
108.714
104.186
102.071
138.459
101.902
98.6655
83.5725
143.467
147.369
88.6381
98.7253
103.37
96.8258
97.5333
108.604
95.4016
96.7108
105.404
102.535
97.1526
104.576
96.898
103.141
96.4363
97.3222
103.725
107.266
101.412
105.841
98.2179
103.278
98.903
114.443
119.127
102.366
132.904
119.685
127.102
108.206
97.2942
135.118
103.546
97.3099
99.4483
100.507
98.0024
136.071
100.604
128.022
118.057
148.457
156.536
174.634
127.622
130.579
111.904
84.7339
117.257
125.76
101.132
99.4689
100.924
113.512
104.183
110.332
108.197
87.9142
104.648
144.271
116.973
119.312
127.427
120.566
90.2351
101.771
104.878
113.826
114.227
90.5041
126.392
134.053
129.653
129.422
94.7538
96.2834
124.01
119.687
111.463
91.561
110.825
87.5846
98.718
91.7832
86.7993
117.019
120.233
118.128
135.747
141.419
120.876
117.124
134.23
95.4416
103.284
150.622
117.194
114.417
113.982
103.185
106.286
107.428
103.228
103.128
106.776
107.379
120.473
130.883
129.301
107.575
148.544
146.794
109.241
114.691
110.043
97.6426
89.3341
100.244
100.346
110.555
146.188
125.408
138.237
225.302
156.364
120.185
119.894
99.7753
146.495
122.471
109.462
102.848
147.082
124.109
188.172
91.4475
95.4964
112.766
142.125
109.732
136.852
96.1064
114.654
107.714
131.708
125.847
129.829
116.821
107.987
98.8932
100.683
160.017
113.132
111.6
135.389
138.992
145.529
115.374
90.9944
92.7806
87.5727
117.644
90.6499
103.175
101.18
106.036
96.8349
96.3677
105.685
104.573
97.415
121.438
90.6567
145.822
71.3661
98.1146
102.926
117.043
108.074
103.666
101.885
106.403
103.671
119.613
94.2918
95.4761
102.307
100.136
102.541
101.118
69.9742
111.923
130.068
122.329
126.691
138.867
192.846
94.1017
102.479
89.1016
117.09
117.131
114.81
132.621
105.873
87.6961
89.2278
117.972
115.941
117.903
115.418
97.9132
127.133
120.298
96.5791
105.244
97.2022
103.763
130.588
118.66
126.262
112.295
115.827
110.945
116.368
135.115
149.87
105.298
170.875
156.215
132.547
133.059
105.625
115.511
115.352
93.6609
99.651
101.874
106.017
85.2473
52.6748
82.293
73.4888
204.708
199.727
73.6018
83.9405
120.604
84.5852
136.514
117.124
124.462
117.844
146.172
122.378
104.958
106.096
121.853
105.231
146.849
61.7873
82.8188
82.5142
232.05
70.5079
73.5766
204.218
95.4374
112.436
77.5177
95.4632
94.9047
72.8526
77.9004
97.8711
96.1104
111.356
103.175
99.518
95.1376
115.718
96.5956
105.262
95.3362
116.019
107.482
87.7861
94.7721
96.5171
106.2
96.148
72.1826
122.805
111.239
68.1253
95.6478
150.001
81.9316
100.542
104.539
75.4182
105.913
135.221
111.895
174.023
131.178
80.8976
81.2873
143.499
107.643
126.754
103.333
110.955
95.9143
112.137
101.745
95.8857
103.048
95.595
101.189
95.0004
117.956
94.4482
101.357
106.802
113.611
116.77
134.238
120.111
115.549
86.3237
78.1258
89.2833
66.7737
238.456
67.0359
247.76
99.5234
96.4809
98.7633
114.405
120.324
94.3103
95.7338
96.3217
117.992
96.14
101.872
103.326
101.479
102.86
94.1622
123.56
93.3512
139.451
140.583
133.91
133.44
128.786
151.635
143.972
127.746
130.719
152.966
172.87
161.337
149.915
113.514
106.562
122.703
45.7819
98.6803
106.262
96.7098
97.1693
110.293
109.114
109.868
120.948
124.809
139.718
160.613
111.078
159.574
59.2515
132.689
111.074
118.028
123.469
174.212
117.701
133.789
104.777
102.431
107.149
115.442
124.964
100.172
112.403
75.0641
104.725
122.762
99.5826
97.115
156.369
109.884
103.458
101.538
100.491
99.7895
106.444
115.006
109.643
106.449
130.932
99.1537
129.429
129.089
83.7704
88.4777
129.993
83.6487
78.2079
102.032
93.1287
97.9772
94.9977
79.3375
68.7851
158.508
134.469
111.052
147.446
82.9379
118.232
70.5125
111.12
87.6101
124.752
81.2835
70.0009
130.065
91.0647
114.495
112.671
107.457
124.713
110.091
124.298
116.689
108.37
126.37
142.689
135.544
126.418
91.5885
99.4949
101.048
98.9242
100.118
104.471
108.347
98.165
98.9186
97.7461
98.1921
99.7276
97.477
101.234
97.9658
72.0605
90.084
86.8158
80.1832
368.547
259.122
57.722
116.057
96.3544
94.6468
121.524
120.546
129.46
131.142
107.958
168.099
103.85
126.611
151.153
112.585
111.227
144.313
106.287
115.318
122.914
119.718
118.262
148.538
120.053
186.403
156.283
107.64
121.98
131.224
202.284
116.809
97.3245
96.9158
119.053
100.107
102.543
119.632
45.0736
66.4314
74.5978
77.0796
81.3099
71.4254
89.0121
118.89
91.832
91.1715
97.2923
94.8474
150.169
136.157
105.074
110.894
105.098
141.855
170.607
105.58
139.8
90.1932
87.8473
94.593
103.398
91.2354
89.0115
95.9577
131.735
110.731
135.613
59.7557
74.745
87.5609
67.0113
153.611
155.183
146.437
138.954
104.024
94.4208
115.693
102.681
57.7948
194.24
256.821
137.478
253.079
134.176
92.25
104.649
105.433
93.5057
79.3678
104.62
104.934
89.0426
90.0754
78.8253
95.1087
93.2696
91.12
95.6593
99.0854
96.5069
111.37
109.132
111.672
100.97
102.137
98.2209
114.18
96.1946
107.954
94.9061
102.691
94.0951
102.147
95.0459
95.7117
131.099
96.1577
94.6036
135.972
105.591
109.481
105.955
109.229
108.147
121.996
106.442
107.203
109.233
109.96
106.283
102.974
106.944
121.259
115.042
108.003
152.235
115.31
149.635
124.487
94.4661
90.7321
152.21
126.937
168.705
165.15
108.746
97.5297
95.8336
140.854
116.949
147.112
141.507
101.128
101.343
112.622
123.856
121.894
163.591
188.624
130.338
144.631
421.468
128.837
95.2974
207.649
273.939
76.2117
152.71
100.113
117.827
121.586
123.143
90.2594
123.473
91.0624
106.457
99.8446
104.806
157.079
119.776
153.124
148.142
101.597
92.9015
102.423
115.87
95.5168
100.365
135.065
119.998
126.518
130.692
125.601
137.43
180.575
150
101.03
92.3384
101.036
104.701
167
114.628
103.963
114.273
83.5508
106.279
144.041
112.979
120.192
174.109
86.9225
104.484
89.1216
95.0524
94.2301
184.036
119.234
108.739
97.6495
103.468
97.8938
103.284
103.1
90.8
107.477
118.95
106.516
116.795
115.811
95.4594
105.341
107.361
97.2208
96.5286
139.608
121.745
103.358
97.2897
281.892
108.567
318.269
89.161
208.784
269.832
75.9975
98.0893
86.1391
162.27
122.316
166.669
94.8688
97.9125
82.1335
96.8921
97.6305
79.0426
79.5908
108.158
111.699
80.4808
91.9525
94.4056
103.796
101.233
106.017
82.5114
131.635
135.211
94.1743
122.743
130.26
136.994
126.175
93.3636
107.982
99.4123
107.472
108.452
111.184
129.721
106.672
110.332
78.1682
240.389
146.202
103.65
231.144
132.05
119.168
131.52
105.222
105.588
106.113
90.9063
114.02
138.047
139.895
102.897
113.681
116.589
99.2392
101.113
107.512
105.292
100.249
99.8101
106.369
107.103
183.009
130.849
142.12
147.998
140.616
169.812
220.099
99.6382
107.096
101.397
105.536
99.549
99.5499
102.397
104.987
147.222
154.943
100.783
117.045
120.32
83.3646
108.803
103.997
125.796
145.535
90.4366
108.24
103.381
91.9732
102.642
105.869
102.568
91.865
102.538
100.082
105.157
96.8451
237.36
87.0893
103.236
97.0835
163.803
110.385
97.9752
96.8712
97.8051
97.0261
95.8617
107.657
120.345
137.391
121.619
108.966
129.792
126.465
155.395
110.871
121.041
112.477
121.782
110.599
146.889
152.045
92.6367
98.7503
83.1599
119.338
116.578
206.842
155.932
122.726
123.808
87.7168
150.993
104.72
127.427
163.739
159.944
81.2278
288.45
144.161
110.498
776.124
107.429
164.078
127.799
159.02
161.755
114.43
117.192
139.745
128.451
160.981
160.192
198.71
152.686
136.614
211.231
182.28
185.89
117.065
331.191
150.173
195.11
1015.05
193.836
39.3309
69.5388
91.1845
34.9946
207.022
60.6161
180.487
167.701
180.749
76.8262
380.301
108.722
138.381
193.697
244.687
161.153
163.702
149.441
77.458
94.0644
296.897
64.7693
291.276
144.694
212.48
-11.8543
-48.5312
54.2855
105.352
221.335
61.0252
124.435
206.519
979.648
142.911
99.7145
112.669
106.007
139.936
111.414
104.979
130.819
158.84
88.7514
100.259
115.46
149.609
117.293
173.48
148.006
158.772
149.143
138.242
889.685
147.265
98.1329
104.506
133.621
86.861
86.5023
122.563
117.099
98.3746
88.108
89.9406
59.8324
49.0521
115.196
106.714
105.945
113.551
128.024
86.077
145.369
149.175
146.401
99.1805
220.054
91.7706
193.693
215.089
124.612
489.529
96.3843
126.208
120.789
74.3063
87.2078
122.195
140.14
87.1195
84.4024
157.062
134.201
75.0958
121.604
122.623
93.4965
109.194
99.938
107.443
97.9974
95.7389
101.349
94.2965
107.162
97.9107
95.5802
107.219
98.0729
95.6765
123.022
186.632
95.1345
119.57
128.17
98.4601
114.237
109.877
100.968
90.7794
100.883
112.352
99.3962
94.5584
83.9607
89.0133
101.969
103.961
104.784
75.4866
27.1756
104.805
92.356
118.064
102.78
102.839
101.36
107.335
103.299
104.524
67.1579
34.9791
64.3141
31.1776
123.535
107.602
109.746
137.506
93.5218
129.217
135.769
85.3769
132.454
63.252
174.011
238.199
110.027
103.005
124.42
98.5165
157.704
138.846
182.495
99.9424
178.964
124.32
66.648
195.698
159.695
102.925
164.403
256.791
104.414
131.515
45.7653
155.42
181.761
123.317
105.794
130.989
63.4794
48.2386
39.7593
268.77
139.953
135.679
350.041
114.278
84.4594
107.573
95.4954
91.7248
140.288
116.197
109.145
109.185
125.989
120.551
150.093
103.162
140.016
131.921
70.9859
120.064
137.365
154.097
116.478
155.168
180.309
153.338
186.086
152.294
116.232
88.7479
174.296
138.394
91.4829
508.259
92.4273
657.027
120.834
170.628
107.761
102.298
160.1
145.318
165.672
121.103
121.821
127.175
110.034
131.76
124.311
141.387
169.906
138.492
125.956
117.843
164.521
167.063
115.252
187.229
126.773
95.4662
173.408
105.18
102.843
100.447
151.721
152.277
-25.1028
113.327
67.9443
104.79
42.1041
270.345
350.835
111
75.4726
81.125
152.63
118.713
104.143
106.431
98.9028
99.4544
92.627
103.617
100.717
117.484
117.1
93.1666
92.989
101.294
83.9048
107.248
79.496
171.348
102.713
106.628
102.582
101.452
104.581
108.258
107.506
100.753
116.038
102.171
146.804
108.786
140.458
109.477
-14.0858
129.086
5.2196
480.489
327.124
119.752
87.8715
129.002
-17.8292
9.57338
348.374
372.76
120.262
155.738
)
;

boundaryField
{
    inlet
    {
        type            calculated;
        value           nonuniform List<scalar> 
168
(
86.4694
101.668
86.8979
109.253
104.645
97.4518
101.058
83.4376
85.2916
93.611
88.4106
102.384
80.3411
106.668
102.336
98.1332
95.4039
91.802
79.4737
87.6936
97.108
92.2489
88.7475
83.6196
102.443
95.007
94.0413
88.2956
93.4117
92.1204
95.6922
86.9542
70.5538
80.6904
90.3686
95.5961
-157.566
74.7918
93.5545
113.492
97.8928
100.483
111.574
100.194
97.5066
89.4294
100.345
88.6604
81.4973
89.8929
66.3995
80.5358
91.7633
98.4778
83.7615
90.2799
79.6952
99.5572
88.1959
92.4509
95.5381
87.1605
86.9282
90.3563
96.4459
96.3893
93.9275
95.6284
79.4725
95.3069
95.7303
94.7984
94.3514
91.0886
100.469
81.8435
90.2998
95.4762
106.568
113.65
103.418
98.8787
96.2213
92.8655
97.2787
95.9273
85.8019
62.6264
95.6004
97.3225
87.3739
98.864
92.6872
100.931
101.65
99.1038
89.2307
84.0535
84.3626
93.5648
78.58
83.8999
87.7593
84.8055
83.8646
92.6007
85.4664
89.0756
73.2644
93.8876
96.1776
89.8237
87.4577
82.2674
85.02
85.9749
90.8746
101.393
99.8825
90.197
115.564
102.762
103.324
98.3839
72.5161
76.5743
71.7837
33.1131
93.1026
85.0097
105.472
107.902
104.576
104.485
99.9024
76.6224
68.8245
109.234
108.277
106.474
91.9223
100.46
104.56
71.4821
105.446
104.074
99.459
102.93
99.619
102.453
103.287
88.9992
88.6751
90.4506
103.196
104.022
-73.8781
99.1547
82.1314
100.873
94.5585
94.6929
121.042
34.0023
63.7767
92.5567
85.3692
23.2449
)
;
    }
    outlet
    {
        type            calculated;
        value           uniform 0;
    }
    lowerWall
    {
        type            calculated;
        value           nonuniform List<scalar> 
1088
(
88.468
99.6087
86.7321
104.621
104.236
99.0634
99.0792
91.849
89.5939
92.382
98.4057
92.632
77.235
110.965
111.11
95.1803
96.5131
98.0384
102.354
95.8043
107.585
102.581
115.748
94.0165
81.9148
113.825
106.858
105.799
101.019
195.316
123.46
102.031
104.016
107.335
56.5359
140.755
103.6
104.404
129.876
146.818
100.674
100.741
103.697
99.7619
125.965
102.217
104.039
100.943
86.7896
129.332
96.391
101.075
100.29
100.541
106.81
91.1544
93.0432
95.3037
90.7978
90.6336
93.0449
94.0922
96.0598
98.2886
98.1411
95.7241
94.6625
93.3047
90.6396
90.762
89.9119
90.6884
91.3602
91.4761
91.6543
90.5214
89.4039
88.901
88.5283
88.957
87.4365
87.9464
88.3375
88.3318
87.73
87.2067
87.0088
86.7559
86.6212
86.8887
84.9531
85.2793
85.4966
85.513
85.2384
84.9247
84.6745
84.5051
84.4659
84.6227
82.497
82.7053
82.8435
82.8406
82.6757
82.4787
82.3291
82.2128
82.2018
82.303
80.0528
80.1817
80.2544
80.2743
80.1651
80.045
79.9469
79.8741
79.8779
79.9311
77.6251
77.7265
77.7557
77.7567
77.7066
77.6328
77.5856
77.5402
77.5338
77.5484
75.2343
75.2968
75.3222
75.3139
75.2801
75.2419
75.2141
75.1846
75.1784
75.2009
72.8637
72.8954
72.9167
72.9172
72.9042
72.8941
72.8628
72.8234
72.8315
72.8442
70.5183
70.5454
70.5439
70.5491
70.5444
70.5441
70.525
70.5159
70.5128
70.5078
68.19
68.2006
68.2206
68.2225
68.2275
68.2288
68.2179
68.2018
68.1819
68.1838
65.893
65.9126
65.9425
65.9346
65.9218
65.9196
65.9236
65.9066
65.891
65.8939
63.623
63.6474
63.666
63.6449
63.6225
63.6158
63.6165
63.6272
63.6222
63.6188
61.3746
61.3804
61.3803
61.3835
61.3816
61.3724
61.3598
61.3524
61.3614
61.3667
59.1326
59.1408
59.143
59.1512
59.1538
59.15
59.1363
59.1256
59.1205
59.124
56.9119
56.9169
56.9194
56.9187
56.917
56.9147
56.9123
56.9063
56.9012
56.9051
54.7212
54.7162
54.7049
54.7109
54.7148
54.7158
54.7142
54.7095
54.7178
54.7213
52.5236
52.5306
52.5158
52.5208
52.5252
52.5357
52.5428
52.5431
52.541
52.5297
50.3508
50.3429
50.3418
50.355
50.3634
50.3698
50.374
50.3711
50.3804
50.365
48.1982
48.1807
48.1755
48.1867
48.2012
48.2162
48.214
48.2182
48.2189
48.2142
46.0492
46.0366
46.0269
46.0266
46.0367
46.0471
46.0534
46.0549
46.052
46.0526
43.8987
43.9002
43.906
43.9126
43.9083
43.9017
43.8989
43.8967
43.8951
43.8969
41.7682
41.7757
41.7855
41.7803
41.7681
41.7611
41.7609
41.7761
41.7662
41.7644
39.6629
39.6655
39.6668
39.6574
39.65
39.6433
39.6512
39.6597
39.6565
39.6582
37.5538
37.5682
37.573
37.5738
37.5681
37.562
37.5558
37.5527
37.54
37.5431
35.4695
35.483
35.4829
35.4782
35.4701
35.4643
35.4505
35.448
35.4483
35.4541
33.4134
33.4112
33.3926
33.3869
33.3843
33.376
33.3688
33.3737
33.3907
33.4059
31.351
31.3436
31.3328
31.3275
31.3259
31.3274
31.3333
31.34
31.3446
31.3501
29.2804
29.2822
29.2957
29.3014
29.3015
29.3052
29.3079
29.306
29.298
29.2853
27.2429
27.2475
27.267
27.2821
27.2908
27.2921
27.2865
27.2759
27.2644
27.2482
25.2571
25.2538
25.2538
25.2602
25.2704
25.28
25.2856
25.2867
25.2804
25.2657
23.3075
23.2933
23.2837
23.28
23.2845
23.2943
23.3062
23.3218
23.3228
23.3166
21.3655
21.3511
21.3466
21.3477
21.3504
21.3535
21.355
21.362
21.3653
21.3672
19.4195
19.4194
19.4213
19.4293
19.4354
19.4366
19.4282
19.4231
19.4212
19.4194
17.5006
17.5072
17.5154
17.5198
17.5189
17.5129
17.5053
17.5011
17.4994
17.4998
15.6272
15.6319
15.6267
15.615
15.6028
15.5893
15.58
15.5935
15.6008
15.6155
13.7556
13.7631
13.7464
13.7289
13.7083
13.6955
13.6904
13.7045
13.7197
13.7334
11.8545
11.8746
11.8751
11.8625
11.8511
11.8421
11.8393
11.8441
11.8444
11.8451
9.98296
9.9915
10.0022
10.0071
10.0039
9.99942
9.9951
9.99364
9.98974
9.98175
8.15914
8.14957
8.14746
8.14893
8.1502
8.15492
8.15656
8.15882
8.15952
8.16162
6.33649
6.32409
6.32048
6.3196
6.32723
6.34327
6.34966
6.34842
6.34104
6.34142
4.50804
4.50572
4.50745
4.51452
4.52835
4.55299
4.55302
4.54201
4.53074
4.51838
2.70004
2.70133
2.70441
2.7109
2.71869
2.7285
2.73455
2.73236
2.72114
2.70686
0.903073
0.90279
0.902468
0.89848
0.896122
0.898821
0.90824
0.912308
0.9128
0.904008
98.6349
95.2325
94.067
100.066
97.1465
95.5819
100.917
99.1259
97.5225
102.211
99.3302
99.379
99.0252
95.7929
98.4942
95.3114
94.3681
95.5914
95.2454
94.4527
94.2731
93.5737
92.2484
94.3723
90.0418
89.5464
90.883
95.1784
93.486
90.5845
101.524
100.402
96.9815
101.514
99.5849
100.586
103.15
100.719
99.9677
109.264
103.9
106.692
112.684
119.615
100.923
99.6333
107.791
97.954
101.148
97.461
98.3666
98.3159
94.1107
96.7906
101.888
101.027
88.2716
100.824
95.2192
93.8423
97.094
96.4669
96.4264
104.065
99.8155
98.7378
100.347
99.5467
99.0486
100.918
102.779
100.201
102.301
97.904
99.1651
93.9511
94.6045
95.4735
92.9095
94.3963
94.039
94.863
94.8365
94.8294
89.2469
91.5595
90.5604
91.0639
90.8837
90.8199
93.8894
92.2566
91.5416
95.7778
93.3974
92.6799
97.7911
94.2962
93.8589
98.9926
93.9583
94.2141
96.0841
92.2832
93.3782
94.7045
91.205
92.0665
93.5769
90.9914
91.1577
91.0868
90.2619
90.876
90.2477
89.5949
89.8393
92.0542
90.8105
89.9085
97.5358
97.7317
98.1612
94.955
96.0836
96.4531
95.0218
95.2183
94.3683
99.0961
98.6238
98.7104
96.7632
98.2426
98.6743
96.8415
99.0817
95.7096
100.18
99.7272
100.385
99.1331
99.9511
99.6326
98.8031
99.3515
98.5401
100.994
100.527
101.283
99.539
99.9586
99.9696
99.6496
99.5121
99.2298
95.882
95.7651
99.9739
96.4423
96.7801
95.7812
99.2253
98.2951
97.7956
93.7369
95.3501
94.7637
94.8734
95.0329
95.0351
95.2632
94.8072
94.8959
94.9466
94.9916
95.7884
94.651
94.7584
94.6472
94.4448
94.437
94.4162
93.3864
96.424
88.0682
93.1675
94.3459
93.0063
94.5864
94.4239
94.0078
89.1926
92.085
92.0643
90.5204
91.6702
89.6692
91.5028
90.7749
90.8852
95.4121
92.9091
92.2886
91.9789
92.3342
94.1524
90.7373
91.1266
90.9372
98.523
96.2123
96.1827
97.6261
96.3677
96.5865
95.1289
94.6193
95.4411
94.4269
92.755
93.2849
97.9092
99.9109
97.9651
91.1252
88.5257
102.921
96.7248
96.569
98.9538
95.6661
95.9673
96.7063
93.4937
94.1833
95.0165
92.2438
92.5028
94.3108
92.8784
91.9461
92.0954
95.9692
96.0114
97.2407
91.01
91.386
91.7376
96.7203
95.6426
95.2898
98.9708
99.3518
103.641
91.7095
90.6151
89.6106
147.031
105.243
139.671
110.336
111.733
103.208
89.8099
99.5734
111.421
104.508
99.7639
100.774
101.331
100.139
114.396
95.7793
115.612
112.116
109.872
103.076
104.079
109.143
138.583
145.717
93.9549
62.1777
84.973
94.2944
101.896
103.241
112.578
101.367
134.522
95.4842
98.7314
96.4517
103.144
102.327
102.797
102.614
107.282
112.721
93.9662
93.6431
114.781
119.633
132.164
119.148
90.1775
89.2187
89.6008
91.0384
89.9313
90.384
92.8145
92.3771
91.6606
92.7484
93.6389
93.1313
139.65
117.23
128.254
118.87
97.4026
159.789
104.869
123.292
80.2378
90.129
90.2386
90.5285
111.858
107.108
108.998
106.925
102.424
103.871
91.5711
92.2637
91.9305
94.9198
94.6492
95.431
94.4149
94.132
93.1275
112.388
73.4491
90.7978
105.071
97.7189
101.898
104.213
98.0772
94.9626
95.9683
98.7721
101.907
106.296
108.089
110.47
105.392
150.855
113.444
128.479
103.799
104.903
101.743
84.6336
140.248
100.722
101.342
103.317
96.8206
98.1412
93.8377
76.3211
139.024
89.3634
85.7038
101.665
97.8657
88.4951
99.8905
104.359
102.779
92.4239
94.0962
87.6996
101.936
88.158
108.507
101.001
93.3852
95.4704
101.996
100.307
121.566
107.658
140.684
118.792
106.977
100.603
108.213
105.041
79.1581
97.9839
118.709
108.875
106.372
100.557
115.043
109.127
105.021
106.074
111.09
120.447
113.372
121.263
98.8346
100.219
82.925
74.5708
96.0671
94.6739
108.261
100.538
77.7367
207.582
71.3627
80.5985
207.902
86.51
84.9644
81.8309
94.4986
99.6559
96.0293
92.1554
96.2721
89.6099
99.127
100.917
109.796
96.3915
106.498
97.5778
95.6636
107.151
103.175
98.0552
101.708
123.124
121.615
127.293
120.394
57.4921
142.347
93.7723
104.705
91.8878
130.075
108.279
170.111
123.459
68.3215
91.6305
95.361
92.8802
107.065
214.525
106.124
104.788
104.602
108.489
161.893
81.2356
72.5475
105.026
114.141
103.706
90.363
96.5364
112.726
122.076
114.234
108.349
101.455
103.172
103.742
97.2942
100.507
108.206
129.653
119.687
94.7538
117.019
117.124
135.747
106.286
107.428
103.185
120.473
109.241
148.544
117.09
132.621
94.1017
105.625
106.017
99.651
83.9405
117.844
136.514
204.708
73.6018
85.2473
112.436
77.5177
95.4374
95.3362
94.7721
105.262
96.5171
68.1253
122.805
81.9316
105.913
150.001
123.469
104.777
118.028
115.442
75.0641
107.149
130.932
129.993
83.7704
87.8473
94.593
90.1932
131.735
67.0113
74.745
104.024
115.693
153.611
147.112
101.343
95.8336
101.597
135.065
95.5168
119.998
150
125.601
135.211
126.175
131.635
107.472
129.721
93.3636
132.05
90.9063
105.222
107.512
105.292
101.113
130.849
220.099
183.009
121.619
126.465
137.391
114.43
139.745
164.078
144.694
-48.5312
296.897
74.3063
140.14
126.208
109.194
101.349
99.938
152.63
106.431
75.4726
)
;
    }
    upperWall
    {
        type            calculated;
        value           nonuniform List<scalar> 
1139
(
96.9543
93.9448
88.3035
108.045
98.38
95.4896
95.561
93.6332
91.8245
94.3619
96.3298
87.0893
102.329
112.403
121.042
96.6198
95.1326
130.771
101.059
88.9895
108.117
105.354
107.059
191.808
90.0478
103.81
96.347
109.108
100.765
110.881
105.289
105.372
102.202
104.921
39.2016
98.1095
105.678
105.49
105.49
113.311
102.409
101.38
104.515
103.608
82.2704
120.663
99.7775
101.231
103.718
98.2029
96.3864
103.646
99.6989
100.586
110.202
91.5908
93.7541
95.2109
89.7967
90.7136
93.0442
94.0908
96.047
98.2814
98.1285
95.712
94.6146
93.3168
90.6596
90.7612
89.9122
90.6879
91.3611
91.4777
91.6537
90.5209
89.4025
88.9012
88.5285
88.9573
87.4364
87.9463
88.3386
88.3316
87.7294
87.2062
87.0087
86.7562
86.6216
86.8886
84.953
85.2791
85.4965
85.5124
85.2388
84.925
84.6744
84.505
84.4658
84.6227
82.4971
82.7052
82.8434
82.8405
82.6756
82.4784
82.329
82.2126
82.2017
82.3032
80.0529
80.1816
80.2543
80.2743
80.1648
80.0449
79.9468
79.874
79.8778
79.9308
77.6247
77.7264
77.7556
77.7566
77.7063
77.633
77.5855
77.5401
77.5337
77.548
75.2343
75.2967
75.3221
75.3137
75.28
75.2418
75.214
75.1845
75.1783
75.2009
72.8636
72.8953
72.9166
72.9171
72.9042
72.894
72.8627
72.8233
72.8315
72.8441
70.5175
70.5451
70.5438
70.549
70.5445
70.5439
70.5249
70.5159
70.5132
70.5082
68.1899
68.2005
68.2205
68.2224
68.2274
68.2287
68.2178
68.2023
68.182
68.1837
65.893
65.9128
65.9421
65.9342
65.9217
65.9197
65.9233
65.9061
65.8909
65.8938
63.6231
63.6472
63.666
63.6447
63.6223
63.6156
63.6164
63.6274
63.6222
63.6189
61.3742
61.3802
61.3801
61.3833
61.3817
61.3724
61.3599
61.3523
61.3614
61.3666
59.1324
59.1408
59.1422
59.1514
59.1539
59.1499
59.1362
59.1255
59.1204
59.1236
56.9123
56.917
56.9193
56.9186
56.9163
56.9141
56.9122
56.9064
56.9011
56.9049
54.7211
54.716
54.7046
54.7108
54.7143
54.7156
54.7141
54.7096
54.7177
54.7212
52.5234
52.5302
52.5157
52.5214
52.5254
52.5358
52.5427
52.543
52.5408
52.5297
50.3509
50.3431
50.3417
50.3547
50.3629
50.3698
50.3735
50.3708
50.3803
50.365
48.1982
48.1807
48.1753
48.1863
48.2013
48.2162
48.214
48.2182
48.2189
48.214
46.0489
46.0363
46.0269
46.0269
46.0369
46.0469
46.0533
46.0549
46.0518
46.0525
43.8986
43.9001
43.9059
43.9126
43.9082
43.9016
43.8992
43.8962
43.8949
43.8969
41.7679
41.7758
41.7855
41.7805
41.7678
41.761
41.7612
41.7759
41.7668
41.7643
39.6628
39.6656
39.6669
39.6572
39.6499
39.6438
39.6511
39.6598
39.6567
39.6578
37.5539
37.5688
37.5728
37.5735
37.5681
37.5622
37.5557
37.5525
37.5399
37.5429
35.4697
35.483
35.4824
35.4783
35.4701
35.4636
35.4502
35.4478
35.448
35.4544
33.4134
33.411
33.3928
33.3868
33.3836
33.3757
33.3687
33.3736
33.3918
33.4064
31.3507
31.3436
31.3329
31.3274
31.3258
31.3273
31.3332
31.34
31.3445
31.3499
29.2802
29.2822
29.2959
29.3015
29.3015
29.3054
29.3077
29.3058
29.2977
29.2852
27.2428
27.2473
27.267
27.2817
27.2907
27.2919
27.2863
27.2758
27.2646
27.2484
25.2571
25.2537
25.2536
25.26
25.2704
25.2799
25.2855
25.2866
25.2803
25.2656
23.3076
23.2937
23.2837
23.2801
23.2845
23.2942
23.3061
23.3217
23.3226
23.3165
21.3655
21.3509
21.3465
21.3477
21.3504
21.3535
21.3549
21.3619
21.365
21.3672
19.4194
19.4192
19.4212
19.4292
19.4359
19.4367
19.4283
19.4231
19.4211
19.4194
17.5004
17.5072
17.5156
17.5197
17.5185
17.5126
17.5052
17.5009
17.4995
17.4997
15.6273
15.6321
15.627
15.6149
15.602
15.5884
15.5797
15.5935
15.6008
15.6154
13.7558
13.7629
13.746
13.7286
13.7084
13.6955
13.6904
13.7045
13.7196
13.7334
11.8547
11.8741
11.8747
11.8628
11.8511
11.842
11.8392
11.844
11.8441
11.8448
9.98291
9.99163
10.0021
10.0072
10.0038
9.99911
9.99483
9.99344
9.9896
9.98167
8.15917
8.14956
8.14722
8.14892
8.15012
8.15483
8.15648
8.15874
8.15942
8.1616
6.33626
6.32386
6.32033
6.31939
6.32733
6.34325
6.35003
6.34836
6.34083
6.34102
4.50783
4.50577
4.50745
4.51442
4.52805
4.55299
4.55283
4.54195
4.53065
4.51825
2.6999
2.70155
2.7044
2.71076
2.71853
2.72753
2.73446
2.73228
2.7212
2.7069
0.90309
0.902549
0.902174
0.897987
0.896079
0.898751
0.908312
0.912439
0.912709
0.903932
94.0679
95.2392
98.6091
95.5587
97.1971
99.7351
97.4973
99.1238
100.651
99.3732
99.3012
102.311
98.49
95.8335
104.11
95.5904
94.372
94.0814
94.3002
94.4495
95.1794
94.3792
92.2347
93.4148
91.3092
89.5584
88.9991
90.5751
93.4955
95.607
96.937
99.6118
101.395
100.66
100.27
100.755
101.02
102.974
103.632
103.584
103.151
120.952
98.2398
103.577
117.146
94.7896
102.811
104.118
97.4455
94.7638
96.449
96.3259
98.6508
95.1521
97.832
93.9631
99.8061
92.1815
96.6145
110.01
96.4412
96.4672
97.0941
98.527
100.653
101.772
99.0404
99.531
100.402
99.9204
99.6518
101.21
99.3067
97.7604
101.529
95.3492
94.1558
94.475
94.0523
94.6646
97.15
94.9427
95.1683
95.2056
91.135
91.5123
93.2264
90.9221
90.9343
91.158
91.5412
92.256
93.8895
92.6779
93.3985
95.7871
93.859
94.2962
97.7709
94.2144
93.9582
99.007
93.378
92.2831
96.0468
92.0689
91.206
94.7102
91.1571
90.9918
93.5735
90.8756
90.261
91.0881
89.839
89.5953
90.2442
89.908
90.8107
92.0537
94.3687
95.2189
95.0293
96.3196
96.0979
94.9602
98.0805
97.6894
97.6332
95.6669
99.3451
96.8588
98.7149
98.2988
96.7307
98.9171
98.7441
99.1552
98.5255
99.3029
98.7426
99.6187
99.9023
99.1002
100.487
99.5111
99.9992
99.2665
99.352
99.6731
99.9485
99.9781
99.5459
101.849
100.962
100.895
97.805
98.3262
99.2586
95.785
96.8662
96.44
101.261
96.1739
96.8885
94.8848
94.8061
95.2633
94.9241
95.1549
94.8847
96.9696
95.342
93.7742
94.4396
94.6079
94.5772
94.6301
94.7913
94.6544
95.7979
95.0014
94.9144
94.0332
94.3951
94.566
93.0546
94.306
93.2445
94.7174
94.8137
93.4231
90.8803
91.5698
91.7606
89.8115
91.5744
90.5345
91.3586
91.8105
89.5993
90.9389
91.0518
90.7985
94.1013
92.3408
91.9836
92.3287
92.9214
95.3937
96.1819
96.1255
98.4475
96.5825
96.3659
97.6267
95.415
94.587
95.1217
93.2499
92.7516
94.4095
97.7179
98.7874
98.2257
105.363
97.7798
90.7218
98.9417
96.5624
96.7312
96.6936
95.8927
95.6366
95.0322
94.1836
93.4844
94.3125
92.4951
92.2417
92.0919
91.9169
92.8063
97.2246
95.9949
95.9598
91.6467
91.3838
91.0101
95.2841
95.6242
96.7299
109.341
98.7321
109.833
102.148
102.213
103.298
82.4648
102.815
112.736
99.632
101.891
98.929
116.266
109.32
145.062
99.67
116.112
97.9042
102.49
111.661
104.933
107.321
102.788
100.5
91.2782
152.502
79.4721
105.586
102.557
90.1925
100.551
100.078
103.542
100.914
101.899
86.3869
110.184
105.08
102.194
100.745
103.119
102.965
125.048
114.492
110.809
95.8162
81.4085
100.263
112.484
83.2612
101.904
119.361
140.134
94.1646
120.805
137.667
111.841
176.417
45.6664
93.3935
91.1591
105.684
101.417
119.508
96.4406
100.93
96.4554
101.392
98.9633
102.737
119.12
78.1493
102.486
105.313
98.5224
107.437
101.442
92.0992
101.858
102.007
97.2793
89.9229
92.4551
94.2428
119.999
97.1191
98.4497
122.66
146.349
115.672
122.27
155.679
134.415
112.575
111.809
112.981
54.1862
110.051
97.5882
98.1198
99.3105
92.148
98.795
94.659
93.3776
101.595
98.8433
100.857
88.819
75.4481
122.49
89.6002
89.2181
90.1771
90.3832
89.9304
91.0375
91.6631
92.3733
92.8105
93.1257
93.6417
92.7503
69.914
147.989
91.539
107.383
105.512
96.0266
108.107
100.915
107.694
108.632
89.9012
109.526
102.407
125.755
91.6832
96.3387
99.5034
96.4828
126.64
96.2418
97.3238
92.2929
103.617
123.685
103.082
103.478
106.982
105.386
129.383
126.686
102.506
94.4057
87.2672
106.639
110.113
111.434
106.347
123.205
104.261
121.796
103.293
101.799
96.7245
128.631
100.657
104.713
102.845
106.608
99.9554
108.947
106.879
101.591
102.525
107.643
105.841
107.57
94.3951
97.3144
97.2923
96.606
90.523
90.2446
90.1129
110.665
105.642
111.312
101.625
103.157
105.67
96.9549
92.8315
91.3288
101.481
92.6578
90.6549
127.116
97.5156
100.706
95.4253
94.647
94.9161
91.9268
92.2658
91.571
93.1267
94.129
94.4112
97.2412
121.404
100.438
91.7031
98.282
98.0787
96.0601
98.5063
113.618
103.717
114.981
94.6217
93.3082
94.5187
110.452
98.4748
107.381
86.2278
97.5779
42.7283
41.5289
104.933
96.0011
94.9052
104.764
111.68
152.249
102.528
101.052
97.493
116.581
107.614
105.338
131.355
115.143
103.729
100.576
95.2143
97.6055
124.557
96.5361
99.7941
102.821
90.2671
102.668
119.285
111.973
115.435
110.302
105.167
108.971
93.8864
99.7484
100.194
93.788
94.8712
124.575
117.19
106.982
108.063
93.1826
86.7373
84.4632
102.853
100.174
116.938
99.168
86.71
89.2896
106.389
108.169
103.833
101.655
108.359
107.421
107.887
99.9577
99.9592
102.207
109.309
84.4739
95.5633
96.3121
101.738
107.418
102.845
75.4576
118.756
94.8766
106.191
94.2455
98.983
97.051
116.697
110.885
115.7
107.102
94.5486
96.0157
96.8102
114.909
107.06
171.918
86.1842
66.672
126.118
109.186
102.22
129.802
118.104
102.992
98.6522
98.8408
109.578
106.655
116.647
106.238
102.03
111.166
94.995
120.931
111.234
103.402
109.803
92.1566
128.518
94.686
101.693
106.216
93.2785
98.6994
59.9856
105.703
132.52
117.169
134.416
110.797
136.93
106.562
98.6803
149.915
66.4314
89.0121
77.0796
112.671
124.298
107.457
126.37
91.5885
142.689
91.832
136.157
97.2923
109.96
121.259
106.283
139.608
97.2897
97.2208
103.236
163.803
97.0835
67.1579
123.535
34.9791
116.232
174.296
153.338
92.4273
170.628
508.259
67.9443
350.835
113.327
-17.8292
155.738
348.374
)
;
    }
    frontWall
    {
        type            cyclic;
    }
    backWall
    {
        type            cyclic;
    }
}


// ************************************************************************* //
