/*--------------------------------*- C++ -*----------------------------------*\
| =========                 |                                                 |
| \\      /  F ield         | OpenFOAM: The Open Source CFD Toolbox           |
|  \\    /   O peration     | Version:  5.0                                   |
|   \\  /    A nd           | Web:      www.OpenFOAM.org                      |
|    \\/     M anipulation  |                                                 |
\*---------------------------------------------------------------------------*/
FoamFile
{
    version     2.0;
    format      ascii;
    class       volScalarField;
    location    "1.8";
    object      p;
}
// * * * * * * * * * * * * * * * * * * * * * * * * * * * * * * * * * * * * * //

dimensions      [1 -1 -2 0 0 0 0];

internalField   nonuniform List<scalar> 
9235
(
107.17
98.8632
104.252
103.734
102.328
100.737
98.745
94.9553
92.2169
89.5272
86.9012
84.3169
81.7665
79.2673
76.7852
74.3348
71.9011
69.4998
67.1235
64.7726
62.4256
60.0993
57.8041
55.4985
53.2182
50.9543
48.6979
46.4374
44.1959
41.9795
39.7584
37.5621
35.3942
33.2199
31.0353
28.8837
26.7838
24.7214
22.6666
20.6058
18.5729
16.5853
14.5998
12.5861
10.6021
8.66504
6.73061
4.78912
2.86851
0.958933
98.9561
106.716
104.829
98.7116
105.61
102.124
98.814
94.8525
92.1223
89.4749
86.8715
84.2963
81.7738
79.2682
76.7806
74.3371
71.9002
69.5167
67.1505
64.7769
62.4316
60.1029
57.7935
55.4982
53.2056
50.9386
48.6856
46.439
44.2036
41.9819
39.7733
37.5759
35.3913
33.21
31.0375
28.8898
26.7805
24.7062
22.6494
20.6049
18.5788
16.588
14.6076
12.6062
10.61
8.65531
6.7177
4.78627
2.86976
0.958889
95.7641
99.7789
99.0534
95.915
104.676
101.501
99.2907
95.3916
91.8078
89.3348
86.7917
84.2443
81.7323
79.2493
76.7746
74.3203
71.907
69.532
67.1609
64.7739
62.433
60.1053
57.7859
55.4935
53.2088
50.9338
48.6761
46.4451
44.2138
41.9839
39.7778
37.5747
35.3708
33.198
31.0463
28.9043
26.7799
24.6965
22.6458
20.607
18.5884
16.5875
14.592
12.6067
10.6197
8.65175
6.71055
4.78696
2.87194
0.958857
94.1242
95.9057
102.126
106.472
101.211
100.006
99.3174
94.9352
91.6087
89.2405
86.7269
84.2306
81.7093
79.2265
76.7668
74.3209
71.9057
69.525
67.1382
64.7754
62.442
60.1046
57.791
55.4955
53.222
50.9459
48.6757
46.4515
44.2082
41.974
39.7782
37.5696
35.3638
33.1928
31.0537
28.9214
26.7867
24.6929
22.647
20.6154
18.5919
16.5741
14.5741
12.5938
10.6248
8.65394
6.71231
4.79478
2.87821
0.953745
20.1539
117.455
120.545
98.7219
86.5942
97.8182
98.2439
94.7431
91.5547
89.1885
86.6912
84.1874
81.6969
79.215
76.7691
74.3257
71.9168
69.516
67.1173
64.7737
62.4445
60.1032
57.7962
55.4996
53.2302
50.96
48.6857
46.4472
44.1966
41.967
39.7732
37.5632
35.366
33.1934
31.0561
28.931
26.7971
24.6972
22.6495
20.6207
18.5907
16.5614
14.5534
12.5827
10.6215
8.6551
6.71903
4.80792
2.88647
0.951625
114.412
114.974
84.8282
96.467
92.8277
97.8228
98.3048
95.0318
91.6578
89.2347
86.7064
84.1932
81.6993
79.2209
76.7797
74.3362
71.9263
69.5193
67.115
64.7712
62.4431
60.1031
57.7978
55.5106
53.2363
50.9742
48.6959
46.4404
44.1894
41.96
39.7668
37.557
35.3564
33.1945
31.0591
28.9326
26.8064
24.7076
22.6528
20.622
18.5848
16.5478
14.5402
12.573
10.6175
8.6597
6.73536
4.83214
2.89619
0.954584
88.0947
101.359
104.117
98.7177
91.546
105.411
100.805
95.3203
91.7207
89.2628
86.737
84.2167
81.7302
79.2433
76.7818
74.3387
71.9273
69.5282
67.1198
64.7606
62.4322
60.1021
57.7967
55.5185
53.2419
50.9721
48.7023
46.4377
44.1903
41.969
39.7617
37.5438
35.3491
33.2005
31.0618
28.9269
26.812
24.7204
22.655
20.6144
18.5776
16.5387
14.5355
12.5706
10.6134
8.66158
6.74165
4.83245
2.9019
0.96391
91.392
107.066
98.593
95.1139
103.648
102.91
98.8601
94.9645
91.7488
89.3122
86.7713
84.2441
81.7494
79.2549
76.7693
74.3461
71.921
69.5198
67.1338
64.7544
62.4224
60.0973
57.7947
55.52
53.2413
50.977
48.7036
46.4355
44.2021
41.9754
39.7572
37.5407
35.3527
33.2073
31.0602
28.9166
26.8119
24.7338
22.6614
20.6089
18.5731
16.5516
14.5491
12.5755
10.6119
8.66384
6.74032
4.82143
2.90003
0.968266
101.028
105.368
100.348
98.936
101.085
97.9621
98.0544
94.6861
92.0609
89.4419
86.8556
84.2981
81.7716
79.265
76.7884
74.3512
71.9067
69.506
67.1293
64.7639
62.4167
60.0922
57.8003
55.5159
53.2449
50.9767
48.7004
46.4333
44.1946
41.9734
39.7452
37.5416
35.3728
33.2128
31.0538
28.9087
26.8091
24.7368
22.6652
20.6073
18.5715
16.5592
14.5647
12.576
10.6082
8.66491
6.7331
4.81012
2.88718
0.969359
102.824
114.591
100.994
120.249
102.032
100.653
99.2981
95.0356
92.242
89.5266
86.9036
84.3133
81.7597
79.2665
76.789
74.3376
71.9045
69.5061
67.1234
64.7652
62.4179
60.0924
57.8035
55.505
53.2336
50.9735
48.7011
46.4355
44.1927
41.9752
39.7487
37.5481
35.3878
33.2189
31.0405
28.8887
26.7967
24.7317
22.6679
20.6056
18.5718
16.5737
14.5787
12.5769
10.6007
8.66776
6.73558
4.79951
2.87571
0.958948
97.3713
99.6702
103.982
103.198
101.733
100.696
98.7437
94.9562
92.2168
89.5272
86.9014
84.3169
81.7663
79.2673
76.7852
74.3347
71.9011
69.4999
67.1236
64.7725
62.4255
60.0994
57.8041
55.4984
53.2182
50.9543
48.6978
46.4373
44.1957
41.9794
39.7584
37.562
35.3942
33.2198
31.0353
28.8836
26.7837
24.7214
22.6666
20.6058
18.5728
16.5854
14.5999
12.5861
10.6021
8.66509
6.73053
4.78888
2.86846
0.959011
100.718
105.206
95.8128
99.5893
105.423
102.303
98.807
94.8529
92.1222
89.4746
86.8714
84.2963
81.7738
79.2682
76.7806
74.337
71.9002
69.5168
67.1504
64.7768
62.4317
60.103
57.7932
55.4981
53.2056
50.9384
48.6855
46.4389
44.2036
41.9819
39.7738
37.576
35.3913
33.21
31.0375
28.8897
26.7805
24.7062
22.6493
20.6048
18.5788
16.5881
14.6075
12.6059
10.6101
8.65533
6.71761
4.78626
2.86996
0.958837
94.9099
102.121
98.7831
98.3978
104.933
101.336
99.1669
95.391
91.8093
89.3347
86.7917
84.2443
81.7323
79.2493
76.7746
74.3203
71.9072
69.5318
67.161
64.7739
62.4327
60.1053
57.7857
55.4935
53.2087
50.9337
48.6761
46.445
44.2139
41.9841
39.7775
37.5746
35.3709
33.198
31.0464
28.9043
26.7796
24.6965
22.6458
20.6069
18.5884
16.5876
14.5919
12.6065
10.6197
8.65158
6.7104
4.78699
2.87195
0.958844
85.1164
93.9853
93.9907
105.188
104.694
100.05
99.3276
94.9353
91.6092
89.2399
86.7269
84.2305
81.7092
79.2264
76.7668
74.3208
71.9057
69.5249
67.1381
64.7753
62.4421
60.1046
57.791
55.4957
53.222
50.9458
48.6758
46.4516
44.2084
41.9738
39.778
37.5698
35.3638
33.1928
31.0538
28.9214
26.7867
24.6929
22.647
20.6156
18.5919
16.5739
14.574
12.5939
10.6248
8.65393
6.71216
4.79477
2.87819
0.953632
20.434
93.9367
108.197
95.2904
90.8943
97.9219
98.2481
94.7424
91.5549
89.1885
86.6912
84.1873
81.6968
79.2149
76.7691
74.3258
71.9168
69.516
67.1172
64.7737
62.4445
60.1027
57.7957
55.4997
53.2299
50.9601
48.6858
46.4472
44.1961
41.9667
39.7732
37.5632
35.3659
33.1934
31.0561
28.9309
26.7971
24.6972
22.6496
20.6211
18.5906
16.5611
14.5534
12.5827
10.6214
8.65508
6.71899
4.80777
2.88644
0.95167
120.916
127.869
84.3886
102.886
90.4691
96.9923
98.3036
95.0301
91.6579
89.2348
86.7063
84.193
81.6994
79.2209
76.7797
74.3361
71.9263
69.5194
67.1148
64.771
62.4432
60.1031
57.7975
55.5105
53.2363
50.9742
48.6958
46.4403
44.1893
41.9602
39.7669
37.5565
35.3563
33.1947
31.0591
28.9325
26.8064
24.7076
22.6528
20.622
18.5847
16.5474
14.5402
12.573
10.6173
8.65968
6.73532
4.83215
2.89594
0.954545
100.717
101.092
93.0554
94.7113
112.662
102.016
100.801
95.3173
91.7211
89.2627
86.737
84.2167
81.7302
79.2433
76.7818
74.3386
71.9273
69.5281
67.1197
64.7607
62.4322
60.1021
57.7967
55.5185
53.2418
50.972
48.7022
46.4377
44.1904
41.969
39.7618
37.5437
35.349
33.2005
31.0618
28.9268
26.8119
24.7203
22.655
20.6146
18.5776
16.5385
14.5355
12.5706
10.6133
8.66156
6.74173
4.83254
2.90167
0.964031
85.8875
107.381
101.346
93.6333
104.354
91.3631
98.8745
94.9612
91.7495
89.312
86.7713
84.2441
81.7493
79.2549
76.7692
74.3461
71.9213
69.5196
67.1343
64.7544
62.4223
60.0974
57.7948
55.52
53.2413
50.977
48.7036
46.4352
44.202
41.9754
39.757
37.5404
35.3527
33.2073
31.0601
28.9166
26.8118
24.7337
22.6613
20.6089
18.573
16.5517
14.5491
12.5755
10.6118
8.66382
6.74031
4.82141
2.90001
0.968235
105.949
102.091
96.3073
103.218
113.334
97.4843
97.915
94.6867
92.061
89.4419
86.8556
84.2981
81.7716
79.265
76.7884
74.3513
71.9067
69.5061
67.1293
64.764
62.4167
60.0922
57.8004
55.5158
53.2448
50.9767
48.7002
46.4333
44.1946
41.9735
39.7452
37.5415
35.3731
33.2128
31.0535
28.9088
26.8093
24.7367
22.665
20.6073
18.5715
16.5592
14.5647
12.5759
10.6081
8.66495
6.73307
4.81009
2.88722
0.969353
116.343
97.7102
117.313
102.742
103.779
102.448
99.292
95.0362
92.2419
89.5266
86.9037
84.3133
81.7596
79.2668
76.789
74.3379
71.9044
69.5061
67.1235
64.7651
62.4178
60.0922
57.8035
55.505
53.2336
50.9734
48.701
46.4355
44.1927
41.9752
39.7485
37.5481
35.3879
33.2188
31.0404
28.8887
26.7967
24.7317
22.6678
20.6056
18.5717
16.5737
14.5786
12.5767
10.6007
8.66783
6.73548
4.79949
2.87581
0.958938
100.276
100.244
82.2768
105.473
100.779
100.656
98.7397
94.9557
92.2168
89.5271
86.9014
84.3171
81.7661
79.2676
76.7851
74.334
71.901
69.4999
67.1237
64.7724
62.4254
60.0994
57.8039
55.4982
53.2183
50.9544
48.6976
46.4373
44.1955
41.979
39.7584
37.5621
35.3942
33.2197
31.0352
28.8836
26.7836
24.7214
22.6666
20.6056
18.5726
16.5854
14.6
12.5862
10.6021
8.66506
6.73038
4.78879
2.86835
0.958994
102.356
100.897
85.2464
131.812
105.198
102.592
98.8122
94.852
92.1222
89.4744
86.8714
84.2962
81.7737
79.2681
76.7805
74.3367
71.9001
69.5169
67.1502
64.7767
62.4317
60.103
57.793
55.4975
53.2055
50.9383
48.6852
46.4389
44.2037
41.9823
39.7738
37.5759
35.3912
33.21
31.0374
28.8896
26.7804
24.7066
22.6492
20.6047
18.5788
16.5882
14.6074
12.6055
10.6101
8.65532
6.71735
4.7862
2.87002
0.958642
96.2349
102.689
96.7055
186.063
104.735
101.374
99.1772
95.3922
91.8091
89.3347
86.7916
84.2442
81.7322
79.2492
76.7745
74.3202
71.9071
69.5316
67.161
64.7738
62.4323
60.1052
57.7856
55.4934
53.2087
50.9336
48.6762
46.445
44.2138
41.9841
39.7774
37.5743
35.371
33.1981
31.0465
28.9043
26.7794
24.6965
22.6457
20.6068
18.5887
16.5876
14.5913
12.6063
10.6197
8.65148
6.71018
4.78694
2.87191
0.958518
123.931
93.2949
108.779
103.239
105.567
100.092
99.3405
94.9368
91.6086
89.2397
86.7268
84.2304
81.7091
79.2264
76.7667
74.3208
71.9056
69.5246
67.1381
64.7752
62.4421
60.1045
57.7909
55.4957
53.2211
50.9455
48.6759
46.4515
44.2083
41.9738
39.7779
37.5697
35.3637
33.1928
31.0537
28.9213
26.7865
24.6929
22.647
20.6155
18.5919
16.5738
14.5737
12.5941
10.6248
8.65385
6.71207
4.79472
2.87807
0.953305
122.548
118.677
105.754
105.589
81.6335
97.4933
98.2432
94.7428
91.5542
89.1888
86.6911
84.1867
81.6966
79.2149
76.7691
74.326
71.9167
69.5159
67.117
64.7738
62.4446
60.1026
57.7955
55.4997
53.2296
50.9601
48.6859
46.4471
44.1959
41.9666
39.7732
37.5632
35.3657
33.1933
31.0561
28.9309
26.7975
24.6971
22.6495
20.6212
18.5904
16.5606
14.5535
12.5826
10.6212
8.65501
6.71915
4.80758
2.88628
0.951579
115.7
110.606
85.2456
98.2071
93.6637
98.8895
98.31
95.0306
91.6572
89.235
86.7061
84.1929
81.6995
79.2208
76.7797
74.336
71.9262
69.5194
67.1147
64.7708
62.4432
60.1029
57.7974
55.5104
53.2363
50.9741
48.6957
46.4401
44.1893
41.9606
39.767
37.5563
35.3561
33.1954
31.0592
28.9324
26.8063
24.7075
22.6527
20.6221
18.5847
16.5469
14.5401
12.5731
10.6172
8.65961
6.7353
4.83214
2.89532
0.954512
105.125
92.8634
94.2979
93.6262
67.4271
104.801
100.799
95.3169
91.7206
89.2627
86.7369
84.2166
81.7301
79.2432
76.7817
74.3386
71.9272
69.528
67.1197
64.7607
62.4321
60.102
57.7967
55.5185
53.2416
50.972
48.7021
46.4379
44.1907
41.969
39.7616
37.5435
35.349
33.2004
31.0617
28.9266
26.8119
24.7203
22.6549
20.6146
18.5775
16.5384
14.5354
12.5706
10.6131
8.66149
6.74202
4.8323
2.90143
0.963979
106.753
62.0022
107.918
97.286
103.907
98.839
98.8949
94.9615
91.7492
89.3121
86.7712
84.244
81.7492
79.2548
76.7692
74.346
71.9215
69.5193
67.1343
64.7543
62.4223
60.0973
57.795
55.5199
53.2413
50.977
48.7041
46.4351
44.2017
41.9755
39.757
37.5403
35.3526
33.2072
31.06
28.9165
26.8118
24.7336
22.6613
20.6089
18.5729
16.5516
14.5491
12.5754
10.6117
8.66375
6.74026
4.82136
2.89999
0.968162
100.708
91.8154
92.4539
103.376
106.123
95.7534
97.9194
94.6863
92.0612
89.4419
86.8555
84.298
81.7715
79.2649
76.7883
74.3515
71.9076
69.506
67.1293
64.764
62.4166
60.0923
57.8003
55.5158
53.2444
50.9767
48.7001
46.4332
44.1949
41.9736
39.7451
37.5414
35.3734
33.2127
31.0533
28.9087
26.8093
24.7365
22.6649
20.6072
18.5716
16.5592
14.5646
12.5757
10.608
8.66493
6.73296
4.81002
2.88738
0.969263
111.67
107.222
116.158
101.923
110.904
106.228
99.2925
95.0359
92.2419
89.5265
86.9037
84.3131
81.7593
79.2668
76.7889
74.3381
71.9044
69.506
67.1238
64.765
62.4175
60.0921
57.8034
55.505
53.2336
50.9732
48.7009
46.4355
44.1927
41.9751
39.7485
37.5482
35.3884
33.2187
31.0403
28.8889
26.7967
24.7316
22.6678
20.6055
18.5717
16.5735
14.5785
12.5766
10.6006
8.66777
6.73522
4.79934
2.87579
0.958865
100.34
102.552
99.7605
100.724
100.315
102.551
99.7508
100.346
101.271
100.254
102.178
100.287
101.299
100.29
100.488
100.408
99.8923
101.334
100.512
100.405
99.8913
99.5757
99.2035
98.4042
100.031
99.577
99.1658
98.4199
98.0096
98.5888
97.6555
97.6538
98.0114
98.6858
97.6354
97.9649
103.418
100.489
97.3283
97.9961
103.372
100.508
101.291
93.3689
99.9522
104.554
101.266
92.4824
99.9428
98.9998
98.994
97.8884
92.5669
99.0128
98.0167
97.7766
99.4374
106.059
100.707
97.4444
99.4644
105.752
100.224
100.846
101.069
100.216
102.339
100.724
104.738
100.206
100.295
102.521
99.7476
100.656
100.32
102.533
99.7661
100.259
101.275
100.274
102.266
100.264
101.304
100.3
100.518
100.405
99.8872
101.347
100.513
100.419
99.8982
99.5737
98.6162
98.3671
100.054
99.588
98.9709
98.4337
97.9872
98.4891
97.6704
97.5011
97.991
98.6657
97.6555
97.9415
102.562
100.534
97.0216
97.8556
102.119
100.482
101.225
92.9355
99.9454
103.112
101.078
92.4812
99.9313
99.0137
96.6444
97.7318
99.3058
99.0221
96.6171
98.3195
99.4551
107.015
100.512
96.185
99.4542
104.704
100.404
100.807
99.0364
100.212
106.568
100.776
100.965
100.231
100.285
102.623
99.7699
100.695
100.343
103.164
99.7761
100.289
101.313
100.301
103.171
100.355
101.345
100.253
100.507
100.366
99.9037
101.475
100.472
100.433
99.9004
99.5921
98.9907
98.3644
100.115
99.5939
98.9918
98.3491
98.0052
95.6421
97.7011
97.6628
97.9935
96.2794
97.6871
97.9598
101.835
100.477
97.7837
97.9266
103.507
100.488
101.103
92.1006
99.9321
103.716
101.053
91.9405
99.9352
99.0253
96.4062
98.1926
100.508
99.0202
96.3153
98.1471
99.4542
104.603
100.371
99.5909
99.4135
105.616
100.632
100.841
100.988
100.237
116.832
100.833
101.512
100.211
101.223
104.093
105.926
101.58
101.851
103.485
102.987
103.106
101.354
103.847
100.739
102.205
106.011
101.134
97.3102
99.0758
97.2474
98.7445
97.3191
99.0752
97.2562
102.307
102.849
101.051
104.6
102.253
102.497
100.96
101.279
101.645
101.801
102.073
101.656
100.517
101.242
97.2679
99.1208
96.9931
98.8101
97.2766
99.0579
97.0024
103.484
103.168
100.511
104.794
101.732
103.325
100.523
100.92
101.455
101.356
101.392
101.146
101.333
100.906
97.0639
99.39
96.33
99.1829
97.0637
99.3816
96.3397
100.671
99.5962
99.5914
103.184
100.065
98.9854
99.4355
99.0879
99.0294
95.5171
100.018
98.6918
96.6532
115.374
96.1791
98.6991
95.6171
99.3201
96.1856
98.705
95.6196
103.311
97.4672
98.1956
87.0304
97.4924
92.4073
101.884
97.0483
97.5962
96.78
98.0108
97.612
97.1779
97.056
95.5888
98.0204
95.6913
98.2513
95.5895
98.02
95.6868
103.601
94.4412
101.449
90.5434
101.122
95.4103
107.677
99.6479
96.8322
102.775
97.6887
96.7363
99.3748
99.221
95.7888
100.271
96.488
98.3052
95.7824
100.276
96.4905
116.214
113.882
22.6663
90.7607
119.699
118.155
-1.03923
105.321
103.113
113.992
105.477
103.074
113.903
106.105
96.6045
99.924
96.4465
100.804
96.6062
99.8981
96.4555
93.966
98.8056
97.9057
103.824
95.1454
100.589
98.7937
96.8995
98.2691
94.97
121.697
98.1549
94.7665
96.8116
96.3655
97.7933
96.4589
98.8782
96.3759
97.4908
96.4578
126.248
100.05
103.706
115.544
107.876
96.9879
108.073
101.511
98.8597
105.068
97.5498
98.8391
103.088
101.649
96.5688
99.4693
97.1087
97.9134
96.578
99.4592
97.1186
111.732
102.566
105.282
103.648
106.6
102.462
108.166
103.86
103.709
107.839
100.168
103.72
108.737
103.842
97.3207
99.3707
97.4464
99.2961
97.3297
99.3705
97.4554
102.258
103.474
102.736
101.107
101.07
103.574
102.564
101.624
101.382
102.397
100.697
101.433
102.196
101.418
97.3184
99.0783
97.2551
98.7417
97.3182
99.0825
97.2549
102.781
104.087
101.011
105.045
101.864
103.051
100.957
101.361
101.642
102.112
102.322
101.322
101.657
101.94
97.2758
99.0621
97.0017
98.808
97.2751
99.0377
97.0017
101.861
103.156
100.921
104.698
101.873
103.382
101.005
100.85
101.34
101.332
101.32
100.871
101.401
101.229
97.0636
99.3758
96.3382
99.163
97.0635
99.3655
96.3377
103.6
107.432
99.9413
104.58
103.241
104.057
99.4675
101.561
100.746
106.437
100.056
101.352
100.562
107.837
96.1841
98.6993
95.6161
99.3427
96.1868
98.7099
95.6156
96.3511
92.3659
101.296
89.9919
93.6336
90.2697
95.0111
96.8546
97.5934
96.5697
97.7826
96.962
97.597
96.4889
95.5864
98.0213
95.6857
98.2451
95.5863
98.0153
95.684
100.489
94.0737
108.39
93.7481
98.3664
96.7676
101.312
98.8512
96.7557
99.5241
96.9081
98.8291
96.7557
99.5348
95.7814
100.28
96.4868
98.3063
95.7818
100.284
96.4871
109.359
123.307
58.2825
65.6763
94.3105
115.111
91.0698
105.295
102.867
112.974
104.644
105.397
102.785
113.522
96.6028
99.9042
96.4527
100.795
96.6035
99.9049
96.4525
94.5906
96.8541
95.1807
103.97
97.7418
104.164
96.9472
96.8632
97.9901
97.8077
96.3494
96.8933
97.8925
96.0491
96.3743
97.3151
96.4567
98.8905
96.3748
97.3768
96.4567
84.6003
93.9547
105.289
104.904
60.1864
100.118
88.2998
101.223
98.7128
103.498
97.627
101.241
98.6371
102.982
96.5767
99.4482
97.118
97.9181
96.5765
99.464
97.1179
106.121
103.695
107.073
104.266
105.672
101.129
114.811
103.648
103.899
108.501
117.681
103.83
103.955
113.213
97.3284
99.3721
97.4545
99.2904
97.3282
99.3741
97.4545
101.145
103.527
102.692
100.789
102.309
103.519
102.668
101.056
101.376
102.165
100.622
101.278
102.188
101.374
97.3187
99.0829
97.2558
98.742
97.3098
99.0801
97.2467
101.871
102.057
100.968
104.891
102.041
102.997
100.978
101.382
101.659
101.939
102.827
101.367
101.678
101.991
97.2753
99.029
97.0029
98.8172
97.2659
99.1387
96.9943
101.85
103.304
100.818
104.639
102.608
103.34
100.914
100.862
101.426
101.039
101.389
100.865
101.465
101.011
97.0637
99.3692
96.3395
99.2888
97.0642
99.3665
96.3298
103.486
108.961
99.496
104.727
103.626
107.103
100.005
100.881
100.968
105.222
100.098
101.08
100.892
101.168
96.1889
98.7036
95.6198
99.3382
96.1802
98.7131
95.6166
93.7059
89.7723
96.2885
81.4511
96.0223
87.5714
95.7658
96.8487
97.434
96.5709
97.4965
96.8944
97.4116
96.7558
95.5897
98.0187
95.6861
98.2371
95.5882
98.0154
95.6887
98.8333
99.6758
98.4054
97.5502
101.229
96.8342
97.9083
98.9207
97.3254
99.3094
97.8613
98.9138
97.2467
99.1415
95.7834
100.288
96.4903
98.3091
95.7915
100.282
96.4874
92.7076
112.597
56.3542
64.3348
89.5872
113.413
57.7879
104.999
102.734
110.295
104.181
105.326
102.862
109.404
96.6049
99.901
96.4553
100.786
96.6025
99.919
96.4472
94.5851
94.0726
97.0253
106.971
94.5167
93.762
97.0985
96.6275
97.8714
94.6764
98.9045
96.502
97.8694
95.4589
96.3762
97.3516
96.4579
98.8746
96.3654
97.4668
96.459
78.8041
100.833
91.4646
104.83
76.6309
102.52
90.3081
100.701
98.5036
99.8082
105.382
101.068
98.5233
96.3362
96.5776
99.4693
97.1186
98.068
96.5683
99.4704
97.1088
111.197
99.5744
103.121
109.985
108.931
114.625
105.312
103.739
104.029
98.7732
112.232
103.663
104.042
104.673
97.3292
99.3741
97.4555
99.2954
97.32
99.3724
97.4465
103.911
101.551
100.252
100.34
100.145
107.178
101.192
101.805
102.018
101.546
102.56
102.043
101.547
101.724
101.593
100.381
101.007
99.7659
100.479
100.997
101.474
106.308
100.743
101.158
102.248
102.257
102.92
101.107
105.643
100.326
101.114
100.266
100.136
104.487
101.101
101.646
102.567
102.003
101.547
102.011
101.548
102.097
101.468
99.7569
100.317
101.027
100.421
101.006
102.37
101.263
101.408
100.458
100.309
101.409
100.382
101.219
101.345
101.612
101.073
101.27
101.578
101.069
101.334
101.299
100.818
100.962
100.265
100.665
100.97
101.284
101.309
102.296
101.636
101.977
101.648
105.223
101.313
101.297
100.295
101.413
100.335
101.406
100.334
101.272
101.349
101.274
101.625
101.092
101.888
101.068
101.361
101.318
100.268
100.656
100.967
100.637
100.966
101.34
100.861
100.869
100.604
100.501
100.882
100.617
100.86
100.515
102.109
100.13
100.408
102.105
100.133
100.546
100.529
100.318
100.015
99.8976
100.328
100.016
100.651
100.896
101.343
101.368
101.284
101.246
101.425
100.896
100.808
100.507
100.878
100.622
100.887
100.627
100.83
100.479
100.397
102.095
100.123
102.096
100.128
100.452
100.559
99.899
100.315
100.002
100.326
100.043
100.601
100.188
99.4898
99.1506
99.5789
99.453
99.1647
100.136
99.2196
99.8405
98.2764
99.0136
97.92
98.2453
99.2287
98.8567
98.737
98.3479
98.411
98.7361
98.3361
98.8482
106.32
100.02
104.736
101.486
99.8532
99.6874
101.278
99.7371
99.58
99.5805
99.1747
99.5006
99.1681
101.091
99.6134
98.8184
96.7391
98.2557
97.2624
98.2453
98.8465
98.9273
98.4258
98.732
98.3418
98.7325
98.3372
98.7306
97.3974
97.7671
97.5809
98.0155
97.7664
97.5818
97.4015
97.3077
98.7312
97.2424
98.5224
101.247
97.117
96.6494
96.9365
97.3766
97.3658
97.6615
97.3741
97.369
97.0036
97.1412
97.8271
97.5997
96.2488
97.6086
98.0729
96.8885
97.3725
97.9993
97.7543
97.5717
97.7633
97.5915
97.3753
97.057
101.3
95.2772
97.0321
99.0103
97.1027
95.8845
96.9331
97.6673
97.3476
97.3556
97.3906
97.3641
96.9242
99.007
97.6173
98.9116
97.9571
97.5923
98.9233
98.9862
99.0006
101.24
101.586
104.093
99.613
101.648
99.0906
99.2352
99.1873
101.016
100.481
99.1893
101.006
99.2689
98.8657
97.4877
96.7564
99.525
96.7596
99.5045
98.8168
98.9473
98.1268
97.6184
98.9109
97.5989
98.9719
98.9503
99.0283
102.774
99.9099
101.648
99.9919
101.556
99.0853
99.244
100.462
99.1622
101.002
99.1723
101.007
99.246
103.395
101.92
101.898
101.432
101.908
101.848
103.383
107.002
124.676
99.1478
94.8484
123.74
99.0136
107.092
103.143
101.616
99.7465
99.9357
101.568
99.7396
103.18
105.244
110.487
103.191
112.608
103.085
117.369
105.665
103.329
101.15
101.847
101.856
102.017
101.854
103.318
107.016
92.4187
122.327
99.1161
123.366
99.0788
106.807
103.156
99.9508
101.588
99.7256
101.595
99.7119
103.098
98.0527
98.5633
98.3072
99.009
98.5798
98.3193
98.047
99.6751
106.146
96.4663
103.732
105.116
98.109
102.988
97.994
98.5407
98.7155
97.9871
98.5743
98.7071
98.2159
96.8169
92.7394
97.9628
95.8747
97.9127
94.8276
97.81
98.0235
99.0131
98.5695
98.3098
98.5696
98.3188
98.0221
99.7404
95.6928
100.158
102.143
100.063
96.2353
101.133
97.9183
97.7364
98.6367
98.6343
98.5674
98.6857
98.0313
101.368
99.5742
100.04
99.4578
99.5841
99.9963
101.36
102.673
111.833
103.173
105.131
110.12
103.116
102.67
102.072
100.652
102.82
100.572
100.49
102.779
102.089
101.394
97.4876
98.7876
108.702
98.8317
103.048
101.353
101.373
99.4625
99.5621
99.9598
99.5771
99.97
101.375
102.684
104.975
109.536
103.189
110.935
103.21
102.632
102.076
100.626
100.452
102.833
100.412
103.238
102.153
102.707
102.674
100.7
100.773
102.61
100.729
102.77
103.22
104.779
101.645
102.476
104.601
103.189
101.899
102.413
101.094
101.331
100.215
101.101
102.399
101.266
103.87
126.743
103.863
106.836
103.744
106.731
103.851
102.624
100.749
102.755
100.731
102.666
100.729
102.631
103.211
116.729
106.325
101.985
108.286
103.182
102.182
102.422
100.198
101.114
101.199
101.098
102.34
101.315
102.097
101.363
100.232
100.308
101.895
100.153
101.424
101.588
102.051
101.548
102.506
101.35
101.999
101.559
101.169
100.378
100.992
99.7559
101.002
100.474
100.962
101.379
100.656
101.345
102.17
102.233
101.279
101.417
101.65
100.336
101.278
100.168
100.166
101.561
101.417
101.543
102.527
101.997
101.573
102.005
101.574
101.557
101.143
99.7644
100.451
100.967
100.472
100.964
101.131
101.249
101.434
100.347
100.252
101.24
101.426
100.357
101.379
101.693
101.068
101.282
101.374
101.64
101.072
101.35
100.649
100.966
100.272
101.344
100.643
100.972
101.36
102.255
101.651
104.061
101.658
102.074
101.346
101.23
100.257
101.391
100.35
101.404
100.377
101.137
101.387
101.295
101.759
101.087
101.648
101.094
101.399
101.359
100.269
100.643
100.957
100.65
100.965
101.356
100.768
100.874
100.619
100.522
100.774
100.87
100.616
100.398
102.096
100.077
100.416
100.43
102.092
100.044
100.645
100.308
100.01
99.8904
100.614
100.303
100.059
100.866
101.329
101.433
101.203
101.391
101.207
100.864
100.772
100.519
100.822
100.607
100.847
100.613
100.756
100.366
100.435
102.015
100.027
102.089
100.129
100.369
100.683
99.8951
100.297
100.015
100.299
100.008
100.711
100.059
99.5947
99.173
99.5775
99.6807
99.5044
99.1868
98.944
113.749
98.2763
99.2235
100.059
104.014
98.2352
99.9871
98.7393
98.3435
98.3471
98.6863
98.7413
98.3548
101.859
100.101
100.925
104.739
101.435
102.226
101.728
100.315
99.5836
99.6371
99.1731
99.897
99.2163
99.247
99.9527
98.9578
103.927
98.2456
104.132
98.248
99.4144
99.6656
98.4767
98.7549
98.3732
98.7508
98.3858
99.0982
97.3772
97.7548
97.5832
97.9834
97.3802
97.7546
97.5851
95.9368
95.7027
96.8717
98.4143
95.9335
95.7892
96.7955
96.9185
97.3811
97.3808
97.6312
96.9227
97.3652
97.3457
96.8446
97.5602
97.4656
96.4712
97.5201
96.4811
96.8786
97.3662
98.0323
97.7677
97.5756
97.7592
97.5643
97.3214
95.9247
98.5523
94.4241
96.8726
98.7254
96.996
95.8759
96.9151
97.7235
97.3831
97.366
97.4021
97.3434
96.891
98.9509
97.6179
98.9685
97.8943
98.9929
97.6681
98.9004
99.1965
99.7003
101.597
102.609
99.2355
99.4754
101.601
99.2494
99.2056
101.031
100.477
99.2582
99.1765
100.993
99.0109
97.0383
97.8777
102.903
96.7438
102.163
98.9029
98.9478
97.8961
97.6094
98.9101
97.6206
98.9433
98.9473
99.1802
102.218
100.834
101.638
100.426
101.564
99.1264
99.2484
100.477
99.17
100.991
99.1877
100.967
99.2577
103.2
101.844
101.897
101.04
103.259
101.861
101.892
106.469
122.259
99.2887
100.899
106.665
121.069
99.3636
102.994
101.588
99.8118
99.9356
103.03
101.592
99.8013
105.185
103.372
102.719
110.415
102.785
114.776
105.119
103.151
101.12
101.91
101.856
101.861
101.884
103.132
106.374
96.5063
115.738
99.4064
115.888
99.4058
106.287
102.948
99.9365
101.541
99.8226
101.584
99.8102
102.897
98.0075
98.5873
98.3105
99.0168
98.019
98.6074
98.3147
101.593
99.7473
97.0886
96.6433
101.914
101.019
98.029
98.0677
98.3281
98.5565
98.2996
98.0495
98.5212
98.5214
96.9558
109.61
97.9217
95.8436
97.9252
96.1321
96.5905
97.9892
99.0195
98.6391
98.32
98.6253
98.3186
97.9874
100.062
96.7612
97.6593
106.542
99.4992
102.941
100.33
98.0826
98.3921
98.5819
98.4595
98.6649
98.511
97.9439
101.366
99.55
99.94
99.4382
101.372
99.5398
99.9251
102.651
109.347
103.282
105.143
102.631
109.145
103.224
102.149
100.443
102.938
100.526
102.163
100.427
102.838
101.184
98.2035
98.5197
109.8
98.561
102.526
101.138
101.353
99.4408
99.5217
99.921
99.5287
99.9206
101.329
102.661
104.949
108.484
103.106
110.008
103.164
102.681
102.145
100.444
100.467
102.774
100.44
102.774
102.147
102.544
102.736
100.699
100.927
102.57
102.835
100.622
103.114
106.389
101.723
102.011
103.15
108.067
101.853
102.163
101.133
101.073
100.208
102.255
101.16
101.064
103.985
107.006
104.009
107.97
104.031
107.333
103.665
102.851
101.082
102.912
100.679
103.221
100.588
102.326
103.077
101.165
105.876
101.877
108.859
103.085
101.876
102.065
100.21
101.187
101.215
101.18
102.117
101.158
101.523
101.372
100.156
100.258
101.573
100.131
101.411
101.567
102.004
101.574
102.716
101.558
102.008
101.575
101.146
100.459
100.966
99.7737
101.13
100.479
100.961
101.369
100.576
101.718
102.699
102.203
102.763
101.236
101.65
100.286
101.864
100.219
100.151
103.297
101.288
101.549
102.815
102.012
101.573
102.013
101.578
101.673
101.206
99.7805
100.39
101
100.466
100.967
101.452
101.168
101.364
100.39
100.308
101.162
101.355
100.39
101.423
101.663
101.108
101.314
101.415
101.663
101.093
101.348
100.645
100.954
100.287
101.349
100.653
100.962
101.371
102.964
101.707
102.008
101.679
101.969
101.45
101.148
100.326
101.431
100.495
101.344
100.428
101.456
101.435
101.321
101.682
101.11
101.68
101.098
101.432
101.33
100.272
100.769
100.962
100.676
100.97
101.298
100.775
100.816
100.608
100.499
100.764
100.828
100.605
100.217
101.869
100.03
100.432
100.325
101.848
100.069
100.759
100.304
100.011
99.9055
100.712
100.311
100.013
100.914
101.416
101.477
100.962
101.459
101.174
100.906
100.831
100.489
100.826
100.586
100.836
100.601
100.806
100.313
100.445
101.994
100.055
101.905
100.054
100.289
100.873
99.9058
100.317
100.02
100.323
100.022
100.815
99.4421
99.9836
99.1652
99.5949
99.3623
99.8083
99.1798
99.1763
104.257
98.2441
98.7909
99.3708
104.897
98.2299
99.2032
98.7818
98.3897
98.3454
99.2412
98.754
98.3889
100.925
100.104
100.887
101.663
101.036
101.489
101.361
99.8251
99.5963
99.8614
99.1942
99.9911
99.2207
100.018
99.3575
98.9935
105.27
98.2547
105.218
98.2132
99.3175
99.2423
98.3561
98.7609
98.4251
98.7615
98.395
99.2391
97.2495
97.774
97.6138
97.9914
97.2802
97.7707
97.582
95.8669
95.3516
96.8193
96.4705
95.87
95.0123
97.0532
96.8774
97.4741
97.4075
97.66
96.8882
97.3622
97.3792
96.8449
97.4974
97.4008
96.4219
97.4239
96.4383
97.156
97.2434
97.9879
97.7699
97.5922
97.771
97.5871
97.2649
95.8388
96.1871
95.1838
96.6825
94.5242
96.7592
95.9693
96.8793
97.6555
97.4134
97.3626
97.3652
97.3567
96.8886
98.9502
97.6096
98.931
97.9166
98.9455
97.6075
98.9155
99.6074
99.18
101.302
101.813
99.1275
99.3717
101.252
99.2611
99.1858
101.017
100.484
99.2581
99.1729
100.962
98.9173
97.7545
97.2588
99.4802
97.2558
99.2964
98.9969
98.9503
97.9125
97.6763
98.9587
97.6034
98.917
99.072
99.3921
101.802
99.1756
101.501
99.184
101.267
99.2945
99.2431
100.485
99.2322
101.097
99.1756
100.935
99.3575
103.152
101.821
101.839
100.911
103.14
101.797
101.819
106.248
115.195
99.3783
91.9454
106.191
108.916
99.3763
102.932
101.522
99.8311
99.919
102.878
101.499
99.8295
104.856
103.154
102.355
108.561
102.328
109.284
104.754
103.172
101.178
101.833
101.914
101.787
101.818
103.255
106.861
91.5351
122.254
99.4304
129.782
99.5198
106.438
102.956
99.9147
101.562
99.9111
101.492
99.805
102.943
97.9895
98.6546
98.3233
99.0279
97.9856
98.6619
98.3249
100.641
96.8655
102.386
96.4325
100.298
96.7252
98.6166
97.8379
98.6192
98.4174
98.115
97.9487
98.6101
98.4332
96.6355
100.142
97.9779
95.2217
97.9268
94.5558
96.6545
97.9789
99.0277
98.6786
98.3179
98.6721
98.3256
97.9977
99.1445
96.3977
109.265
98.8484
96.1921
99.3827
103.471
97.8564
98.2027
98.6138
98.3994
98.6296
98.4268
97.8707
101.291
99.519
99.9249
99.4412
101.3
99.5194
99.9375
102.703
108.134
103.047
106.071
102.702
112.764
103.071
102.148
100.497
102.767
100.505
102.14
100.522
102.868
101.173
102.27
98.5038
101.07
98.5442
95.1355
100.856
101.287
99.428
99.5072
100.02
99.5185
99.9718
101.268
102.731
105.21
107.113
103.142
108.176
103.128
102.739
102.178
100.555
100.628
102.932
100.584
102.987
102.168
102.307
102.946
100.778
100.741
102.485
103.085
100.754
103.054
105.077
102.081
101.08
103.076
104.463
102.038
102.157
101.184
101.442
100.211
102.122
101.171
101.403
103.664
111.763
104.113
101.516
104.082
104.139
103.677
102.333
100.747
103.153
100.713
103.219
100.713
102.352
103.024
101.124
105.519
102.004
104.023
103.004
102
102.188
100.211
101.13
101.49
101.158
102.245
101.383
99.0816
99.2999
99.0175
98.311
98.2667
98.1885
98.4408
97.9216
98.252
97.9254
97.9766
98.1059
98.1249
97.9547
99.0661
98.3056
99.0716
99.0139
98.34
98.3422
98.9942
101.006
100.79
101.012
100.11
99.9752
99.9585
100.101
99.047
99.3313
99.0535
98.3424
98.1759
98.3637
98.1599
97.9233
98.2473
97.9248
97.994
98.1436
97.9915
98.1435
99.0811
98.3033
99.0833
99.0458
98.367
99.043
98.3713
100.995
100.793
100.993
100.118
99.9824
100.128
99.9953
99.0521
99.3365
99.0393
98.2912
98.1584
98.3042
98.1601
97.9255
98.2445
97.9281
97.9824
98.1377
97.9872
98.1317
99.0861
98.3159
99.0884
99.032
98.3587
99.0363
98.3578
100.98
100.785
100.984
100.113
99.9772
100.12
99.9577
98.8503
98.7131
98.8586
98.4394
98.2912
98.3061
98.4208
99.3087
99.0398
99.0196
98.3331
98.1798
98.1732
98.3737
98.7095
98.8552
98.8562
98.454
98.3213
98.3141
98.462
97.7948
98.022
97.7962
97.938
98.1646
98.1645
97.9382
98.2529
97.9245
97.9233
97.9806
98.1388
98.1315
97.9884
98.0277
97.7952
97.8013
97.9666
98.1863
98.1952
97.959
99.4052
100.276
99.4111
99.1909
99.7898
99.8056
99.1743
98.3024
99.0765
99.0728
99.0256
98.3608
98.3421
99.0377
100.275
99.4112
99.4135
99.2084
99.812
99.8108
99.2114
100.763
99.8842
100.769
99.5295
98.9412
98.8438
99.5421
100.79
100.999
101.007
100.121
99.9736
99.9482
100.13
99.8953
100.776
100.772
99.5157
98.8403
98.8504
99.5019
98.8551
98.7092
98.8559
98.4633
98.3256
98.4632
98.3263
99.3385
99.0588
99.0597
98.3221
98.1515
98.1509
98.3083
98.7118
98.8482
98.8526
98.4631
98.3207
98.323
98.464
97.799
98.0198
97.7997
97.9717
98.1942
97.9695
98.1966
98.2467
97.9259
97.9261
97.9932
98.1397
98.1417
97.9905
98.0189
97.8007
97.8004
97.9731
98.1931
98.1984
97.9734
99.4113
100.282
99.4106
99.2197
99.821
99.2161
99.8312
98.3031
99.0851
99.084
99.0458
98.3684
98.3708
99.0436
100.282
99.4109
99.4108
99.2199
99.8307
99.8336
99.2179
100.777
99.9054
100.778
99.4818
98.8454
99.4892
98.8477
100.798
100.985
100.99
100.114
99.9763
100.05
100.119
99.9088
100.776
100.777
99.4819
98.8475
98.8526
99.487
98.846
98.7122
98.8503
98.4539
98.3169
98.4597
98.3113
99.3337
99.0915
99.0377
98.3031
98.2486
98.1803
98.4362
98.7197
98.8442
98.8527
98.441
98.2868
98.3024
98.4218
97.8058
98.0147
97.8027
97.9522
98.1925
97.9739
98.1727
98.2436
97.9239
97.9275
97.9625
98.1038
98.1166
97.9535
98.0166
97.8
97.8031
97.9461
98.1611
98.1692
97.933
99.4132
100.287
99.4112
99.2038
99.8254
99.2153
99.8183
98.3101
99.0811
99.0859
99.0121
98.3482
98.3251
98.9974
100.288
99.4086
99.4133
99.197
99.7926
99.8121
99.1739
100.774
99.8862
100.769
99.5093
98.8532
99.4973
98.8371
100.786
100.98
100.987
100.103
99.9619
99.9723
100.098
99.8841
100.757
100.764
99.5238
98.939
98.8455
99.5383
98.5174
98.8744
98.5537
97.1909
97.9527
97.1907
97.9521
98.4897
98.8972
98.4941
97.1799
97.9531
97.1749
97.9623
99.4849
99.3716
99.4872
98.1705
98.0827
98.1764
98.0811
99.3692
99.4833
99.4848
98.1692
98.0841
98.0827
98.1672
98.8781
98.5018
98.5512
97.1892
97.9509
97.9526
97.1801
98.5059
98.8782
98.5269
97.2155
98.0471
97.9864
97.2855
99.4785
99.3982
99.4827
98.1955
98.1834
98.134
98.2716
99.3952
99.4824
99.4852
98.1818
98.0895
98.1099
98.1821
98.889
98.5
98.5177
97.1998
97.9514
97.962
97.1952
99.4757
99.3725
99.471
98.1696
98.0917
98.1721
98.1017
99.3753
99.4736
99.4649
98.179
98.1746
98.1305
98.2663
98.8917
98.4899
98.5
97.1973
98.0438
97.9892
97.2526
97.5889
97.9519
97.8689
97.786
96.8688
96.8753
97.8247
97.7512
97.2876
97.9267
97.7442
96.8649
97.7971
96.8854
97.3062
97.6941
97.9518
97.7498
96.8561
96.8821
97.8039
97.8039
97.2158
97.8841
97.8006
96.8527
97.8315
96.8654
97.9753
97.6706
97.9385
97.7622
96.8873
96.8819
97.7584
97.341
98.0231
97.9498
97.7785
96.8742
96.8829
97.7657
99.2486
99.1547
99.2404
98.3595
98.3259
98.3627
98.3233
99.2608
99.1923
99.2889
98.3427
98.3253
98.354
98.3228
99.2001
99.2651
99.2904
98.356
98.329
98.3286
98.3619
99.1567
99.2448
99.2407
98.3572
98.3226
98.3239
98.3527
99.3349
99.2252
99.3129
98.3537
98.3219
98.3311
98.3403
99.2213
99.3385
99.3185
98.337
98.3181
98.3267
98.323
101.351
110.068
97.1425
99.8095
100.412
112.15
96.4234
91.8158
105.65
101.384
104.761
91.144
115.363
100.124
91.2033
107.274
99.0792
93.8554
92.5158
97.3469
100.312
94.5446
112.432
103.087
94.055
93.4833
104.966
101.055
97.1686
109.12
104.268
93.0438
95.0604
106.612
103.33
70.5036
94.6816
81.8703
110.615
93.587
90.2265
92.0228
86.4573
95.2098
85.4889
111.986
87.0338
94.3876
84.5544
88.7793
84.6972
91.4461
85.1829
107.07
94.8404
91.5823
79.986
90.315
93.0114
85.8182
80.6637
83.0983
92.8925
113.976
99.0708
114.473
93.2178
122.071
102.272
112.267
115.409
93.6586
104.797
93.8366
113.62
99.036
116.651
95.0905
91.206
132.935
93.9544
94.4956
94.5185
69.9293
107.617
102.725
93.6912
108.897
102.279
111.586
92.2869
112.975
97.3035
91.5036
85.6892
61.9073
83.7712
92.7064
102.579
110.729
108.107
98.2092
101.42
110.888
107.49
102.866
100.22
109.383
145.714
102.07
121.373
113.467
104.212
119.73
78.8422
110.051
107.575
120.87
78.2122
109.68
106.872
103.224
128.886
108.322
107.033
100.398
104.26
73.5412
107.628
110.235
103.226
76.2766
108.4
102.654
83.9124
91.9952
102.978
112.339
84.2618
91.8989
113.339
99.2894
96.4477
96.0263
92.2233
99.143
97.4723
90.7482
102.239
93.9118
99.3899
94.2186
102.042
95.5408
108.737
111.588
115.535
103.177
106.753
110.75
117.284
128.076
102.153
107.803
113.419
128.373
118.297
106.84
93.7669
95.2833
93.9085
95.0301
93.7667
95.2831
93.9083
97.3869
97.0959
96.0711
95.7814
97.3849
97.0978
96.0708
97.3827
95.7807
97.103
96.0715
97.1
96.0709
97.3899
93.758
95.2861
93.8974
95.0311
93.7672
95.2835
93.9093
93.7667
95.283
93.9088
95.0312
93.7573
95.2855
93.8967
97.3903
95.7846
97.1061
96.0731
97.0769
96.0738
97.4
97.3991
97.1038
96.074
95.781
97.3952
97.1131
96.0735
93.6246
94.8248
93.628
94.7427
93.6244
94.824
93.6283
96.6334
95.5666
96.838
95.6846
96.6432
95.5664
96.8307
96.6352
95.6845
95.5669
96.8333
95.5673
96.8379
96.6343
93.6242
94.8245
93.6284
94.7429
93.615
94.8278
93.6166
96.6302
95.5673
96.8501
95.6885
96.6595
95.5692
96.8208
93.6158
94.8286
93.6175
94.7431
93.625
94.8253
93.6289
96.6578
95.6844
95.5676
96.8389
95.5661
96.8584
96.6447
97.4137
97.192
96.0743
95.7948
97.096
96.0824
97.5128
97.4111
95.7915
97.2097
96.0761
97.0897
96.0823
97.5186
96.653
95.6966
95.5708
96.9448
95.5779
96.8484
96.7374
96.643
95.5734
96.947
95.6945
95.5759
96.843
96.7425
98.6048
97.9312
98.6066
97.7169
97.3414
97.7164
97.3408
97.9316
98.6155
98.611
97.7176
97.3413
97.3409
97.7182
98.6212
97.934
98.6299
97.7213
97.3458
97.7219
97.3463
113.171
113.923
83.3185
107.714
104.569
104.354
84.7877
97.9256
98.6065
98.6168
97.7188
97.3452
97.345
97.7196
97.9724
98.6603
98.6406
97.7251
97.3419
97.3516
97.714
98.6493
97.961
98.6298
97.7229
97.3404
97.3505
97.7122
99.053
99.2198
99.2189
98.47
98.2245
98.2288
98.4693
99.223
99.0791
99.2232
98.4703
98.231
98.4702
98.2298
97.4978
96.2006
97.7606
96.4867
97.5019
96.1996
97.7495
99.225
99.0392
99.2289
98.4691
98.2273
98.471
98.2265
97.5247
96.491
96.2036
97.7664
96.2026
97.7664
97.5111
97.4985
96.4873
96.2001
97.7535
96.1997
97.7471
97.5006
97.5042
96.2026
97.7687
96.4917
97.5188
96.205
97.7603
97.5348
96.2033
97.8774
96.4974
96.2102
97.7868
97.6201
96.4074
96.4312
95.5264
95.5853
96.407
96.4325
95.5266
96.4044
95.5853
96.4338
95.528
96.4331
95.5267
96.4079
99.0633
99.2423
99.2348
98.4715
98.2217
98.2318
98.4608
97.534
96.4978
96.2023
97.8745
96.2123
97.7901
97.6153
99.2529
99.0708
99.2459
98.4746
98.2248
98.2355
98.4643
99.0438
99.2251
99.2342
98.4717
98.2324
98.2317
98.4731
96.4096
95.5904
96.4408
95.5296
96.4396
95.5314
96.4172
96.4309
96.4401
95.5307
95.5893
96.4157
96.4503
95.5291
96.4406
96.5441
95.5287
95.5961
96.4655
95.5379
96.5137
96.4408
95.5944
96.5508
95.5292
96.4653
95.5347
96.5254
86.6156
93.7065
97.7925
145.211
99.587
94.174
81.4955
103.765
107.992
91.5996
103.47
103.225
104.239
91.0602
103.887
90.8621
94.5022
96.0693
94.2382
96.3709
101.929
92.1321
85.2266
94.7344
95.5408
115.826
121.675
86.046
97.6766
93.1862
94.2375
109.699
89.5483
85.7653
111.778
93.8703
94.7571
93.6433
94.9355
93.8707
94.7571
93.6442
96.429
95.7635
96.3284
95.6159
96.4291
95.7628
96.326
96.4293
95.6155
95.7631
96.3327
95.7627
96.3297
96.4293
93.8708
94.7577
93.6446
94.9368
93.8618
94.7604
93.6335
96.4314
95.7666
96.3346
95.6209
96.4331
95.7675
96.3362
93.8605
94.7592
93.6324
94.9355
93.8698
94.757
93.6435
96.4345
95.6205
95.7673
96.3331
95.768
96.3298
96.4333
93.9832
95.2634
94.0219
95.3164
93.9836
95.263
94.0217
97.7252
96.6066
97.818
96.6362
97.81
96.6356
97.7236
93.9724
95.2661
94.0108
95.3184
93.9835
95.2637
94.0226
97.7262
96.6077
97.8297
96.6401
97.7779
96.6405
97.7219
97.7231
97.8311
96.6359
96.6059
97.7192
97.7959
96.6355
93.9834
95.2629
94.0218
95.319
93.9712
95.2649
94.0096
96.4542
95.7635
96.439
95.6255
95.7719
96.3539
96.5314
96.4536
95.6253
95.7631
96.4425
95.7715
96.3612
96.53
97.7259
97.8468
96.6402
96.6069
97.7249
97.7933
96.6405
97.7479
97.9163
96.6349
96.6142
97.7953
96.6454
97.8183
97.7457
96.6128
97.9072
96.6339
97.8134
96.6448
97.8174
82.4799
129.102
82.1826
126.758
80.8994
117.249
84.5072
98.6048
111.878
106.54
132.608
99.2419
108.379
108.457
108.833
111.2
96.4621
79.0071
125.807
97.3105
108.804
103.979
97.1903
98.8837
106.009
105.132
98.0982
100.208
98.421
94.0366
132.332
93.5269
95.5091
92.7336
132.904
103.291
99.1639
108.502
104.623
120.746
68.7913
103.385
104.567
102.524
111.292
106.866
103.919
97.9401
108.245
86.1808
130.218
79.2346
104.418
105.527
120.489
78.9999
88.1128
93.366
89.449
95.348
84.4722
93.5472
85.1399
96.6357
96.1868
96.7619
95.9698
96.7589
95.969
96.641
97.6533
96.7482
97.191
96.4532
97.6523
96.7487
97.187
97.6521
96.4531
96.7484
97.1885
96.7491
97.1868
97.6516
96.6454
96.7616
95.9733
96.1875
96.6434
96.7628
95.9732
97.6506
96.4538
96.7501
97.1909
96.7479
97.1885
97.6504
96.6306
96.7548
95.966
96.1855
96.6264
96.7559
95.9677
97.6529
96.7508
97.1867
96.4542
97.6526
96.7488
97.188
96.6579
96.1894
96.7771
95.9652
96.7695
95.9759
96.678
96.6243
96.1845
96.7568
95.9684
96.7607
95.9681
96.6207
97.655
96.7397
97.2095
96.4572
96.751
97.1969
97.6663
97.6567
96.4578
96.7402
97.2082
96.7517
97.1979
97.6671
96.6477
96.7798
95.9639
96.1874
96.769
95.9724
96.6758
102.417
109.434
84.4907
99.2997
102.48
107.686
85.125
94.2941
106.504
101.446
103.397
96.3605
105.296
102.171
107.259
108.173
78.1312
105.928
108.871
105.941
93.8841
91.4263
78.4717
79.899
71.1873
71.8146
136.93
139.473
106.076
116.116
98.3056
93.6364
105.414
104.295
98.1394
69.7315
100.723
93.1947
94.6518
70.2174
98.3007
93.4062
96.6361
104.623
101.929
104.649
97.9257
118.432
111.34
109.077
103.362
84.2391
105.851
110.023
112.843
90.736
94.122
80.4641
71.9888
94.3369
96.4361
90.6465
51.6144
101.709
103.315
103.596
105.987
104.502
104.203
106.118
113.531
85.4571
93.364
95.7067
114.752
82.4999
92.7741
84.1773
93.2573
88.5877
100.833
87.027
93.2954
94.2518
83.5734
98.591
97.344
91.5102
80.2913
97.0911
93.9627
101.597
101.739
96.7681
100.56
102.624
107.76
96.9632
104.367
104.115
94.7561
102.535
105.423
105.689
98.0208
107.187
121.777
122.434
92.3189
105.39
101.694
134.547
178.856
109.388
133.694
100.616
102.052
103.529
87.0521
97.8165
119.322
97.0927
113.524
39.3183
113.995
41.4685
78.2024
81.3402
80.9825
73.697
73.1117
135.035
134.142
109.9
197.656
196.716
96.8413
92.921
89.904
95.7724
122.911
113.28
123.484
123.527
94.6414
40.0469
50.6319
127.173
103.225
106.661
115.355
107.464
115.906
147.145
103.572
107.703
106.126
103.592
106.053
102.426
104.985
109.838
113.023
106.656
98.7717
125.741
121.217
121.105
105.551
107.897
108.085
116.25
103.306
101.21
110.649
86.2615
121.48
114.43
149.381
147.244
96.8533
98.2221
104.084
97.7348
107.026
122.053
103.377
97.814
109.146
104.568
94.743
104.242
105.002
97.5676
99.8844
105.595
195.254
107.885
196.397
93.2309
122.005
92.6683
89.5007
81.4552
105.026
80.067
332.558
319.571
-12.6371
-6.8664
76.8753
186.244
74.0856
190.439
170.276
130.051
258.264
99.475
99.3601
99.3552
98.2914
98.4492
98.4609
98.2801
72.8762
157.717
135.736
155.447
113.02
109.512
125.087
99.4614
99.3529
99.3532
98.2915
98.4548
98.4535
98.29
122.948
113.001
107.862
108.302
102.964
113.869
122.673
122.442
112.376
118.479
108.539
114.917
121.403
120.743
99.3653
99.454
99.3627
98.292
98.4542
98.2922
98.4532
99.3579
99.475
99.3582
98.2876
98.4588
98.291
98.4578
96.0229
107.983
108.5
109.654
117.308
113.162
109.423
111.194
103.662
94.0797
102.453
103.744
95.5573
110.044
99.4737
99.3635
99.3731
98.293
98.4584
98.4574
98.2954
99.3835
99.474
99.3827
98.2958
98.451
98.4614
98.2845
74.8677
131.56
168.007
78.1094
129.576
168.457
127.625
102.035
96.2357
98.8067
98.584
102.022
96.6538
102.019
110.493
134.098
133.7
106.073
92.7109
87.8192
99.7613
110.783
115.171
116.227
116.9
111.3
130.025
113.387
108.766
103.078
92.5344
128.966
94.1679
117.327
109.861
71.9818
117.801
115.897
113.386
106.481
124.908
108.21
101.987
98.9747
99.3178
98.3059
96.4361
103.151
103.99
94.3818
104.925
103.997
99.2495
106.576
105.033
99.374
111.87
99.3635
106.699
100.451
104.275
101.428
105.832
95.5999
107.828
94.7461
101.621
88.3624
100.73
90.7407
105.953
80.1401
79.8128
308.725
312.324
-3.23388
-0.994707
90.9019
97.4649
94.6029
91.8698
84.3712
96.682
90.6404
90.7095
81.3198
86.4173
101.443
86.4154
95.32
91.8965
96.8398
88.7351
101.19
95.3285
95.8812
96.0182
98.0552
101.056
101.177
95.1715
96.7753
98.927
96.8245
97.5124
96.9838
96.5776
98.1272
96.3674
112.79
97.4971
96.609
102.006
100.217
98.0087
98.8553
97.5815
102.043
102.783
100.846
98.0419
98.0408
97.0014
98.0195
96.1208
99.465
104.906
97.7462
95.4885
98.8224
86.25
103.802
83.9453
79.8081
155.485
124.351
149.177
91.7427
139.189
87.8256
101.259
95.2546
98.2753
105.746
103.356
84.7209
86.4736
100.609
112.123
125.204
104.564
101.34
89.824
109.736
103.181
80.7487
83.5651
97.205
95.0492
86.6562
87.8643
144.674
69.3628
112.018
142.279
139.031
90.5285
94.2121
108.399
91.0946
108.308
80.2611
88.9722
84.6057
76.8403
98.7387
102.17
101.852
101.079
90.5247
101.142
90.8751
101.716
135.162
110.673
103.551
73.6176
104.186
73.6367
92.8932
105.339
109.629
96.0292
93.2291
106.892
105.552
99.0698
115.597
45.5374
264.985
21.1525
172.262
163.607
98.4458
102.961
101.851
102.195
101.926
91.416
108.252
106.705
141.286
136.844
95.6434
106.355
145.536
126.487
106.696
115.137
130.833
92.7676
106.774
119.816
123.519
101.887
104.297
83.4983
94.538
95.5806
87.6384
98.3109
103.766
101.529
102.351
106.311
101.038
104.014
106.553
106.358
105.473
110.934
109.113
104.716
114.246
118.599
103.483
99.6935
103.726
108.685
106.319
106.208
90.3963
96.1171
107.27
111.293
109.25
121.284
99.3293
94.1273
104.927
107.124
105.568
117.524
121.324
116.958
123.442
134.258
103.302
117.426
116.929
98.7239
91.8154
122.602
96.0187
115.613
96.9795
87.8214
102.745
88.4242
103.453
105.446
106.036
91.1387
93.6074
103.127
112.496
96.0917
217.788
41.4222
65.3308
114.931
122.516
34.0409
70.7591
41.6273
49.9019
131.802
118.964
115.674
41.0911
72.9048
117.538
114.709
109.677
92.8462
174.402
135.005
108.586
117.585
106.772
96.8874
96.8597
116.452
103.897
103.944
85.3732
89.4294
194.239
103.996
81.4007
91.6926
186.606
129.305
91.9579
128.99
129.518
92.9304
127.274
80.2065
82.0301
98.5572
141.053
116.894
87.253
102.561
112.743
101.614
108.874
100.215
127.355
115.76
114.658
126.892
117.19
105.96
117.525
127.488
92.3075
122.66
93.0833
63.0666
157.001
237.137
208.339
117.725
33.3107
101.266
157.821
123.589
132.062
92.2198
123.845
118.683
92.4011
83.9004
110.066
116.942
37.8199
83.1076
107.125
108.045
129.364
99.8938
92.4585
130.151
125.627
129.399
88.4189
112.272
109.567
110.708
124.44
101.13
98.969
122.329
91.4515
102.889
100.55
165.761
164.407
95.2779
92.524
100.666
85.833
123.323
156.788
92.6551
154.891
94.4441
101.957
108.5
97.5169
87.2025
106.895
106.451
98.9677
98.9951
107.435
100.294
104.279
98.1733
117.33
101.76
103.545
99.3321
97.3201
116.34
122.704
94.5354
95.6723
117.479
104.641
93.193
112.648
104.321
98.7103
92.9744
112.702
105.964
94.7061
123.065
112.524
105.272
94.2482
90.9121
103.979
92.4413
107.151
101.247
108.09
100.328
103.941
120.035
123.495
131.362
124.966
102.993
113.243
95.1654
97.5163
97.7378
105.703
97.9886
106.68
96.2128
102.878
94.6692
109.986
111.967
115.992
161.607
94.8106
116.545
153.561
114.535
138.992
109.487
112.651
112.881
127.346
106.119
111.467
123.654
109.247
109.2
103.604
116.68
108.317
116.235
111.215
114.791
95.7935
98.7752
109.453
98.6613
108.679
108.861
91.3057
99.15
113.345
102.956
94.6886
95.3922
91.6569
94.2775
94.6852
103.484
84.3347
94.157
84.1828
81.4735
81.4271
84.5591
86.1058
120.113
80.3602
109.274
86.2498
77.2817
85.3605
102.143
112.25
100.516
100.775
111.953
113.583
100.012
100.52
109.619
100.224
99.7766
115.629
114.163
101.698
99.8847
97.9929
104.206
101.23
99.0428
100.175
99.1116
99.3828
119.01
45.1552
55.6363
116.905
43.6794
48.1007
121.368
95.729
109.02
93.863
102.516
105.059
88.9283
89.3277
109.324
115.975
119.929
93.0044
91.6417
86.7517
93.1595
111.764
119.448
95.8444
118.004
92.8096
97.4058
93.2126
74.0625
131.06
74.1638
164.131
164.706
126.929
126.797
109.999
98.4188
106.033
101.047
101.966
110.575
98.8194
93.1024
116.108
64.5843
98.5858
74.4539
137.639
70.1924
106.917
97.7521
97.1254
99.3771
104.713
96.7196
98.0722
106.893
96.8518
100.248
107.582
107.516
111.613
120.298
101.414
98.5549
99.4412
100.394
133.124
100.85
100.518
107.439
103.318
103.152
96.3323
113.597
120.585
111.419
103.285
79.7979
78.5863
95.4314
96.4377
83.7384
85.1298
94.5163
105.672
99.1019
112.433
100.483
93.504
92.8625
102.786
100.354
112.159
113.297
99.5052
102.827
98.5521
123.261
112.541
157.79
94.953
116.59
147.62
115.607
100.205
101.591
101.704
111.285
100.875
100.841
111.187
100.321
97.3618
100.316
98.86
99.1439
98.1378
99.9475
104.749
93.5421
102.732
100.437
113.521
96.4418
98.8569
103.085
99.778
105.399
98.7075
99.1357
99.8778
98.2719
104.266
99.4569
101.934
99.2644
95.0594
109.875
95.4689
100.919
106.881
99.0126
96.2612
109.887
110.07
110.838
97.5694
81.4344
93.7982
88.9912
84.252
95.0773
98.0173
100.128
97.136
109.662
94.1845
112.077
114.323
95.4188
102.226
100.326
102.996
99.8332
110.856
100.397
110.583
99.4882
110.862
102.526
99.4083
99.1597
98.6741
99.2508
98.5607
99.9707
114.874
113.509
102.01
103.817
97.6881
106.527
103.456
110.078
107.566
106.172
104.91
110.369
101.417
99.5863
101.632
99.4881
98.4411
99.6468
98.3453
105.579
105.781
110.929
118.99
93.7309
106.059
115.198
102.11
95.0193
92.1729
89.4593
104.106
95.6216
92.3321
109.941
106.059
107.992
90.9813
110.683
106.17
106.38
94.68
103.229
94.5135
94.0094
97.388
94.4691
95.1873
102.166
103.064
102.541
102.281
99.827
102.299
103.079
106.059
104.674
106.091
98.2076
98.2028
101.004
100.377
100.42
98.173
97.8829
98.5905
99.6877
96.8892
96.948
98.5284
96.8235
102.613
99.4727
134.383
96.8907
104.801
122.684
97.5111
180.753
108.303
114.76
111.484
146.537
91.6705
117.86
86.3513
90.6345
90.727
94.3539
88.3841
97.9259
99.1937
100.669
91.7592
97.699
97.8262
101.121
96.5149
98.3819
98.4411
105.238
96.979
104.257
96.8195
109.457
104.565
111.419
97.9127
97.9051
100.312
100.394
102.561
98.4098
102.405
99.1175
100.611
99.5633
101.398
100.45
115.061
102.89
99.3302
98.1918
98.1698
99.1262
104.874
103.156
104.034
98.2069
107.012
98.1861
96.6107
98.7002
96.0744
106.193
102.075
100.279
99.6445
103.725
131.061
95.741
105.688
100.674
126.61
97.5988
106.668
95.4144
114.98
113.117
116.136
96.6438
119.179
119.09
6.50302
285.346
224.602
44.5622
242.787
231.66
40.2586
103.107
102.078
103.649
103.611
122.221
104.309
107.325
100.522
112.086
113.227
101.669
99.1
97.681
104.575
101.955
106.169
102.197
96.2985
108.166
97.0125
105.234
106.394
106.964
104.293
98.0598
97.2362
96.9236
96.2918
99.9675
104.236
103.234
100.84
99.4282
100.95
99.0488
140.07
95.099
93.4623
101.157
97.6187
99.2525
98.8946
102.356
100.846
102.234
100.141
99.5776
99.6539
99.8171
102.527
102.163
105.721
99.8239
102.517
101.544
110.007
106.558
99.8621
100.535
112.965
105.637
104.305
99.0327
91.1036
88.4333
88.8823
110.996
113.585
90.3361
91.3694
124.587
83.0181
103.981
197.354
92.2753
169.825
87.0251
109.682
97.038
105.959
109.479
112.827
113.114
109.896
104.759
102.697
105.91
107.156
126.518
162.142
107.617
104.189
107.783
107.054
133.209
110.427
134.553
108.721
100.703
102.15
101.418
109.851
103.754
104.738
108.134
89.1353
103.381
102.051
98.869
100.266
89.4669
102.789
105.373
101.2
105.717
97.7351
102.193
102.216
99.9233
68.2665
79.2683
69.5567
76.3935
165.881
158.467
81.718
78.8626
75.9364
72.5191
76.3198
141.115
149.653
62.0719
98.6216
125.868
102.133
101.553
92.7609
131.334
97.4163
97.1024
129.984
98.5428
105.881
134.915
119.461
93.8179
123.45
94.8587
93.6896
96.7759
116.967
94.4843
95.3906
98.5837
87.5563
98.5925
123.481
38.2428
163.052
6.35962
84.9796
104.295
121.205
88.5638
114.539
87.247
82.9809
97.2277
99.8476
100.234
100.712
95.9339
99.9341
97.2055
107.589
110.494
105.645
111.231
109.038
108.262
107.011
93.2073
94.8486
103.033
94.245
93.6083
94.4626
102.156
100.864
107.138
105.623
104.808
99.5247
97.9061
104.065
126.211
100.754
102.152
139.996
112.506
92.3353
132.581
97.6387
109.143
90.4379
94.4845
124.317
93.9128
109.389
43.5079
123.474
169.964
105.597
110.522
119.432
112.064
101.575
147.889
150.158
120.018
84.6141
63.1816
118.056
91.3704
89.3538
88.9451
105.26
106.306
89.0288
89.3687
92.313
128.754
128.866
109.065
133.375
131.038
84.9263
137.907
130.28
136.983
86.1991
117.542
181.974
74.0396
91.4835
89.5712
89.8443
104.322
103.519
90.4391
95.4595
101.578
98.2936
106.281
104.718
89.0893
97.7555
88.4197
96.1818
104.03
102.29
104.342
98.1772
89.2369
88.0815
99.7759
97.6563
105.293
101.188
98.1106
98.1206
111.655
158.379
93.7517
164.342
131.546
87.362
71.6427
115.394
87.2089
97.309
98.7189
97.2993
80.1756
84.9376
96.0399
93.2419
80.2076
124.843
82.7533
80.5992
85.9703
87.9698
94.3534
79.464
78.7707
82.4481
83.1049
83.5335
82.6862
89.5935
109.894
94.9112
109.723
94.485
106.435
93.1824
91.8991
80.9475
80.916
87.7632
86.2007
81.4232
83.2727
102.767
195.677
211.44
92.3328
91.5647
108.275
177.142
133.271
221.26
210.517
-112.717
122.2
815.378
107.634
94.1827
95.0571
93.9768
95.3913
94.1829
95.0569
93.9774
165.095
99.7009
161.057
90.3777
176
90.4106
164.963
101.04
88.6611
107.313
108.452
101.174
82.2
107.476
98.2456
121.001
104.472
89.0298
91.3709
130.105
82.8697
97.0413
96.483
96.9479
96.3392
97.0431
96.4838
96.9452
97.0413
96.3388
96.483
96.9466
96.4839
96.9455
97.0435
99.8961
77.7078
78.2783
82.769
93.1729
82.0605
84.5841
102.391
80.1157
82.4448
344.615
358.06
-21.4815
-24.9131
103.099
100.292
106.68
100.499
108.694
100.196
109.76
94.1734
95.0601
93.9654
95.3915
94.1823
95.0573
93.9769
98.3968
110.818
116.36
100.098
95.4969
110.534
106.004
93.1149
123.474
102.397
98.1277
93.5138
93.2697
102.363
103.723
110.585
96.868
67.6146
108.742
113.554
86.3193
97.0483
96.3372
96.4841
96.9499
96.4819
96.9513
97.0454
101.258
94.664
94.171
91.4402
101.484
94.5311
93.9401
98.9993
94.163
123.892
102.618
103.846
103.489
110.708
105.107
104.485
104.487
117.93
90.4572
137.696
118.058
85.7194
91.9375
90.4732
99.8361
86.8812
87.1298
100.232
114.517
99.198
105
97.7862
102.563
113.648
99.0888
101.813
102.529
103.721
100.539
100.158
103.992
103.555
102.702
99.8001
102.269
103.65
102.238
103.27
103.609
100.522
117.369
100.082
101.116
113.317
116.524
111.564
101.358
97.6246
102.028
98.6079
103.057
98.3083
101.272
92.6407
89.9391
92.1243
103.181
91.707
83.0055
92.0995
94.1828
95.0579
93.9775
95.3927
94.174
95.0607
93.9661
94.4308
109.421
379.631
104.642
95.4285
111.008
80.7276
97.0484
96.4842
96.948
96.3376
97.0458
96.4818
96.9501
95.6019
117.839
106.998
108.845
118.359
109.701
100.506
96.3755
113.82
110.359
121.414
119.971
101.009
154.211
114.589
94.9878
80.2686
89.5172
81.9796
91.5577
117.255
82.9038
101.035
82.5467
95.3737
93.8041
86.4829
86.6017
104.426
105.362
105.534
112.729
115.82
118.956
111.695
106.497
96.1763
95.4416
102.481
102.369
107.414
108.817
100.712
95.522
101.049
93.2701
87.507
88.0849
92.3373
142.384
83.3346
113.492
80.5832
79.3629
98.2257
83.4469
93.6229
109.573
109.089
97.5274
120.221
122.309
95.8714
109.434
93.0921
122.71
112.195
102.294
116.476
116.891
117.409
100.973
100.916
102.845
115.432
116.61
106.018
115.623
106.929
110.525
110.394
127.572
121.268
107.84
164.335
99.7084
155.962
109.211
111.2
98.1738
97.1393
104.28
101.481
102.278
100.374
97.7998
101.791
104.888
103.343
116.984
133.094
118.757
141.761
118.492
124.425
120.42
92.0578
94.0404
124.717
121.857
140.488
106.488
141.511
104.725
97.0307
113.295
149.095
100.212
100.509
101.38
91.7956
94.5312
93.9654
94.6815
93.8511
104.855
104.768
97.2754
104.214
108.754
91.0339
90.4679
107.915
101.371
102.102
102.299
111.173
109.094
102.452
111.166
103.856
115.428
114.883
104.799
103.208
112.447
109.773
92.899
107.269
107.892
118.396
95.9837
117.902
98.7587
107.813
106.471
117.13
101.132
101.013
109.381
117.449
93.498
98.9439
107.222
96.1556
92.8287
98.596
107.922
124.082
112.145
123.955
112.47
101.539
101.613
97.984
111.279
94.2316
86.503
95.6714
85.8082
96.4067
109.596
87.8295
97.3003
89.2678
70.6095
97.3796
72.0274
92.1642
105.641
98.0816
109.799
108.738
88.3765
109.801
88.862
111.635
105.771
125.573
113.259
109.114
117.555
109.853
96.6136
119.781
119.827
124.789
123.317
113.333
112.115
111.661
112.588
110.112
113
111.649
115.946
141.746
94.2572
129.453
122.964
156.555
101.098
122.548
96.4695
97.591
107.624
79.6354
91.9263
87.9119
184.765
161.998
102.624
112.537
102.913
146.737
94.3495
159.211
110.018
105.859
100.149
133.149
86.001
80.9135
205.385
412.637
94.4952
93.7618
101.442
93.3077
94.7626
93.6014
101.368
100.508
102.586
102.97
114.757
103.443
104.088
103.284
94.1181
127.263
91.2504
85.0024
91.934
126.525
90.9179
81.4613
90.947
171.353
94.663
80.9661
158.876
88.0102
97.7539
124.683
94.2995
98.9745
98.8449
121.235
93.3924
97.0513
96.4751
96.9551
96.3396
96.4837
96.9532
97.053
103.228
117.139
120.119
97.0878
163.899
160.768
90.109
97.051
96.3396
96.4751
96.9542
96.4837
96.9533
97.0532
101.67
109.166
102.731
114.625
125.462
125.716
118.33
98.1639
75.7442
91.1456
97.5289
112.07
111.668
97.1882
87.6878
111.566
108.533
74.4412
81.1839
87.2189
74.8766
106.852
97.5171
96.9026
118.514
116.504
104.652
104.401
108.431
97.3945
95.626
113.617
106.387
108.415
115.99
99.3519
94.9871
97.3776
120.373
94.0207
91.2002
119.996
68.9112
87.5103
154.131
127.833
162.401
130.915
71.8749
89.8769
82.0974
82.6543
95.5151
94.4324
85.8906
84.2525
92.0555
99.5989
86.4815
93.8405
83.9657
99.6614
83.3691
107.844
108.573
107.524
130.621
97.771
100.967
117.08
119.222
93.9968
119.603
108.557
104.655
109.012
116.033
103.648
117.425
102.739
175.32
88.2141
108.814
152.85
102.37
99.4708
103.836
112.743
97.56
99.6803
103.241
118.886
97.8623
110.044
102.623
113.357
118.362
101.779
167.134
103.638
102.785
114.158
177.585
104.025
102.583
91.6867
83.4024
89.8977
102.2
92.0517
86.5979
95.0809
86.1665
98.2413
108.953
97.891
104.397
113.248
95.3947
49.8409
104.525
127.49
114.611
119.657
113.968
39.3224
91.208
101.627
98.6799
105.462
98.6318
108.112
93.7486
103.994
104.769
127.629
99.6146
98.4349
102.275
101.101
113.393
103.931
115.102
106.283
126.968
111.739
104.516
86.6804
86.3602
99.6751
104.315
150.915
83.989
101.048
120.372
95.6336
120.019
104.232
117.513
110.538
109.379
103.513
105.462
103.661
102.829
102.091
102.387
103.716
109.577
109.582
108.423
100.611
142.371
141.927
98.2162
110.424
105.769
113.272
91.1833
146.04
95.1609
149.989
103.505
99.7177
103.898
105.891
96.5047
101.337
105.925
113.728
108.604
119.725
109.082
131.349
135.414
100.041
105.643
102.468
103.525
111.678
135.809
93.109
111.158
123.73
114.537
113.03
104.863
98.3679
98.4883
111.937
97.1233
120.16
124.334
113.721
108.995
108.971
114.815
104.245
104.478
98.8851
98.9415
101.751
104.365
100.834
93.6166
95.3961
92.9495
98.9594
118.809
115.038
98.7167
161.313
127.469
76.9623
179.834
177.921
178.375
82.0546
99.5379
222.995
148.651
77.3126
195.282
285.606
75.1765
102.661
95.8742
100.777
99.9852
96.5831
107.904
103.582
76.982
117.612
85.7696
118.526
117.734
118.857
150.269
101.531
100.328
97.397
93.2444
125.408
122.659
108.763
110.027
113.896
93.9772
94.0142
129.424
118.121
96.3908
122.126
109.413
127.269
126.245
121.315
127.242
117.187
82.6762
109.941
108.788
129.833
77.0617
128.947
83.6794
107.881
110.173
106.552
105.662
110.375
108.519
147.532
104.246
115.213
107.162
108.223
108.162
142.302
98.189
98.2907
108.001
100.406
105.433
105.247
108.179
105.663
107.53
125.456
123.068
125.016
114.337
130.618
108.496
131.925
110.481
155.137
94.5834
143.176
144.747
141.071
103.563
96.2166
104.169
103.17
99.6281
99.5769
102.732
103.936
102.842
102.406
103.177
102.72
103.111
103.44
99.5415
111.546
108.782
100.905
114.134
111.268
101.906
91.3787
122.253
104.4
110.239
95.6468
128.794
95.636
98.6148
89.4317
94.206
99.3222
82.0917
96.4195
82.6469
99.9759
102.436
99.2804
92.1984
128.796
118.041
92.1575
104.949
92.4521
121.649
97.0497
104
90.7056
105.44
107.055
101.348
101.675
94.5722
109.608
110.706
95.1652
85.5377
100.357
88.8756
103.372
97.8596
105.049
104.69
101.59
82.7515
87.0635
134.055
133.87
104.592
105.175
97.0629
99.75
100.641
101.965
105.138
103.682
103.038
104.729
79.8213
91.28
103.352
96.3803
82.7315
82.8291
105.456
108.866
108.809
107.327
108.259
107.974
107.09
67.7861
110.473
82.1134
61.1679
106.478
146.277
140.021
81.58
213.89
142.519
220.658
106.46
559.588
154.322
123.943
117.907
121.726
122.634
116.721
125.61
118.083
83.43
94.6624
107.62
106.455
134.668
130.791
81.9293
106.279
109.239
109.531
113.159
108.913
111.196
116.697
102.853
144.342
102.455
104.829
103.264
104.065
108.794
103.992
92.0309
94.7065
91.3873
101.09
93.9819
88.6128
82.2375
82.744
114.539
113.207
88.6871
92.1279
120.966
122.727
169.44
184.825
-60.7757
104.278
108.44
-27.4192
114.949
110.583
76.0226
81.3479
90.8336
109.931
114.597
118.593
114.165
118.769
109.278
112.875
104.378
112.691
89.572
95.8354
82.5259
91.7811
92.1138
191.774
299.011
137.459
104.011
130.249
123.158
92.2096
94.3839
132.204
104.255
103.281
93.9118
92.1132
104.587
91.9044
113.753
89.6834
93.6245
75.2579
86.5562
76.2433
91.9096
90.029
112.258
97.6825
109.021
99.3022
98.7959
99.1987
94.8792
97.9694
81.4888
102.555
98.991
88.1452
104.314
91.1469
101.897
100.084
101.711
94.9753
108.776
109.007
94.6186
119.998
96.6864
109.966
101.603
83.7869
101.734
114.844
107.144
108.313
105.019
106.89
106.924
107.432
104.799
110.522
95.8361
109.277
110.242
112.381
111.865
108.802
116.672
103.53
108.053
132.326
112.193
106.614
104.758
74.3262
94.0449
83.1178
94.1793
132.926
80.0119
126.674
94.8504
97.7046
91.7841
113.479
102.701
109.593
103.482
130.988
103.337
116.006
110.657
103.765
94.7665
95.4351
158.374
255.779
93.9736
174.758
140.889
169.115
194.981
103.053
107.161
132.254
120.985
102.065
114.495
119.829
90.4036
94.5753
87.9841
109.468
76.84
87.8094
89.2886
95.227
98.177
100.601
99.0979
107.956
97.8563
97.3356
122.19
102.075
116.465
103.162
121.886
113.239
103.071
97.1501
94.075
99.51
97.4103
125.122
98.4789
101.913
102.015
103.856
104.238
106.841
102.029
103.087
107.473
108.989
107.945
104.423
113.75
109.465
108.714
107.524
107.22
100.541
100.925
114.51
112.702
100.994
104.617
101.766
103.648
106.175
103.614
96.4291
102.422
106.353
185.612
109.025
100.005
105.858
87.7479
121.016
162.528
93.1148
96.3669
97.6927
93.9227
94.636
102.957
102.212
77.1229
88.1689
115.484
113.112
110.791
119.966
76.6993
168.609
131.897
78.3235
85.7719
180.263
81.643
125.259
116.074
130.888
100.535
101.482
63.0929
117.342
129.864
107.236
95.7958
108.187
101.566
140.744
140.534
103.737
109.824
102.983
110.738
114.632
105.502
112.074
104.965
99.1616
103.235
102.597
104.018
96.1024
97.5877
103.377
91.5007
104.213
91.4399
112.52
110.513
111.317
104.502
102.702
114.421
97.9923
102.081
99.082
116.691
122.53
83.602
91.7504
92.4035
88.3548
88.6086
89.3676
90.2053
110.103
110.763
107.032
103.386
106.322
95.7574
112.73
120.78
101.38
103.66
109.561
105.363
105.081
120.639
104.566
108.724
157.578
114.26
106.861
109.837
107.385
91.1323
84.4901
90.4926
88.614
89.0706
88.6261
88.0528
100.588
137.99
96.6085
106.742
107.614
106.664
109.435
97.1755
108.919
106.156
114.695
100.423
93.4606
158.926
99.6144
98.6066
100.046
107.244
112.635
104.479
101.359
115.61
104.372
135.667
113.371
116.015
100.935
130.916
101.243
98.768
98.5517
102.061
104.669
103.771
102.478
101.671
103.778
108.235
101.378
110.69
101.736
102.255
97.0344
111.731
103.126
141.614
98.5379
131.407
111.891
110.592
125.79
111.956
107.042
123.017
109.172
172.524
95.5441
109.982
125.501
131.667
97.5706
93.7031
106.626
104.664
106.091
104.591
120.137
109.853
115.201
115.239
74.5379
67.2178
164.993
139.128
164.657
196.146
73.0062
61.9115
210.828
270.813
96.7146
107.541
107.209
95.8501
144.109
101.885
93.3526
106.152
165.634
104.971
94.984
105.758
111.068
108.837
103.875
104.432
106.582
111.537
112.14
131.868
125.611
99.9809
97.7397
101.413
100.158
157.457
106.405
106.369
109.865
101.4
102.061
102.033
101.719
128.81
116.483
116.728
91.7871
131.576
99.535
115.897
125.557
124.126
95.7283
118.353
107.721
109.917
95.2603
104.973
102.391
99.1182
102.681
102.077
98.1031
92.4698
122.173
122.718
125.284
107.294
107.222
109.767
122.109
122.137
95.6009
119.958
122.182
122.413
122.804
100.837
64.3083
102.07
128.569
116.477
128.925
105.481
104.168
107.275
107.326
102.229
102.059
102.072
104.199
101.107
100.433
98.9333
120.042
130.911
101.974
100.841
102.111
97.1699
98.3061
102.667
105.719
97.2065
98.2677
93.9333
95.0864
93.9676
94.9605
93.9339
95.0863
93.9677
98.8682
94.8908
120.356
99.7351
115.668
99.8685
123.749
105.584
105.925
97.4376
114.189
103.94
101.49
97.2463
96.5081
96.9159
96.0555
96.3756
96.5112
96.9134
96.0563
96.5093
96.3754
96.915
96.0553
96.9136
96.0562
96.5097
95.6741
94.3711
93.4663
102.35
91.5491
103.184
93.7164
99.8979
95.088
93.6438
103.361
91.0841
91.286
102.406
93.9157
93.7998
117.202
101.522
88.7965
94.2446
92.2177
107.602
93.945
116.078
95.7526
91.8952
117.594
128.08
107.765
115.427
117.099
92.9654
126.478
128.972
92.1456
146.786
112.205
115.092
100.467
122.429
121.026
100.507
101.88
111.47
104.565
115.601
152.776
144.743
100.817
100.522
110.591
110.136
140.976
145.727
103.357
105.403
120.687
100.66
102.94
89.2889
126.849
110.245
108.103
96.8964
134.191
148.655
98.9017
105.867
104.021
101.698
103.523
97.303
104.067
107.405
89.8359
90.4748
107.144
94.3469
135.865
124.916
117.66
91.5942
134.067
96.5659
102.588
92.7476
115.011
104.944
102.763
111.438
88.7138
104.216
136.531
102.476
104.196
107.671
99.5345
103.369
100.327
95.8401
100.744
100.496
111.281
111.158
99.9966
116.666
106.596
96.8412
117.656
97.7014
103.46
103.573
92.6453
136.763
98.9381
117.037
93.5533
98.5097
125.009
84.3312
173.63
102.379
98.9907
132.679
161.615
112.661
119.673
109.279
125.833
100.789
126.769
103.974
106.582
104.086
104.661
105.608
94.9508
99.4005
99.7507
94.6393
104.749
112.909
106.596
100.594
95.1697
94.7165
98.0599
87.9661
108.784
82.4395
107.776
90.3356
111.358
85.0589
149.01
77.5105
155.449
96.6486
136.147
100.975
147.427
69.8095
288.582
166.271
125.479
152.196
132.15
94.281
101.347
102.024
102.853
103.558
103.601
117.21
114.974
118.278
106.2
101.971
110.261
108.593
109.743
118.293
90.9904
100.746
87.4805
96.3377
100.321
87.9635
95.4001
115.787
117.12
94.6921
95.9162
97.4378
104.953
111.66
99.4782
92.6103
92.8456
90.6166
102.268
91.5007
102.798
105.583
110.494
105.836
98.6508
109.851
106.707
107.548
106.32
102.38
103.149
111.687
93.4879
93.9709
79.2546
128.18
124.052
129.539
129.879
120.058
107.345
107.399
106.706
97.3831
107.756
104.356
99.5085
105.247
107.066
104.675
94.6168
92.7634
55.3501
97.1989
98.4152
60.2522
108.779
111.576
109.746
115.384
101.799
116.09
110.413
81.8112
81.2241
81.3267
123.816
120.755
103.523
107.024
93.9217
95.0895
93.9565
94.9623
93.9328
95.0867
93.9684
93.934
95.0868
93.9685
94.9643
93.9219
95.0896
93.9565
118.211
123.328
120.707
128.197
138.591
98.5593
97.7819
96.5153
96.3731
96.9179
96.0573
96.9198
96.055
96.514
96.5149
96.9171
96.057
96.3739
96.5142
96.9193
96.0546
93.9557
93.632
98.1449
93.5465
103.681
90.4054
107.117
113.968
109.128
90.37
127.068
88.2573
128.604
115.089
87.4881
111.507
119.433
100.633
116.379
136.051
91.9526
87.1808
115.945
106.612
129.653
176.198
122.144
105.446
110.351
95.2415
113.168
100.342
102.187
104.844
114.297
206.742
11.4116
206.637
47.1274
225.924
229.383
51.9337
99.0103
97.1261
97.8519
89.0651
110.633
107.988
86.6432
88.7123
126.47
119.456
105.663
127.167
105.021
90.5735
95.477
105.533
135.144
104.817
273.384
104.165
116.971
106.474
116.782
94.4241
116.688
125.428
97.9095
103.884
85.4563
112.867
97.9975
185.262
108.743
118.991
276.095
99.9793
94.6724
108.369
67.3002
98.6902
99.6366
106.977
115.012
83.923
108.485
96.7499
114.202
120.754
146.065
118.441
106.213
107.996
109.655
130.539
105.963
106.822
92.6506
127.242
96.7373
93.5686
88.2606
91.6018
159.382
70.5848
247.455
195.193
80.1647
73.3713
213.532
164.434
104.401
107.558
101.897
103.377
108.245
103.488
104.588
94.2922
119.054
114.358
112.368
117.373
111.953
115.571
123.689
89.6986
113.763
114.205
127.449
205.378
151.543
118.879
97.738
123.919
140.564
115.323
249.899
121.798
79.8825
99.0744
86.9621
104.343
77.7356
102.588
96.8729
122.302
96.3702
128.857
94.9856
100.549
112.143
73.1351
93.4423
140.875
100.279
92.8111
96.4293
109.705
179.902
78.3288
125.587
119.22
83.3009
88.6319
122.719
83.9043
120.671
106.82
100.541
143.92
112.683
96.821
107.67
88.8891
101.223
104.085
97.0907
95.6934
105.347
98.7727
173.111
110.214
179.81
89.404
111.896
179.652
173.106
138.329
114.01
145.231
242.672
153.98
127.393
179.84
97.2102
-7.65013
172.274
113.781
-10.6198
172.114
103.936
173.269
91.4496
430.578
259.825
112.214
179.709
321.484
119.511
102.723
103.009
121.062
116.689
96.9638
101.477
122.878
99.5265
112.594
111.947
43.0484
38.2783
99.5403
101.896
108.032
279.512
129.33
102.098
164.846
164.851
136.389
126.625
139.149
115.853
151.798
108.837
135.751
118.399
107.251
103.689
102.706
102.7
101.445
123.509
126.462
108.247
90.9077
105.019
79.008
72.4177
114.724
110.634
120.898
114.396
94.5228
111.557
108.12
119.158
175.561
113.672
165.647
146.558
106.643
113.7
151.148
132.392
102.319
106.785
91.0841
89.0986
176.921
142.563
100.006
92.6273
97.3169
94.2027
112.795
99.0677
109.382
92.8605
95.8011
110.102
96.2784
92.7477
111.164
117.115
105.545
105.793
102.321
99.2894
105.738
98.3857
103.06
104.186
118.183
95.6724
107.065
100.015
128.48
135.116
113.295
125.85
113.471
125.465
113.017
109.173
167.168
133.55
117.177
126.128
172.438
124.654
107.272
120.425
97.839
113.606
98.2255
96.8229
101.998
112.222
109.894
96.9509
112.167
105.474
122.091
124.546
143.005
106.471
98.9951
114.231
27.6346
156.107
28.5693
149.515
124.065
179.75
93.8436
188.083
550.726
386.214
681.927
-52.376
101.569
126.117
110.826
97.7638
110.818
124.411
98.9669
105.638
103.831
104.216
107.01
102.037
103.243
102.98
105.767
107.471
114.977
105.136
114.004
102.077
98.1329
196.035
112.609
97.7467
161.553
96.4127
162.162
163.886
124.725
111.049
121.427
137.623
134.372
130.213
125.51
112.763
117.565
117.893
102.444
103.382
104.548
102.783
104.45
96.3546
112.706
83.8441
115.673
86.4314
136.402
153.128
96.2002
132.732
93.7389
-0.551185
94.7258
33.3724
78.4421
118.521
117.935
58.3414
108.944
123.334
78.1205
90.871
104.341
114.153
102.889
123.203
146.235
130.504
93.0151
94.4682
93.3089
97.4047
156.19
123.727
103.772
154.336
118.957
138.603
114.784
157.651
144.866
111.851
175.312
183.439
97.6198
136.345
147.02
149.108
198.856
118.177
117.089
100.415
101.795
117.872
119.483
118.814
105.662
142.029
136.235
109.01
126.544
121.522
104.746
109.417
98.9798
99.9713
97.1707
94.956
102.774
115.507
63.6869
140.294
145.584
91.57
84.1373
90.0842
94.9915
102.307
110.374
103.188
117.97
89.4845
117.345
109.088
125.388
109.287
115.212
111.968
112.451
78.7862
87.1368
118.567
83.8392
86.5457
95.9519
95.3717
104.273
113.338
93.0355
113.624
109.94
132.064
97.6079
98.3298
118.19
98.5541
83.0948
78.7383
107.864
114.205
118.76
112.587
111.587
121.297
119.148
84.8074
162.579
187.054
122.879
123.77
157.631
108.281
109.659
119.998
188.384
131.377
130.686
118.876
266.866
48.9419
129.96
262.597
122.366
120.006
107.621
109.988
111.379
96.024
92.7167
109.721
108.995
103.665
112.875
197.515
192.262
99.8821
108.331
125.432
116.538
121.283
118.177
121.549
123.915
117.353
121.929
123.957
140.517
75.9061
251.828
114.52
192.137
115.925
-22.2086
157.087
254.892
112.046
127.012
242.993
99.7397
135.175
89.0609
79.031
97.0207
62.9459
89.6308
96.5187
96.9249
96.0479
96.3758
96.9223
96.0578
96.5185
96.5185
96.3761
96.924
96.0474
96.9222
96.0574
96.5174
105.859
104.37
92.0321
99.5234
147.647
171.006
98.6264
105.341
112.648
113.684
111.147
122.828
117.657
112.463
137.095
135.226
131.953
151.981
168.097
314.411
131.165
119.982
98.4848
101.246
63.1238
72.6932
90.9192
52.707
118.315
50.8749
71.5177
99.9337
106.147
123.94
111.402
110.496
100.707
103.447
158.102
100.272
92.9229
111.101
141.527
97.4214
92.2112
106.043
101.787
113.945
89.2804
126.377
107.633
115.34
132.54
143.303
105.256
135.879
179.383
102.462
132.979
257.454
148.508
89.7584
201.91
126.542
83.9139
82.4675
142.165
320.936
106.828
182.779
45.6133
110.553
110.974
115.793
102.852
109.109
99.5121
105.845
96.7115
95.9132
95.7706
107.575
98.8363
94.1548
140.583
115.915
129.647
86.0877
99.1869
112.6
127.039
136.599
127.062
102.816
97.358
117.477
168.27
124.352
135.893
99.2744
103.405
135.366
96.8512
195.462
474.512
102.984
124.005
111.959
98.0323
98.4613
97.5543
104.798
97.6756
157.009
161.674
118.385
100.258
83.191
113.947
158.315
250.12
237.545
192.048
167.376
139.505
230.048
45.3176
86.6061
88.4245
161.653
181.857
134.317
110.612
87.3618
106.456
117.665
133.333
114.023
92.2648
114.062
100.084
98.2885
102.249
124.879
84.7963
131.285
92.6403
105.908
117.622
88.3442
157.558
112.304
268.158
121.988
96.2867
88.977
96.1796
98.2584
127.539
101.639
128.768
99.2934
111.164
113.922
100.892
157.509
77.1747
81.7432
105.298
77.5506
106.715
104.566
41.7818
51.6956
76.4201
106.47
78.6737
104.452
37.6388
101.174
93.8527
49.8359
80.8941
127.998
83.784
112.675
100.716
20.2188
52.4743
95.4858
121.748
85.0714
91.4591
100.461
110.386
98.6403
67.3216
116.088
65.0273
82.2372
105.949
119.464
42.9369
142.641
65.2396
109.514
95.0511
99.0017
4.47573
84.4755
99.9993
136.705
137.751
91.7943
156.57
150.732
86.334
162.633
137.612
143.576
89.0299
154.294
119.552
186.237
91.2711
257.066
156.916
115.832
90.9587
103.663
158.617
286.124
31.172
353.037
47.3926
254.961
9.28588
376.101
92.3466
166.189
107.86
78.7346
169.069
130.992
70.7767
78.9303
104.782
75.6405
100.94
65.0045
113.681
80.4071
98.7694
114.297
73.0178
101.544
115.852
111.029
101.548
221.362
148.433
129.32
223.507
107.316
37.5387
222.744
140.955
119.78
75.7874
97.3312
36.4712
105.8
107.227
130.273
81.534
127.101
127.884
97.9777
129.863
80.9854
97.2789
62.1096
80.8699
69.6458
55.5095
63.2636
70.0464
57.6055
158.342
166.514
312.838
-88.1596
-373.177
396.816
127.185
145.482
186.213
60.9283
70.8028
51.2908
42.1279
47.5592
160.458
187.152
48.1768
54.0468
78.3175
76.8879
80.9939
119.23
433.297
66.6504
70.1027
208.047
242.744
213.444
120.147
158.399
102.355
114.866
131.767
64.9091
72.4098
82.214
93.0631
89.5337
91.4942
92.8284
84.3375
)
;

boundaryField
{
    inlet
    {
        type            calculated;
        value           nonuniform List<scalar> 
219
(
69.5923
96.5478
92.0991
83.9581
22.3423
111.161
88.1532
87.6877
104.038
99.4086
97.138
100.718
96.2843
85.1164
20.2912
102.95
80.5004
82.598
95.4118
115.63
93.3934
95.2802
90.6346
-2.93411
122.488
114.813
109.799
82.1389
100.288
112.612
125.848
117.249
73.3927
19.6705
106.949
105.526
107.688
97.5063
108.431
113.612
76.7928
94.6312
96.4613
96.6614
96.8673
89.2169
96.7464
93.3007
93.2956
101.496
102.071
98.5381
96.907
95.1418
99.4727
97.7193
97.5493
104.121
112.147
97.4035
102.799
100.933
94.19
100.931
97.9304
95.3531
88.5801
100.056
99.7708
94.7043
99.8935
100.961
98.2642
100.805
103.294
97.7579
93.6089
91.7178
101.039
97.4768
93.1683
102.466
86.7597
93.1739
102.961
101.865
95.8754
100.972
97.679
100.926
100.125
110.534
110.33
92.5461
102.09
103.819
102.294
96.3857
91.5894
97.4642
93.2469
87.7517
90.4893
82.9083
67.4122
101.672
92.4367
108.616
106.567
106.898
27.1159
106.881
86.2115
94.1196
99.1759
109.381
100.167
111.383
71.8971
94.2224
100.058
96.4822
80.985
114.711
103.885
102.602
84.507
124.719
85.3274
96.7695
111.246
124.181
112.738
99.7718
96.5093
113.386
92.5866
102.894
101.055
77.6432
83.3549
101.018
117.127
117.541
109.473
117.187
101.683
109.633
108.496
111.064
94.6791
105.973
101.305
73.1042
128.6
118.674
116.655
109.462
115.55
112.63
112.691
114.165
92.199
-15.378
58.2956
-165.824
80.1385
-4.77361
106.13
89.5404
103.01
121.331
122.167
-284.778
182.447
24.2252
110.356
116.677
116.87
117.693
-177.005
175.002
123.213
-24.2396
120.971
45.9716
79.7674
71.8484
118.958
126.662
131.165
132.324
126.775
182.695
30.3715
98.3321
106.186
98.4618
86.0877
132.623
134.438
117.511
124.352
127.062
63.0357
120.241
88.3442
78.7234
29.8037
37.6389
43.5355
-10.6734
77.5505
110.331
38.1258
-43.8239
65.2654
80.8848
94.922
)
;
    }
    outlet
    {
        type            calculated;
        value           uniform 0;
    }
    lowerWall
    {
        type            calculated;
        value           nonuniform List<scalar> 
1052
(
107.17
98.9561
95.7641
94.1242
20.1539
114.412
88.0947
91.392
101.028
102.824
98.8632
106.716
99.7789
95.9057
117.455
114.974
101.359
107.066
105.368
114.591
104.252
104.829
99.0534
102.126
120.545
84.8282
104.117
98.593
100.348
100.994
103.734
98.7116
95.915
106.472
98.7219
96.467
98.7177
95.1139
98.936
120.249
102.328
105.61
104.676
101.211
86.5942
92.8277
91.546
103.648
101.085
102.032
100.737
102.124
101.501
100.006
97.8182
97.8228
105.411
102.91
97.9621
100.653
98.745
98.814
99.2907
99.3174
98.2439
98.3048
100.805
98.8601
98.0544
99.2981
94.9553
94.8525
95.3916
94.9352
94.7431
95.0318
95.3203
94.9645
94.6861
95.0356
92.2169
92.1223
91.8078
91.6087
91.5547
91.6578
91.7207
91.7488
92.0609
92.242
89.5272
89.4749
89.3348
89.2405
89.1885
89.2347
89.2628
89.3122
89.4419
89.5266
86.9012
86.8715
86.7917
86.7269
86.6912
86.7064
86.737
86.7713
86.8556
86.9036
84.3169
84.2963
84.2443
84.2306
84.1874
84.1932
84.2167
84.2441
84.2981
84.3133
81.7665
81.7738
81.7323
81.7093
81.6969
81.6993
81.7302
81.7494
81.7716
81.7597
79.2673
79.2682
79.2493
79.2265
79.215
79.2209
79.2433
79.2549
79.265
79.2665
76.7852
76.7806
76.7746
76.7668
76.7691
76.7797
76.7818
76.7693
76.7884
76.789
74.3348
74.3371
74.3203
74.3209
74.3257
74.3362
74.3387
74.3461
74.3512
74.3376
71.9011
71.9002
71.907
71.9057
71.9168
71.9263
71.9273
71.921
71.9067
71.9045
69.4998
69.5167
69.532
69.525
69.516
69.5193
69.5282
69.5198
69.506
69.5061
67.1235
67.1505
67.1609
67.1382
67.1173
67.115
67.1198
67.1338
67.1293
67.1234
64.7726
64.7769
64.7739
64.7754
64.7737
64.7712
64.7606
64.7544
64.7639
64.7652
62.4256
62.4316
62.433
62.442
62.4445
62.4431
62.4322
62.4224
62.4167
62.4179
60.0993
60.1029
60.1053
60.1046
60.1032
60.1031
60.1021
60.0973
60.0922
60.0924
57.8041
57.7935
57.7859
57.791
57.7962
57.7978
57.7967
57.7947
57.8003
57.8035
55.4985
55.4982
55.4935
55.4955
55.4996
55.5106
55.5185
55.52
55.5159
55.505
53.2182
53.2056
53.2088
53.222
53.2302
53.2363
53.2419
53.2413
53.2449
53.2336
50.9543
50.9386
50.9338
50.9459
50.96
50.9742
50.9721
50.977
50.9767
50.9735
48.6979
48.6856
48.6761
48.6757
48.6857
48.6959
48.7023
48.7036
48.7004
48.7011
46.4374
46.439
46.4451
46.4515
46.4472
46.4404
46.4377
46.4355
46.4333
46.4355
44.1959
44.2036
44.2138
44.2082
44.1966
44.1894
44.1903
44.2021
44.1946
44.1927
41.9795
41.9819
41.9839
41.974
41.967
41.96
41.969
41.9754
41.9734
41.9752
39.7584
39.7733
39.7778
39.7782
39.7732
39.7668
39.7617
39.7572
39.7452
39.7487
37.5621
37.5759
37.5747
37.5696
37.5632
37.557
37.5438
37.5407
37.5416
37.5481
35.3942
35.3913
35.3708
35.3638
35.366
35.3564
35.3491
35.3527
35.3728
35.3878
33.2199
33.21
33.198
33.1928
33.1934
33.1945
33.2005
33.2073
33.2128
33.2189
31.0353
31.0375
31.0463
31.0537
31.0561
31.0591
31.0618
31.0602
31.0538
31.0405
28.8837
28.8898
28.9043
28.9214
28.931
28.9326
28.9269
28.9166
28.9087
28.8887
26.7838
26.7805
26.7799
26.7867
26.7971
26.8064
26.812
26.8119
26.8091
26.7967
24.7214
24.7062
24.6965
24.6929
24.6972
24.7076
24.7204
24.7338
24.7368
24.7317
22.6666
22.6494
22.6458
22.647
22.6495
22.6528
22.655
22.6614
22.6652
22.6679
20.6058
20.6049
20.607
20.6154
20.6207
20.622
20.6144
20.6089
20.6073
20.6056
18.5729
18.5788
18.5884
18.5919
18.5907
18.5848
18.5776
18.5731
18.5715
18.5718
16.5853
16.588
16.5875
16.5741
16.5614
16.5478
16.5387
16.5516
16.5592
16.5737
14.5998
14.6076
14.592
14.5741
14.5534
14.5402
14.5355
14.5491
14.5647
14.5787
12.5861
12.6062
12.6067
12.5938
12.5827
12.573
12.5706
12.5755
12.576
12.5769
10.6021
10.61
10.6197
10.6248
10.6215
10.6175
10.6134
10.6119
10.6082
10.6007
8.66504
8.65531
8.65175
8.65394
8.6551
8.6597
8.66158
8.66384
8.66491
8.66776
6.73061
6.7177
6.71055
6.71231
6.71903
6.73536
6.74165
6.74032
6.7331
6.73558
4.78912
4.78627
4.78696
4.79478
4.80792
4.83214
4.83245
4.82143
4.81012
4.79951
2.86851
2.86976
2.87194
2.87821
2.88647
2.89619
2.9019
2.90003
2.88718
2.87571
0.958933
0.958889
0.958857
0.953745
0.951625
0.954584
0.96391
0.968266
0.969359
0.958948
102.552
99.7605
100.34
101.271
100.254
100.346
100.408
99.8923
100.488
99.2035
98.4042
99.5757
98.5888
97.6555
98.0096
103.418
100.489
97.9649
93.3689
99.9522
101.291
98.994
97.8884
98.9998
106.059
100.707
99.4374
101.069
100.216
100.846
104.093
105.926
101.223
102.849
101.051
102.307
103.168
100.511
103.484
99.5962
99.5914
100.671
97.4672
98.1956
103.311
94.4412
101.449
103.601
113.882
22.6663
116.214
98.8056
97.9057
93.966
100.05
103.706
126.248
102.566
105.282
111.732
103.847
106.011
101.354
101.801
101.242
101.645
101.356
100.906
101.455
95.5171
115.374
99.0294
96.78
97.056
97.5962
102.775
99.221
96.8322
113.992
106.105
103.113
94.97
96.8116
98.2691
105.068
101.649
98.8597
107.839
103.842
103.709
99.0758
97.2474
97.3102
99.1208
96.9931
97.2679
99.39
96.33
97.0639
98.6991
95.6171
96.1791
98.0204
95.6913
95.5888
100.271
96.488
95.7888
99.924
96.4465
96.6045
97.7933
96.4589
96.3655
99.4693
97.1087
96.5688
99.3707
97.4464
97.3207
101.546
101.724
102.018
100.381
101.474
101.007
101.551
107.178
100.252
101.073
101.334
101.612
100.818
101.284
100.962
101.408
101.219
100.458
100.13
100.546
102.109
100.318
100.651
100.015
100.869
100.86
100.604
98.2764
99.2287
99.8405
98.737
98.8482
98.3479
99.4898
100.136
99.1506
97.2424
96.6494
98.7312
97.3766
97.0036
97.3658
97.7671
97.4015
97.5809
101.586
99.0906
101.24
99.1873
99.2689
101.016
97.6173
98.9862
98.9116
99.1478
107.092
124.676
101.616
103.18
99.7465
101.92
103.383
101.898
96.4663
102.988
106.146
98.5407
98.2159
98.7155
98.5633
98.047
98.3072
103.173
102.67
111.833
100.652
102.089
102.82
99.5742
101.36
100.04
101.645
103.189
104.779
101.094
102.399
101.331
102.674
102.77
100.7
99.0816
98.4408
98.2667
97.9216
97.9547
98.1059
99.0661
98.9942
98.34
101.006
100.101
99.9752
98.2912
98.4208
98.8503
98.1646
97.9382
97.7948
99.7898
99.1743
99.4052
98.9412
99.5421
100.763
98.5059
97.2855
98.0471
98.1834
98.2716
99.4785
96.8873
97.7584
97.9753
99.3349
98.3403
98.3219
110.068
97.1425
101.351
105.65
101.384
91.8158
109.12
104.268
97.1686
90.315
93.0114
79.986
93.6586
104.797
115.409
110.729
108.107
102.579
106.872
103.224
109.68
95.2861
93.8974
93.758
94.8286
93.6175
93.6158
97.192
97.5128
96.0743
95.5734
96.7425
96.947
113.923
83.3185
113.171
98.6493
97.7122
97.3404
96.2033
97.6201
97.8774
98.2248
98.4643
99.2529
96.5441
96.5137
95.5287
93.7065
97.7925
86.6156
107.992
91.5996
103.765
97.6766
111.778
89.5483
94.7592
93.6324
93.8605
95.2661
94.0108
93.9724
95.7635
96.5314
96.439
97.9163
97.8183
96.6349
94.0366
132.332
98.421
102.524
111.292
104.567
93.366
89.449
88.1128
96.7397
97.6663
97.2095
96.7798
96.6758
95.9639
109.434
84.4907
102.417
116.116
98.3056
106.076
100.723
93.1947
69.7315
98.451
98.2845
99.3835
99.3635
106.699
111.87
101.259
86.4736
105.746
108.399
76.8403
80.2611
142.279
94.2121
144.674
102.195
108.252
102.961
141.286
136.844
106.705
104.297
98.3109
94.538
98.7239
122.602
134.258
89.4294
194.239
85.3732
110.066
116.942
83.9004
99.3321
97.3201
103.545
127.346
103.604
109.247
94.6886
103.484
95.3922
94.157
86.1058
81.4735
86.2498
102.143
120.113
45.1552
121.368
55.6363
95.729
89.3277
102.516
91.6417
93.1595
115.975
164.131
126.797
74.0625
116.108
64.5843
93.1024
112.433
92.8625
94.5163
97.3618
100.316
100.321
81.4344
98.0173
93.7982
103.456
110.078
106.527
98.173
97.8829
100.42
96.0744
106.193
98.7002
102.051
89.4669
103.381
95.0601
93.9654
94.1734
117.839
100.506
108.845
106.471
117.13
107.813
96.4751
97.053
96.9551
101.67
118.33
125.462
97.5171
104.401
118.514
99.4708
103.836
102.37
120.372
109.379
117.513
96.5047
105.925
103.505
104.863
111.937
114.537
105.247
105.663
98.2907
103.563
102.732
99.6281
102.842
102.406
103.936
108.782
101.906
111.546
128.796
92.1575
99.9759
95.8354
82.5259
89.572
137.459
132.204
92.2096
93.9118
113.753
103.281
102.555
91.1469
81.4888
101.897
94.6186
108.776
103.337
95.4351
130.988
87.9841
89.2886
94.5753
95.227
97.3356
107.956
121.886
103.071
122.19
107.236
103.737
140.744
109.824
112.074
105.502
102.702
122.53
102.081
110.513
104.502
91.5007
110.103
112.73
103.386
95.7283
109.917
125.557
104.216
103.369
107.671
118.278
118.293
110.261
99.5085
107.066
106.706
97.1989
60.2522
94.6168
95.0895
93.9565
93.9217
206.742
51.9337
225.924
179.81
173.106
110.214
172.274
103.936
-7.65013
108.281
131.377
157.631
112.046
242.993
115.925
96.9249
96.5185
96.0479
98.4848
52.707
72.6932
105.298
76.4201
41.7818
)
;
    }
    upperWall
    {
        type            calculated;
        value           nonuniform List<scalar> 
1154
(
100.437
100.674
96.7759
79.031
118.526
114.158
102.2
98.9745
104.642
111.953
100.394
116.136
106.009
94.3369
113.419
123.481
98.1277
67.6146
89.0298
108.861
96.3323
108.303
99.3899
110.235
102.978
85.6892
96.0292
108.452
92.3189
115.355
105.987
114.189
132.608
103.177
110.051
111.986
91.5102
100.56
105.851
104.649
100.789
104.891
104.639
104.727
81.4511
97.5502
64.3348
106.971
104.83
109.985
100.695
103.171
101.475
100.115
97.6628
97.7837
103.716
100.508
99.5909
116.832
98.742
98.8172
99.2888
99.3382
98.2371
98.3091
100.786
98.8746
98.068
99.2954
94.9557
94.852
95.3927
94.9368
94.7429
95.0312
95.319
94.9643
94.6863
95.0359
92.2168
92.1222
91.8091
91.6086
91.5542
91.6572
91.7206
91.7492
92.0612
92.2419
89.5271
89.4744
89.3347
89.2397
89.1888
89.235
89.2627
89.3121
89.4419
89.5265
86.9014
86.8714
86.7916
86.7268
86.6911
86.7061
86.7369
86.7712
86.8555
86.9037
84.3171
84.2962
84.2442
84.2304
84.1867
84.1929
84.2166
84.244
84.298
84.3131
81.7661
81.7737
81.7322
81.7091
81.6966
81.6995
81.7301
81.7492
81.7715
81.7593
79.2676
79.2681
79.2492
79.2264
79.2149
79.2208
79.2432
79.2548
79.2649
79.2668
76.7851
76.7805
76.7745
76.7667
76.7691
76.7797
76.7817
76.7692
76.7883
76.7889
74.334
74.3367
74.3202
74.3208
74.326
74.336
74.3386
74.346
74.3515
74.3381
71.901
71.9001
71.9071
71.9056
71.9167
71.9262
71.9272
71.9215
71.9076
71.9044
69.4999
69.5169
69.5316
69.5246
69.5159
69.5194
69.528
69.5193
69.506
69.506
67.1237
67.1502
67.161
67.1381
67.117
67.1147
67.1197
67.1343
67.1293
67.1238
64.7724
64.7767
64.7738
64.7752
64.7738
64.7708
64.7607
64.7543
64.764
64.765
62.4254
62.4317
62.4323
62.4421
62.4446
62.4432
62.4321
62.4223
62.4166
62.4175
60.0994
60.103
60.1052
60.1045
60.1026
60.1029
60.102
60.0973
60.0923
60.0921
57.8039
57.793
57.7856
57.7909
57.7955
57.7974
57.7967
57.795
57.8003
57.8034
55.4982
55.4975
55.4934
55.4957
55.4997
55.5104
55.5185
55.5199
55.5158
55.505
53.2183
53.2055
53.2087
53.2211
53.2296
53.2363
53.2416
53.2413
53.2444
53.2336
50.9544
50.9383
50.9336
50.9455
50.9601
50.9741
50.972
50.977
50.9767
50.9732
48.6976
48.6852
48.6762
48.6759
48.6859
48.6957
48.7021
48.7041
48.7001
48.7009
46.4373
46.4389
46.445
46.4515
46.4471
46.4401
46.4379
46.4351
46.4332
46.4355
44.1955
44.2037
44.2138
44.2083
44.1959
44.1893
44.1907
44.2017
44.1949
44.1927
41.979
41.9823
41.9841
41.9738
41.9666
41.9606
41.969
41.9755
41.9736
41.9751
39.7584
39.7738
39.7774
39.7779
39.7732
39.767
39.7616
39.757
39.7451
39.7485
37.5621
37.5759
37.5743
37.5697
37.5632
37.5563
37.5435
37.5403
37.5414
37.5482
35.3942
35.3912
35.371
35.3637
35.3657
35.3561
35.349
35.3526
35.3734
35.3884
33.2197
33.21
33.1981
33.1928
33.1933
33.1954
33.2004
33.2072
33.2127
33.2187
31.0352
31.0374
31.0465
31.0537
31.0561
31.0592
31.0617
31.06
31.0533
31.0403
28.8836
28.8896
28.9043
28.9213
28.9309
28.9324
28.9266
28.9165
28.9087
28.8889
26.7836
26.7804
26.7794
26.7865
26.7975
26.8063
26.8119
26.8118
26.8093
26.7967
24.7214
24.7066
24.6965
24.6929
24.6971
24.7075
24.7203
24.7336
24.7365
24.7316
22.6666
22.6492
22.6457
22.647
22.6495
22.6527
22.6549
22.6613
22.6649
22.6678
20.6056
20.6047
20.6068
20.6155
20.6212
20.6221
20.6146
20.6089
20.6072
20.6055
18.5726
18.5788
18.5887
18.5919
18.5904
18.5847
18.5775
18.5729
18.5716
18.5717
16.5854
16.5882
16.5876
16.5738
16.5606
16.5469
16.5384
16.5516
16.5592
16.5735
14.6
14.6074
14.5913
14.5737
14.5535
14.5401
14.5354
14.5491
14.5646
14.5785
12.5862
12.6055
12.6063
12.5941
12.5826
12.5731
12.5706
12.5754
12.5757
12.5766
10.6021
10.6101
10.6197
10.6248
10.6212
10.6172
10.6131
10.6117
10.608
10.6006
8.66506
8.65532
8.65148
8.65385
8.65501
8.65961
8.66149
8.66375
8.66493
8.66777
6.73038
6.71735
6.71018
6.71207
6.71915
6.7353
6.74202
6.74026
6.73296
6.73522
4.78879
4.7862
4.78694
4.79472
4.80758
4.83214
4.8323
4.82136
4.81002
4.79934
2.86835
2.87002
2.87191
2.87807
2.88628
2.89532
2.90143
2.89999
2.88738
2.87579
0.958994
0.958642
0.958518
0.953305
0.951579
0.954512
0.963979
0.968162
0.969263
0.958865
100.343
99.7761
103.164
100.355
100.253
101.345
100.472
99.9004
100.433
99.5939
98.3491
98.9918
97.9935
97.6871
96.2794
97.9266
100.488
103.507
101.053
99.9352
91.9405
99.0202
98.1471
96.3153
99.4135
100.632
105.616
100.833
100.211
101.512
102.309
102.668
103.519
102.041
100.978
102.997
102.608
100.914
103.34
103.626
100.005
107.103
96.0223
95.7658
87.5714
101.229
97.9083
96.8342
89.5872
57.7879
113.413
94.5167
97.0985
93.762
76.6309
90.3081
102.52
108.931
105.312
114.625
101.718
102.763
102.699
101.707
101.45
102.008
101.477
100.906
100.962
100.887
101.361
101.663
97.4008
97.156
96.4219
97.2588
98.9969
99.4802
102.355
104.754
108.561
97.9779
96.6545
95.2217
98.5038
100.856
101.07
104.113
103.677
101.516
97.3098
97.2467
99.0801
97.2659
96.9943
99.1387
97.0642
96.3298
99.3665
96.1802
95.6166
98.7131
95.5882
95.6887
98.0154
95.7915
96.4874
100.282
96.6025
96.4472
99.919
96.3654
96.459
97.4668
96.5683
97.1088
99.4704
97.32
97.4465
99.3724
100.219
103.297
101.864
101
101.452
100.39
102.012
101.673
101.573
100.495
101.456
101.431
100.962
101.298
100.769
101.682
101.432
101.11
100.586
100.806
100.826
100.02
100.815
100.317
101.994
100.289
100.055
99.1942
100.018
99.8614
98.4251
99.2391
98.7609
105.27
99.3175
98.2547
97.5922
97.2649
97.7699
97.3626
96.8886
97.4134
95.1838
95.9693
96.6825
98.9587
99.072
97.6763
101.097
99.3575
99.2322
99.1756
99.2945
101.501
101.914
103.255
101.833
99.9111
102.943
101.562
122.254
106.438
99.4304
98.3179
97.9977
98.6786
98.3994
97.8707
98.6138
109.265
103.471
98.8484
100.02
101.268
99.5072
102.932
102.168
100.628
107.113
102.739
103.142
100.713
102.352
103.153
101.49
102.245
101.13
105.519
103.004
102.004
98.2486
98.4362
99.0915
98.1038
97.9535
97.9239
98.3482
98.9974
99.0811
99.9619
100.098
100.98
98.8442
98.4218
98.2868
97.8
97.933
98.1611
99.4086
99.1739
99.7926
100.757
99.5383
98.939
98.0438
97.2526
98.4899
99.4736
98.2663
98.1746
98.0231
97.7657
96.8742
98.3181
98.323
99.3385
87.0338
84.5544
94.3876
61.9073
92.7064
83.7712
107.575
78.2122
120.87
103.226
108.4
76.2766
112.339
91.8989
84.2618
94.2186
95.5408
102.042
106.753
117.284
110.75
128.373
106.84
118.297
93.7573
93.8967
95.2855
93.615
93.6166
94.8278
96.0761
97.5186
97.2097
96.9448
96.7374
95.5708
97.3419
97.714
98.6603
99.2423
98.4608
98.2217
97.8745
97.6153
96.2023
95.5292
96.5254
96.5508
93.8618
93.6335
94.7604
93.9712
94.0096
95.2649
96.4425
96.53
95.7631
96.6339
97.8174
97.9072
99.2419
108.457
108.379
105.132
100.208
98.0982
95.9652
96.678
96.7771
97.2082
97.6671
96.7402
97.9257
111.34
118.432
110.023
90.736
112.843
96.4361
51.6144
90.6465
104.502
106.118
104.203
80.2913
93.9627
97.0911
102.624
96.9632
107.76
105.39
134.547
101.694
73.697
134.142
81.3402
197.656
95.7724
96.8413
123.527
50.6319
113.28
107.464
147.145
115.906
106.126
104.985
103.592
113.023
121.105
125.741
149.381
98.2221
121.48
103.306
110.649
107.897
99.3601
98.2801
98.4492
92.7109
99.7613
134.098
116.9
113.387
116.227
128.966
109.861
92.5344
117.801
108.21
106.481
104.925
99.374
106.576
98.3059
103.99
98.9747
80.1401
-0.994707
308.725
101.19
98.0552
95.3285
86.4173
91.8965
101.443
112.79
96.609
96.5776
98.0419
99.465
98.0195
93.2291
105.552
106.892
91.3057
113.345
99.15
113.583
100.52
100.012
133.124
100.518
100.85
113.597
111.419
120.585
113.521
98.8569
96.4418
115.061
99.1262
98.1918
114.76
146.537
111.484
126.61
106.668
97.5988
96.6438
119.09
119.179
99.1
104.575
112.086
98.0598
96.2918
106.964
102.15
108.134
103.754
100.535
104.305
112.965
110.427
134.553
107.783
116.967
95.3906
94.4843
38.2428
6.35962
163.052
107.138
104.065
99.5247
112.506
132.581
100.754
94.9112
93.1824
109.723
80.9475
83.2727
87.7632
91.3709
82.8697
130.105
101.174
107.476
82.2
93.5138
102.363
93.2697
108.742
86.3193
113.554
105
113.648
97.7862
113.317
116.524
117.369
102.269
103.27
103.65
95.4285
80.7276
111.008
94.174
93.9661
95.0607
100.973
106.018
115.432
124.789
112.115
119.781
112.588
141.746
113
98.8449
93.3924
121.235
96.9542
97.0532
96.4751
106.387
115.99
97.3945
177.585
102.583
104.025
92.0517
95.0809
86.5979
127.49
39.3224
114.611
98.6799
93.7486
105.462
120.16
114.815
108.995
117.734
150.269
118.857
97.7046
103.482
102.701
93.9227
102.212
96.3669
115.484
76.6993
113.112
103.66
120.639
109.561
157.578
109.837
114.26
104.669
102.478
98.768
102.07
105.481
128.569
103.875
111.537
111.068
131.868
100.158
99.9809
109.865
102.033
106.405
107.275
104.199
102.059
103.94
97.2463
101.49
126.849
108.103
100.66
95.1697
98.0599
112.909
93.4879
79.2546
102.38
93.9219
93.9565
95.0896
102.723
101.477
121.062
108.247
114.724
79.008
111.557
119.158
120.898
124.546
106.471
112.167
156.107
124.065
27.6346
134.372
125.51
111.049
97.7467
163.886
161.553
118.521
78.1205
108.944
114.153
130.504
104.341
118.957
111.851
157.651
113.624
118.19
97.6079
121.297
122.879
162.579
109.287
87.1368
111.968
140.294
94.9915
84.1373
83.8392
113.338
95.9519
83.0948
112.587
107.864
97.0207
89.6308
62.9459
97.4214
89.2804
106.043
96.0474
96.5174
96.924
104.37
98.6264
147.647
106.147
123.94
50.8749
132.54
135.879
107.633
86.6061
110.612
161.653
106.456
114.062
114.023
119.78
107.227
75.7874
48.1768
76.8879
160.458
60.9283
42.1279
145.482
)
;
    }
    frontWall
    {
        type            cyclic;
    }
    backWall
    {
        type            cyclic;
    }
}


// ************************************************************************* //
