/*--------------------------------*- C++ -*----------------------------------*\
| =========                 |                                                 |
| \\      /  F ield         | OpenFOAM: The Open Source CFD Toolbox           |
|  \\    /   O peration     | Version:  5.0                                   |
|   \\  /    A nd           | Web:      www.OpenFOAM.org                      |
|    \\/     M anipulation  |                                                 |
\*---------------------------------------------------------------------------*/
FoamFile
{
    version     2.0;
    format      ascii;
    class       volScalarField;
    location    "3";
    object      p_rgh;
}
// * * * * * * * * * * * * * * * * * * * * * * * * * * * * * * * * * * * * * //

dimensions      [1 -1 -2 0 0 0 0];

internalField   nonuniform List<scalar> 
9011
(
101.964
97.2663
97.8279
102.193
102.667
101.717
96.3385
92.1847
89.7404
87.2809
84.8165
82.3524
79.8926
77.4616
75.046
72.6516
70.2724
67.9221
65.5958
63.295
60.995
58.7169
56.4679
54.2097
51.9761
49.762
47.5543
45.344
43.1523
40.9856
38.8154
36.6689
34.5514
32.4259
30.2912
28.1891
26.1397
24.1257
22.1197
20.1067
18.1219
16.1813
14.2445
12.2801
10.3423
8.45266
6.56633
4.67162
2.79857
0.935587
97.4977
97.8029
95.7985
96.1749
98.1178
97.2961
96.3066
92.5709
90.0326
87.4944
84.9649
82.4492
79.977
77.5156
75.0736
72.6778
70.2824
67.9432
65.6235
63.2997
61.0018
58.7193
56.458
54.2105
51.9673
49.7489
47.5438
45.3462
43.1595
40.9867
38.8288
36.6815
34.5474
32.4157
30.2944
28.1954
26.1351
24.1095
22.101
20.1059
18.1279
16.1862
14.2474
12.2958
10.3491
8.44278
6.55224
4.6683
2.79875
0.935217
97.1153
94.935
87.7932
98.4636
98.07
97.7054
97.2883
93.7025
90.2623
87.6935
85.0949
82.5226
80.0099
77.5451
75.0981
72.6779
70.3053
67.9722
65.6431
63.3004
61.0064
58.7241
56.4523
54.2069
51.9706
49.7437
47.5343
45.3521
43.1709
40.9925
38.8347
36.6814
34.5276
32.4041
30.3012
28.2095
26.1347
24.1003
22.0981
20.1084
18.1373
16.1845
14.2374
12.2967
10.359
8.43949
6.54661
4.66958
2.8013
0.935102
95.3943
99.2471
115.639
104.615
99.7366
99.1598
98.448
94.3821
90.5616
87.871
85.1907
82.6051
80.046
77.5571
75.1107
72.6907
70.3094
67.9676
65.622
63.3033
61.0141
58.724
56.4564
54.2084
51.9821
49.7542
47.5331
45.3579
43.1643
40.9808
38.8343
36.6771
34.5215
32.3988
30.309
28.2263
26.1406
24.0963
22.0984
20.1137
18.1431
16.1755
14.2192
12.288
10.3666
8.44271
6.54758
4.67705
2.8077
0.930426
94.9443
93.6106
107.619
111.087
107.426
100.914
99.1458
95.2289
90.6204
87.8639
85.1771
82.5724
80.038
77.5483
75.1122
72.6946
70.3204
67.9572
65.601
63.3039
61.0189
58.7242
56.4616
54.2126
51.9911
49.7695
47.5432
45.3528
43.1521
40.9716
38.8273
36.6667
34.5184
32.3973
30.3101
28.2352
26.1507
24.1009
22.1034
20.125
18.1415
16.1587
14.1998
12.2779
10.3643
8.44428
6.55491
4.69165
2.81663
0.928504
95.9268
101.465
100.008
106.413
102.106
101.169
99.1288
95.2395
90.3415
87.6815
85.0585
82.4988
79.9962
77.5276
75.1124
72.7
70.3252
67.9584
65.5972
63.2964
61.0195
58.7195
56.4622
54.2225
51.9969
49.7838
47.5538
45.3476
43.144
40.9619
38.8178
36.6598
34.5106
32.3989
30.3131
28.2369
26.1611
24.111
22.1062
20.1243
18.1351
16.142
14.1846
12.2664
10.359
8.44851
6.57127
4.71508
2.82711
0.931451
100.805
113.539
102.02
106.393
104.067
99.9934
97.7588
93.9707
89.7292
87.3201
84.8588
82.3844
79.9421
77.4984
75.0812
72.681
70.3139
67.9607
65.5958
63.2799
60.9927
58.7142
56.4578
54.2289
52.0011
49.7795
47.5591
45.3436
43.144
40.9751
38.8189
36.6499
34.5048
32.4057
30.3171
28.232
26.1662
24.1231
22.1074
20.1174
18.128
16.1414
14.1834
12.2663
10.3548
8.4503
6.57756
4.71502
2.83095
0.94047
102.85
98.7942
113.299
114.1
79.3234
94.1075
93.8467
91.9902
89.2157
87.0378
84.6791
82.2774
79.8769
77.4574
75.0342
72.6674
70.2943
67.9415
65.6037
63.2707
60.9861
58.7096
56.4562
54.2301
52.001
49.7853
47.5616
45.3427
43.1623
40.9847
38.8151
36.648
34.511
32.4131
30.3148
28.2202
26.1657
24.1358
22.1131
20.109
18.1227
16.1465
14.1945
12.2692
10.3532
8.45234
6.57584
4.7041
2.82921
0.944569
106.139
68.0501
106.449
93.9068
107.533
96.4339
94.4584
91.7866
89.1573
86.9841
84.6353
82.2505
79.8485
77.4367
75.034
72.6585
70.2718
67.9239
65.5965
63.278
60.9791
58.7027
56.4603
54.2253
52.0025
49.7844
47.5587
45.3415
43.1521
40.9801
38.802
36.6467
34.5255
32.417
30.3075
28.2108
26.1632
24.1415
22.1177
20.1079
18.1206
16.1592
14.2136
12.2709
10.3498
8.45397
6.56909
4.6934
2.81851
0.945722
113.583
95.3181
109.67
98.5858
106.054
106.372
96.2028
91.8951
89.5144
87.1134
84.7098
82.2792
79.8428
77.4445
75.0363
72.6473
70.2689
67.923
65.5917
63.281
60.9825
58.7066
56.4651
54.2151
51.9922
49.7802
47.5582
45.3425
43.1493
40.9807
38.8044
36.6535
34.5421
32.4253
30.297
28.1959
26.149
24.1346
22.12
20.1065
18.1209
16.1709
14.2307
12.273
10.3438
8.45752
6.57214
4.68213
2.804
0.935781
105.001
105.851
113.105
94.9429
99.723
98.5705
96.2941
92.1853
89.7403
87.2809
84.8166
82.3524
79.8925
77.4617
75.046
72.6514
70.2724
67.9221
65.5959
63.2949
60.995
58.717
56.4679
54.2096
51.9762
49.762
47.5542
45.344
43.1522
40.9856
38.8154
36.6689
34.5514
32.4257
30.2912
28.189
26.1396
24.1257
22.1196
20.1067
18.1218
16.1814
14.2446
12.2802
10.3423
8.45271
6.56626
4.67163
2.79853
0.935673
97.5022
96.6381
97.637
92.5011
96.6525
97.2461
96.1715
92.571
90.0325
87.4944
84.9649
82.4492
79.977
77.5156
75.0736
72.6776
70.2824
67.9434
65.6234
63.2996
61.0019
58.7194
56.4579
54.2105
51.9673
49.7488
47.5437
45.3461
43.1595
40.9867
38.8293
36.6815
34.5473
32.4157
30.2944
28.1954
26.135
24.1095
22.101
20.1055
18.128
16.1863
14.2474
12.2956
10.3492
8.44281
6.55213
4.66829
2.79894
0.935169
94.6624
91.3446
86.0382
100.229
101.98
97.5092
97.318
93.7036
90.2639
87.6933
85.095
82.5226
80.0099
77.5451
75.0981
72.6779
70.3053
67.9721
65.6432
63.3003
61.0062
58.7241
56.4522
54.2067
51.9706
49.7437
47.5343
45.3521
43.1709
40.9926
38.8345
36.6813
34.5276
32.4042
30.3013
28.2095
26.1344
24.1003
22.0981
20.1083
18.1374
16.1846
14.2371
12.2966
10.359
8.43946
6.54644
4.6696
2.80132
0.935081
95.3203
96.9524
102.629
100.077
101.176
99.202
98.4542
94.3782
90.5622
87.8701
85.1907
82.605
80.0459
77.5571
75.1106
72.6907
70.3094
67.9673
65.6219
63.3032
61.0141
58.724
56.4565
54.2085
51.9819
49.7541
47.5332
45.358
43.1644
40.9806
38.8342
36.677
34.5214
32.3988
30.309
28.226
26.1406
24.0964
22.0984
20.1138
18.1431
16.1753
14.219
12.288
10.3669
8.4427
6.54747
4.67704
2.80768
0.93029
95.5961
92.1497
105.731
110.375
107.824
100.436
99.1048
95.1973
90.6207
87.864
85.1771
82.5724
80.038
77.5483
75.1123
72.6947
70.3204
67.9572
65.6009
63.3041
61.019
58.7241
56.4616
54.2127
51.991
49.7695
47.5433
45.3528
43.1515
40.9715
38.8273
36.6667
34.5187
32.3973
30.3101
28.2351
26.1508
24.1009
22.1035
20.125
18.1414
16.1587
14.1998
12.2783
10.3642
8.44426
6.55484
4.69156
2.81653
0.928556
95.3217
101.54
100.399
106.264
101.961
101.172
99.1066
95.1931
90.3417
87.6817
85.0584
82.4988
79.9963
77.5275
75.1124
72.6999
70.3252
67.9585
65.5971
63.2964
61.0195
58.7194
56.462
54.2225
51.997
49.7839
47.5537
45.3474
43.144
40.962
38.8178
36.6593
34.5104
32.3989
30.3131
28.2368
26.1611
24.1109
22.1061
20.1243
18.135
16.142
14.1846
12.2664
10.3588
8.44849
6.57124
4.7151
2.82683
0.931417
99.0906
117.565
111.765
112.183
103.886
100.066
97.6636
93.9615
89.7296
87.3199
84.8588
82.3844
79.9421
77.4984
75.0811
72.681
70.3139
67.9606
65.5956
63.2799
60.9927
58.7142
56.4578
54.2289
52.0007
49.7794
47.559
45.3436
43.1441
40.975
38.8192
36.6497
34.5048
32.4058
30.317
28.2317
26.1662
24.1231
22.1074
20.1175
18.128
16.1413
14.1834
12.2663
10.3547
8.45028
6.57762
4.71506
2.83087
0.940592
102.847
98.0208
111.397
107.988
102.063
92.1609
93.8105
91.9854
89.2161
87.0377
84.6791
82.2774
79.8769
77.4573
75.0342
72.6674
70.2946
67.9414
65.6041
63.2706
60.9861
58.7096
56.4563
54.2301
52.0009
49.7853
47.5618
45.3426
43.1621
40.9848
38.815
36.6479
34.511
32.4131
30.3148
28.2202
26.1657
24.1357
22.1131
20.109
18.1224
16.1465
14.1944
12.2692
10.3531
8.45232
6.57583
4.70408
2.82928
0.944534
108.533
72.4198
101.314
133.932
116.233
95.0783
94.514
91.7842
89.1579
86.9839
84.6354
82.2505
79.8485
77.4366
75.034
72.6587
70.2719
67.9238
65.5965
63.2781
60.9791
58.7027
56.4604
54.2252
52.0025
49.7845
47.5586
45.3415
43.1522
40.9801
38.802
36.6466
34.5254
32.4169
30.3072
28.2107
26.1633
24.1413
22.1176
20.1078
18.1206
16.1593
14.2136
12.2708
10.3497
8.45392
6.56896
4.69338
2.81858
0.94572
111.472
100.213
109.994
109.242
103.728
98.7086
96.114
91.8957
89.5142
87.1134
84.7099
82.2791
79.8426
77.4445
75.0363
72.6475
70.2689
67.9229
65.5918
63.281
60.9824
58.7064
56.465
54.2151
51.9922
49.7804
47.5582
45.3426
43.1494
40.9806
38.8042
36.6535
34.5424
32.425
30.2969
28.196
26.1489
24.1346
22.1199
20.1065
18.1209
16.1709
14.2307
12.2729
10.3438
8.45758
6.57201
4.68211
2.80408
0.935771
107.453
97.4906
117.604
94.4577
100.005
98.7038
96.3453
92.1851
89.7403
87.2808
84.8167
82.3524
79.8924
77.462
75.0459
72.6511
70.2723
67.9221
65.5959
63.2946
60.9948
58.717
56.4678
54.2094
51.9761
49.7619
47.554
45.3439
43.152
40.9856
38.8154
36.6689
34.5514
32.4256
30.2911
28.1889
26.1395
24.1257
22.1196
20.1066
18.1216
16.1814
14.2446
12.2803
10.3423
8.45269
6.56613
4.67161
2.79843
0.93568
97.4806
96.6151
93.7017
92.401
94.5365
98.0531
96.1776
92.5704
90.0324
87.4944
84.9648
82.4491
79.9769
77.5155
75.0735
72.6774
70.2823
67.9435
65.6232
63.2995
61.0019
58.7194
56.4575
54.2099
51.9672
49.7486
47.5435
45.3461
43.1596
40.9867
38.8293
36.6815
34.5472
32.4157
30.2943
28.1953
26.135
24.11
22.1008
20.1054
18.1279
16.1864
14.2472
12.2952
10.3492
8.4428
6.55195
4.66824
2.79902
0.934977
93.9808
89.8721
88.2417
99.7776
98.5686
97.6091
97.312
93.7043
90.2636
87.6934
85.0948
82.5225
80.0098
77.545
75.098
72.6778
70.3052
67.9719
65.6431
63.3003
61.006
58.724
56.452
54.2066
51.9706
49.7435
47.5343
45.352
43.1709
40.9924
38.8341
36.6809
34.5277
32.4043
30.3012
28.2095
26.1343
24.1003
22.098
20.1082
18.1374
16.1846
14.2364
12.2963
10.359
8.43939
6.54627
4.66955
2.80129
0.934942
96.7169
97.3079
107.623
100.629
99.2367
99.2599
98.4194
94.3809
90.5615
87.8701
85.1906
82.605
80.0458
77.557
75.1106
72.6906
70.3093
67.9671
65.6218
63.303
61.0142
58.7239
56.4566
54.2086
51.9817
49.7538
47.5333
45.358
43.1644
40.9806
38.8341
36.677
34.5213
32.3987
30.309
28.2259
26.1404
24.0963
22.0985
20.1138
18.143
16.175
14.2188
12.2881
10.3669
8.44262
6.54737
4.677
2.80758
0.92996
95.0456
91.138
103.013
109.048
108.469
99.8648
99.1546
95.2022
90.6198
87.8643
85.1771
82.5718
80.0377
77.5482
75.1122
72.6947
70.3203
67.9571
65.6008
63.3041
61.019
58.724
56.4615
54.2127
51.9907
49.7695
47.5434
45.3527
43.1514
40.9714
38.8273
36.6666
34.5188
32.3973
30.31
28.2351
26.1507
24.1008
22.1034
20.1252
18.1413
16.1587
14.1998
12.2783
10.3642
8.44419
6.55498
4.69147
2.81646
0.928456
94.7241
102.108
96.4524
108.902
101.261
101.187
99.1054
95.2066
90.3409
87.6818
85.0581
82.4987
79.9964
77.5275
75.1124
72.6999
70.3251
67.9585
65.597
63.2963
61.0196
58.7193
56.4619
54.2223
51.997
49.7839
47.5536
45.3473
43.1439
40.9627
38.818
36.6592
34.5103
32.3997
30.3132
28.2367
26.161
24.1108
22.1061
20.1244
18.1349
16.1421
14.1845
12.2664
10.3587
8.44842
6.57126
4.71509
2.8264
0.931392
101.558
107.778
108.625
118.753
116.051
99.379
97.6307
93.966
89.7293
87.32
84.8587
82.3843
79.942
77.4983
75.0811
72.6809
70.3138
67.9604
65.5955
63.2799
60.9926
58.7141
56.4577
54.2288
52.0006
49.7793
47.5589
45.3439
43.1444
40.9751
38.8192
36.6495
34.5047
32.4057
30.3169
28.2315
26.1661
24.123
22.1073
20.1175
18.1279
16.1409
14.1834
12.2663
10.3546
8.45021
6.57766
4.71493
2.8304
0.940543
105.233
98.29
107.962
102.045
136.881
90.0132
93.8288
91.9856
89.216
87.0377
84.679
82.2773
79.8768
77.4573
75.0341
72.6673
70.2948
67.9411
65.6042
63.2705
60.986
58.7096
56.4563
54.23
52.0009
49.7853
47.5617
45.3425
43.1621
40.9847
38.8149
36.6478
34.511
32.413
30.3147
28.2204
26.1656
24.1357
22.113
20.1089
18.1223
16.1466
14.1943
12.2691
10.353
8.45225
6.57577
4.70404
2.82924
0.944461
105.265
129.615
110.33
125.817
96.7974
97.9024
94.5084
91.7849
89.1577
86.9839
84.6352
82.2504
79.8484
77.4366
75.0339
72.6588
70.272
67.9237
65.5966
63.2781
60.979
58.7028
56.4603
54.2252
52.0021
49.7844
47.5582
45.3414
43.1526
40.9802
38.8018
36.6465
34.5252
32.4169
30.3071
28.2107
26.1633
24.1412
22.1175
20.1078
18.1207
16.1594
14.2135
12.2706
10.3496
8.45383
6.56887
4.6933
2.81852
0.945628
70.8942
112.389
106.501
106.334
102.181
99.1492
96.1106
91.8954
89.5143
87.1131
84.7099
82.2789
79.8423
77.4444
75.0362
72.6478
70.2688
67.9228
65.5918
63.2809
60.9822
58.7063
56.465
54.2151
51.9923
49.7803
47.5582
45.3426
43.1495
40.9805
38.8041
36.6535
34.5427
32.4249
30.2965
28.1962
26.1489
24.1345
22.1199
20.1064
18.1208
16.1709
14.2306
12.2728
10.3437
8.45755
6.57183
4.68197
2.8041
0.935704
98.0327
97.3821
96.8094
98.5698
97.9329
96.8428
96.803
96.8883
97.3984
97.1924
97.1337
96.9256
97.3856
97.1975
97.4706
98.8147
98.2932
97.4845
97.4717
98.6802
98.2383
98.5906
99.6708
99.4882
99.17
98.5833
100.188
99.3979
99.2717
102.483
99.5319
100.602
99.3085
103.694
99.4342
99.3555
102.809
98.7446
101.117
99.3682
101.299
98.728
97.757
92.1757
94.5836
100.057
97.9095
93.5561
94.5798
93.3336
93.114
93.5904
92.5712
93.3384
90.6725
93.5966
94.3565
101.859
96.9063
96.0186
94.3575
100.527
96.9136
97.1511
92.337
98.2585
98.5512
97.1631
109.655
98.0958
97.9229
96.4973
96.8068
98.4743
97.8546
96.5088
96.7937
96.9337
97.3422
97.1969
97.314
96.9327
97.2487
97.1984
97.469
98.6917
98.2885
97.6117
97.4665
98.5678
98.2412
98.5907
100.334
99.2578
99.2192
98.5811
100.068
99.3542
99.3058
101.447
99.4424
100.201
99.2523
100.47
99.4454
99.3795
101.212
98.8439
101.17
99.3772
100.96
98.6951
97.9144
92.9389
94.5848
99.5616
97.7094
92.8721
94.5749
93.3273
90.6393
93.6012
91.3757
93.3829
95.1159
93.6041
94.3577
99.2386
96.9274
95.1621
94.3596
98.5143
96.9915
97.1679
109.018
98.1279
99.239
97.1703
101.969
98.1134
97.8611
96.548
96.791
99.0498
98.0075
96.6443
96.8138
96.9285
97.3157
97.1987
97.355
96.8832
97.3803
97.1927
97.4648
98.5535
98.3666
97.5968
97.4597
98.5989
98.2834
98.6492
102.976
99.2325
99.2882
98.5925
101.36
99.3182
99.2843
100.203
99.4576
99.7272
99.2557
99.9929
99.4541
99.3791
100.939
98.8412
101.322
99.4158
101.46
98.7182
97.7346
92.8472
94.5787
99.425
97.6967
91.6789
94.5942
93.4435
92.9906
93.6056
92.9342
93.3423
92.0927
93.6016
94.3614
100.098
96.9678
95.1554
94.3628
98.786
96.935
97.1707
101.865
98.0644
100.909
97.1438
101.968
98.3064
101.137
96.7095
114.94
99.7169
98.9635
96.4658
97.7805
97.785
97.5463
97.506
99.9323
97.6723
97.7929
98.0271
94.0911
96.1169
94.1641
96.2951
94.0999
96.0515
94.1729
95.1795
97.5445
98.6888
100.175
97.7679
97.5794
97.0757
96.5588
96.7811
96.9205
97.1909
96.8674
96.857
96.5955
94.4383
96.9834
94.744
96.1824
94.447
97.0194
94.7516
97.7536
107.232
99.9558
98.9614
98.59
104.753
97.8679
97.7572
97.3694
101.439
97.5601
97.4051
99.4947
97.7611
94.9161
98.0837
95.441
97.3157
94.927
98.0473
95.4401
99.6388
100.684
100.753
100.274
99.4035
101.21
101.1
100.868
98.903
100.345
99.3994
99.1864
100.982
101.341
95.75
99.2457
96.9248
98.4644
95.7534
99.1773
96.7871
108.621
102.151
112.93
106.963
106.206
101.356
113.034
100.254
99.8318
104.294
100.798
99.7988
103.138
100.679
97.4128
99.2627
98.0541
99.1799
97.3399
99.1341
97.9075
102.436
108.827
104.295
101.539
102.034
110.067
101.215
100.642
100.156
101.528
101.085
100.146
100.906
100.64
97.8275
98.3732
96.5814
99.2289
97.7102
98.3554
96.4382
96.9386
82.0795
99.5359
103.891
122.876
81.4664
87.7248
97.7035
98.8848
97.9537
99.9749
98.6974
98.248
97.3721
95.5358
94.9826
93.5103
97.6755
95.4034
94.9846
93.5204
106.902
106.291
90.4381
104.506
108.912
101.802
88.2138
90.7028
91.4439
102.268
93.7864
91.6098
94.5421
94.7065
92.8647
93.9443
92.4984
93.8205
92.8609
93.9407
92.5046
106.815
106.689
99.2427
118.264
99.5757
107.062
101.61
94.2722
94.8379
95.328
96.6204
94.7885
96.148
95.2187
92.9061
96.2387
93.4259
94.5084
92.5806
96.1027
93.424
101.419
105.378
98.2251
105.196
103.239
104.833
100.713
98.1089
97.8045
98.6395
104.567
97.7929
98.7497
98.1037
93.6682
96.2748
94.0076
96.1226
93.6763
96.2186
94.016
99.534
96.3517
96.9965
99.4856
97.9752
96.2218
97.1397
97.8613
97.7062
98.3872
98.6367
97.8559
97.2862
97.8725
94.0988
96.0469
94.1719
96.3243
94.0987
96.0567
94.1717
95.8458
97.6607
97.063
97.664
95.9908
97.9531
96.9214
96.5883
96.6478
96.6774
97.2532
96.5241
96.6954
96.7892
94.446
97.0292
94.7492
96.1694
94.4457
97.03
94.7485
98.2394
107.281
98.3594
102.582
97.8096
109.896
103.775
97.7356
97.4239
103.27
97.5831
97.9476
97.4627
99.5406
94.9256
98.0383
95.4369
97.3136
94.9257
98.0314
95.436
99.8978
101.55
100.283
99.0304
99.5954
101.233
100.868
100.176
99.0136
101.176
99.2146
99.7945
98.9747
101.539
95.7506
99.1724
96.7746
98.5185
95.7514
99.1829
96.7703
105.877
100.879
119.676
107.985
94.2137
115.739
93.3435
100.221
99.8045
101.136
100.322
100.213
99.7664
100.986
97.3201
99.3411
97.9489
99.1154
97.3079
99.2446
97.9466
101.523
102.925
100.944
101.586
102.132
100.764
100.532
100.637
100.145
101.388
101.23
100.655
100.191
101.424
97.7618
98.3586
96.4351
99.1054
97.7605
98.4172
96.4265
121.86
75.3813
86.6761
104.679
103.821
80.1122
86.401
97.5315
99.2403
98.2224
99.6245
97.5228
99.1621
98.3153
95.3908
95.0159
93.5184
97.6497
95.3906
94.9801
93.5185
83.0466
101.902
84.031
143.627
73.4364
93.9503
69.174
90.5487
91.7683
90.7292
96.5171
90.3876
91.5238
94.7851
92.859
93.9446
92.5023
93.8208
92.8601
93.9456
92.5026
98.0897
108.391
101.315
119.793
107.781
105.119
102.452
95.6633
94.8526
99.1517
95.2896
95.7543
94.8905
99.1148
92.5795
96.0823
93.422
94.5161
92.5791
96.0207
93.4217
100.752
104.248
97.4961
103.267
96.977
106.712
102.013
98.3676
97.7816
99.2825
98.745
98.4715
97.7875
99.4751
93.6746
96.2169
94.0149
96.1058
93.6745
96.2287
94.015
98.2173
96.1591
95.6992
103.473
100.376
97.0621
95.6467
97.8608
98.0952
97.6397
98.8691
97.799
97.6588
98.1135
94.0998
96.0593
94.1725
96.325
94.0908
96.1201
94.1635
97.7306
97.9024
96.736
96.5368
99.535
102.614
99.4667
96.865
96.7734
97.7184
98.6163
96.6484
96.7894
98.3607
94.4459
97.0254
94.7512
96.3057
94.4365
96.9791
94.7447
97.5681
98.1478
101.138
98.1937
99.4151
99.7214
98.2721
97.9072
97.5606
97.1804
97.6096
97.8592
97.5372
96.7551
94.9277
98.0431
95.4389
97.2795
94.9167
98.0639
95.4391
99.5448
101.329
100.015
99.3994
99.5475
101.321
100.044
99.398
98.9059
101.436
99.1216
99.4923
98.9122
101.556
95.754
99.1743
96.7857
98.4849
95.7502
99.2214
96.8975
96.1834
103.835
94.4765
113.537
96.5764
104.198
95.7934
100.296
99.7036
100.089
99.7205
100.215
99.6512
100.169
97.318
99.2767
97.9275
99.1529
97.4343
99.2717
98.0363
101.965
101.187
99.7722
101.946
101.25
102.371
101.467
100.585
100.29
101.487
101.331
100.59
100.308
101.75
97.7159
98.4603
96.4393
99.1329
97.828
98.4479
96.5667
102.207
84.7944
91.243
116.531
102.257
131.451
88.1369
97.5948
99.1987
103.726
99.3594
97.6563
99.233
101.713
95.4059
95.0238
93.5207
97.6268
95.537
95.0189
93.5102
84.4275
92.3879
86.7111
133.179
80.5706
172.612
86.2857
91.0051
91.4512
88.9248
90.1278
90.7601
91.5775
89.7673
92.8619
93.9412
92.5052
93.8576
92.8665
93.9375
92.4982
102.958
105.177
100.206
106.16
102.634
118.071
99.902
95.0669
94.9461
99.1511
95.5545
95.3535
94.981
101.342
92.5802
96.0478
93.4236
94.4578
92.9061
96.1612
93.4258
98.44
105.702
101.223
104.965
100.343
108.871
100.619
98.3077
97.799
99.9906
99.2637
98.2654
97.8083
100.771
93.676
96.247
94.0163
96.1981
93.6676
96.2777
94.0079
97.3776
97.5868
98.0691
97.928
97.9497
97.3891
97.5722
97.8203
104.135
97.0507
96.7644
98.14
96.478
100.424
97.1496
97.1408
96.6784
96.8006
97.1403
96.6828
97.1889
97.7747
101.455
97.7001
98.6493
97.218
97.8023
97.862
97.3739
97.9237
97.5726
97.8869
97.8982
97.3785
97.5633
97.7319
96.4661
101.635
96.5374
97.7955
96.2297
97.2872
97.1481
96.7997
97.1433
96.6871
97.1287
96.6845
97.1598
96.5391
96.698
96.7131
96.9086
96.7073
96.7327
96.5296
97.4215
97.2026
97.3995
97.3537
97.2121
97.25
97.8128
96.8493
97.0175
97.1951
97.1994
97.0241
97.1999
97.0175
96.5212
97.1114
96.5868
96.6935
96.5744
96.8148
96.5439
96.5412
96.9239
96.7017
96.7492
96.7059
96.7446
96.5333
97.4911
97.36
97.4957
97.1219
97.2436
97.0875
97.8035
96.8229
97.1972
97.0194
97.1802
97.0372
97.238
96.8613
97.9387
97.4479
97.7982
97.4731
97.4498
97.7712
97.9162
98.2139
97.9038
98.4194
98.8517
98.0915
98.3455
98.2403
98.3262
98.2182
98.4486
98.2799
98.1884
98.4473
98.4257
97.7545
97.5197
97.4043
99.3112
97.3845
99.3174
97.7275
97.8966
97.4724
97.4732
97.7727
97.4792
97.7945
97.8911
98.1314
98.7709
98.5306
98.3102
98.0842
98.3457
98.1054
98.4117
98.3475
98.1655
98.4461
98.2304
98.4518
98.3875
99.2021
98.4502
98.9639
98.5978
98.6233
98.9836
99.1917
99.6318
100.884
99.9097
99.737
100.869
99.9298
99.624
99.3395
99.0743
99.479
99.4379
99.09
99.4752
99.3447
99.7467
99.3071
99.133
100.918
99.5641
100.784
100.954
99.1865
98.5827
99.0438
98.9599
98.5313
98.9637
99.2832
99.6256
102.301
101.233
99.9076
101.166
100.164
99.6329
99.2683
99.4329
99.0554
99.5174
99.1786
99.5378
99.285
99.654
99.5721
99.5448
99.2759
99.5543
99.5535
99.8076
99.8693
101.499
100.279
103.292
101.317
100.244
99.8474
99.691
99.3099
99.9154
99.5095
99.2918
99.8449
99.7103
100.708
100.807
99.8135
103.498
99.8081
103.441
100.472
99.6702
99.3428
99.5239
99.4428
99.5798
99.7242
99.6571
100.118
101.023
100.761
100.284
101.281
100.269
99.7521
99.695
99.6693
99.2635
99.8308
99.4101
99.8434
99.6767
99.9925
99.8223
99.37
99.344
99.7939
99.3775
100.054
100.797
103.345
100.207
103.792
101.848
100.128
100.829
99.7883
99.1076
99.3294
98.7628
99.1099
99.3267
99.7947
100.648
101.076
100.133
101.246
100.132
101.115
100.644
99.9927
99.5044
99.8072
99.3833
99.803
99.5154
99.9939
100.86
101.454
102.18
100.024
101.999
100.099
100.802
99.7785
98.7255
99.1108
99.3201
99.1102
99.3485
99.7761
97.5105
98.425
96.8464
97.7835
98.2597
96.8578
97.1343
94.2609
98.1002
93.226
92.1994
96.7706
93.2147
95.2692
94.9214
95.379
93.8408
94.5843
95.3989
93.8201
95.0307
97.4012
99.9378
99.8198
98.5353
98.8595
97.8575
97.387
96.7272
97.7097
98.0673
96.8482
98.1877
96.8753
96.7095
94.5706
99.8404
99.7402
93.2449
96.9839
93.2152
94.6714
94.9076
94.6132
95.3915
93.8129
95.4326
93.818
94.9556
92.5465
92.6966
93.2799
93.3402
92.7551
93.2029
93.4356
91.2534
93.367
92.4647
92.4176
86.2256
91.759
91.168
92.4235
92.8183
92.9561
93.59
92.8144
92.9758
91.9535
90.4568
93.6049
91.2321
91.8667
91.2124
88.3533
90.7627
92.4554
93.3903
92.6403
93.0851
92.6572
93.2903
92.6388
91.5343
96.535
92.8498
92.0295
92.9458
91.9007
91.223
91.9803
93.5966
92.8091
92.9994
92.8001
92.9951
92.8354
96.0637
94.5869
95.3647
94.3583
94.5872
95.3665
95.9615
96.3551
102.919
97.8782
105.449
103.756
97.5545
97.377
96.3019
95.7491
97.6314
96.9211
95.719
97.6382
96.229
95.8872
96.2666
94.8239
98.9444
94.8108
97.3228
95.4842
95.4581
94.3575
94.5841
95.3706
94.5839
95.3689
95.4893
96.3535
103.165
106.769
97.5856
108.801
97.6143
96.38
96.0566
96.9116
95.65
97.6411
95.6551
97.6395
96.0557
98.0739
97.9047
97.7879
97.1596
97.9011
97.7886
98.0622
97.8618
90.9012
97.1226
90.3777
92.2975
97.8045
98.0654
97.9776
98.0383
97.8137
98.0693
98.0007
97.9606
97.7593
98.0781
108.776
97.6633
99.1594
97.893
104.214
98.0917
98.0731
97.1623
97.886
97.788
97.8917
97.7891
98.0724
98.0663
90.1921
113.489
97.6313
97.2789
98.1702
97.1646
97.984
98.0427
97.9361
97.8186
97.9627
97.9791
97.7679
97.4079
97.5775
97.9271
97.9243
97.4075
97.9201
97.5858
97.2802
98.4018
96.6314
96.5582
97.4046
98.5032
96.4636
97.174
97.0695
96.6905
96.8061
97.1561
97.0591
96.6924
97.8519
98.8338
97.9911
97.5515
98.0651
97.8107
97.9838
97.4102
97.8914
97.5741
97.9359
97.9158
97.42
97.5765
97.7754
96.5174
98.5075
96.4279
98.5512
96.4155
97.6825
97.167
96.8013
97.0298
96.6943
97.0233
96.6925
97.1767
96.5367
96.6991
96.7617
96.9366
96.5321
96.6985
96.7673
97.5345
97.1602
97.2007
97.3099
97.8015
97.0623
97.3252
96.8911
97.015
97.1813
97.1968
96.9138
97.026
97.1912
96.6345
97.2732
96.8021
96.9162
96.82
96.8214
96.6525
96.5386
96.9342
96.7004
96.7664
96.6986
96.7685
96.543
97.4804
97.295
97.0242
97.103
97.0508
97.1924
97.4675
96.8907
97.198
97.0275
97.1858
97.0302
97.1818
96.8928
97.8676
97.4903
97.7723
97.4674
97.8757
97.4775
97.7643
98.2392
100.5
98.2971
98.7608
98.422
100.484
98.6621
98.4534
98.2688
98.4464
98.2665
98.4266
98.1085
98.5413
97.8446
97.622
97.5044
96.8586
97.5725
99.6165
97.8545
97.8703
97.4675
97.4371
97.7531
97.4559
97.7623
97.8763
98.1188
98.6957
98.9208
99.6823
98.7167
98.645
98.0726
98.4694
98.2645
98.1244
98.552
98.1145
98.4747
98.4613
99.2724
98.9287
98.9629
98.5898
99.2973
98.7948
98.9658
99.8452
101.537
99.9113
100.334
99.7447
102.116
99.9167
99.2923
99.0723
99.488
99.2529
99.2955
99.0922
99.4803
100.931
99.2299
98.9113
101.51
98.9649
101.539
99.4695
99.1834
98.5721
98.7981
98.9194
98.8009
98.941
99.1886
99.7808
100.339
101.679
99.923
101.573
99.918
99.9712
99.3025
99.4131
99.0295
99.5038
99.0777
99.4976
99.3366
99.6582
99.521
99.4784
99.2586
99.6634
99.5275
99.4391
99.7586
101.41
100.351
101.117
99.7456
101.45
100.326
99.7194
99.2486
99.8335
99.4362
99.6778
99.264
99.8551
100.233
100.176
99.6813
100.265
99.7162
100.726
100.219
99.6591
99.2946
99.508
99.4486
99.5197
99.4776
99.6694
99.7615
100.81
101.135
100.366
101.496
100.356
99.762
99.6886
99.4359
99.266
99.86
99.2578
99.8571
99.6896
100
99.8119
99.3902
99.3752
99.9955
99.8085
99.3757
100.748
102.071
100.092
101.142
100.883
101.979
99.9718
99.7636
99.0863
99.3111
98.797
99.7822
99.088
99.3353
100.624
101.198
100.306
101.497
100.326
101.46
100.615
100.001
99.3746
99.8149
99.3851
99.8102
99.3784
100.017
100.844
101.229
102.127
100.053
102.021
100.006
100.592
99.7524
98.7119
99.0935
99.2948
99.098
99.3145
99.7622
96.7285
98.2417
96.9204
97.7577
96.7361
98.1341
96.8622
94.6785
95.2327
93.2125
92.7142
94.6581
95.3631
93.3023
94.9408
95.3973
93.8231
94.567
94.9462
95.3944
93.8299
97.5733
99.6052
99.1929
97.9738
99.1716
98.4116
97.6652
96.7964
97.6181
98.0627
96.888
98.1617
96.8954
96.8163
94.6447
92.0574
94.6376
93.8521
94.9104
93.2654
94.6855
94.9926
94.5753
95.3586
93.8747
95.4092
93.8207
94.9655
92.0603
92.6752
93.0844
93.3436
92.3996
92.6258
93.0949
91.44
89.6221
92.0237
90.0888
91.2875
90.7409
92.0002
92.8636
92.8135
92.991
93.6003
92.7648
92.8216
93.0302
90.9822
92.2552
91.3901
89.227
91.4508
97.2956
90.833
92.0797
93.344
92.6663
93.139
92.6231
93.142
92.2943
91.4725
89.8405
101.72
92.0457
89.7774
92.0471
91.4968
93.1152
93.6036
92.8104
93.0371
92.8104
93.0374
91.9857
95.7394
94.595
95.3734
94.3566
95.7244
94.5978
95.3744
96.7383
107.992
97.3811
99.1575
96.6871
108.854
97.3859
96.6164
95.5878
97.6438
96.9546
96.4365
95.6956
97.6436
95.8639
95.3137
94.9406
99.1779
94.9325
100.082
95.1856
95.7621
94.3581
94.5984
95.3704
94.602
95.3747
95.7255
98.9467
98.8685
108.91
97.5272
108.836
97.4886
97.2939
96.5972
96.9808
95.7569
97.6422
95.8925
97.6402
96.5099
98.0733
97.8832
97.785
97.1698
98.0707
97.8831
97.7849
97.9023
104.621
98.1207
102.729
97.8234
104.039
98.2222
97.981
97.929
97.8494
98.1272
97.9791
97.9249
97.8514
98.4906
98.9097
97.7924
99.7281
97.7892
99.5892
98.3196
98.0696
97.1696
97.8866
97.7793
97.8844
97.7781
98.0678
98.0754
102.879
106.359
98.3527
103.912
98.2385
98.2978
97.9793
98.1306
97.9197
97.8593
97.9164
97.9767
97.8667
97.3759
97.5886
97.9207
97.9072
97.3994
97.8932
97.5968
100.263
98.4905
96.5028
96.8155
98.0647
98.5693
96.4491
97.2416
97.0548
96.6934
96.7966
97.2054
97.1072
96.6945
97.9945
99.2425
98.2087
97.8848
97.6534
97.8962
98.1283
97.3942
97.9544
97.5726
98.0671
97.9618
97.4064
97.5905
99.1909
96.6266
98.8035
96.5418
98.4982
96.4105
98.3653
97.2217
96.8047
97.0727
96.6888
97.0831
96.6954
97.2329
96.5579
96.7024
96.7603
96.9198
96.5469
96.7049
96.7483
97.4628
97.3645
97.189
97.2158
97.4994
97.3837
97.1589
96.9464
97.0233
97.1742
97.1994
96.9641
97.0097
97.1807
96.5961
97.6944
96.7932
97.314
96.7831
97.6318
96.6774
96.5656
96.9039
96.702
96.7153
96.7075
96.7338
96.564
97.4638
97.6886
97.9877
97.3346
97.4985
97.1588
97.6517
96.9665
97.1996
97.03
97.2319
97.004
97.1933
96.9548
97.8931
97.4179
97.7657
97.4634
97.8866
97.4316
97.7551
98.2507
98.2194
99.6428
98.6389
98.0556
98.2518
99.1813
98.4188
98.062
98.4929
98.2814
98.471
98.0894
98.4787
97.8547
97.5956
97.5427
96.9092
97.5509
96.9109
97.8346
97.9125
97.4625
97.4459
97.755
97.456
97.7555
97.9067
98.2025
98.6022
97.2849
99.1658
97.2533
99.1134
98.7829
98.4617
98.2766
98.042
98.4703
98.0934
98.4561
98.4447
99.2015
98.7928
98.9752
98.5852
99.1989
98.8577
98.9511
100.464
102.844
99.9542
101.653
100.093
102.167
100.174
99.3778
99.0915
99.5021
99.2725
99.3999
99.069
99.5036
99.3702
99.1424
98.8909
101.738
98.9167
101.717
99.3366
99.2103
98.5836
98.975
98.9557
98.8677
98.9521
99.2086
99.2307
102.142
101.11
100.11
102.18
100.072
99.8969
99.3796
99.3425
99.0755
99.5492
99.064
99.5019
99.3757
99.6521
99.5713
99.4839
99.2552
99.6504
99.5152
99.4657
99.8576
101.302
100.361
100.083
99.8038
101.488
100.371
99.7174
99.357
99.8703
99.4489
99.6898
99.2547
99.8719
100.103
99.9119
99.7731
100.326
99.6417
100.013
100.209
99.6839
99.242
99.5358
99.5222
99.5266
99.4676
99.8006
99.8544
100.207
100.231
100.351
100.182
100.339
99.8651
99.705
99.451
99.2936
99.8729
99.2565
99.8727
99.6985
100.009
99.8167
99.3776
99.3856
100.002
99.8201
99.3918
100.511
102.17
100.043
101.058
100.547
102.278
100.11
99.8053
99.1126
99.2965
98.7597
99.7982
99.1081
99.2809
100.792
101.182
100.345
101.614
100.363
101.55
100.698
100.229
99.3903
99.8462
99.4016
99.8259
99.3907
100.154
100.75
101.33
103.171
100.138
103.757
100.008
100.644
99.8004
98.7133
99.1107
99.2808
99.1104
99.2787
99.8045
96.9022
98.1635
96.8957
97.7826
96.8927
98.124
96.8756
94.6525
94.3805
93.3613
95.2028
94.6836
94.179
93.3082
94.9668
95.3913
93.8072
94.57
94.9589
95.3665
93.813
97.6394
99.3059
99.3592
100.242
99.4322
100.374
98.0594
96.9106
97.8056
98.1175
96.9281
98.1413
96.8861
96.9171
94.6605
92.5161
94.28
93.3804
94.2663
93.3299
94.7048
94.9689
94.5773
95.3821
93.8413
95.3712
93.8156
94.9955
91.9229
92.6365
93.1288
93.3511
91.9588
92.6411
93.1702
91.5137
95.1672
91.9971
91.8283
91.5384
95.2745
92.0705
92.395
92.8396
93.0599
93.6015
92.4048
92.8197
93.0713
91.0987
94.7211
91.6246
90.365
91.6331
89.7607
91.4105
91.9014
93.3323
92.6627
93.1481
92.6562
93.1159
91.9167
91.548
91.9621
93.5304
92.3648
94.0998
92.4215
91.7989
92.4347
93.6009
92.8442
93.0752
92.8224
93.0754
92.7426
95.6805
94.603
95.3641
94.362
95.6744
94.6036
95.3647
98.3828
109.384
97.9319
98.6668
100.334
118.984
99.006
96.4512
95.8944
97.6391
96.957
96.7068
95.8442
97.6504
95.0929
94.9398
94.9944
96.3847
94.9813
98.2188
95.1203
95.6829
94.3639
94.718
95.3639
94.6046
95.3673
95.7105
102.304
98.4591
90.9572
98.5705
80.3325
99.7529
99.7415
96.4938
96.9589
95.8308
97.6602
95.7543
97.6735
96.5476
98.0672
97.8907
97.7897
97.1697
98.0674
97.8931
97.8023
98.193
102.284
98.4087
101.25
98.2369
102.379
98.6416
97.9741
97.9414
97.8301
98.0654
97.9702
97.9737
97.817
98.3345
100.529
97.9874
100.83
97.8382
100.661
98.3809
98.0665
97.1617
97.8841
97.8082
97.8928
97.8066
98.0651
98.2691
101.548
102.459
98.6021
102.339
99.3349
98.616
97.9672
98.1122
98.0558
97.8938
98.0054
97.946
97.8221
98.8106
98.4408
98.7817
98.6418
98.4042
98.4168
98.634
99.2195
99.11
99.2175
98.9982
98.8436
98.8358
98.9945
99.0741
99.1011
99.0705
98.7901
98.788
98.7564
98.7618
96.8166
97.6148
96.799
96.7804
97.2423
97.2442
96.7728
98.7423
98.4614
98.7167
98.6358
98.4251
98.6372
98.4256
99.1979
99.1323
99.234
98.9779
98.8393
98.9795
98.844
99.0373
99.1149
99.0876
98.7341
98.817
98.7368
98.8399
96.8048
97.6368
96.8047
96.7734
97.2405
96.7737
97.2382
98.658
98.4722
98.861
98.6395
98.4221
98.6389
98.4192
99.2007
99.2082
99.2304
98.9716
98.8396
98.9795
98.8564
99.0706
99.1088
99.0825
98.7037
98.8022
98.7522
98.8067
96.7863
97.6163
96.7918
96.7777
97.2444
96.7756
97.2414
98.9034
99.2247
98.8914
98.7272
98.8922
98.893
98.7197
98.4497
98.8437
98.796
98.6414
98.4247
98.4214
98.6383
99.2614
98.8048
98.997
98.7267
98.8925
98.8976
98.7232
99.2329
99.2435
99.2083
98.9216
98.925
98.9137
98.8841
99.1135
99.2602
99.2062
98.9815
98.8536
98.8354
98.9755
99.3362
99.1434
99.2757
98.9739
98.9741
99.0161
98.8798
98.7957
98.3422
98.7592
98.429
98.0485
98.0488
98.4137
99.0974
99.1506
99.0647
98.7434
98.818
98.7786
98.7265
98.4515
98.7768
98.8306
98.4226
98.0543
98.0649
98.399
95.5868
94.9697
95.5931
95.7715
95.4164
95.433
95.7633
97.6319
96.8114
96.8027
96.7774
97.2375
97.2422
96.7759
95.0112
95.6039
95.6787
95.7687
95.4438
95.4399
95.767
98.9445
99.3067
98.9167
98.7214
98.8917
98.7226
98.8905
98.4527
98.7251
98.7605
98.6365
98.4256
98.4259
98.637
99.3379
98.8581
98.8569
98.7213
98.8923
98.8913
98.7227
99.3044
99.2131
99.1526
98.8799
98.9928
98.8958
98.9662
99.0944
99.224
99.2072
98.9765
98.8401
98.8436
98.9776
99.2505
99.1359
99.19
98.8883
98.9707
98.9936
98.8724
98.7648
98.329
98.7645
98.4062
98.05
98.4199
98.0488
99.1036
99.078
99.0752
98.7431
98.8301
98.8211
98.7331
98.4554
98.7721
98.8036
98.4158
98.0508
98.0615
98.3994
95.6263
94.9684
95.5682
95.7653
95.4465
95.7668
95.4476
97.6651
96.7979
96.8006
96.7743
97.238
97.244
96.7737
95.0293
95.5922
95.6441
95.767
95.4456
95.4473
95.7661
98.9703
99.2382
98.8785
98.7231
98.8944
98.7238
98.892
98.454
98.7776
98.7668
98.6429
98.4014
98.4141
98.6335
99.2495
98.885
98.8928
98.7244
98.8929
98.8927
98.7197
99.2611
99.2274
99.2161
98.8191
99.0093
98.928
98.9228
99.1105
99.2323
99.1999
99.0031
98.8391
98.8357
99.0131
99.226
99.2713
99.211
98.8935
98.9542
98.911
98.9792
98.8801
98.3527
98.7691
98.3959
98.056
98.4148
98.0498
99.1037
99.0988
99.063
98.7231
98.8009
98.7546
98.7869
98.3592
98.8029
98.7666
98.4361
98.057
98.0515
98.4629
95.6777
94.9653
95.576
95.7674
95.4428
95.767
95.4383
97.6032
96.7924
96.7788
96.781
97.2411
97.2441
96.7745
94.966
95.6055
95.5703
95.7721
95.4152
95.4324
95.763
93.8101
93.8084
93.8129
94.5118
94.5805
94.5051
94.5815
93.8095
93.8487
93.8165
94.4553
94.5729
94.4823
94.5638
98.0175
98.0317
98.015
97.9462
98.1155
97.9478
98.1183
98.0303
98.0124
98.0153
97.9454
98.1117
98.1167
97.937
93.812
93.8011
93.8161
94.5095
94.578
94.5823
94.4991
93.8404
93.8451
93.8461
94.4429
94.5219
94.551
94.4243
98.0223
98.0816
98.03
97.9051
98.0731
98.0816
97.8826
98.0753
98.0208
98.0287
97.9257
98.1085
98.1018
97.9385
93.8341
93.8111
93.8365
94.4658
94.5703
94.5565
94.4914
98.0145
98.052
98.0158
97.9063
98.101
97.9256
98.0911
98.0606
98.01
98.0174
97.8852
98.0597
98.0826
97.8628
93.8569
93.8256
93.8254
94.4261
94.5187
94.5381
94.3964
93.9365
93.465
93.4692
93.6687
93.6706
93.6755
93.6573
93.4653
93.9455
93.4635
93.6497
93.6664
93.6508
93.6648
93.9459
93.459
93.4622
93.648
93.6605
93.6634
93.65
93.4598
93.932
93.4631
93.6661
93.6689
93.655
93.6665
93.4542
93.9265
93.4658
93.6811
93.7627
93.6792
93.697
93.9273
93.4507
93.4608
93.6839
93.7583
93.6812
93.703
97.6967
97.3147
97.6921
97.1217
96.6329
97.1205
96.625
97.6966
97.3044
97.7052
97.1268
96.6385
97.1091
96.6519
97.3106
97.7005
97.7079
97.1411
96.6462
96.6639
97.1187
97.3155
97.6927
97.6933
97.1224
96.6266
96.625
97.109
97.695
97.3005
97.7062
97.1728
96.7443
96.6817
97.2011
97.2953
97.6986
97.7086
97.1557
96.7391
96.6755
97.1812
107.609
102.361
103.773
107.828
110.006
101.116
103.984
101.41
92.9186
103.662
113.307
107.546
108.566
102.102
105.327
113.436
158.827
100.467
104.247
108.924
134.386
109.244
111.669
100.557
99.4028
105.542
112.642
100.336
109.201
101.567
92.7691
91.9465
112.544
102.742
93.354
98.8548
68.9875
109.305
104.324
109.717
78.6783
108.338
102.874
95.325
106.518
104.715
99.5667
98.2102
126.919
102.518
103.765
107.899
109.78
104.105
103.453
104.544
99.5071
97.8056
115.74
104.274
98.582
98.4418
117.945
101.318
84.7545
104.264
101.143
101.873
90.5425
102.275
92.8657
94.3706
92.4593
95.1982
92.8656
94.3671
92.459
98.3684
98.3847
97.6043
97.7853
98.3559
98.3988
97.6332
98.3655
97.7746
98.3904
97.6362
98.3953
97.6366
98.3592
92.856
94.3912
92.4484
95.2063
92.8661
94.3709
92.4599
92.8657
94.3692
92.4594
95.2404
92.8554
94.3892
92.4477
98.3235
97.6633
98.3636
97.5813
98.3525
97.5485
98.3405
98.2923
98.368
97.6117
97.6832
98.3367
98.358
97.5411
93.0924
95.1698
92.9883
95.2073
93.0924
95.1654
92.9883
98.5616
97.7952
98.5657
97.9613
98.5602
97.7979
98.5693
98.5665
97.9658
97.7983
98.5582
97.809
98.5745
98.5554
93.0922
95.1657
92.9884
95.2313
93.0817
95.2266
92.9765
98.5116
97.7796
98.5456
97.8117
98.5442
97.7167
98.4842
93.0823
95.2296
92.9775
95.1967
93.0927
95.174
92.989
98.5272
97.8905
97.7576
98.5399
97.7355
98.5303
98.5372
98.3467
98.3819
97.6729
97.7582
98.4035
97.5636
98.3659
98.2635
97.7571
98.3847
97.7968
98.4053
97.5
98.4404
98.5101
97.8272
97.8815
98.5859
97.7147
98.5031
98.5843
98.5336
97.8434
98.5953
97.8325
97.7262
98.4969
98.5652
95.141
94.5177
95.1712
93.9072
93.5511
93.9116
93.5519
94.5186
95.1618
95.1799
93.9049
93.5554
93.5544
93.904
95.1486
94.4951
95.1364
93.9136
93.5613
93.9082
93.5707
94.4956
95.1225
95.1134
93.9218
93.5524
93.5633
93.9178
94.477
95.0761
95.1046
93.9356
93.6558
93.5998
93.9958
95.0701
94.4786
95.0874
93.9402
93.6506
93.5961
94.0032
97.032
96.6919
96.6849
95.734
95.9742
95.9748
95.7322
96.684
97.0304
96.6939
95.7282
95.9787
95.7296
95.9746
98.0888
97.0553
97.8526
96.4271
98.0933
97.0455
97.8492
96.6941
97.018
96.6816
95.7338
95.9829
95.7321
95.9869
98.0581
96.4821
97.0132
97.8531
97.0048
97.8599
98.0611
98.0937
96.4549
97.0513
97.8473
97.0554
97.858
98.0829
98.0438
97.0381
97.8481
96.4173
98.0722
97.0035
97.8316
98.0806
97.1161
97.8383
96.4495
97.0206
97.812
98.0846
98.7019
98.6015
97.6239
97.3192
98.6997
98.6129
97.6248
98.7019
97.3002
98.6117
97.6302
98.6145
97.6222
98.6978
97.001
96.8008
96.6956
95.7452
96.0983
96.0183
95.7487
98.0289
96.4429
97.2393
97.8316
97.0027
97.8237
98.1644
96.7797
97
96.7281
95.7409
96.102
96.021
95.7411
97.0122
96.6855
96.7096
95.7374
95.9855
95.9904
95.74
98.6825
97.2709
98.6031
97.617
98.5593
97.6073
98.6875
98.6702
98.6
97.636
97.3399
98.6896
98.604
97.6332
98.7012
98.6006
97.7062
97.2889
98.5717
97.6413
98.6785
98.6528
97.2824
98.6126
97.798
98.5543
97.6325
98.736
92.9984
95.1759
92.9833
94.3782
92.9989
95.1765
92.9838
98.4116
96.3032
98.6426
96.7708
98.4086
96.2981
98.645
98.41
96.7721
96.3012
98.6467
96.2985
98.6447
98.4134
92.9989
95.1776
92.9843
94.3835
92.9895
95.1895
92.9726
98.3986
96.3135
98.6441
96.7803
98.4057
96.3232
98.6354
92.988
95.1902
92.9717
94.3804
92.9979
95.1779
92.9835
98.4007
96.8164
96.3093
98.6415
96.3239
98.6403
98.4093
91.9926
92.6377
91.5496
93.9572
91.9928
92.6376
91.5492
96.7119
95.4353
97.1357
94.6266
97.1572
94.6232
96.7076
91.9827
92.6437
91.5393
93.9644
91.9931
92.6391
91.5506
96.6974
95.4189
97.1391
94.6353
97.1371
94.6512
96.7123
96.7128
97.1494
94.6259
95.4016
96.7099
97.1376
94.6246
91.9927
92.6387
91.5497
93.9701
91.9816
92.6429
91.538
98.3968
96.416
98.612
96.8188
96.3514
98.6079
98.3705
98.3859
96.8135
96.4252
98.6081
96.3516
98.6268
98.3726
96.7031
97.1647
94.6366
95.431
96.701
97.1316
94.6464
96.6908
97.0914
94.7594
95.459
97.1178
94.6825
96.6669
96.6838
95.4625
97.0906
94.7726
97.1138
94.6833
96.6694
107.793
101.93
103.704
109.484
108.349
101.504
101.947
97.9069
95.7536
97.2503
95.8887
97.2426
95.8896
97.9076
95.4147
93.6908
94.7312
93.5204
95.4118
93.6923
94.7216
95.4135
93.5205
93.6912
94.7318
93.6925
94.7224
95.4143
97.8982
97.261
95.8959
95.7541
97.9024
97.2737
95.8968
95.4056
93.5192
93.6949
94.7471
93.6957
94.7661
95.412
97.9084
97.2511
95.8882
95.7529
97.9071
97.2435
95.8899
95.4034
93.6969
94.7467
93.5202
95.4083
93.6972
94.7703
97.8898
95.7586
97.3176
95.9892
97.295
95.9207
97.881
97.8999
95.7531
97.2614
95.8949
97.2763
95.896
97.9065
95.4001
93.7944
94.8441
93.522
93.7219
94.8001
95.3896
95.3967
93.5226
93.7988
94.8419
93.7215
94.8032
95.3924
97.8932
97.3167
95.9856
95.7574
97.2952
95.9194
97.8825
117.61
102.194
99.8739
136.993
106.663
102.708
101.902
105.646
102.37
108.812
101.818
103.446
102.557
102.699
101.546
109.908
111.845
127.091
100.3
102.322
108.072
96.808
107.208
107.302
103.312
94.4327
125.98
109.439
101.012
102.384
106.788
124.415
100.679
104.106
100.752
106.046
113.565
107.211
106.378
106.141
115.362
111.221
97.0984
129.747
117.94
102.491
103.154
125.547
106.112
96.1109
95.5938
95.4802
94.3429
94.7384
94.7491
94.3525
96.026
95.422
95.5537
94.3132
94.7429
94.7386
94.3345
95.3945
96.0614
95.5462
94.3232
94.7424
94.3554
94.7385
95.4331
96.0901
95.4724
94.3205
94.7488
94.3318
94.7484
96.1321
95.4101
95.4148
94.3374
94.7451
94.7395
94.3534
95.5598
96.1663
95.4588
94.3516
94.7425
94.7433
94.3505
89.448
104.699
116.025
106.39
94.2351
103.084
111.283
109.464
108.615
103.712
107.243
127.103
108.733
103.339
107.249
97.495
104.495
115.379
105.303
100.477
103.988
105.387
112.335
106.664
105.153
101.137
136.499
99.7996
92.527
94.0684
92.7086
93.7039
92.5273
94.0684
92.7093
95.1453
102.907
111.817
115.027
99.1707
103.124
112.126
96.0065
95.206
96.7587
95.4359
96.0069
95.2052
96.7539
96.0068
95.4358
95.2058
96.7574
95.2052
96.7567
96.0098
92.5162
94.0714
92.697
93.7038
92.5266
94.0684
92.7091
96.0273
95.4372
95.2103
96.766
95.2112
96.7832
96.0146
92.5272
94.0691
92.7097
93.7032
92.517
94.0722
92.6978
96.031
95.21
96.7689
95.4404
96.0179
95.2108
96.771
96.0599
95.2065
96.8852
95.4447
95.216
96.7967
96.1387
96.0635
95.4481
95.2064
96.8718
95.2158
96.7997
96.1436
91.1157
91.739
90.9545
91.9839
91.1161
91.7387
90.9546
92.9596
93.6391
92.5845
92.8589
92.9682
93.6426
92.5832
92.9577
92.8583
93.6435
92.585
93.6395
92.5832
92.9582
91.1053
91.7417
90.9437
91.9872
91.1155
91.739
90.9549
91.1166
91.7391
90.9553
91.9898
91.1054
91.7418
90.9441
93.0002
92.8641
93.654
92.5892
93.6525
92.591
92.9839
92.9851
93.6474
92.59
92.8606
92.9688
93.6665
92.5921
93.037
93.7654
92.5899
92.8734
93.6929
92.597
93.1381
93.0285
92.869
93.7772
92.5898
93.6829
92.5975
93.13
96.1668
96.2762
96.2709
95.4694
95.2871
95.2863
95.4705
96.282
96.167
96.2708
95.4702
95.2873
95.4719
95.2865
96.2914
96.1888
96.3161
95.4727
95.291
95.4743
95.2918
96.1906
96.3024
96.3226
95.4723
95.2916
95.2929
95.4737
96.2191
96.4187
96.3496
95.4769
95.2892
95.2972
95.4696
96.4147
96.2154
96.3485
95.4791
95.2895
95.2988
95.4707
98.6885
118.35
102.543
125.256
97.7635
163.077
99.8206
107.292
105.638
130.384
95.7596
105.62
107.965
131.35
98.5266
112.978
98.7945
102.055
99.4155
107.951
101.699
110.757
79.1213
108.273
101.245
97.4027
82.8257
108.511
96.2583
96.108
96.2632
95.0475
94.7518
95.048
94.7511
96.1279
96.2607
96.267
95.0524
94.7556
94.7555
95.0518
96.3585
96.1443
96.2887
95.057
94.7517
94.7605
95.0475
96.2609
96.1175
96.2622
95.0518
94.7546
95.0516
94.7553
96.1054
96.2642
96.2671
95.0475
94.7511
94.7508
95.0481
96.1392
96.3541
96.2832
95.0562
94.7515
94.7602
95.0467
106.504
111.22
107.314
107.873
106.724
113.363
107.844
102.703
115.52
103.658
113.03
116.989
102.133
102.809
99.0511
91.9247
96.7863
96.093
99.433
88.5778
97.0473
107.641
100.349
112.601
106.036
111.861
104.385
107.351
107.2
137.077
106.086
105.8
107.174
91.2802
107.398
107.395
101.384
110.708
108.797
110.733
106.691
107.597
125.737
111.452
107.978
83.9549
112.537
113.364
134.353
107.76
111.389
106.63
100.54
111.307
106.477
111.302
122.792
110.899
106.771
84.4493
122.976
111.538
85.7649
104.956
101.651
149.027
102.071
103.24
102.019
133.997
95.8378
94.9265
95.5098
95.1304
95.5078
95.1301
95.8442
92.9289
92.5039
92.5851
92.8504
92.5841
92.8497
92.9277
95.8381
95.5098
95.1306
94.9267
95.8451
95.5074
95.1303
92.9143
92.5823
92.8499
92.5032
92.9224
92.5822
92.8475
92.9127
92.5029
92.5818
92.8503
92.5817
92.8483
92.9178
92.9321
92.5843
92.8503
92.5048
92.9262
92.5839
92.8518
95.8647
94.9239
95.5118
95.1342
95.5125
95.1329
95.8561
95.862
95.512
95.1339
94.9251
95.8536
95.5127
95.1329
92.9349
92.5788
92.8726
92.5074
92.5871
92.8595
92.9507
92.9374
92.5076
92.5782
92.8708
92.5866
92.8615
92.9499
95.8642
95.5189
95.1255
94.9272
95.516
95.1362
95.8601
95.8635
94.928
95.5183
95.1255
95.5167
95.1361
95.86
112.253
100.829
93.2864
91.5674
101.475
108.965
94.2125
96.0452
96.0485
96.0659
95.1883
95.2359
95.1859
95.2356
96.0535
96.0769
96.0686
95.1922
95.2364
95.2358
95.1952
96.0578
96.0217
96.0276
95.1904
95.2395
95.2395
95.1896
96.0719
96.0622
96.0535
95.1997
95.2402
95.1998
95.2404
96.0766
96.0976
96.059
95.2013
95.2335
95.244
95.1904
100.293
96.3561
97.6055
110.652
101.146
139.143
96.8033
96.0853
96.0737
96.0569
95.1959
95.2338
95.2438
95.1883
109.589
100.417
101.243
101.712
98.9102
103.925
102.82
110.69
101.543
103.587
103.092
96.0987
92.25
102.37
99.26
88.8367
96.8308
94.3817
105.521
88.9114
97.003
111.228
116.293
109.294
106.033
108.294
104.814
105.538
105.689
105.692
109.643
108.698
110.214
106.66
105.996
100.14
106.295
104.147
106.951
103.83
104.069
114.719
101.113
101.136
101.442
101.616
99.4206
99.496
101.595
93.2704
145.899
114.042
113.021
113.798
141.784
112.817
105.93
117.141
104.62
91.8119
92.556
105.753
104.243
94.467
116.156
114.389
146.04
141.852
144.65
128.983
109.205
110.039
110.006
114.196
112.854
79.0848
84.2938
105.436
95.895
100.094
97.7064
105.459
97.2286
101.954
96.5935
96.2244
96.5956
95.3926
95.1644
95.3921
95.1624
96.2251
96.6223
96.6076
95.3937
95.1642
95.3952
95.1626
96.619
96.2577
96.6181
95.3985
95.1653
95.3883
95.174
96.6295
96.2633
96.6319
95.3977
95.1694
95.399
95.1702
96.2343
96.6016
96.6131
95.3945
95.1674
95.3956
95.1683
96.2715
96.6381
96.6347
95.3997
95.1627
95.3875
95.1742
98.2563
131.463
99.8954
100.141
106.495
116.119
97.7268
101.365
128.319
101.184
109.533
101.7
107.959
101.897
100.378
115.811
111.021
103.389
112.008
105.857
103.532
94.9653
104.911
101.193
108.792
108.893
103.128
114.903
133.583
114.689
101.298
109.522
98.5762
108.965
98.2316
102.025
102.982
102.497
109.495
104.497
104.446
104.82
101.14
87.4888
83.581
94.8168
98.6892
151.375
151.905
103.104
105.191
113.646
125.881
133.804
124.07
124.446
101.594
104.398
104.142
102.114
88.7531
91.2043
102.225
107.643
105.711
106.137
94.326
90.7135
95.6925
96.4217
96.1308
96.2904
96.1341
95.3085
95.3402
95.3098
95.342
119.951
92.362
104.448
108.213
104.467
104.416
93.4084
86.6461
106.145
106.607
108.015
107.502
108.781
113.405
97.8837
105.341
103.492
110.162
103.332
103.413
110.334
94.8919
95.1907
94.8859
94.0727
94.3069
94.0739
94.3053
96.3001
96.1451
96.1645
95.3144
95.3442
95.3144
95.3463
95.193
94.8824
94.8834
94.0712
94.3064
94.3053
94.0701
94.8836
95.227
94.8876
94.313
94.0742
94.0739
94.3136
95.235
94.8937
94.9038
94.3141
94.08
94.08
94.3146
95.2345
95.1655
95.2323
94.3194
94.3188
94.3919
94.3927
95.1685
95.2324
95.2334
94.317
94.3157
94.3887
94.3884
96.1307
96.349
96.1489
95.3144
95.3543
95.314
95.3524
96.3007
96.1294
96.1364
95.3085
95.3501
95.3095
95.3454
95.235
95.1847
95.2474
94.322
94.323
94.3946
94.3952
95.1776
95.2387
95.2481
94.3221
94.3218
94.3949
94.3949
96.3387
96.1718
96.1693
95.3181
95.3409
95.3074
95.3538
96.172
96.3206
96.1716
95.3188
95.3423
95.3075
95.3509
94.9334
95.2537
94.9271
94.083
94.3055
94.318
94.0704
95.2482
94.9431
94.9079
94.0793
94.3046
94.3169
94.0676
108.238
122.66
152.069
116.612
116.001
119.298
119.596
95.2134
95.2835
95.268
94.3183
94.3298
94.4009
94.3901
95.2821
95.2025
95.2713
94.3183
94.3296
94.4016
94.3916
103.821
105.472
106.14
104.577
106.752
105.677
105.912
97.9423
107.231
101.961
105.561
109.703
109.783
103.256
34.2685
94.3923
105.059
127.516
89.4438
102.632
120.589
114.295
105.546
106.449
113.009
103.627
103.256
119.014
81.6995
101.656
88.4786
88.5853
142.925
104.666
156.729
102.558
111.405
99.4843
101.848
98.277
114.328
100.955
107.805
108.839
107.025
89.4923
102.663
90.186
96.3696
107.901
82.4149
108.433
108.377
107.583
89.3029
108.599
107.359
103.315
90.948
100.025
87.4014
100.624
133.87
107.552
107.441
90.0091
106.881
109.073
107.506
108.696
101.496
106.079
157.599
117.313
115.485
118.008
117.343
108.846
121.44
120.786
99.4082
134.912
100.158
126.377
73.8171
221.96
160.605
101.092
99.5146
78.3558
76.0452
126.132
113.522
115.621
104.746
135.351
118.778
112.161
101.127
104.784
104.627
101.888
118.692
112.742
106.094
138.139
112.23
111.819
108.904
126.55
113.702
112.193
76.9037
152.191
156.401
100.662
101.182
80.7222
112.045
108.189
112.448
119.649
101.309
110.936
109.357
91.7082
94.9601
96.7068
90.4624
91.2343
95.9255
104.053
92.5467
110.86
108.049
167.353
112.714
108.362
100.161
107.826
148.856
80.9356
96.7473
103.311
95.5579
188.806
97.9363
108.335
116.353
110.633
93.4659
109.786
115.034
109.893
82.8436
92.2221
92.3027
144.379
146.96
99.0881
101.812
94.6268
94.3671
94.6274
93.8745
93.667
93.8754
93.6675
94.3669
94.6268
94.6285
93.872
93.6661
93.6656
93.8715
103.815
103.141
103.035
102.303
102.723
101.561
102.89
94.3679
94.6295
94.6407
93.6682
93.8787
93.8765
93.6651
94.6283
94.3746
94.6287
93.6684
93.8756
93.8747
93.6666
95.2999
95.202
95.2994
94.5128
94.4124
94.5131
94.4132
103.833
101.888
99.4754
104.472
97.8891
103.657
103.855
103.847
108.669
105.522
106.245
98.2317
104.806
105.162
95.2061
95.2997
95.3002
94.5126
94.4127
94.4136
94.5113
95.2989
95.1993
95.2947
94.4157
94.5137
94.5118
94.4137
95.2076
95.3022
95.3118
94.4164
94.5176
94.5159
94.4147
94.6642
94.3764
94.6599
93.8821
93.6618
93.6723
93.8719
94.3845
94.6699
94.6412
93.8803
93.6604
93.6715
93.8696
97.8742
106.841
98.4642
106.92
99.8539
98.9611
109.88
95.7124
103.79
94.5009
120.59
111.282
92.1525
90.7699
95.3242
95.2231
95.3248
94.5186
94.4069
94.4186
94.5063
95.2137
95.3322
95.3045
94.5155
94.4052
94.4172
94.5034
83.6645
139.742
107.876
117.375
115.768
103.38
113.739
98.3842
140.262
106.201
102.721
97.0241
129.43
117.472
95.7757
106.534
107.528
117.564
104.978
104.745
114.893
139.276
99.2954
125.908
118.444
139.781
88.5502
107.594
95.2761
104.65
120.318
101.156
94.9712
115.518
101.857
100.842
92.4142
117.319
91.2356
117.835
87.1872
90.6544
95.4803
101.855
102.286
115.646
115.418
97.0293
102.264
105.316
100.948
101.018
98.2999
98.2451
96.683
96.1713
100.731
100.4
100.796
99.7126
103.653
99.3439
98.365
99.9435
94.9069
99.6493
97.5588
98.672
99.3778
97.8584
128.828
113.105
107.603
105.403
106.031
109.132
111.163
97.1498
97.101
97.0808
98.3486
97.1193
97.0888
96.9898
112.912
104.598
97.6927
97.5453
96.5726
97.7404
97.2951
103.671
124.052
103.949
102.938
108.564
126.001
130.44
125.802
104.561
104.116
123.747
125.376
103.272
101.175
106.692
107.358
103.147
107.232
109.106
107.235
102.917
99.5434
92.2789
128.521
132.657
125.076
100.794
93.0158
100.671
108.345
109.554
109.405
86.0763
112.089
109.7
101.87
115.559
123.52
113.291
118.231
137.561
170.221
111.627
125.29
114.583
123.685
127.7
115.331
117.604
57.4712
105.604
108.253
106.018
57.4298
108.096
109.48
110.602
101.148
97.8891
100.742
110.75
101.024
99.5023
120.094
115.201
78.9236
106.865
126.628
89.7969
80.7004
104.874
113.967
122.99
107.601
105.302
113.404
122.199
108.569
101.459
100.062
100.456
109.477
101.06
102.057
107.9
113.289
105.914
111.414
106.265
115.707
108.096
107.132
105.598
109.369
101.633
106.771
105.018
110.173
129.24
114.115
115.276
114.964
116.292
121.008
108.972
113.866
111.118
109.446
107.341
109.851
107.906
112.731
106.225
101.762
99.5889
131.101
112.254
77.9492
81.1743
107.223
113.128
165.631
99.6316
165.335
106.1
121.842
102.29
117.924
121.389
103.611
103.259
112.301
111.013
102.761
76.61
155.886
103.028
77.0564
116.91
116.743
104.589
102.497
104.559
102.458
124.369
102.202
124.141
104.934
102.266
104.865
104.27
116.507
104.118
106.152
105.772
100.053
106.249
106.413
87.2691
106.656
88.5687
93.4355
104.145
101.845
192.629
198.088
86.2812
130.214
104.4
112.309
105.499
110.438
109.873
107.241
108.552
108.475
107.99
109.74
101.408
107.414
124.949
107.895
126.9
88.09
97.2123
88.4082
124.015
86.0068
98.4116
103.654
103.668
105.4
98.994
104.565
107.433
105.398
119.127
102.552
117.656
118.503
159.81
116.861
141.693
100.123
108.689
106.91
107.03
91.0347
89.1414
106.935
95.9218
106.737
183.439
89.6439
103.625
177.319
91.7291
97.0255
106.229
104.334
175.787
175.271
93.0902
93.6999
112.012
168.709
114.156
167.078
106.057
102.104
101.74
102.915
119.687
119.703
118.191
116.141
143.055
138.143
130.605
112.274
108.684
129.019
124.806
109.146
110.7
109.998
107.308
111.961
106.478
110.15
121.589
106.316
113.672
114.46
104.453
105.026
113.083
131.428
115.877
103.722
99.0353
105.989
129.319
103.736
99.731
107.171
111.739
107.455
111.449
106.044
115.321
115.998
106.962
109.479
101.612
143.115
115.346
128.481
119.634
109.997
100.779
112.865
104.41
105.095
108.247
106.691
105.67
96.3107
98.1043
98.7275
102.115
111.843
111.339
102.468
129.661
124.576
101.372
97.4054
101.271
99.1477
126.702
104.333
115.669
109.458
103.079
106.994
109.262
114.991
106.226
129.177
113.685
118.681
103.17
83.8785
124.17
102.958
104.448
105.496
108.764
115.027
114.518
109.171
122.125
103.689
117.397
106.212
111.64
102.98
109.89
104.546
108.107
111.322
115.608
107.414
107.677
115.092
123.212
103.123
103.088
99.0241
77.4048
114.782
114.718
99.2666
113.183
103.487
98.0536
103.795
120.179
98.6743
110.318
102.267
109.438
116.075
105.975
108.616
108.953
106.66
100.465
106.778
112.044
108.767
109.7
112.184
111.86
106.686
107.142
112.357
121.871
127.083
110.499
115.865
109.548
108.612
109.848
109.399
107.097
107.068
105.599
106.41
105.028
107.105
107.697
109.302
107.62
100.282
123.335
97.8658
122.06
121.777
106.039
122.337
105.29
106.707
104.965
107.741
107.999
107.667
116.73
105.941
105.42
105.478
104.455
105.5
105.07
104.871
104.674
103.634
103.619
113.236
116.575
114.083
118.697
116.641
107.38
113.263
112.209
106.996
108.919
110.124
112.572
109.805
112.277
111.156
115.05
112.858
112.088
109.346
109.992
111.706
87.5918
86.7565
99.8697
98.6852
121.159
116.391
120.731
109.787
111.489
116.565
111.489
107.36
97.5391
98.6059
113.246
97.3709
120.82
84.1603
123.806
105.25
465.949
150.752
264.151
671.902
231.097
123.135
114.681
102.254
111.761
116.455
106.991
116.16
107.177
113.913
107.201
114.068
104.708
117.757
104.048
104.711
95.6996
105.558
112.325
106.75
94.1854
103.006
101.448
116.744
16.1698
121.547
104.574
127.812
13.4065
108.386
96.4853
114.162
85.7346
102.924
84.5421
95.5225
123.223
132.016
103.843
103.59
98.6141
126.488
102.75
101.929
104.522
99.9416
130.362
132.336
84.8027
82.4562
113.649
102.592
102.344
111.289
105.929
98.6602
94.3938
122.595
103.497
98.6191
101.935
106.465
105.814
110.683
114.311
96.3057
129.841
105.715
101.242
103.854
100.246
101.176
103.157
102.843
101.825
102.789
101.689
101.409
138.577
108.151
107.779
96.7774
95.7644
107.153
105.137
102.679
105.784
102.27
116.639
112.103
111.225
113.379
128.945
109.162
111.372
97.2389
96.2913
104.306
104.177
102.176
102.52
105.097
98.1774
105.384
104.974
105.041
107.998
110.873
104.598
101.262
107.781
111.579
104.082
110.006
103.592
108.095
110.36
112.871
110.042
112.583
115.796
107.915
104.682
102.369
104.232
102.89
116.339
105.099
126.334
95.0807
173.458
204.929
123.411
123.167
89.058
130.548
93.9865
135.347
88.9743
134.943
95.1275
107.716
108.736
101.152
111.651
102.798
112.365
103.906
110.44
105.867
110.908
104.951
102.791
104.148
111.538
106.558
117.853
105.122
103.693
105.826
104.081
106.6
103.32
100.505
103.634
106.169
102.799
104.434
104.798
128.859
98.6459
91.2156
90.0242
133.027
97.1824
129.774
100.148
105.018
106.276
112.519
109.966
112.41
115.42
111.128
103.373
111.429
128.291
107.747
108.775
121.255
120.926
102.39
94.202
101.867
91.8727
116.613
115.136
113.075
101.143
102.286
85.2196
97.6593
101.767
88.6968
83.4882
163.684
79.8553
145.164
90.0213
86.2918
138.814
263.185
99.0339
100.841
108.327
104.575
206.345
118.334
101.939
103.017
101.474
103.112
101.646
102.655
101.636
135.352
126.884
132.809
105.439
111.942
97.6906
98.0075
117.497
115.555
106.189
115.219
112.768
116.826
104.384
114.344
133.939
107.989
100.616
123.387
100.802
110.614
121.536
105.409
103.801
108.178
104.369
108.629
121.953
103.709
101.498
99.9824
113.986
106.317
108.83
107.965
116.36
106.813
118.364
143.708
103.71
125.964
109.762
101.242
125.537
112.733
101.305
114.912
116.264
116.914
96.9669
96.7702
123.297
99.6485
102.293
96.9521
121.626
118.953
104.561
109.903
104.229
117.67
104.617
109.41
110.406
106.882
109.568
102.492
110.844
106.49
122.146
119.433
101.004
103.448
109.519
129.255
110.05
105.187
100.68
136.229
100.276
106.12
110.292
105.608
110.058
110.812
113.269
112.01
116.285
135.831
109.896
117.213
112.617
94.9656
121.228
93.5961
151.871
93.8583
74.078
111.836
210.351
193.537
230.471
119.404
122.372
237.977
137.43
115.154
116.424
160.941
127.653
141.647
111.441
116.386
103.54
104.557
104.408
103.598
103.481
116.878
147.49
103.116
101.788
106.23
110.902
111.299
106.085
116.772
106.542
103.73
103.785
103.034
103.98
124.4
101.531
101.499
101.537
108.727
122.171
110.354
108.306
108.722
106.567
92.9554
91.995
108.56
91.7313
122.816
104.74
108.861
104.372
102.54
104.454
101.926
105.427
96.9584
96.7914
96.6364
105.791
94.8389
94.8024
103.697
95.0074
95.174
95.0063
94.4073
94.4084
94.2567
94.2557
109.537
108.462
106.172
107.571
111.224
110.324
107.764
95.1764
95.0107
95.0092
94.4067
94.4064
94.2549
94.254
101.347
103.309
103.983
107.453
101.889
107.385
103.745
95.011
95.1819
95.0138
94.4096
94.4071
94.2579
94.2554
95.1779
95.0119
95.0153
94.4073
94.4033
94.2557
94.2525
98.7731
101.466
140.663
98.8509
133.571
102.663
109.917
101.597
103.816
136.581
135.139
98.1558
97.3506
103.228
104.484
108.94
103.751
107.494
119.493
77.799
79.3553
106.5
110.556
78.9764
91.8543
76.7683
103.07
119.375
119.266
109.763
116.184
102.119
107.119
132.458
110.452
108.853
99.6692
105.506
107.843
118.847
108.554
113.521
106.498
102.243
103.677
112.122
106.528
88.1978
85.9932
111.913
107.816
108.519
108.737
112.78
114.72
108.828
137.194
107.634
113.105
100.991
96.8615
105.446
104.905
95.099
94.3255
101.15
95.4766
98.5991
96.0821
100.684
91.5527
101.42
102.249
100.343
91.8102
102.621
115.066
103.273
105.629
104.398
97.4336
97.1459
95.3276
95.1432
93.2435
92.7616
94.4423
90.3531
93.6945
90.5363
93.3352
93.1965
126.721
90.8192
94.4787
89.4517
90.0025
93.6355
111.756
101.041
112.749
113.051
110.074
115.898
111.762
105.332
102.945
103.291
110.77
115.254
112.165
112.894
107.087
101.468
98.1049
101.991
105.895
100.97
103.842
101.743
92.6035
92.4437
125.072
102.686
102.615
124.081
97.3689
94.9924
120.34
95.2503
96.6137
94.7578
120.896
416.001
121.234
212.25
140.634
31.4784
131.422
84.1683
70.651
111.475
128.674
98.393
71.3091
104.97
136.544
67.3225
96.016
150.031
157.072
101.349
146.07
61.4874
97.2459
99.2876
99.9982
101.078
102.793
102.599
100.593
106.595
109.582
104.681
102.734
103.328
114.021
102.004
99.4981
99.2196
100.022
100.483
102.933
100.537
102.678
106.838
100.532
105.662
100.343
102.319
100.972
102.209
141.635
103.313
146.479
112.393
119.236
102.203
102.897
93.9488
93.5021
93.5002
93.3623
93.3638
92.9612
92.9596
100.729
124.599
123.731
103.758
101.771
100.966
104.02
95.9039
100.593
95.0899
236.964
99.1201
200.622
84.2907
129.665
108.203
134.195
99.3848
100.645
101.297
102.937
98.4068
108.094
106.493
108.475
102.653
102.259
101.376
95.4236
94.7448
94.4529
94.9037
96.6699
95.1884
94.4255
101.434
87.4107
183.58
109.702
98.6462
104.619
57.4118
108.311
98.1207
100.128
97.4029
108.913
95.7578
99.9467
113.197
106.019
96.1105
141.465
128.388
162.593
118.595
93.5027
93.9536
93.5002
93.3646
93.3647
92.9619
92.9613
103.286
95.4805
100.2
95.0371
110.153
95.6946
91.7843
105.798
95.1536
105.894
118.979
105.261
114.052
104.985
100.928
106.345
106.398
98.7101
101.613
102.28
101.846
92.9348
123.348
85.2992
82.1075
115.218
88.6628
125.832
106.307
101.822
103.571
103.152
94.1362
91.4975
91.8666
105.247
109.023
106.43
134.057
120.328
101.354
101.159
95.0246
104.272
118.373
97.5513
113.772
98.1152
106.54
106.246
103.393
106.338
106.886
100.867
115.732
106.531
102.116
95.2718
94.7661
91.8633
92.1433
95.5511
95.0429
102.021
95.7296
94.5682
93.1865
93.0808
95.6688
95.825
97.8277
90.3939
112.59
104.142
102.112
95.2751
107.408
101.141
109.759
103.578
100.127
101.197
109.788
106.274
92.9776
100.465
116.445
121.833
114.974
115.391
163.4
105.374
108.587
125.607
104.842
105.125
108.352
118.837
107.487
99.0116
114.277
107.919
113.008
116.406
106.27
99.144
98.9299
101.358
108.575
106.165
105.575
106.635
79.1069
89.9391
155.363
106.768
88.8237
88.2092
129.998
96.1089
111.686
116.045
101.462
103.14
105.893
104.981
107.537
107.654
107.538
105.546
105.913
107.141
111.237
95.1884
95.0196
95.0188
94.4006
94.4113
94.2599
94.248
95.0178
95.1827
95.0187
94.3985
94.4086
94.2583
94.247
101.608
96.3132
94.4899
97.686
99.3272
95.0076
95.5246
92.86
93.5133
93.5758
90.0439
93.1544
91.717
91.2608
103.057
96.8075
105.594
93.9302
96.4349
94.0934
94.5713
84.5745
95.8258
114.529
96.8302
104.26
96.3459
106.173
108.772
104.71
102.256
108.564
100.164
104.542
103.975
92.1374
174.467
129.624
130.254
132.881
102.684
175.515
106.806
104.838
103.474
101.3
106.391
106.338
103.376
105.292
126.381
126.43
124.502
107.132
111.258
105.49
96.3478
106.377
113.317
103.512
103.563
108.58
109.453
109.536
109.487
109.779
100.645
102.385
101.614
100.484
93.9674
93.5066
93.5099
93.3678
93.3658
92.9644
92.9616
109.408
113.208
119.967
107.452
106.762
106.426
106.816
107.31
98.4611
97.3766
107.98
95.904
98.2909
98.3128
89.6554
121.074
112.782
86.3826
90.0989
119.107
86.9374
101.635
162.898
100.62
91.0781
101.517
91.0088
102.319
124.495
93.3681
95.4858
89.7852
99.4913
161.156
89.8701
93.7397
99.093
130.701
88.3845
93.6346
94.0969
87.3369
93.4122
94.0987
87.9618
85.2183
95.2777
94.8154
89.8694
107.445
102.442
108.095
102.917
118.186
111.658
110.013
110.192
101.232
108.75
114.829
111.886
76.675
111.504
109.038
103.034
107.688
109.959
108.686
108.576
102.779
93.5053
93.9659
93.5087
93.3649
93.3637
92.9621
92.9593
101.218
106.405
111.636
101.715
113.036
102.425
115.463
97.5904
104.872
101.649
95.8235
126.64
98.9292
134.129
103.19
115.167
108.402
99.4841
103.63
99.6251
101.653
114.07
111.807
117.846
128.758
106.041
114.001
113.742
106.705
114.169
106.699
104.977
107.938
108.281
104.952
102.784
101.429
113.996
103.596
101.404
106.348
107.105
104.191
119.383
103.915
112.491
113.596
105.996
108.843
111.932
108.193
110.046
103.458
104.634
105.082
104.588
97.5186
104.429
105.365
93.0576
141.446
95.2547
92.0477
106.386
121.249
170.488
97.5746
95.9393
163.646
128.535
102.488
92.8524
92.3146
94.9412
94.5949
96.2077
102.928
108.145
132.892
96.893
97.1262
102.354
89.2177
106.83
97.2206
120.031
111.764
114.142
106.173
79.642
124.915
95.2081
125.671
107.443
68.3154
96.7533
133.588
105.75
105.676
102.193
106.779
101.593
100.723
101.638
101.634
100.048
104.958
105.171
104.89
106.469
106.172
104.719
104.365
105.411
108.24
116.544
111.225
100.822
101.987
115.329
109.419
108.812
118.486
106.23
105.378
109.022
101.73
124.044
99.0923
99.7527
96.7686
123.286
105.26
108.179
112.801
109.016
113.238
106.189
105.227
109.29
91.169
107.859
102.835
91.2841
92.8946
113.752
99.0572
100.215
107.899
106.399
95.7968
99.9846
109.886
106.083
88.7471
98.3941
99.4582
91.095
90.9345
89.7909
97.6571
106.598
109.807
104.851
116.054
109.525
105.985
104.426
113.087
80.4821
120.661
127.105
107.332
97.5009
130.78
105.293
106.575
104.974
105.293
104.674
110.656
105.29
105.115
104.41
106.787
111.752
111.104
104.601
120.748
109.689
113.504
108.606
107.68
107.111
107.9
107.641
97.6004
125.279
107.048
95.5492
99.5049
98.9112
118.113
94.4185
98.9518
122.943
175.083
108.08
133.038
193.014
146.777
102.712
125.458
154.908
183.966
129.598
209.716
105.066
86.2734
108.39
125.055
88.8093
108.673
100.432
95.1342
100.945
65.3812
118.259
95.1604
99.1524
55.4337
106.281
109.083
107.934
106.195
104.561
106.536
133.909
109.448
110.026
110.733
106.578
117.566
109.773
111.175
102.53
113.008
106.004
105.28
114.334
96.8666
110.1
97.5802
108.205
113.228
115.632
131.515
109.938
121.157
116.141
99.7769
110.012
113.521
113.215
112.682
102.123
105.792
109.095
114.084
112.64
109.474
99.9821
110.366
101.245
110.001
100.094
102.031
110.652
99.4072
102.765
97.5454
124.865
103.595
96.8028
123.627
103.373
103.482
105.72
86.7535
98.0255
102.779
99.0733
83.0962
187.009
93.5131
93.9699
93.5137
93.3588
93.3704
92.9663
92.9531
133.771
102.077
93.9572
96.7699
104.359
97.4702
95.2822
113.635
118.848
111.747
129.063
99.9269
130.935
102.471
108.962
102.524
111.234
103.106
105.092
135.305
107.487
104.12
97.485
94.1329
99.1044
106.419
99.2865
94.5456
102.521
103.371
98.8449
100.317
102.376
112.306
102.431
108.669
106.605
114.208
101.578
105.748
108.882
111.603
93.9671
93.5118
93.5115
93.3572
93.3689
92.9651
92.9519
113.781
114.869
117.55
118.682
107.334
108.948
118.057
112.949
108.86
107.66
104.885
107.6
104.944
110.031
101.461
105.888
106.064
103.1
105.203
106.028
106.284
101.972
102.354
103.048
109.625
102.047
108.688
113.917
107.507
111.992
108.179
117.945
110.104
110.583
117.731
99.0903
81.4931
87.2832
104.583
106.423
200.09
172.562
108.34
105.235
110.958
131.613
103.237
117.463
127.514
113.286
107.004
103.337
117.567
112.44
156.5
108.733
87.0345
91.9407
93.2643
95.5643
86.5964
91.9413
93.5402
104.605
106.931
104.894
107.958
105.762
105.558
104.567
103.942
116.873
108.856
111.096
103.184
108.226
104.719
93.1833
180.493
103.125
185.349
108.872
230.538
134.514
110.739
104.181
103.238
112.441
107.362
104.9
101.702
95.0383
118.476
99.6072
94.0738
96.9908
100.551
96.4793
121.561
216.692
152.504
187.892
32.2521
133.753
20.951
112.388
101.438
120.585
131.503
100.71
97.7782
101.235
89.2548
87.2888
87.2311
82.6028
85.8383
87.105
92.1294
96.2226
101.399
95.8574
95.4133
92.2612
99.0724
97.375
97.5989
160.281
110.673
94.9892
74.4636
105.707
106.576
113.145
112.639
112.399
111.353
110.567
109.931
110.639
115.641
110.501
109.656
121.243
105.56
106.002
123.218
99.4547
123.426
100.005
115.266
103.233
106.665
102.846
89.2366
119.689
86.6695
104.728
102.095
100.653
103.004
270.079
274.787
570.278
123.125
241.543
213.596
227.282
103.9
97.2862
103.98
99.8454
106.741
93.4991
107.635
85.9017
111.89
98.7662
65.4264
75.2418
95.3021
138.436
128.737
81.7829
108.458
137.318
110.2
100.385
133.185
142.697
104.051
106.137
92.6004
93.8855
103.919
106.707
108.446
109.755
106.483
131.061
106.3
111.972
113.395
100.882
116.574
83.4418
135.661
82.5117
117.199
138.185
82.8276
119.497
89.6394
102.92
103.482
99.2156
99.1057
100.371
114.156
111.751
247.959
116.679
102.595
99.6873
89.8362
244.66
113.134
211.321
110.609
183.004
179.115
103.086
111.834
83.5537
137.039
102.958
93.6489
85.6042
101.364
114.249
109.64
137.688
132.766
106.893
137.158
105.536
98.6198
111.391
97.7187
93.3499
107.213
81.4863
90.9228
92.1771
91.1362
91.7847
90.9235
92.1771
91.1362
109.78
101.492
109.828
100.829
129.156
103.004
99.2912
93.2464
93.0342
92.7389
92.5795
93.2473
93.0329
92.7395
93.2458
92.5792
93.0341
92.7395
93.0329
92.7396
93.2467
99.2038
82.7144
79.8143
111.728
134.096
115.807
134.367
103.955
167.934
101.991
92.0582
270.181
74.3299
147.187
115.659
107.234
102.906
100.428
102.613
102.584
101.811
101.094
105.128
89.2382
100.866
118.658
94.5513
112.489
103.482
105.78
99.79
104.259
103.563
101.724
104.662
153.501
123.362
129.005
105.917
103.366
125.474
120.358
299.767
95.7424
140.301
68.4025
96.9736
95.0426
92.394
115.114
151.74
143.679
123.601
119.233
131.426
109.391
115.791
157.917
87.2761
130.025
119.22
134.043
87.1527
168.815
172.913
131.969
100.579
123.881
97.0613
145.45
96.7159
120.531
114.867
84.4218
94.4217
149.534
121.921
98.4627
85.7334
113.849
114.555
120.494
100.149
113.74
110.445
101.647
104.956
98.0886
191.936
96.3236
102.075
109.928
114.308
100.374
101.704
84.1361
107.263
113.911
101.575
113.799
101.808
102.839
101.705
103.268
99.7585
140.759
109.604
144.041
122.034
101.191
112.619
111.265
98.5134
108.68
130.643
119.03
95.0749
85.5075
126.667
99.2436
109.183
99.9415
133.724
102.083
102.038
105.002
114.743
100.93
100.68
100.596
107.522
102.242
105.369
170.415
111.098
105.876
160.703
193.626
147.725
174.593
90.9122
92.1798
91.1262
91.784
90.9224
92.1769
91.1366
90.9237
92.1772
91.1368
91.7864
90.9126
92.1802
91.1264
93.2583
92.5744
93.0356
92.7391
93.0379
92.7309
93.25
93.2575
93.0348
92.7399
92.574
93.249
93.0375
92.7315
129.133
90.9491
102.025
124.764
161.254
108.118
115.388
108.211
103.978
101.444
90.7464
81.624
111.461
108.668
120.65
104.151
101.856
154.601
122.193
115.24
123.16
104.922
103.363
100.466
125.693
114.257
97.1588
101.682
85.1783
98.0972
96.1849
68.0761
71.5008
130
149.531
131.988
92.5281
96.1772
35.8365
42.0757
127.978
107.132
77.594
206.482
218.225
115.882
122.603
180.49
197.423
134.196
104.94
157.291
71.3048
111.315
107.887
57.411
130.229
94.7185
121.738
176.976
115.455
106.814
170.22
101.051
103.177
110.799
107.933
107.08
98.7087
111.316
104
100.514
105.206
108.979
107.662
98.1233
98.0851
119.588
103.213
102.909
115.236
110.678
105.839
109.917
96.8027
94.2202
103.514
144.955
190.056
133.443
135.568
131.298
107.695
110.65
106.253
127.186
108.293
110.106
106.904
89.209
89.8891
114.197
86.932
92.5037
91.0746
114.56
113.708
113.885
109.289
132.202
125.023
119.284
152.806
121.417
89.3268
73.1208
85.6922
392.273
164.091
380.254
232.32
97.6017
253.972
79.2693
306.224
399.008
210.6
80.9005
168.868
397.993
55.8764
221.258
1115.33
97.5206
100.813
101.41
98.1383
98.1685
100.009
96.95
119.823
152.754
116.12
122.645
119.971
116.098
111.579
109.542
102.567
103.469
109.324
107.406
107.858
111.953
122.322
114.35
119.776
126.918
123.913
121.522
123.329
225.357
111.597
318.148
130.6
329.685
127.814
281.267
101.004
102.457
112.352
147.146
102.124
106.55
128.678
112.267
115.239
115.126
111.408
127.16
116.558
116.983
105.432
102.125
101.988
109.683
111.439
109.512
109.408
115.727
97.9617
131.219
100.743
133.058
147.429
85.1417
98.2846
122.146
204.89
90.2718
177.703
171.741
404.077
107.711
78.8097
99.3517
102.266
104.02
100.687
82.5868
122.93
112.701
107.17
85.6712
120.716
107.282
139.046
88.1585
92.4794
93.2217
96.0107
87.4006
91.9988
94.3795
109.814
100.751
100.925
107.155
109.048
105.024
100.808
156.44
70.416
90.4022
163.312
84.8642
84.3879
91.0102
98.7864
106.939
103.513
86.8733
132.512
153.899
67.7967
80.7143
124.755
81.6017
89.3092
73.4244
110.885
81.2263
318.326
112.726
165.093
139.42
259.748
216.273
110.122
115.049
85.7748
175.25
103.299
121.435
182.694
90.3528
40.6546
128.101
72.081
141.455
65.143
89.0339
52.5606
109.425
106.714
127.37
157.72
104.749
105.511
101.415
101.887
98.5587
110.719
100.475
106.917
110.627
109.564
98.719
132.805
82.9132
182.433
174.962
157.127
164.476
109.654
107.532
109.288
110.293
81.6971
81.0394
123.865
129.077
702.548
261.592
45.5444
271.583
298.425
304.052
116.145
98.7735
102.495
88.7888
94.3817
104.413
134.135
93.2823
89.2109
101.533
89.8866
138.989
92.0596
99.1118
86.8439
73.2919
69.0795
73.8924
157.822
80.8925
253.07
65.3863
148.999
323.403
127.739
140.593
58.7029
123.168
87.5307
145.344
144.044
260.303
515.572
188.734
255.927
124.12
127.673
115.046
153.97
141.817
127.909
143.715
111.589
109.969
112.566
121.14
115.485
117.724
107.76
83.7923
92.5188
144.502
91.624
89.1809
96.8192
132.129
125.022
108.294
130.091
111.603
117.918
101.292
110.956
95.5751
92.7004
96.124
95.6294
94.0858
92.5302
96.1262
103.661
101.977
102.292
99.3805
103.309
101.733
102.779
100.232
103.839
112.42
103.697
101.374
104.333
109.677
130.082
134.926
130.958
142.439
112.321
147.608
134.606
149.451
192.862
104.342
114.435
128.157
149.431
97.2887
107.779
93.904
102.432
106.257
107.677
94.0506
101.033
101.71
116.966
112.012
105.793
101.013
111.094
110.295
115.121
72.7876
117.778
93.533
145.301
115.471
164.79
98.0881
87.7944
175.04
108.202
125.272
90.2157
126.615
68.0891
103.755
617.363
-110.074
764.777
-41.5713
48.3908
73.9861
168.41
56.8128
93.0136
19.9091
125.169
143.205
94.3097
96.8758
95.0562
106.792
133.428
188.872
125.452
91.7064
97.0046
97.0064
146.365
83.5098
153.264
96.122
140.359
108.509
118.597
85.6943
8.6802
11.8689
78.001
133.596
101.424
131.115
107.781
104.005
102.676
113.685
114.834
165.159
105.209
77.2481
173.167
126.874
82.1819
287.364
46.0536
221.717
168.242
-32.0449
214.817
-35.4767
114.171
141.922
219.639
173.718
118.056
157.176
148.574
131.85
115.707
123.064
99.8053
143.66
131.294
104.482
110.308
102.848
100.413
163.136
148.947
323.14
262.69
130.518
109.051
260.806
103.461
136.39
94.1374
189.258
73.638
-41.6272
159.388
2.08795
38.9653
222.711
104.439
103.873
157.026
139.919
113.261
98.5213
235.677
111.598
89.0755
-40.96
45.1231
25.049
54.3335
47.6837
12.4902
127.381
81.8523
58.3511
864.102
-138.411
-71.0013
678.866
165.574
151.864
138.402
60.4406
296.524
377.549
282.551
166.052
105.824
88.7948
97.4715
113.025
68.5254
121.371
116.322
113.816
116.669
190.684
126.901
141.81
184.352
113.046
130.973
129.28
222.065
273.4
-85.6656
148.041
105.045
115.35
105.026
110.274
66.7117
55.3276
105.524
)
;

boundaryField
{
    inlet
    {
        type            fixedFluxPressure;
        gradient        nonuniform List<scalar> 
87
(
-577.786
632.918
311.208
912.009
3440.62
-5265.3
-1494.42
-956.273
-2589.29
-12667.1
5210.46
-754.161
-201.066
1.61228
-11384.2
2021.48
4108.73
-1768.51
1828.13
-12396.6
-8925.94
-509.138
-2453.91
-2484.94
242.241
-2433.56
-12920.3
646.879
-196.547
26823
5655.24
-40.6915
-379.05
3434.91
1444.63
419.08
456.127
2076.47
-5452.65
-5007.69
784.789
-3071.89
-3058.87
-15026.3
-476.769
-1009.29
-4018.38
3723.43
350.862
5697.7
-465.735
3878.17
6030.84
-5798.88
3498.31
-2841.82
-49403.3
-1386.65
-30655.3
-18064.2
-11831
1878.09
4732.15
902.502
870.57
-3951.78
-194.872
283.305
10680.8
3743.41
-7795.76
4.69767
-2127.08
-2117.5
-1055.76
75.6906
-145.748
67796.6
520.993
-7204.75
-200.85
-3355.98
-976.382
-7839.03
0
-821987
-125554
)
;
        value           nonuniform List<scalar> 
87
(
100.808
98.7639
97.7379
97.2189
98.3861
90.6597
97.8155
100.937
103.549
100.912
110.213
95.9934
94.2601
95.3235
84.2081
97.3439
103.201
101.078
110.361
105.272
98.5238
96.462
89.0713
91.7453
95.2879
92.2898
88.6332
106.527
105.068
97.7261
106.399
100.983
100.769
103.892
102.506
101.879
100.105
99.0293
91.3157
88.5867
94.6434
91.8927
92.4167
81.0507
93.8486
94.2407
90.7381
98.717
95.2547
100.888
94.2789
98.9166
101.727
89.6796
67.176
92.4593
62.4702
104.53
94.8086
105.292
56.5676
96.9213
100.476
107.156
109.164
103.742
114.002
92.7871
99.8933
110.9
97.2253
100.756
101.57
102.215
102.783
114.473
97.2158
138.249
106.778
86.8434
93.7031
102.436
110.117
109.125
60.4406
-128.61
89.061
)
;
    }
    outlet
    {
        type            fixedValue;
        value           uniform 0;
    }
    lowerWall
    {
        type            fixedFluxPressure;
        gradient        uniform 0;
        value           nonuniform List<scalar> 
1010
(
101.964
97.4977
97.1153
95.3943
94.9443
95.9268
100.805
102.85
106.139
113.583
97.2663
97.8029
94.935
99.2471
93.6106
101.465
113.539
98.7942
68.0501
95.3181
97.8279
95.7985
87.7932
115.639
107.619
100.008
102.02
113.299
106.449
109.67
102.193
96.1749
98.4636
104.615
111.087
106.413
106.393
114.1
93.9068
98.5858
102.667
98.1178
98.07
99.7366
107.426
102.106
104.067
79.3234
107.533
106.054
101.717
97.2961
97.7054
99.1598
100.914
101.169
99.9934
94.1075
96.4339
106.372
96.3385
96.3066
97.2883
98.448
99.1458
99.1288
97.7588
93.8467
94.4584
96.2028
92.1847
92.5709
93.7025
94.3821
95.2289
95.2395
93.9707
91.9902
91.7866
91.8951
89.7404
90.0326
90.2623
90.5616
90.6204
90.3415
89.7292
89.2157
89.1573
89.5144
87.2809
87.4944
87.6935
87.871
87.8639
87.6815
87.3201
87.0378
86.9841
87.1134
84.8165
84.9649
85.0949
85.1907
85.1771
85.0585
84.8588
84.6791
84.6353
84.7098
82.3524
82.4492
82.5226
82.6051
82.5724
82.4988
82.3844
82.2774
82.2505
82.2792
79.8926
79.977
80.0099
80.046
80.038
79.9962
79.9421
79.8769
79.8485
79.8428
77.4616
77.5156
77.5451
77.5571
77.5483
77.5276
77.4984
77.4574
77.4367
77.4445
75.046
75.0736
75.0981
75.1107
75.1122
75.1124
75.0812
75.0342
75.034
75.0363
72.6516
72.6778
72.6779
72.6907
72.6946
72.7
72.681
72.6674
72.6585
72.6473
70.2724
70.2824
70.3053
70.3094
70.3204
70.3252
70.3139
70.2943
70.2718
70.2689
67.9221
67.9432
67.9722
67.9676
67.9572
67.9584
67.9607
67.9415
67.9239
67.923
65.5958
65.6235
65.6431
65.622
65.601
65.5972
65.5958
65.6037
65.5965
65.5917
63.295
63.2997
63.3004
63.3033
63.3039
63.2964
63.2799
63.2707
63.278
63.281
60.995
61.0018
61.0064
61.0141
61.0189
61.0195
60.9927
60.9861
60.9791
60.9825
58.7169
58.7193
58.7241
58.724
58.7242
58.7195
58.7142
58.7096
58.7027
58.7066
56.4679
56.458
56.4523
56.4564
56.4616
56.4622
56.4578
56.4562
56.4603
56.4651
54.2097
54.2105
54.2069
54.2084
54.2126
54.2225
54.2289
54.2301
54.2253
54.2151
51.9761
51.9673
51.9706
51.9821
51.9911
51.9969
52.0011
52.001
52.0025
51.9922
49.762
49.7489
49.7437
49.7542
49.7695
49.7838
49.7795
49.7853
49.7844
49.7802
47.5543
47.5438
47.5343
47.5331
47.5432
47.5538
47.5591
47.5616
47.5587
47.5582
45.344
45.3462
45.3521
45.3579
45.3528
45.3476
45.3436
45.3427
45.3415
45.3425
43.1523
43.1595
43.1709
43.1643
43.1521
43.144
43.144
43.1623
43.1521
43.1493
40.9856
40.9867
40.9925
40.9808
40.9716
40.9619
40.9751
40.9847
40.9801
40.9807
38.8154
38.8288
38.8347
38.8343
38.8273
38.8178
38.8189
38.8151
38.802
38.8044
36.6689
36.6815
36.6814
36.6771
36.6667
36.6598
36.6499
36.648
36.6467
36.6535
34.5514
34.5474
34.5276
34.5215
34.5184
34.5106
34.5048
34.511
34.5255
34.5421
32.4259
32.4157
32.4041
32.3988
32.3973
32.3989
32.4057
32.4131
32.417
32.4253
30.2912
30.2944
30.3012
30.309
30.3101
30.3131
30.3171
30.3148
30.3075
30.297
28.1891
28.1954
28.2095
28.2263
28.2352
28.2369
28.232
28.2202
28.2108
28.1959
26.1397
26.1351
26.1347
26.1406
26.1507
26.1611
26.1662
26.1657
26.1632
26.149
24.1257
24.1095
24.1003
24.0963
24.1009
24.111
24.1231
24.1358
24.1415
24.1346
22.1197
22.101
22.0981
22.0984
22.1034
22.1062
22.1074
22.1131
22.1177
22.12
20.1067
20.1059
20.1084
20.1137
20.125
20.1243
20.1174
20.109
20.1079
20.1065
18.1219
18.1279
18.1373
18.1431
18.1415
18.1351
18.128
18.1227
18.1206
18.1209
16.1813
16.1862
16.1845
16.1755
16.1587
16.142
16.1414
16.1465
16.1592
16.1709
14.2445
14.2474
14.2374
14.2192
14.1998
14.1846
14.1834
14.1945
14.2136
14.2307
12.2801
12.2958
12.2967
12.288
12.2779
12.2664
12.2663
12.2692
12.2709
12.273
10.3423
10.3491
10.359
10.3666
10.3643
10.359
10.3548
10.3532
10.3498
10.3438
8.45266
8.44278
8.43949
8.44271
8.44428
8.44851
8.4503
8.45234
8.45397
8.45752
6.56633
6.55224
6.54661
6.54758
6.55491
6.57127
6.57756
6.57584
6.56909
6.57214
4.67162
4.6683
4.66958
4.67705
4.69165
4.71508
4.71502
4.7041
4.6934
4.68213
2.79857
2.79875
2.8013
2.8077
2.81663
2.82711
2.83095
2.82921
2.81851
2.804
0.935587
0.935217
0.935102
0.930426
0.928504
0.931451
0.94047
0.944569
0.945722
0.935781
97.3821
96.8094
98.0327
97.3984
97.1924
96.8883
98.8147
98.2932
97.4706
99.6708
99.4882
98.5906
102.483
99.5319
99.2717
102.809
98.7446
99.3555
92.1757
94.5836
97.757
93.114
93.5904
93.3336
101.859
96.9063
94.3565
92.337
98.2585
97.1511
96.7095
114.94
101.137
97.5445
98.6888
95.1795
107.232
99.9558
97.7536
100.684
100.753
99.6388
102.151
112.93
108.621
108.827
104.295
102.436
82.0795
99.5359
96.9386
106.291
90.4381
106.902
106.689
99.2427
106.815
105.378
98.2251
101.419
97.506
97.7929
97.5463
96.9205
96.5955
96.7811
101.439
97.7611
97.3694
100.345
101.341
98.903
104.294
100.679
99.8318
101.528
100.64
100.156
97.9537
97.3721
98.8848
102.268
94.7065
91.4439
95.328
95.2187
94.8379
98.6395
98.1037
97.8045
96.1169
94.1641
94.0911
96.9834
94.744
94.4383
98.0837
95.441
94.9161
99.2457
96.9248
95.75
99.2627
98.0541
97.4128
98.3732
96.5814
97.8275
94.9826
93.5103
95.5358
93.9443
92.4984
92.8647
96.2387
93.4259
92.9061
96.2748
94.0076
93.6682
97.0507
100.424
104.135
97.1408
97.1889
96.6784
97.5868
97.3891
98.0691
97.3995
97.8128
97.2026
97.0175
97.0175
97.1951
96.698
96.5296
96.7131
98.4194
98.2403
97.9038
98.2182
98.4257
98.4486
97.4479
97.9162
97.7982
99.9097
99.624
100.884
99.0743
99.3447
99.479
98.4502
99.1917
98.9639
100.279
99.8474
101.499
99.3099
99.7103
99.9154
99.5721
99.8076
99.5448
100.207
100.829
103.345
99.1076
99.7947
99.3294
99.8223
100.054
99.37
93.226
95.2692
98.1002
95.379
95.0307
93.8408
98.425
97.1343
96.8464
92.4647
91.168
93.367
92.8183
91.9535
92.9561
92.6966
93.4356
93.2799
97.8782
97.377
102.919
95.7491
96.229
97.6314
94.5869
95.9615
95.3647
97.1226
97.8045
90.9012
98.0383
97.9606
97.8137
97.9047
98.0622
97.7879
98.8106
98.634
98.4042
99.2195
98.9945
98.8436
99.0741
98.7618
98.788
96.8166
96.7728
97.2423
98.8922
98.7197
98.9034
98.925
98.8841
99.2329
98.0485
98.4137
98.7957
95.4164
95.7633
95.5868
93.8404
94.4243
94.5219
98.0731
97.8826
98.0223
93.7627
93.697
93.4542
97.695
97.2011
96.7443
102.361
103.773
107.609
111.669
100.557
109.244
94.3912
92.4484
92.856
95.2296
92.9775
93.0823
98.3819
98.3659
97.6729
97.8434
98.5652
98.5953
95.0701
94.0032
93.6506
97.1161
98.0846
97.8383
96.102
95.7411
96.7797
98.6006
98.6785
97.7062
95.1902
92.9717
92.988
92.6437
91.5393
91.9827
96.416
98.3705
98.612
97.0914
96.6669
94.7594
93.7944
95.3896
94.8441
97.3167
97.8825
95.9856
102.194
99.8739
117.61
107.208
107.302
96.808
94.7425
94.3505
95.5598
108.615
103.712
109.464
97.495
104.495
107.249
94.0714
92.697
92.5162
95.2065
96.1387
96.8852
91.7417
90.9437
91.1053
93.7654
93.1381
92.5899
96.4147
95.4707
95.2895
96.3585
95.0475
94.7517
111.22
107.314
106.504
106.63
111.302
111.389
122.792
85.7649
122.976
92.5788
92.9507
92.8726
95.5189
95.8601
95.1255
96.3561
97.6055
100.293
95.2338
95.1883
96.0853
101.243
102.82
100.417
96.0987
102.37
110.69
95.1653
95.3883
96.619
96.172
95.3075
95.3423
94.9334
94.0704
94.3055
94.3183
94.3916
95.2821
111.405
99.4843
102.558
82.4149
108.433
107.901
96.7068
90.4624
94.9601
93.6618
93.8719
94.6642
95.3242
94.5063
94.4069
103.653
99.3439
100.731
98.672
97.8584
99.9435
97.0808
96.9898
97.101
112.912
97.2951
96.5726
105.604
108.253
57.4712
95.6996
105.558
104.711
116.744
16.1698
101.448
103.73
124.4
106.542
108.722
122.816
108.56
122.171
108.306
101.531
103.309
103.983
101.347
104.484
79.3553
107.494
118.847
113.521
108.853
94.9924
120.34
97.3689
94.7448
94.4529
95.4236
90.3939
112.59
97.8277
109.759
103.578
101.141
94.3985
94.247
95.0178
95.8258
114.529
84.5745
99.093
130.701
93.7397
125.671
107.443
95.2081
107.859
102.835
91.169
107.899
106.399
100.215
108.39
100.432
86.2734
124.865
103.482
103.595
86.7535
98.0255
105.72
93.5131
92.9531
93.3588
87.2311
92.1294
87.2888
101.399
95.8574
96.2226
97.2862
103.98
103.9
92.1798
91.1262
90.9122
111.315
57.411
134.196
130.229
170.22
115.455
107.933
111.316
103.177
107.695
110.65
131.298
89.209
89.8891
106.904
92.4794
93.2217
88.1585
98.7864
67.7967
132.512
182.433
164.476
132.805
111.603
110.956
125.022
92.7004
96.124
95.5751
101.977
102.292
103.661
81.8523
678.866
-138.411
)
;
    }
    upperWall
    {
        type            fixedFluxPressure;
        gradient        uniform 0;
        value           nonuniform List<scalar> 
1154
(
106.257
97.4806
93.9808
96.7169
95.0371
93.5961
100.456
105.233
105.793
68.4025
99.1044
96.6151
89.8721
97.7064
91.5674
125.256
107.232
98.994
129.319
127.105
118.259
93.7017
88.2417
104.274
101.245
95.7596
88.4082
115.027
108.904
113.03
94.3817
92.401
99.7776
101.143
109.78
107.601
118.444
102.938
124.415
102.071
103.473
96.5368
98.1937
99.3994
113.537
101.946
116.531
133.179
106.16
104.965
99.0498
97.355
97.5968
99.2882
99.7272
101.322
99.425
92.9342
95.1554
100.909
96.325
96.3057
97.2795
98.4849
99.1529
99.1329
97.6268
93.8576
94.4578
96.1981
92.1851
92.5704
93.7032
94.3835
95.2313
95.2404
93.9701
91.9898
91.7864
91.8954
89.7403
90.0324
90.2636
90.5615
90.6198
90.3409
89.7293
89.216
89.1577
89.5143
87.2808
87.4944
87.6934
87.8701
87.8643
87.6818
87.32
87.0377
86.9839
87.1131
84.8167
84.9648
85.0948
85.1906
85.1771
85.0581
84.8587
84.679
84.6352
84.7099
82.3524
82.4491
82.5225
82.605
82.5718
82.4987
82.3843
82.2773
82.2504
82.2789
79.8924
79.9769
80.0098
80.0458
80.0377
79.9964
79.942
79.8768
79.8484
79.8423
77.462
77.5155
77.545
77.557
77.5482
77.5275
77.4983
77.4573
77.4366
77.4444
75.0459
75.0735
75.098
75.1106
75.1122
75.1124
75.0811
75.0341
75.0339
75.0362
72.6511
72.6774
72.6778
72.6906
72.6947
72.6999
72.6809
72.6673
72.6588
72.6478
70.2723
70.2823
70.3052
70.3093
70.3203
70.3251
70.3138
70.2948
70.272
70.2688
67.9221
67.9435
67.9719
67.9671
67.9571
67.9585
67.9604
67.9411
67.9237
67.9228
65.5959
65.6232
65.6431
65.6218
65.6008
65.597
65.5955
65.6042
65.5966
65.5918
63.2946
63.2995
63.3003
63.303
63.3041
63.2963
63.2799
63.2705
63.2781
63.2809
60.9948
61.0019
61.006
61.0142
61.019
61.0196
60.9926
60.986
60.979
60.9822
58.717
58.7194
58.724
58.7239
58.724
58.7193
58.7141
58.7096
58.7028
58.7063
56.4678
56.4575
56.452
56.4566
56.4615
56.4619
56.4577
56.4563
56.4603
56.465
54.2094
54.2099
54.2066
54.2086
54.2127
54.2223
54.2288
54.23
54.2252
54.2151
51.9761
51.9672
51.9706
51.9817
51.9907
51.997
52.0006
52.0009
52.0021
51.9923
49.7619
49.7486
49.7435
49.7538
49.7695
49.7839
49.7793
49.7853
49.7844
49.7803
47.554
47.5435
47.5343
47.5333
47.5434
47.5536
47.5589
47.5617
47.5582
47.5582
45.3439
45.3461
45.352
45.358
45.3527
45.3473
45.3439
45.3425
45.3414
45.3426
43.152
43.1596
43.1709
43.1644
43.1514
43.1439
43.1444
43.1621
43.1526
43.1495
40.9856
40.9867
40.9924
40.9806
40.9714
40.9627
40.9751
40.9847
40.9802
40.9805
38.8154
38.8293
38.8341
38.8341
38.8273
38.818
38.8192
38.8149
38.8018
38.8041
36.6689
36.6815
36.6809
36.677
36.6666
36.6592
36.6495
36.6478
36.6465
36.6535
34.5514
34.5472
34.5277
34.5213
34.5188
34.5103
34.5047
34.511
34.5252
34.5427
32.4256
32.4157
32.4043
32.3987
32.3973
32.3997
32.4057
32.413
32.4169
32.4249
30.2911
30.2943
30.3012
30.309
30.31
30.3132
30.3169
30.3147
30.3071
30.2965
28.1889
28.1953
28.2095
28.2259
28.2351
28.2367
28.2315
28.2204
28.2107
28.1962
26.1395
26.135
26.1343
26.1404
26.1507
26.161
26.1661
26.1656
26.1633
26.1489
24.1257
24.11
24.1003
24.0963
24.1008
24.1108
24.123
24.1357
24.1412
24.1345
22.1196
22.1008
22.098
22.0985
22.1034
22.1061
22.1073
22.113
22.1175
22.1199
20.1066
20.1054
20.1082
20.1138
20.1252
20.1244
20.1175
20.1089
20.1078
20.1064
18.1216
18.1279
18.1374
18.143
18.1413
18.1349
18.1279
18.1223
18.1207
18.1208
16.1814
16.1864
16.1846
16.175
16.1587
16.1421
16.1409
16.1466
16.1594
16.1709
14.2446
14.2472
14.2364
14.2188
14.1998
14.1845
14.1834
14.1943
14.2135
14.2306
12.2803
12.2952
12.2963
12.2881
12.2783
12.2664
12.2663
12.2691
12.2706
12.2728
10.3423
10.3492
10.359
10.3669
10.3642
10.3587
10.3546
10.353
10.3496
10.3437
8.45269
8.4428
8.43939
8.44262
8.44419
8.44842
8.45021
8.45225
8.45383
8.45755
6.56613
6.55195
6.54627
6.54737
6.55498
6.57126
6.57766
6.57577
6.56887
6.57183
4.67161
4.66824
4.66955
4.677
4.69147
4.71509
4.71493
4.70404
4.6933
4.68197
2.79843
2.79902
2.80129
2.80758
2.81646
2.8264
2.8304
2.82924
2.81852
2.8041
0.93568
0.934977
0.934942
0.92996
0.928456
0.931392
0.940543
0.944461
0.945628
0.935704
98.0075
96.8138
96.6443
96.8832
97.1927
97.3803
97.4597
98.2834
98.5989
98.5925
99.3182
101.36
99.2557
99.4541
99.9929
99.4158
98.7182
101.46
97.6967
94.5942
91.6789
93.3423
93.6016
92.0927
94.3628
96.935
98.786
97.1438
98.3064
101.968
100.376
95.6467
97.0621
99.535
99.4667
102.614
99.4151
98.2721
99.7214
99.5475
100.044
101.321
96.5764
95.7934
104.198
101.25
101.467
102.371
102.257
88.1369
131.451
80.5706
86.2857
172.612
102.634
99.902
118.071
100.343
100.619
108.871
98.2087
97.8962
97.8848
96.7932
96.6774
97.314
97.5427
97.8346
96.9092
98.8909
99.3366
101.738
99.7731
100.209
100.326
100.345
100.698
101.614
99.3592
98.0594
100.242
91.6246
91.4105
90.365
94.9944
95.1203
96.3847
97.9874
98.3809
100.83
94.0908
94.1635
96.1201
94.4365
94.7447
96.9791
94.9167
95.4391
98.0639
95.7502
96.8975
99.2214
97.4343
98.0363
99.2717
97.828
96.5667
98.4479
95.537
93.5102
95.0189
92.8665
92.4982
93.9375
92.9061
93.4258
96.1612
93.6676
94.0079
96.2777
98.0671
97.4064
97.5726
96.6888
97.2329
97.0727
98.8035
98.3653
96.5418
96.7153
96.564
96.702
97.2319
96.9548
97.03
97.9877
97.6517
97.3346
97.755
97.9067
97.4459
98.4703
98.4447
98.042
97.2849
98.7829
99.1658
98.9557
99.2086
98.975
99.5492
99.3757
99.0755
101.11
99.8969
100.11
99.5222
99.8006
99.5358
99.8729
99.6985
99.2936
100.231
99.8651
100.351
99.4016
100.154
99.8462
99.2808
99.8045
99.1107
103.171
100.644
100.138
96.9281
96.9171
98.1175
93.8413
94.9955
95.3821
94.28
94.7048
93.3804
93.1481
91.9167
92.6627
93.0752
92.7426
92.8442
93.5304
91.7989
92.3648
95.3639
95.7105
94.718
97.6602
96.5476
95.8308
90.9572
99.7415
98.5705
97.8082
98.0651
97.8841
97.8938
97.946
98.0558
102.459
99.3349
98.6021
98.4014
98.6335
98.7776
98.8391
99.0131
99.2323
98.8009
98.7869
99.0988
97.2411
96.7745
96.7924
98.885
98.7197
98.8929
99.2713
98.9792
98.9542
98.8029
98.4629
98.057
95.6055
95.763
95.4152
94.5187
94.3964
93.8256
98.01
97.8628
98.0597
93.4507
93.703
93.7583
96.7391
97.1812
97.6986
104.105
104.544
103.453
98.582
117.945
98.4418
101.873
102.275
90.5425
92.8554
92.4477
94.3892
93.0817
92.9765
95.2266
97.7968
98.4404
98.3847
98.5859
98.5843
97.8815
93.6558
93.9958
95.0761
96.8008
95.7487
96.0983
97.8316
98.1644
97.2393
97.798
98.736
98.6126
92.9895
92.9726
95.1895
91.9816
91.538
92.6429
98.6081
98.3726
96.4252
94.7726
96.6694
97.0906
95.9892
97.881
97.3176
94.8419
95.3924
93.7988
100.679
100.752
104.106
95.5938
94.3525
94.7384
99.1707
112.126
103.124
92.517
92.6978
94.0722
96.8718
96.1436
95.2064
91.1054
90.9441
91.7418
92.5898
93.13
93.7772
95.2892
95.4696
96.4187
97.7635
99.8206
163.077
105.62
131.35
107.965
97.4027
108.511
82.8257
94.7515
95.0467
96.3541
116.989
102.809
102.133
103.24
133.997
102.019
92.8708
92.9499
92.5782
95.1255
95.86
95.5183
101.475
94.2125
108.965
96.0976
95.1904
95.2335
105.521
97.003
88.9114
116.156
128.983
146.04
114.196
84.2938
110.039
105.459
101.954
97.2286
96.6381
95.3875
95.1627
115.811
103.532
111.021
104.911
114.903
108.792
98.5762
108.965
114.689
102.982
104.446
104.497
94.8168
151.905
87.4888
105.711
96.4217
94.326
108.213
93.4084
104.448
108.015
113.405
106.145
105.341
110.334
103.332
95.3409
95.3074
96.1718
94.3046
94.0676
94.9431
95.2835
94.3901
94.3183
90.948
133.87
100.025
126.55
112.193
113.702
92.2221
101.812
144.379
103.035
102.89
102.303
105.522
104.806
106.245
94.6699
93.8696
93.6604
120.59
90.7699
103.79
94.4052
94.5034
95.3322
104.978
114.893
106.534
139.781
107.594
88.5502
117.319
90.6544
92.4142
102.286
97.0293
115.646
100.948
96.1713
98.2999
108.564
130.44
126.001
109.106
102.917
107.235
109.477
102.057
101.06
105.302
122.199
113.404
104.565
105.398
107.433
124.015
98.4116
86.0068
118.191
138.143
119.687
91.0347
106.935
108.689
175.787
93.6999
106.229
114.156
101.74
168.709
129.019
110.7
112.274
103.736
107.171
99.731
129.177
124.17
103.17
108.107
115.092
107.414
101.372
126.702
97.4054
143.115
109.997
115.346
112.865
105.67
108.247
115.027
109.171
104.448
103.123
114.718
99.0241
109.438
108.953
116.075
109.848
107.068
109.548
121.871
110.499
106.686
106.707
116.73
107.741
101.935
110.683
103.497
111.289
94.3938
102.592
101.143
88.6968
97.6593
151.871
74.078
93.8583
104.372
105.427
102.54
96.7914
103.697
94.8389
107.634
104.905
100.991
112.78
108.828
107.816
102.945
112.894
115.254
110.153
91.7843
95.6946
118.373
106.54
97.5513
101.613
102.28
106.345
106.165
106.635
98.9299
95.0196
94.248
94.4006
126.43
105.49
124.502
115.167
101.653
99.4841
128.758
113.742
111.807
116.544
101.987
105.411
107.332
130.78
97.5009
99.5049
118.113
125.279
95.1604
55.4337
99.1524
110.733
111.175
106.578
113.008
110.1
114.334
108.205
121.157
131.515
109.095
110.366
112.64
106.419
94.5456
99.2865
108.86
110.031
104.885
93.3572
92.9519
93.5118
103.1
106.284
105.888
96.9736
92.394
95.0426
95.0749
126.667
108.68
90.9491
115.388
161.254
98.0972
149.531
68.0761
90.9126
91.1264
92.1802
81.624
108.668
103.978
103.363
101.682
125.693
35.8365
107.132
92.5281
206.482
197.423
115.882
190.056
133.443
94.2202
102.457
128.678
102.124
72.081
52.5606
141.455
107.677
101.033
94.0506
101.013
110.295
111.094
617.363
48.3908
-110.074
56.8128
143.205
93.0136
8.6802
78.001
108.509
163.136
262.69
102.848
25.049
12.4902
-40.96
)
;
    }
    frontWall
    {
        type            cyclic;
    }
    backWall
    {
        type            cyclic;
    }
}


// ************************************************************************* //
