/*--------------------------------*- C++ -*----------------------------------*\
| =========                 |                                                 |
| \\      /  F ield         | OpenFOAM: The Open Source CFD Toolbox           |
|  \\    /   O peration     | Version:  5.0                                   |
|   \\  /    A nd           | Web:      www.OpenFOAM.org                      |
|    \\/     M anipulation  |                                                 |
\*---------------------------------------------------------------------------*/
FoamFile
{
    version     2.0;
    format      ascii;
    class       volScalarField;
    location    "2.8";
    object      p;
}
// * * * * * * * * * * * * * * * * * * * * * * * * * * * * * * * * * * * * * //

dimensions      [1 -1 -2 0 0 0 0];

internalField   nonuniform List<scalar> 
8647
(
98.6339
96.0547
103.478
96.2889
97.9569
97.5291
95.1697
91.4439
88.9189
86.4234
83.9398
81.4693
79.0138
76.5963
74.1958
71.8195
69.458
67.1288
64.8215
62.5394
60.2634
58.0052
55.7771
53.5416
51.3302
49.1398
46.9527
44.7644
42.5955
40.451
38.3035
36.1807
34.0864
31.986
29.8745
27.7972
25.773
23.7853
21.8066
19.8196
17.861
15.9464
14.0352
12.0987
10.1894
8.32698
6.4692
4.6025
2.75715
0.921824
105.406
107.236
106.838
100.578
98.9401
97.0101
95.4187
91.5495
88.9961
86.482
83.9825
81.4958
79.0518
76.6189
74.2027
71.8292
69.4603
67.145
64.8447
62.5428
60.2672
58.0073
55.7704
53.5431
51.3211
49.1241
46.9415
44.7667
42.6039
40.4553
38.3191
36.1947
34.0836
31.9752
29.8767
27.8033
25.7684
23.769
21.7864
19.8189
17.8671
15.9517
14.0418
12.1181
10.1975
8.31797
6.4544
4.59888
2.75711
0.921405
97.6121
97.1199
101.978
97.5393
96.7645
96.473
96.0573
92.242
88.9388
86.5059
84.0043
81.5057
79.0476
76.6242
74.2121
71.822
69.4743
67.1651
64.8604
62.5414
60.2699
58.0093
55.7585
53.5358
51.3233
49.1193
46.9322
44.7726
42.6134
40.4567
38.3236
36.1939
34.0635
31.9643
29.8872
27.8197
25.7699
23.7606
21.7847
19.8223
17.8768
15.9518
14.0317
12.118
10.2072
8.31505
6.45008
4.6003
2.75985
0.921284
96.9093
95.1974
101.553
97.8087
97.9021
98.8687
96.5452
92.5781
89.0227
86.571
84.0322
81.5459
79.0572
76.6215
74.217
71.8301
69.4767
67.1593
64.8386
62.5434
60.277
58.0094
55.7636
53.5379
51.3344
49.1292
46.931
44.7788
42.6086
40.4473
38.3241
36.1899
34.0585
31.9597
29.8951
27.8365
25.776
23.7565
21.7848
19.8249
17.8814
15.9408
14.0112
12.1085
10.2152
8.31834
6.45082
4.60847
2.76646
0.916758
93.1278
103.525
108.192
101.854
94.9933
97.8566
96.8418
93.1978
89.0882
86.564
84.0274
81.5221
79.0554
76.6174
74.2247
71.8387
69.4891
67.151
64.8176
62.5429
60.281
58.01
55.7695
53.5426
51.3433
49.1443
46.9411
44.774
42.5966
40.4425
38.318
36.1801
34.0552
31.9587
29.8963
27.8463
25.787
23.763
21.79
19.8373
17.8813
15.9251
13.9933
12.0987
10.211
8.31969
6.45868
4.62085
2.77471
0.914565
68.9914
110.173
98.2972
97.1173
98.2079
95.889
96.5111
93.2082
89.0066
86.5172
83.9958
81.5027
79.0491
76.6156
74.2267
71.8421
69.4958
67.1541
64.8159
62.5377
60.2803
58.0041
55.7704
53.5526
51.3482
49.1577
46.9511
44.7677
42.5872
40.4254
38.3073
36.1727
34.0473
31.9603
29.8997
27.8479
25.7973
23.7726
21.7929
19.8368
17.874
15.9084
13.9778
12.0863
10.2065
8.32389
6.47431
4.64701
2.78587
0.917682
163.954
43.6441
103.045
95.2915
95.5784
96.4473
96.5639
92.1835
88.8445
86.4292
83.9509
81.4805
79.0489
76.6198
74.219
71.839
69.4928
67.16
64.8181
62.5248
60.2617
58.0028
55.7674
53.5607
51.3556
49.1562
46.9574
44.7647
42.5893
40.4412
38.3066
36.162
34.0409
31.9667
29.9021
27.8424
25.8028
23.7869
21.7953
19.8314
17.8679
15.9076
13.9765
12.0863
10.2025
8.32558
6.4806
4.64609
2.78957
0.926756
114.046
109.073
106.426
99.9895
96.3042
96.9301
95.7902
92.0611
88.7396
86.3655
83.9032
81.4525
79.0316
76.6087
74.1925
71.8382
69.4813
67.1471
64.8298
62.5176
60.2542
57.999
55.7664
53.562
51.3545
49.1605
46.9586
44.7615
42.6003
40.4462
38.3023
36.1593
34.0451
31.9735
29.9006
27.832
25.8031
23.7968
21.7996
19.8209
17.8618
15.9128
13.9892
12.0902
10.2014
8.32771
6.47896
4.63477
2.78765
0.930527
103.913
102.91
112.689
96.994
100.577
96.5206
95.4172
91.1957
88.7848
86.3534
83.9022
81.4554
79.0224
76.6008
74.2004
71.8353
69.4628
67.1329
64.8248
62.5271
60.248
57.9926
55.7713
53.5574
51.3567
49.1595
46.9551
44.7601
42.5937
40.4457
38.2911
36.16
34.0647
31.98
29.8935
27.8217
25.7999
23.8011
21.804
19.8206
17.8597
15.9249
14.0051
12.0902
10.1968
8.32864
6.47153
4.62395
2.77692
0.93169
99.285
103.867
99.665
99.2355
95.9452
96.4878
94.6858
91.3181
88.8599
86.3758
83.9154
81.4515
79.0024
76.5997
74.1974
71.8208
69.4583
67.1293
64.8186
62.5288
60.2483
57.9945
55.775
53.5466
51.3446
49.1539
46.9559
44.7623
42.5916
40.4473
38.2943
36.1666
34.0796
31.984
29.8809
27.8034
25.7799
23.7933
21.8058
19.8193
17.8598
15.9365
14.0229
12.0927
10.1916
8.33374
6.47475
4.6128
2.76237
0.922148
99.5988
104.178
101.993
98.6995
97.803
97.3108
95.1623
91.4445
88.9189
86.4234
83.9399
81.4693
79.0136
76.5963
74.1958
71.8193
69.458
67.1289
64.8216
62.5392
60.2634
58.0052
55.7771
53.5415
51.3302
49.1399
46.9526
44.7644
42.5954
40.4507
38.3034
36.1808
34.0865
31.9858
29.8745
27.7972
25.7729
23.7853
21.8066
19.8195
17.8608
15.9465
14.0355
12.0988
10.1894
8.32699
6.46912
4.60221
2.75711
0.921894
117.664
104.65
93.5993
103.824
97.1134
96.9429
95.3131
91.5497
88.996
86.4819
83.9824
81.4958
79.0518
76.6188
74.2027
71.829
69.4602
67.1451
64.8446
62.5427
60.2672
58.0073
55.7704
53.543
51.3211
49.124
46.9414
44.7667
42.6039
40.4553
38.3196
36.1947
34.0835
31.9752
29.8767
27.8032
25.7683
23.7691
21.7863
19.8189
17.8671
15.9518
14.0417
12.1178
10.1977
8.318
6.45431
4.59895
2.7573
0.921358
102.501
98.6247
101.782
98.5564
97.1155
96.4794
96.0867
92.2418
88.9404
86.5057
84.0043
81.5056
79.0476
76.6242
74.2121
71.8219
69.4743
67.1649
64.8605
62.5413
60.2697
58.0093
55.7583
53.5358
51.3233
49.1191
46.9322
44.7726
42.6134
40.4568
38.3234
36.1938
34.0636
31.9643
29.8873
27.8197
25.7697
23.7606
21.7847
19.8222
17.8769
15.9519
14.0316
12.1178
10.2072
8.31502
6.44992
4.60033
2.75987
0.921268
95.5503
97.5915
100.735
99.5426
97.8008
102.939
96.5449
92.576
89.0233
86.5705
84.0322
81.5458
79.0572
76.6215
74.2169
71.83
69.4767
67.1592
64.8385
62.5433
60.2771
58.0093
55.7636
53.5381
51.3342
49.129
46.9311
44.7789
42.6086
40.4472
38.324
36.1898
34.0585
31.9597
29.8951
27.8365
25.776
23.7566
21.7848
19.8248
17.8814
15.9405
14.011
12.1085
10.2153
8.31833
6.45077
4.60841
2.76644
0.916624
109.307
102.478
105.87
99.9313
101.686
97.2343
96.8254
93.1831
89.0884
86.5641
84.0274
81.5222
79.055
76.6173
74.2247
71.8387
69.4891
67.151
64.8175
62.5429
60.2811
58.0097
55.7692
53.5427
51.3432
49.1443
46.9412
44.774
42.596
40.4422
38.318
36.1801
34.0551
31.9587
29.8963
27.8462
25.787
23.7629
21.79
19.8372
17.8813
15.9251
13.9933
12.0987
10.211
8.31967
6.45871
4.62079
2.77463
0.91462
102.49
103.208
94.6295
97.8195
96.8121
95.9783
96.5
93.1782
89.0068
86.5172
83.9957
81.5026
79.0492
76.6156
74.2266
71.842
69.4958
67.1542
64.8158
62.5375
60.2805
58.0041
55.7704
53.5526
51.3482
49.1578
46.951
44.7676
42.5872
40.4256
38.3073
36.1722
34.0472
31.9602
29.8998
27.848
25.7974
23.7726
21.7929
19.8368
17.8739
15.9084
13.9778
12.0863
10.2064
8.32387
6.47428
4.64697
2.78559
0.917648
140.614
35.9561
95.142
95.7573
97.2721
96.4198
96.4997
92.1719
88.845
86.4291
83.9509
81.4805
79.0489
76.6198
74.219
71.839
69.4928
67.1599
64.8181
62.5249
60.2618
58.0028
55.7674
53.5607
51.3555
49.1561
46.9573
44.7647
42.5893
40.4411
38.3069
36.1619
34.0409
31.9667
29.902
27.8422
25.8028
23.7869
21.7953
19.8314
17.8679
15.9075
13.9765
12.0863
10.2023
8.32557
6.48069
4.64614
2.78949
0.926874
113.678
111.116
106.205
103.115
97.1962
96.7279
95.7551
92.0579
88.7403
86.3653
83.9032
81.4525
79.0316
76.6087
74.1925
71.8382
69.4816
67.1468
64.8299
62.5176
60.2542
57.9991
55.7664
53.5619
51.3545
49.1606
46.9586
44.7613
42.6002
40.4463
38.3022
36.1593
34.0451
31.9735
29.9005
27.8319
25.803
23.7967
21.7996
19.8209
17.8617
15.9129
13.9892
12.0902
10.2014
8.32769
6.47895
4.63475
2.78763
0.93056
104.975
103.198
117.82
102.28
99.9973
96.3474
95.4541
91.1961
88.7849
86.3534
83.9022
81.4554
79.0225
76.6008
74.2004
71.8355
69.463
67.1327
64.8248
62.5272
60.2479
57.9926
55.7714
53.5574
51.3566
49.1596
46.955
44.7601
42.5938
40.4458
38.2911
36.1599
34.0651
31.98
29.8934
27.8217
25.7999
23.801
21.8039
19.8205
17.8597
15.9249
14.0051
12.0901
10.1968
8.32867
6.47147
4.62392
2.77699
0.931692
99.2423
99.9494
101.569
99.0492
99.3333
96.6197
94.5723
91.3186
88.8599
86.3757
83.9155
81.4513
79.0024
76.5996
74.1974
71.8211
69.4582
67.129
64.8187
62.5287
60.2481
57.9944
55.775
53.5466
51.3447
49.1539
46.9559
44.7623
42.5917
40.4473
38.2942
36.1667
34.0798
31.9837
29.8808
27.8036
25.7799
23.7933
21.8058
19.8193
17.8598
15.9366
14.0229
12.0926
10.1916
8.33374
6.47462
4.61279
2.76242
0.922135
98.9024
102.823
102.355
96.8936
97.7793
98.8876
95.2049
91.4443
88.9188
86.4233
83.9399
81.4694
79.0133
76.5962
74.1957
71.819
69.4579
67.1289
64.8217
62.539
60.2632
58.0051
55.777
53.5413
51.3302
49.1398
46.9524
44.7643
42.5952
40.4506
38.3035
36.1808
34.0864
31.9857
29.8744
27.7971
25.7728
23.7853
21.8066
19.8194
17.8607
15.9465
14.0355
12.0989
10.1893
8.32729
6.469
4.60213
2.75701
0.921847
99.6777
111.196
97.2086
97.2406
95.1462
97.0847
95.3185
91.549
88.996
86.4818
83.9824
81.4957
79.0518
76.6188
74.2026
71.8287
69.4602
67.1452
64.8445
62.5426
60.2678
58.0073
55.7702
53.5429
51.3213
49.1239
46.9412
44.7666
42.6041
40.4553
38.3196
36.1947
34.0834
31.9752
29.8767
27.8031
25.7682
23.7695
21.7861
19.818
17.8671
15.9518
14.0416
12.1174
10.1977
8.318
6.45422
4.59888
2.75737
0.921168
101.733
117.971
98.9625
96.9737
97.0653
96.5384
96.0813
92.2429
88.9401
86.5058
84.0042
81.5056
79.0475
76.6241
74.212
71.8218
69.4742
67.1647
64.8606
62.5412
60.2695
58.0092
55.7581
53.5363
51.3233
49.119
46.9321
44.7726
42.6134
40.4568
38.3233
36.1935
34.0637
31.9644
29.8873
27.8197
25.7695
23.7606
21.7846
19.8221
17.8769
15.952
14.0315
12.1177
10.2072
8.31495
6.44973
4.60028
2.75984
0.9211
97.0391
95.5502
100.932
104.079
97.7597
94.8317
96.5448
92.5778
89.0227
86.5704
84.0321
81.5457
79.0571
76.6214
74.2169
71.83
69.4766
67.1589
64.8385
62.5431
60.2771
58.0093
55.7635
53.5382
51.334
49.1288
46.9312
44.7788
42.6086
40.4471
38.3238
36.1897
34.0584
31.9596
29.8951
27.8364
25.7759
23.7565
21.7848
19.825
17.8814
15.9404
14.0108
12.1085
10.2153
8.31826
6.45066
4.60833
2.76634
0.916292
98.832
102.271
102.063
102.412
100.204
97.1577
96.8194
93.1864
89.0876
86.5643
84.0274
81.5222
79.0548
76.6173
74.2248
71.8387
69.489
67.1509
64.8174
62.5429
60.2811
58.0096
55.7688
53.5429
51.3429
49.1444
46.9413
44.7739
42.5959
40.4421
38.318
36.18
34.055
31.9587
29.8963
27.8462
25.7869
23.7629
21.7899
19.8372
17.8812
15.9252
13.9934
12.0986
10.211
8.3196
6.45893
4.62065
2.77454
0.914519
129.833
108.403
96.2728
106.462
96.2098
96.9019
96.4889
93.1811
89.006
86.5173
83.9955
81.5025
79.0497
76.6155
74.2264
71.8419
69.4957
67.1542
64.8157
62.5373
60.2803
58.0041
55.7702
53.5526
51.3483
49.1577
46.951
44.7674
42.5871
40.4261
38.3075
36.172
34.047
31.9611
29.8998
27.8479
25.7974
23.7726
21.7928
19.837
17.8738
15.9084
13.9778
12.0863
10.2062
8.3238
6.47425
4.64687
2.78516
0.917632
177.536
178.656
112.557
92.4905
97.4068
96.4373
96.455
92.1752
88.8445
86.4291
83.9508
81.4804
79.0488
76.6197
74.2189
71.8389
69.4927
67.1597
64.818
62.5248
60.262
58.0027
55.7673
53.5606
51.3553
49.1561
46.9572
44.7649
42.5897
40.4411
38.3067
36.1618
34.0408
31.9667
29.9019
27.8421
25.8027
23.7868
21.7952
19.8313
17.8678
15.9071
13.9765
12.0862
10.2022
8.3255
6.48079
4.64598
2.78905
0.926986
114.063
111.029
107.569
100.668
97.1905
97.529
95.7731
92.0582
88.74
86.3654
83.9031
81.4524
79.0315
76.6086
74.1924
71.8381
69.4818
67.1466
64.83
62.5176
60.2541
57.999
55.7666
53.5619
51.3545
49.1605
46.9585
44.7611
42.5999
40.4463
38.3022
36.1593
34.045
31.9734
29.9004
27.8319
25.8029
23.7966
21.7995
19.8209
17.8616
15.9129
13.9892
12.0901
10.2012
8.32762
6.4789
4.63471
2.78762
0.930559
103.931
104.089
106.299
95.7151
99.8632
96.9803
95.4493
91.1959
88.7853
86.3533
83.9021
81.4553
79.0224
76.6007
74.2003
71.8357
69.4631
67.1325
64.8248
62.5272
60.2479
57.9928
55.7713
53.5573
51.3562
49.1595
46.9545
44.7597
42.5937
40.4459
38.2909
36.1598
34.0658
31.98
29.8932
27.8218
25.7998
23.8008
21.8038
19.8205
17.8598
15.9251
14.005
12.0899
10.1967
8.3286
6.47137
4.62385
2.77692
0.931601
99.3625
96.8866
101.64
90.3387
99.0325
96.5393
94.571
91.3184
88.8598
86.3756
83.9155
81.4511
79.0022
76.5995
74.1973
71.8213
69.4582
67.1289
64.8187
62.5286
60.248
57.9944
55.7749
53.5465
51.3447
49.1538
46.9559
44.7624
42.5917
40.4473
38.2938
36.1668
34.08
31.9833
29.8806
27.8036
25.7798
23.7932
21.8057
19.8192
17.8597
15.9366
14.0228
12.0924
10.1916
8.33372
6.47443
4.6126
2.76244
0.92207
96.5242
96.963
96.6566
97.1801
96.5207
96.9467
96.5521
96.5921
96.862
96.3639
96.9305
96.6248
96.8405
96.3809
96.5069
95.9647
96.5017
96.462
96.5115
94.6811
96.5111
96.5516
97.2387
96.8417
102.126
96.5649
97.2715
96.8416
96.8285
96.5005
96.5419
97.2175
96.8626
96.5321
96.4744
96.4998
96.398
96.413
95.903
96.4979
96.3899
96.418
96.4726
95.7882
96.145
96.4251
96.7129
95.5773
96.1298
95.9648
96.5263
95.8103
96.6826
95.9812
96.3554
95.8156
95.5841
95.8259
95.7205
96.4934
95.585
95.6227
95.7929
95.8697
96.8653
96.573
96.5502
95.907
96.691
96.4568
96.5256
96.9486
96.5514
96.3314
96.2488
97.1173
96.5389
96.6328
96.7701
96.3818
97.1205
96.6212
96.6982
96.381
96.5098
99.8904
96.5171
96.4995
96.5054
99.2182
96.5221
96.547
97.5307
96.7405
94.459
96.5607
97.1841
96.8617
96.826
96.5498
96.5807
97.1939
96.8419
96.6976
96.4917
96.5105
96.3891
96.5492
97.1316
96.5072
96.4129
96.367
96.6439
95.5084
96.1332
96.2642
96.4343
96.3087
96.1368
95.9339
96.3162
95.8183
97.2088
95.9818
98.0544
95.8282
95.5827
95.6944
95.8017
96.9261
95.5795
95.3326
95.8146
95.9177
96.6717
96.4725
97.0437
95.9045
96.7712
96.4516
96.5067
97.079
96.5209
97.5591
96.4767
97.5494
96.6425
96.6125
96.6968
96.3804
97.4742
96.586
96.7185
96.3647
96.5039
99.3654
96.6766
96.5611
96.4957
99.2364
96.5432
96.6048
97.0377
96.7112
94.9697
96.5725
98.4488
96.7748
96.8675
96.4818
96.4969
98.0758
96.8154
96.4287
96.5029
96.5077
96.432
96.4803
97.0704
96.5263
96.4024
96.3932
96.3825
98.7957
96.1442
96.4236
96.303
98.0452
96.1353
95.9944
97.4291
95.8314
94.6515
95.9463
97.1925
95.829
95.5848
95.3467
95.7781
97.0865
95.5861
96.4066
95.7133
95.8947
96.7546
96.4898
96.2488
95.8641
99.6965
96.6816
96.5258
97.3016
97.2967
98.0093
97.2647
97.5029
96.7681
96.793
96.7792
97.2795
97.5791
97.2523
96.7896
96.7781
93.3956
95.2879
93.4345
95.1347
93.4049
95.2592
93.4436
97.3103
95.7426
98.0999
97.94
97.2282
95.5966
97.5101
96.4275
96.5691
96.7594
96.9264
96.5733
96.7039
96.4528
93.5016
95.9204
93.7028
95.3208
93.5106
95.886
93.7112
96.9762
98.061
96.6778
97.1784
97.708
100.16
96.6578
96.5586
96.519
96.5056
96.4676
96.5279
96.4976
96.6911
93.4735
96.3918
93.6763
96.0873
93.4824
96.3594
93.6793
96.2893
100.895
97.5365
99.0296
96.3043
98.2886
97.8679
99.2978
96.4629
100.204
98.0182
97.1456
100.46
97.7254
93.7159
96.941
94.4681
96.5504
93.705
96.8906
94.3581
99.7431
98.5548
98.531
94.6501
98.2833
98.381
97.2553
97.0595
97.1292
98.6082
99.1056
97.0919
99.4103
97.1524
94.8441
96.5096
95.3254
96.905
94.7398
96.4584
95.2036
105.556
92.5009
97.7319
96.5028
105.067
96.615
97.0981
96.7121
96.4191
97.6217
95.8048
96.396
97.4129
96.7994
95.3896
96.3877
94.4832
96.635
95.2855
96.3477
94.366
97.1935
94.5508
95.2079
95.6829
96.681
94.6464
95.262
96.4797
96.5261
96.7335
96.4417
96.5199
96.7139
96.5006
94.1938
96.1115
93.4052
96.5147
94.0929
96.1115
93.3971
97.0961
96.3759
96.1938
96.3536
99.0044
96.5785
98.0579
96.6653
96.1717
97.92
96.9411
96.1597
95.9925
96.1527
93.3545
95.7179
93.0612
95.7625
93.3582
95.7582
93.0707
96.7102
108.725
100.319
99.4058
99.0279
96.4248
96.5425
96.0618
95.9926
99.5669
96.52
95.9985
95.719
96.0507
93.0859
94.9631
92.9514
95.4487
93.0927
94.8243
92.9585
100.253
97.8152
96.8578
94.978
100.062
97.661
96.4239
96.3716
96.0548
97.3361
96.5582
96.0214
97.4395
96.3413
93.1388
95.1637
93.3363
94.5798
93.1478
95.1595
93.3455
97.1278
97.2059
96.7797
97.8001
97.1953
97.2407
96.8087
96.8276
96.7627
97.8169
97.1621
96.819
97.9558
96.7608
93.4043
95.2556
93.4429
95.1714
93.4042
95.2578
93.4427
97.5687
95.3982
97.4058
95.9067
96.7687
97.5063
97.4234
96.3207
96.5472
96.8209
98.1802
96.3702
96.5655
96.8341
93.5095
95.8822
93.7101
95.3152
93.5088
95.8788
93.7103
96.2578
97.9522
96.5213
97.1153
96.3223
98.0058
96.6833
96.5376
96.5167
96.5076
96.4754
96.539
96.5059
96.4879
93.4808
96.352
93.676
96.0837
93.4807
96.3437
93.675
96.3146
98.3516
98.2008
97.8602
96.1466
98.1805
97.593
97.245
100.909
98.8597
105.852
100.364
96.6182
99.2732
93.706
96.8848
94.3497
96.5445
93.7088
96.8632
94.3468
98.3178
98.5502
98.5526
101.533
97.6032
98.0412
97.8087
97.0433
97.0768
97.8271
97.2037
97.0367
97.0962
97.8311
94.7288
96.5717
95.1938
96.8169
94.7239
96.5042
95.2039
96.8125
94.5876
96.8931
96.4001
96.9551
97.8697
96.9852
96.8065
96.3856
98.202
96.9201
96.7876
96.3926
98.0888
95.2959
96.4202
94.3583
96.4881
95.2876
96.4136
94.3547
96.6385
102.235
95.1649
96.5748
96.6416
95.7223
97.3137
96.4921
96.5304
96.7241
96.4124
96.4896
96.547
96.6894
94.0799
96.1121
93.3955
96.4744
94.0779
96.1127
93.3941
95.4763
97.1576
97.1478
97.2431
96.9271
95.9371
97.4931
96.049
96.1681
95.5141
96.745
95.8776
96.1749
95.289
93.3544
95.7621
93.0684
95.7653
93.3551
95.7663
93.0681
97.0362
96.2747
97.0642
99.8845
97.0303
96.4586
97.188
96.0873
95.9566
96.4618
96.3563
96.077
96.0037
95.8707
93.0907
94.8159
92.9559
95.4541
93.0904
94.8168
92.9563
98.8134
97.4782
96.442
99.3824
98.0132
97.8988
96.3326
96.3599
96.2475
96.8878
96.6506
96.3547
96.2339
96.8822
93.1471
95.1509
93.3451
94.5679
93.1469
95.1524
93.3451
98.4578
97.1133
96.9475
98.0798
97.6664
105.448
98.3678
96.8653
96.7601
98.1082
97.6434
96.9197
97.5987
96.7575
93.4048
95.2666
93.4432
95.1658
93.3954
95.2877
93.4338
96.5531
103.16
97.4714
96.6938
98.6738
100.205
98.5549
96.6737
96.5251
96.9146
97.1144
96.6966
96.5448
96.5629
93.5093
95.8844
93.712
95.4152
93.4997
95.9152
93.7041
96.1374
102.186
96.4909
99.3463
96.5276
99.81
96.2638
96.5474
96.5087
96.5135
96.5104
96.5502
96.5434
96.537
93.4827
96.3565
93.6787
96.0495
93.4739
96.3733
93.6758
97.4663
98.1275
97.7783
98.3017
99.3826
100.374
106.686
97.1721
96.6998
99.2521
94.9039
97.4635
96.7049
99.6756
93.7093
96.8614
94.3589
96.5435
93.7191
96.9108
94.4555
98.2307
98.2592
97.2679
100.498
97.4841
98.5901
97.3168
97.0021
97.1543
97.4744
97.119
97.0104
97.1666
98.1757
94.7338
96.5657
95.223
96.8397
94.8444
96.5357
95.3081
97.2599
96.8134
96.8182
96.5155
97.0611
95.9645
96.732
96.7804
96.3926
97.2007
96.7453
96.8019
96.4567
98.4144
95.2998
96.4701
94.3649
96.5038
95.4077
96.4562
94.4792
97.021
95.7617
102.234
96.8561
97.744
101.509
99.4855
96.4882
96.5088
97.6382
98.0291
96.4879
96.4972
98.0812
94.0875
96.1194
93.3946
96.4401
94.1915
96.1151
93.4035
96.3704
96.6034
100.853
97.7495
96.5912
97.8629
97.3498
96.2865
96.1649
102.605
98.803
96.3842
96.164
101.668
93.3583
95.7632
93.0704
95.7988
93.3544
95.7233
93.0604
96.7372
94.2939
102.583
101.803
97.9558
95.7364
98.5926
96.0931
96.2123
96.7668
96.6013
95.8601
96.2343
97.2023
93.0923
94.8647
92.9594
95.4197
93.0854
95.0115
92.952
98.9434
96.7877
95.5472
99.3073
98.254
99.0123
105.494
96.4513
96.3986
99.1021
96.8314
96.4591
96.2074
97.4715
93.1473
95.1589
93.3457
94.677
93.1381
95.1686
93.3365
96.7572
96.6492
96.7337
96.3817
96.6113
96.72
96.6049
96.6157
96.1452
96.6128
96.9505
96.1414
96.5249
96.6613
96.4575
96.9028
96.3734
96.5584
96.6838
96.347
96.5418
96.7961
97.4005
96.7694
97.9181
98.1109
96.8066
96.7741
96.7825
96.4732
96.7025
96.5356
96.5524
96.7867
96.6784
96.5974
96.9543
95.9107
96.5099
96.0308
96.5167
96.5998
96.4709
96.549
96.7057
96.366
96.6809
96.3552
96.4997
96.2105
96.3291
96.3222
96.6029
96.3375
96.3428
96.1986
96.6053
96.8813
96.5976
96.8339
96.8726
96.576
96.609
96.2916
96.3081
96.2859
96.3748
96.3032
96.2799
96.2883
96.4584
96.9325
96.5429
96.8742
96.5653
96.7297
96.3809
96.2128
96.6175
96.3374
96.3657
96.3382
96.3572
96.2055
96.616
96.8272
96.9046
96.5678
96.8772
96.5703
96.6342
96.2969
96.3782
96.3235
96.2822
96.3165
96.2897
96.2855
96.5689
96.4178
96.5647
96.5137
96.4324
96.5653
96.5969
96.4863
97.8511
96.1478
94.7551
96.9308
95.9102
97.4303
96.6126
96.6244
96.483
96.4935
96.5785
96.4624
96.9141
96.5515
96.4581
96.5244
96.5065
96.527
96.4871
96.5353
96.5293
96.5124
96.4309
96.5646
96.4564
96.5763
96.5466
96.6395
94.6864
97.2301
95.9442
97.0195
95.9198
96.8179
96.6534
96.5836
96.5414
96.4831
96.6024
96.4683
96.6403
96.6881
96.5719
96.7681
96.57
96.5689
96.7697
96.4815
97.165
94.4622
96.9892
97.3329
95.0474
96.9526
97.1506
96.8115
96.7589
96.782
96.9016
96.7556
96.731
96.8675
99.0338
102.711
96.6575
98.6407
97.8842
98.797
97.7701
96.8446
96.5649
97.1023
96.7045
96.8262
96.8146
96.8039
97.0806
97.2397
95.088
96.9521
95.124
96.9246
97.0889
96.8048
96.8689
96.743
96.7539
96.7799
96.7314
96.806
96.9534
96.8717
96.7565
96.8317
96.8089
96.7492
97.0756
96.7538
97.0219
96.9094
96.5133
96.8275
96.8212
96.8066
96.7278
96.6744
96.641
96.5341
96.6529
96.6294
96.7085
97.4609
97.3056
97.0495
97.642
97.0514
97.9303
97.0436
96.9263
96.8755
96.8102
96.742
96.81
96.8011
96.918
96.8182
96.5244
96.8476
96.7951
96.8056
96.7961
96.8963
96.6256
96.6746
96.6342
96.6182
96.7839
96.6461
96.6329
96.4394
96.5905
96.4658
96.4792
96.5394
96.4578
96.5163
97.3005
99.7167
96.4914
96.4033
98.3818
96.4877
97.0578
96.5524
96.5361
96.4291
96.425
96.4656
96.4272
96.5699
96.7477
95.8753
96.3974
98.7874
96.3859
98.9136
96.7698
96.4378
96.6424
96.5408
96.4762
96.5438
96.5539
96.4377
97.6973
96.4424
98.3662
96.4753
98.5388
96.4828
96.9337
96.5168
96.398
96.4553
96.437
96.43
96.4343
96.527
96.3575
96.5449
96.3295
96.5273
96.4862
96.3112
96.3522
96.1207
96.0471
96.3169
95.7291
95.934
96.2978
96.1254
96.1873
96.2251
96.163
96.1534
96.2402
96.1424
96.1827
96.4834
96.4468
96.5282
96.7138
96.5159
96.7168
96.4835
96.3457
96.4055
96.3926
96.3087
96.4642
96.3438
96.354
96.1083
95.6547
95.8659
96.3051
95.9076
96.2983
96.1084
96.1979
96.1892
96.2501
96.1445
96.2619
96.1468
96.1897
96.017
95.9842
95.9064
95.9552
95.9906
95.9329
97.2767
96.2846
95.7532
96.4316
96.2762
94.9614
96.3611
96.3601
96.4483
95.8681
95.9772
95.8133
95.8665
95.9316
97.1663
95.7553
96.6518
96.1696
95.6708
96.1637
95.7939
95.781
96.7536
95.9524
95.957
96.0808
96.004
96.0431
96.4436
96.3076
96.3163
97.4989
96.4603
98.7259
96.3433
96.3172
96.4804
95.8138
95.8682
95.9617
95.8735
95.9851
96.483
95.821
95.8183
95.6642
95.5893
95.8351
95.6724
95.8357
97.1111
100.073
95.8307
95.4536
94.6433
95.8177
102.503
95.6399
94.9528
95.8982
95.7416
94.9256
95.9029
95.66
96.0661
96.5828
95.9438
95.9988
95.9696
96.8553
96.0706
95.8231
95.588
95.8798
95.6813
95.8717
95.6777
95.8202
97.6169
95.5913
95.0737
95.8354
95.0536
95.8074
98.3127
95.6271
95.7665
94.7777
95.9043
94.8399
95.9029
95.6499
96.1859
96.0831
96.2038
95.8829
96.0912
96.157
96.1676
96.486
97.7751
96.6793
96.6145
97.7893
96.4862
96.6791
96.3714
96.4754
96.3921
96.497
96.5017
96.2916
96.4157
96.3037
96.4856
96.2278
97.1029
96.129
97.046
96.3424
96.188
95.8963
96.0875
96.0783
96.0901
96.1058
96.1865
96.4848
96.6312
97.5604
96.6715
97.7654
96.4951
96.6774
96.2654
96.4686
96.2268
96.4095
96.3323
96.2291
96.4205
96.7888
96.7422
96.5383
96.4788
96.7776
96.5477
96.7033
96.6198
95.8335
96.5145
97.0317
96.6109
95.8024
96.5377
96.5311
96.7191
96.3715
96.5504
96.5224
96.7117
96.3736
96.839
96.7241
96.7509
98.3885
98.2969
96.8499
96.7463
96.7882
96.6159
96.6069
96.5888
96.5652
96.7866
96.8123
96.6183
96.9597
102.373
96.5352
95.7664
96.532
96.6428
96.5511
96.5479
96.6568
96.3694
96.6992
96.3727
96.5728
96.206
96.3357
96.378
96.6331
96.2031
96.3343
96.3801
96.6597
96.7894
96.5648
96.9024
96.6529
96.8904
96.5658
96.2785
96.3345
96.2783
96.3807
96.2841
96.3376
96.2806
96.3215
97.2791
96.5613
96.6799
96.5667
96.674
96.339
96.208
96.6277
96.3374
96.379
96.3345
96.3782
96.21
96.6704
96.7031
96.8054
96.5678
96.7656
96.5715
96.6897
96.2895
96.3809
96.3455
96.2806
96.3657
96.2849
96.2917
96.5115
96.4392
96.5561
96.5074
96.5208
96.4171
96.5541
96.7464
97.371
98.6645
99.8547
96.755
97.3921
98.2632
96.6849
96.5871
96.4967
96.5204
96.7347
96.6523
96.5118
96.5225
96.4863
96.5181
96.5042
96.5073
96.6496
96.5373
96.518
96.507
96.3805
96.5446
96.4109
96.5541
96.5182
96.6084
99.2882
97.3381
97.2228
97.427
97.1908
98.2017
96.6931
96.5445
96.57
96.4955
96.5722
96.4739
96.6732
96.8455
96.4494
96.7032
96.5491
96.8095
96.4327
96.71
97.3223
94.9758
96.9702
97.3059
97.2566
109.931
96.9318
96.8791
96.7564
96.7565
96.7557
96.8242
96.7641
96.7558
96.9562
94.9801
96.71
99.0575
96.6568
99.1743
97.2094
96.853
96.5656
96.4282
96.6439
96.4675
96.7131
96.8506
97.5989
97.1984
103.766
96.9503
103.588
96.9403
97.0212
96.901
96.8947
96.7447
96.7837
96.7485
96.7816
96.9245
96.9289
96.8204
96.7471
96.8381
96.9294
96.826
96.7329
96.7834
96.8187
96.8389
96.5546
96.8117
96.8526
96.8437
96.6386
96.6595
96.6231
96.4805
96.6585
96.6494
96.6091
97.0415
97.1993
97.1324
97.5249
97.1091
97.5489
97.0204
96.933
96.8363
96.8245
96.752
96.8118
96.7533
96.9264
96.7938
96.5692
96.6284
96.814
96.7185
96.9371
96.802
96.6409
96.4819
96.6385
96.6051
96.6508
96.6081
96.6627
96.4572
96.5419
96.5093
96.5069
96.4419
96.5304
96.4277
96.8804
98.2387
96.4547
96.4653
96.8238
100.14
96.4514
96.4974
96.4336
96.4425
96.4791
96.51
96.4331
96.4225
96.7947
96.3897
96.379
96.6949
96.3794
96.7156
96.7945
96.4459
96.5054
96.5266
96.4574
96.5278
96.4611
96.437
96.9555
96.452
96.5208
96.4654
101.398
96.4455
97.2935
96.4867
96.3682
96.4467
96.4313
96.4464
96.422
96.6372
96.3619
96.48
96.3278
96.4768
96.3807
96.396
96.324
96.0852
95.802
96.3234
95.4514
96.1055
95.7494
96.346
96.2047
96.2473
96.1494
96.1395
96.1963
96.23
96.153
96.4931
96.4303
96.5075
96.7708
96.5264
96.6825
96.4976
96.3806
96.3361
96.3249
96.3174
96.5331
96.3323
96.3705
96.0679
96.2937
96.8199
96.3631
96.0198
96.3554
96.0175
96.2091
96.1333
96.2132
96.1624
96.2393
96.1702
96.1987
95.8906
95.9739
96.0003
95.9186
96.4918
95.9556
95.9951
96.6976
99.9682
96.3832
98.1904
96.3037
94.9249
96.3832
96.5241
95.8669
95.9596
95.8204
96.4982
95.8702
95.9878
96.0779
97.0784
96.158
100.974
96.1757
95.0526
96.1409
95.9639
95.9309
95.9444
95.9824
95.9437
95.9836
95.8079
96.5566
98.6312
97.8704
96.4486
100.065
96.4349
96.5736
96.5351
95.8241
95.873
95.9898
95.8749
96.0065
96.4312
95.8243
95.9117
95.6854
95.5793
95.8187
95.9493
95.6861
98.2687
94.9191
95.8412
95.7468
98.3024
95.1095
95.8268
95.687
94.8247
95.9056
95.8039
95.6637
94.8264
95.9056
96.0737
96.633
96.174
96.714
96.0613
95.7276
96.3786
95.8197
95.5778
95.9497
95.6727
95.9694
95.6835
95.7969
98.1931
95.6355
95.8249
95.9334
94.6551
96.0109
98.154
95.6855
95.8212
95.0671
95.9112
94.8446
95.9077
95.7087
96.1863
96.0848
96.0808
95.9195
96.1911
96.0835
96.0718
96.506
97.4108
96.6707
96.6758
96.5003
97.4592
96.6628
96.3112
96.2301
96.4068
96.4713
96.2824
96.2352
96.4117
96.6443
96.9349
96.2423
98.5907
96.2039
96.8689
96.3289
96.1808
95.914
96.0805
96.0498
96.082
96.0581
96.1773
96.5329
96.8297
97.5372
96.6561
97.4718
96.5513
96.6584
96.31
96.4597
96.2107
96.409
96.2391
96.2772
96.4203
96.8085
96.8535
96.5617
96.3827
96.7826
96.5562
96.6788
96.7175
100.265
96.5339
97.2914
96.6657
101.52
96.5839
96.5842
96.6406
96.3558
96.5215
96.5843
96.6605
96.3467
96.8603
97.6405
96.768
98.2189
97.6456
96.8413
96.7638
96.7775
96.447
96.626
96.7239
96.6154
96.713
96.6676
96.6902
97.1212
99.7602
96.5461
97.9252
96.5614
96.6679
96.5823
96.5589
96.7661
96.3626
96.704
96.3503
96.5346
96.2226
96.3424
96.3716
96.6023
96.2115
96.3455
96.372
96.5452
96.8204
96.556
96.6874
96.6555
96.8368
96.5529
96.2942
96.3295
96.2749
96.3775
96.2905
96.3134
96.28
97.8171
97.146
96.549
96.695
96.5539
96.6943
96.9773
96.2315
96.5907
96.3376
96.3402
96.3457
96.3802
96.2198
96.7793
96.7141
96.8412
96.5469
96.8326
96.5479
96.6647
96.3125
96.3741
96.3295
96.2905
96.3035
96.2923
96.3121
96.5176
96.3792
96.5463
96.5023
96.5687
96.3799
96.5461
96.5228
97.1033
97.2276
99.1807
96.5855
102.22
97.2285
96.7359
96.5259
96.6541
96.5309
96.6203
96.5207
96.4138
96.5393
96.5167
96.5338
96.5564
96.5378
96.6044
96.552
96.6676
96.5025
96.3895
96.5464
96.3876
96.5473
96.6111
96.532
99.155
98.9235
97.3478
98.5258
97.2288
96.9545
96.6529
96.5263
96.4593
96.4491
96.4927
96.4061
96.6456
96.8548
96.4105
96.6668
96.5696
96.8521
96.6159
96.6688
97.2316
103.737
96.9379
98.6219
97.6163
98.2238
96.9357
96.9417
96.7854
96.7883
96.7688
96.9348
96.7657
96.7926
97.6087
94.9386
96.689
100.026
96.6886
99.9764
97.3638
96.8629
96.5689
96.4446
96.6902
96.4727
96.7162
96.8649
97.3261
98.7161
98.9345
96.9655
97.9756
96.9043
97.3491
96.9718
96.8186
96.7604
96.824
96.7615
96.8018
96.9438
96.92
96.8505
96.7779
96.8134
96.9268
96.823
96.7482
96.877
98.8264
96.8181
96.4311
96.8297
97.8064
96.8447
96.661
96.6893
96.6055
96.4939
96.6525
96.6446
96.6065
97.0207
98.9051
97.293
98.9839
97.2156
100.408
97.0356
96.9193
96.8103
96.8365
96.7809
96.8293
96.7494
97.0351
96.8297
96.3895
99.0239
96.8809
97.6643
96.8815
96.8298
96.6603
96.4968
96.6895
96.6185
96.6453
96.6211
96.6559
96.4125
96.5253
96.4661
96.5132
96.4238
96.5293
96.4482
96.8852
96.7961
96.4842
96.3533
97.1777
97.1651
96.4377
96.4174
96.46
96.4274
96.4437
96.4128
96.4582
96.4145
96.7385
96.681
96.4255
95.9565
96.4366
95.8294
97.084
96.4104
96.5165
96.5282
96.493
96.5325
96.4483
96.464
96.9931
96.3186
97.2094
96.4851
97.2347
96.4525
97.0971
96.4708
96.3928
96.4722
96.4102
96.4681
96.4111
96.4702
96.3999
96.4233
96.3386
96.4026
96.3761
96.3653
96.3161
95.9429
97.6784
96.4356
98.9791
96.0021
97.6048
96.3042
96.2124
96.2264
96.1806
96.144
96.2187
96.2008
96.1664
96.5001
96.4133
96.4943
97.6013
96.4909
96.895
96.5192
96.3878
96.486
96.3942
96.3516
96.4259
96.3224
96.3904
95.9553
98.2725
97.3865
96.3075
97.4544
96.2998
96.0112
96.2466
96.1376
96.224
96.2017
96.2136
96.1719
96.2696
95.3124
95.9198
95.9864
95.9698
95.6912
95.9165
95.9715
96.6552
98.3267
96.5024
97.3793
96.559
96.6534
96.4651
96.4843
95.8744
95.9884
95.8321
96.9465
95.8739
96.0084
96.6192
96.0335
96.2873
102.482
96.1215
101.59
96.3658
95.6091
95.9453
95.8954
95.9608
95.8972
96.003
95.6419
96.5472
97.2509
96.7404
96.511
96.651
96.495
96.6155
94.7942
95.8332
95.8708
96.007
95.873
96.0194
95.1318
95.8145
95.9474
95.6621
95.5897
95.8407
95.9467
95.654
97.9833
96.647
96.3116
95.7413
98.2655
102.959
96.3085
95.6965
94.5725
95.914
95.7582
95.7098
95.1043
95.9203
96.2283
96.5549
96.2635
98.7864
96.2854
101.052
96.2241
95.8342
95.5917
95.9604
95.6442
95.9489
95.6496
95.8397
97.4714
96.0568
106.526
96.1272
101.113
96.7387
100.631
95.6968
95.7302
94.9818
95.9171
94.9836
95.9318
95.7353
96.1567
96.0845
96.0683
95.8885
96.1752
96.0867
96.1005
96.5595
97.8259
96.6575
96.7844
96.5579
98.3023
96.6616
96.2394
96.1946
96.4236
96.5236
96.2552
96.2121
96.3927
95.8709
96.5771
96.1235
96.9375
96.1461
103.529
95.9763
96.1385
95.8775
96.0748
96.1892
96.0857
96.1417
96.1219
96.5589
99.617
97.0288
96.6855
96.6069
96.5779
96.748
96.2288
96.5373
96.4361
96.4088
96.2677
96.2525
96.3707
96.6783
96.5441
96.659
96.6084
96.5477
96.5433
96.5972
96.7327
96.8003
96.7373
96.5966
96.6505
96.6526
96.5927
96.3946
96.4774
96.3924
96.4051
96.4889
96.4845
96.3984
96.3004
96.4312
96.2936
96.2356
96.2034
96.2076
96.2281
96.6582
96.5435
96.6659
96.6138
96.5529
96.6136
96.5558
96.7191
96.8023
96.7461
96.5898
96.6504
96.59
96.6505
96.3706
96.4968
96.4091
96.3934
96.489
96.3931
96.4931
96.2896
96.4551
96.2924
96.2279
96.2002
96.2291
96.1986
96.5882
96.5536
96.7128
96.6093
96.5482
96.6112
96.543
96.7117
96.8347
96.7553
96.5897
96.6503
96.5898
96.6539
96.3879
96.4961
96.4073
96.3924
96.4914
96.3978
96.5071
96.2746
96.4365
96.2859
96.2286
96.2027
96.2289
96.2029
96.7771
96.9479
96.7464
96.6388
96.6457
96.6509
96.6305
96.5439
96.7309
96.6689
96.611
96.5485
96.5337
96.6123
96.9461
96.683
96.7891
96.6371
96.6476
96.6492
96.6348
96.6561
96.4997
96.6441
96.5878
96.4782
96.4781
96.5818
96.8045
96.7669
96.7198
96.5932
96.6526
96.6507
96.5906
96.5551
96.6327
96.7036
96.589
96.4828
96.4963
96.5777
96.4937
96.3537
96.4565
96.4176
96.2852
96.288
96.4115
96.4804
96.4754
96.3824
96.3992
96.4899
96.4844
96.3943
96.424
96.4763
96.5453
96.4144
96.2865
96.292
96.4084
96.193
96.1084
96.1795
96.1588
96.1836
96.158
96.1483
96.4516
96.2897
96.2904
96.2332
96.1989
96.2038
96.231
96.1236
96.1845
96.2488
96.1626
96.1816
96.1754
96.1648
96.7838
96.9987
96.7519
96.6334
96.6468
96.6339
96.6456
96.5444
96.5979
96.6615
96.6135
96.5561
96.5564
96.6129
96.9629
96.7544
96.732
96.6337
96.6463
96.645
96.6344
96.7237
96.4463
96.6225
96.5787
96.477
96.5783
96.4763
96.7851
96.7415
96.7167
96.5888
96.6491
96.6498
96.5902
96.5116
96.6231
96.6795
96.5798
96.4785
96.4812
96.5799
96.4826
96.3749
96.4617
96.4084
96.2847
96.4121
96.2877
96.4845
96.4161
96.3961
96.3964
96.4909
96.4909
96.3953
96.4453
96.4742
96.5358
96.4103
96.2878
96.2895
96.4076
96.2168
96.1133
96.181
96.1667
96.1897
96.1661
96.1925
96.524
96.2832
96.2889
96.2278
96.1992
96.2048
96.2279
96.112
96.1934
96.2277
96.1669
96.1869
96.1911
96.1661
96.8028
96.9333
96.7312
96.6355
96.6467
96.6352
96.6475
96.5399
96.6992
96.693
96.6064
96.5538
96.525
96.595
96.9457
96.7351
96.7333
96.6373
96.6441
96.6488
96.6286
96.7225
96.4933
96.6525
96.5739
96.4882
96.5824
96.4737
96.7975
96.742
96.7115
96.5971
96.6488
96.6519
96.5951
96.4909
96.7006
96.6443
96.5851
96.4794
96.4743
96.59
96.5402
96.371
96.4686
96.4076
96.2888
96.4098
96.2896
96.4814
96.4195
96.377
96.4012
96.4886
96.4817
96.4109
96.3734
96.5107
96.4638
96.4207
96.2905
96.2924
96.4229
96.264
96.109
96.1692
96.1619
96.1808
96.1647
96.1675
96.4263
96.2916
96.2644
96.2323
96.2018
96.2073
96.2249
96.1082
96.2076
96.1667
96.1586
96.1763
96.1657
96.1475
95.8625
95.753
95.8646
96.0037
95.9782
96.0047
95.9806
95.8605
95.789
95.8664
95.9594
95.9726
95.9734
95.9553
96.4542
96.3445
96.452
96.3202
96.3774
96.3179
96.3817
96.3458
96.4475
96.4509
96.318
96.3744
96.3787
96.3078
95.7558
95.8525
95.8677
95.9982
95.9778
95.982
95.9884
95.8896
95.7933
95.896
95.954
95.9101
95.9391
95.9293
96.46
96.3927
96.4659
96.2813
96.3256
96.3451
96.2578
96.3894
96.456
96.4634
96.2996
96.376
96.3667
96.3061
95.7806
95.8647
95.8918
95.9815
95.9668
95.9579
95.9981
96.4494
96.365
96.4501
96.2855
96.3646
96.2991
96.3572
96.3731
96.4427
96.4513
96.2658
96.3167
96.3458
96.2413
95.8011
95.875
95.8759
95.938
95.9064
95.9309
95.9087
95.7513
95.6328
95.6263
95.3836
94.8203
94.8374
95.4129
95.6299
95.763
95.6349
95.4265
94.8091
95.4055
94.8086
95.7639
95.6341
95.6334
95.4089
94.8087
94.8073
95.4083
95.6327
95.7589
95.6258
95.4336
94.8193
95.4128
94.8276
95.6657
95.7392
95.6197
95.3891
94.9542
94.8701
95.5531
95.7516
95.6216
95.6231
95.481
94.9425
94.8598
95.5643
96.4106
96.0847
96.4039
95.7838
95.2239
95.7871
95.2181
96.4065
96.0767
96.4087
95.7918
95.2254
95.7891
95.2351
96.0864
96.4142
96.4095
95.8159
95.2306
95.2426
95.7949
96.086
96.4047
96.4042
95.7879
95.217
95.2177
95.7809
96.4112
96.0773
96.4007
95.8283
95.364
95.2722
95.8932
96.0688
96.4098
96.4096
95.8097
95.3577
95.2676
95.8743
97.0445
108.485
101.627
106.403
98.4606
107.242
101.754
146.595
99.2562
100.007
178.544
99.0677
150.743
58.5372
100.325
98.3128
108.388
87.0326
103.393
79.5696
108.69
93.659
117.179
89.6809
104.77
97.2376
92.3684
106.578
101.276
100.043
101.568
100.05
99.4964
98.5582
99.208
120.628
90.3684
105.642
95.1645
102.309
93.7716
102.322
106
147.508
85.0948
95.5566
109.221
164.679
85.9079
101.555
104.19
101.57
102.396
105.587
114.213
100.735
104.22
97.2337
104.15
102.417
106.615
98.9623
104.026
97.5161
103.376
96.8954
100.905
97.5881
105.417
97.5969
106.086
98.19
100.079
81.0956
95.1892
98.6264
99.6417
95.2584
102.075
96.6185
99.5741
95.3664
100.956
96.9644
98.7181
104.961
95.5443
101.305
98.2269
103.874
112.976
96.987
97.6166
98.8203
105.172
100.752
114.543
101.599
91.1502
92.9188
91.0749
93.186
91.15
92.918
91.0747
96.3069
96.3762
94.963
95.3026
96.3057
96.3853
94.9738
96.3069
95.2883
96.3821
94.9812
96.3831
94.9776
96.3024
91.142
92.9299
91.0653
93.1811
91.151
92.9207
91.0758
91.1505
92.9204
91.0754
93.2117
91.1414
92.9299
91.0646
96.3014
95.2494
96.362
94.965
96.3412
94.9746
96.3023
96.2809
96.3719
94.9879
95.3438
96.2955
96.3905
94.9825
91.2319
93.2231
91.1936
93.1854
91.2317
93.2168
91.1938
96.5134
95.192
96.4057
95.2002
96.5119
95.1838
96.4064
96.5153
95.2082
95.191
96.4011
95.1942
96.4104
96.5096
91.2321
93.2155
91.1942
93.1972
91.2228
93.243
91.1832
96.4824
95.2104
96.4035
95.1563
96.5041
95.2025
96.3617
91.2235
93.246
91.184
93.1856
91.2327
93.224
91.1946
96.507
95.2526
95.1929
96.4094
95.212
96.4289
96.5025
96.3231
96.3744
95.0665
95.2605
96.345
95.0107
96.2776
96.257
95.2395
96.3917
95.1563
96.3108
94.9834
96.3284
96.4668
95.176
95.3495
96.3911
95.2094
96.3683
96.518
96.5053
95.287
96.3975
95.1867
95.2215
96.3594
96.4779
95.1335
95.4586
95.1298
94.167
94.1095
94.1666
94.109
95.4585
95.1431
95.1431
94.1683
94.1092
94.1088
94.1679
95.1147
95.4431
95.1061
94.1665
94.1157
94.1686
94.1219
95.4427
95.1342
95.1306
94.1622
94.1173
94.1235
94.1663
95.4324
95.1687
95.1366
94.174
94.2052
94.1512
94.1729
95.1607
95.4342
95.1401
94.1703
94.2074
94.1498
94.1702
95.8785
95.8235
95.8135
94.8143
95.0176
95.0172
94.8124
95.8322
95.8776
95.8151
94.8072
95.0222
94.8047
95.0174
96.2916
94.7208
96.2046
94.3498
96.2917
94.7113
96.2127
95.8485
95.8964
95.8462
94.8028
95.0231
94.8078
95.0222
96.2811
94.3906
94.7138
96.2059
94.7286
96.2051
96.2812
96.2924
94.3605
94.7182
96.2071
94.7172
96.208
96.287
96.2732
94.7242
96.2033
94.3691
96.2825
94.7315
96.1969
96.2966
94.8185
96.172
94.3976
94.7602
96.1793
96.2615
96.528
96.5269
94.882
94.7272
96.5252
96.531
94.8773
96.5283
94.7176
96.5301
94.8814
96.5356
94.8761
96.5264
95.9054
95.9896
95.8606
94.8112
95.0467
95.0351
94.8143
96.2664
94.3952
94.8747
96.1717
94.7609
96.1854
96.2909
95.9514
95.9064
95.8591
94.8186
95.0485
95.037
94.8152
95.8955
95.8362
95.8448
94.8105
95.0255
95.0257
94.8106
96.5143
94.7348
96.5235
94.8885
96.5127
94.9002
96.5194
96.5082
96.5258
94.8965
94.752
96.5178
96.5259
94.9111
96.5137
96.4953
94.9965
94.7579
96.5045
94.936
96.4844
96.4958
94.7572
96.4945
95.0349
96.5048
94.9342
96.4968
91.3194
92.4558
91.3141
92.576
91.3198
92.4557
91.3151
96.2758
93.997
96.4894
94.3508
96.2742
93.9972
96.4909
96.2759
94.3481
93.9959
96.4951
93.9961
96.4902
96.2764
91.3201
92.4603
91.3156
92.5791
91.3108
92.4677
91.3037
96.2629
94.0034
96.4883
94.3616
96.2709
94.0069
96.4842
91.3093
92.4664
91.3022
92.5769
91.319
92.4595
91.3142
96.2627
94.3686
94.0033
96.488
94.0069
96.4776
96.2704
91.1133
92.3246
91.0459
92.1707
91.1138
92.3241
91.0455
95.8501
94.099
96.0136
93.6279
96.0224
93.6275
95.8473
91.1024
92.329
91.0351
92.1767
91.1134
92.3254
91.0467
95.8382
94.099
96.0098
93.6328
96.006
93.6351
95.8465
95.849
96.02
93.626
94.0848
95.847
96.0138
93.6283
91.1134
92.3244
91.0459
92.1823
91.1012
92.3277
91.0338
96.2545
94.0979
96.4557
94.3942
94.0312
96.4647
96.2398
96.2532
94.3902
94.0965
96.4575
94.0325
96.4727
96.2416
95.8355
96.023
93.6349
94.1047
95.8396
96.0017
93.6336
95.8325
95.9759
93.7274
94.1315
95.9935
93.6606
95.8195
95.8261
94.1328
95.9754
93.7301
95.99
93.6603
95.8184
100.954
97.886
100.777
100.043
101.414
97.9014
100.059
95.6542
93.7069
95.3223
94.0179
95.317
94.0203
95.6594
95.1595
93.7005
94.9733
93.3954
95.1643
93.7022
94.9621
95.1588
93.3948
93.7014
94.9697
93.7024
94.9703
95.1639
95.6807
95.3293
94.0207
93.703
95.6677
95.3501
94.0212
95.1877
93.3925
93.7036
94.976
93.7038
94.9959
95.1731
95.6541
95.3213
94.0187
93.7068
95.6596
95.3215
94.0206
95.1903
93.705
94.9877
93.3949
95.1729
93.7026
94.9765
95.6959
93.7141
95.4266
94.0282
95.3397
94.0291
95.7127
95.6786
93.708
95.3408
94.0214
95.3211
94.0213
95.669
95.2103
93.7013
95.0934
93.4029
93.7083
94.9948
95.2355
95.2131
93.4072
93.7014
95.0819
93.7067
94.9902
95.237
95.6928
95.4081
94.0285
93.7217
95.3392
94.0292
95.713
93.029
96.8036
102.382
100.935
94.5948
93.7815
97.7898
95.5184
103.076
96.9655
90.0577
95.5212
100.907
98.0198
96.8269
96.1637
98.3836
95.9349
88.5089
94.5734
95.3598
95.6123
93.4338
93.8889
100.262
96.0049
128.244
93.3632
85.514
94.7753
95.396
108.978
88.867
94.8477
96.4865
98.6888
85.8869
93.8496
97.6571
99.1998
88.0752
95.6179
97.083
109.079
120.451
100.234
100.15
110.919
99.5032
94.4777
103.505
109.76
100.701
94.8228
102.144
115.086
94.8941
94.4851
94.4766
94.0124
94.1082
94.116
93.9778
94.8086
94.6998
94.5645
93.9646
94.109
94.1106
93.963
94.4571
94.8159
94.448
93.9847
94.1119
93.9789
94.1114
94.3363
94.887
94.7547
94.0358
94.11
94.0137
94.1095
94.8481
94.352
94.3632
93.9982
94.1149
94.1136
93.9836
94.5213
94.8815
94.4425
94.0052
94.1098
94.118
93.9887
97.0016
108.263
114.251
108.067
97.1533
109.509
192.058
105.158
77.5057
109.958
93.9089
69.2088
94.5591
106.129
135.121
106.181
92.4867
109.794
105.439
110.781
91.2423
101.028
99.2859
102.995
99.8746
100.874
100.249
102.605
96.8054
97.2028
98.9811
100.004
96.7854
97.1269
98.8399
91.1824
92.3401
91.1914
92.242
91.1826
92.34
91.192
102.906
110.448
129.71
108.161
100.562
108.809
137.161
94.2241
93.5075
94.7085
93.6752
94.2271
93.5068
94.7036
94.2241
93.6747
93.5074
94.7092
93.5069
94.7067
94.2264
91.1725
92.3433
91.1798
92.2423
91.1819
92.3403
91.1916
92.3925
111.382
52.6517
177.83
89.0601
101.418
11.1019
94.2402
93.6781
93.5114
94.7176
93.5124
94.7377
94.2341
91.1826
92.341
91.1924
92.2428
91.1733
92.3441
91.1807
94.2405
93.5116
94.7195
93.6803
94.2319
93.5126
94.7242
94.265
93.5074
94.8489
93.6838
93.5167
94.7619
94.3393
94.266
93.6856
93.5075
94.8415
93.5169
94.7619
94.3384
90.9212
91.9704
90.8487
92.0573
90.9217
91.9703
90.8487
93.9671
94.3077
93.1775
93.354
93.9713
94.3052
93.1769
93.9681
93.3539
94.3071
93.1774
94.3039
93.1767
93.9672
90.9098
91.9725
90.8373
92.0589
90.9207
91.9702
90.8491
90.9219
91.9704
90.8493
92.0611
90.91
91.9727
90.8375
93.9827
93.3584
94.3184
93.1816
94.3305
93.1826
93.9796
93.9791
94.3173
93.1814
93.3584
93.9754
94.3343
93.1823
94.0084
94.4502
93.1775
93.3638
94.3655
93.1875
94.0911
94.0067
93.3633
94.4523
93.177
94.3664
93.1871
94.0868
103.334
97.2711
100.65
102.264
103.286
97.7851
97.4856
95.313
95.4287
95.4281
94.6681
94.6283
94.6277
94.6679
95.43
95.3117
95.4269
94.6695
94.6286
94.6719
94.6279
95.4249
95.3248
95.4312
94.6741
94.6323
94.6724
94.6327
95.3287
95.4459
95.4616
94.6763
94.6332
94.6339
94.6764
95.3478
95.5626
95.4824
94.6802
94.6271
94.637
94.6694
95.5831
95.3484
95.493
94.6816
94.6276
94.6384
94.6712
100.724
119.324
112.299
129.82
106.022
127.968
111.782
102.614
93.4812
98.4364
102.034
102.374
95.4776
95.601
99.3052
121.916
115.128
108.424
100.84
117.361
112.757
105.628
98.9513
104.015
101.768
111.53
97.1392
105.138
82.8349
157.044
81.7087
97.5653
186.536
98.9439
97.1143
97.5336
102.621
102.482
95.9647
97.2263
96.6823
96.7017
113.934
116.067
125.57
97.3488
91.7253
91.8182
106.276
95.0997
94.5686
95.0985
94.4914
93.988
94.4912
93.9873
94.5869
95.1111
95.1198
94.4928
93.9923
93.9929
94.4942
95.1136
94.6082
95.119
94.4961
93.9876
93.9979
94.4857
95.1269
94.574
95.1298
94.4952
93.9919
94.4972
93.9929
94.5673
95.1158
95.1051
94.4924
93.9877
93.9873
94.4938
94.6001
95.1151
95.1235
94.4971
93.9872
93.9976
94.4853
100.191
89.5005
92.5651
97.9303
98.8049
85.5011
91.1144
95.0008
101.665
96.756
101.904
89.6137
102.607
98.4527
99.4202
100.285
99.1661
98.5556
98.3688
101.779
101.51
97.4826
152.268
155.458
96.748
97.5727
92.0573
92.178
100.897
100.394
99.3866
99.8584
101.909
101.744
99.0038
96.1596
98.239
96.5924
105.05
98.5123
104.709
96.2177
125.592
93.3377
112.022
100.103
121.789
93.713
113.805
96.1137
117.491
104.469
97.9858
96.4503
115.795
103.742
104.622
91.398
91.5933
100.576
115.016
93.8283
91.6051
95.9356
96.5446
103.548
98.2942
109.506
98.486
103.684
111.412
98.3827
96.5751
103.617
96.2387
102.373
110.589
98.1163
98.435
99.797
93.7232
97.9595
97.7898
93.8871
97.4211
97.5935
97.1523
96.9288
100.256
98.9781
99.3764
112.021
98.9117
109.885
98.5216
96.68
101.828
112.787
104.093
99.0827
98.4247
93.62
102.408
98.0414
95.0364
95.5532
100.573
97.9515
90.7345
98.0187
101.625
99.5092
94.2831
93.4812
94.0705
93.6256
94.0688
93.6263
94.287
93.9143
93.0685
93.2132
93.7079
93.2124
93.7094
93.9129
94.2833
94.0707
93.6258
93.4814
94.2889
94.0687
93.6266
93.9107
93.2108
93.7045
93.0693
93.9128
93.212
93.7015
93.9151
93.069
93.2126
93.7039
93.2125
93.7017
93.9221
93.9222
93.2143
93.7063
93.0687
93.9277
93.2125
93.7086
94.2876
93.4799
94.0741
93.6277
94.0777
93.6259
94.2911
94.2887
94.0736
93.6278
93.4808
94.2885
94.077
93.6261
93.9284
93.2069
93.7165
93.0719
93.2163
93.7135
93.9468
93.9206
93.0714
93.2046
93.7151
93.2154
93.7136
93.9403
100.642
105.191
104.585
99.297
99.6408
92.4518
94.7737
94.2917
94.0826
93.6189
93.483
94.0811
93.6289
94.3037
94.2937
93.4835
94.0822
93.6191
94.0811
93.6291
94.3018
106.521
117.513
100.821
102.474
104.969
118.058
100.815
95.2215
95.2544
95.2208
94.6368
94.6882
94.6357
94.6887
95.254
95.233
95.2226
94.639
94.69
94.6894
94.6411
95.2642
95.2279
95.2352
94.6383
94.6908
94.6895
94.6386
95.2451
95.2763
95.2484
94.6444
94.694
94.6453
94.6933
95.2852
95.2491
95.25
94.6465
94.6842
94.696
94.6351
104.958
106.658
111.002
96.1313
108.674
110.528
146.631
95.2655
95.274
95.2466
94.6428
94.6829
94.6936
94.6331
99.3549
103.165
105.298
97.7639
104.468
101.947
102.487
112.059
101.963
106.003
91.809
99.3738
102.445
117.6
99.5201
97.7054
101.071
103.474
118.778
111.243
114.836
97.2829
97.1044
96.9383
98.1723
100.773
98.0824
100.707
98.2726
97.1224
98.1504
99.0357
97.7813
97.863
100.759
108.518
102.295
94.8254
101.745
101.876
102.343
99.0863
98.3811
98.2196
91.0594
110.219
104.139
99.7496
94.3834
98.0007
92.6196
92.9761
96.4672
98.4689
92.3878
91.9219
88.2615
105.607
102.009
99.5732
98.293
114.548
99.6196
98.3848
105.339
103.308
98.2478
90.4451
109.092
103.289
107.894
98.6326
100.396
106.944
99.5552
92.1786
101.862
103.485
96.2191
113.961
99.4732
105.511
100.958
98.133
104.803
98.1129
111.434
110.31
104.785
100.487
104.294
65.7375
98.2539
91.6732
98.6643
99.2845
92.8054
59.5889
107.355
96.4904
108.136
105.427
96.0701
96.038
104.411
108.816
108.817
108.296
95.3683
104.752
100.632
100.472
98.6491
96.0142
100.549
102.309
100.64
98.1535
110.313
96.4743
96.9897
106.799
101.751
95.4996
95.4027
101.587
96.5479
96.3296
96.1573
99.4573
100.972
96.5949
98.586
91.2706
102.993
102.97
104.74
105.094
103.029
101.786
39.3666
99.2422
98.8967
96.1874
38.5916
99.4069
99.5165
105.978
105.177
100.238
102.835
100.244
103.169
102.658
100.426
95.394
100.49
102.114
99.4911
101.674
100.76
106.744
100.399
100.383
104.358
105.144
101.674
114.4
105.403
96.7371
96.7383
102.548
97.1941
83.4924
77.8686
97.6031
102.312
100.752
100.27
99.3371
103.968
101.641
98.9968
102.338
105.669
100.469
98.5807
101.316
102.762
95.1593
95.1467
95.1503
94.4599
94.5495
94.4577
94.5477
95.1457
95.1394
95.1387
94.4597
94.546
94.4589
94.5469
95.1463
95.165
95.1054
94.4554
94.5422
94.4454
94.5523
95.147
95.1539
95.1537
94.4609
94.5482
94.4617
94.5467
95.165
95.1454
95.11
94.4522
94.5509
94.4567
94.5488
84.7349
91.1508
81.8701
88.2178
81.1593
87.9232
84.3193
95.6623
93.075
93.9385
94.1374
101.234
93.8429
95.5905
101.49
99.7405
105.866
99.7257
98.4128
101.591
99.3972
97.4011
97.0257
97.0486
98.2139
97.9876
100.764
100.624
95.1555
95.1683
95.1622
94.4638
94.5399
94.4519
94.5503
96.4431
97.6484
102.313
98.2349
100.593
100.238
98.155
99.9958
104.651
100.518
100.234
104.481
103.509
110.372
94.5488
97.8191
96.389
101.64
99.7675
94.7749
94.6171
99.0261
99.2181
111.861
100.898
97.467
98.5269
100.794
96.5055
96.656
96.7839
98.4324
100.802
98.1061
101.048
97.291
97.2643
94.1391
94.6899
98.9152
97.1188
93.8461
99.313
103.43
102.794
111.86
103.626
98.2541
110.43
95.9151
93.856
95.4397
90.5593
94.1205
107.749
94.5846
94.6519
97.8061
95.4951
100.295
94.6033
98.4069
95.2542
95.3005
94.0549
94.5052
94.3828
113.233
94.5339
111.08
96.2752
98.527
100.778
93.8497
97.8028
94.6799
95.1028
92.7006
95.4948
103.84
93.914
97.8104
94.2522
130.513
94.8015
98.7906
98.7265
94.873
96.055
94.821
96.3245
96.6578
95.4417
95.0851
95.2568
94.3093
113.295
116.356
98.0533
97.5876
101.116
97.6017
98.3482
102.192
98.7856
90.6797
94.7046
91.1307
95.0404
92.3593
94.5144
95.0483
100.695
96.6898
96.1985
95.9118
98.0485
78.0334
88.161
97.5219
101.863
99.662
105.266
98.1901
108.723
98.139
98.6454
116.288
113.428
119.382
127.108
120.276
110.494
94.4728
98.2294
111.468
96.0433
102.914
111.493
99.1271
100.421
103.228
104.586
99.3744
100.868
102.806
100.155
97.5167
96.6001
96.4005
98.3747
97.9755
100.612
101.49
100.717
99.4546
96.6643
103.988
102.825
114.804
102.603
100.706
95.4783
96.1946
102.577
115.408
111.012
109.349
98.5411
100.115
98.5016
94.5281
95.3677
96.4246
120.713
96.657
99.6706
97.7311
96.8322
99.6388
96.2779
97.5299
102.035
103.922
105.913
101.891
101.755
116.378
108.295
107.869
103.313
109.776
112.181
101.322
100.442
110.125
106.126
98.6556
98.5606
111.899
115.782
108.843
112.311
74.5933
80.2786
80.1973
97.2647
96.3122
106.041
106.228
95.2927
95.1431
95.2861
94.6996
94.4985
94.7002
94.5018
123.198
99.3587
116.146
121.095
101.449
101.029
97.857
112.692
101.734
102.269
97.5029
97.7835
95.8306
97.7083
104.903
95.6613
95.244
92.2478
104.251
102.385
92.6405
98.4922
93.6821
103.188
106.369
101.17
101.722
105.744
91.3896
124.994
116.901
103.158
86.6224
115.443
85.3531
148.078
100.836
102.67
103.206
99.1759
104.173
144.594
131.483
109.173
111.596
93.8931
93.3608
118.817
108.281
93.1193
93.1783
93.1149
92.4043
92.4371
92.4044
92.4374
95.1231
95.2966
95.2997
94.7009
94.5021
94.7034
94.5023
94.1618
96.3596
117.453
116.846
119.781
110.841
93.5845
93.1817
93.1156
93.1139
92.4034
92.4361
92.4373
92.4022
99.2676
96.6695
93.9705
106.608
96.9653
96.1658
96.7026
118.278
106.894
104.571
125.36
95.9773
91.6714
122.545
103.3
99.1131
98.7923
173.207
97.9313
138.93
106.12
93.3438
95.7952
128.41
109.683
119.486
110.333
94.4008
93.453
100.121
100.643
100.067
112.986
100.01
105.29
93.1163
93.1761
93.1149
92.4389
92.4048
92.4026
92.4376
93.1889
93.1209
93.1256
92.441
92.4086
92.4066
92.4397
93.2837
93.2177
93.2818
92.4738
92.4738
92.5246
92.5244
93.2189
93.2837
93.2829
92.471
92.4707
92.5215
92.5202
95.2849
95.1828
95.288
94.6978
94.5132
94.6994
94.5119
95.1269
95.2825
95.2818
94.6987
94.51
94.6973
94.5067
93.2816
93.2238
93.2806
92.4741
92.4732
92.5244
92.5229
93.2203
93.2853
93.2893
92.4748
92.4723
92.525
92.5229
95.1634
95.3005
95.2954
94.7011
94.4988
94.6904
94.5128
95.3035
95.1481
95.3029
94.7035
94.4984
94.6918
94.5058
93.1339
93.2008
93.1349
92.4091
92.4315
92.4431
92.3974
93.1928
93.1394
93.1219
92.4064
92.4298
92.4409
92.3951
106.086
114.393
100.55
100.408
103.86
100.958
103.389
93.2371
93.3041
93.2895
92.4682
92.4792
92.5276
92.5174
93.3013
93.2307
93.2995
92.4683
92.4791
92.5289
92.5193
97.3602
103.825
101.712
100.167
99.3914
103.676
97.4853
101.438
96.3526
98.6286
98.1946
100.252
96.4636
97.7497
100.632
100.877
114.171
85.7799
101.333
101.704
104.065
113.148
94.6051
94.7739
102.685
102.991
89.231
90.0643
97.3884
99.9543
99.6562
100.376
101.734
94.6526
94.338
104.803
94.6916
103.917
94.9355
91.6344
92.0419
102.193
98.2408
94.2437
86.0373
94.5863
94.6394
95.0152
92.5275
97.979
97.5111
97.4792
99.9149
100.892
101.046
98.5208
107.053
101.864
105.344
101.255
109.145
101.808
110.4
103.096
116.191
95.8525
95.8718
97.0372
108.183
116.644
99.9591
99.4065
100.25
99.1595
101.852
101.925
99.1025
106.679
128.648
108.245
111.552
106.033
129.214
116.831
106.519
128.227
126.022
97.1008
112.661
96.6198
106.215
112.68
100.649
93.0084
118.948
93.3197
92.7215
112.271
96.9117
97.6287
97.6653
101.853
95.5967
95.3059
101.655
103.118
100.198
98.8561
105.174
103.961
98.5761
99.0911
96.022
98.5849
125.017
102.317
115.474
102.977
96.3075
97.4088
98.0261
97.1362
100.976
95.8739
101.066
95.8947
93.5587
100.507
93.6426
105.394
93.6292
106.059
90.2471
97.1657
100.503
115.04
101.159
97.6583
96.9224
96.2585
105.108
105.915
95.2246
100.809
106.392
101.396
100.722
105.572
105.199
105.918
99.4715
98.3257
98.7931
97.3992
148.989
103.308
108.294
113.34
100.947
109.379
110.07
98.4181
98.784
97.9421
102.143
95.0411
103.2
95.2469
97.3941
96.0125
96.2607
150.882
115.542
98.4775
98.2483
101.27
100.15
90.4665
106.71
109.677
110.403
87.9555
98.3914
97.9302
97.5339
97.9743
98.5301
101.845
99.5514
98.063
101.003
108.348
96.6331
98.5995
99.4973
109.78
99.5158
96.4079
99.4438
106.806
102.652
97.2262
106.37
99.3595
96.6122
99.3764
100.545
99.1689
100.391
96.9093
97.0246
100.531
99.1107
97.8049
98.9843
99.6046
97.4075
105.523
113.507
96.6418
81.8211
108.802
90.9134
110.134
97.0082
95.286
84.3453
108.531
93.2806
113.245
108.224
98.7488
113.94
97.9617
103.504
101.541
129.047
96.7701
108.272
94.0476
86.7341
108.121
85.5613
92.1866
86.6672
98.5229
96.788
96.8802
114.818
121.142
100.974
101.322
107.583
97.2991
112.778
99.4979
96.7117
96.7484
99.0834
112.134
98.1443
97.7629
108.898
100.569
144.819
103.968
117.289
121.71
126.941
56.775
413.63
200.327
197.921
104.736
103.698
105.603
103.243
102.594
104.644
100.091
101.558
84.3419
99.461
100.204
94.1546
100.283
90.2376
127.545
124.407
103.028
102.651
95.5868
85.9965
130.239
96.291
99.1446
115.873
112.47
103.104
96.6521
102.379
104.17
98.3621
96.8209
102.374
96.7711
101.122
113.865
98.4145
114.777
98.6749
105.736
105.068
144.025
137.321
98.5666
113.211
112.186
96.9613
96.4628
135.164
123.002
131.789
85.4426
156.825
100.981
81.8864
84.3283
103.856
89.4943
94.8893
101.628
121.596
179.595
125.712
98.552
105.236
104.33
105.468
102.467
105.397
117.014
124.095
101.855
92.8583
95.2618
102.444
106.783
108.739
97.1964
97.4102
94.3378
95.3227
102.132
101.328
100.808
99.5673
103.206
96.3882
96.8637
101.922
104.248
103.727
99.6684
77.5077
131.198
118.798
29.8967
98.8054
107.552
105.28
98.7644
108.949
101.483
111.642
91.5863
91.597
98.6966
75.0055
104.679
106.633
98.9484
79.3213
72.569
109.508
97.2071
98.7136
97.0738
109.047
98.6605
97.3513
99.63
131.575
92.5934
112.364
97.3087
89.291
87.2341
120.054
94.7697
93.8675
93.8983
95.0116
93.5072
92.88
93.4548
97.2008
103.001
96.0602
97.574
98.5045
97.2894
94.4523
96.656
101.359
100.331
92.3002
91.3563
107.713
101.413
106.35
102.295
105.544
113.582
105.781
98.1702
111.759
97.1954
97.7128
95.8184
170.548
107.497
126.31
102.291
226.438
97.5267
97.5135
102.103
77.0639
99.4088
100.431
99.9944
98.0777
98.2146
93.8524
109.133
110.218
94.6026
102.359
97.676
102.927
97.5995
96.5126
97.2754
97.1484
90.1776
95.9945
103.847
95.5885
95.4171
95.28
93.335
109.106
119.706
124.267
139.496
93.1729
123.811
90.4069
94.7266
92.9087
106.926
96.9998
95.3527
94.2254
125.004
100.658
109.628
123.463
101.632
105.411
102.339
103.145
161.856
97.9942
96.2886
104.354
209.348
98.7895
96.6782
108.705
106.469
97.5005
106.312
108.49
118.131
118.706
112.549
98.1869
93.5705
98.4988
98.9788
109.241
93.2751
159.865
120.223
121.806
104.017
136.645
135.475
150.597
114.334
120.562
104.454
94.5656
105.307
95.3988
104.364
114.81
94.7697
94.0954
97.1089
96.2305
105.552
105.628
97.9691
96.255
96.5192
97.0497
100.699
97.759
98.0439
98.9807
98.3583
98.6807
95.4745
97.7556
95.7507
99.7638
124.116
93.3868
98.7119
116.117
125.94
110.007
90.57
102.691
100.988
98.0507
97.8617
101.663
100.314
100.955
97.9771
99.1318
97.3678
99.2515
103.272
106.678
90.53
103.811
101.191
95.0198
92.819
117.418
116.252
106.339
96.969
106.864
99.0207
103.905
106.99
98.3817
101.09
113.277
84.0442
188.359
103.278
111.634
193.598
136.65
94.432
111.179
116.158
98.9273
102.261
112.146
100.409
93.048
92.9179
93.0473
92.3211
92.2225
92.3215
92.223
92.9185
93.0495
93.0487
92.3189
92.2215
92.2213
92.3183
103.361
105.566
104.609
94.2105
96.9248
118.549
120.217
100.791
88.6275
100.796
124.262
96.0747
108.758
104.628
88.4318
169.868
84.2222
108.548
105.461
97.8836
95.0208
107.259
694.207
149.903
140.119
174.969
148.263
137.004
102.707
106.072
111.036
92.1296
94.0359
124.855
116.029
98.3644
98.8301
100.81
69.5134
99.2775
75.0921
98.3828
92.9229
93.0508
93.0573
92.2232
92.3234
92.3198
92.2196
93.0503
92.9235
93.0504
92.2229
92.3217
92.3198
92.2204
93.2365
93.1827
93.2349
92.4965
92.4399
92.4962
92.4405
98.4656
98.471
100.221
99.1907
98.8012
98.7589
110.778
99.392
98.1101
100.641
112.171
101.971
107.936
98.8715
98.3206
97.7542
109.612
104.384
110.337
103.862
99.6777
74.9897
98.8526
83.0912
109.338
111.325
107.269
74.8441
93.1837
93.237
93.2354
92.4967
92.4396
92.4405
92.4958
101.704
103.585
104.465
99.9331
119.11
109.214
95.953
99.5107
100.203
98.5358
97.2687
99.7467
110.534
98.8201
93.2377
93.1878
93.2372
92.4422
92.4984
92.496
92.4397
136.766
128.587
166.787
146.347
114.956
84.4764
146.211
267.58
70.7498
49.9067
194.417
166.583
56.176
-19.5111
103.871
117.199
82.9094
177.161
107.933
79.0262
132.34
100.578
97.1419
97.6848
95.4588
116.055
95.8462
100.699
93.1898
93.2392
93.2441
92.443
92.4997
92.4973
92.4403
616.174
112.908
247.616
139.527
152.893
85.6283
186.645
119.407
120.416
119.754
104.552
108.226
106.704
107.861
95.4501
112.358
127.68
107.456
166.502
103.635
89.0238
100.99
107.706
101.586
117.55
103.414
103.523
109.893
108.995
110.474
108.794
131.077
125.865
111.805
124.924
96.8923
96.5888
97.1906
103.225
98.8407
100.655
106.281
102.452
108.164
111.925
97.3635
99.1879
92.7211
93.1483
110.797
100.501
101.38
113.571
117.562
115.731
102.688
121.047
125.57
126.736
105.625
106.12
105.862
106.244
109.041
107.169
106.658
93.3386
93.189
112.561
111.461
109.896
111.595
140.493
99.3116
106.155
115.873
116.647
95.0999
97.187
92.1233
97.456
87.6073
99.8209
91.9876
93.0632
92.9262
93.0642
92.3248
92.2163
92.2263
92.3157
92.9284
93.0653
93.0553
92.324
92.2142
92.2248
92.3142
107.083
109.941
106.423
131.572
131.259
123.241
131.44
124.613
105.933
107.723
111.88
94.003
89.6024
118.142
110.432
102.234
98.8927
109.43
112.789
102.303
109.919
109.515
109.189
109.222
126.427
110.914
110.589
126.647
100.325
110.727
101.123
120.54
102.277
113.344
112.102
100.237
103.884
101.748
105.818
100.252
103.402
100.858
102.083
90.2438
134.99
98.3257
102.165
72.7301
129.381
94.6895
98.6343
99.2553
91.9789
96.4503
94.4627
94.7275
102.698
106.144
115.357
101.999
100.686
107.241
116.167
102.524
100.782
103.144
104.377
91.926
104.961
92.7432
109.571
125.321
115.652
159.444
119.067
110.69
107.974
100.029
102.269
102.367
96.6999
103.598
103.611
93.4204
96.2147
98.8579
97.489
96.8653
98.0183
97.357
97.3029
98.2038
144.043
121.086
112.992
104.311
108.655
145.589
93.8698
128.695
102.848
101.806
123.361
103.586
125.498
95.0921
112.511
132.901
110.132
96.839
108.616
129.95
101.695
100.744
95.7785
102.643
95.4983
101.309
102.485
112.506
91.8325
92.6149
108.367
129.765
128.94
111.412
100.608
95.9889
95.6665
107.784
100.372
103.388
102.83
135.885
105.687
99.1423
107.77
99.7318
108.81
136.807
100.137
96.676
98.472
120.264
98.1285
97.8747
126.086
111.088
101.325
108.452
97.2853
99.7915
100.967
104.164
93.2497
93.1952
93.2495
92.5
92.4315
92.4434
92.4887
98.6716
100.136
98.0083
101.263
101.242
99.6709
99.4994
108.178
108.427
102.677
102.575
102.129
113.561
119.908
102.961
114.245
115.188
102.153
102.788
88.2012
121.843
93.1928
93.2514
93.2419
92.4987
92.4306
92.4426
92.4872
101.296
109.381
103.043
106.69
104.094
107.168
102.427
112.582
116.498
123.275
102.514
115.192
119.595
116.546
99.9141
102.09
139.418
106.001
102.412
132.373
106.117
108.163
131.092
103.871
109.917
109.039
110.144
127.787
106.429
103.032
109.347
106.079
102.433
102.655
106.109
99.8813
110.748
102.681
102.559
100.286
99.7405
100.161
111.874
103.108
106.277
106.928
103.625
109.914
100.523
110.042
107.083
138.851
108.754
97.2322
95.7281
104.973
139.46
92.4662
97.3287
110.303
95.7461
100.342
112.454
102.042
110.011
98.5
102.155
101.202
101.11
101.206
106.974
115.252
114.134
118.399
130.025
112.02
127.672
188.612
113.057
125.423
140.289
140.882
157.854
147.299
113.648
104.782
132.583
103.123
129.392
112.163
149.526
94.5593
96.9384
98.4928
94.3082
95.7822
98.0382
98.7504
99.131
100.135
99.7111
101.697
98.8924
101.828
101.255
105.842
102.611
104.958
108.197
125.636
115.086
113.544
96.1951
94.6949
100.098
92.1558
94.9535
95.8104
97.3418
98.6126
112.606
102.167
103.001
105.857
99.0848
112.01
115.987
102.063
111.969
105.551
104.557
102.746
107.923
104.932
103.537
104.55
106.143
102.302
102.209
106.655
110.989
100.237
109.884
102.742
101.876
99.8551
98.2855
103.983
109.86
101.691
110.154
101.682
103.336
101.923
99.6905
97.2822
97.3573
97.2971
94.2765
84.8809
104.126
87.6982
96.8994
89.9484
92.7022
94.3374
170.626
161.06
100.182
104.44
106.974
127.425
124.353
108.626
107.905
116.9
104.158
116.812
102.745
99.43
102.845
106.164
105.161
142.74
125.297
110.621
109.576
94.8296
114.422
98.3632
114.145
103.243
103.453
118.979
95.4752
102.989
98.7854
98.8461
98.5874
102.244
98.8309
98.8538
96.8193
109.718
101.418
107.436
97.2021
103.804
99.0049
98.7998
100.21
98.6614
101.738
98.6432
102.28
104.415
102.888
102.491
108.831
105.788
97.909
97.5751
108.523
108.969
96.871
97.7721
105.143
96.9848
106.096
111.868
101.378
104.978
107.512
102.634
102.72
105.035
108.036
103.745
103.207
115.87
99.4256
105.878
115.469
100.552
100.319
100.364
99.0281
99.647
98.2215
110.531
97.9193
112.492
109.593
103.922
103.138
99.4384
100.063
111.899
113.807
105.756
99.6592
99.8511
111.14
98.6683
137.881
138.848
105.895
111.035
107.155
117.788
131.035
117.377
99.2302
100.022
94.8839
96.9357
89.3105
104.783
91.3504
101.321
126.371
158.033
145.154
141.394
153.602
149.695
126.873
99.4977
115.133
95.3149
103.377
95.3237
99.8601
99.0752
97.0236
60.5482
62.1331
85.8045
83.2613
90.8203
94.9706
94.507
91.7337
92.4809
102.482
95.445
158.45
157.711
115.668
108.299
119.988
137.027
130.531
134.943
164.482
106.369
103.001
122.987
109.111
106.518
120.763
102.901
109.589
104.069
104.153
110.442
118.581
119.888
117.433
110.632
111.935
113.233
86.6464
113.922
117.513
77.7684
149.544
121.198
50.3747
194.013
147.854
89.4596
56.4834
79.0156
312.968
101.942
116.021
98.6406
115.802
81.3865
98.0572
109.109
130.437
130.016
83.0272
86.5846
96.9676
102.753
133.794
112.128
94.3994
96.2086
100.14
95.7057
127.54
124.499
122.358
127.954
119.122
123.642
136.282
162.207
109.192
105.476
107.163
89.4277
114.445
98.8799
118.883
109.155
102.642
104.511
118.136
100.382
113.129
77.762
120.971
111.449
77.5819
114.826
60.2427
68.8048
111.434
127.877
114.518
92.3653
113.811
139.434
111.137
96.9182
98.4668
97.0708
112.356
96.3851
97.9651
104.338
136.916
134.753
111.709
93.2847
83.5632
80.5147
83.6025
126.228
108.908
106.014
111.579
122.45
109.033
110.587
103.27
102.237
102.378
66.1878
121.9
62.7201
123.945
103.441
103.853
102.427
65.9964
134.07
127.284
64.8736
102.763
89.9913
99.8571
107.152
106.05
102.65
105.432
113.942
106.476
96.9593
96.9695
98.7927
99.2336
101.102
119.414
169.735
82.0295
85.0807
111.504
112.487
108.364
82.9678
199.278
37.0236
54.0259
40.0209
37.8075
6.45516
185.595
99.3406
102.213
154.73
125.546
126.556
115.889
103.739
103.322
103.429
101.713
100.73
109.262
152.915
64.6542
161.063
154.659
58.9565
267.833
83.7894
89.553
98.6805
147.873
145.637
95.6499
166.036
165.778
96.821
102.783
104.214
125.11
96.6968
102.315
126.945
104.588
110.719
104.675
92.0058
105.58
101.357
95.9484
110.476
110.363
99.4244
110.705
107.991
98.9629
100.453
142.681
107.054
105.69
118.058
118.706
101.657
108.427
104.686
115.027
105.835
131.876
129.718
115.792
125.607
124.55
131.049
89.6284
113.041
70.3553
128.923
92.1677
113.103
122.695
108.91
105.772
105.337
120.724
108.841
105.625
101.119
99.3737
90.6274
102.318
98.9079
99.4593
90.4444
106.158
112.007
107.395
103.879
125.414
131.975
104.218
120.598
141.04
115.412
103.476
92.3902
118.929
130.654
95.4406
95.1849
94.5189
104.062
195.455
115.696
85.2901
147.033
105.615
98.7729
107.84
108.897
91.7634
144.99
113.069
99.7801
108.514
103.879
105.221
104.185
104.257
99.9096
139.817
142.435
94.6755
175.638
85.2781
166.978
53.2991
115.994
38.291
314.72
288.608
43.7129
46.2941
101.768
96.3936
97.1955
96.7766
102.418
98.8753
96.4658
122.401
120.498
102.939
104.687
128.008
99.3634
126.947
124.089
141.232
109.226
116.138
98.1893
96.5274
129.051
94.506
111.664
112.946
109.185
100.538
107.873
108.368
102.878
117.598
113.949
105.733
127.853
125.876
107.921
127.995
124.16
132.212
113.005
160.325
129.641
110.686
101.338
96.7505
96.3344
91.2721
98.6866
96.2601
92.6447
104.784
102.35
102.702
101.368
101.243
99.4506
102.234
113.864
97.9275
101.008
112.184
112.804
98.0468
102.263
124.89
125.478
125.142
123.591
107.513
133.153
188.556
145.985
126.772
152.234
142.358
132.385
100.605
107.988
128.95
115.293
165.399
126.495
82.3324
119.165
144.232
97.6716
121.116
102.801
191.732
100.072
99.0368
156.236
127.351
95.0031
105.33
103.751
106.299
102.186
135.858
119.154
105.525
103.641
120.499
110.261
114.978
107.894
164.959
73.1855
182.271
135.048
150.255
75.6187
92.2562
61.426
61.0191
295.033
102.899
64.0695
277.047
50.9056
412.585
125.25
134.289
347.168
153.796
141.406
677.385
156.107
97.0301
106.982
82.8039
201.682
78.143
204.7
101.052
101.732
99.9222
94.3758
99.4077
100.436
95.5202
110.809
93.2893
103.609
94.1487
99.9119
100.474
93.6488
99.7913
115.294
111.433
108.75
106.888
100.704
98.4079
147.034
341.601
77.8679
86.3063
354.35
1791.05
164.93
143.539
154.404
890.82
169.924
98.4092
110.606
168.806
88.8793
120.896
113.34
120.822
130.7
96.4802
90.9089
222.845
250.268
247.872
89.4458
49.5947
91.9678
85.9646
149.511
103.542
106.027
152.485
154.488
116.029
111.791
122.621
143.889
112.74
202.494
352.62
124.675
378.226
115.756
55.6267
119.421
148.18
95.0263
93.1332
155.348
1404.5
126.178
251.523
90.2677
124.856
57.0013
203.191
123.47
151.144
131.358
208.878
129.256
151.713
151.758
260.605
92.5808
41.2331
751.941
176.787
188.401
268.772
106.751
441.039
1474.38
97.0464
48.8238
117.569
681.86
115.489
112.922
107.452
121.268
136.177
157.492
114.116
107.629
113.625
53.516
95.6179
153.755
49.0266
146.345
149.457
110.442
132.737
150.776
162.309
53.0138
81.3469
119.772
118.674
96.3196
99.5642
100.427
112.164
107.852
142.156
99.9013
98.5283
96.9141
113.792
131.607
130.578
119.233
80.5559
96.6447
102.4
89.2505
111.746
113.336
117.15
80.154
99.6625
254.587
88.4512
190.679
112.963
90.9635
133.436
94.8383
89.9338
93.9289
151.716
183.546
85.4882
77.4429
89.6003
99.034
108.539
89.7981
113.172
109.619
102.063
120.24
125.495
113.85
101.439
119.364
65.5513
148.397
163.094
109.525
117.624
248.098
193.319
88.2116
78.0222
83.8628
144.137
89.0155
106.168
111.976
108.058
133.559
125.449
101.148
100.445
120.128
117.351
115.294
112.949
94.2614
96.3628
106.015
109.823
101.343
97.154
157.672
88.1536
109.6
138.008
67.0649
63.2629
34.8017
438.861
177.698
121.926
209.842
172.63
94.3331
120.503
172.847
189.252
74.2366
148.594
93.248
136.681
102.913
126.761
635.908
150.579
125.866
127.802
307.737
119.066
124.097
120.614
102.326
106.085
114.906
113.604
150.934
120.286
395.234
160.259
107.302
252.257
399.55
150.464
126.413
199.164
102.147
128.09
149.073
129.168
139.28
149.461
136.035
234.976
159.274
111.868
112.382
109.717
107.683
106.599
114.204
112.583
108.132
107.23
124.864
107.968
106.04
112.298
122.78
109.286
107.738
108.839
110.813
108.406
114.512
108.831
109.591
106.003
107.917
109.248
106.152
112.451
108.667
109.365
106.621
86.6722
76.2202
87.4844
83.6816
136.719
86.5562
142.856
91.6953
124.463
115.903
93.3535
87.0351
106.948
132.925
120.435
116.88
133.748
53.2264
60.2528
75.1271
61.0954
107.594
91.0975
67.3605
88.3529
71.7335
101.186
93.5261
129.164
105.339
105.203
100.894
93.3506
93.3047
119.18
119.032
144.192
103.102
107.617
129.466
127.287
102.213
97.6418
105.437
102.805
89.5681
103.286
71.3727
88.0511
122.354
107.223
94.586
96.9241
108.647
148.477
168.132
179.483
127.469
242.806
89.3241
141.942
176.913
89.5872
88.1339
85.8543
105.349
98.356
89.3134
90.05
113.353
87.8883
85.7082
86.2787
100.509
125.783
98.0416
95.1297
124.086
46.2602
47.6498
85.982
332.101
343.157
99.9872
150.32
599.135
298.813
132.255
119.665
139.311
168.638
413.199
109.107
47.6231
50.3108
64.5271
75.9853
358.425
99.414
92.9795
112.499
105.843
98.8493
131.069
150.427
1034.48
359.629
245.138
-193.389
123.665
351.519
-172.391
392.26
210.927
252.315
15.1822
188.078
79.1316
478.849
129.541
193.902
175.838
103.532
285.829
219.8
124.998
117.643
110.615
112.504
110.015
135.691
108.109
125.946
138.463
178.98
136.213
545.956
129.791
135.386
369.991
130.545
425.75
417.841
220.708
121.321
217.097
159.103
106.188
102.985
90.651
104.045
89.0723
105.976
90.5244
96.2069
96.2841
94.5787
106.198
90.0823
99.5981
92.039
284.462
91.8619
55.766
143.705
323.977
57.4992
98.7741
89.6563
114.608
199.001
116.603
143.108
176.515
122.113
171.878
137.764
131.889
136.464
128.657
160.244
170.323
102.5
88.5507
86.1568
95.9395
102.06
92.6252
84.9933
276.311
149.062
288.174
61.8722
13.9396
122.989
145.736
89.1699
110.148
102.981
119.83
65.9141
54.0178
71.6928
107.692
130.087
159.26
91.8688
31.2579
161.478
140.778
144.161
95.6795
146.095
86.1115
117.605
81.3233
200.591
102.81
127.665
134.281
72.3119
112.621
105.203
107.055
128.403
67.28
214.917
38.8972
197.086
111.861
35.4091
65.8812
110.21
86.5254
55.0183
83.3578
175.302
173.029
105.247
59.9561
69.0745
133.915
145.631
85.4923
68.3761
24.3831
103.135
106.723
392.081
376.093
146.16
80.0135
110.223
100.652
102.02
108.041
249.273
328.657
157.634
123.981
51.6608
117.386
106.263
107.2
128.047
127.226
-2.52064
-104.776
-180.865
126.641
72.9759
180.248
71.5639
116.503
196.708
119.012
63.8987
183.107
68.7695
129.975
116.898
102.895
100.354
69.8903
94.4885
145.033
92.7816
-3.16349
107.802
112.487
134.131
108.549
168.516
111.938
21.5518
458.965
412.619
375.788
229.476
221.702
103.509
310.396
122.9
101.219
273.131
235.813
167.067
111.415
)
;

boundaryField
{
    inlet
    {
        type            calculated;
        value           nonuniform List<scalar> 
141
(
101.325
102.617
94.3445
96.872
91.5339
68.8244
132.458
110.097
105.59
101.18
81.4923
79.1079
108.571
95.4663
96.1255
97.3223
128.149
112.89
97.2308
99.5229
99.9316
101.74
97.988
91.2278
96.6947
122.591
177.539
113.652
105.701
95.7195
121.596
125.959
95.6163
94.3717
98.425
101.3
98.3864
80.3631
99.9386
146.489
61.4569
99.3382
195.128
41.051
70.6486
94.8026
115.225
97.2936
98.5966
52.9046
83.7866
162.262
111.352
121.145
106.92
103.412
97.8856
61.8084
92.1098
86.8943
106.809
105.002
99.2192
109.88
46.213
36.1781
101.793
99.4143
104.821
153.479
-535.593
-171.97
61.0191
50.6838
102.238
-310.68
130.657
-57.9217
89.4458
85.3727
-18.8498
99.6457
127.235
144.26
128.194
-127.167
-23.8993
131.642
151.937
156.88
176.787
19.9653
92.5808
46.8897
-54.5606
160.259
115.167
109.195
110.199
113.432
108.885
97.7277
112.138
108.948
109.246
10.8192
52.5067
145.483
168.002
108.523
110.368
173.933
42.8355
-320.64
64.1408
90.5218
128.906
125.576
165.484
171.878
94.9629
91.8454
85.1318
140.09
90.4066
9.19473
110.25
71.6928
65.754
103.55
142.453
91.7646
49.7057
37.7015
142.857
3.16241
129.445
196.708
108.549
109.268
2.5641
)
;
    }
    outlet
    {
        type            calculated;
        value           uniform 0;
    }
    lowerWall
    {
        type            calculated;
        value           nonuniform List<scalar> 
1052
(
98.6339
105.406
97.6121
96.9093
93.1278
68.9914
163.954
114.046
103.913
99.285
96.0547
107.236
97.1199
95.1974
103.525
110.173
43.6441
109.073
102.91
103.867
103.478
106.838
101.978
101.553
108.192
98.2972
103.045
106.426
112.689
99.665
96.2889
100.578
97.5393
97.8087
101.854
97.1173
95.2915
99.9895
96.994
99.2355
97.9569
98.9401
96.7645
97.9021
94.9933
98.2079
95.5784
96.3042
100.577
95.9452
97.5291
97.0101
96.473
98.8687
97.8566
95.889
96.4473
96.9301
96.5206
96.4878
95.1697
95.4187
96.0573
96.5452
96.8418
96.5111
96.5639
95.7902
95.4172
94.6858
91.4439
91.5495
92.242
92.5781
93.1978
93.2082
92.1835
92.0611
91.1957
91.3181
88.9189
88.9961
88.9388
89.0227
89.0882
89.0066
88.8445
88.7396
88.7848
88.8599
86.4234
86.482
86.5059
86.571
86.564
86.5172
86.4292
86.3655
86.3534
86.3758
83.9398
83.9825
84.0043
84.0322
84.0274
83.9958
83.9509
83.9032
83.9022
83.9154
81.4693
81.4958
81.5057
81.5459
81.5221
81.5027
81.4805
81.4525
81.4554
81.4515
79.0138
79.0518
79.0476
79.0572
79.0554
79.0491
79.0489
79.0316
79.0224
79.0024
76.5963
76.6189
76.6242
76.6215
76.6174
76.6156
76.6198
76.6087
76.6008
76.5997
74.1958
74.2027
74.2121
74.217
74.2247
74.2267
74.219
74.1925
74.2004
74.1974
71.8195
71.8292
71.822
71.8301
71.8387
71.8421
71.839
71.8382
71.8353
71.8208
69.458
69.4603
69.4743
69.4767
69.4891
69.4958
69.4928
69.4813
69.4628
69.4583
67.1288
67.145
67.1651
67.1593
67.151
67.1541
67.16
67.1471
67.1329
67.1293
64.8215
64.8447
64.8604
64.8386
64.8176
64.8159
64.8181
64.8298
64.8248
64.8186
62.5394
62.5428
62.5414
62.5434
62.5429
62.5377
62.5248
62.5176
62.5271
62.5288
60.2634
60.2672
60.2699
60.277
60.281
60.2803
60.2617
60.2542
60.248
60.2483
58.0052
58.0073
58.0093
58.0094
58.01
58.0041
58.0028
57.999
57.9926
57.9945
55.7771
55.7704
55.7585
55.7636
55.7695
55.7704
55.7674
55.7664
55.7713
55.775
53.5416
53.5431
53.5358
53.5379
53.5426
53.5526
53.5607
53.562
53.5574
53.5466
51.3302
51.3211
51.3233
51.3344
51.3433
51.3482
51.3556
51.3545
51.3567
51.3446
49.1398
49.1241
49.1193
49.1292
49.1443
49.1577
49.1562
49.1605
49.1595
49.1539
46.9527
46.9415
46.9322
46.931
46.9411
46.9511
46.9574
46.9586
46.9551
46.9559
44.7644
44.7667
44.7726
44.7788
44.774
44.7677
44.7647
44.7615
44.7601
44.7623
42.5955
42.6039
42.6134
42.6086
42.5966
42.5872
42.5893
42.6003
42.5937
42.5916
40.451
40.4553
40.4567
40.4473
40.4425
40.4254
40.4412
40.4462
40.4457
40.4473
38.3035
38.3191
38.3236
38.3241
38.318
38.3073
38.3066
38.3023
38.2911
38.2943
36.1807
36.1947
36.1939
36.1899
36.1801
36.1727
36.162
36.1593
36.16
36.1666
34.0864
34.0836
34.0635
34.0585
34.0552
34.0473
34.0409
34.0451
34.0647
34.0796
31.986
31.9752
31.9643
31.9597
31.9587
31.9603
31.9667
31.9735
31.98
31.984
29.8745
29.8767
29.8872
29.8951
29.8963
29.8997
29.9021
29.9006
29.8935
29.8809
27.7972
27.8033
27.8197
27.8365
27.8463
27.8479
27.8424
27.832
27.8217
27.8034
25.773
25.7684
25.7699
25.776
25.787
25.7973
25.8028
25.8031
25.7999
25.7799
23.7853
23.769
23.7606
23.7565
23.763
23.7726
23.7869
23.7968
23.8011
23.7933
21.8066
21.7864
21.7847
21.7848
21.79
21.7929
21.7953
21.7996
21.804
21.8058
19.8196
19.8189
19.8223
19.8249
19.8373
19.8368
19.8314
19.8209
19.8206
19.8193
17.861
17.8671
17.8768
17.8814
17.8813
17.874
17.8679
17.8618
17.8597
17.8598
15.9464
15.9517
15.9518
15.9408
15.9251
15.9084
15.9076
15.9128
15.9249
15.9365
14.0352
14.0418
14.0317
14.0112
13.9933
13.9778
13.9765
13.9892
14.0051
14.0229
12.0987
12.1181
12.118
12.1085
12.0987
12.0863
12.0863
12.0902
12.0902
12.0927
10.1894
10.1975
10.2072
10.2152
10.211
10.2065
10.2025
10.2014
10.1968
10.1916
8.32698
8.31797
8.31505
8.31834
8.31969
8.32389
8.32558
8.32771
8.32864
8.33374
6.4692
6.4544
6.45008
6.45082
6.45868
6.47431
6.4806
6.47896
6.47153
6.47475
4.6025
4.59888
4.6003
4.60847
4.62085
4.64701
4.64609
4.63477
4.62395
4.6128
2.75715
2.75711
2.75985
2.76646
2.77471
2.78587
2.78957
2.78765
2.77692
2.76237
0.921824
0.921405
0.921284
0.916758
0.914565
0.917682
0.926756
0.930527
0.93169
0.922148
96.963
96.6566
96.5242
96.862
96.3639
96.5921
95.9647
96.5017
96.5069
97.2387
96.8417
96.5516
96.5005
96.5419
96.8285
96.398
96.413
96.4998
95.7882
96.145
96.4726
96.5263
95.8103
95.9648
95.8259
95.7205
95.5841
96.8653
96.573
95.8697
97.3016
97.2967
96.5258
95.7426
98.0999
97.3103
98.061
96.6778
96.9762
100.895
97.5365
96.2893
98.5548
98.531
99.7431
92.5009
97.7319
105.556
94.5508
95.2079
97.1935
96.3759
96.1938
97.0961
108.725
100.319
96.7102
97.8152
96.8578
100.253
97.2795
96.7896
96.7792
96.7594
96.4528
96.5691
96.5056
96.6911
96.519
100.204
97.7254
96.4629
98.6082
97.1524
97.1292
97.6217
96.7994
96.4191
96.7335
96.5006
96.5261
97.92
96.1527
96.1717
99.5669
96.0507
95.9926
97.3361
96.3413
96.0548
95.2879
93.4345
93.3956
95.9204
93.7028
93.5016
96.3918
93.6763
93.4735
96.941
94.4681
93.7159
96.5096
95.3254
94.8441
96.3877
94.4832
95.3896
96.1115
93.4052
94.1938
95.7179
93.0612
93.3545
94.9631
92.9514
93.0859
95.1637
93.3363
93.1388
96.6128
96.6613
96.1452
96.9028
96.5418
96.3734
96.6492
96.72
96.7337
96.5976
96.609
96.8813
96.3081
96.2883
96.2859
96.3291
96.1986
96.3222
96.1478
97.4303
97.8511
96.6244
96.9141
96.483
96.4178
96.5969
96.5647
96.9892
97.1506
94.4622
96.7589
96.8675
96.782
96.5719
96.4815
96.7681
96.9094
96.8066
97.0219
96.6744
96.7085
96.641
96.8717
97.0756
96.7565
96.4914
97.0578
99.7167
96.5361
96.5699
96.4291
96.5905
96.5163
96.4658
96.3169
96.1254
96.0471
96.2251
96.1827
96.163
96.5449
96.3522
96.3295
96.4316
96.3601
95.7532
95.8681
97.1663
95.9772
95.9842
97.2767
95.9064
95.8307
102.503
100.073
94.9528
95.66
95.8982
95.8183
95.8357
95.6642
96.6793
96.4862
97.7751
96.4754
96.2916
96.3921
96.0831
96.1676
96.2038
96.6783
96.5972
96.5477
96.7327
96.5927
96.6505
96.3946
96.3984
96.4889
96.3004
96.2281
96.2034
96.6457
96.6305
96.7771
96.4782
96.5818
96.6561
96.2852
96.4115
96.4937
96.1836
96.1483
96.193
95.8896
95.9293
95.9101
96.3256
96.2578
96.46
94.9542
95.5531
95.6657
96.4112
95.8932
95.364
108.485
101.627
97.0445
117.179
89.6809
93.659
147.508
85.0948
106
102.075
96.6185
95.2584
92.9299
91.0653
91.142
93.246
91.184
91.2235
96.3744
96.2776
95.0665
95.287
96.4779
96.3975
95.1607
94.1702
94.2074
94.8185
96.2615
96.172
95.0485
94.8152
95.9514
96.4953
96.4844
94.9965
92.4664
91.3022
91.3093
92.329
91.0351
91.1024
94.0979
96.2398
96.4557
95.9759
95.8195
93.7274
93.7013
95.2355
95.0934
95.4081
95.713
94.0285
96.8036
102.382
93.029
93.4338
93.8889
95.6123
94.1098
93.9887
94.5213
106.181
92.4867
135.121
99.2859
102.995
101.028
92.3433
91.1798
91.1725
93.5074
94.3393
94.8489
91.9725
90.8373
90.9098
94.4502
94.0911
93.1775
95.5831
94.6712
94.6276
95.1136
94.4857
93.9876
89.5005
92.5651
100.191
109.885
112.787
98.9117
104.093
95.0364
102.408
93.2069
93.9468
93.7165
99.297
94.7737
105.191
94.0826
94.3037
93.6189
106.658
111.002
104.958
94.6829
94.6331
95.2655
105.298
102.487
103.165
106.003
117.6
101.963
118.778
114.836
99.5201
98.2726
100.759
97.7813
91.6732
59.5889
98.2539
108.296
100.472
108.817
98.6491
110.313
100.64
96.0701
104.411
107.355
94.5422
94.4454
95.1463
104.651
100.518
99.9958
98.7906
96.3245
94.8015
97.5876
98.7856
98.0533
95.2568
116.356
96.6578
111.468
99.1271
98.2294
97.5167
101.49
98.3747
97.7311
96.2779
99.6706
95.3677
120.713
98.5411
95.3035
94.6918
94.4984
93.1339
92.3974
92.4315
92.4683
92.5193
93.3013
103.825
101.712
97.3602
128.648
108.245
106.679
100.198
98.8561
103.118
103.698
105.603
104.736
131.198
118.798
77.5077
96.3882
96.8637
103.206
108.949
98.6966
91.5863
97.2071
99.63
109.047
89.291
120.054
131.575
94.7697
93.4548
95.0116
101.359
100.331
96.656
102.359
97.1484
97.5995
92.9087
106.926
94.7266
109.628
123.463
100.658
97.9942
96.2886
161.856
92.2163
92.3157
93.0632
103.884
101.748
100.237
101.325
108.452
111.088
93.2497
92.4887
92.4315
130.025
127.672
115.252
96.9384
98.4928
94.5593
100.135
99.7111
99.131
125.636
113.544
102.611
97.2822
104.126
94.2765
127.425
107.905
104.44
142.74
114.422
110.621
102.745
106.164
116.9
98.4668
97.0708
96.9182
98.9629
142.681
99.4244
89.6284
113.041
131.049
127.995
110.686
160.325
96.7505
96.3344
101.338
143.889
112.74
122.621
95.0263
155.348
115.756
149.457
81.3469
150.776
113.625
146.345
53.516
99.9013
130.578
96.9141
102.4
113.336
119.233
97.154
63.2629
157.672
107.683
106.599
109.717
107.968
106.04
124.864
60.2528
61.0954
116.88
46.2602
99.9872
332.101
88.5507
86.1568
102.5
13.9396
145.736
276.311
)
;
    }
    upperWall
    {
        type            calculated;
        value           nonuniform List<scalar> 
1082
(
98.9024
102.318
101.733
97.0391
99.3116
146.347
194.417
112.451
103.931
99.3625
101.745
110.31
112.184
100.469
102.474
129.82
177.83
111.579
104.089
97.456
110.219
98.2478
98.9625
101.305
101.768
102.034
93.9089
108.161
108.121
101.904
96.4672
96.1874
96.9737
105.172
81.0956
100.05
92.1558
103.504
108.978
90.7345
98.0798
96.6938
99.3463
98.3017
100.498
96.5155
96.8561
97.7495
101.803
99.3073
97.5591
97.4742
96.5611
94.9697
98.0758
97.0704
96.4236
94.6515
97.0865
96.2488
95.1658
95.4152
96.0495
96.5435
96.8397
96.5038
96.4401
95.7988
95.4197
94.677
91.4443
91.549
92.2428
92.5791
93.1972
93.2117
92.1823
92.0611
91.1959
91.3184
88.9188
88.996
88.9401
89.0227
89.0876
89.006
88.8445
88.74
88.7853
88.8598
86.4233
86.4818
86.5058
86.5704
86.5643
86.5173
86.4291
86.3654
86.3533
86.3756
83.9399
83.9824
84.0042
84.0321
84.0274
83.9955
83.9508
83.9031
83.9021
83.9155
81.4694
81.4957
81.5056
81.5457
81.5222
81.5025
81.4804
81.4524
81.4553
81.4511
79.0133
79.0518
79.0475
79.0571
79.0548
79.0497
79.0488
79.0315
79.0224
79.0022
76.5962
76.6188
76.6241
76.6214
76.6173
76.6155
76.6197
76.6086
76.6007
76.5995
74.1957
74.2026
74.212
74.2169
74.2248
74.2264
74.2189
74.1924
74.2003
74.1973
71.819
71.8287
71.8218
71.83
71.8387
71.8419
71.8389
71.8381
71.8357
71.8213
69.4579
69.4602
69.4742
69.4766
69.489
69.4957
69.4927
69.4818
69.4631
69.4582
67.1289
67.1452
67.1647
67.1589
67.1509
67.1542
67.1597
67.1466
67.1325
67.1289
64.8217
64.8445
64.8606
64.8385
64.8174
64.8157
64.818
64.83
64.8248
64.8187
62.539
62.5426
62.5412
62.5431
62.5429
62.5373
62.5248
62.5176
62.5272
62.5286
60.2632
60.2678
60.2695
60.2771
60.2811
60.2803
60.262
60.2541
60.2479
60.248
58.0051
58.0073
58.0092
58.0093
58.0096
58.0041
58.0027
57.999
57.9928
57.9944
55.777
55.7702
55.7581
55.7635
55.7688
55.7702
55.7673
55.7666
55.7713
55.7749
53.5413
53.5429
53.5363
53.5382
53.5429
53.5526
53.5606
53.5619
53.5573
53.5465
51.3302
51.3213
51.3233
51.334
51.3429
51.3483
51.3553
51.3545
51.3562
51.3447
49.1398
49.1239
49.119
49.1288
49.1444
49.1577
49.1561
49.1605
49.1595
49.1538
46.9524
46.9412
46.9321
46.9312
46.9413
46.951
46.9572
46.9585
46.9545
46.9559
44.7643
44.7666
44.7726
44.7788
44.7739
44.7674
44.7649
44.7611
44.7597
44.7624
42.5952
42.6041
42.6134
42.6086
42.5959
42.5871
42.5897
42.5999
42.5937
42.5917
40.4506
40.4553
40.4568
40.4471
40.4421
40.4261
40.4411
40.4463
40.4459
40.4473
38.3035
38.3196
38.3233
38.3238
38.318
38.3075
38.3067
38.3022
38.2909
38.2938
36.1808
36.1947
36.1935
36.1897
36.18
36.172
36.1618
36.1593
36.1598
36.1668
34.0864
34.0834
34.0637
34.0584
34.055
34.047
34.0408
34.045
34.0658
34.08
31.9857
31.9752
31.9644
31.9596
31.9587
31.9611
31.9667
31.9734
31.98
31.9833
29.8744
29.8767
29.8873
29.8951
29.8963
29.8998
29.9019
29.9004
29.8932
29.8806
27.7971
27.8031
27.8197
27.8364
27.8462
27.8479
27.8421
27.8319
27.8218
27.8036
25.7728
25.7682
25.7695
25.7759
25.7869
25.7974
25.8027
25.8029
25.7998
25.7798
23.7853
23.7695
23.7606
23.7565
23.7629
23.7726
23.7868
23.7966
23.8008
23.7932
21.8066
21.7861
21.7846
21.7848
21.7899
21.7928
21.7952
21.7995
21.8038
21.8057
19.8194
19.818
19.8221
19.825
19.8372
19.837
19.8313
19.8209
19.8205
19.8192
17.8607
17.8671
17.8769
17.8814
17.8812
17.8738
17.8678
17.8616
17.8598
17.8597
15.9465
15.9518
15.952
15.9404
15.9252
15.9084
15.9071
15.9129
15.9251
15.9366
14.0355
14.0416
14.0315
14.0108
13.9934
13.9778
13.9765
13.9892
14.005
14.0228
12.0989
12.1174
12.1177
12.1085
12.0986
12.0863
12.0862
12.0901
12.0899
12.0924
10.1893
10.1977
10.2072
10.2153
10.211
10.2062
10.2022
10.2012
10.1967
10.1916
8.32729
8.318
8.31495
8.31826
8.3196
8.3238
8.3255
8.32762
8.3286
8.33372
6.469
6.45422
6.44973
6.45066
6.45893
6.47425
6.48079
6.4789
6.47137
6.47443
4.60213
4.59888
4.60028
4.60833
4.62065
4.64687
4.64598
4.63471
4.62385
4.6126
2.75701
2.75737
2.75984
2.76634
2.77454
2.78516
2.78905
2.78762
2.77692
2.76244
0.921847
0.921168
0.9211
0.916292
0.914519
0.917632
0.926986
0.930559
0.931601
0.92207
96.4767
96.6425
97.5494
96.586
96.3647
96.7185
96.4957
96.5432
99.2364
96.5725
96.7748
98.4488
96.8154
96.5029
96.4287
96.5263
96.3932
96.4024
96.303
96.1353
98.0452
95.9463
95.829
97.1925
95.5861
95.7133
96.4066
95.8641
96.6816
99.6965
97.6664
98.3678
105.448
98.6738
98.5549
100.205
96.5276
96.2638
99.81
99.3826
106.686
100.374
97.4841
97.3168
98.5901
97.0611
96.732
95.9645
97.744
99.4855
101.509
96.5912
97.3498
97.8629
97.9558
98.5926
95.7364
98.254
105.494
99.0123
96.768
96.8413
98.2189
96.549
96.9773
96.695
96.5338
96.552
96.5564
96.689
97.3638
100.026
97.293
97.0356
98.9839
96.4255
97.084
95.9565
96.4943
96.5192
97.6013
96.2873
96.3658
102.482
96.2635
96.2241
98.7864
96.1235
95.9763
96.9375
93.3954
93.4338
95.2877
93.4997
93.7041
95.9152
93.4739
93.6758
96.3733
93.7191
94.4555
96.9108
94.8444
95.3081
96.5357
95.4077
94.4792
96.4562
94.1915
93.4035
96.1151
93.3544
93.0604
95.7233
93.0854
92.952
95.0115
93.1381
93.3365
95.1686
96.7239
96.713
96.626
96.3626
96.5346
96.7661
99.7602
96.6679
96.5461
96.3402
96.2198
96.3376
96.2905
96.3121
96.3295
96.8412
96.6647
96.5469
96.5464
96.6111
96.3895
96.4491
96.6456
96.4593
98.9235
96.9545
97.3478
96.6902
96.8649
96.4446
96.824
96.9438
96.7604
98.9345
97.3491
96.9655
96.7809
97.0351
96.8365
96.6185
96.6559
96.6895
99.0239
96.8298
96.8809
96.493
96.464
96.5282
96.4102
96.4702
96.4722
97.2094
97.0971
96.4851
96.3516
96.3904
96.3942
96.2017
96.2696
96.224
97.3865
96.0112
96.3075
95.9608
95.6419
95.8954
96.007
95.1318
95.8708
96.7404
96.6155
96.511
95.6442
95.8397
95.9604
95.9171
95.7353
94.9818
106.526
100.631
96.1272
96.1892
96.1219
96.0748
96.4088
96.2525
96.4361
97.0288
96.5779
96.6855
96.5538
96.595
96.6992
96.6488
96.5951
96.742
96.4886
96.4109
96.4195
96.2018
96.2249
96.2916
96.7351
96.6286
96.6441
96.7006
96.59
96.4794
96.5107
96.4229
96.2905
96.2076
96.1475
96.1763
95.9064
95.9087
95.875
96.4427
96.2413
96.3167
95.6216
95.5643
94.9425
95.3577
95.8743
96.4098
99.4964
99.208
98.5582
95.1892
99.6417
98.6264
98.2269
112.976
103.874
100.752
101.599
114.543
91.1414
91.0646
92.9299
91.2228
91.1832
93.243
95.1563
96.3284
96.3917
96.3911
96.518
95.3495
94.2052
94.1729
95.1687
95.9896
94.8143
95.0467
96.1717
96.2909
94.8747
95.0349
96.4968
96.4945
91.3108
91.3037
92.4677
91.1012
91.0338
92.3277
96.4575
96.2416
94.0965
93.7301
95.8184
95.9754
94.0282
95.7127
95.4266
95.0819
95.237
93.7014
88.867
96.4865
94.8477
94.4851
93.9778
94.1082
69.2088
106.129
94.5591
100.562
137.161
108.809
89.0601
11.1019
101.418
91.1733
91.1807
92.3441
94.8415
94.3384
93.5075
90.91
90.8375
91.9727
93.177
94.0868
94.4523
94.6271
94.6694
95.5626
106.022
111.782
127.968
102.374
95.601
95.4776
111.53
105.138
97.1392
93.9872
94.4853
95.1151
89.6137
98.4527
102.607
98.0187
99.5092
101.625
93.7151
93.9403
93.2046
93.6191
94.3018
94.0822
104.969
100.815
118.058
95.2491
94.6351
94.6842
101.876
99.0863
102.343
104.139
94.3834
99.7496
98.4689
91.9219
92.3878
90.4451
103.289
109.092
104.785
104.294
100.487
38.5916
99.5165
99.4069
100.399
114.4
104.358
102.548
77.8686
96.7371
98.5807
102.762
101.316
95.1683
94.4519
94.5399
94.7046
95.0483
91.1307
96.6898
88.161
95.9118
98.1901
108.723
101.863
99.4546
114.804
102.825
115.408
109.349
95.4783
101.891
108.295
103.922
80.2786
106.228
97.2647
121.095
97.857
116.146
97.5029
97.7083
101.734
95.6613
92.6405
104.251
106.894
122.545
95.9773
106.608
96.7026
93.9705
109.683
94.4008
128.41
98.7923
106.12
173.207
112.986
105.29
100.121
94.4988
94.6904
95.3005
92.4298
92.3951
93.1394
93.3041
92.5174
92.4682
125.017
96.3075
102.317
93.6426
90.2471
105.394
85.5613
86.6672
92.1866
101.541
96.7701
129.047
113.211
123.002
96.9613
93.5705
109.241
98.4988
100.81
98.3828
69.5134
109.612
103.862
104.384
114.956
146.211
84.4764
166.583
-19.5111
56.176
116.055
95.8462
97.1419
106.12
106.244
125.57
106.155
116.647
115.873
109.941
131.44
131.259
87.6073
91.9876
99.8209
93.0653
92.3142
92.2142
105.933
118.142
94.003
104.311
145.589
144.043
123.361
125.498
128.695
107.784
102.83
95.9889
129.765
111.412
91.8325
92.4306
92.4872
93.2514
94.9535
97.3418
95.8104
99.4384
113.807
103.922
111.14
138.848
99.6592
95.3149
99.0752
103.377
96.9357
101.321
89.3105
145.154
126.873
158.033
60.5482
94.9706
85.8045
102.482
157.711
91.7337
133.794
95.7057
96.2086
99.3406
115.889
125.546
122.45
110.587
109.033
98.9079
90.4444
99.4593
112.804
102.263
98.0468
121.116
156.236
100.072
148.397
193.319
109.525
101.148
117.351
133.559
89.0155
111.976
78.0222
252.315
478.849
15.1822
108.667
106.621
109.365
193.902
124.998
285.829
249.273
157.634
100.652
106.723
80.0135
392.081
72.9759
71.5639
-104.776
117.386
127.226
106.263
)
;
    }
    frontWall
    {
        type            cyclic;
    }
    backWall
    {
        type            cyclic;
    }
}


// ************************************************************************* //
