/*--------------------------------*- C++ -*----------------------------------*\
| =========                 |                                                 |
| \\      /  F ield         | OpenFOAM: The Open Source CFD Toolbox           |
|  \\    /   O peration     | Version:  5.0                                   |
|   \\  /    A nd           | Web:      www.OpenFOAM.org                      |
|    \\/     M anipulation  |                                                 |
\*---------------------------------------------------------------------------*/
FoamFile
{
    version     2.0;
    format      ascii;
    class       volScalarField;
    location    "1.9";
    object      p;
}
// * * * * * * * * * * * * * * * * * * * * * * * * * * * * * * * * * * * * * //

dimensions      [1 -1 -2 0 0 0 0];

internalField   nonuniform List<scalar> 
9326
(
159.895
115.812
109.727
104.597
95.3636
93.1525
88.5225
84.55
81.7184
79.0727
76.5719
74.1646
71.8223
69.5472
67.3101
65.1104
62.9348
60.7945
58.6826
56.5979
54.5217
52.4602
50.4299
48.3946
46.3829
44.3937
42.4082
40.4195
38.4504
36.5056
34.5567
32.6325
30.7367
28.8341
26.9199
25.0382
23.2092
21.4164
19.6326
17.8383
16.0726
14.3513
12.6319
10.8828
9.16278
7.49037
5.81814
4.13786
2.47859
0.829266
104.124
126.493
112.082
104.672
100.305
94.9681
90.6981
85.1158
82.0102
79.2548
76.685
74.2328
71.8857
69.5862
67.3278
65.1291
62.9408
60.8152
58.7082
56.6018
54.5235
52.4613
50.4214
48.3946
46.3738
44.3785
42.3964
40.4216
38.4589
36.5093
34.5722
32.6465
30.7338
28.8228
26.9225
25.044
23.2051
21.4001
19.6107
17.8363
16.0772
14.3542
12.6391
10.9023
9.16992
7.47752
5.80334
4.1343
2.47896
0.828949
113.859
99.7879
128.134
109.704
97.0707
95.2662
91.5918
85.9069
81.6994
79.1218
76.6119
74.1813
71.8415
69.5676
67.3225
65.1109
62.9515
60.8344
58.7246
56.6002
54.5256
52.4647
50.4139
48.392
46.3768
44.3729
42.3871
40.428
38.4677
36.5102
34.5765
32.6454
30.713
28.8115
26.9304
25.0599
23.2053
21.3907
19.6085
17.8392
16.0872
14.3523
12.6231
10.9027
9.17991
7.47544
5.79747
4.13562
2.48179
0.829163
86.9971
84.3833
100.567
102.723
95.2056
94.8882
90.706
84.9756
81.1822
78.8249
76.4214
74.0921
71.7737
69.5165
67.2966
65.0998
62.9396
60.8171
58.6945
56.5992
54.5321
52.463
50.4191
48.3934
46.3908
44.3859
42.3863
40.4333
38.4631
36.5008
34.5771
32.6407
30.7082
28.807
26.9385
25.0763
23.2115
21.3869
19.6096
17.8451
16.0902
14.3387
12.6049
10.8899
9.1855
7.47794
5.79882
4.14303
2.4881
0.823864
103.298
101.819
111.728
96.0741
101.6
91.5944
88.071
83.8087
80.5624
78.4273
76.1723
73.9185
71.6828
69.4564
67.2677
65.0854
62.9394
60.8015
58.6696
56.601
54.5325
52.46
50.4223
48.3959
46.3982
44.3994
42.3963
40.4298
38.4509
36.4935
34.5716
32.6331
30.7058
28.8059
26.9395
25.0858
23.221
21.3921
19.6126
17.8516
16.0891
14.326
12.5843
10.8788
9.18257
7.47917
5.80539
4.15715
2.49619
0.821912
103.244
106.826
127.049
54.3758
79.5234
83.7407
85.7324
82.8077
80.0556
78.1114
75.9689
73.7922
71.6031
69.4139
67.2526
65.0809
62.9392
60.7998
58.6615
56.5784
54.5221
52.4555
50.4218
48.4055
46.4025
44.4122
42.406
40.4227
38.4437
36.4863
34.5659
32.6275
30.6985
28.8083
26.9437
25.088
23.2332
21.4027
19.6166
17.8534
16.0833
14.3124
12.5707
10.8691
9.17771
7.48348
5.82193
4.18038
2.50601
0.82496
110.186
100.916
94.1833
95.2419
88.7517
93.0348
84.9538
82.1253
79.7614
77.9162
75.865
73.7328
71.5838
69.405
67.2345
65.0704
62.9328
60.8041
58.6637
56.5731
54.5181
52.4559
50.4214
48.4141
46.4089
44.4106
42.4122
40.4198
38.4449
36.4958
34.5596
32.6141
30.6915
28.8146
26.9468
25.0825
23.2381
21.4165
19.6182
17.8454
16.076
14.3036
12.5664
10.8665
9.17318
7.48518
5.82814
4.18087
2.51141
0.834052
111.913
119.42
97.8067
99.8372
91.2714
79.3399
84.1196
81.9919
79.8692
77.9856
75.9001
73.7564
71.5991
69.4137
67.219
65.0772
62.9275
60.7956
58.678
56.5677
54.5073
52.4519
50.4198
48.4155
46.4089
44.4151
42.4136
40.4173
38.4558
36.5013
34.5554
32.6112
30.696
28.8213
26.9447
25.0718
23.2377
21.4264
19.6238
17.8396
16.0715
14.3167
12.5792
10.8711
9.1719
7.48738
5.82654
4.16993
2.50919
0.837839
75.8418
90.9211
102.88
100.811
97.2745
91.5902
85.0493
82.4927
80.4534
78.3013
76.1031
73.8849
71.6679
69.453
67.2562
65.0928
62.918
60.7886
58.6819
56.5823
54.5011
52.4441
50.4237
48.4105
46.41
44.4137
42.4098
40.415
38.4485
36.5
34.5442
32.6125
30.7147
28.8275
26.9374
25.0597
23.2319
21.43
19.628
17.8383
16.0698
14.324
12.5947
10.8718
9.16843
7.48919
5.81996
4.15939
2.499
0.839044
120.461
130.595
97.0388
130.69
99.0947
89.6431
86.5116
83.5615
81.1103
78.6995
76.3503
74.0254
71.7343
69.5062
67.2869
65.0964
62.9275
60.7955
58.6795
56.5849
54.5009
52.449
50.4284
48.4002
46.3999
44.4079
42.4098
40.417
38.4464
36.5016
34.5474
32.6186
30.7298
28.8323
26.9269
25.0485
23.2222
21.427
19.6316
17.8374
16.0707
14.3399
12.6113
10.8738
9.1619
7.49267
5.82318
4.14807
2.48454
0.829862
117.805
114.38
108.768
108.982
95.9137
93.172
88.517
84.5506
81.7185
79.0726
76.572
74.1646
71.8221
69.5473
67.3101
65.1099
62.9348
60.7945
58.6828
56.5976
54.5217
52.4603
50.4299
48.3945
46.383
44.3938
42.4081
40.4195
38.4502
36.5055
34.5566
32.6325
30.7367
28.834
26.9199
25.0382
23.2091
21.4165
19.6325
17.8382
16.0725
14.3514
12.632
10.8829
9.16278
7.49035
5.81807
4.1378
2.47854
0.829342
103.731
124.267
111.915
103.769
99.7845
95.2119
90.6884
85.1165
82.0101
79.2548
76.685
74.2328
71.8857
69.5862
67.3278
65.1289
62.9407
60.8153
58.7081
56.6017
54.5236
52.4613
50.4214
48.3943
46.3738
44.3784
42.3962
40.4216
38.4589
36.5093
34.5728
32.6466
30.7337
28.8229
26.9225
25.0439
23.205
21.4002
19.6107
17.8363
16.0773
14.3543
12.639
10.9021
9.17003
7.47758
5.80324
4.13429
2.47915
0.828903
97.0856
96.8293
132.333
109.793
97.3412
95.2235
91.4589
85.9067
81.7007
79.1217
76.6119
74.1812
71.8415
69.5676
67.3225
65.1109
62.9515
60.8343
58.7247
56.6001
54.5252
52.4647
50.4138
48.3919
46.3768
44.3728
42.3871
40.4279
38.4677
36.5103
34.5763
32.6453
30.7131
28.8115
26.9305
25.06
23.205
21.3908
19.6085
17.8392
16.0872
14.3525
12.6231
10.9025
9.17994
7.47531
5.79725
4.13565
2.48179
0.829153
98.6163
66.0988
100.566
119.885
95.2283
92.8945
90.6934
84.9753
81.1826
78.8245
76.4214
74.0919
71.7737
69.5165
67.2966
65.0998
62.9396
60.8169
58.6944
56.5991
54.5322
52.463
50.4192
48.3935
46.3907
44.3857
42.3864
40.4334
38.4632
36.5006
34.5769
32.641
30.7081
28.807
26.9386
25.0762
23.2112
21.3869
19.6096
17.8451
16.0902
14.3387
12.6047
10.89
9.18557
7.47793
5.7987
4.14302
2.48809
0.823762
103.521
101.392
121.718
92.9417
97.672
91.1376
88.0721
83.8062
80.5625
78.4273
76.1724
73.9184
71.6825
69.4564
67.2678
65.0855
62.9394
60.8014
58.6695
56.6011
54.5325
52.4595
50.422
48.396
46.3979
44.3995
42.3965
40.4297
38.4504
36.4932
34.5717
32.6331
30.7058
28.8059
26.9395
25.0858
23.221
21.392
19.6126
17.8519
16.089
14.3257
12.5843
10.8788
9.18259
7.47915
5.80532
4.15707
2.49612
0.821959
103.424
104.603
107.403
68.5281
78.0141
84.2215
85.7304
82.8043
80.0557
78.1113
75.9689
73.792
71.6033
69.4139
67.2525
65.0808
62.9391
60.7998
58.6615
56.5784
54.5222
52.4551
50.4218
48.4054
46.4026
44.4123
42.4059
40.4226
38.4437
36.4865
34.566
32.6273
30.6983
28.8083
26.9438
25.088
23.2332
21.4027
19.6166
17.8534
16.0832
14.312
12.5707
10.8691
9.17761
7.48347
5.82191
4.18039
2.50585
0.824934
110.522
102.02
144.16
91.774
89.1162
84.0193
84.9438
82.122
79.7619
77.916
75.865
73.7329
71.5837
69.4049
67.2344
65.0704
62.9328
60.804
58.6636
56.5732
54.5181
52.4559
50.4214
48.4141
46.4088
44.4106
42.4122
40.4198
38.4449
36.4957
34.5597
32.6141
30.6914
28.8146
26.9468
25.0824
23.2381
21.4165
19.6182
17.8455
16.076
14.3034
12.5664
10.8665
9.17307
7.48516
5.82826
4.18094
2.5114
0.834177
118.056
95.4238
113.311
102.778
93.0621
81.5151
84.1306
81.9893
79.8697
77.9854
75.9001
73.7563
71.5991
69.4137
67.219
65.0772
62.9278
60.7954
58.6781
56.5676
54.5073
52.452
50.4198
48.4155
46.4089
44.4151
42.4139
40.4173
38.4557
36.5013
34.5553
32.6112
30.696
28.8213
26.9447
25.0718
23.2376
21.4263
19.6238
17.8395
16.0714
14.3168
12.5792
10.8711
9.17181
7.48736
5.82653
4.16991
2.50913
0.837934
211.819
117.387
92.7808
101.595
97.2394
92.4444
84.9222
82.493
80.4535
78.3012
76.1031
73.8849
71.6678
69.453
67.2562
65.0931
62.9181
60.7885
58.6819
56.5824
54.5011
52.4441
50.4237
48.4105
46.41
44.4137
42.4098
40.4149
38.4485
36.5001
34.5443
32.6124
30.7151
28.8276
26.9373
25.0598
23.232
21.4299
19.6279
17.8382
16.0698
14.324
12.5947
10.8717
9.1684
7.48915
5.81992
4.15936
2.49907
0.839048
120.875
98.0455
97.7522
117.343
90.6072
89.2171
86.505
83.5619
81.1103
78.6995
76.3504
74.0254
71.7342
69.5064
67.2868
65.0967
62.9275
60.7955
58.6795
56.5848
54.5008
52.4489
50.4284
48.4002
46.3999
44.4079
42.4097
40.417
38.4464
36.5015
34.5473
32.6186
30.73
28.832
26.9268
25.0487
23.2223
21.427
19.6316
17.8374
16.0707
14.3398
12.6113
10.8736
9.16187
7.49269
5.82305
4.14805
2.48454
0.829848
114.145
116.544
121.593
108.198
95.5237
92.8221
88.521
84.5503
81.7183
79.0726
76.5722
74.1646
71.8219
69.5475
67.31
65.1096
62.9347
60.7946
58.6828
56.5974
54.5216
52.4604
50.4298
48.3943
46.383
44.3938
42.4079
40.4194
38.4501
36.5055
34.5567
32.6325
30.7367
28.8338
26.9198
25.0381
23.209
21.4165
19.6325
17.8381
16.0723
14.3514
12.6321
10.883
9.1628
7.49057
5.81793
4.1377
2.47844
0.829301
104.474
106.963
111.461
103.45
98.8576
95.4674
90.6928
85.1153
82.01
79.2548
76.6849
74.2327
71.8856
69.5861
67.3277
65.1287
62.9407
60.8157
58.7079
56.6015
54.5236
52.4614
50.4214
48.3942
46.3737
44.3784
42.3961
40.4215
38.459
36.5092
34.5728
32.6465
30.7336
28.8228
26.9225
25.0438
23.2049
21.4006
19.6105
17.8356
16.0772
14.3544
12.6389
10.9016
9.17005
7.47764
5.80312
4.13423
2.47923
0.828718
98.4333
92.2829
147.597
109.877
103.185
95.2341
91.4713
85.9076
81.7005
79.1217
76.6118
74.1812
71.8414
69.5675
67.3224
65.1108
62.9514
60.834
58.7246
56.6001
54.5248
52.4646
50.4137
48.3919
46.3769
44.3728
42.387
40.4279
38.4677
36.5103
34.5762
32.6449
30.7131
28.8116
26.9305
25.0599
23.2049
21.3907
19.6084
17.8391
16.0872
14.3526
12.6225
10.9023
9.18001
7.47522
5.79717
4.13559
2.48175
0.828824
120.149
78.7286
105.23
100.901
84.1329
92.9333
90.6805
84.9766
81.1821
78.8243
76.4213
74.0918
71.7736
69.5164
67.2965
65.0997
62.9395
60.8167
58.6944
56.599
54.5322
52.4629
50.4191
48.3936
46.39
44.3852
42.3865
40.4334
38.4631
36.5006
34.5768
32.6409
30.708
28.8069
26.9386
25.0761
23.2111
21.387
19.6097
17.8452
16.0901
14.3385
12.6044
10.8902
9.18557
7.47786
5.79861
4.14298
2.48797
0.823445
103.019
104.919
105.235
95.7154
88.229
91.067
88.0677
83.8068
80.5618
78.4276
76.1723
73.918
71.6822
69.4563
67.2677
65.0854
62.9393
60.8014
58.6693
56.6012
54.5325
52.4594
50.4216
48.396
46.3976
44.3995
42.3965
40.4297
38.4503
36.4931
34.5717
32.6331
30.705
28.8059
26.9395
25.0857
23.2211
21.3921
19.6126
17.852
16.0888
14.3253
12.5844
10.8788
9.18255
7.47909
5.80546
4.15698
2.49602
0.821876
103.897
104.989
110.531
70.3325
79.2585
85.498
85.735
82.8051
80.055
78.1116
75.9686
73.792
71.6034
69.4138
67.2523
65.0808
62.9391
60.7999
58.6613
56.5783
54.5222
52.455
50.4216
48.4061
46.4026
44.4122
42.4058
40.4225
38.4436
36.487
34.5661
32.6269
30.6982
28.8082
26.9438
25.0879
23.2332
21.4026
19.6165
17.8536
16.0831
14.3116
12.5708
10.8691
9.17742
7.4834
5.82193
4.18044
2.50485
0.824912
110.827
96.3848
101.166
94.8324
94.9242
82.7096
84.9436
82.121
79.7614
77.9161
75.8649
73.7328
71.5837
69.4049
67.2344
65.0703
62.9328
60.8039
58.6636
56.5732
54.5182
52.4558
50.4213
48.414
46.4086
44.4105
42.4121
40.4201
38.4453
36.4957
34.5595
32.6139
30.6914
28.8145
26.9466
25.0823
23.2381
21.4164
19.6181
17.8455
16.0759
14.3033
12.5663
10.8665
9.17293
7.4851
5.82829
4.18077
2.51136
0.834155
107.114
135.618
124.198
98.6969
91.1602
79.595
84.1447
81.9888
79.8695
77.9855
75.9
73.7561
71.599
69.4136
67.2187
65.0772
62.9281
60.7951
58.6782
56.5677
54.5073
52.4519
50.4199
48.4155
46.4088
44.4152
42.4138
40.417
38.4556
36.5014
34.5553
32.6111
30.6959
28.8212
26.9446
25.0717
23.2376
21.4261
19.6237
17.8396
16.0713
14.3167
12.5791
10.8711
9.1717
7.4873
5.82649
4.16988
2.50912
0.83792
76.6631
138.398
95.9571
100.27
99.7293
93.6852
84.9379
82.4929
80.4537
78.3012
76.103
73.8848
71.6678
69.4529
67.2561
65.0932
62.918
60.7883
58.6819
56.5824
54.501
52.4441
50.4236
48.4104
46.4096
44.4137
42.4093
40.4148
38.4491
36.5002
34.5441
32.6123
30.7158
28.8276
26.9372
25.0597
23.232
21.4297
19.6278
17.8382
16.0699
14.324
12.5947
10.8715
9.1683
7.48909
5.81983
4.1593
2.49904
0.838961
113.057
96.9605
100.382
95.6304
99.3296
86.2643
86.5128
83.5618
81.1102
78.6994
76.3504
74.0252
71.7339
69.5065
67.2869
65.097
62.9274
60.7954
58.6796
56.5847
54.5007
52.4488
50.4283
48.4002
46.4
44.4078
42.4097
40.417
38.4465
36.5015
34.5468
32.6187
30.7303
28.8316
26.9266
25.0489
23.2222
21.427
19.6315
17.8374
16.0706
14.3397
12.6112
10.8735
9.16183
7.49265
5.82287
4.14798
2.48456
0.82979
90.0495
95.0849
91.4252
93.1676
90.0185
95.1451
91.4149
92.4315
95.0215
93.0193
95.1266
92.3338
94.9964
93.052
93.156
93.9179
91.8597
95.3078
93.1856
93.8969
91.8582
91.0911
90.4496
88.7643
92.8732
91.0944
93.1878
88.8067
88.0412
85.6319
85.7207
91.3204
88.0348
86.0183
85.7098
85.3728
85.4721
84.4779
84.1035
85.3455
89.0114
84.4786
84.29
88.9569
84.2643
84.6234
84.3075
88.5972
84.2444
83.6999
97.8208
85.1758
80.5027
83.6991
88.1868
85.1754
86.2406
88.1387
86.3881
92.6098
86.281
86.4889
86.1192
86.3005
94.0449
89.2414
88.8746
86.1809
93.7451
89.2106
90.0037
94.7815
91.4061
93.0957
90.0288
95.5741
91.4016
92.3231
94.9819
93.0521
95.4854
92.3156
95.1651
93.0501
93.1902
93.9005
91.8547
95.2273
93.182
93.847
91.867
91.0918
92.7339
88.6658
94.4935
91.0996
89.2315
88.6763
88.0366
84.4378
85.7157
96.0018
88.0308
84.0019
85.6821
85.3303
89.0184
84.4985
84.1931
85.3164
83.9898
84.4929
84.271
88.343
84.2523
83.2845
84.1157
81.8331
84.2366
83.6981
93.8645
85.1724
79.8401
83.7048
90.648
85.2383
86.2894
86.5036
86.1013
95.2753
86.2893
87.6607
86.0318
86.1404
93.2505
89.2243
88.1562
86.1938
93.4183
89.2157
90.0309
95.4235
91.4022
92.8425
90.0444
95.2195
91.4493
92.3243
95.8066
93.0378
97.1803
92.4378
95.8733
93.0186
93.1727
93.9355
91.8709
95.3138
93.1373
95.1257
91.8702
91.1086
89.2121
88.6522
99.3304
91.0967
89.61
88.696
88.0519
84.1493
85.7511
84.8729
88.0736
84.1346
85.7482
85.3556
84.1957
84.4908
86.1862
85.3515
83.9421
84.5057
84.1605
84.2474
84.2528
82.948
84.0825
84.6283
84.2613
83.7066
90.8933
85.2279
80.1187
83.7083
90.673
85.1509
86.2803
86.7649
86.0692
93.2877
86.2377
87.1849
86.3282
86.2127
93.9053
89.1737
88.5465
86.2487
93.774
89.2338
93.0066
99.2875
101.068
95.6328
94.4672
98.6956
98.7411
92.5772
92.201
94.947
93.1542
93.9434
95.0185
92.1592
86.7114
89.5984
87.4293
88.5181
86.7203
89.5985
87.4392
96.1019
100.028
97.202
99.6832
96.0587
99.3219
97.2077
94.6186
94.4939
98.8474
94.9971
94.4988
97.1619
94.5859
87.6555
91.3194
87.9057
90.6911
87.6643
91.2002
87.9151
96.4723
97.2889
96.1213
97.4636
96.4633
98.3411
96.7159
94.2064
94.9119
94.7375
95.2371
94.6255
94.7414
94.1997
88.0169
91.1317
86.9568
91.4758
88.016
91.1342
86.9672
94.0603
95.4718
99.3058
92.5887
92.6953
91.5029
102.31
92.0848
92.6622
87.8601
94.2897
92.7593
88.5593
100.847
86.5518
88.7638
85.3146
90.6882
86.5577
88.7676
85.3158
89.859
122.109
108.748
101.27
92.6973
118.59
85.9685
87.2009
88.546
95.0103
91.0988
88.5011
93.3977
87.8534
84.9793
86.018
83.9067
88.0759
84.9767
86.016
83.8879
101.166
71.724
80.2601
88.4223
111.015
71.5231
80.3743
85.0296
83.9005
88.7173
83.3148
84.0377
88.7708
85.0498
83.6376
85.0166
82.9654
85.7337
83.6161
85.0222
82.963
92.5668
97.7479
88.6206
88.8355
91.6934
91.7911
86.273
84.3808
82.4091
93.0445
92.8304
82.5382
85.1456
84.5476
82.7056
84.7136
82.6352
84.9493
82.6977
84.6948
82.6421
77.7481
106.269
95.9723
89.5799
74.992
101.759
95.4754
83.6906
81.3834
86.7095
80.0706
81.3853
86.5746
83.661
82.6155
84.6205
83.3485
84.1318
82.6234
84.4959
83.3471
98.4215
107.067
92.6031
97.298
83.8029
110.273
82.4023
87.1359
86.2554
92.0084
91.4629
86.2947
91.7268
87.0985
83.7769
85.9854
84.4188
84.9375
83.7855
85.9966
84.428
89.2481
90.2333
94.5034
99.2157
83.8668
92.9107
93.3947
89.3298
86.8575
97.4684
88.939
86.8633
90.9394
89.5067
84.9406
88.1168
85.9497
86.5069
84.948
88.1162
85.9581
93.7064
98.5306
98.362
96.6844
98.5151
98.4984
109.687
93.5121
92.2172
93.9396
93.1429
93.4675
93.9536
92.2322
86.7195
89.5969
87.4387
88.5185
86.7193
89.5964
87.4385
96.041
99.193
96.9508
100.401
96.8031
100.119
97.021
94.6979
94.4865
95.0088
95.2613
94.6578
94.5055
95.0625
87.6628
91.197
87.9142
90.69
87.662
91.1952
87.914
96.6037
96.9582
96.939
97.3648
96.614
99.3688
95.6259
94.1132
94.7264
94.8093
95.2385
94.12
94.7486
94.773
88.0147
91.1334
86.9651
91.454
88.0146
91.1223
86.9651
94.5913
91.6417
95.4109
96.4678
93.1736
83.9519
93.2304
90.7264
92.2662
91.5015
92.9926
90.7857
92.277
91.3596
86.5552
88.7606
85.3123
90.6897
86.5588
88.7634
85.3112
89.4118
115.843
85.8774
93.3516
88.8386
92.4705
84.0926
88.0236
88.4538
95.0901
93.0698
87.8891
88.6076
95.9458
84.9741
86.0199
83.8907
88.07
84.975
86.0113
83.8869
93.0053
68.2739
102.024
78.5467
89.5875
102.248
78.0364
85.0581
83.7336
89.0082
84.1624
84.976
83.7708
88.7723
83.6184
85.0288
82.9604
85.7324
83.6219
85.0349
82.961
134.061
90.5668
100.644
89.0509
72.6924
93.622
90.3784
84.3848
82.8127
101.835
101.742
84.4847
82.8464
87.7038
82.6957
84.7027
82.6389
84.9398
82.6982
84.6992
82.6387
71.0496
96.6463
60.7189
90.5386
80.9232
103.729
102.927
84.152
81.4612
87.4875
81.7048
83.7554
81.4998
89.1984
82.6214
84.4931
83.3464
84.1414
82.6219
84.4243
83.3457
83.5767
111.037
81.4475
96.9563
92.2673
117.29
83.8823
87.2881
86.4845
91.7315
90.9863
87.212
86.6009
91.8251
83.7849
85.9732
84.4278
84.9244
83.7847
85.9663
84.4278
88.9905
92.8079
94.3879
97.9426
100.928
88.8966
100.274
89.4449
86.8382
90.9472
94.2174
89.3657
86.8307
90.8873
84.9464
88.117
85.9568
86.5075
84.9462
88.1166
85.9568
94.2484
98.9778
100.283
95.9908
93.7673
98.6924
95.4092
93.4768
92.2754
93.9474
92.8006
93.4797
93.9754
92.2909
86.7199
89.598
87.4388
88.5224
86.7109
89.5987
87.4287
97.3963
99.5765
101.335
97.578
96.6847
101.151
98.7655
94.7396
94.4827
94.9891
95.5412
94.7412
94.5108
95.551
87.6628
91.2046
87.9156
90.6985
87.6534
91.3131
87.9068
97.365
92.6574
95.7994
100.318
97.0953
102.244
96.8747
94.1099
94.7581
94.8018
95.2464
94.114
94.7963
94.7762
88.0158
91.1255
86.9669
91.5848
88.017
91.1094
86.9571
92.7176
84.2522
92.3453
98.9774
95.1152
86.359
91.9262
94.853
92.5649
105.873
92.1902
93.9049
93.07
96.3481
86.5617
88.7578
85.316
90.6966
86.5541
88.764
85.3149
90.734
92.7691
83.5671
98.5008
89.5279
92.0602
83.9922
88.4205
92.5564
91.159
99.4949
88.4891
91.5215
92.3854
84.9774
86.0186
83.8858
88.0627
84.9802
86.0159
83.9035
83.918
101.579
77.1887
84.2517
87.2477
166.761
82.8149
85.2842
83.793
88.8516
85.3362
85.2473
83.8061
88.8704
83.6203
85.0417
82.9632
85.7337
83.6425
85.0345
82.9643
49.2101
90.5397
89.6657
88.8901
44.3009
92.8376
88.6381
83.9893
82.8526
85.1133
82.6083
84.048
82.8233
83.6694
82.6967
84.6926
82.6417
84.9322
82.7032
84.7165
82.6356
76.4711
105.447
101.391
97.6099
77.0149
117.183
91.1113
84.5471
81.7029
88.2216
80.0526
84.8383
81.7401
87.802
82.6238
84.4547
83.3458
84.1292
82.6157
84.7136
83.3478
95.6769
124.585
83.0685
106.492
95.6482
66.0821
86.1092
87.4148
87.2214
92.8503
93.4959
87.5594
87.3948
92.7525
83.7852
85.9725
84.428
85.0489
83.7764
85.9824
84.4191
100.47
90.1319
99.9085
91.9911
82.9828
91.9619
99.4161
89.4657
86.7772
90.9217
86.8528
89.3113
86.7589
91.547
84.9476
88.1147
85.9581
86.5153
84.9398
88.1148
85.9498
92.6884
92.4695
90.5956
90.0653
90.5174
95.6171
92.3053
93.2329
94.6834
93.9206
95.0584
94.6652
93.9189
93.327
92.8761
91.5367
93.0808
91.4234
91.6064
93.0774
93.0894
93.3024
93.1527
92.1296
93.9194
93.9389
93.494
92.1006
93.4139
90.0479
92.2534
90.4998
90.4724
93.5543
92.2022
93.2421
95.0387
94.595
93.9141
94.6163
93.9166
93.2431
92.8804
91.4173
91.5959
93.0857
91.6153
93.0737
92.8983
94.0735
93.9613
93.0426
92.3815
93.9656
92.8967
94.0289
94.9616
95.7614
94.6735
95.0091
95.8291
94.6756
94.9561
94.1506
93.3122
93.9718
93.0317
93.2453
93.9812
94.1243
94.6835
95.073
94.4782
96.3999
94.4913
97.4774
94.6438
94.0856
92.3519
94.0058
92.8714
93.9863
92.8763
94.0714
94.9657
95.0101
95.8791
94.6773
95.7453
94.6662
94.9828
94.1587
93.0444
93.1971
93.9759
93.214
93.9792
94.1615
93.7651
93.8764
93.0634
93.1701
93.8878
93.0754
93.7526
93.4537
95.1131
93.1794
93.9195
94.6169
93.1776
93.4658
93.4547
92.5504
92.4734
91.8637
92.5588
92.4699
93.6414
94.1565
95.2406
94.7291
94.751
94.6901
94.7424
94.1637
93.6515
93.1777
93.884
93.0737
93.8918
93.0828
93.6932
93.4294
93.8996
94.4789
93.1769
94.5263
93.1717
93.4439
93.4234
91.8641
92.5461
92.4487
92.5566
92.5245
93.4497
90.8544
91.5171
90.1758
91.0955
91.3992
90.1957
90.8181
89.2706
109.96
89.2048
91.7598
95.5524
89.1796
89.7582
89.4587
89.4094
88.7916
88.7223
89.4097
88.7353
89.4714
91.2282
97.287
93.1698
91.2326
91.7578
87.0869
90.857
91.734
91.0985
91.4256
90.205
91.5545
90.2128
90.4702
88.9872
95.6848
91.2269
89.227
100.555
89.1864
89.2696
89.5403
88.8763
89.4218
88.7464
89.4387
88.7465
89.3358
87.566
88.2522
87.2542
88.0506
88.2515
87.25
87.5758
85.9254
89.4634
84.97
85.1769
86.9614
85.0071
86.1431
86.3237
86.3899
85.4067
85.7073
86.3647
85.4061
86.3321
87.3997
91.3169
88.4412
93.8792
88.4393
93.3742
87.8544
87.492
88.0306
88.1747
87.2412
88.2573
87.251
87.4403
85.8595
87.3933
88.6864
85.0153
87.0266
85.0024
85.8903
86.3312
85.7648
86.3673
85.3944
86.418
85.4058
86.2773
85.5223
85.1262
85.2476
85.3725
85.1074
85.2518
85.6078
84.0564
90.2529
83.1972
89.7607
92.7622
83.0751
84.1368
84.9202
84.7334
84.7446
84.4759
84.725
84.7541
84.9593
84.872
83.9994
83.7579
89.0245
83.8102
89.1106
84.9131
85.5232
85.5202
85.1301
85.2797
85.1198
85.3057
85.5533
84.0583
90.4434
87.1696
82.9211
87.0577
83.2184
84.0268
84.9332
84.4738
84.7134
84.7259
84.7245
84.7304
84.9555
84.5812
84.1927
84.5939
84.4124
84.1564
84.5556
84.6534
84.2104
89.1746
84.2099
89.5051
84.0412
84.1886
84.1
84.159
84.2124
84.193
84.2165
84.1886
84.1683
84.1677
84.6624
97.1519
82.597
83.3192
82.386
91.905
84.4671
84.5805
84.1413
84.104
84.5678
84.1756
84.5708
84.5493
84.5729
88.633
86.247
84.0325
83.8616
84.2071
83.7979
84.1113
84.2608
84.2166
84.1454
84.2349
84.1647
84.133
84.3727
83.1962
84.3336
83.7033
83.1756
84.3418
84.3596
83.4747
79.4971
84.1082
95.6725
71.5901
84.3415
85.4983
84.233
84.4329
86.1506
85.2028
84.4319
86.164
84.2415
83.7295
79.456
81.3738
91.207
81.4262
85.2636
84.6495
84.5197
83.702
83.1697
84.3314
83.1578
84.3366
84.4629
83.2755
100.97
98.4777
85.2117
70.1081
84.1392
83.1987
84.1974
85.1917
84.4587
86.1549
84.4538
86.1665
84.9042
87.9557
87.0866
86.4803
86.256
87.0939
86.488
87.9405
85.6301
88.8513
86.9822
88.047
89.0342
86.9833
85.7026
87.2135
86.015
87.6744
86.3761
85.8456
87.5916
87.2638
87.1445
93.4478
86.3958
92.4963
86.3301
92.0317
87.1608
87.9597
86.2661
87.0763
86.4775
87.0885
86.49
87.9605
85.6868
87.1519
88.4415
86.9642
88.6292
86.9759
85.6723
87.2736
86.3253
85.8645
87.8208
85.8762
87.7751
87.2758
90.076
87.6695
87.523
86.2314
87.7262
87.4531
90.1756
90.4597
92.8473
91.4104
93.3448
92.1012
90.508
91.4394
90.1553
88.0714
92.8804
89.2518
88.0587
90.1739
92.8078
89.3677
89.0671
86.8409
91.1489
86.8534
91.0606
89.3764
90.1661
86.2029
87.7512
87.471
87.745
87.425
90.1547
90.4444
93.3242
91.6867
91.5279
92.1086
90.4206
91.4536
90.1859
89.2303
88.0367
92.855
88.0442
90.2609
92.7532
93.5001
92.3503
90.514
90.0206
93.5194
90.5212
92.2995
93.2428
94.3844
93.9164
94.9123
93.2445
94.4305
93.92
92.9107
91.588
93.099
91.4051
92.9039
91.5957
93.1054
93.5165
93.1509
92.2669
93.9541
93.9627
93.5096
92.2402
93.452
90.0316
92.2854
90.5374
90.5337
93.4552
92.2724
93.2356
95.1957
93.6075
93.8998
96.0574
93.9171
93.2309
92.9264
91.4042
91.6068
93.1214
91.599
93.1106
92.9266
94.0541
94.0207
92.8667
92.3138
94.0587
94.0258
92.8707
95.007
95.7196
94.6684
94.9802
94.9974
95.9076
94.6711
94.1526
93.1898
93.9762
93.0525
94.1597
93.1961
93.9804
94.6674
95.3599
94.4846
94.9903
94.5002
95.0227
94.684
94.0633
92.3139
93.9825
92.8646
93.996
92.8722
94.0364
95.0252
94.9742
95.5672
94.6727
95.7354
94.6685
95.0433
94.1487
93.0555
93.2198
93.9808
93.2176
93.9833
94.1413
93.6073
93.8807
93.071
93.1885
93.6181
93.8775
93.0681
93.3573
96.8585
93.2352
93.8901
93.4033
95.4063
93.1684
93.5691
92.5402
92.4524
91.8586
93.5612
92.5341
92.482
94.1245
95.2218
94.7675
94.7923
94.7424
94.7718
94.1209
93.6151
93.1876
93.8303
93.0577
93.8551
93.0647
93.5945
93.3446
93.8587
93.6536
93.1698
95.4269
93.1793
93.3516
93.5016
91.8644
92.5243
92.4633
92.5291
92.4658
93.5382
90.3831
91.4127
90.2285
91.0944
90.3018
91.5283
90.2187
89.0993
100.915
89.2064
96.7159
89.202
97.4934
89.1759
89.4347
89.4092
88.7417
88.654
89.3948
89.4205
88.7528
95.6346
93.5391
92.561
98.1575
92.3905
94.8481
95.4999
90.4959
91.0962
91.2242
90.2536
91.2155
90.2048
90.0209
88.929
89.1804
97.0004
89.1703
97.0596
89.1634
89.4238
89.4506
88.8278
89.445
88.7522
89.4309
88.7713
89.4152
87.3756
88.1369
87.2583
88.0184
87.408
88.0539
87.2411
85.8948
87.7495
85.0686
83.9441
85.9
87.346
84.9027
86.2322
86.4187
85.3766
85.6948
86.2559
86.3553
85.3891
87.905
99.8863
88.7164
92.9666
88.679
94.02
87.6236
87.3669
88.1064
88.0372
87.2255
88.0103
87.2799
87.3586
85.9471
83.9071
87.0187
84.865
87.0744
84.9119
86.0063
86.2188
85.7198
86.3641
85.3998
86.4001
85.3703
86.2126
85.5219
85.1635
85.2692
85.3073
85.526
85.149
85.2624
83.9893
87.1693
82.9018
89.1471
84.044
86.3458
82.9316
84.9716
84.7244
84.715
84.4878
84.9676
84.7182
84.697
85.1569
84.1748
83.7748
88.8507
83.7569
91.6096
85.1923
85.5277
85.3119
85.139
85.2803
85.1466
85.3971
85.5302
83.9459
97.1021
89.3872
82.9095
90.3419
82.924
83.9342
84.9781
84.4991
84.7095
84.6365
84.7513
84.6646
84.9834
84.5027
84.0996
84.6157
84.0543
84.5184
84.1087
84.5898
83.7964
85.1181
84.0397
88.878
83.971
83.7086
84.3375
84.1729
84.2506
84.1267
84.2423
84.2405
84.2331
84.1002
84.0616
83.8623
82.8704
85.5801
82.8744
86.3219
83.956
84.4887
84.0502
84.0086
84.5611
84.1673
84.6005
84.462
83.9013
93.6541
88.6037
84.0148
95.0593
84.1524
83.9402
84.1646
84.2569
84.1862
84.04
84.2643
84.0658
84.1429
84.3677
83.1704
84.3287
83.7019
84.442
83.1617
84.3313
86.3578
93.2133
84.7237
91.4385
84.3502
99.0567
84.6072
84.5347
84.4369
86.1587
85.1866
84.5599
84.4273
86.1845
84.2615
79.451
81.6182
110.555
81.5903
90.8028
84.6387
84.2777
83.7036
83.1576
84.3384
83.1533
84.3345
84.2339
83.7756
90.2088
98.5137
85.1283
99.9283
84.8751
81.8024
84.5423
85.2129
84.6111
86.1869
84.5202
86.1969
84.3359
87.9813
87.0643
86.4667
86.2917
87.9688
87.0501
86.4721
85.8498
88.2487
86.9993
86.8259
85.8508
90.7224
87.1983
87.2675
85.8918
87.8269
86.2222
87.2603
85.8818
87.9027
87.3735
100.1
87.0648
92.8085
86.8225
92.4834
87.4711
87.9881
86.2913
87.0179
86.4828
87.0337
86.4737
87.9902
85.988
86.533
88.4952
87.1561
89.3097
87.1479
85.9394
87.3109
86.1125
85.9165
87.7844
85.8889
87.7727
87.3049
90.2032
87.7968
87.4362
86.1333
90.0448
87.8597
87.4
90.4404
93.2736
91.4472
93.4129
90.4361
93.6209
91.4886
90.3744
88.002
92.7024
89.2642
90.3687
87.9993
92.7747
89.3812
89.8165
86.7839
90.9197
86.8048
90.831
89.3535
90.036
86.1435
87.731
87.4149
87.817
87.4041
89.9923
90.4192
94.0767
92.0674
91.2425
94.1754
90.3911
91.537
90.241
89.2683
88.0666
92.5018
88.0287
90.2043
92.8395
93.5178
92.2843
90.5277
90.0244
93.5201
90.4919
92.302
93.2372
93.5014
93.8827
95.1572
93.2272
93.2066
93.8744
92.9071
91.6299
93.1338
91.4016
92.8922
91.6576
93.1308
93.419
92.8355
92.2686
94.401
93.9912
94.5409
92.2599
93.4894
90.0301
92.4869
90.5856
90.5136
95.156
92.3393
93.2557
95.0877
93.3103
93.8778
93.4687
93.877
93.3009
92.9807
91.4164
91.5691
93.0924
91.6469
93.1143
93.0974
94.1239
93.9597
92.9607
92.3407
94.1651
93.9629
92.8693
95.0602
96.6212
94.8024
95.8458
95.0555
97.9782
94.7078
94.1576
93.2206
93.9816
93.0356
94.1504
93.2338
93.9891
94.7538
95.5021
94.5597
95.8327
94.5298
95.4139
94.7446
94.0904
92.3801
93.9892
93.0582
93.9512
92.9129
94.0655
95.0708
96.0351
95.3109
94.7204
95.861
94.695
95.0557
94.1419
93.0321
93.3376
93.9855
93.2658
93.9933
94.118
93.616
93.8241
93.0602
93.1645
93.6072
93.8362
93.0573
93.2756
93.6796
93.1509
94.3548
93.2778
94.5384
93.1805
93.5663
92.5313
92.4472
91.8734
93.5523
92.5349
92.4645
94.2059
95.3252
94.7928
94.7625
94.7794
94.8046
94.1551
93.7243
93.1553
93.8358
93.0433
93.8461
93.0558
93.6646
93.3031
94.2989
97.4588
93.5136
95.0969
93.7182
93.2982
93.7242
91.8748
92.5384
92.4686
92.5451
92.4551
93.6247
90.6487
91.8605
90.207
91.0954
90.3232
91.6564
90.2074
90.0552
99.7245
89.1408
89.2272
89.7882
99.4101
89.4023
89.508
89.5664
88.7607
88.6467
89.4972
89.4534
88.7456
91.0149
95.1485
92.5988
89.084
92.6557
88.2796
90.0376
90.9821
91.0923
91.7779
90.1835
91.919
90.1787
90.6657
91.8402
90.0755
93.3555
90.2967
99.0213
89.6726
90.7139
89.5123
88.6641
89.465
88.8173
89.4593
88.7373
89.5071
87.3304
87.9313
87.2725
88.0115
87.3477
88.1499
87.2239
85.9728
87.0055
84.8365
84.2579
86.0071
86.9884
84.7853
86.2283
86.4159
85.3295
85.6973
86.2173
86.3755
85.3176
87.401
84.9674
91.2228
96.4606
90.8585
91.7869
88.3415
87.3255
88.0402
87.8393
87.2417
87.8388
87.224
87.4411
85.923
83.8947
88.7853
84.8903
87.6844
84.7345
86.0164
86.2333
85.7019
86.4254
85.3684
86.3787
85.4137
86.2367
85.5835
85.142
85.2885
85.3909
85.5404
85.1397
85.2785
83.9371
89.0365
82.8403
83.4361
83.9337
88.7772
82.8189
84.9843
84.7367
84.6131
84.5042
84.9909
84.7211
84.5476
85.3043
85.7974
83.8114
89.8562
83.8137
89.0326
85.3147
85.5289
85.3494
85.1871
85.3483
85.1369
85.2789
85.5757
83.9236
83.5428
88.9695
83.3123
88.9937
82.8172
83.9752
84.982
84.5037
84.7799
84.7489
84.7256
84.551
85.029
84.466
83.9935
84.5761
84.0168
84.4562
84.0385
84.5416
83.9721
88.4225
84.1721
83.9323
84.0202
86.7672
84.1138
84.1438
84.172
84.0294
84.2083
84.1431
84.1638
83.9769
84.1576
82.1158
82.7867
83.4092
82.8082
83.4673
84.0664
84.4659
84.2886
84.0302
84.6459
84.0218
84.5439
84.5901
84.0362
82.2072
86.3223
84.2413
86.3595
83.9302
84.0531
84.1518
84.2025
84.2184
84.0298
84.1647
83.9705
84.2515
84.2344
83.1546
84.3441
83.7099
84.2211
83.149
84.3484
82.1274
102.949
85.1919
92.1604
81.5507
88.905
85.0266
83.7538
84.6087
86.1869
85.1927
84.1513
84.6248
86.2062
84.8138
80.3144
81.7668
87.2404
81.7654
87.3837
84.5993
84.2141
83.712
83.1579
84.3446
83.151
84.3517
84.2153
84.3895
90.8306
90.6461
85.2467
87.2299
85.6111
83.8155
83.9301
85.1753
84.6199
86.2034
84.62
86.2102
83.8001
87.9936
87.0157
86.5056
86.2677
87.9907
87.0194
86.5112
85.8477
88.6345
87.17
86.8259
85.8411
88.9032
87.2151
87.2773
86.0203
87.9092
86.1325
87.262
86.0117
87.9371
87.3602
93.2404
87.5487
93.7034
87.4725
92.8551
87.4059
87.9931
86.2533
87.0108
86.4914
87.0204
86.4992
87.9786
85.8582
86.8485
88.838
87.2551
88.8657
87.2505
85.8633
87.2394
86.2124
86.0157
87.8789
85.9468
87.9278
87.249
89.9514
87.5814
87.4494
86.2268
89.7847
87.5073
87.5212
90.3034
91.4371
91.5798
93.5938
90.3438
107.094
91.4685
90.2455
88.0935
93.0653
89.1962
90.2438
88.0911
92.7693
89.5393
95.6926
86.6935
96.5434
86.6958
91.9341
89.5157
90.0367
86.241
87.5673
87.5116
87.5092
87.5333
90.0438
90.2739
93.313
86.8478
91.4544
90.6905
90.2856
91.4931
90.2081
89.2372
88.1005
92.7966
88.1071
90.1817
92.7566
90.0437
90.6717
90.0487
89.1186
89.4556
89.3779
89.1355
87.3053
88.0755
87.3062
87.1924
87.7902
87.8031
87.1796
85.524
85.7282
85.5233
85.6343
85.8941
85.8562
85.6396
84.964
84.9254
84.9737
85.0741
84.8849
84.822
85.0569
90.0584
90.6937
90.0598
89.0803
89.3772
89.0853
89.3658
87.3062
88.0718
87.3078
87.2038
87.817
87.1999
87.8177
85.5376
85.7302
85.5398
85.6677
85.8943
85.6639
85.9017
84.9598
84.9336
84.9595
85.0844
84.8826
85.0919
84.891
90.0584
90.6783
90.0572
89.0978
89.3368
89.0902
89.3341
87.3101
88.0697
87.3136
87.1938
87.8089
87.1959
87.807
85.5409
85.7454
85.5434
85.6508
85.8816
85.6539
85.8779
84.9454
84.9286
84.9495
85.0773
84.8787
85.0832
84.8493
89.3167
88.7758
89.3233
88.8644
88.2747
88.2827
88.8512
90.6756
90.0556
90.051
89.1048
89.3817
89.3693
89.0927
88.7729
89.3162
89.3195
88.8729
88.303
88.2918
88.8819
86.6494
86.013
86.6459
86.6349
86.1908
86.1293
86.6903
88.0755
87.307
87.3034
87.1836
87.8122
87.8018
87.1963
86.0296
86.6491
86.6624
86.6794
86.1709
86.1786
86.6718
85.1808
85.019
85.1828
85.3155
85.1274
85.1343
85.3247
85.7262
85.5328
85.5275
85.6395
85.8854
85.8448
85.6602
85.0224
85.1841
85.1915
85.3453
85.1476
85.1495
85.342
84.5968
84.6911
84.6027
84.2213
84.2629
84.1501
84.216
84.9309
84.9625
84.9685
85.0838
84.8679
84.8253
85.0902
84.6877
84.6005
84.6013
84.2259
84.1408
84.1325
84.2282
89.3145
88.7682
89.3154
88.8886
88.3081
88.8856
88.3044
90.6933
90.0594
90.0596
89.0796
89.3502
89.3583
89.0829
88.7697
89.3094
89.3139
88.8887
88.3008
88.3019
88.8895
86.6567
86.0169
86.6562
86.6909
86.186
86.6892
86.1883
88.0711
87.3098
87.3093
87.2026
87.8125
87.8148
87.2011
86.017
86.6587
86.6594
86.6937
86.1814
86.1914
86.6887
85.1848
85.0315
85.1835
85.3521
85.1581
85.3489
85.1655
85.7294
85.5416
85.5401
85.6666
85.8974
85.9021
85.6644
85.0325
85.1833
85.1843
85.3519
85.1628
85.1665
85.3471
84.5982
84.7032
84.5966
84.2157
84.1531
84.2201
84.1518
84.9497
84.9498
84.9566
85.0832
84.8773
84.9904
85.0842
84.7038
84.5987
84.5971
84.2154
84.1536
84.155
84.2197
89.3079
88.7652
89.3116
88.8774
88.2974
88.884
88.2913
90.6841
90.0419
90.0543
89.1103
89.4452
89.3639
89.1281
88.7716
89.3091
89.3159
88.869
88.2663
88.2812
88.8525
86.6702
86.0069
86.6572
86.6518
86.1809
86.6918
86.1392
88.0649
87.311
87.3104
87.1684
87.7888
87.7835
87.1821
86.0076
86.6592
86.6557
86.666
86.182
86.145
86.6769
85.1906
85.0368
85.1832
85.3246
85.1622
85.3503
85.1467
85.7276
85.5386
85.5361
85.626
85.9105
85.8272
85.6471
85.037
85.1853
85.1854
85.3389
85.1334
85.1532
85.3205
84.6011
84.6824
84.6014
84.2294
84.1501
84.224
84.1316
84.9268
84.9436
84.9521
85.0691
84.8609
84.8632
85.0566
84.6836
84.5954
84.6019
84.2279
84.2617
84.146
84.2196
84.6931
84.1297
84.7031
83.4121
83.2352
83.4168
83.2309
84.6874
84.1503
84.6787
83.4029
83.2456
83.4044
83.2638
91.5663
91.1279
91.5705
89.7941
89.4692
89.802
89.4663
91.1277
91.5603
91.5657
89.7939
89.4691
89.4664
89.7925
84.1322
84.6915
84.7074
83.413
83.2335
83.2315
83.4063
84.6591
84.1356
84.6967
83.4497
83.3682
83.3026
83.543
91.5538
91.1429
91.5566
89.8282
89.5897
89.5415
89.9009
91.1474
91.5594
91.5571
89.812
89.4802
89.506
89.8091
84.1438
84.6935
84.7122
83.427
83.2441
83.2674
83.4247
91.5538
91.1218
91.5485
89.7947
89.4795
89.7974
89.5046
91.1161
91.5463
91.5447
89.8099
89.5821
89.541
89.8949
84.1495
84.6433
84.6674
83.4219
83.3659
83.2955
83.513
84.4984
84.3791
84.3918
83.6296
83.9379
83.9411
83.6471
84.3517
84.4726
84.3443
83.6573
83.9319
83.6613
83.9323
84.4332
84.3842
84.3763
83.6397
83.9397
83.9355
83.6346
84.3496
84.4955
84.3811
83.6572
83.9431
83.6555
83.9447
84.5472
84.5324
84.3964
83.6466
83.9354
83.9461
83.6668
84.5791
84.591
84.4213
83.6647
83.9443
83.9541
83.6663
91.4455
91.4504
91.4413
89.8389
89.9479
89.8429
89.945
91.4511
91.4874
91.4669
89.8305
89.9467
89.8385
89.9441
91.494
91.4552
91.4703
89.8448
89.9502
89.9502
89.8457
91.4496
91.4441
91.4413
89.8371
89.9442
89.9457
89.8337
91.4945
91.5212
91.4807
89.8485
89.945
89.9539
89.8487
91.5179
91.4976
91.4859
89.8315
89.94
89.9489
89.8322
99.6687
87.9232
107.413
97.2323
93.771
90.5683
109.033
103.023
94.3036
111.519
100.505
102.678
92.642
106.759
107.759
95.8622
105.981
103.246
107.796
131.759
98.8519
112.371
171.466
90.792
107.199
96.2154
82.6545
88.0844
107.387
161.52
93.3934
92.7814
108.643
168.38
94.6695
69.8802
101.345
84.9996
74.0051
63.6209
100.667
88.1201
38.9313
91.416
118.532
94.7459
127.522
112.763
48.1844
56.8359
91.1443
119.946
112.826
44.2761
91.0605
115.303
97.3068
103.769
104.254
105.035
99.837
104.301
103.453
105.926
103.135
102.308
101.553
116.171
103.279
106.335
101.399
103.888
101.77
79.696
113.932
113.57
106.425
105.433
103.295
104.997
108.473
103.077
103.896
105.714
103.606
104.945
104.566
100.639
103.604
106.137
103.552
105.124
105.394
103.485
102.282
106.089
104.392
113.322
69.9379
100.535
78.6537
94.437
73.0182
102.973
35.9624
90.5479
124.299
68.6595
150.199
92.4362
121.274
75.8652
100.323
102.654
107.961
110.326
102.239
102.748
108.709
106.406
113.931
63.8087
143.657
128.88
127.945
78.4534
127.793
116.872
143.7
92.5286
111.376
112.72
140.709
101.341
99.7357
32.6645
102.062
122.052
98.7512
41.926
96.9215
105.072
102.296
105.695
97.1718
103.15
102.03
81.9122
82.4929
81.6
82.8039
81.9119
82.4927
81.5998
84.7863
85.2231
83.4123
83.6214
84.786
85.2209
83.4134
84.7839
83.6207
85.2235
83.4127
85.2231
83.4131
84.7921
81.9039
82.4965
81.5896
82.8057
81.9126
82.4932
81.601
81.9123
82.4929
81.6008
82.8063
81.9033
82.4964
81.5892
84.7761
83.6213
85.2335
83.4101
85.1601
83.4107
84.8056
84.7938
85.2221
83.412
83.6153
84.7941
85.2272
83.4098
82.7159
83.2319
82.2382
83.8056
82.7155
83.2312
82.2385
85.7757
84.2303
85.3982
83.8903
85.7858
84.2302
85.3923
85.7773
83.8894
84.2301
85.3978
84.2318
85.4021
85.7732
82.7157
83.2332
82.2389
83.8069
82.7064
83.2377
82.2274
85.7306
84.228
85.4162
83.8908
85.8014
84.2341
85.3453
82.7072
83.2377
82.228
83.8077
82.716
83.2331
82.239
85.7914
83.8829
84.2282
85.3945
84.2252
85.4101
85.7801
84.779
85.2877
83.4203
83.6396
85.1652
83.4254
84.8738
84.7748
83.6332
85.3156
83.4227
85.1574
83.4238
84.8842
85.7516
83.9066
84.2437
85.4779
84.2495
85.3555
85.8503
85.7311
84.2485
85.4856
83.901
84.2428
85.3472
85.8672
85.2806
84.9168
85.277
84.5271
84.2664
84.5272
84.2657
84.9187
85.2757
85.2749
84.5276
84.2664
84.2659
84.5284
85.2832
84.9573
85.2903
84.533
84.271
84.5322
84.2717
104.603
111.442
100.71
120.568
105.335
107.513
97.6173
84.9571
85.2851
85.2901
84.5309
84.2697
84.2691
84.5306
84.9878
85.363
85.3067
84.5375
84.2662
84.2759
84.5276
85.3603
84.9829
85.3049
84.5352
84.2656
84.2742
84.5255
91.1946
91.3112
91.3055
89.9667
89.7468
89.7476
89.9657
91.3156
91.1934
91.3105
89.9676
89.7493
89.9688
89.7469
84.3777
83.1584
83.9656
82.9608
84.3802
83.1573
83.9529
91.3207
91.2121
91.3222
89.9653
89.7516
89.9672
89.7518
84.4045
82.9625
83.1588
83.9677
83.1551
83.9702
84.3878
84.3808
82.9619
83.1553
83.9563
83.1571
83.951
84.3835
84.3539
83.1553
83.9745
82.9664
84.4067
83.1611
83.9462
84.382
83.1654
84.0766
82.9716
83.1671
83.9742
84.4809
85.8852
86.2321
84.558
84.9732
85.884
86.2359
84.5585
85.8818
84.9729
86.238
84.561
86.2367
84.5588
85.8826
91.2346
91.3282
91.3225
89.9675
89.745
89.7568
89.9564
84.3855
82.9749
83.1627
84.0621
83.1732
83.9799
84.4674
91.3306
91.2389
91.3291
89.9717
89.7483
89.7594
89.9599
91.2101
91.3195
91.3242
89.9695
89.7528
89.7546
89.9719
85.8654
84.9782
86.2414
84.5604
86.2335
84.5646
85.8905
85.9047
86.2447
84.5624
84.9756
85.8889
86.261
84.5597
85.8982
86.3406
84.5664
84.9861
86.262
84.5748
85.9787
85.8981
84.9828
86.3559
84.5676
86.2611
84.5687
85.9961
105.992
104.263
103.469
104.912
105.731
103.965
103.83
139.086
118.399
17.0389
109.462
138.486
119.228
149.984
101.439
102.383
122.218
120.217
110.114
118.835
103.094
101.83
113.609
219.822
136.859
152.905
144.65
114.232
132.36
94.7276
137.378
185.412
115.405
114.504
168.517
83.6883
84.3498
83.1192
84.9744
83.6884
84.3496
83.12
86.6456
85.6858
86.3715
85.3118
86.647
85.6845
86.3718
86.6469
85.3104
85.6857
86.3822
85.6844
86.3813
86.6469
83.6889
84.3511
83.1209
84.9759
83.6799
84.3542
83.11
86.6554
85.6893
86.3823
85.3177
86.6537
85.6911
86.3898
83.6783
84.3524
83.1083
84.9755
83.6874
84.3499
83.1191
86.6607
85.3161
85.6895
86.3806
85.6909
86.3855
86.6548
81.3647
81.9511
81.3
82.121
81.3651
81.9509
81.2998
83.0986
82.7061
83.4875
82.6123
83.4949
82.6117
83.099
81.355
81.9537
81.2901
82.123
81.3652
81.9506
81.3011
83.0958
82.7011
83.5015
82.6171
83.4164
82.6184
83.0991
83.0967
83.5115
82.6124
82.7037
83.0947
83.4584
82.6118
81.3653
81.9504
81.3005
82.1237
81.3539
81.9529
81.2892
86.6844
85.6874
86.4971
85.3222
85.6955
86.4108
86.7666
86.6833
85.3228
85.6873
86.5038
85.6957
86.4187
86.7627
83.096
83.5277
82.6168
82.701
83.1007
83.4383
82.618
83.1254
83.6123
82.6153
82.7115
83.4152
82.6244
83.2358
83.1214
82.7111
83.5879
82.6147
83.4529
82.6238
83.2377
102.734
105.767
102.317
109.759
106.852
115.407
101.727
110.127
102.855
109.673
111.966
108.928
103.718
107.011
108.376
128.779
117.778
111.646
109.84
181.255
118.8
110.244
101.786
101.968
87.4552
100.978
102.425
98.3422
114.926
157.463
124.958
99.5828
111.692
139.879
129.082
96.8571
121.721
53.981
91.266
98.9931
106.928
37.4119
66.052
85.627
89.2835
73.6721
73.9702
88.3434
85.8574
87.2321
86.5576
87.541
86.246
87.5365
86.2458
87.2321
82.6814
82.4633
82.7952
82.639
82.6791
82.463
82.7929
82.6804
82.639
82.4639
82.7943
82.4636
82.7927
82.6803
87.2368
87.5453
86.2488
86.5618
87.2344
87.551
86.2486
82.6818
82.641
82.4671
82.7968
82.4675
82.8
82.6786
87.2335
87.5319
86.2461
86.5566
87.2367
87.534
86.2458
82.6785
82.468
82.7951
82.6411
82.6815
82.4685
82.7984
87.2467
86.5642
87.5654
86.2414
87.5589
86.2519
87.2741
87.242
86.5569
87.533
86.2488
87.5378
86.2481
87.2402
82.6995
82.4626
82.8238
82.6446
82.4724
82.8116
82.7643
82.6952
82.645
82.4631
82.824
82.4731
82.8103
82.7613
87.2504
87.565
86.2411
86.5607
87.5491
86.2514
87.277
96.5657
105.869
106.985
100.703
97.5885
103.071
109.473
94.5341
126.107
68.3695
101.728
92.5028
112.83
72.0297
97.7186
102.397
110.865
99.8715
102.215
100.858
108.519
123.872
103.958
108.127
124.638
125.357
103.443
110.119
100.505
56.6597
85.9573
95.6414
94.7772
122.97
83.515
97.0908
114.263
72.7652
102.605
75.2877
115.652
73.5537
102.313
100.811
108.501
100.66
99.9125
102.618
106.181
108.613
105.834
104.331
80.4363
111.221
106.537
104.945
104.304
110.599
106.016
113.649
104.773
124.189
106.52
73.7522
87.1512
84.261
87.2764
70.7442
73.7967
86.4758
94.9318
82.3686
86.97
94.2658
90.2014
89.762
88.9805
78.1768
106.174
112.927
112.312
74.68
98.7952
185.383
127.748
100.444
104.109
98.6186
72.133
103.293
104.103
93.5277
110.697
105.973
88.5714
92.2015
109.224
103.697
102.4
104.589
102.817
103.89
101.706
101.363
105.69
35.9889
48.0709
47.5375
98.7675
91.8139
50.612
49.9509
105.934
104.516
117.126
101.49
108.029
81.6865
119.538
99.2136
127.392
120.346
99.9153
100.164
99.9015
101.517
105.684
109.216
109.066
111.737
116.097
140.334
122.645
110.914
140.132
131.278
103.004
106.694
104.908
116.656
102.144
70.5514
101.766
128.139
128.478
100.62
100.155
107.187
95.8911
110.08
101.661
130.413
101.899
131.218
85.9782
85.7293
85.7095
84.888
85.4192
85.4282
84.8817
85.9593
85.7337
85.7435
84.8943
85.4208
85.4192
84.8888
85.7492
85.9588
85.7403
84.8967
85.4213
84.8944
85.4194
85.6891
85.9761
85.6797
84.8839
85.4248
84.8878
85.425
88.5855
82.1661
83.8451
134.145
143.962
148.911
170.282
111.816
120.337
113.875
127.93
121.136
110.361
125.607
86.0089
85.7319
85.7104
84.8928
85.4258
85.4258
84.8951
85.7418
86
85.7211
84.8951
85.4192
85.4284
84.8859
107.038
107.656
128.607
107.078
100.342
132.042
98.2062
109.51
118.393
113.656
109.038
106.09
112.068
105.734
94.852
84.2409
82.8208
89.2206
97.1447
82.732
83.2372
80.7082
91.5797
100.527
94.7494
101.015
90.4981
81.0944
81.7573
75.6003
81.2451
78.4936
79.6456
78.059
82.9537
86.3521
84.1784
88.1574
79.7793
86.5168
79.2441
85.2357
88.584
102.13
87.6895
78.4626
83.5351
83.9564
78.378
107.109
84.4865
100.691
98.0746
84.2491
99.524
85.0228
84.2844
101.519
100.394
95.4485
92.4835
84.502
95.4417
92.1011
103.876
108.575
104.057
91.7094
103.555
121.549
113.379
96.2373
96.7106
104.984
106.446
106.156
105.863
96.0883
65.88
89.7547
97.078
95.7653
48.3935
89.8048
93.9749
157.374
106.684
94.8701
92.4272
137.716
105.077
92.501
128.804
108.354
90.6321
91.5598
111.014
102.537
107.458
98.8609
97.07
105.116
105.064
105.781
105.741
106.763
120.191
108.395
105.185
110.757
106.532
111.283
102.337
119.825
151.831
130.281
116.567
119.789
145.663
117.163
114.328
102.799
98.1065
107.748
126.808
101.213
115.316
102.613
109.942
107.853
106.215
139.245
105.042
108.087
103.921
101.523
100.495
101.653
107.988
100.439
98.4725
91.967
109.312
115.376
98.3214
101.01
101.533
160.311
186.139
112.939
119.369
154.163
163.966
136.669
163.678
148.797
134.129
148.558
182.222
156.729
136.121
106.864
100.754
101.715
103.635
110.902
111.953
104.347
117.97
101.24
121.37
105.646
99.9753
99.9696
100.827
110.534
108.012
109.13
107.312
105.52
107.67
99.4175
121.082
104.73
96.2869
109.608
120.095
104.332
97.1503
116.278
124.802
215.03
100.487
126.193
118.029
122.906
99.0846
116.814
120.162
93.7972
104.847
128.493
85.4712
117.867
111.596
119.431
103.623
98.7683
103.446
99.8669
118.115
101.411
106.555
101.149
100.134
109.623
113.369
89.7267
114.737
123.153
22.1293
117.031
26.5888
87.7857
105.394
110.653
106.071
107.845
106.928
131.463
164.171
107.501
102.429
101.008
106.678
101.257
103.367
94.0526
100.664
109.979
118.735
102.85
110.113
118.541
101.008
118.206
115.4
112.942
115.025
116.408
122.02
112.722
106.885
111.088
109.433
106.408
101.239
107.903
100.897
96.7016
103.032
65.0014
92.8841
99.7728
101.977
56.1519
96.144
102.227
72.0229
101.168
95.935
99.2139
70.0196
106.562
112.3
114.646
109.395
106.31
112.288
113.556
125.496
136.157
110.546
108.608
136.645
106.922
128.369
105.437
120.471
87.7352
117.396
100.313
115.98
104.069
115.855
104.072
122.365
103.128
124.58
103.831
100.741
109.892
104.201
106.653
114.828
107.456
104.574
106.225
106.741
125.621
93.4603
140.859
144.596
138.765
137.217
81.5738
73.8384
81.3609
118.813
211.489
210.86
118.712
273.657
100.887
91.8473
112.984
75.701
115.605
137.507
181.709
101.979
58.9532
357.442
87.0599
232.206
123.343
84.3589
85.4144
84.0241
85.9063
84.359
85.4141
84.0246
97.2311
108.271
118.275
120.573
95.3131
103.474
95.812
174.834
97.2794
130.239
199.86
98.0655
109.72
133.199
88.2217
87.2497
87.9916
86.9663
88.2228
87.25
87.9876
88.2214
86.9656
87.2497
87.9904
87.25
87.988
88.2238
84.3496
85.4176
84.0125
85.907
84.3582
85.4144
84.0238
108.729
115.557
114.479
106.751
107.494
152.665
113.617
114.244
234.009
149.865
124.443
116.518
161.288
142.806
88.2275
86.9644
87.2507
87.9938
87.2489
87.995
88.2247
104.607
115.863
116.143
110.502
103.07
113.549
103.863
84.3595
85.4157
84.0251
85.9072
84.3509
85.4186
84.0138
88.2284
87.2507
87.992
86.9656
88.2258
87.2489
87.9929
116.201
108.958
105.483
109.038
102.769
102.834
108.841
88.2305
87.2415
87.9956
86.9671
87.251
87.9953
88.2327
88.2305
86.9677
87.2415
87.995
87.251
87.9945
88.233
87.3189
128.604
92.5086
119.79
139.292
121.201
129.788
103.97
107.449
99.2742
111.452
95.4644
107.303
109.587
82.9917
81.6791
83.5615
103.011
87.1902
101.882
87.6807
106.037
93.9772
132.985
109.426
108.172
108.527
107.933
70.5194
78.749
75.1229
165.395
163.307
215.256
267.006
116.493
121.811
104.384
102.929
121.975
124.11
121.342
141.02
290.609
170.146
192.064
96.2476
178.75
113.613
63.3342
118.186
51.4986
216.718
136.384
156.576
143.455
99.9343
114.797
114.509
114.735
104.99
105.384
109.859
70.0326
161.949
61.1197
137.403
141.563
244.093
180.748
102.068
106.744
104.363
98.9874
101.842
111.675
103.646
106.655
32.4707
112.315
100.103
115.148
127.361
118.132
81.3644
82.2994
81.6127
81.9886
81.365
82.2994
81.6127
101.858
113.305
103.511
105.418
105.982
109.015
109.389
82.9561
82.7802
82.8148
82.6225
82.9589
82.7775
82.8158
82.957
82.6224
82.7797
82.8146
82.7779
82.8156
82.9572
105.192
116.586
135.624
160.094
139.219
124.938
144.853
105.349
148.159
124.626
126.045
107.194
136.315
106.408
94.486
81.0004
102.791
81.9246
123.64
121.589
97.1642
103.973
93.7258
92.8818
113.319
108.518
109.121
112.857
98.2784
92.5408
103.326
97.8675
101.824
102.221
103.449
82.7701
103.506
97.0062
96.8707
94.404
100.856
94.4627
93.9944
117.241
92.5201
76.3749
127.145
77.2574
116.318
87.0841
86.527
89.054
97.1464
101.861
90.5321
90.8383
64.283
161.383
60.0651
136.11
135.166
180.038
180.775
99.8255
114.012
108.657
108.758
102.92
102.82
108.688
95.226
82.4736
82.2764
121.248
98.8534
97.5081
121.465
81.3537
82.3036
81.6019
81.9899
81.364
82.2999
81.6134
81.3655
82.3005
81.6138
81.9915
81.3542
82.3042
81.6022
-5.16629
88.1585
-29.8048
123.632
181.847
182.61
126.137
82.963
82.6213
82.7828
82.8167
82.7854
82.8142
82.9616
82.9622
82.782
82.8164
82.6222
82.9616
82.784
82.8138
102.951
103.63
100.741
111.352
99.5519
111.553
104.22
97.3764
97.6036
94.1245
97.113
106.81
108.817
109.801
109.115
145.795
99.3799
134.337
108.651
127.207
99.5559
108.761
108.263
128.481
97.2497
130.134
97.2281
115.341
103.715
103.549
103.38
106.196
106.122
98.8611
104.045
90.2135
-25.8821
-26.7166
118.678
127.163
125.768
112.314
90.983
97.0306
100.302
124.44
105.734
98.3129
106.795
96.0945
97.4264
104.138
109.975
98.917
99.1172
106.002
82.9671
82.7898
82.8084
82.6246
82.7875
82.8174
82.967
82.9668
82.625
82.7895
82.808
82.787
82.817
82.966
113.89
111.052
111.237
111.998
109.325
102.37
109.013
108.178
123.391
94.3656
124.633
106.341
147.323
87.9429
110.759
50.3784
132.124
97.8816
107.492
60.521
111.921
92.5727
106.468
134.21
106.323
124.783
107.378
102.956
79.9722
104.556
94.3657
92.1696
78.932
102.532
94.1929
121.215
90.8258
72.8017
130.918
109.821
86.2932
66.4217
106.123
163.549
86.161
76.5939
161.905
107.796
87.1489
82.7258
86.001
78.5239
77.863
129.501
150.584
96.9243
91.0996
84.6101
136.292
99.8161
94.9221
111.627
93.7763
93.3816
103.963
98.0371
93.0708
100.969
99.1817
92.3742
158.388
31.3259
140.275
-11.2919
300.744
296.432
-6.01739
128.84
105.804
90.5109
103.592
104.728
107.046
90.8264
104.592
105.11
101.853
102.674
103.422
102.813
103.485
100.138
108.65
100.301
104.612
101.918
107.521
99.0409
102.582
106.895
105.688
105.976
103.313
108.662
103.937
104.055
108.586
103.744
111.284
102.064
104.417
105.926
104.352
109.565
114.112
110.537
118.272
100.429
100.63
137.928
75.9384
136.643
290.705
-6.50188
-19.9187
288.834
105.263
164.25
96.0663
96.0377
168.949
132.998
133.904
85.1916
101.544
123.446
85.1637
84.5272
102.145
123.485
83.2023
88.5258
102.758
126.147
105.316
128.586
83.7065
86.342
120.669
101.224
84.4321
92.5355
120.345
104.383
184.318
73.9003
166.512
292.624
258.436
32.568
36.2135
100.323
110.975
85.0746
116.439
119.063
110.268
108.267
118.024
75.5856
121.736
89.8215
60.1733
61.0411
122.781
113.941
103.666
116.218
98.6539
105.095
109.618
126.579
39.9756
69.7599
34.96
166.181
144.868
130.279
161.854
86.091
83.8142
122.739
97.5273
121.145
94.1675
98.3745
114.879
107.356
119.461
98.4832
81.8698
90.6863
101.648
108.714
103.431
95.477
91.3112
111.986
114.565
92.2753
173.49
128.236
172.038
20.8126
14.7774
249.546
233.734
41.7682
146.097
146.841
256.249
255.944
27.2661
43.284
97.0171
182.144
55.8178
96.5903
154.727
137.313
144.285
101.695
101.2
106.461
101.311
106.888
99.9252
100.398
86.4792
27.3902
27.6915
87.5036
98.416
96.9479
88.1214
84.0652
85.9709
85.7492
92.772
86.395
84.6944
76.3471
108.864
113.08
112.989
106.038
105.496
103.756
105.774
81.9732
80.0356
80.6376
82.4078
83.2237
79.9621
83.0215
135.598
123.067
119.569
101.857
107.722
114.182
115.475
84.4729
96.7836
100.499
92.1818
100.803
92.8793
76.8861
102.833
92.1584
92.4912
108.509
113.17
113.129
112.47
113.848
112.72
111.558
111.156
112.57
110.596
108.24
116.751
116.068
109.371
110.762
110.773
106.346
102.54
120.222
189.307
120.961
120.559
102.191
120.994
130.013
103.909
119.539
97.9836
98.3822
101.232
98.7747
100.5
109.957
115.361
106.548
108.867
112.214
112.87
106.3
107.728
112.851
106.194
109.046
109.287
111.952
114.128
113.506
120.463
106.539
135.019
114.034
120.36
107.095
108.127
105.374
113.686
111.638
110.156
108.683
113.238
114.162
120.625
131.077
114.093
120.801
107.361
110.176
107.745
108.272
108.196
108.118
112.328
108.449
108.3
104.181
85.2574
-58.4895
97.5461
93.177
88.8464
159.611
113.337
113.148
115.552
104.852
109.713
110.014
110.906
103.562
126.843
124.581
115.725
134.246
121.004
152.386
108.074
111.71
109.569
108.581
109.319
108.132
108.802
101.573
117.868
114.171
161.071
161.191
141.923
137.321
116.006
111.915
117.473
98.676
103.321
103.343
99.4683
109.538
105.344
132.139
146.404
96.4691
145.033
93.2741
102.131
132.085
131.348
189.769
152.149
91.2233
90.4693
100.661
214.209
157.281
104.222
100.964
86.7888
83.591
140.736
97.5005
59.5474
89.6828
139.403
57.9321
93.773
122.215
118.885
113.907
111.285
123.25
114.036
116.399
117.965
117.235
112.011
114.408
118.23
117.754
112.325
97.45
109.365
107.877
98.1545
102.703
111.519
110.979
135.877
182.373
122.02
132.26
74.2823
71.4082
134.804
105.14
106.864
268.976
100.706
128.252
144.14
105.805
107.027
102.446
106.809
101.529
101.745
101.541
100.743
107.537
126.997
103.94
105.813
113.057
150.391
129.216
92.6504
108.59
114.703
114.919
102.289
111.352
92.5257
106.904
113.065
146.696
124.603
145.756
111.49
74.6696
111.843
105.06
93.0593
103.738
109.439
108.119
70.7351
104.501
106.672
106.06
113.076
103.953
106.713
107.326
117.502
115.073
112.649
115.187
116.594
114.968
114.78
109.504
107.079
127.198
112.186
109.695
123.723
106.841
71.548
101.973
102.731
135.482
128.574
99.8503
100.857
108.762
107.848
116.384
111.071
113.873
111.112
108.575
118.37
103.107
102.75
159.754
159.783
147.978
141.786
113.528
126.406
111.179
108.22
130.608
108.201
109.908
94.9168
108.3
99.2097
108.148
112.904
113.345
108.478
117.308
104.692
43.1133
101.456
46.6207
115.983
102.548
107.119
92.2049
28.4585
99.4465
105.915
86.6018
37.4799
87.4422
94.987
98.8767
88.4331
87.1495
101.178
99.0294
85.8218
89.4278
92.581
110.885
90.0548
99.681
89.4165
104.469
103.455
104.433
101.412
103.804
102.577
102.227
99.8026
83.2275
83.6752
114.839
106.872
114.984
106.609
103.261
111.735
117.756
104.658
106.558
93.0844
92.349
105.134
106.729
104.252
102.964
103.201
104.01
107.963
107.793
111.304
117.402
117.841
112.171
111.635
107.752
110.797
114.368
110.219
113.602
130.754
114.138
110.401
103.057
112.52
106.086
107.101
102.5
103.608
103.007
113.982
445.997
113.851
404.733
183.671
100.939
104.016
108.344
112.125
108.235
108.314
108.811
116.885
108.2
115.035
111.834
144.566
144.58
107.933
116.847
141.81
195.32
113.966
106.852
124.37
189.901
110.024
114.592
107.446
103.082
113.835
139.425
112.379
110.974
98.7084
100.337
121.951
140.065
98.3881
125.283
137.519
142.053
127.229
105.316
102.054
129.327
110.155
128.755
98.5258
111.921
121.64
114.57
111.45
112.278
116.859
115.895
117.195
98.9831
106.662
137.611
150.482
134.987
140.711
97.1348
126.363
95.4316
129.082
87.8574
85.4433
141.083
82.0173
161.88
160.211
112.893
115.743
88.7792
92.7561
130.635
101.819
123.814
104.064
103.926
162.42
148.362
220.677
108.359
124.31
124.697
141.065
110.325
139.623
111.77
109.503
108.83
106.488
116.898
106.938
110.956
107.58
142.585
127.773
113.858
108.82
110.243
119.272
104.748
96.0676
95.6322
112.862
107.545
108.077
119.889
106.276
109.974
106.912
103.516
104.362
103.335
103.395
107.472
108.135
107.316
108.433
111.882
112.854
117.971
115.236
104.87
104.571
109.025
107.531
108.442
109.835
119.279
101.788
103.458
88.8044
116.506
103.687
103.209
123.935
108.667
115.569
121.053
121.217
118.621
109.51
102.492
107.105
101.41
100.816
106.069
101.678
101.456
104.559
122.612
108.68
108.449
105.972
108.621
113.49
118.337
112.581
112.292
107.885
112.165
107.832
121.272
112.979
106.2
105.433
108.692
111.545
109.563
108.724
108.544
107.459
107.636
113.318
96.3261
98.2808
113.087
102.877
106.104
104.784
102.93
105.682
103.106
103.163
107.017
105.36
105.727
109.324
105.014
106.155
107.235
109.383
115.675
112.899
111.649
112.395
112.016
112.31
107.754
76.0691
112.919
118.126
86.1007
104.509
84.7971
120.919
113.897
87.8019
111.212
114.422
86.2801
121.824
100.732
47.9289
116.748
102.353
114.973
98.8247
52.9636
162.951
89.9022
139.069
57.7097
92.1604
94.5266
62.4584
108.169
114.702
110.368
103.411
101.947
113.965
122.192
133.01
112.279
120.377
133.034
116.505
112.071
119.064
162.935
125.476
168.69
69.0815
109.153
120.247
96.1424
112.04
108.008
108.155
109.59
107.851
107.888
109.16
113.687
108.825
98.4651
101.745
109.938
90.4181
128.379
107.236
149.115
144.663
112.13
111.431
73.7662
79.299
181.974
113.788
110.928
102.771
150.952
102.724
109.174
176.611
252.482
101.781
73.446
200.416
86.7068
133.437
100.82
97.0695
114.431
123.342
123.554
131.905
124.168
112.854
110.335
111.254
109.605
108.624
106.134
106.41
243.833
68.387
106.616
110.112
142.226
112.662
127.903
115.203
109.147
118.109
105.928
107.127
107.041
100.304
106.972
119.55
105.296
109.233
114.706
114.59
111.256
98.5767
95.5322
96.2543
93.0272
93.1196
140.643
144.107
99.2435
290.013
91.7081
228.668
283.251
143.654
153.267
110.662
91.8957
90.6913
100.562
91.4814
106.208
104.688
87.5584
111.952
124.102
123.287
103.106
111.52
72.2108
131.129
99.6362
134.564
134.163
211.166
108.701
100.445
106.052
105.353
104.536
105.549
105.448
105.568
104.594
107.698
108.786
112.668
106.561
111.934
106.295
109.805
136.556
107.578
148.334
113.665
109.119
91.0611
83.6403
92.8756
119.517
87.4606
95.2687
102.922
120.539
86.5327
119.373
108.56
117.96
103.963
104.063
99.062
96.7383
80.4833
65.4747
87.5621
102.123
110.544
53.4697
114.022
85.9363
99.2641
95.4531
93.0385
94.3388
95.0831
94.2595
105.41
84.8781
85.0267
97.5491
106.399
106.719
96.9808
103.475
100.439
110.207
108.233
107.034
108.9
106.495
118.062
98.1516
109.9
110.92
119.97
124.273
108.256
101.099
104.539
101.018
96.925
98.6468
105.377
109.56
94.0356
103.217
103.132
117.422
118.513
100.812
100.272
111.311
152.206
154.549
107.392
106.584
103.209
105.316
68.6689
101.43
100.221
99.1475
92.5677
135.754
137.552
90.6882
91.0879
91.0916
89.746
89.4445
89.4448
89.7442
105.868
91.4563
82.4203
90.6887
87.5082
104.144
90.8417
104.135
104.19
103.616
108.289
107.567
106.005
105.353
94.6092
87.6246
96.3206
100.737
123.562
96.6861
121.739
94.0179
99.2575
108.356
106.799
99.8447
180.624
105.74
99.0036
95.4275
133.311
114.093
130.319
98.4273
125.051
91.0944
90.6875
91.0919
89.7471
89.4452
89.7474
89.4451
91.0864
90.6967
91.095
89.7435
89.4461
89.7458
89.4439
89.527
89.9126
93.8706
77.4426
126.202
125.356
77.4471
92.5438
82.8398
86.2898
88.9963
84.7979
88.0042
84.3058
107.148
94.2809
92.8724
93.8207
110.606
104.697
111.066
98.2544
99.4123
104.834
170.934
130.176
116.515
117.012
133.138
95.5559
96.0731
97.5877
120.694
96.7787
121.338
112.859
98.3605
104.711
93.7161
137.753
98.2644
110.53
170.149
103.683
87.3291
171.989
73.2782
212.935
144.689
83.429
83.2565
84.7378
103.382
87.5708
90.872
103.961
79.437
88.9185
102.781
76.8945
103.005
79.3604
73.8009
92.2115
101.225
115.822
111.818
113.555
109.309
87.9814
93.9344
91.4817
92.2772
92.5892
112.439
112.43
91.826
87.9651
95.0108
101.365
101.712
126.529
165.124
190.756
163.446
115.208
100.32
124.655
167.304
99.5628
147.596
89.519
101.999
76.2598
89.4503
82.6363
106.621
90.5086
118.364
96.3293
95.6424
90.1769
121.463
95.4151
101.413
82.7692
88.0001
113.1
77.8823
106.109
77.8324
84.5778
92.1363
164.626
35.2908
112.996
92.8461
117.03
31.1982
83.1331
82.179
83.7799
104.751
85.0219
83.2415
107.009
91.3837
125.212
118.277
93.9238
91.4835
101.701
118.207
86.7867
120.406
104.78
125.586
104.06
124.473
81.3164
93.7147
84.9874
83.1689
91.5493
83.3144
75.7247
91.3572
93.3839
92.2959
115.816
92.0715
76.2566
76.0692
90.4786
94.4593
111.445
110.257
99.4418
119.72
95.5805
119.214
108.127
159.965
87.3584
103.268
106.68
143.396
114.074
115.573
85.0796
50.0075
141.132
90.1744
104.733
85.5365
109.504
84.7649
94.3968
92.365
77.5852
85.5031
88.1023
76.8639
92.9071
76.3518
84.6836
90.8529
89.3581
85.3972
128.136
96.3946
126.481
88.2245
87.7936
100.246
100.605
115.14
111.394
122.414
115.908
115.059
111.429
117.277
95.8326
85.0021
120.133
91.5494
97.2296
87.1712
116.404
90.6942
91.0984
91.102
89.7463
89.4474
89.4457
89.7491
100.171
135.11
47.9406
108.411
134.049
50.8896
101.548
87.0232
84.4714
86.3063
106.729
85.1012
93.8698
118.241
88.9323
97.3122
98.9595
94.6628
99.0371
119.004
87.0541
98.0265
108.034
143.302
42.2799
135.627
47.7195
94.7034
95.2556
87.2954
98.6203
91.5214
92.9881
91.4117
106.689
84.6571
89.6388
100.718
91.2211
93.1703
90.6743
90.9712
96.7552
91.0099
90.9154
120.34
93.5389
114.273
111.223
106.601
115.409
115.646
79.2751
100.417
100.3
75.7386
114.58
94.1904
121.161
111.129
123.855
121.838
120.962
105.799
80.4176
87.4921
67.667
61.5111
91.4219
103.06
128.571
187.188
95.7141
128.4
109.492
86.7067
105.05
114.149
109.947
107.009
107.005
109.891
108.864
109.959
117.025
112.817
108.381
107.996
117.471
115.942
108.424
137.031
118.014
135.672
115.278
112.492
113.924
115.325
95.0596
119.823
78.4548
87.9168
105.737
77.7739
90.3842
90.3417
100.166
90.6322
97.6087
101.156
89.5774
91.2386
83.3106
94.5704
107.515
108.501
89.1071
107.452
96.3961
91.4634
91.9324
93.938
93.8289
89.1215
89.8984
96.966
118.341
90.0551
134.951
91.9942
98.1632
101.77
120.633
102.829
91.3637
91.6008
93.501
92.4513
90.205
92.3511
99.1371
87.478
112.462
92.2526
97.9377
127.079
92.167
90.7
91.1055
91.103
89.7463
89.4356
89.447
89.735
87.647
113.385
101.42
127.366
99.8523
109.885
87.0441
107.947
96.0102
104.648
100.405
101.603
97.7291
105.79
96.7997
104.515
104.733
106.159
98.4823
97.4265
98.948
97.3705
100.012
100.049
98.7081
100.103
100.309
99.814
100.368
99.4274
98.6883
99.7461
99.5741
99.6193
102.182
116.357
108.799
114.525
109.684
105.979
106.856
104.518
83.432
117.795
92.8103
96.5615
94.0682
83.9553
89.439
117.509
84.5189
116.772
132.56
163.977
117.818
119.378
115.74
266.063
116.48
110.151
123.344
165.526
170.108
85.0658
118.015
149.193
125.003
103.176
115.309
95.5699
92.2271
97.4229
98.7117
97.5297
98.5197
100.185
113.548
142.571
118.472
141.071
112.673
107.885
137.573
148.278
72.7378
112.68
124.506
104.576
74.0201
121.025
113.212
112.267
116.663
120.387
119.5
106.628
115.593
117.516
100.524
101.681
100.221
103.526
104.624
102.748
99.6548
74.0488
86.9243
82.5757
66.6081
67.9625
72.6316
73.6353
98.1405
93.7454
39.5837
40.1229
86.2246
86.9473
97.1301
109.624
115.299
112.738
103.245
103.194
102.206
103.092
112.945
71.6652
68.6302
65.1794
66.7424
75.1644
79.1639
103.208
73.4358
66.9066
121.29
114.998
114.327
123.791
94.9711
134.351
109.694
130.226
98.8461
123.531
151.436
142.199
131.487
122.095
123.063
132.529
107.129
118.085
80.7575
83.9061
80.7746
76.9901
80.6878
79.5597
79.2938
84.1598
115.879
99.5041
105.634
84.8694
105.291
100.902
118.884
91.9909
115.625
91.8746
121.136
104.261
88.9701
68.2997
126.947
84.0315
98.0488
91.2431
128.485
88.5679
82.2513
79.5849
80.691
80.185
80.536
78.9399
82.1407
82.894
67.5502
80.8831
68.4466
90.7438
87.3436
66.1249
90.9366
86.61
95.5419
93.0208
86.4711
90.5555
87.7745
119.118
151.866
118.435
137.349
142.838
124.011
136.213
131.878
85.688
85.4086
105.725
105.832
99.4176
105.23
96.2937
109.713
99.6011
125.331
119.098
105.243
101.416
116.741
118.947
117.313
121.973
122.82
118.769
130.147
125.811
131.813
122.15
123.621
124.851
114.074
131.014
91.1084
90.697
91.1058
89.7489
89.4363
89.4488
89.7369
125.373
178.472
230.824
189.903
118.325
105.969
117.092
81.3648
135.853
79.5282
105.784
83.9505
138.839
77.2339
91.8979
101.445
95.0311
136.553
91.4333
155.541
94.3054
127.191
112.585
92.1235
90.2312
118.621
119.543
92.2925
257.322
123.707
330.868
59.1284
187.734
137.872
100.864
96.5733
115.819
98.1009
107.058
93.826
134.978
135.515
111.667
132.382
91.869
91.9311
107.954
108.37
130.356
94.2933
102.538
180.444
80.8917
187.142
128.509
85.5635
102.478
104.287
80.2534
113.515
80.3928
107.221
86.0915
102.304
82.7629
99.156
84.4793
86.1713
94.3553
86.0668
82.1744
85.1932
84.8026
98.2818
84.0526
99.9274
70.7564
89.2469
96.8159
125.701
76.6976
126.213
82.1859
77.5059
99.7484
92.7867
92.167
95.3717
92.8624
95.5216
92.5779
108.321
108.261
107.781
96.2498
93.7584
95.9045
90.3613
82.9061
94.3892
81.6934
75.8037
99.0452
90.8594
75.5677
59.4047
66.977
68.2448
262.62
252.804
170.581
194.357
97.719
105.232
103.252
127.986
128.711
116.453
123.336
114.529
234.453
230.868
59.9886
73.4448
151.8
272.871
116.924
127.532
113.039
133
108.56
95.3826
94.4284
102.589
76.7263
99.083
92.4774
75.9581
105.018
95.9215
105.651
109.691
107.547
107.047
95.0057
110.459
105.258
183.228
92.5028
110.485
101.112
91.2659
98.3404
106.852
101.166
77.6409
123.665
79.6231
136.673
95.2332
83.6701
74.686
118.834
117.329
89.3866
85.5008
58.3793
72.6845
81.8895
81.9506
81.103
109.133
88.438
107.718
90.5199
118.916
91.451
95.7669
87.5253
89.6097
88.4409
122.414
88.433
94.1702
94.3908
134.033
95.3878
96.1344
128.235
99.6574
99.0649
102.301
103.147
102.169
99.1921
102.147
110.563
136.16
193.983
108.767
112.146
188.852
226.934
83.1292
79.4391
80.2631
67.2415
95.6592
81.4603
75.7274
81.8695
94.0308
141.25
84.4196
122.868
124.416
81.743
82.2542
112.57
109.085
90.3394
84.2232
94.075
88.9067
92.4433
90.9932
91.3601
110.172
114.669
114.75
97.6115
92.5155
124.493
84.4864
131.505
72.1272
131.733
300.91
114.996
90.566
89.1272
93.1453
81.2846
114.36
93.8243
101.365
108.543
93.6595
108.632
88.296
109.418
89.8149
73.5761
68.4354
73.1154
67.4173
85.6725
91.64
65.4651
94.3088
85.61
154.857
89.7297
146.267
96.9675
284.068
75.9232
71.1303
69.0496
74.2225
86.1537
77.6881
84.5848
130.356
117.163
115.428
124.48
113.734
114.513
118.551
111.019
79.9277
154.365
163.505
119.705
84.5195
106.542
122.835
118.871
134.003
154.66
120.966
135.942
119.673
183.781
113.786
108.676
124.426
88.0819
91.475
122.783
106.16
110.249
95.2241
117.872
119.036
139.49
111.734
148.505
119.574
82.7671
103.652
85.8577
105.986
137.627
87.0691
145.3
149.088
105.393
55.8562
102.746
100.381
91.0197
70.4102
131.653
86.667
79.837
99.2977
92.2002
225.381
99.5706
110.059
154.334
121.36
90.1053
148.218
95.9541
108.253
94.2367
115.372
94.2114
114.467
94.2739
104.926
79.2426
89.4897
81.7579
112.334
84.1273
96.9382
99.1308
79.8753
102.738
89.6414
88.0912
102.627
99.3184
279.897
125.659
121.521
140.254
148.415
120.028
162.835
75.3193
87.1782
94.7182
209.475
121.673
253.215
118.449
101.068
125.335
102.251
108.429
119.58
124.042
124.757
118.368
103.115
116.044
111.262
112.43
110.258
109.894
102.407
116.03
115.714
111.605
113.142
109.761
109.878
125.161
104.171
97.1112
107.975
95.2864
122.32
149.91
184.085
255.05
59.8833
421.564
282.34
174.3
144.47
120.875
113.217
98.4254
107.46
99.2684
111.853
116.927
109.636
160.907
115.949
112.785
109.11
165.182
132.914
151.251
108.853
109.436
184.506
182.619
108.98
110.014
101.342
136.292
141.211
121.996
100.412
141.47
103.779
128.604
105.847
105.415
64.8814
142.458
130.919
104.586
100.791
126.706
142.936
168.73
106.549
173.102
103.887
98.7348
145.279
92.2515
104.216
144.22
91.4903
101.854
97.8045
99.7817
87.8723
99.5684
83.77
91.2167
100.364
122.64
121.988
115.883
120.954
124.764
119.56
115.149
190.569
146.542
136.784
132.087
293.415
128.164
125.273
121.189
89.374
113.267
161.856
120.357
160.845
130.883
144.761
77.261
143.803
164.522
192.6
138.981
225.044
72.5085
85.3675
94.4864
145.876
126.957
137.523
138.282
70.4382
113.643
108.649
128.683
164.899
121.585
150.594
96.7632
81.8569
95.8988
98.6931
94.8884
96.538
94.963
98.8148
106.44
96.7972
188.679
111.144
102.034
189.59
161.188
128.555
127.171
138.497
143.116
172.408
389.838
149.542
2077.91
139.369
154.495
134.926
498.907
193.473
125.118
116.44
110.085
123.954
152.149
139.525
140.873
115.284
140.265
119.147
114.048
133.111
113.814
206.057
129.076
151.758
139.296
143.258
127.438
129.384
101.162
106.576
123.232
130.294
116.228
97.01
116.046
125.689
115.782
111.196
109.141
166.074
173.658
134.663
165.382
110.981
110.561
92.1478
131.267
88.7456
61.5985
167.502
93.3434
102.35
111.083
122.209
132.734
111.733
103.816
76.816
99.1716
103.34
97.6297
90.7718
99.1478
101.978
106.849
97.0717
107.699
137.166
108.079
134.046
94.8567
108.11
139.484
174.591
107.879
109.322
99.5307
182.567
149.668
148.384
124.815
147.042
136.213
139.205
185.513
106.046
86.9958
115.579
90.6975
97.5504
86.041
115.755
127.881
114.047
100.333
158.796
88.5129
113.731
101.487
137.782
100.838
165.554
171.612
135.882
178.346
148.537
188.718
124.454
123.557
108.089
171.814
163.675
169.083
106.376
90.4933
94.4532
123.403
85.7923
124.515
106.353
108.395
90.831
112.36
81.8481
141.887
148.69
126.51
90.6699
73.2101
104.427
158.316
260.728
182.493
85.3113
107.122
122.606
143.179
109.488
111.953
145.209
138.475
103.79
104.848
104.451
103.535
109.22
93.916
135.654
72.2285
129.443
112.686
113.757
87.9428
115.679
116.979
120.93
117.262
148.756
119.573
41.0125
123.781
38.2952
125.783
102.106
103.605
160.946
101.113
103.238
177.015
124.504
189.269
172.873
124.327
112.474
113.892
95.2517
106.445
114.75
105.263
107.538
120.633
133.141
103.896
193.705
88.3808
152.679
115.453
230.625
221.354
198.306
115.823
144.231
127.425
129.713
102.329
102.826
123.283
141.098
119.767
119.81
125.726
120.149
103.483
127.749
98.3326
120.848
97.1928
123.209
118.417
128.623
141.223
155.68
111.449
153.691
100.627
106.846
144.203
157.381
116.654
137.631
128.621
104.362
121.153
108.213
139.786
48.8323
37.8905
140.203
117.056
178.373
206.657
104.92
51.4223
68.8337
61.2275
49.1813
48.3554
93.1436
93.4459
98.6036
112.27
131.052
111.47
139.061
132.004
156.378
104.797
119.496
106.706
105.566
108.391
119.773
109.847
128.841
212.977
83.2664
189.726
184.594
149.933
215.285
106.352
100.728
107.613
101.032
103.036
102.785
100.35
183.904
106.256
175.716
130.823
153.363
175.346
182.973
120.547
135.078
140.494
134.292
83.6999
125.225
121.971
86.5412
89.6874
321.337
95.9597
86.7076
88.4971
77.7919
144.295
88.9941
91.544
86.0558
148.858
142.894
142.951
108.076
114.742
110.725
110.133
109.664
114.334
113.512
68.2218
41.9784
44.8708
165.669
145.801
120.199
167.351
123.223
88.6801
409.114
142.784
85.4902
268.627
82.0857
107.572
188.17
39.633
144.782
195.633
152.58
146.838
173.841
147.685
123.573
73.061
107.856
92.4199
158.403
138.998
100.1
111.659
116.183
124.738
108.52
133.255
105.491
114.986
119.618
112.062
114.513
131.228
129.197
111.669
117.92
111.609
111.863
129.064
119.461
128.84
103.822
169.232
137.369
113.644
154.758
122.141
123.512
150.91
121.074
144.176
208.317
217.31
184.597
176.161
34.2522
121.149
178.626
116.922
290.413
274.638
306.228
123.917
182.227
122.629
68.8224
132.268
72.8319
130.664
119.549
125.599
121.028
118.643
121.091
127.92
193.276
154.056
117.186
118.101
96.4673
117.129
170.723
151.699
117.404
192.138
115.429
87.7868
133.149
166.603
87.3561
116.536
125.699
117.413
118.384
124.636
126.353
130.668
139.786
213.122
540.574
141.908
136.602
342.833
50.5874
186.251
122.273
139.632
96.1171
140.796
101.449
166.164
116.359
119.366
120.379
150.437
101.017
90.3269
129.326
136.911
130.074
159.219
140.82
138.275
159.966
143.857
124.324
94.5621
86.831
90.2517
122.667
84.6374
76.2295
906.368
466.232
248.653
523.036
191.511
70.894
33.6401
152.542
178.494
278.196
209.852
75.3466
93.3026
232.525
134.519
81.785
93.9819
208.567
181.016
64.2313
73.7595
180.26
366.524
185.746
80.8584
248.088
1060.58
56.0211
81.1393
129.326
80.9715
230.03
82.0999
89.8847
115.089
166.625
111.89
133.494
91.8964
128.009
132.438
197.073
106.927
115.285
110.217
112.009
107.838
114.961
108.429
112.123
761.023
215.159
328.231
159.676
95.5844
126.255
92.5805
112.993
80.175
146.234
103.88
91.3477
88.4406
96.8876
135.256
44.2215
36.5723
43.8821
39.8672
84.1097
98.3492
102.791
90.8644
86.732
90.1787
198.061
97.929
168.186
112.951
88.7042
174.994
118.75
145.61
183.255
145.252
103.739
177.867
104.626
173.774
157.442
101.305
131.823
136.046
412.725
313.758
-20.6593
366.749
61.7397
440.53
256.867
307.556
46.579
150.555
276.522
217.835
169.386
128.508
170.992
23.6592
30.8434
238.218
234.147
103.529
115.074
93.244
150.129
120.106
117.914
92.783
113.77
116.219
137.298
91.752
95.7852
111.406
125.085
15.3064
158.7
127.736
142.705
167.037
137.028
121.522
106.743
91.7131
79.2948
129.292
181.996
94.8814
164.216
114.132
120.8
123.205
151.189
132.811
123.255
110.853
65.9127
78.6122
137.99
155.404
53.2911
79.8122
55.1848
112.823
79.9114
96.4166
87.4575
92.149
127.393
89.1925
113.013
116.28
112.729
95.3842
183.109
91.3378
88.0186
172.385
158.825
200.271
189.087
192.034
182.339
185.287
101.744
120.942
101.557
97.2551
157.587
212.775
183.775
161.55
15.1474
49.7024
284.535
275.44
242.492
214.438
202.921
73.8988
233.128
64.0111
65.5779
113.486
96.6082
175.811
135.729
124.329
85.7151
124.788
84.5878
128.218
106.93
140.445
258.907
151.163
121.474
140.889
102.577
117.539
205.629
219.32
108.382
124.152
139.003
87.122
42.9422
43.6354
52.5524
101.428
89.3518
163.192
105.573
285.394
172.741
276.962
1294.07
170.901
249.629
403.678
126.581
158.879
107.368
178.682
123.885
156.484
136.978
113.022
140.786
117.007
143.651
151.062
136.519
108.633
124.951
103.025
152.515
-40.1803
102.69
98.3501
-10.6666
151.594
134.265
131.881
290.514
162.074
112.52
173.869
96.6118
97.4091
64.4774
106.134
96.2917
97.6308
69.8281
119.85
142.31
116.972
106.25
195.476
225.14
108.515
62.4352
19.653
243.846
73.496
119.416
188.599
181.913
140.207
108.925
114.129
115.633
145.482
113.451
112.365
93.8536
90.0676
91.6148
91.173
103.332
92.8979
103.357
108.264
116.168
117.817
120.886
105.948
116.874
120.215
103.796
101.545
115.147
105.749
109.758
102.728
122.03
113.575
157.458
69.8917
95.5408
112.202
141.496
67.5417
100.544
120.57
138.955
94.6582
95.8566
184.793
156.654
143.169
303.577
165.003
161.969
93.7986
166.003
272.492
121.219
61.1297
125.04
134.594
85.0812
137.797
83.6756
114.785
98.4686
-18.8223
213.113
9.86942
262.065
123.513
76.3056
84.9658
-27.4332
308.862
26.9629
399.683
91.955
103.766
100.412
104.319
104.302
107.348
75.8364
158.017
42.2253
203.566
34.8351
241.538
138.012
191.386
164.328
93.2565
26.1991
45.0334
66.4149
68.8488
2.16389
-3.68103
93.5187
169.101
127.485
340.004
105.665
116.933
391.395
53.4804
220.267
314.386
95.0018
108.95
293.213
305.793
49.7299
174.732
155.059
200.071
212.847
519.05
155.694
122.263
224.406
156.9
541.642
223.421
297.919
452.413
92.3992
99.4676
123.959
142.83
147.534
144.118
91.4008
134.059
103.554
115.383
225.806
115.078
191.282
154.927
150.922
394.734
342.131
113.806
179.941
133.268
103.78
86.9641
103.716
103.227
204.182
136.351
85.4332
42.8504
94.6031
104.61
102.824
52.9789
74.7717
73.3419
49.7014
127.897
141.071
157.892
180.538
105.196
106.377
149.46
101.152
119.81
180.278
99.084
84.3234
101.738
109.303
134.632
187.698
131.412
120.206
115.327
114.421
116.074
134.102
114.451
148.985
100.752
52.9616
264.842
114.652
125.548
177.883
143.729
95.8728
99.4669
214.278
176.222
124.985
140.249
158.436
-2.02818
80.9775
-65.9436
120.869
126.617
64.9714
174.603
22.5873
89.882
94.2401
145.301
100.905
121.405
128.159
61.9571
66.2541
183.806
217.075
87.0122
78.7387
73.9211
223.345
163.517
138.669
234.432
85.3232
92.8795
156.191
169.689
174.023
184.564
174.62
106.052
123.416
124.155
80.7728
127.431
123.178
79.0146
57.1131
5.28102
249.072
95.334
10.1676
142.792
59.0516
138.423
129.642
133.091
150.658
255.356
108.792
154.51
93.9773
3.81712
14.2126
126.871
69.4991
89.0702
135.701
111.027
128.211
111.205
128.911
113.121
108.888
97.7443
143.147
168.638
153.2
180.775
511.139
21.4653
10.8001
200.261
114.45
123.897
134.29
146.705
192.437
152.207
123
112.501
110.885
140.074
157.929
150.885
145.489
157.987
135.733
132.463
134.351
334.855
298.725
740.456
149.124
88.0337
201.673
124.169
122.479
168.596
125.008
86.7697
138.83
132.565
144.988
134.642
95.7119
94.7354
91.2201
142.994
200.212
212.784
120.789
139.621
107.818
199.664
123.161
137.179
86.0769
-39.0559
26.9826
41.7045
249.207
77.9539
245.073
246.697
203.098
35.9395
48.4998
)
;

boundaryField
{
    inlet
    {
        type            calculated;
        value           nonuniform List<scalar> 
129
(
88.7241
100.709
63.4443
82.5748
102.447
104.265
112.259
97.2872
73.2744
120.152
114.47
101.762
90.1381
94.4963
102.231
103.949
99.4953
115.202
211.819
117.755
113.865
106.024
80.9508
77.13
103.03
100.785
111.046
106.53
77.0399
114.194
103.242
108.417
104.367
111.95
92.2972
97.3421
102.257
90.4807
85.1695
98.6894
97.4682
100.35
95.9406
65.9785
101.863
86.8866
91.5811
104.091
117.126
110.174
100.961
90.345
108.996
112.608
98.0567
97.3675
106.276
107.466
88.0323
67.563
115.016
112.468
111.312
119.467
115.571
117.12
131.356
106.975
101.977
115.636
42.9663
131.371
114.132
5.06181
136.16
112.105
155.417
148.688
184.506
110.363
109.124
31.0343
114.138
106.078
97.6159
102.623
99.1477
100.712
99.5299
130.019
147.114
102.237
113.939
99.1403
79.9451
95.4713
113.785
117.571
115.289
107.968
113.053
103.211
-253.911
116.386
-366.331
172.728
-29.1831
-1042.59
-40.354
-10.6666
152.757
111.744
105.126
114.562
93.6307
272.492
303.577
114.45
153.12
107.035
330.559
-54.7516
155.889
140.422
145.027
109.689
90.5815
27.3089
120.912
)
;
    }
    outlet
    {
        type            calculated;
        value           uniform 0;
    }
    lowerWall
    {
        type            calculated;
        value           nonuniform List<scalar> 
1136
(
159.895
104.124
113.859
86.9971
103.298
103.244
110.186
111.913
75.8418
120.461
115.812
126.493
99.7879
84.3833
101.819
106.826
100.916
119.42
90.9211
130.595
109.727
112.082
128.134
100.567
111.728
127.049
94.1833
97.8067
102.88
97.0388
104.597
104.672
109.704
102.723
96.0741
54.3758
95.2419
99.8372
100.811
130.69
95.3636
100.305
97.0707
95.2056
101.6
79.5234
88.7517
91.2714
97.2745
99.0947
93.1525
94.9681
95.2662
94.8882
91.5944
83.7407
93.0348
79.3399
91.5902
89.6431
88.5225
90.6981
91.5918
90.706
88.071
85.7324
84.9538
84.1196
85.0493
86.5116
84.55
85.1158
85.9069
84.9756
83.8087
82.8077
82.1253
81.9919
82.4927
83.5615
81.7184
82.0102
81.6994
81.1822
80.5624
80.0556
79.7614
79.8692
80.4534
81.1103
79.0727
79.2548
79.1218
78.8249
78.4273
78.1114
77.9162
77.9856
78.3013
78.6995
76.5719
76.685
76.6119
76.4214
76.1723
75.9689
75.865
75.9001
76.1031
76.3503
74.1646
74.2328
74.1813
74.0921
73.9185
73.7922
73.7328
73.7564
73.8849
74.0254
71.8223
71.8857
71.8415
71.7737
71.6828
71.6031
71.5838
71.5991
71.6679
71.7343
69.5472
69.5862
69.5676
69.5165
69.4564
69.4139
69.405
69.4137
69.453
69.5062
67.3101
67.3278
67.3225
67.2966
67.2677
67.2526
67.2345
67.219
67.2562
67.2869
65.1104
65.1291
65.1109
65.0998
65.0854
65.0809
65.0704
65.0772
65.0928
65.0964
62.9348
62.9408
62.9515
62.9396
62.9394
62.9392
62.9328
62.9275
62.918
62.9275
60.7945
60.8152
60.8344
60.8171
60.8015
60.7998
60.8041
60.7956
60.7886
60.7955
58.6826
58.7082
58.7246
58.6945
58.6696
58.6615
58.6637
58.678
58.6819
58.6795
56.5979
56.6018
56.6002
56.5992
56.601
56.5784
56.5731
56.5677
56.5823
56.5849
54.5217
54.5235
54.5256
54.5321
54.5325
54.5221
54.5181
54.5073
54.5011
54.5009
52.4602
52.4613
52.4647
52.463
52.46
52.4555
52.4559
52.4519
52.4441
52.449
50.4299
50.4214
50.4139
50.4191
50.4223
50.4218
50.4214
50.4198
50.4237
50.4284
48.3946
48.3946
48.392
48.3934
48.3959
48.4055
48.4141
48.4155
48.4105
48.4002
46.3829
46.3738
46.3768
46.3908
46.3982
46.4025
46.4089
46.4089
46.41
46.3999
44.3937
44.3785
44.3729
44.3859
44.3994
44.4122
44.4106
44.4151
44.4137
44.4079
42.4082
42.3964
42.3871
42.3863
42.3963
42.406
42.4122
42.4136
42.4098
42.4098
40.4195
40.4216
40.428
40.4333
40.4298
40.4227
40.4198
40.4173
40.415
40.417
38.4504
38.4589
38.4677
38.4631
38.4509
38.4437
38.4449
38.4558
38.4485
38.4464
36.5056
36.5093
36.5102
36.5008
36.4935
36.4863
36.4958
36.5013
36.5
36.5016
34.5567
34.5722
34.5765
34.5771
34.5716
34.5659
34.5596
34.5554
34.5442
34.5474
32.6325
32.6465
32.6454
32.6407
32.6331
32.6275
32.6141
32.6112
32.6125
32.6186
30.7367
30.7338
30.713
30.7082
30.7058
30.6985
30.6915
30.696
30.7147
30.7298
28.8341
28.8228
28.8115
28.807
28.8059
28.8083
28.8146
28.8213
28.8275
28.8323
26.9199
26.9225
26.9304
26.9385
26.9395
26.9437
26.9468
26.9447
26.9374
26.9269
25.0382
25.044
25.0599
25.0763
25.0858
25.088
25.0825
25.0718
25.0597
25.0485
23.2092
23.2051
23.2053
23.2115
23.221
23.2332
23.2381
23.2377
23.2319
23.2222
21.4164
21.4001
21.3907
21.3869
21.3921
21.4027
21.4165
21.4264
21.43
21.427
19.6326
19.6107
19.6085
19.6096
19.6126
19.6166
19.6182
19.6238
19.628
19.6316
17.8383
17.8363
17.8392
17.8451
17.8516
17.8534
17.8454
17.8396
17.8383
17.8374
16.0726
16.0772
16.0872
16.0902
16.0891
16.0833
16.076
16.0715
16.0698
16.0707
14.3513
14.3542
14.3523
14.3387
14.326
14.3124
14.3036
14.3167
14.324
14.3399
12.6319
12.6391
12.6231
12.6049
12.5843
12.5707
12.5664
12.5792
12.5947
12.6113
10.8828
10.9023
10.9027
10.8899
10.8788
10.8691
10.8665
10.8711
10.8718
10.8738
9.16278
9.16992
9.17991
9.1855
9.18257
9.17771
9.17318
9.1719
9.16843
9.1619
7.49037
7.47752
7.47544
7.47794
7.47917
7.48348
7.48518
7.48738
7.48919
7.49267
5.81814
5.80334
5.79747
5.79882
5.80539
5.82193
5.82814
5.82654
5.81996
5.82318
4.13786
4.1343
4.13562
4.14303
4.15715
4.18038
4.18087
4.16993
4.15939
4.14807
2.47859
2.47896
2.48179
2.4881
2.49619
2.50601
2.51141
2.50919
2.499
2.48454
0.829266
0.828949
0.829163
0.823864
0.821912
0.82496
0.834052
0.837839
0.839044
0.829862
95.0849
91.4252
90.0495
95.0215
93.0193
92.4315
93.9179
91.8597
93.156
90.4496
88.7643
91.0911
85.6319
85.7207
88.0412
85.4721
84.4779
85.3728
88.9569
84.2643
84.29
97.8208
85.1758
83.6999
88.1387
86.3881
86.2406
94.0449
89.2414
86.3005
99.2875
101.068
93.0066
100.028
97.202
96.1019
97.2889
96.1213
96.4723
95.4718
99.3058
94.0603
122.109
108.748
89.859
71.724
80.2601
101.166
97.7479
88.6206
92.5668
106.269
95.9723
77.7481
107.067
92.6031
98.4215
90.2333
94.5034
89.2481
94.947
95.0185
92.201
98.8474
94.5859
94.4939
94.7375
94.1997
94.9119
87.8601
100.847
92.6622
95.0103
87.8534
88.546
88.7173
85.0498
83.9005
93.0445
84.5476
82.4091
86.7095
83.661
81.3834
92.0084
87.0985
86.2554
97.4684
89.5067
86.8575
89.5984
87.4293
86.7114
91.3194
87.9057
87.6555
91.1317
86.9568
88.0169
88.7638
85.3146
86.5518
86.018
83.9067
84.9793
85.0166
82.9654
83.6376
84.7136
82.6352
82.7056
84.6205
83.3485
82.6155
85.9854
84.4188
83.7769
88.1168
85.9497
84.9406
93.9206
93.327
94.6834
91.5367
93.0894
93.0808
92.4695
95.6171
90.5956
94.6735
94.9561
95.7614
93.3122
94.1243
93.9718
93.9613
94.0289
93.0426
93.1794
93.4658
95.1131
92.5504
93.6414
92.4734
93.8764
93.7526
93.0634
89.2048
89.7582
109.96
89.4094
89.4714
88.7916
91.5171
90.8181
90.1758
84.97
86.1431
89.4634
86.3899
86.3321
85.4067
88.2522
87.5758
87.2542
83.1972
84.1368
90.2529
84.7334
84.9593
84.7446
85.1262
85.6078
85.2476
84.2099
84.1
89.1746
84.2124
84.1677
84.193
84.1927
84.6534
84.5939
84.1082
85.4983
79.4971
84.4329
84.2415
86.1506
83.1962
84.3596
84.3336
86.9822
85.7026
88.8513
86.015
87.2638
87.6744
87.0866
87.9405
86.4803
91.4104
90.508
92.8473
88.0714
90.1739
92.8804
87.6695
90.1756
87.523
90.0437
89.1355
89.4556
87.3053
87.1796
87.7902
85.524
85.6396
85.8941
84.964
85.0569
84.8849
88.2747
88.8512
89.3167
86.1908
86.6903
86.6494
85.1274
85.3247
85.1808
84.2629
84.216
84.5968
84.6591
83.543
83.3682
89.5897
89.9009
91.5538
83.9354
83.6668
84.5472
91.4945
89.8487
89.945
87.9232
107.413
99.6687
94.3036
111.519
103.023
161.52
93.3934
107.387
91.1443
119.946
56.8359
103.135
102.308
105.926
104.945
104.566
103.606
124.299
68.6595
90.5479
82.4965
81.5896
81.9039
83.2377
82.228
82.7072
85.2877
84.8738
83.4203
84.2485
85.8672
85.4856
111.442
100.71
104.603
85.3603
84.5255
84.2656
83.1654
84.4809
84.0766
89.7483
89.9599
91.3306
86.3406
85.9787
84.5664
104.263
103.469
105.992
118.399
17.0389
139.086
132.36
168.517
115.405
84.3524
83.1083
83.6783
81.9537
81.2901
81.355
85.6874
86.7666
86.4971
83.6123
83.2358
82.6153
101.786
101.968
110.244
157.463
124.958
114.926
85.627
89.2835
66.052
82.4626
82.7643
82.8238
87.565
87.277
86.2411
105.869
106.985
96.5657
103.958
108.127
123.872
56.6597
85.9573
100.505
85.4192
84.8859
85.7418
157.374
106.684
93.9749
98.8609
105.741
105.116
186.139
112.939
160.311
124.802
215.03
116.278
109.979
101.008
118.735
103.032
65.0014
96.7016
136.157
128.369
110.546
85.4176
84.0125
84.3496
87.2415
88.2327
87.9956
64.283
180.775
136.11
102.92
108.688
99.8255
98.8534
121.465
82.4736
82.3036
81.6019
81.3537
82.7898
82.967
82.8084
111.052
111.237
113.89
123.391
94.3656
108.178
50.3784
132.124
110.759
90.8258
72.8017
121.215
129.501
96.9243
82.7258
108.65
100.301
100.138
106.895
105.688
102.582
108.586
103.744
104.055
-6.50188
288.834
137.928
116.439
108.267
110.975
116.218
126.579
103.666
39.9756
161.854
144.868
60.1733
122.781
118.024
20.8126
233.734
173.49
182.144
144.285
97.0171
98.416
88.1214
27.3902
115.361
106.548
109.957
120.625
110.176
114.162
103.321
99.4683
116.006
117.235
112.011
117.965
135.877
134.804
74.2823
107.027
100.743
101.529
105.813
129.216
126.997
105.06
93.0593
111.843
92.2049
28.4585
107.119
113.835
98.7084
139.425
117.195
140.711
150.482
97.1348
141.083
87.8574
130.635
148.362
104.064
101.788
103.458
119.279
107.459
113.087
96.3261
113.897
121.824
87.8019
102.353
52.9636
116.748
162.951
62.4584
92.1604
112.279
120.377
133.01
109.153
96.1424
162.935
107.851
109.16
108.008
98.4651
128.379
108.825
149.115
79.299
112.13
112.668
109.805
108.786
113.665
83.6403
136.556
106.584
105.316
152.206
137.753
110.53
112.859
76.8639
85.3972
90.8529
128.136
100.605
88.2245
47.9406
101.548
135.11
87.0232
118.241
85.1012
92.9881
106.689
95.2556
105.799
103.06
67.667
111.129
120.962
114.58
78.4548
90.3842
119.823
90.6322
91.2386
100.166
93.938
96.966
91.9324
116.663
120.387
112.267
132.529
118.085
142.199
118.947
130.147
121.973
91.1084
89.7369
89.4363
82.9061
75.5677
99.0452
133
94.4284
116.924
99.083
95.9215
76.7263
80.2631
75.7274
79.4391
131.653
92.2002
70.4102
99.1308
99.3184
88.0912
112.334
96.9382
104.926
160.907
115.949
109.636
108.853
109.436
151.251
92.2515
101.854
145.279
97.8045
100.364
83.77
88.7456
167.502
110.561
102.35
103.816
122.209
109.22
135.654
103.79
68.8337
93.4459
49.1813
153.363
182.973
183.904
106.352
100.35
103.036
150.91
176.161
217.31
103.822
123.512
169.232
133.494
197.073
111.89
158.7
121.522
142.705
15.1474
214.438
284.535
97.2551
183.775
101.744
202.921
96.6082
64.0111
195.476
108.515
119.85
97.4091
64.4774
96.6118
127.897
149.46
105.196
)
;
    }
    upperWall
    {
        type            calculated;
        value           nonuniform List<scalar> 
1118
(
114.145
104.474
95.9597
109.975
103.019
103.897
110.133
107.879
158.796
113.057
115.187
104.852
111.646
80.4363
105.695
105.749
106.751
124.443
199.86
95.2687
109.395
114.828
92.5286
110.326
105.235
95.5408
97.078
120.573
88.5714
101.49
113.649
105.418
109.759
102.062
94.437
74.0051
94.2658
112.312
100.66
102.605
95.9908
97.578
100.318
98.9774
98.5008
84.2517
88.8901
97.6099
106.492
91.9911
92.8425
97.1803
95.3138
99.3304
84.8729
86.1862
82.948
80.1187
93.2877
88.5465
88.5224
90.6985
91.5848
90.6966
88.0627
85.7337
84.9322
84.1292
85.0489
86.5153
84.5503
85.1153
85.9072
84.9759
83.8069
82.8063
82.1237
81.9915
82.4929
83.5618
81.7183
82.01
81.7005
81.1821
80.5618
80.055
79.7614
79.8695
80.4537
81.1102
79.0726
79.2548
79.1217
78.8243
78.4276
78.1116
77.9161
77.9855
78.3012
78.6994
76.5722
76.6849
76.6118
76.4213
76.1723
75.9686
75.8649
75.9
76.103
76.3504
74.1646
74.2327
74.1812
74.0918
73.918
73.792
73.7328
73.7561
73.8848
74.0252
71.8219
71.8856
71.8414
71.7736
71.6822
71.6034
71.5837
71.599
71.6678
71.7339
69.5475
69.5861
69.5675
69.5164
69.4563
69.4138
69.4049
69.4136
69.4529
69.5065
67.31
67.3277
67.3224
67.2965
67.2677
67.2523
67.2344
67.2187
67.2561
67.2869
65.1096
65.1287
65.1108
65.0997
65.0854
65.0808
65.0703
65.0772
65.0932
65.097
62.9347
62.9407
62.9514
62.9395
62.9393
62.9391
62.9328
62.9281
62.918
62.9274
60.7946
60.8157
60.834
60.8167
60.8014
60.7999
60.8039
60.7951
60.7883
60.7954
58.6828
58.7079
58.7246
58.6944
58.6693
58.6613
58.6636
58.6782
58.6819
58.6796
56.5974
56.6015
56.6001
56.599
56.6012
56.5783
56.5732
56.5677
56.5824
56.5847
54.5216
54.5236
54.5248
54.5322
54.5325
54.5222
54.5182
54.5073
54.501
54.5007
52.4604
52.4614
52.4646
52.4629
52.4594
52.455
52.4558
52.4519
52.4441
52.4488
50.4298
50.4214
50.4137
50.4191
50.4216
50.4216
50.4213
50.4199
50.4236
50.4283
48.3943
48.3942
48.3919
48.3936
48.396
48.4061
48.414
48.4155
48.4104
48.4002
46.383
46.3737
46.3769
46.39
46.3976
46.4026
46.4086
46.4088
46.4096
46.4
44.3938
44.3784
44.3728
44.3852
44.3995
44.4122
44.4105
44.4152
44.4137
44.4078
42.4079
42.3961
42.387
42.3865
42.3965
42.4058
42.4121
42.4138
42.4093
42.4097
40.4194
40.4215
40.4279
40.4334
40.4297
40.4225
40.4201
40.417
40.4148
40.417
38.4501
38.459
38.4677
38.4631
38.4503
38.4436
38.4453
38.4556
38.4491
38.4465
36.5055
36.5092
36.5103
36.5006
36.4931
36.487
36.4957
36.5014
36.5002
36.5015
34.5567
34.5728
34.5762
34.5768
34.5717
34.5661
34.5595
34.5553
34.5441
34.5468
32.6325
32.6465
32.6449
32.6409
32.6331
32.6269
32.6139
32.6111
32.6123
32.6187
30.7367
30.7336
30.7131
30.708
30.705
30.6982
30.6914
30.6959
30.7158
30.7303
28.8338
28.8228
28.8116
28.8069
28.8059
28.8082
28.8145
28.8212
28.8276
28.8316
26.9198
26.9225
26.9305
26.9386
26.9395
26.9438
26.9466
26.9446
26.9372
26.9266
25.0381
25.0438
25.0599
25.0761
25.0857
25.0879
25.0823
25.0717
25.0597
25.0489
23.209
23.2049
23.2049
23.2111
23.2211
23.2332
23.2381
23.2376
23.232
23.2222
21.4165
21.4006
21.3907
21.387
21.3921
21.4026
21.4164
21.4261
21.4297
21.427
19.6325
19.6105
19.6084
19.6097
19.6126
19.6165
19.6181
19.6237
19.6278
19.6315
17.8381
17.8356
17.8391
17.8452
17.852
17.8536
17.8455
17.8396
17.8382
17.8374
16.0723
16.0772
16.0872
16.0901
16.0888
16.0831
16.0759
16.0713
16.0699
16.0706
14.3514
14.3544
14.3526
14.3385
14.3253
14.3116
14.3033
14.3167
14.324
14.3397
12.6321
12.6389
12.6225
12.6044
12.5844
12.5708
12.5663
12.5791
12.5947
12.6112
10.883
10.9016
10.9023
10.8902
10.8788
10.8691
10.8665
10.8711
10.8715
10.8735
9.1628
9.17005
9.18001
9.18557
9.18255
9.17742
9.17293
9.1717
9.1683
9.16183
7.49057
7.47764
7.47522
7.47786
7.47909
7.4834
7.4851
7.4873
7.48909
7.49265
5.81793
5.80312
5.79717
5.79861
5.80546
5.82193
5.82829
5.82649
5.81983
5.82287
4.1377
4.13423
4.13559
4.14298
4.15698
4.18044
4.18077
4.16988
4.1593
4.14798
2.47844
2.47923
2.48175
2.48797
2.49602
2.50485
2.51136
2.50912
2.49904
2.48456
0.829301
0.828718
0.828824
0.823445
0.821876
0.824912
0.834155
0.83792
0.838961
0.82979
90.0444
91.4493
95.2195
92.4378
93.0186
95.8733
93.1373
91.8702
95.1257
91.0967
88.696
89.61
88.0736
85.7482
84.1346
85.3515
84.5057
83.9421
84.0825
84.2613
84.6283
83.7083
85.1509
90.673
86.2377
86.3282
87.1849
86.2487
89.2338
93.774
93.7673
95.4092
98.6924
96.6847
98.7655
101.151
97.0953
96.8747
102.244
95.1152
91.9262
86.359
89.5279
83.9922
92.0602
87.2477
82.8149
166.761
44.3009
88.6381
92.8376
77.0149
91.1113
117.183
95.6482
86.1092
66.0821
82.9828
99.4161
91.9619
92.2686
94.5409
94.401
94.5597
94.7446
95.8327
94.7928
94.1551
94.7625
92.5988
90.0376
89.084
91.2228
88.3415
96.4606
83.8114
85.3147
89.8562
82.7867
84.0664
83.4092
81.7668
84.5993
87.2404
87.5487
87.4059
93.7034
86.6935
89.5157
96.5434
86.7109
87.4287
89.5987
87.6534
87.9068
91.3131
88.017
86.9571
91.1094
86.5541
85.3149
88.764
84.9802
83.9035
86.0159
83.6425
82.9643
85.0345
82.7032
82.6356
84.7165
82.6157
83.3478
84.7136
83.7764
84.4191
85.9824
84.9398
85.9498
88.1148
90.5856
95.156
92.4869
93.0924
93.0974
91.5691
93.3103
93.3009
93.8778
93.0582
94.0655
93.9892
93.9855
94.118
93.3376
95.3109
95.0557
94.7204
93.0433
93.6646
93.8358
92.4686
93.6247
92.5384
97.4588
93.2982
93.5136
90.1835
90.6657
91.7779
88.8173
89.5071
89.465
93.3555
90.7139
90.2967
87.2417
87.4411
87.8393
85.3684
86.2367
86.4254
88.7853
86.0164
84.8903
85.3483
85.5757
85.1871
84.7489
85.029
84.7799
88.9695
83.9752
83.3123
84.6459
84.5901
84.0302
84.0298
84.2515
84.2184
86.3223
84.0531
84.2413
84.3446
84.2153
83.1579
86.2034
83.8001
84.6199
90.6461
83.8155
85.2467
86.4914
87.9786
87.0108
87.8789
87.249
86.0157
88.838
85.8633
87.2551
87.5116
90.0438
87.5673
92.7966
90.1817
88.1005
86.8478
90.2856
91.4544
89.4452
89.1281
90.0419
87.7888
87.1821
87.311
85.9105
85.6471
85.5386
84.8609
85.0566
84.9436
89.3091
88.8525
88.2663
86.6592
86.6769
86.182
85.1853
85.3205
85.1334
84.5954
84.2196
84.2617
83.3659
83.513
84.6433
91.5463
89.8949
89.5821
84.591
83.6663
83.9443
89.94
89.8322
91.4976
63.6209
88.1201
100.667
73.0182
35.9624
102.973
102.239
108.709
102.748
111.376
140.709
112.72
122.052
41.926
98.7512
97.1718
102.03
103.15
81.9033
81.5892
82.4964
82.7064
82.2274
83.2377
83.4227
84.8842
85.3156
85.4779
85.8503
84.2437
84.2662
84.5276
85.363
91.3282
89.9564
89.745
84.0621
84.4674
83.1627
84.5676
85.9961
86.3559
83.6799
83.11
84.3542
81.3539
81.2892
81.9529
86.5038
86.7627
85.6873
82.6147
83.2377
83.5879
106.852
101.727
115.407
109.84
118.8
181.255
86.2414
87.2741
87.5654
82.824
82.7613
82.4631
75.2877
73.5537
115.652
99.9125
106.181
102.618
111.221
104.945
106.537
104.773
106.52
124.189
90.2014
88.9805
89.762
74.68
185.383
98.7952
92.2015
103.697
109.224
98.7675
49.9509
48.0709
108.029
119.538
81.6865
127.392
101.517
100.164
111.737
122.645
109.216
85.7293
84.8817
85.4192
81.2451
82.9537
78.4936
100.527
81.0944
94.7494
83.5351
78.378
102.13
101.519
95.4417
92.4835
95.7653
89.8048
48.3935
106.31
113.556
112.288
107.456
106.225
104.574
98.0655
133.199
109.72
95.3131
95.812
103.474
107.494
113.617
152.665
116.518
142.806
161.288
84.3509
84.0138
85.4186
87.995
88.233
87.2415
105.982
109.389
109.015
81.3542
81.6022
82.3042
106.122
104.045
103.549
128.481
115.341
97.2497
-25.8821
112.314
127.163
97.0306
106.795
124.44
98.917
106.002
99.1172
82.808
82.966
82.7895
122.739
98.3745
97.5273
256.249
43.284
146.097
109.713
110.906
110.014
116.594
114.78
114.968
101.973
100.857
135.482
103.107
141.786
159.754
103.804
102.227
103.455
92.581
89.4165
110.885
117.756
92.349
111.735
106.729
107.963
102.964
112.893
92.7561
161.88
109.503
110.956
116.898
108.82
119.272
142.585
109.974
103.395
104.362
107.545
119.889
96.0676
111.545
108.724
106.2
112.292
121.272
107.885
115.675
112.31
112.395
114.702
122.192
103.411
105.353
104.594
105.549
114.706
111.256
119.55
102.922
86.5327
120.539
91.4817
91.826
112.439
104.78
81.3164
125.586
83.3144
91.3572
84.9874
107.005
109.959
109.947
115.409
75.7386
100.417
112.817
108.424
117.471
89.4356
89.735
91.1055
101.42
87.0441
127.366
106.159
98.948
104.515
109.694
151.436
134.351
114.998
123.791
73.4358
85.688
105.23
105.832
125.331
101.416
109.713
107.058
135.515
115.819
127.986
123.336
105.232
95.7669
122.414
87.5253
94.1702
128.235
95.3878
88.296
109.418
108.543
89.1272
114.36
93.1453
121.673
253.215
87.1782
85.3675
138.282
126.957
109.322
182.567
99.5307
88.5129
101.487
113.731
94.4532
106.353
123.403
129.443
116.979
113.757
144.231
123.283
102.329
119.81
127.749
119.767
86.7076
77.7919
88.4971
109.664
113.512
114.334
159.219
143.857
140.82
123.573
158.403
73.061
96.4673
151.699
117.186
101.017
129.326
119.366
139.632
166.164
96.1171
124.329
128.218
85.7151
88.7042
183.255
174.994
44.2215
84.1097
36.5723
124.152
87.122
205.629
109.758
122.03
102.728
112.202
67.5417
141.496
-18.8223
123.513
213.113
-27.4332
91.955
308.862
66.4149
-3.68103
26.1991
223.421
452.413
224.406
104.61
49.7014
52.9789
69.4991
135.701
3.81712
-39.0559
41.7045
123.161
)
;
    }
    frontWall
    {
        type            cyclic;
    }
    backWall
    {
        type            cyclic;
    }
}


// ************************************************************************* //
