/*--------------------------------*- C++ -*----------------------------------*\
| =========                 |                                                 |
| \\      /  F ield         | OpenFOAM: The Open Source CFD Toolbox           |
|  \\    /   O peration     | Version:  5.0                                   |
|   \\  /    A nd           | Web:      www.OpenFOAM.org                      |
|    \\/     M anipulation  |                                                 |
\*---------------------------------------------------------------------------*/
FoamFile
{
    version     2.0;
    format      ascii;
    class       volScalarField;
    location    "3.8";
    object      p_rgh;
}
// * * * * * * * * * * * * * * * * * * * * * * * * * * * * * * * * * * * * * //

dimensions      [1 -1 -2 0 0 0 0];

internalField   nonuniform List<scalar> 
9347
(
101.313
109.348
106.676
112.005
91.7806
96.9161
97.2409
94.0494
91.7213
89.3132
86.8524
84.3675
81.8719
79.3971
76.9286
74.4786
72.0434
69.6377
67.25
64.8893
62.5325
60.1964
57.8894
55.5758
53.2864
51.0161
48.7515
46.4849
44.2376
42.0159
39.7906
37.5898
35.4176
33.2391
31.0529
28.8981
26.7964
24.7321
22.6771
20.6133
18.5789
16.5894
14.6037
12.5903
10.6038
8.66597
6.73189
4.78969
2.86924
0.959115
102.214
124.741
95.1105
108.818
101.851
100.946
98.2784
95.0409
91.8632
89.4664
86.948
84.4301
81.9332
79.4348
76.947
74.5003
72.0505
69.6555
67.2755
64.8947
62.5389
60.1998
57.8822
55.5765
53.2777
51.0026
48.7406
46.4868
44.2449
42.0181
39.8046
37.6029
35.4146
33.2307
31.0566
28.9046
26.7923
24.7156
22.6557
20.6118
18.5844
16.5924
14.6071
12.6065
10.611
8.65647
6.71836
4.78649
2.86946
0.958764
101.357
102.328
92.5768
97.6074
100.38
101.238
99.4119
95.7238
92.2236
89.6764
87.089
84.5064
81.9674
79.4644
76.9716
74.5005
72.0741
69.6866
67.3003
64.8971
62.5421
60.2044
57.8744
55.5739
53.2823
50.9956
48.7305
46.4933
44.2559
42.0207
39.8094
37.6022
35.3955
33.2192
31.0626
28.9192
26.793
24.7069
22.6539
20.6136
18.5942
16.5946
14.5996
12.6069
10.6208
8.6533
6.71239
4.78771
2.87215
0.958889
97.2139
123.067
100.251
100.263
101.063
99.9414
99.7886
96.7627
92.5123
89.8876
87.2159
84.6141
82.0216
79.4891
76.9927
74.5187
72.0807
69.6803
67.2792
64.9029
62.5575
60.2068
57.8823
55.5754
53.2898
51.0076
48.7301
46.4986
44.2497
42.0104
39.8095
37.5967
35.3894
33.2138
31.0717
28.9363
26.799
24.7032
22.6546
20.62
18.5993
16.5811
14.5763
12.5987
10.6283
8.65599
6.71324
4.79494
2.87836
0.953783
101.691
93.2524
105.555
100.64
101.494
101.859
99.9721
98.0105
92.7056
90.0033
87.2839
84.6372
82.051
79.504
77.0108
74.5337
72.0985
69.6756
67.2605
64.9039
62.5599
60.2067
57.8859
55.5783
53.2996
51.0214
48.7396
46.4936
44.2376
42.0022
39.8034
37.5884
35.3864
33.2126
31.0729
28.9457
26.8098
24.7087
22.6605
20.6319
18.5991
16.5673
14.556
12.5871
10.6254
8.65761
6.72036
4.80981
2.88717
0.951873
96.6882
100.364
98.0701
102.824
100.774
100.407
100.141
98.8766
92.695
89.9974
87.2744
84.6311
82.0485
79.5075
77.0224
74.5447
72.1081
69.6793
67.2576
64.896
62.558
60.2017
57.886
55.5886
53.3051
51.0355
48.7505
46.4891
44.2312
41.9946
39.7959
37.5834
35.3798
33.2148
31.0762
28.9478
26.8206
24.7193
22.6629
20.631
18.5914
16.5489
14.5412
12.5757
10.6194
8.66135
6.73662
4.83296
2.89768
0.954976
98.6343
93.172
111.251
107.062
104.838
101.418
100.363
97.6005
92.4845
89.829
87.183
84.5767
82.0297
79.4988
77.0047
74.5347
72.102
69.6857
67.2593
64.8839
62.5399
60.2001
57.8851
55.5974
53.3123
51.0338
48.756
46.4849
44.2329
42.0067
39.7946
37.5729
35.3734
33.2213
31.0794
28.9424
26.8258
24.7327
22.6651
20.6235
18.5834
16.5466
14.5416
12.576
10.6157
8.6632
6.74271
4.83267
2.90144
0.96398
99.3886
101.538
124.931
104.788
108.938
100.628
99.2241
96.3853
92.1191
89.5991
87.0305
84.4826
81.9712
79.4613
76.96
74.5228
72.0846
69.6671
67.2716
64.8746
62.5303
60.1943
57.8822
55.5979
53.3113
51.0376
48.7577
46.4824
44.2429
42.0119
39.7901
37.5693
35.3779
33.2277
31.0772
28.9312
26.8266
24.7443
22.6702
20.6151
18.5787
16.5532
14.5519
12.577
10.614
8.66505
6.74086
4.82185
2.89979
0.967861
96.5337
97.5161
143.917
102.814
102.54
99.123
98.1924
94.992
91.7411
89.3881
86.9022
84.4098
81.9156
79.4237
76.9493
74.5082
72.0532
69.6437
67.2526
64.879
62.5211
60.1863
57.8852
55.5921
53.3115
51.0374
48.7549
46.4813
44.236
42.01
39.7774
37.5688
35.3952
33.2328
31.0703
28.9221
26.8246
24.7484
22.6744
20.6142
18.5763
16.564
14.5694
12.5796
10.6098
8.66672
6.73391
4.81118
2.88907
0.969103
96.2378
101.988
100.851
93.1325
100.601
98.7659
97.2614
93.8525
91.6401
89.2643
86.8318
84.352
81.8594
79.4
76.9322
74.4806
72.0434
69.6356
67.2462
64.8792
62.5216
60.1871
57.8884
55.5812
53.3011
51.0322
48.7541
46.4825
44.2338
42.0107
39.7799
37.5747
35.4105
33.2388
31.0583
28.9043
26.8024
24.7399
22.6758
20.6128
18.5776
16.5793
14.588
12.5809
10.6046
8.67012
6.73696
4.79972
2.87447
0.959317
99.0375
106.229
104.121
107.458
105.133
96.612
97.1267
94.0499
91.7213
89.313
86.8525
84.3676
81.8717
79.3972
76.9286
74.4784
72.0434
69.6378
67.2502
64.8892
62.5325
60.1965
57.8893
55.5757
53.2864
51.0161
48.7514
46.4849
44.2376
42.0158
39.7906
37.5899
35.4176
33.239
31.0527
28.8981
26.7962
24.7321
22.677
20.6132
18.5787
16.5894
14.6037
12.5903
10.6038
8.66601
6.73181
4.78956
2.86919
0.959199
102.01
175.371
104.922
106.57
103.97
98.79
98.2993
95.0404
91.8635
89.4661
86.948
84.43
81.9332
79.4348
76.947
74.5001
72.0505
69.6556
67.2754
64.8946
62.539
60.1999
57.8816
55.5763
53.2776
51.0026
48.7405
46.4868
44.2449
42.0184
39.8051
37.603
35.4145
33.2307
31.0566
28.9046
26.7922
24.7156
22.6556
20.6118
18.5844
16.5924
14.6071
12.6062
10.6111
8.6565
6.71826
4.78648
2.86965
0.958716
97.3825
101.19
96.5149
102.915
104.812
100.082
99.4035
95.7226
92.2251
89.6762
87.089
84.5064
81.9673
79.4644
76.9716
74.5004
72.0741
69.6863
67.3003
64.897
62.5419
60.2043
57.8743
55.5739
53.2823
50.9956
48.7305
46.4932
44.256
42.0209
39.8091
37.6021
35.3955
33.2192
31.0626
28.9192
26.7929
24.7069
22.6538
20.6136
18.5944
16.5947
14.5996
12.6068
10.621
8.65314
6.71226
4.78778
2.87217
0.958866
97.3406
96.3907
102.446
99.5955
101.038
99.5629
99.7719
96.7471
92.5129
89.8872
87.2159
84.6141
82.0216
79.489
76.9927
74.5187
72.0807
69.6801
67.2792
64.9027
62.5575
60.2068
57.8824
55.5754
53.2893
51.0074
48.7302
46.4987
44.2498
42.0103
39.8093
37.5967
35.3893
33.2138
31.0718
28.9363
26.799
24.7032
22.6546
20.62
18.5993
16.5811
14.5764
12.5988
10.6283
8.65597
6.71313
4.79491
2.87835
0.95367
165.86
116.858
106.631
101.877
101.704
102.08
99.9601
97.8879
92.7059
90.0033
87.2839
84.6369
82.0507
79.504
77.0108
74.5337
72.0984
69.6756
67.2605
64.9042
62.56
60.2066
57.8859
55.5784
53.2994
51.0215
48.7397
46.4936
44.237
42.0022
39.8033
37.5884
35.3861
33.2125
31.0729
28.9457
26.8098
24.7087
22.6605
20.6319
18.599
16.5673
14.556
12.5874
10.6254
8.65759
6.72029
4.80973
2.88716
0.951919
96.2122
100.711
97.3505
102.133
101.414
100.216
100.074
98.8053
92.6953
89.9974
87.2743
84.6309
82.0486
79.5075
77.0224
74.5447
72.1081
69.6794
67.2575
64.896
62.5581
60.2015
57.8859
55.5886
53.3051
51.0355
48.7503
46.489
44.2312
41.9946
39.7959
37.5833
35.3797
33.2146
31.0763
28.9478
26.8205
24.7192
22.6629
20.631
18.5914
16.5489
14.5412
12.5757
10.6192
8.66133
6.73659
4.83298
2.89741
0.954944
98.659
92.0223
124.744
107.171
102.368
101.324
100.425
97.4518
92.485
89.8289
87.183
84.5766
82.0297
79.4988
77.0047
74.5347
72.102
69.6855
67.2592
64.884
62.5397
60.2
57.8851
55.5974
53.3121
51.0338
48.756
46.4849
44.2329
42.0066
39.7949
37.5728
35.3734
33.2213
31.0793
28.9422
26.8258
24.7326
22.6651
20.6236
18.5834
16.5464
14.5417
12.5761
10.6156
8.66318
6.74283
4.83276
2.90136
0.964088
108.844
107.684
121.192
101.951
107.663
100.119
99.1657
96.3746
92.1198
89.5989
87.0305
84.4826
81.9712
79.4613
76.96
74.5228
72.0849
69.6669
67.2717
64.8745
62.5303
60.1944
57.8823
55.5979
53.3112
51.0378
48.7576
46.4823
44.2428
42.0119
39.79
37.5692
35.3779
33.2277
31.0772
28.9313
26.8265
24.7442
22.6702
20.615
18.5784
16.5532
14.5519
12.5771
10.6139
8.66503
6.74085
4.82183
2.89973
0.967865
95.9674
98.1295
95.4985
95.1819
101.05
99.4277
98.1941
94.9893
91.7417
89.3879
86.9022
84.4097
81.9156
79.4237
76.9493
74.5084
72.0533
69.6436
67.2526
64.8791
62.5211
60.1863
57.8852
55.5921
53.3114
51.0374
48.7548
46.4811
44.2361
42.0102
39.7774
37.5687
35.3957
33.2327
31.0701
28.9221
26.8246
24.7483
22.6743
20.6142
18.5764
16.5641
14.5694
12.5794
10.6098
8.66668
6.73387
4.81115
2.88914
0.969102
93.5844
99.6148
96.1462
92.46
98.2295
97.4297
97.3061
93.853
91.64
89.2643
86.8319
84.352
81.8592
79.4
76.9322
74.4809
72.0434
69.635
67.2463
64.879
62.5214
60.187
57.8883
55.5812
53.3012
51.0321
48.754
46.4825
44.2339
42.0107
39.7797
37.5748
35.4107
33.2387
31.058
28.9046
26.8024
24.7399
22.6758
20.6128
18.5776
16.5793
14.588
12.5807
10.6046
8.67014
6.73683
4.79969
2.87453
0.959305
105.62
110.024
101.794
99.8278
103.183
96.6917
97.1421
94.0498
91.7213
89.313
86.8525
84.3676
81.8714
79.3972
76.9285
74.4782
72.0433
69.6379
67.2502
64.8888
62.5322
60.1965
57.8892
55.5755
53.2865
51.0161
48.7512
46.4848
44.2374
42.0157
39.7906
37.5899
35.4176
33.2389
31.0526
28.898
26.7961
24.732
22.677
20.6131
18.5786
16.5894
14.6037
12.5904
10.6038
8.666
6.73168
4.78946
2.86909
0.959204
105.925
123.114
100.593
129.007
100.776
98.175
98.3012
95.0409
91.863
89.4661
86.9478
84.43
81.9331
79.4347
76.9469
74.4999
72.0504
69.6557
67.2753
64.8944
62.5393
60.1999
57.8815
55.5761
53.2775
51.0025
48.7404
46.4867
44.245
42.0186
39.8051
37.603
35.4144
33.2308
31.0565
28.9045
26.7921
24.716
22.6555
20.6119
18.5843
16.5924
14.607
12.6054
10.6111
8.65649
6.71818
4.78641
2.86972
0.958521
108.87
98.596
102.372
101.169
104.153
100.074
99.3999
95.7238
92.225
89.6763
87.0888
84.5063
81.9673
79.4643
76.9715
74.5003
72.074
69.686
67.3003
64.8969
62.5417
60.2042
57.8742
55.5741
53.2824
50.9954
48.7307
46.4932
44.2559
42.0209
39.8089
37.6017
35.3956
33.2193
31.0626
28.9192
26.7927
24.7069
22.6538
20.6134
18.5944
16.5947
14.5997
12.6066
10.6213
8.65304
6.71209
4.78777
2.87213
0.958698
99.1359
95.7205
99.9899
99.8044
100.569
99.7495
99.7697
96.749
92.5123
89.8869
87.2158
84.614
82.0215
79.489
76.9926
74.5186
72.0806
69.6799
67.2792
64.9026
62.5575
60.2067
57.8824
55.5759
53.2891
51.0072
48.7303
46.4986
44.2498
42.0102
39.8092
37.5967
35.3893
33.2137
31.0718
28.9361
26.7989
24.7032
22.6546
20.62
18.5992
16.581
14.5762
12.5987
10.6284
8.6559
6.71303
4.79483
2.87825
0.953342
121.709
99.4754
106.839
100.399
102.468
101.699
99.9582
97.906
92.7051
90.0036
87.2839
84.6366
82.0505
79.5039
77.0108
74.5338
72.0984
69.6755
67.2604
64.9042
62.56
60.2065
57.8859
55.5785
53.2992
51.0215
48.7398
46.4935
44.2369
42.0021
39.8031
37.5884
35.386
33.2125
31.0729
28.9456
26.8098
24.7087
22.6605
20.6322
18.5989
16.5673
14.5559
12.5875
10.6253
8.65752
6.72042
4.80964
2.88714
0.951829
96.8233
100.368
96.7413
104.114
102.999
99.7623
100.087
98.8015
92.6945
89.9976
87.2741
84.6308
82.0487
79.5074
77.0223
74.5445
72.108
69.6794
67.2573
64.8957
62.5582
60.2014
57.8858
55.5886
53.3051
51.0354
48.7502
46.4888
44.2311
41.9953
39.7961
37.583
35.3795
33.2156
31.0763
28.9477
26.8205
24.7192
22.6628
20.6309
18.5913
16.5489
14.5412
12.5756
10.619
8.66126
6.73661
4.83297
2.89698
0.954923
97.0894
95.3678
133.639
107.372
101.728
101.375
100.34
97.4639
92.4845
89.8289
87.1829
84.5766
82.0296
79.4987
77.0046
74.5346
72.1019
69.6853
67.2591
64.8841
62.5395
60.1999
57.885
55.5973
53.3119
51.0338
48.7559
46.4852
44.2333
42.0067
39.7948
37.5726
35.3733
33.2212
31.0792
28.942
26.8257
24.7326
22.665
20.6236
18.5833
16.5461
14.5416
12.576
10.6155
8.66311
6.74287
4.83246
2.90091
0.964028
101.622
54.9883
101.778
98.0379
108.924
100.253
99.188
96.3777
92.1195
89.599
87.0304
84.4825
81.9711
79.4612
76.9599
74.5227
72.0852
69.6666
67.2718
64.8745
62.5302
60.1944
57.8825
55.5978
53.3111
51.038
48.7576
46.4821
44.2428
42.0118
39.7899
37.5691
35.3778
33.2276
31.0771
28.9312
26.8264
24.7441
22.6701
20.615
18.5783
16.5532
14.5518
12.577
10.6138
8.66496
6.74079
4.82178
2.89972
0.967866
96.5096
100.25
95.4931
95.3165
99.2239
99.3744
98.1955
94.9894
91.7415
89.388
86.9021
84.4097
81.9155
79.4236
76.9492
74.5086
72.0533
69.6433
67.2526
64.8791
62.521
60.1863
57.8851
55.592
53.3113
51.0373
48.7546
46.4811
44.2366
42.0102
39.7773
37.5686
35.3962
33.2327
31.07
28.9221
26.8246
24.7481
22.6742
20.6141
18.5765
16.564
14.5693
12.5792
10.6097
8.66661
6.7337
4.81107
2.88907
0.96901
101.182
100.586
96.1805
92.6038
96.9779
97.9232
97.2916
93.8529
91.6399
89.2642
86.8318
84.3519
81.859
79.4001
76.9321
74.4811
72.0433
69.635
67.2463
64.879
62.5213
60.1869
57.8883
55.5812
53.3012
51.032
48.7539
46.4826
44.2341
42.0106
39.7796
37.5748
35.4111
33.2386
31.0575
28.9046
26.8023
24.7398
22.6758
20.6127
18.5775
16.5792
14.5879
12.5806
10.6048
8.67009
6.73664
4.79961
2.87455
0.959237
96.7704
99.2576
97.9076
96.6787
96.7967
99.0964
97.9102
98.1239
97.604
99.2281
99.5602
98.1291
101.984
99.2444
99.5526
101.355
99.536
100.026
99.5307
100.594
99.4911
99.8261
101.034
99.9604
100.054
99.797
100.78
99.9208
100.021
100.312
100.012
101.878
100.042
100.231
100.033
100.196
101.131
100.298
100.509
100.217
101.124
100.275
100.43
102.566
99.612
101.685
100.724
100.553
99.6168
99.4097
99.2296
98.5106
100.167
99.392
99.085
98.5059
98.2451
98.9354
97.6796
98.2138
98.2066
97.5006
97.6823
97.2325
95.5419
96.6287
97.8131
97.2336
95.5407
96.5725
96.7992
98.9967
97.9169
96.6475
96.8084
99.1251
97.9177
98.1286
102
99.2509
98.02
98.1233
105.061
99.2591
99.5569
99.9341
99.5401
100.047
99.5469
99.736
99.5344
99.8002
101.018
99.9139
99.6841
99.7903
100.836
99.9258
100.052
100.182
99.9943
101.915
100.023
100.024
100.042
100.134
101.158
100.405
100.344
100.144
101.021
100.276
100.77
100.545
99.594
101.367
100.585
99.1058
99.5825
99.3772
99.0502
98.5192
100.229
99.3659
99.2052
98.5165
98.238
98.1985
97.6823
100.243
98.2389
97.9523
97.6847
97.2301
95.5512
96.6889
97.7873
97.2235
95.6844
96.6418
96.8019
99.1923
97.9151
97.1488
96.7644
99.5484
97.9155
98.1223
105.182
99.2744
98.6959
98.1135
105.283
99.27
99.5611
99.8258
99.6234
100.188
99.561
99.732
99.5824
99.8608
101.139
99.9122
100.155
99.8842
100.89
99.9085
100.041
99.945
100.018
101.408
100.014
99.8399
100.048
100.169
101.023
100.347
104.19
100.162
101.126
100.302
100.696
99.1767
99.6144
101.937
100.317
99.5826
99.6096
99.3895
98.5201
98.533
100.325
99.3763
98.6288
98.5166
98.2344
98.1648
97.6854
101.89
98.2287
98.8641
97.6794
97.2249
95.748
96.6381
98.303
97.2204
98.8247
96.6055
97.7096
87.6373
101.364
106.945
96.7854
92.415
100.598
96.9916
96.6701
96.8944
96.5332
97.0286
97.2559
96.544
95.749
98.3669
96.0705
97.1385
95.7568
98.2732
96.0778
98.0898
102.564
89.7841
101.569
98.2639
101.211
90.5863
98.7269
98.4693
106.443
100.332
98.4614
108.862
98.7793
96.3685
99.2161
96.8017
98.2959
96.3655
99.2333
96.8107
102.112
101.652
111.934
99.4981
101.204
101.574
104.759
99.6399
99.9779
105.081
100.227
99.9836
104.877
99.8056
96.8559
99.4839
97.8985
99.4066
96.8586
99.4302
97.7701
101.935
99.1057
100.231
101.332
100.404
101.224
99.7294
100.187
100.267
103.436
100.153
100.039
101.579
101.014
98.5293
100.104
99.6034
99.7669
98.4394
100.03
99.6393
96.8207
101.338
101.788
101.943
95.9311
102.711
100.505
99.7336
99.991
99.6207
101.942
99.9543
99.6121
99.8996
99.73
100.007
99.7694
99.9709
99.7731
99.9807
99.7589
100.656
101.855
100.749
100.655
100.774
101.612
101.719
100.551
100.963
101.615
100.411
100.962
100.524
100.582
99.7874
100.188
99.813
100.088
99.7944
100.162
99.8551
102.218
127.183
111.785
107.84
101.336
106.224
105.82
100.951
100.885
102.02
101.364
100.89
102.104
101.023
99.6536
99.5502
98.4673
100.385
99.6987
99.5521
98.3403
139.428
102.035
108.808
107.489
120.252
107.844
110.385
99.4116
102.287
100.793
100.622
103.875
105.084
99.0498
97.7051
98.3965
96.3959
99.1887
97.5606
98.3913
96.3974
102.927
101.023
98.1558
100.484
102.534
98.6571
97.9805
98.0926
98.242
110.337
98.3991
98.2318
114.218
98.1352
96.0731
97.7576
95.6668
98.195
96.0768
97.7933
95.677
98.2656
104.69
97.8567
100.821
98.2124
103.793
97.0706
96.6241
97.661
101.34
103.193
97.5931
96.4375
96.7079
95.5348
96.9919
95.5711
97.2977
95.54
96.8325
95.5787
97.818
96.9893
101.971
105.085
95.8411
145.536
98.8143
96.938
96.46
96.9755
96.554
96.984
97.0376
96.4354
95.7569
98.2769
96.0756
97.1384
95.7574
98.264
96.0752
97.9192
106.557
94.8678
100.612
98.139
102.798
110.687
98.4273
98.3213
104.785
99.0869
98.3655
98.3329
107.006
96.3629
99.2358
96.8086
98.3027
96.3627
99.232
96.8094
100.767
101.023
102.907
104.721
100.834
100.516
100.538
100.584
99.9505
101.558
100.19
101.365
99.967
102.892
96.8546
99.465
97.7587
99.3977
96.8547
99.427
97.7591
100.834
100.865
100.024
100.63
96.4874
100.536
102.031
100.225
100.063
101.952
99.5161
100.203
100.069
101.485
98.4229
100.051
99.6423
99.7822
98.4216
100.053
99.6491
95.6455
103.652
101.706
100.971
93.3116
101.005
101.668
99.7755
99.9175
99.3507
102.033
99.7465
99.9117
100.192
99.7807
100.003
99.7508
99.9752
99.7804
99.996
99.7598
102.366
101.175
101.327
101.006
100.789
101.528
102.173
100.583
100.95
101.451
101.384
100.622
100.975
100.85
99.7834
100.165
99.8579
100.144
99.7525
100.192
99.8456
101.241
101.378
96.8703
100.806
101.25
100.783
96.9806
100.917
100.872
101.66
101.356
100.926
100.892
102.079
99.6981
99.5591
98.3419
100.317
99.7023
99.5646
98.3352
112.631
109.651
100.761
109.727
102.08
108.933
101.635
98.8281
98.9817
102.372
100.226
98.7619
99.0669
101.232
97.5476
98.3887
96.3938
99.1796
97.5499
98.388
96.3934
102.132
99.1184
97.1341
99.3701
101.824
98.3641
99.8209
97.9286
98.2403
104.423
98.9883
97.8017
98.2097
104.775
96.073
97.8066
95.6757
98.1948
96.0728
97.8011
95.6756
98.441
104.373
96.9649
98.2704
100.107
105.831
105.432
96.5747
97.6427
95.5555
97.6204
96.57
97.6543
95.8145
95.5372
96.9051
95.5792
97.3022
95.5373
96.8704
95.5791
95.0723
145.052
97.688
102.494
102.897
148.489
98.5781
96.8622
96.3299
96.9788
96.6331
96.859
97.1769
96.2902
95.758
98.2691
96.077
97.235
95.7496
98.3738
96.0699
100.582
102.726
110.702
115.213
99.8405
105.519
118.46
98.5317
98.3389
100.073
98.4652
98.5287
98.3494
99.778
96.3645
99.2296
96.8118
98.2746
96.367
99.2106
96.803
100.654
96.996
102.993
101.368
101.119
97.1881
106.09
99.6994
99.9581
100.656
100.09
99.7219
99.9565
100.762
96.859
99.4642
97.7696
99.4031
96.8564
99.482
97.8963
96.3668
100.551
100.716
100.628
97.4583
102.882
100.239
100.503
100.147
101.682
99.9646
100.462
100.29
101.782
98.4338
100.059
99.6409
99.81
98.5394
100.072
99.604
94.8684
100.931
99.5218
101.176
94.1507
100.881
104.832
99.7141
99.9291
100.012
105.796
99.725
99.9445
100.923
99.7705
99.9823
99.7696
99.9617
99.7303
100.033
99.7716
101.138
101.333
101.1
100.122
113.577
101.306
101.064
100.596
100.683
100.953
103.436
100.542
100.794
100.977
99.758
100.166
99.841
100.108
99.7892
100.181
99.8122
101.374
93.5
96.9622
101.786
104.021
92.9806
97.3896
100.908
100.909
101.975
101.386
100.917
100.911
101.42
99.6947
99.5574
98.3482
100.32
99.6539
99.554
98.4554
101.637
111.733
98.9401
112.781
101.627
110.738
101.191
99.1257
99.1801
100.537
100.315
98.9276
99.1836
100.497
97.5602
98.39
96.3969
99.2281
97.7066
98.3939
96.394
108.237
97.9905
100.183
100.218
118.582
97.4941
100.214
97.5896
98.2306
89.7328
99.6439
97.4042
98.2167
113.814
96.0767
97.7985
95.6772
98.1926
96.0724
97.7565
95.6667
100.509
107.775
106.498
105.087
98.8184
104.219
106.6
96.6603
97.722
107.833
101.364
96.6766
97.7089
100.416
95.54
96.8885
95.5794
97.2563
95.5344
96.9447
95.5723
97.0952
96.6832
97.1978
96.7882
97.1845
97.0924
96.6881
97.733
99.8404
98.1853
99.5199
99.8349
98.132
98.5026
97.6114
97.4625
97.9082
97.8903
97.4849
97.9062
97.6176
96.9968
96.5181
96.4819
96.9051
96.8861
96.9692
96.5539
97.0985
96.823
96.6876
97.2203
97.2248
97.093
96.69
97.7214
99.051
101.418
98.0893
99.5132
98.1501
98.0013
97.6076
97.8968
97.4831
97.9144
97.4881
97.9052
97.6051
98.2712
98.3198
98.3678
98.1302
98.301
98.3722
98.268
98.4835
94.6397
99.7079
102.073
94.6795
99.6851
98.4572
98.7915
98.838
99.4303
99.2278
98.8396
99.3882
98.8233
98.3772
100.991
98.3528
97.142
98.6377
99.9953
98.3392
98.3022
98.1307
98.3037
98.3697
98.3002
98.3703
98.2751
98.5116
104.952
95.0121
99.8026
95.0056
99.7448
98.7735
98.8183
99.2479
98.8407
99.38
98.8405
99.3687
98.8218
99.7104
99.699
99.6167
99.5289
99.6659
99.6037
99.7712
100.598
109.448
99.1817
100.795
104.57
99.1861
100.666
100.19
99.8918
99.7057
99.5084
99.9275
99.7073
100.162
99.5113
100.461
99.9487
101.507
99.9717
110.29
99.5535
99.7164
99.5703
99.6661
99.5875
99.7606
99.6264
99.734
100.689
100.335
104.637
99.1794
105.19
99.1796
100.425
100.198
99.5401
99.9358
99.7283
99.8584
99.7081
100.173
100.07
99.9826
99.776
99.8005
99.9231
99.7795
100.272
100.095
102.531
99.9677
101.252
102.16
100.075
100.088
100.175
99.9173
99.9809
99.9529
99.9275
99.9979
100.19
100.149
99.7666
100.057
101.889
100.054
101.6
100.178
100.081
99.8006
99.9218
99.7526
99.9182
99.7845
100.077
100.033
100.926
102.072
100.094
102.124
100.094
100.052
100.168
99.9286
99.9123
99.9841
99.9526
99.9825
100.16
100.1
100.102
100.038
100.018
100.102
100.009
100.127
100.315
100.31
100.16
100.294
100.311
100.145
100.31
100.053
100.019
100.205
100.013
100.025
100.21
100.081
99.7535
101.833
99.9229
99.4671
99.9518
99.5717
99.7766
100.067
100.106
100.088
100.006
100.134
100.015
100.051
100.263
100.269
100.305
100.134
100.308
100.187
100.261
100.046
100.096
100.003
100.174
100.138
100.166
100.069
100.311
100.293
100.163
100.164
100.292
100.169
100.356
100.816
101.053
100.731
101.128
100.765
100.673
100.815
100.481
100.359
100.504
100.311
100.354
100.501
100.488
100.558
100.388
100.955
100.407
100.958
100.429
100.535
100.309
100.147
100.284
100.157
100.296
100.187
100.331
100.815
101.123
100.886
100.678
101.053
100.672
100.819
100.508
100.299
100.324
100.507
100.346
100.512
100.478
100.469
100.565
100.262
100.557
100.542
100.263
100.537
101.364
105.47
99.7101
105.034
103.975
100.06
101.404
100.409
100.196
99.5997
99.626
100.224
99.6029
100.462
100.949
101.368
100.847
102.268
100.859
102.175
100.939
100.475
100.434
100.553
100.246
100.576
100.252
100.505
101.441
102.005
102.801
99.48
103.097
99.5249
101.193
100.453
99.638
100.237
99.5992
100.347
99.5998
100.444
99.1707
99.5946
99.0695
99.4013
99.5832
99.0615
99.2719
98.9671
99.7904
98.6791
99.2302
99.4062
98.5429
99.1747
98.9842
98.7749
98.5532
98.5073
98.7596
98.4667
99.0334
99.3287
104.935
99.0595
101.093
99.6449
100.913
99.0344
99.1725
99.3934
99.5765
99.0568
99.5737
99.061
99.1755
98.9743
99.1871
99.3557
98.5334
99.2199
98.5254
99.028
98.9821
98.5561
98.7607
98.4848
98.7673
98.4683
98.9677
98.0652
98.0981
98.1887
98.2199
98.1013
98.1892
98.0621
91.9711
100.561
97.9112
100.579
100.274
97.6715
94.1243
97.5299
97.8264
97.5923
97.6872
97.8377
97.5909
97.6783
98.26
98.3502
98.2429
104.008
98.2359
103.508
97.9016
98.1919
98.3062
98.0648
98.1916
98.1121
98.1995
98.3843
102.744
97.4896
100.338
97.7469
100.392
97.6991
100.406
97.4164
97.6865
97.842
97.812
97.835
97.7615
97.7139
96.9195
97.2503
96.8125
97.2373
97.2586
96.798
96.9203
96.4461
96.2584
96.5823
95.4916
95.9821
96.6037
96.159
96.6271
96.7656
96.438
96.5925
96.748
96.6263
96.4359
96.6433
101.303
97.4926
96.3651
97.6285
96.4167
96.6424
96.9314
97.2366
97.2005
96.8054
97.2777
96.7964
96.9263
96.4668
95.5364
96.2706
96.0787
95.9648
96.4105
96.1311
96.6284
96.8289
96.778
96.433
96.757
96.6275
96.457
97.0897
96.6881
97.218
96.8078
97.0929
97.2001
96.6922
97.8444
99.1285
98.13
99.0781
97.9766
98.9631
98.1579
97.5955
97.4668
97.9172
97.9163
97.6014
97.4609
97.9196
96.9112
96.5634
96.3628
97.0217
97.0416
96.8702
96.404
97.091
96.8001
96.6938
97.2537
97.2129
97.101
96.6908
97.6931
99.1061
98.5393
98.0841
98.794
98.1429
97.5087
97.5948
97.9174
97.4688
97.9165
97.4804
97.9155
97.5802
98.3105
98.306
98.3698
98.1262
98.295
98.2977
98.3711
99.362
94.5431
99.8428
105.85
98.8402
100.248
99.8527
98.8902
98.841
99.409
99.2516
98.8457
98.8413
99.4321
98.4643
98.1774
98.3343
100.059
98.332
99.8693
98.5201
98.3184
98.1248
98.302
98.375
98.2982
98.3738
98.3219
99.0094
105.897
108.269
99.9411
116.118
99.8872
99.0682
98.8727
99.2558
98.8421
99.4797
98.8422
99.4577
98.9067
99.7236
99.6636
99.5836
99.5455
99.7345
99.6876
99.594
101.006
104.39
99.2319
101.12
100.478
104.235
99.2144
100.246
99.9065
99.7129
99.5067
100.428
99.8729
99.7026
100.731
100.035
99.9891
100.712
100.039
102.769
101.06
100.272
99.5437
99.6204
99.61
99.6479
99.5691
99.6948
99.9349
99.7223
103.73
99.2105
103.805
99.221
100.072
100.229
99.5465
99.9098
99.7071
99.8112
99.7023
100.234
100.089
99.9339
99.7551
99.7975
100.077
99.9362
99.7768
100.221
101.877
100.158
100.891
100.336
101.846
100.157
100.085
99.8974
99.9937
99.9191
100.967
99.9479
99.9764
100.303
99.4971
100.234
101.724
100.093
101.562
100.403
100.142
99.8249
99.9791
99.7413
99.9715
99.8048
100.105
100.078
100.876
101.705
100.163
101.727
100.195
100.096
100.111
99.9237
99.9069
99.9941
99.9091
99.9765
100.158
100.041
100.124
100.01
100.009
100.063
100.082
100.005
100.271
100.304
100.135
100.13
100.261
100.301
100.164
100.029
100.046
100.173
99.9787
100.032
100.028
100.175
99.8204
101.962
99.9028
99.653
99.9045
99.9942
99.7264
100.047
100.049
100.093
100.014
100.093
100.003
100.024
100.269
100.08
100.217
100.13
100.252
100.138
100.253
100.046
100.046
100.026
100.18
100.029
100.17
100.024
100.326
100.276
100.178
100.144
100.328
100.327
100.176
100.849
100.869
100.673
101.224
100.842
100.904
100.717
100.484
100.336
100.504
100.365
100.487
100.307
100.504
100.475
100.806
100.706
100.88
100.882
100.864
100.466
100.322
100.211
100.292
100.18
100.285
100.146
100.318
100.846
101.071
100.898
100.844
100.867
100.651
100.838
100.484
100.28
100.346
100.496
100.3
100.511
100.512
100.505
100.556
100.301
100.649
100.5
100.557
100.288
101.017
102.696
99.4819
99.0773
101.055
102.654
99.4722
100.433
100.223
99.6006
99.5945
100.438
100.195
99.6026
100.917
101.373
100.9
101.716
100.898
101.8
100.929
100.502
100.571
100.533
100.236
100.573
100.233
100.515
100.982
99.0846
102.365
99.463
102.648
99.4634
100.968
100.501
99.6023
100.196
99.6192
100.229
99.6164
100.444
99.1768
99.5954
99.0429
99.3863
99.1828
99.585
99.0463
98.9538
99.2253
98.5413
98.9072
99.0047
99.2783
98.5498
98.9715
98.7745
98.4599
98.5137
98.9689
98.7707
98.4696
98.8596
100.321
99.1604
100.5
99.1068
100.55
98.8963
99.1774
99.3662
99.5817
99.0609
99.6172
99.0761
99.2058
98.9154
98.8351
99.3745
98.5462
99.3103
98.5522
98.9085
98.9748
98.5241
98.775
98.4905
98.7834
98.5002
98.9619
98.0918
98.0689
98.1922
98.2916
98.0607
98.1012
98.1918
100.91
100.328
97.8527
98.4733
100.628
100.857
97.6772
97.7461
97.8355
97.6482
97.6842
97.8509
97.8543
97.7477
98.4416
98.7268
98.1514
114.535
98.2893
110.528
98.5976
98.0081
98.2449
98.0319
98.1856
98.0891
98.1898
98.0832
100.603
98.0335
99.3577
97.6594
101.08
97.6844
100.986
97.6993
97.6852
97.8429
97.6699
97.8508
97.6682
97.6741
96.941
97.1885
96.8118
97.2258
96.9345
97.1811
96.8166
96.407
96.2457
96.0723
95.5793
96.4052
96.2191
96.0689
96.6316
96.7856
96.436
96.6532
96.6306
96.7908
96.4419
96.6016
97.6658
97.7359
95.5107
97.7528
95.7606
96.639
96.9578
97.2234
97.1635
96.8112
97.1716
96.8135
96.9633
96.4009
95.6309
96.1078
96.0488
96.1529
96.4416
96.0637
96.6306
96.6286
96.7932
96.4349
96.7929
96.6326
96.4329
97.1039
96.6973
97.2386
96.7866
97.101
97.2418
96.7001
97.9567
98.4548
98.0332
99.0633
97.3905
98.5276
98.1573
97.5581
97.4563
97.9161
97.9062
97.5467
97.4974
97.9159
97.017
97.6996
96.2154
97.1146
97.0795
96.9794
96.3094
97.1018
96.7705
96.6997
97.2005
97.2032
97.1048
96.7014
97.7259
99.4497
99.6233
98.1318
98.8789
98.1268
97.7565
97.5551
97.8975
97.4573
97.918
97.4838
97.9101
97.5556
98.3376
98.3037
98.376
98.1218
98.3204
98.3037
98.3766
99.1599
107.458
99.9394
105.032
99.0471
107.318
99.8216
98.9776
98.8435
99.5099
99.2691
98.9528
98.843
99.5438
98.5773
98.8557
98.3859
103.043
98.4219
99.9328
98.6083
98.3442
98.1214
98.3117
98.3736
98.3006
98.3774
98.3367
99.3002
104.995
108.01
99.9395
107.19
100.154
99.0806
99.0018
99.2706
98.8429
99.6542
98.8434
99.5741
99.0253
99.6719
99.627
99.5898
99.5375
99.6718
99.6507
99.6011
100.157
103.924
99.2075
99.4383
100.005
100.587
99.2
100.419
100.065
99.7048
99.5093
100.384
100.049
99.7238
99.967
100.168
100.073
100.779
99.9754
100.749
99.84
99.6128
99.539
99.6946
99.6236
99.6636
99.6633
99.6671
100.014
99.9448
101.954
99.2476
100.741
99.1934
100.414
100.248
99.5117
99.9999
99.7105
99.9896
99.7117
100.244
100.123
99.9832
99.7476
99.8076
100.137
99.9927
99.7451
100.268
101.507
100.187
100.821
100.149
101.533
100.178
100.2
99.96
100.001
99.9435
100.198
99.9257
99.9883
100.54
99.9997
100.301
101.952
100.267
101.856
100.737
100.121
99.8077
99.9967
99.7647
99.985
99.7564
100.125
100.231
100.958
101.644
100.208
101.272
100.213
100.241
100.118
99.914
99.9364
100.019
99.932
99.9923
100.147
100.023
100.09
100.024
99.9926
100.02
100.085
100.021
100.264
100.174
100.119
99.9009
100.265
100.168
100.13
100.105
100.032
100.212
100.022
100.05
100.011
100.191
99.6862
101.348
99.9786
97.5842
99.985
97.5805
99.7945
100.022
99.9957
100.099
100.018
100.12
100.019
100.087
100.285
99.8609
100.232
100.124
100.274
100.12
100.288
100.138
100.029
100.008
100.185
100.006
100.186
100.121
100.307
100.282
100.17
100.185
100.312
100.284
100.155
100.811
100.819
100.589
101.564
100.815
100.82
100.66
100.482
100.337
100.499
100.305
100.498
100.359
100.499
100.584
103.305
100.853
101.922
100.845
102.824
100.596
100.306
100.159
100.291
100.162
100.289
100.16
100.307
100.897
101.501
100.906
100.82
100.878
101.026
100.87
100.514
100.296
100.356
100.487
100.335
100.485
100.544
100.506
100.562
100.322
100.496
100.504
100.544
100.315
101.018
102.127
99.4662
99.5146
100.993
102.073
99.4921
100.453
100.223
99.6257
99.614
100.462
100.189
99.6273
100.9
101.655
100.964
101.96
100.941
101.696
100.904
100.533
100.522
100.547
100.282
100.553
100.279
100.524
101.014
99.3946
102.44
99.6311
102.376
99.5217
101.21
100.455
99.6049
100.234
99.635
100.197
99.6117
100.557
99.2191
99.5875
99.0753
99.3893
99.211
99.5887
99.066
98.951
99.4548
98.5425
98.8802
98.9679
99.5248
98.5131
98.9803
98.7896
98.497
98.5107
98.9598
98.769
98.5128
98.955
100.276
99.2104
100.525
99.2148
100.529
98.9644
99.2213
99.3731
99.5901
99.0719
99.5847
99.0701
99.2317
98.9547
98.6029
99.4133
98.5587
99.4294
98.5818
98.9728
98.9875
98.5098
98.8
98.5456
98.7693
98.5146
98.9824
98.146
98.0491
98.1831
98.2754
97.974
98.2122
98.1788
101.61
99.1036
97.5715
98.0197
101.476
99.133
97.865
97.877
97.8494
97.6769
97.685
97.7274
97.8569
97.6702
97.1049
98.9234
98.2527
89.8772
98.2393
95.0282
97.085
98.0094
98.2282
98.1287
98.1746
98.1224
98.1758
97.9741
101.773
97.9433
100.324
97.8202
100.05
97.8389
101.729
97.6642
97.6864
97.8581
97.6665
97.857
97.6621
97.7772
96.9911
97.1592
96.8043
97.2255
96.9855
97.1551
96.7998
96.462
96.1722
96.0405
96.8016
96.4305
96.2235
96.0059
96.6355
96.7744
96.4438
96.6138
96.6371
96.7573
96.4409
96.8014
98.2334
97.8205
100.009
97.8047
99.5534
96.7225
97.0036
97.2254
97.2174
96.8088
97.1843
96.8011
97.0299
96.456
96.3385
96.7048
96.1616
96.1803
96.4387
96.0269
96.6355
96.6127
96.7758
96.4417
96.7523
96.6375
96.4424
99.8231
99.7531
99.8104
99.8203
99.7813
99.7788
99.8921
100.168
100.32
100.155
99.987
100.017
100.009
99.9996
99.8095
99.7727
99.8078
99.7523
99.7847
99.7409
99.7837
100.134
100.333
100.132
99.9382
100.017
99.9175
100.036
99.7736
99.7707
99.8459
99.7299
99.783
99.7731
99.7899
100.135
100.318
100.146
99.9425
100.001
99.9559
100.035
99.9243
100.08
99.9559
99.8436
99.8974
99.891
99.9743
99.7627
99.8201
99.8085
99.729
99.7905
99.7801
99.7252
100.039
99.8923
99.9594
99.8266
99.8793
100.06
99.8321
99.9385
99.5588
99.9512
99.8541
99.5542
99.5542
99.8349
100.321
100.156
100.16
99.9702
100.043
100.021
99.9525
99.5696
99.9497
99.9933
99.8014
99.556
99.563
99.7793
99.9054
100.147
99.8937
99.8419
99.9007
99.8263
99.9136
99.7847
99.8002
99.7936
99.743
99.7835
99.7831
99.7532
100.065
99.8951
99.8973
99.8407
99.902
99.8822
99.8658
99.9355
99.5415
99.9294
99.7858
99.5562
99.8049
99.5543
100.395
100.114
100.142
100.035
100.031
99.9965
99.9583
99.5516
99.9358
99.9356
99.8323
99.5547
99.5565
99.8081
99.9033
100.092
99.8903
99.7621
99.9964
99.8606
99.8961
99.7592
99.8618
99.8338
99.7428
99.7804
99.7774
99.812
100.079
99.892
99.8979
99.8723
99.9091
99.8902
99.9206
99.9987
99.5469
99.9415
99.7713
99.5587
99.8499
99.5517
100.326
100.133
100.125
99.9859
100.011
99.9984
100.034
99.5487
99.9235
99.9169
99.8105
99.5558
99.5515
99.9014
98.9722
99.1752
98.9805
99.2998
99.4473
99.3021
99.4501
98.9722
99.2166
98.9795
99.2729
99.4451
99.2808
99.4401
99.8303
99.4195
99.8391
100.022
99.6498
100.025
99.6512
99.4612
99.8276
99.8464
100.021
99.6469
99.6504
100.016
99.1653
98.9709
98.9775
99.2959
99.4482
99.4499
99.289
99.0047
99.1956
99.0002
99.296
99.4319
99.4411
99.2832
99.8207
99.457
99.7985
100.02
99.6376
99.6458
100.009
99.4847
99.842
99.8001
100.022
99.6468
99.6469
100.022
99.1854
98.9792
98.9924
99.2985
99.4441
99.4419
99.303
99.9
99.4327
99.8125
100.01
99.642
100.012
99.6399
99.4432
99.8488
99.8215
100.007
99.6303
99.6394
99.9954
99.209
98.9968
98.9925
99.2673
99.427
99.4369
99.2543
98.3972
98.6698
98.6832
98.9615
98.6648
98.6518
98.9712
98.6707
98.3865
98.6672
98.9778
98.6701
98.9778
98.6742
98.3865
98.6639
98.6709
98.9796
98.6733
98.6738
98.9735
98.6744
98.3915
98.662
98.9584
98.6658
98.9691
98.6564
98.6833
98.3999
98.6708
98.9556
98.615
98.6371
98.9722
98.396
98.6818
98.6629
98.9545
98.615
98.6422
98.9746
99.5293
99.3986
99.5255
99.7466
99.3826
99.747
99.3772
99.5305
99.4029
99.5386
99.7149
99.3722
99.7315
99.3618
99.4123
99.5338
99.536
99.7311
99.3774
99.3691
99.7386
99.3987
99.5263
99.5274
99.7464
99.3731
99.378
99.738
99.5388
99.4161
99.5371
99.724
99.336
99.3531
99.7082
99.4079
99.545
99.5429
99.6997
99.332
99.3508
99.6881
101.028
121.007
101.831
97.0363
113.795
127.844
127.399
103.527
102.206
103.735
120.468
107.443
101.222
107.156
100.562
100.816
103.891
110.225
99.2871
100.974
106.279
98.9162
103.786
99.6684
99.8048
99.6531
104.072
100.484
102.042
107.551
103.033
100.385
104.575
107.926
102.772
99.981
99.5243
100.324
99.2913
100.492
99.7976
100.36
95.2387
97.9327
95.2357
98.785
95.2387
97.9271
95.2358
99.9035
99.8757
99.8115
99.7927
99.9006
99.8728
99.8201
99.9048
99.8028
99.8622
99.796
99.8798
99.8207
99.8905
95.2335
98.0539
95.2259
98.8616
95.2411
97.967
95.2369
95.241
97.9391
95.2369
98.8783
95.2332
98.0563
95.2255
99.8871
99.6931
99.8856
99.8095
99.842
99.7468
99.9069
99.8898
99.8718
99.7874
99.693
99.8956
99.8436
99.7677
95.2342
98.7969
95.2069
97.8861
95.2344
98.8115
95.2069
99.8156
99.785
99.8238
99.7819
99.8219
99.774
99.8306
99.8121
99.7785
99.7625
99.8257
99.774
99.8317
99.8089
95.235
98.8483
95.209
98.0105
95.2251
98.8974
95.1996
99.8014
99.7595
99.8391
99.6797
99.8159
99.7133
99.8016
95.2255
98.9006
95.2007
97.9094
95.235
98.8246
95.2099
99.8147
99.6935
99.7612
99.835
99.7278
99.808
99.8204
99.8936
99.8527
99.8306
99.7195
99.8402
99.7348
99.9137
99.8982
99.7277
99.8561
99.8232
99.8446
99.7508
99.9148
99.8162
99.7187
99.8221
99.814
99.6893
99.804
99.8349
99.8256
99.8333
99.8196
99.7258
99.7195
99.8102
99.8361
98.1383
98.194
98.1421
97.681
98.0032
97.685
98.0043
98.1939
98.1417
98.1434
97.6832
98.0064
98.0084
97.6862
98.1352
98.1981
98.1345
97.7009
97.9957
97.681
97.9846
98.1959
98.1333
98.1194
97.6937
98.0003
97.9895
97.6984
98.1995
98.1362
98.1289
97.7233
97.9584
97.9748
97.7899
98.1243
98.198
98.1162
97.7122
97.9571
97.9748
97.7701
99.2348
98.9019
98.9035
98.2483
98.684
98.6813
98.2512
98.9069
99.2339
98.9063
98.2485
98.685
98.2529
98.6797
99.8881
99.8406
99.9321
99.8495
99.8876
99.8486
99.9317
98.8962
99.2274
98.8889
98.2823
98.6952
98.2649
98.7118
99.8798
99.8259
99.8287
99.9365
99.7923
99.9279
99.8887
99.8841
99.853
99.82
99.93
99.8335
99.9353
99.8762
99.8804
99.8159
99.9325
99.8315
99.8784
99.8119
99.929
99.8852
99.8233
99.9311
99.832
99.7801
99.9302
99.893
99.7781
99.7738
99.7872
99.7785
99.7787
99.774
99.7894
99.7758
99.7792
99.7737
99.7795
99.7741
99.7843
99.7743
99.2226
98.8744
98.8816
98.3119
98.7546
98.7325
98.3755
99.8917
99.8328
99.8249
99.9319
99.8014
99.931
99.8956
98.8759
99.2274
98.8891
98.3162
98.7564
98.7323
98.3714
99.2299
98.9091
98.9011
98.2877
98.6942
98.712
98.2653
99.7791
99.7619
99.7747
99.7794
99.773
99.7618
99.7811
99.7746
99.7737
99.7743
99.7617
99.7738
99.7721
99.7644
99.789
99.7725
99.7781
99.7541
99.7751
99.7559
99.7881
99.7855
99.7534
99.7715
99.7656
99.774
99.7554
99.7858
94.7807
97.4678
94.9928
96.7494
94.7808
97.4685
94.9933
99.7708
99.4156
99.7861
99.6452
99.7711
99.4195
99.7865
99.7706
99.6457
99.4166
99.7885
99.4174
99.7875
99.7707
94.7816
97.4844
94.9943
96.7656
94.7716
97.5979
94.9834
99.771
99.4116
99.7897
99.6342
99.7706
99.4048
99.7901
94.7702
97.5957
94.9821
96.7455
94.7804
97.4794
94.9931
99.7727
99.6342
99.4102
99.7864
99.4034
99.7877
99.7717
95.0188
96.5781
94.7509
97.4496
95.019
96.578
94.7506
99.8143
99.7049
99.8042
99.4408
99.8041
99.4492
99.8154
95.0088
96.6033
94.7401
97.4628
95.0194
96.5802
94.7516
99.8171
99.687
99.806
99.4344
99.8102
99.4283
99.8169
99.8138
99.804
99.4392
99.7045
99.8152
99.804
99.443
95.0189
96.5781
94.7505
97.5875
95.0076
96.6008
94.7388
99.775
99.381
99.7848
99.6248
99.3931
99.7903
99.766
99.7738
99.6242
99.3822
99.7868
99.3941
99.7925
99.7664
99.8167
99.8055
99.4342
99.6918
99.8167
99.8075
99.4302
99.8225
99.8035
99.4055
99.6696
99.8112
99.4162
99.8125
99.82
99.6756
99.8023
99.4063
99.8085
99.4161
99.8129
102.068
101.207
102.679
100.912
102.043
104.495
103.881
99.7175
98.4196
99.6524
98.7408
99.6511
98.738
99.7165
99.6227
98.7874
99.4802
98.3354
99.6217
98.7798
99.4798
99.6231
98.3418
98.7854
99.4777
98.7781
99.4816
99.6229
99.7136
99.6461
98.7474
98.4531
99.7153
99.6391
98.7568
99.6181
98.3514
98.7983
99.4737
98.8128
99.4676
99.6198
99.7177
99.6508
98.7426
98.4201
99.7168
99.6514
98.7381
99.6191
98.7958
99.474
98.3336
99.621
98.8074
99.4623
99.7117
98.4605
99.6386
98.7826
99.6285
98.7686
99.6995
99.7138
98.4368
99.6445
98.7493
99.6365
98.7565
99.7148
99.6158
98.8465
99.4774
98.3518
98.8306
99.4518
99.6016
99.6159
98.353
98.8483
99.4702
98.8257
99.4609
99.6041
99.7111
99.6344
98.7812
98.4597
99.6398
98.767
99.6983
101.229
96.8032
98.1674
92.5811
98.0366
129.364
98.0583
100.257
97.5326
99.866
95.2652
99.2369
97.4964
96.869
118.948
102.088
109.085
102.54
114.537
98.9806
108.777
97.0898
103.03
95.9039
96.2806
97.4344
99.4774
95.7688
103.127
107.77
101.341
104.374
101.745
109.749
101.674
130.71
102.904
109.842
98.2784
117.87
99.6286
109.024
97.7721
97.6531
97.6883
97.0747
96.919
96.8291
97.1605
97.8082
97.7271
97.7302
97.0378
96.7717
96.7659
97.051
97.7156
97.8178
97.7906
97.1435
96.7687
97.0332
96.7614
97.7351
97.7877
97.6996
97.0245
96.7793
97.0815
96.7941
97.7961
97.8333
97.7268
97.1317
96.7826
96.7895
97.1294
97.6686
97.787
97.6911
97.1495
96.9181
96.8195
97.251
99.6317
95.3416
104.628
113.934
98.1747
92.3081
100.189
102.567
101.494
105.104
101.036
103.254
101.777
102.638
101.717
99.9354
100.37
99.5972
98.9622
99.6146
100.564
94.4447
96.5607
94.4868
95.7224
94.4449
96.5619
94.4872
100.508
91.9609
100.505
101.696
100.267
88.3197
104.751
99.13
97.3483
99.2984
97.7593
99.1292
97.3469
99.2966
99.1289
97.7571
97.3491
99.2986
97.3479
99.2972
99.127
94.4348
96.572
94.4765
95.7233
94.4442
96.5639
94.4872
99.1213
97.7841
97.3544
99.2951
97.3606
99.2862
99.1266
94.4451
96.5644
94.4882
95.724
94.4357
96.573
94.4775
99.1216
97.3546
99.2934
97.7823
99.1252
97.3622
99.2866
99.1132
97.4522
99.2526
97.8203
97.3814
99.2704
99.1054
99.1134
97.8187
97.4543
99.2515
97.3829
99.2709
99.1031
94.4044
95.4333
94.1987
96.3746
94.4047
95.4331
94.1988
98.6952
99.219
96.9219
97.5468
98.6941
99.2183
96.9221
98.6967
97.5442
99.2175
96.9219
99.2184
96.9218
98.6927
94.3941
95.4373
94.1875
96.3773
94.4044
95.434
94.1992
94.4049
95.4337
94.1992
96.3856
94.3942
95.4372
94.1875
98.6762
97.5774
99.2153
96.9294
99.2093
96.9372
98.6881
98.676
99.2158
96.9292
97.5819
98.6888
99.2033
96.9371
98.6606
99.172
97.0553
97.6172
99.1961
96.9632
98.6385
98.6603
97.6184
99.1711
97.0543
99.1904
96.9631
98.6365
98.3028
98.4175
98.418
97.9007
97.3482
97.3486
97.9008
98.4193
98.3015
98.4184
97.8991
97.3516
97.8979
97.3497
98.4156
98.2988
98.4137
97.9103
97.3522
97.9056
97.3541
98.2931
98.4214
98.4217
97.9169
97.358
97.3604
97.9039
98.2883
98.3988
98.4065
97.937
97.4111
97.3749
98.0031
98.4003
98.2863
98.4137
97.946
97.4147
97.3787
98.003
104.867
135.839
104.383
97.5427
104.877
100.486
102.764
97.2488
97.3079
97.2522
96.2949
96.3506
96.2959
96.3508
97.2862
97.2386
97.2264
96.3079
96.3558
96.3595
96.3025
97.3263
97.2715
97.2411
96.3218
96.4326
96.3792
96.323
97.2317
97.2795
97.2275
96.3117
96.3555
96.3057
96.3565
97.3075
97.241
97.2455
96.2972
96.3504
96.3498
96.2993
97.2666
97.3178
97.2473
96.3223
96.4304
96.3783
96.3192
104.216
107.453
101.66
101.879
101.87
107.508
101.037
105.839
102.109
103.03
102.679
103.995
101.604
106.323
100.619
101.263
101.313
105.753
117.378
117.286
105.351
98.6662
101.219
103.396
92.7946
96.1415
102.233
99.4668
98.5364
96.8536
97.953
97.2043
97.9484
97.2028
98.5416
98.0706
96.3971
96.7221
97.2702
96.7203
97.2911
98.062
98.5367
97.9511
97.2031
96.854
98.5421
97.9486
97.2032
98.0631
96.7188
97.257
96.393
98.0644
96.717
97.2502
98.0678
96.3929
96.7177
97.2538
96.7169
97.2505
98.0635
98.0642
96.7192
97.2685
96.3979
98.0713
96.7191
97.2857
98.572
96.8591
97.9616
97.2045
97.9782
97.2051
98.5606
98.58
97.9619
97.2071
96.8599
98.5554
97.9766
97.204
98.0814
96.7343
97.4089
96.4029
96.7315
97.3262
98.1592
98.0776
96.4031
96.7332
97.4026
96.7308
97.3262
98.1655
98.605
98.0886
97.206
96.8649
98.0129
97.2136
98.6718
98.6094
96.8654
98.092
97.2067
98.0093
97.2108
98.6784
97.7073
98.2696
97.7224
96.8563
97.1602
96.8659
97.1642
98.2632
97.7495
97.7674
96.847
97.17
97.1689
96.8479
98.2684
97.7233
97.7541
96.8651
97.1644
97.1678
96.8706
97.7089
98.2699
97.7378
96.8687
97.1698
96.8609
97.1673
98.2827
97.8596
97.7822
96.8714
97.1811
97.1788
96.8596
97.8723
98.284
97.7905
96.8663
97.1802
97.1794
96.8624
95.7793
81.8692
133.399
99.3753
96.8224
81.4081
163.641
96.9798
96.8267
96.9666
96.21
96.2417
96.2034
96.236
96.8238
96.9964
96.9727
96.2089
96.207
96.2
96.2197
97.083
96.8928
96.9965
96.2185
96.2215
96.2195
96.2006
96.9879
96.8705
96.9724
96.2075
96.2059
96.2016
96.2115
97.1475
96.9946
96.9855
96.2052
96.2131
96.2024
96.1821
96.8959
97.0875
96.99
96.2184
96.2147
96.2188
96.2217
101.988
100.425
100.456
100.522
113.262
109.136
101.025
97.5085
97.1176
97.474
96.6205
96.3158
96.6155
96.3149
98.6496
98.855
98.6302
96.4121
96.3951
96.4062
96.3834
97.1664
97.5306
97.546
96.6135
96.3127
96.6159
96.3069
98.8844
98.6272
98.6614
96.4029
96.3864
96.3766
96.4017
98.6131
98.6809
98.5911
96.3885
96.4102
96.4091
96.3974
98.6997
98.6787
98.5785
96.386
96.4017
96.4055
96.3917
98.6993
98.8626
98.6473
96.4186
96.4125
96.3559
96.3447
98.8566
98.6411
98.6551
96.4167
96.4109
96.3536
96.3502
97.5081
97.1366
97.5379
96.6198
96.3064
96.6272
96.3077
97.1203
97.4998
97.461
96.6309
96.3062
96.6348
96.3097
98.6567
98.6971
98.5994
96.4117
96.4224
96.3526
96.3494
98.7037
98.6722
98.6027
96.4175
96.4276
96.3488
96.3574
97.1564
97.6057
97.5324
96.6298
96.3118
96.6276
96.3163
97.6539
97.1651
97.5322
96.6249
96.3138
96.6292
96.3132
98.7844
98.7055
98.5825
96.4213
96.417
96.4212
96.4265
98.7092
98.7668
98.5954
96.4206
96.4145
96.4212
96.4241
98.7274
98.8187
98.588
96.446
96.4524
96.3658
96.3798
98.8425
98.7408
98.632
96.445
96.4531
96.3682
96.3788
97.0831
96.6573
97.6584
93.9355
97.4581
95.7047
97.2994
99.3222
95.6937
97.2651
94.7723
99.6738
95.7905
98.5738
98.2698
97.9453
98.2357
96.3772
96.3003
96.3687
96.2973
97.9599
98.2251
98.2452
96.3703
96.2975
96.2931
96.3687
97.9256
98.2781
98.2146
96.2993
96.3684
96.373
96.3005
98.2215
97.9279
98.2326
96.3008
96.3785
96.3757
96.3018
98.2271
97.9108
98.1991
96.3732
96.2665
96.3679
96.2614
101.593
100.608
103.308
101.06
103.405
101.073
101.632
97.9107
98.1888
98.2067
96.372
96.2662
96.2611
96.3724
98.2039
97.8976
98.2086
96.2693
96.3777
96.3734
96.2697
97.8974
98.2369
98.2163
96.2698
96.3718
96.3731
96.2702
98.4001
97.9555
98.2436
96.3837
96.3062
96.3152
96.384
97.9589
98.3985
98.2735
96.3805
96.3031
96.3123
96.3821
98.3908
97.9278
98.2655
96.3773
96.2669
96.2782
96.3788
97.9277
98.3631
98.2525
96.3775
96.2658
96.2772
96.377
114.296
99.4694
96.5093
100.95
129.189
98.7736
97.8185
97.0684
111.006
100.86
129.459
101.323
114.423
98.9411
99.7191
106.511
101.427
105.631
100.341
106.102
101.776
91.9891
99.2237
103.705
98.212
104.925
94.1304
97.2115
100.604
103.6
98.6069
96.4754
108.372
96.3142
96.6848
83.5955
89.9756
78.1023
52.7148
83.6667
89.2127
82.3393
105.214
109.807
104.717
104.304
94.701
97.2889
98.1393
99.2604
90.1227
91.7956
103.09
102.586
102.829
102.327
99.7466
94.5902
93.5689
98.2402
98.1088
97.1459
93.7922
100.441
98.2842
102.881
94.0184
102.915
99.2813
94.8555
99.1152
104.457
96.3885
108.995
105.389
96.6611
96.6698
101.163
103.089
101.144
105.821
117.386
105.683
117.685
125.66
108.632
111.136
142.91
126.279
107.59
102.433
110.527
91.4658
81.0499
68.2527
101.056
92.6505
80.8044
92.0407
100.078
110.383
101.002
110.454
112.916
115.696
97.1076
97.4726
97.1055
96.1605
96.159
96.0073
96.0078
97.4716
97.1098
97.1093
96.1603
96.1574
96.0051
96.006
97.1161
97.4869
97.1233
96.1642
96.165
96.0126
96.014
97.4898
97.117
97.1239
96.1631
96.1628
96.0102
96.0108
97.4517
97.0671
97.0595
96.2226
96.2225
96.0314
96.0314
97.066
97.4488
97.0638
96.2252
96.2238
96.0321
96.0331
97.5199
97.2288
97.1508
96.1629
96.1722
96.0204
96.0112
97.2288
97.5243
97.15
96.1612
96.1707
96.0186
96.0097
97.4805
97.0705
97.076
96.2298
96.2298
96.0388
96.0403
97.0736
97.4696
97.0716
96.2269
96.229
96.0361
96.0378
97.2032
97.5075
97.1025
96.2282
96.2373
96.0474
96.0371
97.5071
97.2012
97.1014
96.2258
96.237
96.0456
96.0354
93.9014
94.6926
93.6752
94.9889
93.9021
94.6927
93.6753
96.525
96.6045
96.0603
96.0722
96.5213
96.602
96.0611
96.5167
96.0722
96.6038
96.0613
96.6012
96.0617
96.5172
93.8905
94.6947
93.6641
94.9901
93.9011
94.6927
93.6756
93.9019
94.6925
93.6756
94.9925
93.8905
94.6947
93.6641
96.521
96.0779
96.6131
96.0622
96.6233
96.0603
96.5154
96.5283
96.6131
96.063
96.0775
96.5284
96.6231
96.0613
96.5327
96.7341
96.0544
96.0825
96.6499
96.0633
96.5434
96.528
96.0818
96.7336
96.054
96.6494
96.0642
96.5426
106.371
101.842
102.643
105.127
106.537
102.147
103.133
101.666
100.213
101.344
104.503
120.427
117.14
108.104
100.498
99.928
100.458
100.698
107.894
108.279
100.625
101.678
103.076
101.386
100.788
103.107
101.081
101.666
101.138
101.214
102.117
103.813
101.924
99.6148
101.002
106.072
101.317
104.308
101.154
101.19
101.366
106.163
106.318
100.635
103.513
103.022
102.227
102.078
107.77
101.158
101.455
101.322
105.32
115.97
117.43
105.337
93.9794
98.2563
98.7505
96.4583
95.7934
95.5114
98.8205
89.2672
100.626
100.947
99.4143
94.9145
95.3939
99.4045
101.248
100.771
108.347
101.029
101.691
101.019
103.439
100.705
100.627
100.486
100.331
105.924
106.321
100.532
106.463
102.499
102.502
100.647
106.456
102.1
101.243
101.406
102.654
101.365
105.554
116.712
111.265
124.498
106.314
100.261
102.083
105.358
102.077
101.489
106.273
103.263
101.525
108.324
104.061
106.63
104.292
101.484
96.379
98.0692
96.2065
97.4877
108.93
111.451
97.8863
99.3728
99.0994
103.896
104.88
96.9784
99.5657
106.987
100.81
101.422
101.427
104.845
79.0154
69.5555
110.515
89.6848
102.748
116.176
102.04
90.3263
102.334
103.813
97.4107
107.73
98.9141
115.512
102.227
96.1772
101.156
87.987
100.015
103.151
103.738
89.3252
102.025
96.8476
96.3505
97.5054
96.9518
96.9135
95.316
97.5375
103.639
95.7021
78.2819
116.802
99.2022
99.2034
68.0583
125.635
99.1168
99.518
103.906
98.2295
99.0338
97.5708
102.525
108.991
104.546
102.72
101.387
94.4024
94.201
102.763
105.015
115.293
99.0147
112.869
103.727
113.299
138.152
110.477
144.426
105.434
93.0193
105.208
96.2091
105.727
100.703
100.497
100.31
101.901
121.342
101.921
95.287
93.8578
95.368
94.1675
95.0401
93.8576
95.3673
94.1679
97.207
96.4888
97.679
96.8094
97.2097
96.4893
97.6775
97.2071
96.8095
96.4883
97.6806
96.489
97.6778
97.2094
110.688
100.782
103.347
106.243
102.179
100.817
103.212
93.8487
95.3709
94.1564
95.0412
93.858
95.3683
94.1678
93.8578
95.368
94.1679
95.0401
93.8483
95.3706
94.1561
97.211
96.8089
96.4906
97.6811
96.4884
97.6833
97.212
97.2101
96.49
97.6829
96.8104
97.2107
96.4881
97.6847
97.2138
96.4797
97.7034
96.8123
96.4912
97.6896
97.217
97.2137
96.8137
96.4803
97.7046
96.4915
97.691
97.2185
101.592
98.9594
102.844
100.903
102.582
100.869
101.564
96.9343
96.7469
96.9353
96.0063
95.9222
96.0059
95.9226
98.3722
96.162
99.8926
100.256
101.675
98.1882
99.9757
96.7469
96.9351
96.9349
96.0063
95.9222
95.9228
96.0062
96.9375
96.7474
96.9409
95.9253
96.0107
96.0097
95.9236
98.9895
104.722
99.3746
100.804
98.9789
100.927
98.8639
96.7499
96.9354
96.9384
95.9252
96.0097
96.0082
95.923
96.9676
96.7588
96.9471
96.0117
95.9146
95.9261
95.9999
102.633
100.796
100.985
101.371
121.844
109.268
101.402
96.7552
96.9696
96.95
96.013
95.9155
95.9269
96.0011
100.975
103.927
102.751
103.253
99.4802
107.917
107.651
96.5789
96.9589
96.9607
96.0781
95.836
95.8349
96.0776
96.9566
96.5771
96.9601
96.0788
95.8369
96.0797
95.8367
96.5822
96.9566
96.9609
95.8386
96.0817
96.0786
95.836
96.9578
96.5836
96.9606
95.8386
96.0816
96.0803
95.8366
99.8989
126.508
77.8709
97.2155
98.9905
116.361
97.012
98.8904
104.83
99.9516
100.063
99.0688
104.068
99.686
97.2804
94.7241
103.576
95.4898
94.9619
96.0249
95.6237
103.755
110.55
109.022
107.197
101.706
110.467
109.142
96.9814
96.5906
96.9682
96.0844
95.8337
95.8434
96.0747
96.5945
96.9806
96.9686
96.0844
95.8314
95.8413
96.0736
99.4839
100.936
103.237
94.5785
105.12
101.092
103.254
94.6534
98.1197
97.9107
99.8553
95.8563
98.0404
97.6346
100.436
101.823
108.915
102.099
109.131
102.038
101.141
96.5483
100.2
100.854
89.5596
140.927
126.852
107.64
101.687
96.9742
99.4238
98.4367
101.123
97.1548
100.783
97.4519
96.4214
101.53
95.4102
94.5836
95.8728
97.5173
98.8194
97.4438
97.7634
101.947
106.758
105.85
102.802
98.6218
99.3526
100.288
101.415
98.7422
99.3369
98.5249
100.78
100.894
100.658
109.336
114.995
113.179
107.164
109.102
103.892
107.098
97.868
107.428
133.925
109.596
106.081
107.949
101.02
87.4756
100.65
89.5735
105.797
102.187
102.055
99.9418
113.631
105.087
104.837
108.367
102.455
101.555
113.307
113.628
106.742
105.247
109.573
105.035
101.294
91.327
101.792
100.996
89.3396
110.766
99.0242
100.288
101.084
102.089
99.0369
101.002
98.9485
102.317
102.76
101.649
101.791
104.545
103.142
100.983
102.25
99.3896
101.039
100.93
106.405
99.6462
100.56
101.589
104.299
101.955
101.301
101.667
102.099
101.19
100.389
101.264
100.445
100.368
117.706
101.05
108.193
105.083
122.109
93.2532
90.9374
107.218
127.126
90.8138
95.0129
98.3973
106.201
103.111
96.2364
97.0656
106.303
101.29
99.0075
103.205
101.151
102.682
101.809
102.089
110.995
105.511
101.669
95.5451
124.782
97.1014
102.13
99.5454
100.995
99.0587
104.499
99.3626
102.077
99.1021
105.244
102.658
102.122
105.104
114.017
120.678
100.842
99.5769
104.214
102.138
98.7526
98.0733
94.5606
99.4385
98.5877
93.9102
98.6406
92.8402
101.782
98.9974
93.4638
104.242
95.585
103.856
91.5749
103.846
91.8626
103.765
82.6932
92.0165
125.52
144.953
82.5684
94.3103
125.57
104.253
98.0263
112.248
107.934
105.895
100.301
104.329
121.061
96.5244
102.049
92.8131
131.351
96.4989
100.45
89.9391
104.831
103.473
104.193
95.6931
117.262
108.603
84.3688
96.5958
97.6962
123.523
105.583
82.1288
96.6943
86.1577
109.461
93.3645
153.318
86.6817
71.582
100.181
99.2382
97.0281
104.454
100.998
110.279
97.1597
111.466
99.1284
75.0545
77.1151
108.285
100.059
100.811
104.967
96.6723
98.6627
99.2589
97.3017
102.669
96.0547
102.857
103.576
79.6129
103.271
94.0403
104.097
81.7006
103.024
97.8877
98.5366
99.1164
93.8472
130.192
106.543
94.1953
99.7043
101.084
109.578
103.087
109.413
102.602
99.8942
100.309
108.741
102.289
101.424
98.5234
108.851
102.389
100.177
95.8155
101.289
97.0859
130.71
96.4806
137.889
90.3455
99.7287
95.3605
108.043
74.3128
104.151
101.129
95.9202
107.668
105.082
96.7766
92.857
103.725
104.78
97.3508
98.6129
102.39
96.5502
102.067
94.5279
95.2588
116.494
111.291
133.601
107.304
104.266
108.367
121.315
101.212
115.059
97.5986
143.994
106.924
122.986
96.4527
83.4548
145.195
108.763
140.216
96.9232
125.485
83.2575
97.1126
94.8433
91.1654
99.0984
96.9203
95.9259
89.3237
101.135
100.93
105.711
100.689
99.9004
100.398
101.098
100.812
75.0579
69.2269
91.9241
102.725
91.0034
109.165
98.6967
98.6617
95.8074
99.3597
95.4168
104.704
98.4981
105.729
88.9349
104.792
104.61
98.2282
99.1141
128.224
95.7666
93.5156
89.7814
106.337
95.4678
90.9179
92.5666
96.8571
98.7546
96.069
96.1969
95.7586
96.4762
95.5819
99.0775
103.552
104.641
95.9225
97.9102
97.9268
94.7644
112.593
98.6344
103.158
98.1991
103.539
104.84
104.698
103.259
99.413
104.347
98.9507
97.9736
97.4054
98.3983
111.871
100.296
106.087
103.789
109.956
100.033
102.483
99.7752
96.2032
99.3331
97.4926
103.43
97.6703
102.926
98.1848
94.8864
99.3203
94.1237
99.8579
95.0384
98.1103
105.073
100.48
97.9321
102.88
99.1099
108.947
104.628
98.4063
102.35
100.648
97.3716
98.25
97.9178
96.633
99.89
102.924
100.427
101.077
99.3829
100.216
107.262
96.83
101.696
98.2147
98.3167
101.349
97.8775
102.941
101.149
95.0984
101.279
116.218
99.8338
98.2548
102.17
95.1611
100.842
100.927
97.5917
141.016
121.359
93.9223
110.391
108.763
130.524
107.492
98.5778
114.843
98.6267
103.007
108.155
108.338
110.63
105.659
107.006
115.878
112.619
101.187
109.157
118.233
114.458
111.845
120.482
98.0966
113.108
102.001
102.063
109
102.007
98.7593
97.7635
98.7446
99.2921
91.05
95.5971
98.8845
100.404
100.66
96.7886
100.463
89.5251
126.929
128.7
84.9211
127.961
107.926
106.187
103.399
103.237
97.9847
96.4308
94.8069
100.176
118.98
99.2651
116.514
103.62
106.962
141.342
117.041
97.1428
98.1827
94.8216
109.387
97.9481
102.748
97.4762
97.6129
103.573
103.246
102.243
100.424
101.007
107.248
105.652
102.199
102.991
102.982
102.255
101.448
99.0646
100.421
101.065
99.0161
100.402
101.318
99.5262
99.6589
106.128
100.196
99.4275
101.829
99.4948
104.393
105.472
105.033
102.357
100.274
110.64
102.376
111.617
100.503
108.362
113.014
105.039
107.089
111.33
100.839
102.401
105.873
111.015
105.944
103.207
107.896
108.059
109.579
96.4446
98.0251
104.09
113.57
104.776
104.442
93.6033
100.364
103.838
100.814
118.085
103.824
111.13
99.3951
104.685
105.633
98.5706
87.391
108.227
102.015
104.78
102.648
107.005
102.331
101.858
114.57
103.682
98.0528
104.134
93.8171
107.427
104.159
92.639
103.529
100.877
100.83
100.394
100.873
95.2722
97.7024
87.2163
133.577
107.627
99.5423
137.222
108.723
93.5863
100.911
107.251
114.321
106.266
95.622
102.928
96.3181
100.312
102.151
102.106
102.546
95.8835
95.508
102.753
98.5267
99.3201
99.5573
98.3483
99.3155
98.3161
98.5945
98.1575
99.1765
98.9743
95.9374
98.7903
95.834
98.6275
108.3
121.607
111.645
106.248
97.2269
96.4475
120.169
99.9335
99.3032
97.9148
98.3253
100.507
102.86
97.0923
110.339
106.02
115.514
102.063
116.281
103.262
114.82
100.208
97.8195
97.7928
102.771
100.164
99.0129
101.919
96.169
95.7685
96.0698
95.6765
96.184
95.7697
96.0682
99.052
99.1858
98.3556
99.2208
98.5726
99.0373
98.3939
96.1807
95.6766
95.7681
96.0701
95.7686
96.0684
96.1857
98.6116
100.075
98.5062
99.9112
94.5229
97.6739
100.158
96.1828
95.6745
95.7698
96.0727
95.7685
96.076
96.1962
96.1859
95.7708
96.0728
95.6747
96.1797
95.7688
96.076
103.828
109.559
112.48
96.4947
105.473
96.0741
111.943
96.1813
95.7611
96.0801
95.6767
95.7707
96.079
96.1985
112.883
102.321
114.977
127.487
106.962
121.046
137.974
97.48
87.0163
110.786
94.5966
105.429
111.643
102.738
113.574
101.656
89.5432
115.223
112.906
110.116
102.628
96.6796
91.0341
79.9146
113.165
114.379
115.7
111.452
96.1946
95.6767
95.7623
96.0799
95.7711
96.079
96.1959
121.784
124.863
116.017
119.105
107.08
124.041
109.843
116.173
125.24
99.5256
131.865
129.113
103.564
105.172
99.8306
82.6143
107.318
110.21
109.201
105.541
105.669
127.327
108.128
113.601
106.502
109.796
99.1576
99.5394
100.299
100.368
104.661
117.686
114.207
106.778
109.725
111.17
95.3141
102.988
107.165
103.163
124.738
104.724
117.979
96.8933
103.076
133.321
121.995
103.347
103.444
98.9222
114.298
107.577
98.3377
106.739
98.604
97.5666
114.155
97.9929
102.648
102.745
108.747
103.643
103.349
97.9834
107.734
98.4048
101.524
97.6381
102.379
97.4971
130.978
117.953
108.854
107.897
107.321
109.026
114.804
100.956
104.794
100.266
101.079
101.066
101.998
100.014
103.52
111.925
99.1015
115.707
99.6533
111.243
103.173
97.8084
101.958
103.214
98.4716
93.8336
98.3333
102.124
98.1515
97.2293
98.2322
99.6396
97.4149
99.3042
103.445
98.274
83.8786
112.863
105.854
94.9782
79.885
110.821
100.076
103.135
104.974
107.101
99.4074
99.75
109.484
103.475
99.8537
97.9147
97.6545
97.047
108.125
100.394
100.98
99.8797
100.367
107.472
101.541
107.776
108.953
99.2402
94.5608
98.2896
99.0591
107.718
97.8124
110.954
116.785
123.228
96.6351
91.5197
117.96
111.023
100.199
101.709
99.6038
100.719
101.394
101.731
99.7035
101.021
103.148
104.4
105.08
104.735
102.992
108.274
108.211
101.509
104.994
104.367
103.574
104.738
104.965
107.693
101.02
106.482
103.118
100.19
100.135
102.179
102.261
105.317
101.536
105.307
104.321
107.365
104.36
112.758
98.3457
96.0602
97.6721
100.814
102.357
97.2313
98.666
105.217
101.705
103.602
100.994
107.448
104.832
101.7
100.297
102.144
103.331
107.865
100.731
102.455
103.638
100.973
104.124
101.497
96.9816
101.502
104.318
101.674
99.6652
101.816
99.9453
98.7167
101.51
101.941
100.485
105.902
101.226
106.08
100.472
101.533
103.449
104.271
100.567
103.525
101.841
100.541
103.144
101.997
101.715
104.481
98.3247
96.4972
101.401
103.139
99.6505
103.486
99.1936
103.022
102.15
101.568
102.265
101.663
101.43
101.153
100.951
103.131
107.12
100.518
106.797
101.663
102.953
97.4236
97.5589
103.076
99.2165
103.051
105.035
120.423
108.789
107.45
108.499
97.53
108.562
97.5943
101.572
107.356
101.231
101.906
101.715
102.532
100.938
99.3973
99.1802
98.9721
101.733
99.4672
99.618
101.818
101.059
108.118
105.595
101.005
100.955
103.077
103.325
103.022
104.916
98.7692
106.158
96.868
105.858
103.177
101.456
96.9621
105.616
103.177
104.172
101.947
101.219
100.886
111.033
102.75
102.359
101.758
102.826
103.174
104.781
107.963
106.246
107.1
109.295
120.423
105.955
101.589
103.413
106.87
103.959
101.765
101.483
103.578
101.484
105.136
105.223
104.616
105.222
104.375
114.502
85.8417
167.888
92.5182
126.816
93.0876
134.099
88.4592
100.844
102.045
102.165
102.855
102.12
102.327
102.226
105.347
106.399
112.362
101.882
102.779
104.691
98.0222
124.88
101.13
105.851
134.154
138.002
125.571
122.858
96.145
104.861
93.3903
90.7466
90.6319
97.5586
92.5274
98.2873
141.792
100.78
133.247
127.417
106.152
140.482
110.042
96.9142
108.881
85.4205
116.706
116.202
86.7194
96.686
95.3286
105.189
108.722
97.3677
99.4054
100.804
108.612
101.432
120.091
110.317
107.395
99.0207
119.155
93.2897
100.811
99.3284
101.774
100.059
97.3595
102.048
129.311
101.633
141.825
120.123
93.098
99.0216
117.932
95.4706
102.627
103.206
90.9027
91.4799
98.5425
98.7063
97.6056
109.122
93.208
89.9293
89.293
101.823
92.5688
91.0645
115.922
105.24
91.9978
92.3356
100.882
100.359
108.373
82.7065
96.4506
124.52
104.778
90.1777
98.1868
101.861
101.806
102.041
100.87
101.592
100.815
101.533
108.539
102.526
109.158
105.396
107.44
106.918
105.019
98.8665
163.626
97.5877
100.813
86.9881
97.2989
96.1335
133.358
100.994
125.634
94.2967
129.417
139.576
87.5024
108.582
114.985
111.413
116.181
109.971
112.946
111.078
105.333
97.6295
98.4589
123.554
106.117
97.1422
100.827
93.0698
104.283
105.055
107.06
96.281
109.29
94.5144
101.146
98.4178
98.5859
101.586
101.154
98.249
97.865
96.8256
96.8848
97.2699
96.1383
95.9502
97.6972
97.9512
103.218
111.406
111.779
108.555
103.304
110.922
113.635
104.788
95.0513
105.746
75.1663
109.824
93.0113
108.946
117.37
95.9028
106.182
97.7804
80.1545
96.6005
109.196
98.0234
100.858
101.117
99.4181
98.9781
101.572
100.045
104.263
97.6346
101.124
110.415
105.928
109.118
104.725
110.905
102.661
110.229
106.972
110.469
107.88
89.2625
102.939
107.079
103.878
102.011
96.9074
104.271
103.149
189.584
116.152
88.8273
86.0478
110.817
93.2565
93.8207
102.403
109.607
109.848
107.077
107.379
85.4263
87.2499
88.803
95.7823
91.7357
123.347
118.505
92.3339
133.832
108.651
97.0956
91.0672
101.49
102.371
102.259
101.975
103.518
118.201
109.783
101.769
102.565
88.7127
92.3299
130.113
102.73
128.854
122.27
91.7301
121.026
93.5641
99.2542
119.479
111.696
101.102
100.92
88.8404
109.225
107.683
99.1144
102.82
102.904
105.091
107.679
102.522
91.3764
91.1021
90.4125
135.177
135.485
65.9566
93.1125
127.075
105.891
124.463
93.1895
123.808
125.996
93.192
109.319
105.266
101.637
88.1143
109.303
101.634
109.9
106.156
97.0056
100.891
124.254
106.828
102.326
97.7213
90.9739
96.4482
97.5384
122.724
108.287
120.046
116.848
94.6679
103.167
95.0179
101.142
112.812
108.079
100.314
108.515
100.775
114.623
103.382
104.29
103.672
105.569
101.253
109.263
114.409
106.053
117.739
117.729
113.49
152.952
98.6673
96.9502
106.841
99.1672
108.803
98.342
106.053
100.6
98.2989
100.379
100.352
103.987
104.634
99.1369
112.779
101.034
108.197
102.463
106.903
112.267
94.9015
101.316
103.79
99.7287
95.6785
99.0536
104.298
111.86
114.303
107.71
103.606
114.904
100.916
114.06
97.8385
105.065
105.983
108.579
121.169
100.905
103.803
110.691
100.441
114.515
105.264
105.055
103.657
103.761
101.03
107.479
105.401
108.175
115.542
112.32
102.734
102.772
104.635
103.983
97.3092
96.5423
101.596
147.715
103.345
91.0498
96.4922
102.053
107.97
91.0518
92.4765
113.107
104.019
100.392
97.2513
108.896
100.55
100.748
104.281
99.293
90.0137
102.553
103.186
104.536
105.392
104.401
112.009
115.023
109.909
113.021
130.945
109.549
102.518
105.361
103.673
95.8139
95.9828
112.326
132.02
124.926
104.08
95.4867
95.3367
117.701
104.314
137.933
101.796
94.9894
98.9686
99.125
92.7222
95.0954
101.348
103.256
96.9648
96.683
101.951
100.152
97.8935
108.668
100.032
154.06
173.179
84.6644
103.962
89.4088
88.6275
98.6854
93.1983
98.4109
103.676
94.4447
93.8268
101.416
112.365
106.905
113.696
115.362
110.137
106.104
114.948
113.571
111.074
101.45
108.194
107.755
113.884
105.054
136.208
109.124
98.7121
105.935
140.847
129.518
111.062
105.057
97.5952
99.8567
133.386
114.291
109.251
109.985
92.8246
105.944
102.382
90.4663
90.1157
105.865
108.896
122.725
111.095
107.156
122.529
120.105
112.534
112.768
96.7114
103.52
113.378
116.485
107.991
104.247
106.004
103.924
117.265
117.155
111.48
106.356
109.897
121.14
106.197
103.819
102.152
93.4792
109.834
101.068
114.293
103.295
110.17
99.3147
99.2852
100.585
109.418
99.6228
113.926
109.651
98.9539
115.04
105.732
125.85
104.798
106.038
109.199
106.379
110.101
107.7
112.246
109.616
99.0845
93.6684
90.7102
102.631
98.1687
148.356
93.2806
106.537
121.002
109.662
85.4525
108.76
108.285
111.639
90.9583
98.302
98.0576
123.36
120.92
111.455
112.735
108.804
108.448
113.885
115.79
107.791
108.201
107.234
111.343
115.403
110.792
107.114
110.703
109.973
107.115
108.212
110.346
117.868
111.491
108.16
109.517
105.845
106.722
107.768
106.798
116.009
109.712
109.707
112.683
114.354
112.117
102.765
111.841
108.531
108.918
98.5932
103.824
111.367
111.987
109.389
105.602
110.663
99.4644
135.044
97.1378
102.856
114.409
126.479
114.455
105.197
92.9796
144.556
96.2429
104.533
98.973
103.048
97.634
99.9449
95.862
104.329
99.4964
100.036
95.2022
98.1443
98.8238
97.1516
133.831
108.438
104.395
107.882
97.6609
101.167
101.605
98.5758
97.6568
101.172
100.882
97.5897
100.024
95.2758
99.9026
96.4614
99.9212
96.8245
103.718
99.5736
102.448
95.4236
133.294
117.53
105.145
97.7439
101.203
106.917
102.343
108.096
107.526
99.3739
99.1298
156.95
134.932
137.493
140.405
126.618
124.276
113.486
99.7337
105.558
98.4123
101.444
100.932
103.345
102.136
106.48
97.1231
102.647
95.8384
96.1558
107.347
103.181
100.906
100.421
99.9531
98.794
98.3717
98.4946
98.8831
111.859
108.368
106.545
126.968
107.326
112.823
106.951
98.5251
100.023
106.88
114.006
99.8357
97.9803
131.187
102.22
95.2804
107.298
104.288
96.6673
94.626
101.652
99.865
98.7962
100.33
101.96
100.324
100.982
98.7242
109.5
104.942
91.9083
110.523
110.026
111.016
93.9402
96.9423
94.6915
96.8739
97.7971
96.4319
94.5936
96.817
98.4575
97.9965
99.0539
93.895
105.706
94.5021
105.924
94.6175
96.4144
97.0662
96.2467
100.868
99.4926
104.469
92.9084
100.386
114.562
90.5329
94.9059
112.193
92.3638
105.22
102.847
96.6201
97.0266
103.496
96.251
101.844
135.728
98.2814
99.151
99.205
97.7953
99.4873
98.2342
124.68
100.332
99.8674
106.812
97.8752
97.6186
105.237
106.302
99.1224
99.4536
95.3933
95.9307
69.829
64.7859
101.535
102.067
100.141
101.182
98.9718
98.6819
109.094
100.153
98.3133
101.044
100.589
99.9474
99.2588
101.223
100.047
98.2146
101.703
96.7197
98.1798
95.788
100.525
96.7992
95.3291
100.56
100.106
106.751
112.207
100.814
110.91
97.0384
102.438
96.8811
95.361
101.684
102.562
95.9771
96.3725
95.9753
95.7297
95.7305
95.3891
95.3883
96.2918
98.9138
95.9432
146.87
112.485
99.8767
116.648
100.646
106.177
109.186
98.228
100.23
106.411
134.481
98.8221
102.141
103.304
102.281
101.077
98.5743
102.471
96.3724
95.9774
95.9755
95.7286
95.73
95.3887
95.3875
107.365
92.4891
100.759
101.044
98.7393
91.6527
105.358
116.32
97.7755
101.906
95.0716
96.0125
124.454
107.74
101.5
102.363
103.195
120.6
103.685
112.021
100.242
101.288
93.3664
101.819
111.633
110.941
107.266
98.6216
105.153
96.7377
96.2918
101.544
100.148
94.6406
90.6946
109.02
109.312
108.451
109.979
135.167
110.682
106.699
93.6343
94.8924
96.7481
107.144
106.997
100.363
97.6809
95.9803
96.3805
95.9838
95.7303
95.7284
95.3895
95.387
96.381
95.98
95.9835
95.732
95.7295
95.3907
95.3881
98.6431
101.177
100.044
101.668
96.7963
97.1399
104.081
105.813
104.78
104.47
109.114
118.675
108.225
111.288
116.545
126.154
109.175
111.01
138.036
109.709
120.369
119.431
89.9599
118.731
122.813
89.1808
124.972
120.523
103.95
103.098
95.6527
155.527
115.262
114.298
96.7983
111.231
114.377
106.11
112.838
121.661
112.507
114.268
97.2321
108.546
105.569
96.5131
104.661
98.366
95.9202
86.8153
97.8703
94.1431
108.354
98.2544
106.577
97.2545
99.2061
124.182
90.6964
135.194
91.47
100.939
101.154
99.9745
102.299
102.082
97.0813
101.067
103.342
100.412
112.123
119.266
114.343
109.793
123.717
113.089
119.226
142.568
86.6123
66.2485
86.9904
75.8036
67.1717
153.385
114.313
110.421
112.719
130.965
87.1422
108.859
128.269
107.593
115.26
114.608
117.688
109.207
104.905
101.787
141.217
104.62
125.63
87.1447
98.7065
131.715
104.194
137.051
97.0173
110.672
100.328
98.0805
95.0233
100.552
99.0152
106.256
107.48
95.1413
127.703
103.836
101.074
92.1923
109.647
112.743
93.4173
77.9555
114.499
108.585
110.544
125.447
121.864
98.0375
99.0922
95.1073
95.2675
99.3119
100.411
100.783
99.0793
99.4321
100.032
100.612
96.0245
156.682
143.347
99.9847
118.636
121.746
114.559
104.012
98.4691
98.8801
103.253
97.3612
97.64
102.895
112.017
115.282
114.809
87.7602
138.739
108.209
89.9839
105.562
111.752
103.544
112.586
104.929
98.9678
103.397
111.297
122.234
111.4
116.677
125.212
112.967
119.112
100.709
103.236
101.236
106.606
102.236
105.763
99.8966
94.0221
116.532
93.3514
103.324
103.14
101.504
99.9053
107.8
75.8109
90.6825
207.018
215.888
85.0535
79.3791
72.3282
81.4573
91.3818
333.018
224.463
77.9479
80.3281
106.96
99.7704
96.2576
107.59
113.949
115.2
111.998
106.174
108.941
126.63
111.173
109.454
111.273
110.157
113.64
118.219
116.531
97.6
107.26
100.849
102.5
101.175
99.9879
99.7604
99.8132
106.441
97.1916
100.344
96.8837
97.6217
95.0321
126.345
96.6632
97.7642
101.452
95.0698
93.4417
101.962
101.751
85.6688
98.7419
101.433
104.777
124.39
160.65
107.558
107.367
111.305
111.853
95.4325
78.459
77.2976
103.948
119.609
105.728
104.965
97.1191
110.084
118.235
103.615
101.336
104.389
98.3868
95.9865
96.3838
95.9864
95.7232
95.7339
95.393
95.3812
104.977
140.698
145.156
107.674
114.985
106.504
112.731
141.203
96.1558
131.725
108.76
107.245
99.9698
103.214
124.319
127.964
136.689
106.94
110.291
110.287
108.726
118.186
113.271
112.066
109.588
112.455
112.292
119.6
96.3833
95.9868
95.9867
95.7232
95.7336
95.3928
95.3812
105.255
99.2786
98.3713
101.403
101.265
94.9585
95.3391
163.014
146.657
93.319
101.974
109.525
109.956
108.499
114.292
124.676
100.432
99.7036
114.243
100.548
100.042
114.769
122.31
98.5405
101.52
125.62
97.9232
102.203
113.219
100.233
102.787
98.5247
103.497
107.921
108.365
98.7898
89.9008
118.006
97.9933
96.725
97.0345
88.0359
113.211
109.75
104.342
114.14
104.695
116.195
114.099
100.334
96.7054
120.519
145.029
125.215
104.071
114.014
96.3191
96.5592
96.3178
95.8009
95.8011
95.5728
95.5717
96.5611
96.3213
96.3199
95.8
95.7991
95.5703
95.5696
98.7863
84.3964
136.775
89.4595
92.4907
84.2601
145.716
110.197
116.405
103.93
116.416
117.344
103.088
103.004
191.655
108.045
106.604
102.772
119.01
105.223
92.217
94.7138
118.942
106.95
110.357
96.9838
108.635
115.495
109.328
106.231
110.568
108.319
108.942
108.494
107.472
113.183
102.361
96.0745
109.728
104.541
101.114
106.507
111.98
98.331
111.088
84.9759
117.237
133.254
86.2184
110.205
109.221
108.49
105.535
105.575
110.66
116.734
84.6385
130.475
87.3468
102.793
103.432
110.768
111.556
109.366
106.629
109.861
109.087
105.579
111.718
115.5
126.694
94.6289
90.2793
105.305
103.757
111.554
121.328
103.438
110.958
115.848
123.464
128.192
105.663
106.57
98.7125
111.955
117.469
109.459
120.135
108.83
117.389
114.257
84.7146
60.6574
98.3955
99.2438
109.555
102.481
90.6212
108.02
93.2337
96.5631
105.86
99.2942
99.8994
97.5173
114.069
124.09
104.77
102.679
103.344
104.073
100.987
69.0781
73.2167
91.752
100.684
74.4584
71.0417
98.9047
97.6183
103.792
101.293
99.2863
96.5918
102.173
107.277
111.807
125.114
106.41
109.46
103.816
102.153
104.45
139.064
105.783
113.842
110.871
117.775
119.243
114.129
112.529
121.186
95.8786
93.7196
97.982
98.4523
99.8564
102.623
108.823
103.328
108.366
105.516
106.116
107.618
101.247
102.006
107.927
107.459
99.1294
103.265
182.131
100.548
105.114
96.2457
94.9798
149.189
95.8043
101.083
102.397
104.056
108.247
108.527
99.3638
100.266
126.373
113.702
104.175
132.936
131.48
220.165
127.932
139.749
106.812
106.15
132.211
114.362
114.066
139.32
114.331
111.593
114.142
112.367
95.3001
100.137
101.621
101.449
83.8699
107.873
122.49
100.856
101.87
90.6982
99.791
117.276
102.181
112.406
101.175
109.317
116.706
101.734
113.112
104.42
70.9118
117.493
100.91
112.83
159.482
90.5173
92.2139
128.564
88.6038
85.1361
81.2743
123.361
102.602
108.158
119.742
95.9283
112.04
102.669
102.788
109.13
113.998
116.59
110.528
97.5049
97.0084
134.798
102.848
112.162
110.808
114.626
132.061
107.927
125.587
107.985
115.28
111.967
84.9503
113.206
111.189
100.121
199.529
89.6838
85.868
115.766
195.678
89.4854
103.607
99.787
126.584
94.1281
99.8168
100.768
111.338
98.7388
101.721
91.2939
100.554
92.2192
99.1851
100.316
103.142
98.0768
89.5817
81.8569
109.397
112.751
80.0197
107.352
125.131
120.697
113.896
140.331
140.778
121.403
73.9454
104.337
92.8183
100.174
97.668
104.638
102.836
982.049
140.418
75.4629
81.1069
260.688
75.4086
270.477
125.624
103.256
103.59
113.912
104.307
104.414
114.658
98.0191
114.454
101.758
187.51
92.5109
98.0627
105.217
101.153
104.498
106.703
102.625
126.7
104.965
107.33
89.8439
104.552
96.3904
103.393
102.721
103.64
101.734
96.5687
96.3233
96.3269
95.8013
95.7976
95.5715
95.5687
96.3221
96.5681
96.3251
95.8021
95.7998
95.574
95.5719
106.25
104.498
105.159
96.4074
99.6798
99.5286
96.8619
117.14
99.3809
115.996
105.69
105.946
134.6
110.271
148.495
111.621
112.604
116.593
98.2681
195.631
117.676
112.735
105.078
113.609
130.975
129.48
133.69
145.625
100.498
101.575
100.746
102.104
115.021
102.455
99.8483
102.968
96.1678
103.149
102.569
102.697
109.813
106.791
107.674
112.818
104.622
109.017
106.279
99.5863
104.923
212.193
107.104
130.93
96.6696
185.592
172.286
105.77
111.203
109.993
95.9296
99.4032
98.8998
102.126
110.583
95.7826
97.3496
102.479
120.791
101.522
132.161
103.017
82.7553
89.261
193.346
73.7998
192.783
103.859
97.1037
154.748
100.109
110.368
102.613
118.332
101.344
105.174
94.272
103.145
110.736
102.693
95.9452
102.226
96.5788
102.494
99.901
103.666
103.434
102.674
100.351
99.8637
104.354
100.608
93.937
96.0829
104.202
101.202
96.3723
102.659
110.214
108.137
99.9032
100.917
98.781
98.4598
102.09
101.314
104.073
106.026
101.475
101.004
98.4888
108.534
112.657
120.353
151.913
115.247
128.568
169.696
133.139
104.148
139.907
96.655
114.832
112.993
117.669
120.221
136.214
129.226
135.006
124.633
154.991
89.3351
105.173
132.882
113.239
110.596
113.252
107.748
107.744
101.308
85.9315
91.7899
100.001
97.8038
105.249
107.929
158.116
142.606
112.843
116.644
123.148
110.424
107.297
108.468
90.3319
97.946
96.6104
97.0426
114.972
118.638
113.602
124.786
161.216
100.972
98.0255
99.8755
99.3633
101.255
96.1514
99.6197
93.6775
104.458
96.2787
101.263
130.007
138.223
133.052
94.4847
99.8203
89.9632
116.298
90.1679
104.49
121.889
133.175
103.475
119.777
139.756
118.165
91.6201
88.6874
141.659
132.802
92.6267
101.685
117.908
97.9882
104.429
142.828
134.885
135.483
91.6584
124.421
94.284
136.951
85.363
74.9896
105.477
115.281
131.495
87.5634
77.1712
75.5617
198.91
215.95
89.6874
92.9166
100.398
123.787
93.723
96.481
114.446
89.0889
87.2004
92.5937
128.895
137.797
100.551
85.9264
89.5123
122.916
102.055
178.9
86.6202
85.4194
85.3762
88.1078
100.345
89.4861
89.5609
92.58
80.9156
88.3928
88.0031
75.4745
103.02
104.014
124.061
124.778
99.1302
120.194
105.043
117.034
87.4531
99.7201
80.8891
129.249
92.3095
124.404
72.8582
106.657
104.623
103.251
123.839
104.644
114.408
137.35
130.713
130.5
97.4289
95.3434
121.542
100.088
106.607
105.947
118.543
103.045
121.803
96.155
109.181
138.977
135.734
77.2156
77.1854
115.697
134.374
97.344
114.863
154.917
98.3407
110.501
134.193
99.4022
155.734
130.784
131.177
143.242
117.443
155.873
201.308
138.088
122.859
66.3042
95.1593
133.308
74.1464
108.276
95.4967
87.8282
116.582
113.005
94.5395
115.352
98.59
100.981
76.2689
77.1918
137.84
117.505
120.73
133.05
74.8435
163.94
104.724
131.595
76.157
130.49
152.416
98.8438
96.8991
92.5416
95.3857
101.733
110.821
89.507
104.599
100.91
100.757
108.552
112.392
114.614
105.089
96.3278
96.5718
96.3292
95.7936
95.8028
95.5746
95.5641
96.5722
96.3285
96.3292
95.7944
95.804
95.5761
95.5649
112.063
95.8884
116.957
96.6475
105.299
45.0479
59.7664
99.4916
102.978
105.196
104.99
119.382
108.953
127
117.074
118.158
122.46
114.881
134.829
104.692
129.289
100.702
127.505
125.32
125.009
104.61
113.535
154.07
96.5057
100.272
96.494
100.896
96.2958
101.819
100.707
101.324
98.0295
98.8629
102.75
98.4541
100.045
98.5362
114.539
148.134
163.803
109.788
112.063
109.776
180.897
98.8318
90.6253
100.714
102.238
104.262
96.2191
128.14
135.585
111.062
82.3565
160.36
110.106
112.807
119.232
176.953
104.023
127.089
73.2191
106.29
123.211
233.62
138.138
144.625
125.385
270.351
542.395
107.735
174.155
164.801
83.3017
120.303
120.051
188.079
105.83
122.841
158.86
81.0593
104.683
70.7942
147.038
97.4277
76.0147
151.03
173.617
139.295
127.283
234.309
111.009
128.514
)
;

boundaryField
{
    inlet
    {
        type            fixedFluxPressure;
        gradient        nonuniform List<scalar> 
147
(
8641.63
2304.98
5574.41
-12859.1
4918.53
592.143
1130.1
1011.8
1375.18
1010.1
69.0018
-159.532
-2668.98
-3970.29
-228785
-8298.68
-557.871
-23689.6
-153.393
-57.4781
-248.59
-628.611
-9179.25
-4638.72
-59388.2
3.53106
602.731
-2070.06
-2771.48
-31263
-2277.04
-1408.09
-1295.72
-23924.4
701.42
7536.57
18087.5
-1401.15
-16042.5
-5926.49
-145813
-796.752
2029.41
-780.414
5518.8
-9468.47
5867.46
-7205.97
6880.75
-11346.8
3.67385
-2501.11
3331.37
-6788.03
76086.2
-92343.1
27257.2
-28320.8
-3384.44
110148
7633.59
7185.8
-28738.2
31543.6
-26940.5
-0.560155
-1617.64
2332.54
7586.71
-48516.9
-43871
-6294.52
-34886.1
-51075
-289.83
-667.479
-35221.8
-17149.5
-6265.22
-0.10812
-2081.26
-188550
-7706.94
-14128.3
1821.79
30.8909
32.1822
8891.63
-27481.3
-19779.5
-4932.03
-602.121
-1338.68
-644.316
3114.61
-1998.14
33441.9
-9585.8
-47779.9
10363.8
2343.07
-14091.7
-8273.31
1715.05
8555.78
14801.9
48302.5
-69664.5
66.1757
-217525
-8494.43
1752.64
-8353.86
-41167.9
-113022
-2162.51
8865.95
-9275.88
9.8442
-109199
-467821
-5142.03
-169380
-6105.99
-2049.95
-15432.3
-4533.37
-611.907
-6125.57
-175552
-12174.1
10103.6
-41475.8
-49.8331
-39505.5
-17902.8
34154.7
-6576.14
-25.0741
-122.771
-25.402
-11258.7
-9963.96
-299.061
-893.707
-3103.86
-800.937
)
;
        value           nonuniform List<scalar> 
147
(
109.958
104.52
106.933
84.3505
106.611
97.8729
100.895
101.413
99.285
98.2586
99.1065
101.851
94.7126
93.369
51.4383
87.9107
98.1009
85.1466
95.6605
93.5269
105.371
105.296
104.28
96.816
92.0072
96.8268
98.2952
97.4805
90.9648
69.9085
96.8206
94.5174
93.5472
87.2998
104.322
107.715
116.276
107.985
100.993
105.758
26.4802
94.5316
103.804
96.5789
106.331
118.818
100.077
94.0256
113.943
97.9394
104.287
99.0843
101.581
91.6275
162.307
56.142
110.638
85.0032
96.6491
208.049
104.887
107.738
75.2714
123.97
100.41
111.074
97.6671
111.751
117.759
66.5064
81.9641
103.354
79.5115
63.3627
96.8478
144.222
80.0159
90.396
93.2291
95.2021
93.78
39.518
93.8058
90.0856
98.2838
96.8554
95.308
101.571
89.4346
92.7548
99.7531
101.351
95.9977
109.878
114.132
102.943
119.572
97.0487
73.1269
103.058
98.7906
117.631
92.9001
102.542
106.717
154.273
124.034
64.0725
98.2611
25.6744
101.929
104.562
96.0634
80.908
62.1488
107.144
110.248
111.905
109.714
83.4218
-78.4787
94.2262
18.386
93.4593
94.8948
100.827
84.5477
96.9485
95.1908
21.8482
102.496
98.4712
74.6861
105.703
99.8514
94.5429
125.005
109.93
93.6524
96.1559
96.126
89.6337
91.8515
99.9727
101.856
96.9397
97.2283
)
;
    }
    outlet
    {
        type            fixedValue;
        value           uniform 0;
    }
    lowerWall
    {
        type            fixedFluxPressure;
        gradient        uniform 0;
        value           nonuniform List<scalar> 
1133
(
101.313
102.214
101.357
97.2139
101.691
96.6882
98.6343
99.3886
96.5337
96.2378
109.348
124.741
102.328
123.067
93.2524
100.364
93.172
101.538
97.5161
101.988
106.676
95.1105
92.5768
100.251
105.555
98.0701
111.251
124.931
143.917
100.851
112.005
108.818
97.6074
100.263
100.64
102.824
107.062
104.788
102.814
93.1325
91.7806
101.851
100.38
101.063
101.494
100.774
104.838
108.938
102.54
100.601
96.9161
100.946
101.238
99.9414
101.859
100.407
101.418
100.628
99.123
98.7659
97.2409
98.2784
99.4119
99.7886
99.9721
100.141
100.363
99.2241
98.1924
97.2614
94.0494
95.0409
95.7238
96.7627
98.0105
98.8766
97.6005
96.3853
94.992
93.8525
91.7213
91.8632
92.2236
92.5123
92.7056
92.695
92.4845
92.1191
91.7411
91.6401
89.3132
89.4664
89.6764
89.8876
90.0033
89.9974
89.829
89.5991
89.3881
89.2643
86.8524
86.948
87.089
87.2159
87.2839
87.2744
87.183
87.0305
86.9022
86.8318
84.3675
84.4301
84.5064
84.6141
84.6372
84.6311
84.5767
84.4826
84.4098
84.352
81.8719
81.9332
81.9674
82.0216
82.051
82.0485
82.0297
81.9712
81.9156
81.8594
79.3971
79.4348
79.4644
79.4891
79.504
79.5075
79.4988
79.4613
79.4237
79.4
76.9286
76.947
76.9716
76.9927
77.0108
77.0224
77.0047
76.96
76.9493
76.9322
74.4786
74.5003
74.5005
74.5187
74.5337
74.5447
74.5347
74.5228
74.5082
74.4806
72.0434
72.0505
72.0741
72.0807
72.0985
72.1081
72.102
72.0846
72.0532
72.0434
69.6377
69.6555
69.6866
69.6803
69.6756
69.6793
69.6857
69.6671
69.6437
69.6356
67.25
67.2755
67.3003
67.2792
67.2605
67.2576
67.2593
67.2716
67.2526
67.2462
64.8893
64.8947
64.8971
64.9029
64.9039
64.896
64.8839
64.8746
64.879
64.8792
62.5325
62.5389
62.5421
62.5575
62.5599
62.558
62.5399
62.5303
62.5211
62.5216
60.1964
60.1998
60.2044
60.2068
60.2067
60.2017
60.2001
60.1943
60.1863
60.1871
57.8894
57.8822
57.8744
57.8823
57.8859
57.886
57.8851
57.8822
57.8852
57.8884
55.5758
55.5765
55.5739
55.5754
55.5783
55.5886
55.5974
55.5979
55.5921
55.5812
53.2864
53.2777
53.2823
53.2898
53.2996
53.3051
53.3123
53.3113
53.3115
53.3011
51.0161
51.0026
50.9956
51.0076
51.0214
51.0355
51.0338
51.0376
51.0374
51.0322
48.7515
48.7406
48.7305
48.7301
48.7396
48.7505
48.756
48.7577
48.7549
48.7541
46.4849
46.4868
46.4933
46.4986
46.4936
46.4891
46.4849
46.4824
46.4813
46.4825
44.2376
44.2449
44.2559
44.2497
44.2376
44.2312
44.2329
44.2429
44.236
44.2338
42.0159
42.0181
42.0207
42.0104
42.0022
41.9946
42.0067
42.0119
42.01
42.0107
39.7906
39.8046
39.8094
39.8095
39.8034
39.7959
39.7946
39.7901
39.7774
39.7799
37.5898
37.6029
37.6022
37.5967
37.5884
37.5834
37.5729
37.5693
37.5688
37.5747
35.4176
35.4146
35.3955
35.3894
35.3864
35.3798
35.3734
35.3779
35.3952
35.4105
33.2391
33.2307
33.2192
33.2138
33.2126
33.2148
33.2213
33.2277
33.2328
33.2388
31.0529
31.0566
31.0626
31.0717
31.0729
31.0762
31.0794
31.0772
31.0703
31.0583
28.8981
28.9046
28.9192
28.9363
28.9457
28.9478
28.9424
28.9312
28.9221
28.9043
26.7964
26.7923
26.793
26.799
26.8098
26.8206
26.8258
26.8266
26.8246
26.8024
24.7321
24.7156
24.7069
24.7032
24.7087
24.7193
24.7327
24.7443
24.7484
24.7399
22.6771
22.6557
22.6539
22.6546
22.6605
22.6629
22.6651
22.6702
22.6744
22.6758
20.6133
20.6118
20.6136
20.62
20.6319
20.631
20.6235
20.6151
20.6142
20.6128
18.5789
18.5844
18.5942
18.5993
18.5991
18.5914
18.5834
18.5787
18.5763
18.5776
16.5894
16.5924
16.5946
16.5811
16.5673
16.5489
16.5466
16.5532
16.564
16.5793
14.6037
14.6071
14.5996
14.5763
14.556
14.5412
14.5416
14.5519
14.5694
14.588
12.5903
12.6065
12.6069
12.5987
12.5871
12.5757
12.576
12.577
12.5796
12.5809
10.6038
10.611
10.6208
10.6283
10.6254
10.6194
10.6157
10.614
10.6098
10.6046
8.66597
8.65647
8.6533
8.65599
8.65761
8.66135
8.6632
8.66505
8.66672
8.67012
6.73189
6.71836
6.71239
6.71324
6.72036
6.73662
6.74271
6.74086
6.73391
6.73696
4.78969
4.78649
4.78771
4.79494
4.80981
4.83296
4.83267
4.82185
4.81118
4.79972
2.86924
2.86946
2.87215
2.87836
2.88717
2.89768
2.90144
2.89979
2.88907
2.87447
0.959115
0.958764
0.958889
0.953783
0.951873
0.954976
0.96398
0.967861
0.969103
0.959317
99.2576
97.9076
96.7704
97.604
99.2281
98.1239
101.355
99.536
99.5526
101.034
99.9604
99.8261
100.312
100.012
100.021
101.131
100.298
100.196
102.566
99.612
100.43
99.2296
98.5106
99.4097
98.9354
97.6796
98.2451
95.5419
96.6287
97.2325
87.6373
101.364
97.7096
102.564
89.7841
98.0898
101.652
111.934
102.112
99.1057
100.231
101.935
101.338
101.788
96.8207
101.855
100.749
100.656
127.183
111.785
102.218
102.035
108.808
139.428
101.023
98.1558
102.927
104.69
97.8567
98.2656
96.8944
97.2559
96.6701
106.443
98.7793
98.4693
105.081
99.8056
99.9779
103.436
101.014
100.267
99.6207
99.8996
99.991
101.615
100.582
100.963
102.02
101.023
100.885
100.793
99.0498
102.287
110.337
98.1352
98.242
101.34
96.7079
97.661
98.3669
96.0705
95.749
99.2161
96.8017
96.3685
99.4839
97.8985
96.8559
100.104
99.6034
98.5293
100.007
99.7694
99.73
100.188
99.813
99.7874
99.5502
98.4673
99.6536
98.3965
96.3959
97.7051
97.7576
95.6668
96.0731
96.9919
95.5711
95.5348
98.1853
98.5026
99.8404
97.4625
97.6176
97.9082
96.6832
97.0924
97.1978
99.7079
98.4572
94.6397
98.838
98.8233
99.4303
98.3198
98.268
98.3678
99.1817
100.666
109.448
99.8918
100.162
99.7057
99.699
99.7712
99.6167
99.9677
100.088
102.531
99.9173
100.19
99.9809
99.9826
100.272
99.776
100.16
100.31
100.31
100.019
100.081
100.205
100.102
100.127
100.038
100.731
100.815
101.053
100.359
100.488
100.504
100.293
100.356
100.163
99.7101
101.404
105.47
100.196
100.462
99.5997
100.565
100.537
100.262
98.6791
99.1747
99.7904
98.7749
99.0334
98.5532
99.5946
99.2719
99.0695
97.9112
94.1243
100.561
97.8264
97.6783
97.5923
98.0981
98.0621
98.1887
96.5823
96.6037
96.2584
96.7656
96.6263
96.438
97.2503
96.9203
96.8125
99.8231
99.8921
99.7813
100.168
99.9996
100.017
99.8974
99.9743
99.9243
99.5542
99.8349
99.9385
99.0047
99.2832
99.4319
99.6376
100.009
99.8207
98.615
98.9722
98.6833
99.5388
99.7082
99.336
98.0539
95.2259
95.2335
98.9006
95.2007
95.2255
99.8527
99.9137
99.8306
99.8333
99.8361
99.8196
98.1243
97.7701
97.9571
99.8233
99.893
99.9311
98.7564
98.3714
98.8759
99.7725
99.7881
99.7781
97.5957
94.9821
94.7702
96.6033
94.7401
95.0088
99.381
99.766
99.7848
99.8035
99.8125
99.4055
98.8465
99.6016
99.4774
99.6344
99.6983
98.7812
102.088
109.085
118.948
96.9181
97.251
97.6686
101.494
105.104
102.567
96.572
94.4765
94.4348
97.4522
99.1054
99.2526
95.4373
94.1875
94.3941
99.172
98.6385
97.0553
98.4003
98.003
97.4147
97.3263
96.323
96.4326
107.453
101.66
104.216
96.7343
98.1592
97.4089
98.0886
98.6718
97.206
97.1802
96.8624
97.8723
96.2215
96.2195
97.083
97.6539
96.6292
96.3138
98.7844
96.4265
96.417
96.445
96.3788
98.8425
96.3062
96.384
98.4001
98.3908
96.3788
96.2669
108.632
111.136
125.66
96.1612
96.0097
97.2288
97.2032
96.0371
96.2282
94.6947
93.6641
93.8905
96.7341
96.5434
96.0544
101.666
108.104
120.427
107.894
100.625
100.498
101.386
101.666
103.076
104.308
106.163
101.317
99.0994
103.896
99.3728
100.015
103.151
87.987
99.518
103.906
99.1168
115.293
99.0147
105.015
100.782
103.347
110.688
95.3709
94.1564
93.8487
96.4797
97.217
97.7034
96.162
99.8926
98.3722
96.9676
95.9999
95.9146
126.508
77.8709
99.8989
104.83
99.9516
98.8904
95.8337
96.0747
96.9814
100.936
103.237
99.4839
96.9742
99.4238
101.687
103.892
107.098
109.102
102.455
109.573
106.742
91.327
110.766
101.294
101.084
98.9485
100.288
104.545
100.983
102.317
99.3896
101.039
102.25
122.109
93.2532
105.083
98.3973
106.201
95.0129
105.511
101.669
110.995
109.461
93.3645
86.1577
94.8433
91.1654
97.1126
94.8864
99.3203
98.1848
95.0984
101.279
101.149
98.7446
99.2921
97.7635
102.001
98.7593
113.108
126.929
84.9211
100.66
117.041
97.1428
141.342
103.573
100.424
97.4762
100.421
101.318
99.0646
106.128
99.4948
99.6589
104.393
102.376
100.274
105.039
111.33
111.617
102.401
107.896
105.944
104.685
108.227
99.3951
102.331
114.57
102.015
100.877
97.7024
100.394
107.427
92.639
103.682
107.627
93.5863
133.577
95.7611
96.1985
96.0801
83.8786
112.863
98.274
104.974
99.75
103.135
103.475
108.125
97.047
99.2402
110.954
107.718
100.811
99.3284
93.2897
129.311
117.932
93.098
115.922
100.359
91.9978
100.813
96.1335
98.8665
114.985
111.413
108.582
98.4178
98.5859
101.146
96.8848
97.2699
96.8256
95.9028
106.182
117.37
100.858
101.117
98.0234
101.769
92.3299
118.201
127.075
93.192
123.808
107.479
102.734
115.542
105.264
103.761
110.691
91.0498
96.4922
103.345
94.4447
101.416
98.6854
90.4663
108.896
105.944
110.17
99.3147
103.295
114.343
119.226
119.266
99.0152
101.074
127.703
98.0805
100.552
97.0173
98.0375
95.2675
110.544
143.347
114.559
156.682
105.562
103.397
112.586
138.739
89.9839
112.017
113.949
111.998
99.7704
111.173
110.157
108.941
106.441
100.344
101.175
95.9865
95.3812
95.7232
69.0781
73.2167
100.987
110.871
119.243
104.45
112.367
101.621
111.593
117.276
116.706
102.181
125.131
121.403
140.331
193.346
97.1037
89.261
115.247
169.696
112.657
133.139
117.669
114.832
90.1679
139.756
103.475
130.007
116.298
94.4847
91.6201
101.685
141.659
103.02
120.194
124.061
92.58
88.0031
89.4861
97.4289
121.542
114.408
117.505
133.05
76.2689
95.7936
95.5641
96.3278
)
;
    }
    upperWall
    {
        type            fixedFluxPressure;
        gradient        uniform 0;
        value           nonuniform List<scalar> 
1172
(
108.194
110.523
146.87
107.06
124.254
96.4614
97.0894
101.622
96.5096
97.2513
108.555
124.52
101.544
75.1663
97.6568
100.589
94.0403
52.7148
98.2402
99.7287
104.193
91.5197
100.814
99.9899
107.865
97.5427
143.994
101.696
94.7723
99.8553
99.3753
133.321
101.394
99.2913
100.385
105.631
107.197
100.95
96.2806
92.7946
102.494
115.213
101.368
100.628
101.176
100.122
101.786
112.781
100.218
105.087
97.1488
98.6959
100.188
100.155
101.408
104.19
101.937
100.325
101.89
98.303
97.235
98.2746
99.4031
99.81
99.9617
100.108
100.32
99.2281
98.1926
97.2563
94.0498
95.0401
95.724
96.7656
98.0105
98.8783
97.5875
96.3856
94.9925
93.8529
91.7213
91.863
92.225
92.5123
92.7051
92.6945
92.4845
92.1195
91.7415
91.6399
89.313
89.4661
89.6763
89.8869
90.0036
89.9976
89.8289
89.599
89.388
89.2642
86.8525
86.9478
87.0888
87.2158
87.2839
87.2741
87.1829
87.0304
86.9021
86.8318
84.3676
84.43
84.5063
84.614
84.6366
84.6308
84.5766
84.4825
84.4097
84.3519
81.8714
81.9331
81.9673
82.0215
82.0505
82.0487
82.0296
81.9711
81.9155
81.859
79.3972
79.4347
79.4643
79.489
79.5039
79.5074
79.4987
79.4612
79.4236
79.4001
76.9285
76.9469
76.9715
76.9926
77.0108
77.0223
77.0046
76.9599
76.9492
76.9321
74.4782
74.4999
74.5003
74.5186
74.5338
74.5445
74.5346
74.5227
74.5086
74.4811
72.0433
72.0504
72.074
72.0806
72.0984
72.108
72.1019
72.0852
72.0533
72.0433
69.6379
69.6557
69.686
69.6799
69.6755
69.6794
69.6853
69.6666
69.6433
69.635
67.2502
67.2753
67.3003
67.2792
67.2604
67.2573
67.2591
67.2718
67.2526
67.2463
64.8888
64.8944
64.8969
64.9026
64.9042
64.8957
64.8841
64.8745
64.8791
64.879
62.5322
62.5393
62.5417
62.5575
62.56
62.5582
62.5395
62.5302
62.521
62.5213
60.1965
60.1999
60.2042
60.2067
60.2065
60.2014
60.1999
60.1944
60.1863
60.1869
57.8892
57.8815
57.8742
57.8824
57.8859
57.8858
57.885
57.8825
57.8851
57.8883
55.5755
55.5761
55.5741
55.5759
55.5785
55.5886
55.5973
55.5978
55.592
55.5812
53.2865
53.2775
53.2824
53.2891
53.2992
53.3051
53.3119
53.3111
53.3113
53.3012
51.0161
51.0025
50.9954
51.0072
51.0215
51.0354
51.0338
51.038
51.0373
51.032
48.7512
48.7404
48.7307
48.7303
48.7398
48.7502
48.7559
48.7576
48.7546
48.7539
46.4848
46.4867
46.4932
46.4986
46.4935
46.4888
46.4852
46.4821
46.4811
46.4826
44.2374
44.245
44.2559
44.2498
44.2369
44.2311
44.2333
44.2428
44.2366
44.2341
42.0157
42.0186
42.0209
42.0102
42.0021
41.9953
42.0067
42.0118
42.0102
42.0106
39.7906
39.8051
39.8089
39.8092
39.8031
39.7961
39.7948
39.7899
39.7773
39.7796
37.5899
37.603
37.6017
37.5967
37.5884
37.583
37.5726
37.5691
37.5686
37.5748
35.4176
35.4144
35.3956
35.3893
35.386
35.3795
35.3733
35.3778
35.3962
35.4111
33.2389
33.2308
33.2193
33.2137
33.2125
33.2156
33.2212
33.2276
33.2327
33.2386
31.0526
31.0565
31.0626
31.0718
31.0729
31.0763
31.0792
31.0771
31.07
31.0575
28.898
28.9045
28.9192
28.9361
28.9456
28.9477
28.942
28.9312
28.9221
28.9046
26.7961
26.7921
26.7927
26.7989
26.8098
26.8205
26.8257
26.8264
26.8246
26.8023
24.732
24.716
24.7069
24.7032
24.7087
24.7192
24.7326
24.7441
24.7481
24.7398
22.677
22.6555
22.6538
22.6546
22.6605
22.6628
22.665
22.6701
22.6742
22.6758
20.6131
20.6119
20.6134
20.62
20.6322
20.6309
20.6236
20.615
20.6141
20.6127
18.5786
18.5843
18.5944
18.5992
18.5989
18.5913
18.5833
18.5783
18.5765
18.5775
16.5894
16.5924
16.5947
16.581
16.5673
16.5489
16.5461
16.5532
16.564
16.5792
14.6037
14.607
14.5997
14.5762
14.5559
14.5412
14.5416
14.5518
14.5693
14.5879
12.5904
12.6054
12.6066
12.5987
12.5875
12.5756
12.576
12.577
12.5792
12.5806
10.6038
10.6111
10.6213
10.6284
10.6253
10.619
10.6155
10.6138
10.6097
10.6048
8.666
8.65649
8.65304
8.6559
8.65752
8.66126
8.66311
8.66496
8.66661
8.67009
6.73168
6.71818
6.71209
6.71303
6.72042
6.73661
6.74287
6.74079
6.7337
6.73664
4.78946
4.78641
4.78777
4.79483
4.80964
4.83297
4.83246
4.82178
4.81107
4.79961
2.86909
2.86972
2.87213
2.87825
2.88714
2.89698
2.90091
2.89972
2.88907
2.87455
0.959204
0.958521
0.958698
0.953342
0.951829
0.954923
0.964028
0.967866
0.96901
0.959237
96.7644
97.9155
99.5484
98.1135
99.27
105.283
99.561
99.5824
99.732
99.8842
99.9085
100.89
100.014
100.048
99.8399
100.162
100.302
101.126
100.317
99.6096
99.5826
99.3763
98.5166
98.6288
98.2287
97.6794
98.8641
97.2204
96.6055
98.8247
102.897
98.5781
148.489
99.8405
118.46
105.519
101.119
106.09
97.1881
97.4583
100.239
102.882
94.1507
104.832
100.881
113.577
101.064
101.306
104.021
97.3896
92.9806
101.627
101.191
110.738
118.582
100.214
97.4941
98.8184
106.6
104.219
96.2154
96.9794
97.1146
98.3859
98.6083
103.043
100.073
99.84
100.779
100.301
100.737
101.952
99.9786
99.7945
97.5842
100.853
100.596
101.922
100.964
100.904
101.96
99.2104
98.9644
100.525
98.2527
97.085
89.8772
97.8205
96.7225
100.009
95.7496
96.0699
98.3738
96.367
96.803
99.2106
96.8564
97.8963
99.482
98.5394
99.604
100.072
99.7303
99.7716
100.033
99.7892
99.8122
100.181
99.6539
98.4554
99.554
97.7066
96.394
98.3939
96.0724
95.6667
97.7565
95.5344
95.5723
96.9447
97.2005
97.1048
96.6997
97.918
97.5556
97.4573
99.6233
97.7565
98.1318
98.3736
98.3367
98.3117
99.6542
99.0253
98.8429
108.01
99.0806
99.9395
99.6236
99.6671
99.6946
99.7105
100.244
99.9999
101.954
100.414
99.2476
99.7647
100.125
99.9967
100.019
100.147
99.9364
101.644
100.241
100.208
100.018
100.087
100.099
100.185
100.121
100.008
100.232
100.288
100.124
100.162
100.307
100.291
100.487
100.544
100.356
100.906
100.87
100.82
100.282
100.524
100.547
99.635
100.557
100.234
102.44
101.21
99.6311
99.0719
99.2317
99.5901
98.5456
98.9824
98.8
99.4133
98.9728
98.5587
98.1746
97.9741
98.1287
97.6665
97.7772
97.8581
100.324
101.729
97.8202
96.8088
97.0299
97.2174
96.4417
96.6375
96.7758
96.7048
96.4387
96.1616
99.7804
99.812
99.8618
100.011
100.034
100.133
99.892
99.9206
99.9091
99.9235
99.9014
99.5558
99.427
99.2543
98.9968
99.8488
99.9954
99.6303
98.6818
98.9746
98.615
99.332
99.6881
99.545
104.575
102.772
107.926
100.492
100.36
99.7976
95.2332
95.2255
98.0563
95.2251
95.1996
98.8974
99.8232
99.9148
99.8561
99.814
99.8349
99.8221
97.9584
97.7899
98.1362
98.8744
98.3755
98.7546
99.9319
99.8956
99.8249
99.7656
99.7858
99.7715
94.7716
94.9834
97.5979
95.0076
94.7388
96.6008
99.7868
99.7664
99.3822
99.4063
99.8129
99.8023
98.7826
99.6995
99.6386
99.4702
99.6041
98.8483
97.4344
95.7688
99.4774
97.6531
97.1605
96.919
100.267
104.751
88.3197
94.4357
94.4775
96.573
99.2515
99.1031
97.4543
94.3942
94.1875
95.4372
97.0543
98.6365
99.1711
97.4111
98.0031
98.3988
104.877
102.764
100.486
96.4304
96.3192
97.3178
96.1415
99.4668
102.233
97.4026
98.1655
96.7332
97.2067
98.6784
98.092
97.8596
96.8596
97.1811
96.8224
163.641
81.4081
97.0875
96.2188
96.2147
96.3118
96.6276
97.6057
96.4145
96.4241
98.7668
98.8187
96.3798
96.446
99.6738
98.5738
95.7905
98.3985
96.3821
96.3031
96.2658
96.377
98.3631
129.189
97.8185
98.7736
100.341
101.776
106.102
83.6667
82.3393
89.2127
104.717
98.1393
109.807
103.09
102.327
90.1227
98.1088
93.7922
97.1459
104.457
96.6698
108.995
97.2288
96.0112
96.1629
96.2258
96.0354
97.2012
93.8905
93.6641
94.6947
96.054
96.5426
96.7336
98.2563
98.8205
95.7934
94.9145
99.4045
100.626
102.083
106.273
105.358
108.324
101.484
104.061
98.0692
97.8863
108.93
79.0154
110.515
101.422
104.546
102.763
94.4024
93.8483
94.1561
95.3706
97.7046
97.2185
96.4803
102.844
101.564
100.903
95.9155
96.0011
96.9696
101.706
109.142
110.467
96.9806
96.0736
95.8314
95.8563
97.6346
98.0404
101.53
97.5173
95.4102
106.758
105.85
97.4438
95.6931
108.603
117.262
75.0545
104.967
108.285
104.097
103.024
81.7006
130.192
94.1953
98.5366
107.668
104.78
96.7766
106.924
96.4527
122.986
108.763
83.2575
140.216
107.926
96.4308
103.399
98.9743
98.6275
95.9374
121.607
120.169
97.2269
100.507
97.0923
99.3032
100.164
101.919
97.8195
115.514
114.82
102.063
115.223
102.628
101.656
91.0341
111.452
113.165
96.0799
96.1959
95.7623
121.995
103.444
103.347
107.577
97.5666
98.3377
117.953
114.804
107.897
99.1015
103.173
115.707
98.4716
102.124
101.958
98.2322
103.445
99.6396
117.96
100.199
111.023
101.731
101.021
99.7035
102.357
98.666
97.2313
100.731
103.638
102.455
101.005
103.325
108.118
99.4672
101.818
99.1802
103.413
103.578
101.765
98.7692
103.177
106.158
105.616
101.219
103.177
105.136
114.502
104.616
104.778
98.1868
90.1777
96.281
94.5144
109.29
103.304
113.635
110.922
109.824
108.946
93.0113
106.828
97.7213
102.326
95.6785
104.298
99.0536
108.896
100.748
100.55
101.951
108.668
96.9648
103.962
88.6275
154.06
107.755
105.054
113.884
140.847
111.062
109.124
133.386
109.985
97.5952
111.095
112.768
122.529
121.002
111.639
108.76
98.302
112.735
123.36
111.367
110.663
105.602
99.9212
103.718
96.8245
106.545
112.823
126.968
101.172
97.5897
100.882
95.4236
105.145
133.294
137.493
113.486
140.405
110.026
93.9402
111.016
100.332
105.237
97.8752
96.4144
99.4926
100.868
114.562
112.193
90.5329
95.3933
64.7859
99.1224
98.9718
109.094
102.067
99.9474
101.223
99.2588
101.703
100.525
96.7197
106.751
112.207
95.3291
102.438
102.562
96.8811
112.485
116.648
99.8767
102.141
102.471
101.077
100.148
90.6946
94.6406
104.78
111.288
118.675
138.036
120.369
126.154
119.609
104.965
78.459
103.615
98.3868
110.084
100.233
108.365
103.497
95.7232
95.3812
95.9868
104.541
106.507
102.361
98.3955
102.481
84.7146
105.86
99.8994
108.02
102.679
104.073
114.069
107.985
111.189
84.9503
99.8168
111.338
99.787
98.0768
80.0197
109.397
102.479
103.017
120.791
96.3285
95.5649
95.7944
)
;
    }
    frontWall
    {
        type            cyclic;
    }
    backWall
    {
        type            cyclic;
    }
}


// ************************************************************************* //
