/*--------------------------------*- C++ -*----------------------------------*\
| =========                 |                                                 |
| \\      /  F ield         | OpenFOAM: The Open Source CFD Toolbox           |
|  \\    /   O peration     | Version:  5.0                                   |
|   \\  /    A nd           | Web:      www.OpenFOAM.org                      |
|    \\/     M anipulation  |                                                 |
\*---------------------------------------------------------------------------*/
FoamFile
{
    version     2.0;
    format      ascii;
    class       volScalarField;
    location    "0.7";
    object      p;
}
// * * * * * * * * * * * * * * * * * * * * * * * * * * * * * * * * * * * * * //

dimensions      [1 -1 -2 0 0 0 0];

internalField   nonuniform List<scalar> 
9641
(
197.489
100.913
104.241
83.7227
79.1262
84.6867
88.737
88.2915
87.1153
85.4212
83.4369
81.2743
79.0124
76.7172
74.3939
72.0678
69.7441
67.4391
65.1532
62.8843
60.6137
58.3654
56.1426
53.9109
51.7036
49.5111
47.3241
45.1325
42.9577
40.8106
38.657
36.524
34.4242
32.3129
30.1913
28.0993
26.0621
24.0559
22.0576
20.055
18.0788
16.1459
14.215
12.2544
10.3229
8.43993
6.55466
4.66324
2.79228
0.933826
95.148
117.642
83.2676
89.0869
87.3117
87.8837
88.6012
88.279
87.0778
85.386
83.413
81.2562
79.0219
76.7213
74.391
72.0769
69.7426
67.4541
65.1712
62.8844
60.6188
58.3656
56.1329
53.9095
51.6897
49.495
47.3125
45.1357
42.9714
40.8132
38.6718
36.5414
34.4238
32.3073
30.1949
28.106
26.0563
24.0408
22.0432
20.0546
18.0847
16.1506
14.2222
12.2732
10.3291
8.4247
6.54029
4.66041
2.79532
0.933999
128.804
170.841
98.4796
74.6054
88.9861
90.4919
89.8914
89.5277
87.8522
85.8349
83.6951
81.4159
79.1059
76.7807
74.4333
72.0865
69.7711
67.4841
65.1945
62.8858
60.6213
58.3702
56.1253
53.9056
51.6904
49.489
47.3026
45.1414
42.9769
40.8173
38.6766
36.5389
34.3988
32.2862
30.1983
28.1191
26.0556
24.0313
22.0383
20.0554
18.0927
16.1452
14.2052
12.2741
10.3395
8.42337
6.53489
4.66186
2.7978
0.934094
100.175
98.4199
98.0515
63.0278
101.864
94.1643
94.2594
91.5164
89.0551
86.6029
84.1641
81.7348
79.2907
76.886
74.5043
72.1357
69.7969
67.4909
65.1822
62.895
60.6368
58.3731
56.133
53.9108
51.7113
49.5037
47.303
45.1476
42.9738
40.8065
38.6768
36.5326
34.3931
32.284
30.2074
28.1358
26.0609
24.0263
22.0387
20.0643
18.0966
16.134
14.1877
12.2606
10.3443
8.42575
6.53508
4.6685
2.80353
0.928966
124.845
154.512
76.5439
127.628
92.663
122.509
99.6894
93.2604
90.1743
87.3249
84.6237
82.0078
79.4783
77.0003
74.5848
72.1893
69.8391
67.5018
65.1727
62.9027
60.6431
58.3753
56.1393
53.9147
51.717
49.5174
47.3128
45.1427
42.9606
40.7991
38.6721
36.5282
34.3922
32.2835
30.2085
28.1451
26.0709
24.0308
22.0415
20.0701
18.095
16.1194
14.1666
12.2497
10.3416
8.42725
6.5426
4.68314
2.81145
0.926813
109.711
127.561
119.792
89.8674
107.353
100.578
101.368
94.369
90.9368
87.8361
84.9487
82.2137
79.6085
77.0873
74.6483
72.2339
69.8697
67.5197
65.1792
62.902
60.642
58.3734
56.1418
53.9261
51.7231
49.5301
47.3236
45.1381
42.955
40.7922
38.6658
36.5208
34.3842
32.2853
30.2113
28.1471
26.0823
24.0423
22.0451
20.071
18.0898
16.1079
14.1545
12.2409
10.3382
8.43207
6.55928
4.70685
2.82119
0.929878
108.981
107.555
98.2764
98.9766
111.624
106.483
102.812
95.0341
91.2862
87.9837
85.038
82.2654
79.6534
77.1168
74.6539
72.2377
69.8721
67.5303
65.1833
62.89
60.6343
58.3742
56.14
53.9343
51.7292
49.5316
47.3303
45.1355
42.957
40.8025
38.6604
36.5074
34.3765
32.2916
30.2152
28.1415
26.0871
24.0549
22.0471
20.0636
18.0827
16.0997
14.1506
12.2385
10.3336
8.43385
6.56515
4.7069
2.82678
0.938995
101.271
100.043
81.7704
101.009
107.597
113.552
104.872
94.6522
90.9238
87.6917
84.8191
82.1197
79.5585
77.0549
74.5936
72.2161
69.8483
67.5084
65.1911
62.8811
60.6221
58.3685
56.1379
53.9342
51.7243
49.5338
47.331
45.1313
42.9655
40.8064
38.6553
36.5045
34.3806
32.2985
30.2134
28.1313
26.0867
24.0664
22.0528
20.0578
18.0782
16.1113
14.1631
12.2431
10.3322
8.43609
6.56364
4.69575
2.82467
0.942873
107.966
98.6528
110.161
76.5921
84.5097
108.164
97.4707
92.134
89.4844
86.8688
84.3274
81.8281
79.3698
76.9357
74.5331
72.1712
69.8007
67.4783
65.1759
62.8848
60.611
58.3589
56.1409
53.9302
51.7337
49.5341
47.3281
45.1296
42.9599
40.8059
38.6436
36.5049
34.3992
32.3038
30.2067
28.1222
26.0808
24.0698
22.0568
20.0561
18.0762
16.1195
14.1793
12.244
10.3294
8.43741
6.55655
4.68464
2.81189
0.94421
118.631
96.9
93.1413
77.3629
71.7372
90.0475
91.6596
89.6047
87.9853
85.9653
83.7832
81.4859
79.1405
76.806
74.4511
72.1047
69.7674
67.4579
65.1576
62.8763
60.6085
58.359
56.1432
53.9176
51.7174
49.5279
47.3262
45.1308
42.9566
40.807
38.647
36.5143
34.416
32.312
30.1963
28.1065
26.072
24.0667
22.0598
20.0544
18.0761
16.1338
14.1925
12.2447
10.3204
8.4403
6.55983
4.674
2.80043
0.934092
121.16
109.109
95.0157
84.8346
79.8608
84.7158
88.7386
88.2918
87.1151
85.4212
83.437
81.2744
79.0122
76.7173
74.3939
72.0677
69.7441
67.4391
65.1532
62.8842
60.6136
58.3654
56.1426
53.9108
51.7036
49.5112
47.3239
45.1325
42.9576
40.8106
38.657
36.5239
34.4242
32.3128
30.1912
28.0993
26.0619
24.0559
22.0576
20.0548
18.0787
16.146
14.2151
12.2545
10.3229
8.43999
6.55457
4.66318
2.7923
0.933898
88.7596
104.632
84.9974
87.876
88.9924
87.882
88.6007
88.2789
87.0777
85.386
83.413
81.2562
79.0219
76.7212
74.3909
72.0767
69.7426
67.4542
65.1712
62.8843
60.6188
58.3657
56.1325
53.9094
51.6898
49.4949
47.3124
45.1357
42.9713
40.8132
38.6723
36.5415
34.4238
32.3073
30.1949
28.1059
26.0563
24.0408
22.043
20.0545
18.0847
16.1507
14.2221
12.273
10.3292
8.42472
6.54018
4.6604
2.79525
0.933947
130.2
141.497
93.0879
104.553
87.9845
90.275
89.874
89.5281
87.8531
85.8349
83.6951
81.4159
79.1059
76.7806
74.4333
72.0867
69.7711
67.4839
65.1944
62.8857
60.6212
58.3702
56.1252
53.9059
51.6903
49.489
47.3026
45.1414
42.9769
40.8174
38.6763
36.5388
34.3986
32.2863
30.1984
28.1191
26.0555
24.0313
22.0383
20.0554
18.0928
16.1453
14.2052
12.2739
10.3395
8.42334
6.53485
4.66189
2.79787
0.934084
97.6112
94.9244
114.411
100.069
99.6986
94.5041
94.109
91.5177
89.0551
86.6027
84.164
81.7348
79.2906
76.8859
74.5043
72.1357
69.7969
67.4908
65.1821
62.8949
60.6368
58.3731
56.133
53.9109
51.7113
49.5034
47.3031
45.1477
42.9739
40.8063
38.6767
36.5325
34.393
32.284
30.2074
28.1355
26.0607
24.0263
22.0387
20.0644
18.0966
16.134
14.1876
12.2608
10.3445
8.42572
6.53498
4.66846
2.80352
0.928857
120.596
106.004
90.6216
88.6392
106.989
102.391
99.7151
93.2604
90.174
87.325
84.6237
82.0072
79.4782
77.0003
74.5849
72.1894
69.839
67.5018
65.1726
62.9028
60.6432
58.3751
56.1392
53.9148
51.7167
49.5175
47.3129
45.1427
42.9604
40.799
38.6722
36.5282
34.3923
32.2835
30.2085
28.145
26.0711
24.0307
22.0415
20.0702
18.0949
16.119
14.1666
12.2496
10.3417
8.42723
6.54253
4.68304
2.81136
0.926858
113.153
114.625
128.403
99.2446
98.8119
101.113
101.412
94.369
90.9365
87.8362
84.9485
82.2135
79.6087
77.0873
74.6483
72.2339
69.8697
67.5198
65.1791
62.902
60.6423
58.3733
56.1418
53.9261
51.7231
49.5302
47.3234
45.138
42.9549
40.7924
38.6658
36.5203
34.384
32.2853
30.2112
28.1471
26.0822
24.0422
22.0451
20.071
18.0897
16.1074
14.1545
12.2409
10.3381
8.43205
6.55917
4.70686
2.82088
0.929846
108.973
110.956
99.6176
132.841
99.4744
109.5
102.875
95.0349
91.286
87.9837
85.038
82.2654
79.6534
77.1167
74.6539
72.2377
69.872
67.5301
65.1832
62.8901
60.6342
58.3741
56.14
53.9343
51.729
49.5316
47.3302
45.1356
42.9571
40.8024
38.6605
36.5073
34.3764
32.2915
30.2152
28.1414
26.0871
24.0549
22.047
20.0637
18.0827
16.0995
14.1506
12.2385
10.3335
8.43383
6.56529
4.70692
2.8268
0.939113
100.34
103.154
120.079
95.4074
104.834
109.598
104.7
94.6544
90.9238
87.6917
84.8191
82.1197
79.5585
77.0549
74.5936
72.2161
69.8487
67.508
65.1915
62.8811
60.6221
58.3686
56.1379
53.9342
51.7242
49.5338
47.331
45.1313
42.9653
40.8065
38.6552
36.5045
34.3806
32.2985
30.2134
28.1313
26.0867
24.0664
22.0528
20.0577
18.0781
16.1114
14.163
12.2431
10.3321
8.43607
6.56364
4.69573
2.82466
0.942994
123.597
104.856
128.202
102.924
61.9603
104.831
97.4671
92.1342
89.4844
86.8688
84.3274
81.8281
79.3697
76.9357
74.533
72.1714
69.8008
67.4776
65.1759
62.8849
60.6109
58.359
56.141
53.9301
51.7337
49.5341
47.3281
45.1296
42.9598
40.806
38.6436
36.5048
34.3993
32.3038
30.2066
28.1223
26.081
24.0697
22.0567
20.056
18.0763
16.1195
14.1793
12.2438
10.3293
8.43736
6.55649
4.6846
2.81192
0.944206
120.699
93.4229
93.682
74.4695
124.956
90.082
91.6622
89.605
87.9851
85.9653
83.7832
81.4856
79.1402
76.806
74.451
72.105
69.7674
67.4575
65.1577
62.8763
60.6084
58.359
56.1432
53.9176
51.7174
49.5278
47.3261
45.1308
42.9566
40.807
38.647
36.5143
34.4161
32.312
30.1959
28.1065
26.072
24.0667
22.0597
20.0544
18.0761
16.1338
14.1925
12.2444
10.3205
8.44038
6.5597
4.674
2.80051
0.93408
112.989
102.817
101.571
78.7719
79.915
84.7562
88.7373
88.2919
87.1152
85.4212
83.437
81.2745
79.0119
76.7172
74.3938
72.0674
69.7441
67.4395
65.1535
62.8839
60.6135
58.3655
56.1425
53.9106
51.7036
49.5112
47.3238
45.1325
42.9573
40.8105
38.657
36.5239
34.4241
32.3126
30.1911
28.0992
26.0618
24.0559
22.0575
20.0547
18.0785
16.146
14.2152
12.2546
10.3229
8.43998
6.55443
4.66307
2.79224
0.933862
154.604
117.081
140.984
88.2346
85.9016
87.9231
88.5992
88.2786
87.0777
85.3859
83.4129
81.2561
79.0218
76.7211
74.3909
72.0765
69.7425
67.4543
65.1712
62.8841
60.6188
58.3657
56.1323
53.9092
51.6899
49.4948
47.3121
45.1356
42.9715
40.8136
38.6723
36.5414
34.4236
32.3073
30.1948
28.1058
26.0562
24.0413
22.0429
20.0544
18.0847
16.1507
14.222
12.2725
10.3292
8.42472
6.53996
4.66035
2.79518
0.933748
235.653
157.705
96.2594
97.6392
90.043
91.9766
89.8603
89.5286
87.8535
85.8348
83.695
81.4158
79.1058
76.7806
74.4332
72.0868
69.771
67.4836
65.1943
62.8856
60.621
58.3701
56.125
53.9058
51.6902
49.4889
47.3027
45.1413
42.9769
40.8174
38.6758
36.5384
34.3985
32.2862
30.1984
28.119
26.0553
24.0313
22.0382
20.0553
18.0931
16.1455
14.2048
12.2737
10.3395
8.42321
6.53478
4.66183
2.79788
0.933754
97.6963
89.866
106.208
88.3085
97.2869
94.7032
94.1159
91.518
89.055
86.6024
84.164
81.7347
79.2906
76.8859
74.5042
72.1356
69.7968
67.4906
65.1821
62.8947
60.6368
58.373
56.133
53.911
51.7111
49.5031
47.3032
45.1476
42.9738
40.8062
38.6766
36.5324
34.3931
32.2839
30.2074
28.1354
26.0606
24.0263
22.0388
20.0643
18.0966
16.1339
14.1873
12.2609
10.3445
8.42564
6.53487
4.66838
2.80338
0.928531
106.293
113.509
94.9446
105.921
93.7715
108.147
99.7114
93.2595
90.1738
87.3252
84.6237
82.0064
79.478
77.0002
74.5849
72.1894
69.839
67.5017
65.1725
62.9028
60.6432
58.3746
56.1391
53.9149
51.7164
49.5175
47.313
45.1426
42.9604
40.7989
38.6722
36.5282
34.3922
32.2834
30.2085
28.145
26.0715
24.0307
22.0414
20.0701
18.0947
16.1185
14.1667
12.2496
10.3417
8.42716
6.54267
4.68293
2.81126
0.926769
109.348
79.2023
79.7365
96.4072
98.6019
98.4949
101.42
94.3682
90.9362
87.8362
84.9483
82.2134
79.6088
77.0872
74.6483
72.2338
69.8696
67.5198
65.1789
62.9019
60.6422
58.3732
56.1414
53.9261
51.7232
49.5299
47.3233
45.1378
42.9549
40.7929
38.6659
36.5201
34.3839
32.2852
30.2112
28.147
26.0822
24.0421
22.0451
20.0711
18.0896
16.107
14.1545
12.2409
10.3379
8.43198
6.55909
4.70688
2.82041
0.929811
107.639
103.807
127.684
105.974
99.5408
106.858
102.868
95.0327
91.286
87.9835
85.0379
82.2653
79.6533
77.1167
74.6538
72.2376
69.872
67.5299
65.1831
62.8901
60.6341
58.3741
56.14
53.9342
51.7289
49.5315
47.3302
45.1355
42.9574
40.8024
38.6603
36.5071
34.3765
32.2913
30.2151
28.1413
26.087
24.0549
22.0469
20.0637
18.0826
16.0994
14.1505
12.2385
10.3333
8.43376
6.56551
4.70689
2.82677
0.939108
101.584
91.6589
114.728
97.8668
104.315
110.436
104.732
94.6524
90.9239
87.6915
84.819
82.1196
79.5584
77.0548
74.5935
72.216
69.8489
67.5078
65.1917
62.881
60.622
58.3686
56.1381
53.9341
51.724
49.5338
47.3309
45.1309
42.9653
40.8065
38.6552
36.5043
34.3806
32.2984
30.2133
28.1312
26.0867
24.0662
22.0527
20.0578
18.078
16.1113
14.1629
12.243
10.332
8.436
6.56358
4.69568
2.82465
0.942967
114.528
98.4265
99.0527
104.875
81.4806
105.027
97.4718
92.1341
89.4847
86.8687
84.3273
81.828
79.3697
76.9356
74.533
72.1715
69.8016
67.4775
65.176
62.8849
60.6108
58.3589
56.1409
53.9301
51.7335
49.5341
47.328
45.1297
42.9598
40.8061
38.6435
36.5047
34.4
32.3037
30.2063
28.1223
26.081
24.0695
22.0566
20.0559
18.0763
16.1195
14.1792
12.2436
10.3293
8.43729
6.55639
4.68453
2.812
0.944118
111.416
94.1759
99.2018
74.4846
95.4434
90.2032
91.6599
89.605
87.9853
85.9652
83.7832
81.4855
79.1399
76.806
74.451
72.1052
69.7673
67.4574
65.1577
62.8762
60.6083
58.3589
56.1431
53.9176
51.7174
49.5277
47.326
45.1309
42.9565
40.8066
38.6469
36.5142
34.4166
32.3119
30.1958
28.1068
26.0719
24.0665
22.0597
20.0544
18.076
16.1337
14.1925
12.2443
10.3204
8.44032
6.55951
4.6738
2.8005
0.934009
88.1739
87.3361
87.9292
84.7042
88.1737
87.3327
87.9281
87.9749
89.7298
89.5388
87.8759
87.9615
89.5854
89.4368
90.2938
94.5889
94.1653
90.3098
90.1689
93.9268
94.1341
95.2655
112.917
99.7217
94.0539
95.3205
112.566
99.7231
100.294
104.918
100.826
102.832
100.298
103.955
100.823
101.301
98.3317
102.855
99.2479
101.307
108.049
102.876
103.21
123.28
106.126
109.679
103.238
107.886
106.164
107.687
109.853
104.336
110.208
107.704
111.84
104.136
101.617
93.0731
93.6404
108.8
101.541
93.0427
93.6431
92.0964
83.8229
88.4589
90.0561
92.0997
83.5314
88.4607
88.1724
87.3291
87.926
84.7469
88.1771
87.349
87.9325
87.9623
89.5772
89.4319
87.9411
87.9615
89.5783
89.4255
90.1593
93.3709
94.1243
91.8782
90.2322
92.5752
94.1246
95.3195
113.073
99.7065
94.6584
95.3281
109.77
99.6942
100.296
100.224
100.817
107.221
100.287
98.1732
100.807
101.307
107.933
102.884
101.062
101.31
108.451
102.895
103.25
108.785
106.156
106.913
103.271
110.833
106.142
107.709
109.086
104.134
110.423
107.7
113.166
104.208
101.579
93.0238
93.6384
105.335
101.591
93.03
93.6481
92.0969
83.7068
88.4564
90.1762
92.0928
83.9636
88.4532
88.179
87.3495
87.9374
84.7045
88.1772
87.3423
87.9378
87.9764
89.5441
89.4342
87.9159
87.9646
90.0225
89.5459
90.2358
92.6031
94.1478
91.9083
90.3338
93.9761
94.1284
95.3314
109.216
99.6796
96.0302
95.2717
108.652
99.6663
100.286
98.4588
100.812
109.665
100.267
100.398
100.805
101.316
108.279
102.896
99.0815
101.307
109.085
102.886
103.275
109.511
106.132
106.017
103.273
110.836
106.114
107.694
106.192
104.194
110.677
107.67
105.684
104.373
101.588
93.0338
93.6527
107.621
101.651
93.06
93.6467
92.0948
83.9821
88.4555
90.2238
92.0917
83.8517
88.458
83.6139
83.8202
86.8467
80.9028
83.6174
84.4891
86.691
86.4493
86.5116
85.1252
84.6902
85.1276
86.5607
86.3922
88.7603
88.4433
88.437
88.7375
88.7653
88.4435
88.4424
90.5207
90.2049
88.9909
86.2646
88.5402
90.3766
89.7966
88.5069
87.4058
88.8944
87.8823
87.3203
88.8757
88.4773
88.5099
88.9802
89.0183
88.6007
88.5151
88.975
89.0238
92.7182
104.723
96.4446
89.1757
91.5652
105.215
93.0437
91.0697
90.6754
92.0443
94.5021
90.6707
89.2745
91.2285
90.0579
92.6379
91.3352
89.8812
90.0648
92.4794
91.3421
95.6151
89.5179
109.959
96.6781
95.7366
97.8661
155.114
96.2319
94.3696
98.339
95.0617
94.6365
98.4418
96.212
92.7573
99.5056
94.333
94.1185
92.766
99.4902
94.3404
102.625
103.445
132.765
120.322
146.693
127.78
117.037
97.6613
101.76
81.7978
114.708
101.978
81.322
97.7586
95.2224
100.812
96.1355
99.7175
95.2282
100.853
96.1409
106.712
107.335
102.628
103.706
106.553
110.457
102.187
101.42
100.964
102.946
101.266
100.935
102.848
101.426
96.692
102.615
97.2675
101.413
96.6967
102.641
97.2726
106.133
100.287
108.629
101.903
109.095
100.475
110.274
104.428
103.981
109.232
113.849
104.723
118.588
104.565
98.0856
104.359
98.7456
102.842
98.0944
104.232
98.7562
111.837
81.4383
94.8687
104.907
111.112
251.525
98.2617
113.624
109.613
118.472
114.47
109.635
113.729
113.619
98.9257
101.883
97.842
104.717
98.9373
101.891
97.8535
114.151
104.083
91.6765
63.2377
122.556
111.524
91.4954
99.9879
104.733
100.547
110.011
104.747
102.091
99.994
95.6354
94.5374
93.1485
97.4687
95.645
94.5388
93.1562
89.4924
112.723
83.7379
98.7334
89.7379
78.4105
83.8491
88.8119
90.5258
87.4682
90.0513
90.5291
87.4794
88.8168
91.1719
89.7175
89.5615
91.6605
91.1777
89.7182
89.567
83.6194
83.9392
86.8297
79.5605
83.6146
85.4154
86.8284
86.3009
86.3543
85.0659
84.7222
86.3063
85.0852
86.2977
88.7641
88.4445
88.4413
88.7384
88.764
88.4444
88.4411
88.6797
91.2226
89.6574
90.0874
89.6419
89.9383
91.675
88.5619
87.4149
88.6798
88.0321
88.5522
87.6567
88.688
88.5138
88.971
89.0229
88.6
88.513
88.9699
89.0232
91.4588
108.341
92.6838
88.1442
93.0216
91.3652
92.2027
91.6472
90.7521
91.8505
92.702
91.1399
90.7607
91.7472
90.0642
92.4611
91.3412
89.8532
90.064
92.4476
91.3412
95.8691
98.8762
171.339
94.7463
94.4714
95.5725
234.82
95.5157
94.8463
96.2196
94.562
97.1156
94.8283
95.7797
92.7644
99.494
94.3377
94.1059
92.7641
99.4934
94.3378
185.748
123.333
111.259
95.1833
202
116.697
91.9812
98.3782
101.305
97.161
102.559
98.1497
101.39
120.148
95.2241
100.852
96.1376
99.7187
95.224
100.846
96.1377
105.792
101.993
104.342
98.7425
87.1812
103.944
110.391
100.975
100.985
101.631
101.478
101.168
101.006
101.332
96.6931
102.647
97.2677
101.418
96.6934
102.651
97.2678
109.122
104.791
107.267
106.399
123.497
106.53
108.038
104.355
103.844
109.664
113.293
104.046
104.188
109.714
98.0911
104.228
98.7536
102.818
98.0908
104.225
98.7536
106.912
26.4215
101.01
104.69
107.333
-75.1279
103.183
113.604
109.642
118.075
110.034
113.549
109.614
118.124
98.9352
101.882
97.8519
104.713
98.935
101.874
97.8516
94.6652
168.011
90.9689
62.3995
103.439
77.7565
90.6909
99.6975
104.678
99.0845
104.483
99.7993
104.644
99.8838
95.6448
94.5406
93.1553
97.4692
95.6445
94.5396
93.1553
89.8838
77.2928
83.9025
99.1617
90.5367
77.6782
83.9976
88.7947
90.5846
87.5095
90.1025
88.8123
90.5886
87.5429
91.1767
89.7198
89.5658
91.6617
91.1765
89.7197
89.5658
83.6268
84.0348
86.8326
79.0305
83.6211
83.6
87.3252
86.3965
86.3221
85.0624
84.7316
86.3548
85.0662
86.354
88.7651
88.4435
88.442
88.7372
88.76
88.4436
88.4366
88.5555
89.8641
85.8787
86.2127
87.4687
92.1245
87.654
88.6172
87.6469
88.7095
87.9142
88.5732
87.5599
88.7539
88.5137
88.9726
89.0246
88.6
88.508
88.9771
89.0198
91.5891
88.9733
93.2879
88.5649
93.9108
89.4269
94.9964
91.1968
90.89
91.6883
91.9062
91.1468
90.921
91.7207
90.0647
92.4536
91.3422
89.8757
90.0581
92.6212
91.3354
94.8381
95.3173
82.3136
104.992
97.8393
97.0207
83.816
95.8055
94.7919
95.6586
94.734
96.0867
94.8104
95.3421
92.7658
99.4996
94.3404
94.2486
92.7577
99.5198
94.333
150.715
115.381
71.7923
96.1962
134.558
100.472
108.503
99.1784
101.221
112.409
108.981
99.0614
101.213
112.968
95.2277
100.841
96.1408
99.6847
95.2217
100.802
96.1351
93.6579
102.937
108.639
105.508
97.7861
101.032
107.356
100.96
100.878
107.705
104.938
101.481
100.837
105.335
96.6975
102.651
97.2726
101.375
96.6932
102.628
97.2674
104.761
106.266
107.81
112.7
109.304
105.926
115.221
103.809
104.07
104.104
107.184
103.824
104.198
106.165
98.0936
104.236
98.7564
102.797
98.0843
104.344
98.7459
106.661
-57.2119
118.496
107.275
106.247
8.5058
113.762
114.075
109.656
132.301
110.376
114.461
109.772
124.78
98.9369
101.878
97.8526
104.89
98.925
101.879
97.8409
104.323
61.5335
91.1474
56.5287
105.553
62.0608
91.0316
99.3142
104.629
102.867
105.192
99.4203
104.623
105.592
95.6446
94.5369
93.1563
97.4734
95.6348
94.5359
93.1488
90.449
77.9435
84.0569
97.7048
91.3005
78.7901
84.1524
88.8424
90.5887
87.5617
90.2237
88.8044
90.5792
87.5544
91.1773
89.718
89.5671
91.6589
91.1713
89.7173
89.5618
87.2331
87.1797
87.946
88.1762
87.9506
87.2424
87.1769
87.0963
86.4513
87.5057
87.3397
86.4541
87.527
87.122
87.3869
88.0245
87.4479
87.9323
88.0277
87.4026
87.3877
86.3941
84.695
86.3723
85.0826
85.0849
86.3606
86.3622
87.2393
88.1734
87.1666
87.9492
87.9486
87.244
87.1726
87.0543
87.3341
86.4654
87.5208
86.4576
87.5282
87.0173
87.3897
87.9285
88.0271
87.3636
88.0257
87.3804
87.3949
88.2104
87.6801
88.3133
87.9813
87.6475
88.3132
88.237
89.5565
90.0339
89.6054
89.721
90.0012
89.6085
89.5848
89.3447
88.2374
90.264
89.4739
88.2112
90.2757
89.3566
88.5251
87.8828
87.5856
88.7664
87.2489
88.8447
88.5394
88.1803
87.9734
87.8326
88.3243
87.6324
88.3158
88.1639
89.3934
89.5607
89.865
89.5979
89.6098
89.5996
89.4147
89.2416
89.4505
88.0934
90.3587
88.1519
90.3148
89.3903
92.3726
91.0659
91.5639
90.2143
91.1284
91.4524
92.4316
91.9802
93.2837
93.8214
94.8365
93.1347
94.0405
91.791
93.0372
92.3799
93.7382
94.1678
92.4024
93.744
93.0073
91.1245
90.1421
90.7531
92.9251
90.6935
89.4153
91.1301
92.3782
90.1833
91.1105
91.5227
91.1329
91.4708
92.3996
91.6142
94.3232
93.0294
93.6004
93.0697
93.5538
91.6833
93.039
94.1467
92.3971
93.7126
92.4041
93.7316
93.0246
96.4776
94.8577
96.2784
95.2934
94.8595
96.3011
96.4732
97.6633
100.265
103.691
111.961
99.612
104.346
97.736
97.8808
97.9144
100.993
99.7452
97.9262
101.011
97.8634
96.2
94.6066
94.6493
103.907
94.6903
98.4362
95.9843
96.4778
95.3138
94.8428
96.3202
94.8505
96.3141
96.4564
97.8366
112.15
99.7593
103.321
99.7258
103.315
97.7101
97.9084
99.7395
97.9271
100.916
97.9242
100.994
97.8171
100.514
100.819
99.944
100.303
100.801
99.9508
100.65
102.533
108.029
100.643
117.134
105.779
100.635
102.626
101.749
101.02
101.296
100.832
101.027
101.266
101.839
97.7869
113.049
101.166
98.0812
101.307
90.3663
97.9146
100.501
100.304
100.762
99.9451
100.865
99.9485
100.517
102.796
103.387
106.126
100.666
105.696
100.693
102.923
101.759
100.833
101.027
101.265
101.03
101.389
101.763
101.303
101.211
101.447
101.309
101.21
101.458
101.274
101.875
117.595
103.049
107.184
110.804
103.03
102.524
101.781
102.04
103.036
102.869
102.047
103.043
101.785
101.511
99.7801
100.997
102.102
101.046
102.488
101.178
101.226
101.313
101.239
101.451
101.218
101.461
101.222
104.003
110.426
121.361
103.053
119.892
103.006
101.691
101.774
102.873
102.04
103.099
102.045
103.14
101.774
104.62
103.678
104.224
103.212
103.675
104.238
104.668
106.338
108.757
106.955
110.724
110.812
106.746
105.675
105.462
104.905
107.032
106.146
104.934
107.024
105.464
104.491
113.5
103.788
109.752
103.726
111.544
104.152
104.595
103.217
103.898
104.237
103.874
104.238
104.595
105.014
115.296
108.891
106.784
108.656
106.79
105.026
105.458
106.162
104.945
107.001
104.949
107.013
105.451
112.017
109.201
108.708
107.696
109.207
108.681
112.01
115.502
124.613
108.245
109.285
122.808
108.236
116.113
112.474
108.008
108.002
104.279
107.966
108.051
112.463
113.674
116.299
109.689
118.248
109.63
117.849
113.746
112.024
107.7
109.182
108.642
109.192
108.657
112.04
115.557
115.978
128.423
108.205
126.454
108.208
115.594
112.478
104.229
107.881
108.018
107.918
108.068
112.471
97.9805
103.601
97.8331
101.589
103.596
97.8595
97.9725
98.0792
99.6036
94.0305
93.0761
99.5905
94.0213
98.0661
96.6231
96.3522
93.1479
93.65
96.3603
93.1186
96.6886
99.9465
107.967
104.702
104.405
104.712
101.67
99.8778
97.976
101.556
103.608
97.8679
103.593
97.8697
97.954
98.0651
93.0594
99.675
94.0372
99.5507
94.0247
98.0621
96.6068
93.6473
96.3598
93.0779
96.3519
93.1496
96.6173
89.4211
91.262
90.502
92.1017
91.2625
90.5063
89.412
87.7842
85.4246
86.3616
83.909
85.4867
87.9875
86.3471
88.4658
89.4693
87.4756
88.4632
89.4718
88.4712
87.4921
88.8164
90.054
90.5703
87.4944
90.5439
87.4894
88.8187
89.4237
92.1
91.2399
90.5072
91.2525
90.505
89.421
87.7121
83.4423
85.512
86.2286
85.5535
87.7355
86.2763
88.4623
88.4619
89.4695
87.488
89.4693
88.4589
87.4948
87.2305
87.1629
87.9476
88.1744
87.2377
87.9469
87.1658
87.0051
86.478
87.4775
87.3326
87.0024
86.4937
87.4679
87.3905
88.0258
87.358
87.9275
87.3947
88.0266
87.3698
86.344
84.7517
86.3041
85.0908
85.1307
86.3338
86.2912
87.2251
88.1759
87.1683
87.9457
87.9465
87.2289
87.1674
87.0107
87.3464
86.4797
87.4801
86.4955
87.4946
87.0167
87.3874
87.9297
88.0258
87.3868
88.0259
87.3768
87.3863
88.1625
87.688
88.3205
87.9669
88.1514
87.6903
88.3136
89.4708
89.9242
89.5962
89.9562
89.4923
90.2723
89.5927
89.5697
88.1316
90.3749
89.4362
89.5034
88.1187
90.3835
88.5527
87.9651
87.5728
88.671
87.5629
88.7038
88.5582
88.1729
87.9593
87.6294
88.3205
87.6925
88.315
88.1713
89.4626
89.6592
90.1573
89.5856
89.989
89.5916
89.4269
89.5664
89.4354
88.1597
90.398
88.1289
90.3946
89.5244
92.4016
91.1116
91.5002
90.1683
92.3946
91.1256
91.4989
91.6084
92.9612
93.7935
92.7837
91.6179
92.9881
93.7483
93.0426
92.3906
93.7105
94.1163
93.0279
92.3915
93.7182
91.0754
92.6226
90.852
91.9066
90.8099
91.9044
91.0964
92.3927
90.2085
91.1051
91.473
91.1205
91.4764
92.3796
91.6244
92.5533
101.432
93.2488
95.4018
93.3171
91.6578
93.024
94.1163
92.3699
93.7437
92.3879
93.7324
92.982
96.4501
94.8385
96.3309
95.3221
96.4501
94.8407
96.3379
97.5175
100.102
103.292
112.729
97.5924
111.553
103.257
97.8544
97.931
100.94
99.7116
97.8206
97.9359
100.967
95.8748
94.6039
94.7843
95.641
94.7711
95.8352
95.8825
96.4612
95.3244
94.8531
96.2908
94.8446
96.3194
96.4635
97.45
124.245
104.324
102.923
95.3886
103.032
97.3918
97.8472
99.7121
97.9178
101.012
97.932
100.993
97.8698
100.575
100.927
99.9456
100.293
100.571
100.855
99.9479
103.332
105.925
100.716
116.272
103.256
135.106
102.467
101.76
101.03
101.26
100.81
101.767
101.032
101.294
98.5359
139.65
101.27
111.912
101.245
107.617
98.8031
100.617
100.292
100.844
99.9568
100.806
99.9503
100.657
103.351
102.243
117.581
100.405
115.862
100.59
103.506
101.753
100.804
101.029
101.193
101.031
101.263
101.742
101.198
101.22
101.45
101.308
101.44
101.205
101.45
101.588
106.569
103.065
108.249
101.626
107.885
103.062
101.763
102.039
103.152
102.888
101.78
102.042
103.148
101.488
100.668
100.944
101.052
100.988
101.055
101.585
101.216
101.309
101.2
101.453
101.323
101.45
101.225
101.94
108.463
98.8148
103.203
109.024
103.171
102.048
101.85
102.893
102.052
103.188
102.047
103.199
101.742
104.613
103.795
104.239
103.248
104.637
103.712
104.247
105.087
108.206
107.013
109.837
105.037
108.264
106.902
105.423
104.942
106.991
106.156
105.442
104.947
106.986
104.165
112.746
103.956
116.658
104.068
114.261
104.156
104.61
103.257
103.726
104.24
103.761
104.249
104.714
105.243
111.16
107.756
106.889
112.836
106.878
105.375
105.407
106.152
104.912
106.984
104.936
106.984
105.397
112.069
109.178
108.643
107.711
112.059
109.175
108.651
115.858
122.518
108.192
108.214
115.843
123.609
108.196
112.474
107.86
107.94
104.179
112.469
107.86
107.945
113.719
110.358
109.647
119.171
109.643
118.344
114.061
112.08
107.707
109.176
108.658
109.175
108.655
112.099
115.896
108.844
131.412
108.182
132.241
108.206
115.888
112.474
104.223
107.865
107.978
107.864
107.978
112.478
98.0934
103.604
97.8577
101.559
98.0398
103.515
97.8473
98.0546
99.4847
94.0299
93.0201
98.0625
99.3718
94.0175
96.6149
96.3683
93.0122
93.6411
96.6225
96.3588
93.0126
99.617
105.855
104.629
98.8234
104.636
99.413
99.5203
98.1598
101.593
103.457
97.8459
103.478
97.8409
98.2273
98.0668
93.027
99.1508
93.973
99.247
94.0109
98.0676
96.6605
93.6458
96.3381
93.0347
96.3412
93.0162
96.6718
89.4296
91.2361
90.5074
92.0946
89.4212
91.2387
90.5093
87.7088
85.53
86.2024
83.8374
87.7548
85.567
86.2273
88.452
89.4676
87.4752
88.4546
88.4551
89.4684
87.4584
88.8025
90.1378
90.5945
87.5532
90.5914
87.5659
88.7722
89.4389
92.0928
91.2382
90.5062
91.2368
90.5085
89.4301
87.6701
83.9027
85.6248
86.2501
85.6187
87.6632
86.2458
88.4477
88.4532
89.4721
87.4359
89.4694
88.4534
87.4437
87.2324
87.1699
87.9469
88.1784
87.234
87.9465
87.1728
87.0647
86.4724
87.4346
87.3541
87.0328
86.4786
87.4437
87.3853
88.0276
87.4133
87.9399
87.3858
88.028
87.4309
86.4528
84.7071
86.4567
85.0608
85.0806
86.507
86.3953
87.2305
88.1803
87.178
87.945
87.9487
87.2346
87.1758
87.0922
87.3482
86.4626
87.4483
86.4752
87.435
87.1199
87.3849
87.943
88.0278
87.5164
88.0308
87.4348
87.3836
88.2812
87.6233
88.3101
87.9783
88.1882
87.6672
88.2905
89.4303
90.0043
89.5851
89.4721
89.525
90.3638
89.5817
89.2575
88.1607
90.378
89.4601
89.4953
88.1884
90.3175
88.569
87.8894
87.5176
88.6731
87.5085
88.6733
88.6534
88.2188
87.9737
87.6903
88.3282
87.6028
88.3043
88.3337
89.6179
89.5036
90.7169
89.5765
90.7135
89.5845
89.6277
89.4695
89.4849
88.2416
90.2642
88.2352
90.2678
89.471
92.3683
91.0941
91.4479
90.2493
92.369
91.1028
91.4199
91.7014
91.5291
93.1745
92.6062
91.6946
91.6335
93.2765
92.9571
92.3705
93.753
94.1651
92.9455
92.3818
93.7682
91.2374
91.8879
90.9427
91.6132
90.937
91.672
91.2078
92.3677
90.2748
91.0909
91.5107
91.1096
91.4187
92.4094
91.7448
92.6726
91.2507
93.3362
91.1746
93.3318
91.7328
92.9379
94.1566
92.3576
93.775
92.3757
93.7773
92.8984
96.4809
94.8588
96.284
95.3279
96.4827
94.8619
96.3043
97.312
96.0319
104.339
110.051
97.7366
93.874
102.894
97.8307
97.9127
101.09
99.688
97.8399
97.9177
101.075
95.7037
96.4908
95.1955
98.3121
94.8347
95.2505
95.786
96.4968
95.3108
94.8567
96.307
94.8613
96.3043
96.4924
97.4286
109.062
96.4769
102.85
96.2559
103.313
98.3884
97.961
99.6873
97.909
101.129
97.9182
101.106
97.9202
100.743
100.945
99.964
100.279
100.634
100.876
99.9677
104.447
112.512
100.175
98.0316
103.543
111.958
100.087
101.697
101.028
101.215
100.809
101.723
101.028
101.166
99.3143
110.073
101.249
113.831
101.252
113.518
99.295
100.863
100.277
100.888
99.9649
100.881
99.9719
100.811
105.111
98.3538
113.648
100.237
112.067
100.534
106.398
101.684
100.808
101.03
101.373
101.033
101.566
101.708
101.271
101.239
101.463
101.313
101.276
101.201
101.46
101.764
98.9848
103.247
108.251
101.757
99.9637
103.242
101.698
102.061
103.2
102.896
101.708
102.063
103.196
101.034
99.8869
100.954
110.074
101.089
112.56
101.743
101.307
101.316
101.208
101.455
101.215
101.464
101.319
101.855
109.985
100.269
103.545
100.412
103.21
101.856
101.681
102.898
102.061
103.147
102.069
103.165
101.677
104.66
103.726
104.236
103.262
104.655
103.716
104.24
105.442
108.07
106.981
109.227
105.845
108.389
106.645
105.415
104.902
106.988
106.123
105.403
104.906
106.993
105.002
107.585
104.172
103.269
104.32
104.733
104.416
104.7
103.267
103.705
104.231
103.707
104.241
104.669
105.384
109.237
105.742
106.788
106.031
106.434
105.385
105.432
106.123
104.895
107
104.903
106.997
105.431
112.177
109.178
108.661
107.687
112.129
109.18
108.667
115.652
126.818
108.16
108.12
115.656
127.324
108.163
112.494
107.875
108.041
104.22
112.483
107.906
108.096
115.362
111.552
109.705
131.923
109.694
135.825
114.968
112.203
107.681
109.179
108.716
109.185
108.699
112.191
115.61
104.324
129.662
108.14
126.138
108.156
115.555
112.498
104.291
108.004
107.998
107.956
108.058
112.489
98.3286
103.477
97.8313
101.583
98.2836
103.492
97.7797
98.044
99.0159
93.9553
93.0546
98.0446
99.0708
93.9718
96.6483
96.3395
93.0492
93.6536
96.6543
96.3301
93.0725
99.1726
105.287
104.623
102.04
104.623
96.3909
99.1189
98.3676
101.611
103.476
97.7673
103.478
97.7636
98.3897
98.0475
93.0697
98.686
93.9596
98.7425
93.9862
98.0836
96.6326
93.6559
96.3385
93.1864
96.3334
93.1076
96.693
89.3966
91.248
90.5052
92.0957
89.4053
91.2615
90.504
87.9084
85.5551
86.2726
83.968
87.7124
85.6201
86.2838
88.483
89.4753
87.4357
88.4566
88.473
89.4772
87.4443
88.7969
90.2322
90.5547
87.5273
90.5611
87.5319
88.7938
89.4131
92.0975
91.2909
90.5041
91.2799
90.5063
89.4263
87.8056
83.9366
85.5813
86.5499
85.5478
87.8224
86.3483
88.4738
88.4603
89.4757
87.4691
89.4799
88.4677
87.4564
95.7647
94.1682
95.7115
94.2589
93.1593
93.1653
94.2493
99.9419
99.7086
99.9603
97.3974
97.2406
97.1751
97.4676
101.468
101.392
101.491
99.0657
99.0287
98.9411
99.1422
103.332
102.79
103.302
100.7
100.002
99.9571
100.69
95.6463
94.1035
95.6455
94.2418
93.1548
94.2475
93.1531
99.9777
99.723
99.9833
97.3614
97.1571
97.3637
97.1559
101.518
101.417
101.527
99.0289
98.9066
99.0318
98.9032
103.214
102.801
103.214
100.694
99.908
100.695
99.9167
95.6534
94.1195
95.6699
94.2411
93.1569
94.2445
93.1574
99.9794
99.71
99.9736
97.3644
97.1627
97.3721
97.1497
101.527
101.412
101.52
99.0324
98.9215
99.0487
98.9043
103.212
102.804
103.243
100.694
99.9179
100.699
99.9379
84.6877
83.6163
84.7123
84.8605
81.7175
85.1087
81.6854
83.6177
84.6494
84.652
84.7604
81.7173
84.6749
81.689
97.3179
99.5245
97.2847
95.2703
96.3206
96.2775
95.2644
94.1364
95.6633
95.679
94.251
93.1593
93.1585
94.2506
99.5204
97.2355
97.2548
95.265
96.2588
96.2394
95.2689
100.652
100.833
100.672
98.2009
98.5088
98.4429
98.2646
99.7196
99.9777
99.9728
97.3738
97.1612
97.1588
97.3698
100.852
100.694
100.689
98.1848
98.4139
98.4282
98.1719
101.958
102.621
101.977
99.3285
99.8146
99.7419
99.4133
101.412
101.514
101.51
99.0517
98.9122
98.9256
99.0378
102.626
101.994
101.99
99.3051
99.7123
99.7147
99.2963
103.685
104.297
103.617
101.028
101.594
101.607
101.021
102.823
103.234
103.268
100.696
99.9208
99.9571
100.699
104.261
103.561
103.583
101.019
101.605
101.604
101.022
85.1545
83.7436
85.178
79.0527
87.3185
78.7949
95.4944
83.7986
85.1872
85.1895
86.3702
79.5069
92.0736
79.8831
84.6398
83.6125
84.617
84.4202
81.7684
84.4871
81.7269
83.6089
84.562
84.6151
84.4175
81.7643
84.3636
81.6641
97.2199
99.5087
97.2132
95.2654
96.274
95.2658
96.2502
94.1036
95.6582
95.6589
94.2353
93.1549
93.1537
94.2361
99.5391
97.2109
97.2093
95.2662
96.2668
96.2552
95.2686
100.699
100.855
100.707
98.1563
98.408
98.1617
98.4037
99.7212
99.9837
99.9816
97.3624
97.1545
97.156
97.3609
100.851
100.707
100.705
98.1567
98.4057
98.4038
98.1556
101.992
102.647
101.997
99.2858
99.7064
99.2879
99.7074
101.413
101.528
101.524
99.0309
98.9052
98.9061
99.0311
102.644
101.993
101.992
99.2868
99.7073
99.7073
99.2872
103.541
104.233
103.534
101.023
101.598
101.022
101.596
102.817
103.207
103.212
100.694
99.9007
99.9419
100.695
104.227
103.542
103.535
101.022
101.601
101.598
101.021
85.2253
83.9374
85.2595
86.3033
79.1067
86.5671
79.0552
83.9772
85.2767
85.2728
86.6485
93.7398
87.1812
78.8349
84.5482
83.6267
84.5441
84.2485
82.8667
84.3832
82.1081
83.625
84.5604
84.5498
84.2458
82.394
87.4548
82.6303
97.2192
99.5008
97.2407
95.2682
96.2769
95.2724
96.2445
94.161
95.7757
95.7012
94.2437
93.1562
93.1646
94.245
99.5304
97.3044
97.2705
95.2726
96.3286
96.2806
95.2658
100.702
100.832
100.695
98.1621
98.4215
98.1688
98.4114
99.7062
99.9438
99.9638
97.3973
97.2328
97.1748
97.4585
100.825
100.654
100.681
98.1979
98.4993
98.4471
98.25
101.988
102.645
101.983
99.2923
99.7144
99.3029
99.7127
101.408
101.486
101.514
99.0711
99.0167
98.9484
99.1368
102.638
101.954
101.975
99.3315
99.8133
99.7445
99.4049
103.551
104.258
103.568
101.022
101.606
101.025
101.603
102.788
103.309
103.278
100.697
99.9953
99.9577
100.687
104.288
103.685
103.601
101.028
101.593
101.608
101.021
85.3353
84.1091
85.384
87.9619
84.6182
88.298
84.407
84.1436
85.3867
85.4103
87.8293
88.1012
88.0825
83.9993
104.981
104.695
104.98
101.979
101.842
101.982
101.845
104.984
104.76
104.998
101.954
101.846
101.964
101.84
91.6543
92.458
91.6387
91.5891
92.2861
91.5916
92.286
92.4601
91.6471
91.6369
91.5879
92.2805
92.2841
91.5826
104.699
104.97
104.983
101.975
101.845
101.845
101.969
105.1
104.788
105.049
101.981
101.822
101.838
101.964
91.7078
92.5423
91.6631
91.5922
92.2781
92.2867
91.584
92.5145
91.6501
91.6399
91.5914
92.2858
92.2856
91.5922
104.75
104.993
105.026
101.981
101.841
101.836
101.987
91.6441
92.468
91.6278
91.5773
92.2768
91.5809
92.2735
92.5152
91.698
91.6504
91.5775
92.268
92.2762
91.5684
104.805
105.084
105.023
101.951
101.82
101.838
101.932
101.897
104.492
104.504
101.523
99.3901
99.3856
101.53
104.492
101.876
104.495
101.53
99.3858
101.529
99.385
101.873
104.495
104.497
101.531
99.3827
99.3839
101.528
104.498
101.881
104.502
101.522
99.3863
101.529
99.382
104.502
101.896
104.505
101.522
99.3679
99.3895
101.504
101.886
104.498
104.498
101.521
99.3647
99.3862
101.502
90.776
89.862
90.7783
90.8148
90.051
90.8166
90.0484
90.7903
89.8667
90.8026
90.8043
90.0455
90.8107
90.0427
89.886
90.7766
90.7897
90.8138
90.0531
90.0506
90.8162
89.8553
90.7831
90.783
90.8138
90.0446
90.0478
90.8091
90.8268
89.8898
90.8063
90.8155
90.0422
90.0517
90.8083
89.874
90.8351
90.8204
90.8014
90.0378
90.0453
90.7915
88.361
85.9198
89.506
73.7174
96.5782
84.9039
87.1368
96.1079
88.8671
86.2018
74.7567
90.8759
82.1473
89.6637
71.5225
66.3832
103.554
102.082
71.9592
72.2184
102.627
61.7576
85.8353
83.2842
116.093
103.666
85.9978
78.8903
81.7866
84.87
64.4245
79.7063
91.9976
88.101
68.3617
75.0084
71.5565
100.928
109.5
81.2547
75.0933
99.8993
74.0908
69.0864
44.0212
98.9409
75.5764
69.6079
107.425
91.5031
105.447
104.643
122.591
93.038
85.7947
116.64
104.731
91.2322
104.49
118.545
86.8782
120.065
85.2419
85.8727
86.7029
85.8485
86.0155
86.0425
86.0635
86
86.7382
86.0796
85.8642
86.1253
86.7251
86.0373
86.467
86.9042
85.8615
85.8463
86.3574
86.3848
86.6998
86.2044
100.647
129.642
76.912
99.1165
81.6692
115.078
65.3152
120.521
144.05
98.7202
128.333
119.574
114.824
73.5205
51.57
105.564
79.5258
93.7316
61.7115
79.03
79.829
85.925
86.3911
85.9714
86.5072
86.7417
86.7277
86.6479
86.6362
85.8802
85.9086
86.5416
86.7515
86.7892
86.3853
87.4249
89.3626
87.3986
83.4757
88.5099
87.5125
82.5598
77.2913
4.4283
246.532
182.351
236.238
172.447
72.2729
87.4403
90.185
87.5972
86.0702
102.858
88.4427
103.191
119.029
101.621
97.8022
102.689
122.365
101.108
97.5753
102.618
186.371
188.38
56.4004
53.9228
84.4181
50.8437
109.167
72.2178
101.684
98.9599
61.4848
77.731
123.505
103.075
189.128
191.471
106.747
67.256
65.6742
105.081
66.66
103.989
84.2165
94.4686
68.3876
103.356
85.8825
87.1413
114.109
95.2204
83.0914
87.5731
114.533
91.1645
118.774
89.3017
122.971
96.876
117.667
89.2747
100.318
91.5411
91.3099
107.36
115.167
92.2981
114.481
114.165
76.9566
50.7151
80.2518
96.0338
68.8673
49.9213
80.3761
89.5442
87.4188
87.3244
84.5345
88.3209
88.1046
84.6777
90.4699
87.5402
87.3571
85.3537
100.385
101.032
85.5442
94.1952
99.3367
98.5852
93.7962
94.2741
96.8887
103.725
104.149
102.558
106.619
97.2121
101.546
100.844
104.463
86.7955
116.466
116.718
113.33
89.068
108.911
114.756
98.9193
101.324
116.101
114.108
99.5186
98.2362
100.558
104.836
92.1924
104.815
121.274
85.7555
85.142
125.869
91.214
103.077
104.108
118.214
84.7924
84.8425
116.897
102.673
90.9277
108.965
115.748
85.0232
116.339
85.5975
91.1267
103.461
103.629
115.096
86.5205
86.2994
114.745
87.2504
90.6345
92.4894
91.6509
99.9801
89.3274
99.758
78.3032
113.518
61.2973
96.2135
106.121
105.857
71.1938
97.9268
96.5361
127.561
108.563
102.537
106.477
108.991
72.6542
111.565
110.15
113.821
96.7353
172.304
103.004
101.08
91.0228
96.6482
111.684
101.544
84.3319
93.5306
82.9824
82.592
109.276
103.865
74.1846
102.486
112.902
88.8387
91.9898
70.1907
85.0262
88.3822
92.4446
108.659
98.1905
99.3333
97.2658
100.258
100.606
99.3215
98.6216
79.5157
106.272
120.755
92.1796
79.1136
113.475
92.559
78.8886
119.245
91.0165
118.305
83.1697
116.568
84.7885
108.126
148.614
103.677
93.3826
108.215
139.486
104.159
99.8401
130.36
46.9366
109.818
104.482
135.426
28.3405
86.0117
124.948
57.6567
110.1
88.0712
127.851
47.6882
84.0802
112.044
90.8775
101.829
78.8675
111.724
291.495
81.9868
136.031
196.466
116.308
124.523
93.6442
86.4504
96.6711
106.575
98.9986
153.741
101.686
111.62
96.0265
61.451
135.682
209.384
100.773
172.022
102.61
139.166
161.653
85.5287
135.11
105.973
160.737
83.6265
97.8248
82.2651
104.021
96.4776
111.826
79.6471
106.048
108.123
94.0399
98.7933
103.227
99.6145
94.1826
103.481
104.719
111.062
104
100.935
108.671
105.227
104.254
101.803
101.329
115.025
95.6336
147.202
97.8173
106.144
97.973
135.467
87.3796
92.9404
103.973
131.748
86.647
90.9285
38.4656
117.884
-4.09927
117.293
166.458
108.566
132.316
108.898
87.4898
142.079
90.0367
117.142
115.166
89.8394
114.451
137.26
125.97
138.906
136.273
85.067
84.4068
163.781
114.375
74.4751
85.6444
80.1904
91.1628
206.36
102.806
93.0312
161.746
159.109
115.179
83.3507
92.036
113.837
142.521
116.326
206.753
110.457
160.574
399.656
95.1991
103.785
103.832
109.511
103.146
103.836
100.727
100.581
104.287
100.073
100.989
100.562
103.683
101.263
116.674
106.912
62.0496
108.084
124.132
107.248
63.5443
103.009
119.232
107.105
106.491
114.125
105.058
118.234
80.5938
128.954
69.3848
239.731
103.764
85.6649
124.458
121.774
109.932
107.932
156.598
142.661
110.487
122.281
108.655
108.393
109.157
111.06
121.955
120.081
112.543
114.396
150.263
121.991
140.468
120.473
83.3604
83.2688
212.431
128.31
115.238
127.096
109.893
114.002
128.94
98.1637
96.631
87.0144
99.3114
99.2983
95.2163
86.1429
112.82
84.326
102.166
103.063
97.8499
97.3921
134.698
113.001
60.5597
62.7839
105.625
74.3684
73.6705
105.195
106.113
113.632
93.1175
119.566
88.1313
117.342
106.301
87.8765
115.407
115.801
110.614
90.4706
89.6437
110.647
123.303
54.2863
124.215
107.513
154.822
155.327
107.82
107.033
99.1906
105.25
111.054
100.635
110.585
115.76
108.365
100.018
105.922
100.945
100.592
116.41
115.687
118.81
110.902
100.149
81.2321
128.847
110.438
100.018
94.9987
109.471
104.618
105.566
96.7671
107.459
124.835
98.2277
119.283
105.653
91.2119
64.5133
196.846
110.85
102.854
104.158
102.859
104.458
103.611
103.907
103.628
99.2697
101.586
107.668
112.765
97.3305
101.096
106.347
104.207
102.881
104.05
103.871
103.234
103.805
103.3
116.214
93.4521
101.533
96.5793
95.9273
113.964
102.648
125.525
98.8616
119.89
88.8096
99.9489
85.2395
101.04
100.562
93.0131
102.343
94.714
115.001
96.2415
101.531
94.5911
107.575
105.23
99.5757
94.7856
99.0951
104.026
94.5832
103.992
100.307
82.6485
96.3924
102.066
106.943
113.136
104.875
98.0701
113.309
95.5431
102.962
98.3461
99.7392
104.33
116.326
104.297
149.977
90.7095
126.289
110.917
132.687
113.291
97.5964
103.108
96.9243
101.908
102.274
101.241
101.825
105.471
107.737
98.8792
98.8216
103.372
102.561
102.978
105.349
105.168
98.4764
97.9587
90.7164
99.6009
94.73
94.0532
99.2275
93.7632
88.3949
92.9916
99.537
102.355
94.3735
94.0841
100.026
93.9197
104.495
95.5731
100.325
100.251
124.79
138.01
110.468
105.614
100.408
109.349
94.27
95.3819
95.3306
100.75
86.6851
88.5901
91.0803
86.1118
89.2284
90.5877
91.5702
101.586
94.5966
94.4988
63.6205
70.4736
68.7399
64.7328
79.6921
86.4256
85.3027
88.1158
85.8034
88.5329
86.18
100.792
103.328
149.772
96.7
99.8742
100.382
96.928
105.77
92.2719
79.373
159.262
88.9168
81.6723
178.886
107.04
114.535
103.584
108.729
105.561
116.456
109.258
97.6337
43.2355
4.22632
341.678
355.638
292.71
387.467
114.454
115.957
108.853
110.936
108.997
115.284
106.532
87.8699
86.3784
86.2114
91.5202
87.6387
87.8775
86.7824
108.137
106.616
103.839
108.452
90.3316
107.709
103.718
88.0995
90.2115
89.9513
89.9858
88.4158
88.2651
90.5354
95.9467
87.8848
85.4134
92.0882
88.3015
89.1143
88.0489
130.262
119.554
152.025
193.436
136.774
184.959
124.913
96.2565
97.955
97.0588
97.1987
109.387
108.924
128.99
106.147
109.404
120.181
114.128
120.696
103.389
113.879
106.987
106.579
106.104
103.637
104.011
104.187
103.699
102.254
120.948
105.643
108.822
115.144
107.442
99.6107
138.805
119.703
105.065
103.938
105.436
98.3295
99.5087
85.8873
86.8737
85.8579
86.4376
86.8731
86.6137
86.6978
86.9198
87.5719
87.5892
86.7889
87.2383
88.9479
86.8267
87.376
72.9343
70.5474
192.62
74.5499
214.131
105.459
113.256
80.2615
101.991
95.5782
86.5006
88.3638
85.6759
107.395
107.777
106.781
110.606
106.445
116.148
106.553
117.425
107.08
107.479
107.205
107.672
107.804
107.369
106.747
101.57
106.043
106.768
109.006
105.093
107.193
105.672
122.436
125.094
120.25
115.487
102.302
106.429
106.81
105.674
106.525
106.47
119.647
119.041
107.055
107.173
106.484
107.225
108.774
106.383
105.485
113.056
87.1967
99.0049
73.4602
88.1313
86.2555
104.911
74.758
68.4499
71.0232
67.0545
173.101
172.25
85.2315
83.9293
145.031
97.8119
152.657
95.7024
125.051
111.05
115.504
104.488
103.858
106.753
104.523
104.031
104.235
104.425
97.877
126.798
101.994
132.29
101.069
102.753
101.289
107.533
102.996
105.271
103.674
104.059
103.449
102.66
100.945
104.39
95.8312
117.193
110.424
107.711
94.2288
117.094
0.591946
-1.34525
106.251
123.532
122.111
105.175
80.2437
98.3698
90.4254
87.6013
86.3513
90.5168
85.5205
98.5078
157.158
117.297
93.3242
100.215
159.248
118.208
103.566
105.482
101.296
107.058
102.476
107.301
102.892
104.322
105.496
96.3161
119.971
103.484
104.067
95.7456
84.6414
79.216
89.0563
101.871
84.3563
94.0461
84.7282
364.337
107.62
194.617
97.5977
89.1882
132.741
131.647
103.001
88.277
156.82
156.055
103.846
114.495
162.136
96.3453
162.463
115.631
115.29
99.5587
100.284
158.537
78.6415
123.7
72.179
91.6713
73.6483
79.9736
90.832
91.9704
97.1622
109.48
98.5076
93.2152
98.4655
102.154
94.4714
90.7642
91.1037
96.8399
93.6016
90.9098
92.5975
101.63
200.774
242.937
128.979
71.7802
121.231
376.463
127.792
110.487
101.712
118.676
101.843
118.681
131.766
170.517
131.133
287.385
133.752
165.876
111.311
289.015
110.084
82.5282
81.8771
118.773
104.293
129.07
109.231
70.3332
95.0023
98.4756
92.3467
96.8408
95.3568
92.23
93.7674
89.8256
148.078
91.3989
92.5024
87.9334
139.976
93.5841
99.6373
94.2049
97.1173
93.5762
99.5781
94.7112
99.1685
106.119
110.815
77.1051
99.0113
117.704
84.9981
93.9418
93.9395
87.7535
92.0615
93.5557
92.9954
88.7863
101.915
121.955
94.4986
93.3948
106.495
94.6525
106.263
92.7894
93.6123
86.6165
100.518
92.7782
95.4095
85.9588
92.8105
96.4005
134.614
117.362
108.464
89.8008
138.014
100.154
64.4628
104.354
152.804
96.3951
86.7448
102.937
92.3156
102.709
103.705
114.149
136.845
101.832
119.711
95.1783
102.687
98.435
97.5302
93.2798
97.3889
97.8706
130.142
82.7559
88.0733
115.212
68.2183
81.852
94.9988
94.2082
95.3561
134.939
91.3396
91.8857
93.1646
114.843
91.1999
78.9882
94.7296
119.439
91.0215
89.591
123.927
121.677
149.385
112.557
140.378
173.12
81.9564
84.0996
113.328
109.893
123.522
106.609
106.496
125.043
111.72
91.9124
145.893
182.1
95.4455
93.8624
52.4796
112.89
112.855
99.0804
107.994
97.2581
96.8397
94.8464
101.553
94.5416
83.2711
94.3318
87.6643
107.56
86.7176
93.2051
95.5003
86.7503
93.0998
86.7811
95.3944
87.817
93.2283
148.746
107.905
146.287
124.132
113.126
119.992
110.664
102.145
93.5255
104.034
97.5079
95.4377
92.9121
93.3782
106.87
99.7652
105.138
99.5219
94.0988
91.7854
106.312
145.29
115.707
112.638
140.033
140.481
85.0572
103.219
105.824
101.883
108.889
104.661
111.708
108.407
99.9607
136.093
95.1461
154.3
158.303
98.8107
94.7391
155.132
80.5874
89.5243
54.8931
78.0139
75.0203
90.4709
83.4148
191.221
128.39
158.779
155.769
95.07
103.928
96.1655
100.216
89.7167
101.462
137.988
95.8403
135.042
93.2734
85.516
97.5872
66.5124
136.195
86.0647
97.2643
64.0396
102.371
96.9903
108.384
94.3874
93.3286
94.9233
105.485
95.49
99.7295
94.9977
97.3733
106.414
106.356
98.7799
91.5679
77.7084
82.2655
109.715
91.8501
74.3539
95.2617
88.022
114.948
97.946
68.8361
125.764
70.5954
83.3762
114.214
100.48
101.446
94.5175
133.237
131.869
94.7791
168.859
85.5082
93.4351
93.7521
132.74
84.4577
95.667
102.406
116.23
102.98
131.047
94.9378
94.8203
131.038
13.314
98.2729
90.6544
95.9883
23.7515
97.5385
108.041
104.838
99.9418
100.484
91.6156
92.3734
100.439
84.1486
93.3554
123.76
95.0954
105.088
99.415
97.4408
109.754
86.9329
106.823
74.7332
115.157
105.323
71.0324
86.4272
158.354
67.1282
129.323
130.552
116.558
113.144
136.317
65.9358
100.633
137.462
163.2
154.692
132.246
112.87
95.2639
114.347
92.9736
106.938
106.782
100.114
96.5309
92.5483
95.3664
95.1303
105.15
106.364
102.558
92.6487
196.676
256.884
193.18
-48.6019
178.862
608.69
156.44
110.144
97.0677
115.119
96.0107
157.197
156.521
96.1365
106.817
119.542
109.334
103.573
108.132
102.868
106.857
106.774
149.312
145.743
118.468
111.295
110.801
118.577
153.064
106.386
139.825
131.839
111.599
122.968
111.252
185.751
112.459
182.533
120.352
66.1607
105.091
65.615
84.5952
74.449
83.9832
74.9774
105.221
74.6419
81.4021
59.3205
102.999
80.407
71.7737
195.959
200.024
73.4896
140.593
86.9483
136.462
44.9211
103.382
306.261
73.1317
135.195
89.5951
134.826
126.069
234.43
108.229
85.1774
124.841
99.5812
103.085
140.325
101.647
99.1478
102.687
102.93
110.05
92.8331
106.664
97.6898
108.57
105.055
90.953
113.447
99.1139
91.7244
89.9721
110.67
96.4737
96.3132
95.2995
100.963
105.335
100.245
95.2553
101.013
94.5351
96.8016
97.3734
98.5635
98.6226
95.6759
98.1112
118.397
124.96
124.001
127.441
163.747
201.884
133.708
101.852
109.317
108.539
107.733
94.4096
98.6758
89.5588
97.4933
102.674
103.682
104.483
101.406
110.465
106.327
27.6001
95.3692
106.4
96.8319
48.8674
95.3267
108.061
167.339
83.4605
76.1541
32.0479
74.9827
31.3525
271.805
175.447
102.68
170.487
56.8609
56.9359
52.5144
54.1715
85.1913
79.7185
85.2057
87.2894
87.933
86.3655
86.6871
58.3864
89.725
88.2325
95.0204
75.6265
90.0959
89.3811
89.8819
91.2805
101.958
77.8346
90.6635
105.315
83.1769
81.9432
159.053
131.612
107.276
109.374
141.699
116.392
72.6884
144.46
144.658
45.728
68.4605
71.5313
39.3463
154.602
147.607
529.633
65.3929
191.773
204.445
81.6331
90.0923
142.856
132.525
108.997
91.1876
94.8379
93.3331
99.2999
97.2221
95.0495
92.4202
93.7237
78.9291
77.0106
96.8708
93.9434
94.494
95.4554
94.9796
78.3357
78.8635
144.052
114.813
114.604
116.216
55.7983
52.0793
91.779
109.822
101.131
111.545
94.3744
89.6109
89.6081
94.6061
100.658
152.864
94.0712
107.715
99.5752
112.985
93.3664
92.7465
73.6819
92.031
79.1588
95.8263
123.004
89.9626
96.0029
94.6198
94.0088
85.6111
96.0598
100.37
75.1798
95.5558
157.59
93.0877
94.1088
94.1947
79.0957
96.3889
109.135
99.3722
114.091
101.594
113.279
103.127
110.332
104.506
104.856
101.979
99.225
101.115
98.5918
104.13
112.306
110.118
107.284
108.927
91.1101
92.5145
107.064
99.773
179.597
165.762
68.6713
56.374
54.8452
59.7295
94.7279
101.296
101.184
96.294
95.3275
96.1674
126.462
118.944
102.234
89.2351
83.9126
98.3397
123.447
104.9
114.129
94.7755
95.5747
107.136
94.2481
94.4657
109.107
95.3715
138.546
102.395
101.654
71.0882
123.592
101.389
95.3467
93.4443
95.0243
95.3472
79.1797
93.3902
79.0299
97.2943
107.705
99.0327
117.576
106.333
105.134
97.1805
92.4738
99.0256
96.6297
120.539
79.1187
111.164
88.7867
110.658
100.922
77.4052
96.5583
101.639
74.3427
115.18
90.4504
93.3787
89.2605
85.2428
92.893
98.8834
84.02
109.695
114.198
104.424
99.4013
110.42
116.121
106.5
125.477
98.3093
89.8784
93.3271
114.398
134.877
110.547
103.231
101.993
100.764
102.846
103.941
101.39
102.36
95.3167
112.647
254.734
116.757
163.618
120.488
94.4405
110.523
80.6857
121.133
103.288
97.3534
93.729
102.501
103.298
105.937
106.06
99.0497
97.216
98.5784
99.5963
146.892
96.6723
129.164
107.054
100.105
100.297
109.931
97.4584
127.8
127.49
99.9622
106.26
106.243
99.073
104.331
136.33
112.74
142.069
151.266
70.2022
64.608
93.7388
87.6596
87.3471
98.4679
99.9862
84.0311
83.0615
92.1632
92.6288
89.5957
94.724
99.4441
80.9441
85.1525
17.623
140.281
86.2292
173.402
142.869
175.876
88.1106
99.2187
110.706
99.8881
113.699
109.354
96.9154
100.103
97.2947
101.955
100.056
105.201
107.298
99.872
99.94
99.4853
92.143
92.9842
96.2991
96.3362
90.5596
90.6377
93.7954
101.026
95.9849
106.241
94.5556
96.5042
99.2169
137.777
30.7782
170.668
89.6797
90.8985
139.192
171.972
115.821
107.389
122.959
56.9976
90.5263
90.1467
57.5926
95.7959
96.8917
98.5933
93.4527
93.6396
79.3411
83.1511
107.955
123.19
120.272
89.3379
59.0725
58.2213
89.4436
96.105
111.469
101.135
119.766
90.7621
111.599
103.993
93.0975
135.779
102.112
109.566
93.5706
132.374
107.745
100.395
130.173
75.433
121.748
106.8
140.311
70.2813
95.0934
99.2132
101.528
127.348
73.0763
68.9488
124.926
107.879
117.369
110.553
99.3883
106.448
112.107
105.934
101.994
142.58
89.8467
111.569
87.0819
0.922847
196.313
120.558
193.958
180.517
113.346
77.5986
88.4505
121.98
90.2585
86.5579
87.5835
91.6899
107.853
99.6396
98.5068
99.1919
96.1895
98.5746
95.1455
95.789
98.6021
99.4737
95.8364
101.965
101.523
109.347
107.086
101.126
108.649
98.0831
92.5011
71.9063
83.7891
93.6411
96.5206
134.312
97.2634
92.8332
83.8647
108.166
116.637
103.932
92.9829
86.7368
96.7149
90.3748
92.465
108.776
69.1976
112.946
10.3835
287.565
295.992
97.012
85.2007
147.738
191.781
85.0376
104.276
93.2641
96.4851
96.5339
86.0042
100.163
100.733
108.264
111.812
89.7265
94.8816
94.7785
89.8175
124.031
119.429
97.6209
104.273
141.533
129.509
94.9742
110.848
108.03
100.601
103.341
98.5843
104.043
104.758
114.594
103.702
86.6496
124.734
93.8616
123.323
137.623
93.1442
95.1093
92.9774
106.261
96.9113
105.318
96.3594
93.2138
107.303
105.594
100.365
107.835
91.7311
91.5356
121.56
102.899
107.959
113.723
126.37
146.081
127.224
109.267
91.0215
116.31
96.0232
94.4768
95.3669
92.1256
91.3208
94.1036
87.0121
93.3263
91.7758
86.0506
85.9777
88.3192
102.737
87.5616
106.721
89.784
113.967
89.2113
96.4177
105.244
100.095
74.7555
107.671
116.665
76.1719
100.284
86.1109
86.9084
89.7965
84.5701
80.4654
80.3831
109.659
98.6849
102.912
97.8462
105.306
96.2481
106.761
116.712
93.498
94.0135
99.1542
103.751
88.4319
93.5027
106.151
104.274
108.871
105.68
118.449
104.207
105.589
104.287
144.138
110.171
128.127
111.571
118.354
98.9641
96.792
99.4306
88.2231
104.365
95.5349
87.8197
98.5026
96.7888
104.611
92.3128
91.8471
97.6482
88.2996
98.0002
103.17
98.995
95.7014
93.1282
91.2646
101.298
103.429
97.7828
92.8452
91.5849
113.323
100.399
96.6072
87.8137
117.031
79.1889
118.808
108.855
90.8101
85.4435
107.437
70.9454
142.871
140.668
88.5571
88.9172
91.1646
91.1568
120.027
111.413
106.533
105.882
112.268
120.181
110.974
119.205
104.727
118.707
106.319
105.917
105.741
105.351
35.2738
91.9755
152.183
167.917
133.519
168.607
92.3266
100.234
124.746
93.3567
106.924
121.943
104.859
107.505
110.647
153.959
109.146
108.395
105.58
152.515
110.85
93.6438
95.9027
93.0479
116.105
90.0345
109.851
89.6964
79.1398
87.9564
86.8955
93.4424
97.047
88.5872
86.7568
104.671
121.474
104.206
105.222
104.315
106.199
104.837
112.619
118.926
120.154
106.459
107.137
106.983
109.883
98.4847
125.108
101.21
126.359
94.1281
138.138
102.281
105.834
121.277
134.531
106.782
120.093
108.382
106.827
92.6253
92.1056
92.5796
99.733
92.8205
102.143
91.304
93.9327
96.7467
104.187
98.965
92.8188
108.056
103.807
120.17
120.243
121.069
107.143
106.25
106.589
106.413
124.54
104.721
119.345
105.755
106.27
105.006
105.763
102.962
103.984
100.086
98.3014
119.942
104.938
105.564
98.0552
103.099
104.696
119.678
103.126
104.173
100.51
86.0486
119.87
95.2449
93.1095
99.9834
113.33
90.7949
94.696
109.149
112.314
86.9946
109.409
86.356
96.6391
101.759
102.459
101.93
98.7503
104.757
102.939
98.7454
103.968
82.7859
74.2837
102.406
69.7165
98.3946
104.721
105.263
100.718
105.418
118.682
102.384
117.57
102.262
102.895
99.4987
102.836
105.802
101.923
101.452
112.913
103.343
99.7442
102.783
104.189
106.99
109.925
101.056
94.1313
91.9139
92.593
100.582
94.8809
94.5266
104.628
95.2888
93.3921
95.6066
109.395
91.4248
92.6255
109.107
80.7912
79.7441
85.9867
77.589
84.3795
79.5219
84.549
98.9289
103.433
104.171
103.919
99.4981
100.003
104.762
112.514
112.541
112.966
107.083
113.841
112.398
117.465
80.2192
78.3782
80.3629
83.8031
80.6903
87.3376
97.0856
93.1103
95.6397
93.8962
90.6678
93.3389
94.3747
91.7194
97.0339
95.3596
96.632
119.579
94.586
93.7749
114.715
89.9135
98.4048
94.5689
102.173
93.2875
117.151
98.2143
142.676
119.611
101.045
105.983
154.117
93.7942
153.75
121.528
111.552
103.321
116.644
105.127
138.514
111.792
82.0289
106.244
95.5869
101.089
81.8522
70.8695
91.1573
100.162
118.953
117.459
102.671
91.0969
91.324
101.646
68.9637
83.1211
82.2967
83.7666
66.5448
86.08
82.9201
102.211
106.564
98.4394
102.799
98.4028
98.2341
102.324
82.2079
78.6182
90.1275
77.4184
87.2392
87.3015
73.5335
104.416
106.881
134.344
108.933
133.495
103.189
108.43
88.676
83.3747
83.2718
87.5614
84.5047
83.9099
125.097
74.3918
91.9896
81.8059
71.3939
76.6919
82.1222
82.209
109.242
107.774
132.636
108.287
124.7
108.468
114.818
107.189
140.374
138.86
103.758
121.506
110.944
98.8974
86.3967
93.5002
98.3703
85.506
85.6181
95.3495
99.7125
86.1237
86.307
85.3599
88.1111
90.4132
88.1806
91.8099
94.5068
112.497
113.756
101.276
107.663
104.285
101.72
100.528
113.928
104.033
118.607
105.654
121.106
105.081
98.5336
83.1527
104.981
122.298
106.615
129.157
104.294
83.6721
73.8775
75.7374
80.5218
75.3004
85.2647
83.0103
104.277
87.2667
85.8343
89.9031
83.1231
85.7647
89.7995
88.4255
91.6108
89.3161
90.6905
82.5368
90.4862
81.5147
84.5298
73.3459
76.9201
85.6052
78.9918
81.8251
84.475
74.5695
60.6457
82.8494
71.403
225.839
64.211
206.516
82.6232
98.9761
95.0531
106.881
108.079
94.5022
96.4356
88.8058
99.6599
97.2568
116.92
116.234
93.8506
96.642
85.6668
84.8176
98.5815
73.4478
98.1706
85.8328
102.045
87.8826
81.6449
118.169
66.4015
100.604
87.4584
75.7535
269.494
103.225
196.526
59.29
49.8994
56.3798
98.1122
74.017
65.0748
58.4821
63.1695
231.862
169.56
68.8113
154.777
175.913
105.844
92.6342
89.9868
96.0119
129.602
86.0879
85.8459
85.945
88.1915
87.071
88.0999
88.0707
85.8249
86.8859
85.5203
88.2112
98.8681
88.5413
92.027
59.9629
75.8569
60.2234
145.595
69.9457
83.9364
143.663
96.3241
101.995
101.419
102.179
109.835
109.325
101.096
85.8215
102.981
128.116
95.9965
94.6739
88.5518
93.2301
122.48
98.3179
115.363
100.685
156.438
150.978
103.449
160.638
82.8782
123.601
103.977
82.9179
88.4186
159.781
106.568
122.179
120.409
121.156
108.908
143.89
158.956
100.095
85.4388
119.851
109.389
76.0634
79.4849
84.4594
81.0371
90.329
94.2784
92.6331
90.9522
89.6827
87.5801
127.91
51.9833
125.628
113.372
161.517
157.629
112.584
110.197
97.3018
227.101
106.754
109.273
97.7416
129.871
112.672
117.746
112.77
112.351
107.219
114.645
116.025
101.115
108.572
99.8389
112.136
144.375
113.822
110.001
115.634
117.242
133.236
92.6409
107.955
127.515
112.063
102.753
117.349
92.5247
111.658
99.9623
128.476
80.1745
137.733
104.7
130.205
119.622
105.964
118.926
103.308
130.699
207.928
85.5002
145.186
79.9461
83.6833
154.717
80.1667
87.1713
84.8451
132.65
92.5128
85.3321
87.8014
90.1838
98.4766
95.6639
113.412
94.6832
107.396
89.6638
137.761
101.273
167.124
100.519
142.616
97.6561
118.743
102.811
106.689
111.294
99.6741
111.427
99.7387
102.768
108.062
104.175
106.906
106.562
121.053
107.497
107.38
73.7047
60.202
61.5258
82.6935
142.878
146.465
78.6807
115.272
123.136
113.353
113.634
123.548
109.691
126.693
87.95
85.0651
110.568
143.394
92.7836
92.4538
145.645
100.049
132.702
139.022
102.531
102.178
100.823
101.582
92.4424
93.6693
94.2235
110.836
84.5273
102.522
91.4582
97.4281
135.688
109.368
110.058
116.003
177.025
149.029
84.5168
91.3808
84.9683
88.0521
91.9457
79.5663
80.6887
100.209
102.45
101.154
112.746
83.437
89.2166
89.5489
106.495
106.555
122.655
104.044
111.685
121.713
121.07
119.549
99.4697
102.25
132.952
102.555
109.245
105.09
110.03
130.568
101.283
99.7702
99.1757
100.6
108.457
125.823
104.037
99.6346
121.349
107.38
106.524
127.254
100.691
105.624
100.914
105.289
103.334
103.33
104.393
118.228
110.454
104.384
100.24
105.525
103.96
129.398
107.432
122.44
106.675
106.842
114.759
114.016
132.921
127.606
72.9212
134.15
50.6619
74.063
55.1809
72.8035
134.78
100.414
106.009
109.94
132.061
110.841
113.854
92.3191
92.3046
91.9374
90.7318
90.1928
81.0912
80.3143
81.8943
55.7323
82.8042
86.2601
82.1294
84.3062
114.187
118.09
91.818
97.4984
96.0728
86.0004
96.4473
115.693
116.475
157.377
107.587
114.643
142.726
102.711
112.876
108.006
109.39
104.692
111.444
110.55
113.052
111.65
93.1764
107.563
108.616
105.303
107.507
132.961
132.856
93.3905
100.673
110.276
110.486
100.462
126.148
126.086
105.929
97.9297
97.1042
110.289
110.142
114.431
109.769
103.736
101.06
104.195
117.312
111.887
112.212
121.466
102.998
106.681
107.741
100.922
126.39
113.918
123.449
100.292
101.973
101.852
109.915
115.174
116.385
111.46
122.649
106.981
106.799
114.537
121.427
121.636
110.451
111.837
112.381
112.249
120.811
117.749
127.599
98.5539
106.277
98.0722
107.335
113.687
114.316
114.357
117.525
92.7848
91.7731
83.5093
97.0185
75.077
117.919
84.7482
113.876
102.21
109.828
107.342
108.904
98.733
108.888
97.2138
96.5071
89.6382
85.8091
109.386
94.1808
95.1863
109.574
93.523
108.474
118.654
110.511
117.208
110.963
108.344
145.56
82.686
141.712
105.341
67.5434
94.7368
89.4552
105.77
89.3204
104.304
85.0158
100.791
94.87
92.0343
104.726
105.543
104.12
91.9067
102.046
109.693
115.605
100.682
100.369
106.892
103.127
103.391
102.909
108.212
121.204
100.272
107.048
106.963
120.16
102.949
105.779
102.12
101.387
107.505
107.18
111.036
98.0131
104.697
99.2172
95.5576
89.18
105.501
105.31
98.9373
205.392
83.6704
86.375
105.9
115.783
84.4043
88.3698
76.3858
107.635
83.9892
95.467
81.7182
89.968
67.4774
99.8152
95.6605
104.534
95.3211
95.1066
107.654
108.36
96.6413
114.889
95.9987
114.993
126.689
121.785
102.159
89.0127
91.3018
89.2283
81.0984
111.167
108.37
82.1964
87.4001
79.1515
80.4455
76.2869
77.3441
96.1354
119.818
93.4332
96.0794
94.5375
102.875
88.5707
91.0854
100.189
99.7859
85.9512
101.867
97.2432
101.497
101.686
95.1743
80.2532
89.8324
90.6735
88.9766
106.718
79.9732
107.975
108.235
109.325
106.962
111.049
139.28
118.441
139.935
101.527
132.15
174.614
141.476
108.56
101.654
177.416
24.1051
134.605
74.8461
102.065
124.388
111.207
122.102
72.8157
94.4173
99.8541
118.282
115.264
84.2707
84.4294
104.772
122.613
124.836
125.509
157.507
100.584
156.58
104.65
108.84
102.057
105.376
118.128
91.2046
92.396
100.854
117.6
125.227
110.961
110.694
128.652
150.841
99.5744
106.43
96.2838
108.629
107.795
108.948
109.956
116.152
120.776
120.126
124.561
118.917
127.423
122.866
102.331
103.62
103.866
111.06
92.4776
91.1286
136.015
107.694
106.714
54.2012
127.659
87.9589
108.012
53.0863
132.04
109.66
108.744
105.315
128.014
105.389
126.607
106.648
86.5204
87.8203
123.913
96.6107
120.219
97.0579
127.757
90.6006
90.76
92.1861
94.0555
93.3074
93.9119
99.1339
104.146
96.4063
135.95
96.7628
107.701
98.3577
101.909
96.9624
96.2274
85.3304
94.2369
107.281
101.138
111.233
107.546
105.146
108.037
124.494
111.775
108.159
118.632
99.6696
99.5424
97.4452
123.366
99.0056
118.292
116.875
107.61
113.543
92.1673
101.988
90.5566
101.069
132.086
105.454
124.121
99.5643
101.012
91.6985
85.6201
96.9969
99.4038
143.475
136.378
103.269
89.9114
99.1963
111.723
140.6
149.384
97.4831
96.1248
79.1886
74.4175
79.4112
100.249
95.9676
92.4644
90.6747
90.317
86.8105
101.596
89.613
97.9766
80.7868
77.6484
80.5312
78.0963
92.9202
107.478
108.271
115.743
130.227
113.816
113.07
99.7631
95.423
94.8616
97.9962
95.6484
108.051
119.91
110.257
106.486
113.898
123.638
106.298
117.537
112.101
95.3415
93.79
98.06
98.1246
94.6653
106.109
105.592
101.43
97.0487
96.9109
121.181
115.172
93.3236
128.412
100.911
87.1118
107.48
125.09
131.244
122.515
129.418
113.235
217.991
71.0333
170.385
81.6653
172.712
213.004
109.193
115.792
129.95
113.092
112.394
105.24
176.617
86.1971
94.0835
92.1247
104.219
104.89
87.4175
82.3901
96.6367
92.7594
93.1717
89.2231
98.9622
89.2425
90.4242
105.236
80.2852
98.5523
86.6207
101.086
88.3642
80.2813
105.524
124.456
103.424
97.4788
95.0361
111.652
110.433
124.945
94.3496
119.974
103.806
87.9203
104.068
163.807
96.2387
132.01
127.494
91.5399
91.5068
96.0374
95.9708
119.76
81.8728
91.4044
89.3593
90.3291
114.98
91.5874
78.1823
92.1772
118.709
92.6337
114.676
91.7697
92.5824
153.747
114.895
87.3656
80.1875
85.8796
116.936
89.4748
98.0924
103.662
102.552
99.3444
98.0205
98.8066
101.73
86.0525
92.6633
88.5228
109.419
108.56
100.994
108.291
81.6645
88.5627
89.8224
80.4568
79.6309
154.219
127.077
99.8861
108.242
83.772
130.418
99.5673
112.031
106.675
100.848
114.594
105.666
129.109
101.617
123.241
136.743
107.027
104.129
113.587
103.891
118.849
121.737
225.799
134.358
156.976
128.31
138.571
129.285
152.914
122.522
61.256
128.551
38.2245
115.276
135.983
120.14
109.945
103.599
105.443
81.4091
102.503
88.9492
88.4105
82.9633
41.5747
126.959
44.6066
123.291
110.715
110.738
123.39
115.875
97.7746
111.259
119.835
112.473
129.724
108.437
103.927
94.3088
92.8355
92.4457
161.103
125.534
127.298
62.5703
144.486
116.855
136.011
147.285
118.015
142.594
102.204
117.691
92.6717
114.429
105.152
105.511
112.659
90.1616
68.5354
125.096
137.706
67.4866
114.114
107.651
108.694
115.633
112.013
99.1483
128.989
118.212
120.466
97.2755
117.398
96.8091
121.275
163.864
116.071
124.523
96.6328
95.7943
94.8842
87.8622
86.5825
88.4092
90.1706
86.3464
111.413
56.9095
127.55
102.066
117.153
79.5525
120.734
60.5225
145.079
144.329
127.371
58.4057
164.916
117.471
108.131
92.7798
97.7103
113.129
133.793
93.0932
172.725
106.253
145.798
127.802
98.5418
98.0667
123.515
110.294
109.479
147.989
104.177
171.13
113.665
76.8444
174
146.894
170.946
122.454
124.352
228.395
161.757
85.0381
102.83
93.8713
103.281
82.8466
102.836
96.2741
65.9659
107.247
108.668
59.095
51.0822
60.887
108.835
165.355
106.028
29.339
89.7905
158.184
74.9043
29.1404
83.8056
244.807
166.791
114.716
128.537
124.078
146.855
95.0023
94.4434
95.7192
82.515
80.0283
79.3737
83.6298
72.7011
104.744
105.445
115.706
67.356
114.374
129.75
99.0558
97.7312
93.451
98.2721
80.5245
80.8021
101.792
95.4892
97.4208
95.2552
97.0704
99.8861
108.718
99.1655
160.712
99.5776
104.306
118.678
104.777
107.966
104.772
104.221
117.745
103.563
103.654
111.681
110.88
101.538
106.578
125.613
107.794
110.69
109.739
109.003
127.144
85.9971
99.8686
96.2857
126.137
132.624
133.641
129.355
74.1386
107.821
78.5716
133.587
112.687
151.586
190.69
129.216
106.158
128.281
106.966
103.713
110.526
169.029
91.2674
86.0345
77.7767
80.4567
120.418
101.978
129.453
93.343
89.9586
89.8389
100.205
106.786
88.7816
83.9995
115.39
136.59
81.3476
176.956
91.8777
152.891
113.301
146.034
90.5012
87.4143
116.632
126.422
113.068
101.902
112.878
100.713
91.7505
86.6464
98.689
71.9367
136.673
63.2597
115.535
92.4153
90.0677
138.04
65.0981
114.844
101.748
84.6163
91.778
48.0693
103.065
41.6639
101.07
110.45
92.7296
94.2927
103.146
104.871
98.3785
114.097
85.4326
84.2673
84.2511
92.825
101.869
100.567
145.505
136.89
24.0214
67.7661
103.204
126.398
122.798
111.051
163.381
144.08
100.997
165.562
183.547
164.355
308.019
90.5374
117.739
105.984
106.623
96.301
118.295
106.296
110.64
82.3991
99.8199
117.911
132.583
81.3972
111.049
155.914
128.08
112.471
122.573
164.606
112.798
130.939
114.61
95.4668
96.1113
132.517
122.622
130.772
123.271
92.8385
120.581
134.122
114.177
131.426
129.25
121.67
117.809
78.7893
112.789
99.9573
153.978
113.233
99.9836
89.9884
81.2367
131.721
122.376
83.6415
85.4074
116.942
114.521
159.174
115.75
115.835
140.627
106.437
127.649
94.2262
86.7498
96.4737
124.43
107.545
146.918
86.0467
125.497
111.484
112.056
136.345
118.08
107.063
125.077
128.008
93.565
115.058
92.1663
164.072
138.795
103.022
100.923
90.7835
90.9237
98.0954
101.335
91.7587
91.6051
116.683
112.692
107.271
127.362
95.7421
106.732
101.671
100.53
97.4016
104.415
81.1527
87.0605
118.275
147.302
146.173
105.027
115.825
100.647
149.244
104.904
106.786
103.228
92.0205
98.3628
98.137
104.272
92.7751
96.3632
104.596
137.192
100.33
110.086
108.095
98.8915
103.943
151.887
63.3721
58.958
151.261
84.6656
133.058
123.541
93.5288
104.784
381.147
616.402
169.073
170.396
166.53
105.085
87.5096
92.2899
101.125
77.1096
91.5262
90.7147
149.567
89.085
158.014
113.754
126.95
114.277
118.572
89.222
122.108
112.806
107.145
79.1316
108.486
82.2895
139.011
82.8808
139.741
87.4126
87.8448
94.1064
94.0121
269.206
369.372
214.535
92.3721
120.001
133.962
114.097
133.289
94.4736
108.612
102.021
82.0075
79.7762
114.88
66.0541
112.858
86.8258
118.237
79.2563
92.1045
75.0334
108.538
107.97
118.116
119.815
102.076
115.124
90.6368
113.405
484.985
562.705
123.725
169.569
144.698
230.029
79.9091
155.755
160.908
207.818
167.794
363.738
155.423
173.859
131.009
129.232
115.941
119.236
108.495
107.454
139.819
73.537
219.928
80.2393
53.2707
210.064
160.461
73.956
79.8787
91.5378
82.4046
78.9486
106.943
83.0289
105.16
140.786
126.839
110.144
85.7829
87.5224
75.3328
59.9478
106.7
58.9575
109.407
80.4965
88.6569
121.72
91.5223
79.7733
85.3355
106.379
106.758
93.2497
108.219
111.399
115.573
105.683
158.362
112.408
114.675
42.2617
81.2706
104.023
109.699
98.0824
101.202
89.858
102.595
104.417
95.599
101.473
96.3456
93.8866
94.1786
112.081
95.4889
93.4978
113.057
93.8647
93.7336
90.0958
130.221
143.106
84.2305
94.6434
113.627
93.7091
99.4634
71.3627
91.2896
104.51
90.1243
85.453
102.714
102.565
99.8508
104.865
100.524
106.575
102.334
85.3747
90.3708
137.141
94.9014
89.5433
101.31
102.716
100.802
104.184
98.8794
76.2431
106.831
107.147
106.879
94.7232
139.532
93.3132
91.8721
96.0383
90.7841
101.24
92.6667
93.3616
99.6768
92.4459
99.4502
92.8263
105.528
107.635
107.197
104.201
125.496
114.709
94.4663
101.292
105.387
105.547
98.7202
72.4211
96.5035
99.3723
109.369
112.064
78.6575
77.5807
113.897
88.5933
90.8016
102.596
105.65
104.245
93.1763
119.74
146.546
140.776
98.1715
140.876
121.124
92.4001
102.801
112.505
80.8297
128.845
81.0515
111.363
104.129
146.228
122.543
137.859
114.477
120.458
128.26
134.26
98.371
93.546
105.269
145.372
116.362
133.252
140.811
97.5059
94.8557
89.7414
113.78
97.4886
113.655
123.175
139.656
97.1046
139.125
115.446
141.512
120.18
117.306
90.043
93.4307
90.2004
99.3109
99.9949
100.046
113.327
106.661
106.61
113.545
114.687
107.31
110.653
111.794
83.6654
112.591
85.2441
99.6043
99.6694
83.6027
82.4492
138.325
74.5356
101.95
64.5668
98.8295
98.1073
51.4996
122.304
128.234
124.631
113.728
131.754
141.021
125.873
111.931
88.4733
148.965
132.55
113.83
128.197
110.544
147.448
123.918
157.351
173.824
176.281
5.06664
141.338
99.0432
105.402
77.4821
116.4
42.6975
46.084
83.7287
85.2526
93.2805
86.7485
80.1787
87.227
89.4072
80.1399
75.3966
99.1443
80.1412
134.151
80.7891
181.562
72.2485
107.588
116.199
102.808
119.664
102.103
111.552
106.751
89.8936
95.1389
73.8423
92.2202
95.6088
94.9364
86.9064
115.396
109.725
117.716
71.3898
115.865
114.968
51.7326
122.898
139.268
131.701
111.692
110.777
121.556
115.236
98.0584
140.276
139.06
115.236
118.221
109.733
108.328
65.4241
100.337
99.5939
102.952
108.956
126.801
143.009
99.8552
177.925
141.437
120.579
138.608
111.483
152.774
100.896
102.058
102.961
87.3126
100.848
77.7147
96.6879
107.066
152.454
104.796
224.979
78.8428
155.14
106.065
131.029
125.497
94.9196
54.7109
55.8291
85.0256
92.431
117.948
104.068
93.1317
171.73
54.551
65.2746
100.841
108.724
90.3365
93.0723
156.115
95.9982
133.852
100.654
80.2747
99.5002
102.064
84.8378
82.1044
88.9837
86.991
94.5325
111.843
128.507
95.1692
91.3956
98.0142
84.8024
101.048
100.916
131.565
110.647
125.983
114.114
124.987
114.269
165.246
108.961
81.9964
157.353
55.6085
109.92
78.9535
115.541
133.879
105.554
85.1342
85.624
103.947
104.383
86.509
76.7958
48.8464
90.9586
84.0064
51.0086
116.036
95.0368
161.773
115.041
144.431
115.393
118.223
73.1899
103.232
108.199
85.4773
104.139
104.004
81.8755
91.599
105.352
173.941
78.4137
92.7359
84.3349
113.475
104.403
94.6952
117.746
105.078
101.939
83.9151
77.4693
108.8
77.979
71.3303
78.3275
96.1266
82.3146
95.7849
89.4297
85.7759
82.5382
50.8311
63.0515
118.576
92.1303
96.619
178.301
96.9302
110.125
151.649
157.389
168.508
105.005
79.9795
91.9398
133.465
100.919
93.4633
106.832
119.154
124.461
110.855
102.182
113.62
61.7091
52.9856
128.597
127.627
124.682
125.539
108.087
109.626
122.81
66.0337
86.7489
69.3268
125.168
132.171
123.841
105.743
154.039
79.2396
184.959
109.614
56.788
79.3674
200.729
158.48
132.078
190.133
175.061
147.585
174.736
183.425
127.531
167.039
127.357
122.831
127.178
128.817
136.156
186.431
157.649
69.4529
125.611
130.926
126.554
214.915
84.1829
93.1747
89.3963
88.0415
84.7628
91.5693
88.5157
103.66
90.9014
96.7539
122.462
115.896
107.792
157.643
112.524
175.086
77.7352
120.094
71.9987
68.3899
137.382
121.141
23.1083
88.3384
139.006
59.2567
42.8552
124.034
220.117
97.6018
123.665
100.719
129.23
71.5742
110.555
132.273
128.866
113.109
61.9537
140.258
103.188
177.739
174.313
79.99
63.9019
91.9912
111.64
98.74
77.3284
142.648
197.249
453.099
119.023
183.048
67.354
114.919
91.8497
118.471
104.54
163.543
108.182
114.334
82.425
115.163
125.457
118.649
122.96
81.7894
92.7859
130.315
71.0284
64.2324
80.8255
58.8097
197.797
53.2578
196.211
86.788
93.3175
89.5556
88.7046
85.3269
86.654
96.02
78.8814
109.525
62.4902
59.419
96.0329
74.9364
116.03
352.093
123.815
447.18
169.992
187.152
182.24
543.136
91.4396
1360.54
143.302
141.23
835.463
109.605
129.707
141.265
137.462
263.637
299.576
110.916
150.347
183.204
85.4799
64.9865
100.213
144.045
97.576
60.8779
100.552
88.9745
193.836
135.945
102.416
86.3475
89.1268
110.001
137.663
108.283
109.159
110.536
111.547
79.5485
178.217
109.29
95.8707
63.5157
79.8806
57.1394
86.0115
101.418
94.59
137.382
59.6538
62.9495
56.5261
66.4308
138.092
88.4911
117.066
89.88
102.3
92.0387
85.9539
103.964
95.5285
102.178
89.9622
84.4078
103.882
108.218
91.3863
81.5134
87.1977
82.991
124.805
163.464
55.7172
58.2202
97.0974
100.1
89.7861
97.1222
85.8255
97.3372
78.6147
86.6643
88.5781
101.323
91.7954
120.407
69.731
63.9718
98.7535
107.156
91.5106
118.142
105.71
133.184
120.608
130.756
97.2299
114.466
97.4277
100.63
82.4976
78.8174
106.858
72.4774
115.761
113.094
125.97
74.4942
71.0561
176.409
376.755
164.805
139.969
84.748
87.5084
171.509
154.799
84.103
101.873
119.324
145.794
159.625
201.397
94.6189
101.083
84.1212
144.3
117.56
95.7262
85.9297
154.415
155.373
156.721
114.794
113.392
138.083
114.877
96.1319
90.4596
20.676
105.817
142.5
34.2517
104.212
256.218
203.675
209.647
128.281
116.085
164.611
320.377
98.0232
129.051
43.073
115.39
100.994
110.599
93.1755
116.103
116.598
115.14
122.224
175.566
116.651
126.084
173.227
134.253
63.5247
82.5898
176.193
15.9667
188.558
181.978
254.474
168.163
103.915
118.484
262.379
1022.37
124.889
130.459
125.595
105.349
121.348
127.847
95.4669
97.6333
70.5447
148.675
196.939
89.7139
123.078
197.76
165.438
515.112
98.0756
172.575
209.806
161.692
168.741
94.1408
174.458
1431.84
180.161
80.0193
144.406
382.275
139.692
128.696
138.018
106.092
122.015
100.199
118.298
83.0968
252.112
226.705
-5.21642
178.375
317.489
159.432
89.019
101.884
94.5851
95.6052
69.167
70.5408
152.7
120.795
29.8706
35.4895
156.509
264.588
118.463
153.411
81.1335
108.555
123.665
171.474
114.095
119.693
154.78
114.726
105.889
99.5594
98.6792
107.854
78.0838
111.04
91.1363
102.136
115.583
84.681
99.9633
93.0627
104.284
105.813
72.1363
100.94
77.4304
126.244
112.731
68.4281
291.927
299.315
147.649
431.398
410.998
395.454
396.006
113.591
202.504
164.387
187.254
107.667
105.301
194.868
114.525
94.5667
92.5896
109.258
95.3836
92.3306
106.755
93.9835
104.001
106.679
91.3905
176.57
178.356
82.9086
90.8801
60.3385
83.4818
49.5511
117.821
52.2991
55.6179
110.546
111.78
97.7764
108.112
107.75
109.725
106.141
88.9333
120.123
96.9691
208.57
69.34
80.078
112.528
77.4482
108.225
114.848
119.459
84.7002
128.198
86.2733
103.016
130.235
73.3818
173.475
164.254
105.884
109.202
80.1341
20.8141
22.3552
140.261
175.606
182.287
139.279
93.1884
115.888
91.8408
92.0385
111.937
112.811
104.907
116.068
87.2448
89.5707
112.626
109.433
113.705
154.136
238.618
93.0317
89.7958
295.458
94.1678
110.093
108.309
118.411
107.93
110.437
101.14
154.966
101.258
108.982
78.8652
147.692
139.923
18.8646
102.42
115.056
-2.00816
52.4049
124.727
129.712
114.185
202.246
195.31
205.19
113.734
103.851
111.977
105.606
110.161
104.407
110.848
96.5462
400.595
111.745
111.059
114.744
536.094
169.822
199.132
121.04
93.6313
69.0642
132.374
155.471
121.158
172.767
206.653
201.902
99.3714
112.605
73.5028
51.3544
97.9994
121.664
46.6635
110.622
97.6023
122.128
43.7305
118.65
132.512
118.039
107.937
181.875
131.479
120.876
84.7888
102.215
79.6405
98.0581
78.8827
99.3494
76.4128
141.775
127.068
117.333
120.955
93.1061
139.988
125.162
28.5122
58.0496
322.279
160.985
158.965
222.577
95.6986
96.2026
184.814
128.142
77.9406
191.45
111.039
81.5034
157.636
283.273
118.667
113.694
197.408
154.964
172.496
74.7151
99.2688
106.014
70.0564
120.94
68.4363
100.61
93.3044
181.165
104.333
80.5018
94.5782
81.6408
91.3296
190.602
71.1149
97.1443
77.7629
96.2816
87.2432
80.361
167.664
172.562
184.759
140.998
106.871
100.594
90.963
451.769
-67.3528
189.653
159.606
219.567
163.826
345.088
130.991
52.0007
145.779
67.3592
197.84
69.7993
135.117
104.718
52.6778
69.8992
76.3995
105.925
153.491
43.2899
68.1081
202.579
81.5964
133.135
82.0165
189.602
114.175
70.6676
197.336
128.936
77.4794
176.768
117.147
69.6397
125.554
81.2565
120.267
103.054
107.743
111.868
96.9152
142.231
63.0427
155.89
134.777
85.5905
67.0484
164.6
65.0874
-29.4334
47.0607
191.975
119.152
152.753
114.693
108.173
151.638
120.881
56.2114
41.0877
85.7042
44.4321
112.553
159.181
108.996
95.9255
108.389
187.805
110.48
119.106
104.208
139.794
117.461
151.911
129.978
183.074
99.398
0.978284
113.07
88.8932
196.622
155.952
112.612
94.3412
110.574
110.381
133.221
105.041
115.335
133.998
162.102
156.312
285.489
283.266
92.6622
95.79
153.664
89.029
73.142
144.093
71.7989
117.746
65.661
65.0365
47.2052
50.635
66.5364
341.184
440.47
523.475
293.067
124.073
137.285
411.078
146.953
85.4143
131.872
135.614
113.857
124.793
89.4816
152.519
82.4585
182.475
109.143
90.8235
79.3687
146.207
177.851
104.653
107.767
232.408
239.347
46.8444
103.661
108.421
54.5043
127.327
111.226
185.823
93.6976
122.924
108.921
168.283
124.173
109.764
152.643
107.371
100.151
85.6579
71.302
125.545
99.5655
102.789
86.6494
186.538
178.228
216.754
116.498
164.322
82.2193
146.703
97.5537
156.777
100.138
202.378
183.438
108.287
77.8271
235.751
136.506
173.724
216.831
267.321
100.012
64.6863
102.319
210.476
311.919
119.099
555.882
118.662
113.708
94.327
90.4587
97.6985
108.822
136.762
21.0551
113.246
199.064
147.489
133.834
157.809
119.561
100.161
124.98
97.3749
94.5258
95.5891
106.084
178.682
71.5452
158.615
147.338
191.834
265.755
186.087
127.21
43.5269
55.2564
16.2666
98.5758
102.675
111.067
128.908
122.805
144.128
126.473
156.378
159.041
125.16
124.727
126.573
115.736
132.729
92.618
123.792
122.676
134.16
278.238
160.752
323.036
188.179
206.584
225.843
195.534
185.995
106.963
105.091
89.5862
109.499
107.605
104.037
95.2132
160.528
137.234
118.869
1531.84
113.527
98.5333
)
;

boundaryField
{
    inlet
    {
        type            calculated;
        value           nonuniform List<scalar> 
318
(
69.9254
89.6443
123.42
93.8201
36.1221
56.3567
112.941
99.8216
110.975
120.549
12.8305
89.3482
130.125
96.8584
96.7366
96.2113
80.4123
100.54
100.615
118.219
121.215
55.8042
12.806
99.1756
110.349
106.447
83.2739
101.322
114.444
111.264
109.195
136.86
113.865
100.652
110.038
114
98.7328
102.037
92.5132
118.054
103.903
77.5238
107.553
111.522
107.81
101.383
85.49
86.2936
89.9386
102.637
109.376
103.37
101.466
104.425
105.566
104.789
115.456
103.681
103.677
106.067
48.4593
99.581
111.946
104.648
103.221
103.071
80.7999
119.501
102.843
70.1945
104.032
114.057
108.362
109.066
106.89
106.429
114.542
84.8027
85.338
103.699
103.654
116.958
129.712
88.1482
99.2419
99.3821
68.1228
81.3299
101.989
106.424
107.541
104.4
110.245
73.765
103.255
105.353
102.114
105.05
97.2741
78.6213
95.8698
106.57
104.023
103.294
104.207
103.528
102.742
101.425
114.161
107.337
106.118
96.3222
95.146
108.148
99.9234
113.701
110.845
98.6886
88.7238
100.135
118.813
118.681
110.474
94.2339
99.5052
98.2558
97.5631
96.6739
80.0989
88.8288
107.01
94.1198
119.766
106.774
116.591
112.49
132.566
114.924
64.8876
95.298
100.591
81.4073
112.064
113.648
104.705
107.821
165.322
101.453
104.732
102.827
106.988
108.478
109.146
112.972
89.2906
85.5344
98.9192
100.571
107.81
99.6386
-173.266
168.142
105.225
108.39
79.3543
97.8514
80.8745
60.308
106.375
115.5
156.999
104.801
104.975
104.109
115.886
107.177
93.8991
101.931
104.518
106.459
91.3629
101.015
96.2379
98.3549
100.992
104.015
97.9534
88.0747
99.3631
104.8
113.252
105.875
108.838
108.696
106.522
123.596
98.4574
122.113
116.369
124.885
112.573
93.2329
100.947
107.45
105.394
98.0053
101.698
147.411
21.1128
-93.7307
-67.2329
79.731
105.671
132.151
-98.1371
151.059
127.659
99.4865
105.062
107.643
124.509
126.383
108.244
104.628
129.841
117.547
100.348
104.89
36.0001
122.05
-33.46
127.472
127.661
111.023
126.334
116.437
84.0121
126.459
77.3578
122.576
163.434
56.5093
109.419
72.6786
124.03
116.968
121.914
112.491
107.021
122.625
123.222
150.626
125.127
131.782
122.573
94.2167
138.554
137.984
103.759
121.161
125.651
94.6104
108.581
128.204
122.596
133.652
137.764
109.781
137.198
93.4307
127.603
67.7734
107.259
150.82
-3.28979
123.918
109.684
104.795
128.182
132.044
-77.7748
57.0796
105.03
-238.048
127.753
193.411
114.919
116.678
152.677
-53.0709
151.217
90.9393
34.1039
18.5109
112.788
105.892
113.724
129.791
102.397
58.1681
99.6515
51.9453
106.75
116.827
105.043
118.26
132.143
72.8847
194.057
114.923
98.7868
-142.781
110.606
122.154
124.001
42.5215
114.548
104.358
)
;
    }
    outlet
    {
        type            calculated;
        value           uniform 0;
    }
    lowerWall
    {
        type            calculated;
        value           nonuniform List<scalar> 
1091
(
197.489
95.148
128.804
100.175
124.845
109.711
108.981
101.271
107.966
118.631
100.913
117.642
170.841
98.4199
154.512
127.561
107.555
100.043
98.6528
96.9
104.241
83.2676
98.4796
98.0515
76.5439
119.792
98.2764
81.7704
110.161
93.1413
83.7227
89.0869
74.6054
63.0278
127.628
89.8674
98.9766
101.009
76.5921
77.3629
79.1262
87.3117
88.9861
101.864
92.663
107.353
111.624
107.597
84.5097
71.7372
84.6867
87.8837
90.4919
94.1643
122.509
100.578
106.483
113.552
108.164
90.0475
88.737
88.6012
89.8914
94.2594
99.6894
101.368
102.812
104.872
97.4707
91.6596
88.2915
88.279
89.5277
91.5164
93.2604
94.369
95.0341
94.6522
92.134
89.6047
87.1153
87.0778
87.8522
89.0551
90.1743
90.9368
91.2862
90.9238
89.4844
87.9853
85.4212
85.386
85.8349
86.6029
87.3249
87.8361
87.9837
87.6917
86.8688
85.9653
83.4369
83.413
83.6951
84.1641
84.6237
84.9487
85.038
84.8191
84.3274
83.7832
81.2743
81.2562
81.4159
81.7348
82.0078
82.2137
82.2654
82.1197
81.8281
81.4859
79.0124
79.0219
79.1059
79.2907
79.4783
79.6085
79.6534
79.5585
79.3698
79.1405
76.7172
76.7213
76.7807
76.886
77.0003
77.0873
77.1168
77.0549
76.9357
76.806
74.3939
74.391
74.4333
74.5043
74.5848
74.6483
74.6539
74.5936
74.5331
74.4511
72.0678
72.0769
72.0865
72.1357
72.1893
72.2339
72.2377
72.2161
72.1712
72.1047
69.7441
69.7426
69.7711
69.7969
69.8391
69.8697
69.8721
69.8483
69.8007
69.7674
67.4391
67.4541
67.4841
67.4909
67.5018
67.5197
67.5303
67.5084
67.4783
67.4579
65.1532
65.1712
65.1945
65.1822
65.1727
65.1792
65.1833
65.1911
65.1759
65.1576
62.8843
62.8844
62.8858
62.895
62.9027
62.902
62.89
62.8811
62.8848
62.8763
60.6137
60.6188
60.6213
60.6368
60.6431
60.642
60.6343
60.6221
60.611
60.6085
58.3654
58.3656
58.3702
58.3731
58.3753
58.3734
58.3742
58.3685
58.3589
58.359
56.1426
56.1329
56.1253
56.133
56.1393
56.1418
56.14
56.1379
56.1409
56.1432
53.9109
53.9095
53.9056
53.9108
53.9147
53.9261
53.9343
53.9342
53.9302
53.9176
51.7036
51.6897
51.6904
51.7113
51.717
51.7231
51.7292
51.7243
51.7337
51.7174
49.5111
49.495
49.489
49.5037
49.5174
49.5301
49.5316
49.5338
49.5341
49.5279
47.3241
47.3125
47.3026
47.303
47.3128
47.3236
47.3303
47.331
47.3281
47.3262
45.1325
45.1357
45.1414
45.1476
45.1427
45.1381
45.1355
45.1313
45.1296
45.1308
42.9577
42.9714
42.9769
42.9738
42.9606
42.955
42.957
42.9655
42.9599
42.9566
40.8106
40.8132
40.8173
40.8065
40.7991
40.7922
40.8025
40.8064
40.8059
40.807
38.657
38.6718
38.6766
38.6768
38.6721
38.6658
38.6604
38.6553
38.6436
38.647
36.524
36.5414
36.5389
36.5326
36.5282
36.5208
36.5074
36.5045
36.5049
36.5143
34.4242
34.4238
34.3988
34.3931
34.3922
34.3842
34.3765
34.3806
34.3992
34.416
32.3129
32.3073
32.2862
32.284
32.2835
32.2853
32.2916
32.2985
32.3038
32.312
30.1913
30.1949
30.1983
30.2074
30.2085
30.2113
30.2152
30.2134
30.2067
30.1963
28.0993
28.106
28.1191
28.1358
28.1451
28.1471
28.1415
28.1313
28.1222
28.1065
26.0621
26.0563
26.0556
26.0609
26.0709
26.0823
26.0871
26.0867
26.0808
26.072
24.0559
24.0408
24.0313
24.0263
24.0308
24.0423
24.0549
24.0664
24.0698
24.0667
22.0576
22.0432
22.0383
22.0387
22.0415
22.0451
22.0471
22.0528
22.0568
22.0598
20.055
20.0546
20.0554
20.0643
20.0701
20.071
20.0636
20.0578
20.0561
20.0544
18.0788
18.0847
18.0927
18.0966
18.095
18.0898
18.0827
18.0782
18.0762
18.0761
16.1459
16.1506
16.1452
16.134
16.1194
16.1079
16.0997
16.1113
16.1195
16.1338
14.215
14.2222
14.2052
14.1877
14.1666
14.1545
14.1506
14.1631
14.1793
14.1925
12.2544
12.2732
12.2741
12.2606
12.2497
12.2409
12.2385
12.2431
12.244
12.2447
10.3229
10.3291
10.3395
10.3443
10.3416
10.3382
10.3336
10.3322
10.3294
10.3204
8.43993
8.4247
8.42337
8.42575
8.42725
8.43207
8.43385
8.43609
8.43741
8.4403
6.55466
6.54029
6.53489
6.53508
6.5426
6.55928
6.56515
6.56364
6.55655
6.55983
4.66324
4.66041
4.66186
4.6685
4.68314
4.70685
4.7069
4.69575
4.68464
4.674
2.79228
2.79532
2.7978
2.80353
2.81145
2.82119
2.82678
2.82467
2.81189
2.80043
0.933826
0.933999
0.934094
0.928966
0.926813
0.929878
0.938995
0.942873
0.94421
0.934092
87.3361
87.9292
88.1739
89.7298
89.5388
87.9749
94.5889
94.1653
90.2938
112.917
99.7217
95.2655
104.918
100.826
100.294
98.3317
102.855
101.301
123.28
106.126
103.21
109.853
104.336
107.687
93.0731
93.6404
101.617
83.8229
88.4589
92.0964
83.8202
86.8467
83.6139
90.2049
88.9909
90.5207
104.723
96.4446
92.7182
89.5179
109.959
95.6151
103.445
132.765
102.625
107.335
102.628
106.712
100.287
108.629
106.133
81.4383
94.8687
111.837
104.083
91.6765
114.151
112.723
83.7379
89.4924
85.1252
86.5607
86.5116
88.8944
88.4773
87.4058
92.0443
91.2285
90.6754
98.339
96.212
94.3696
81.7978
97.7586
101.76
102.946
101.426
100.964
109.232
104.565
103.981
118.472
113.619
109.613
100.547
99.994
104.733
87.4682
88.8168
90.5258
88.4433
88.437
88.7603
88.9802
89.0183
88.5099
92.6379
91.3352
90.0579
99.5056
94.333
92.7573
100.812
96.1355
95.2224
102.615
97.2675
96.692
104.359
98.7456
98.0856
101.883
97.842
98.9257
94.5374
93.1485
95.6354
89.7175
89.5615
91.1719
87.5057
87.122
86.4513
88.0245
87.3877
87.4479
87.1797
87.2424
87.946
89.6054
89.5848
90.0339
88.2374
89.3566
90.264
87.6801
88.237
88.3133
93.8214
91.791
93.2837
92.3799
93.0073
93.7382
91.0659
92.4316
91.5639
103.691
97.736
100.265
97.9144
97.8634
100.993
94.8577
96.4732
96.2784
100.643
102.626
108.029
101.02
101.839
101.296
100.819
100.65
99.944
103.049
102.524
117.595
102.04
101.785
103.036
101.211
101.274
101.447
106.955
105.675
108.757
104.905
105.464
107.032
103.678
104.668
104.224
108.245
116.113
124.613
108.008
112.463
108.002
109.201
112.01
108.708
94.0305
98.0661
99.6036
96.3522
96.6886
93.1479
103.601
97.9725
97.8331
86.3616
87.9875
85.4246
89.4693
88.4712
87.4756
91.262
89.412
90.502
95.7647
94.2493
93.1593
99.9419
97.4676
97.2406
101.468
99.1422
99.0287
103.332
100.69
100.002
81.7175
85.1087
84.6877
85.1545
78.7949
87.3185
96.3206
95.2644
97.3179
98.5088
98.2646
100.652
99.8146
99.4133
101.958
101.594
101.021
103.685
105.1
101.964
101.822
92.2781
91.584
91.7078
99.3679
101.504
104.502
90.8268
90.8083
90.0422
69.0864
44.0212
74.0908
85.925
86.6479
86.7417
88.5099
82.5598
87.4249
101.621
97.8022
119.029
103.989
84.2165
66.66
104.836
125.869
85.7555
82.592
109.276
82.9824
99.3333
97.2658
98.1905
91.9898
70.1907
88.8387
112.044
90.8775
84.0802
124.948
57.6567
86.0117
98.7933
103.227
94.0399
103.785
103.832
95.1991
96.631
87.0144
98.1637
154.822
107.82
123.303
107.033
115.76
111.054
110.902
100.149
118.81
101.586
107.668
99.2697
93.0131
102.343
100.562
104.875
98.0701
113.136
99.6009
88.3949
94.73
105.614
100.75
95.3819
70.4736
64.7328
94.5966
105.643
99.6107
120.948
106.747
107.193
109.006
120.25
106.429
122.436
104.488
104.425
104.031
126.798
101.289
101.994
125.051
115.504
145.031
105.496
96.3161
104.322
123.7
72.179
78.6415
93.6123
86.6165
92.7894
96.4005
134.614
92.8105
102.687
98.435
95.1783
82.7559
88.0733
130.142
95.3561
134.939
94.2082
123.522
111.72
109.893
96.8397
101.553
112.855
83.2711
94.3318
94.5416
89.5243
54.8931
80.5874
102.406
131.038
94.9378
99.415
109.754
93.3554
106.823
86.4272
74.7332
116.558
136.317
158.354
114.347
96.5309
106.938
110.144
96.1365
157.197
99.5812
103.085
124.841
89.725
88.2325
58.3864
152.864
94.0712
100.658
73.6819
92.031
92.7465
104.331
64.608
142.069
111.469
101.135
96.105
91.3208
85.9777
93.3263
102.912
106.761
98.6849
88.2231
98.5026
99.4306
125.108
101.21
98.4847
134.531
106.827
121.277
124.54
105.763
106.27
104.696
100.51
103.099
102.895
112.913
101.923
93.1103
91.7194
93.3389
94.586
114.715
97.0339
83.1211
82.2967
68.9637
109.835
101.096
101.995
156.438
103.449
122.48
123.601
159.781
82.8782
117.242
133.236
115.634
117.349
92.5247
102.753
84.8451
85.3321
87.1713
81.8943
114.187
86.2601
107.587
112.876
157.377
103.736
121.466
111.887
114.316
117.525
106.277
108.904
108.888
113.876
91.7731
83.5093
92.7848
96.5071
89.6382
97.2138
93.4332
100.189
88.5707
79.1515
119.818
76.2869
120.776
122.866
118.917
103.62
136.015
92.4776
106.714
54.2012
107.694
129.109
136.743
114.594
61.256
109.945
135.983
105.152
112.659
102.204
125.096
107.651
68.5354
112.013
120.466
115.633
74.1386
190.69
133.587
100.713
136.673
91.7505
134.122
121.67
114.177
153.978
99.9836
117.809
164.072
103.022
128.008
90.7835
90.9237
100.923
136.345
125.077
125.497
73.537
160.461
219.928
80.4965
121.72
59.9478
80.8297
104.129
112.505
141.512
117.306
139.656
94.8557
123.175
113.78
99.6043
82.4492
83.6654
138.325
51.4996
98.8295
156.115
100.654
90.3365
66.0337
105.743
132.171
112.524
137.382
71.9987
97.6018
123.665
220.117
93.1747
89.3963
84.1829
90.9014
157.643
115.896
88.3384
124.034
23.1083
59.6538
138.092
62.9495
63.5157
101.418
79.8806
81.5134
58.2202
124.805
103.882
91.3863
95.5285
121.664
46.6635
97.9994
118.667
172.496
283.273
)
;
    }
    upperWall
    {
        type            calculated;
        value           nonuniform List<scalar> 
1127
(
128.127
141.712
173.824
97.1173
107.058
108.452
100.989
103.973
109.818
111.826
104.483
111.569
105.335
92.0615
103.281
59.095
108.084
93.3826
111.684
98.5635
118.305
120.539
96.8319
109.715
93.7521
77.1051
147.202
113.33
96.876
96.0338
79.7063
86.1118
85.2428
94.1088
95.4455
99.5757
97.2121
83.0914
109.5
74.7567
79.0305
86.2127
88.5649
104.992
96.1962
105.508
112.7
107.275
56.5287
97.7048
84.7045
87.9159
91.9083
96.0302
109.665
99.0815
106.017
110.677
107.621
90.2238
88.7372
88.6
89.8757
94.2486
99.6847
101.375
102.797
104.89
97.4734
91.6589
88.2919
88.2786
89.5286
91.518
93.2595
94.3682
95.0327
94.6524
92.1341
89.605
87.1152
87.0777
87.8535
89.055
90.1738
90.9362
91.286
90.9239
89.4847
87.9853
85.4212
85.3859
85.8348
86.6024
87.3252
87.8362
87.9835
87.6915
86.8687
85.9652
83.437
83.4129
83.695
84.164
84.6237
84.9483
85.0379
84.819
84.3273
83.7832
81.2745
81.2561
81.4158
81.7347
82.0064
82.2134
82.2653
82.1196
81.828
81.4855
79.0119
79.0218
79.1058
79.2906
79.478
79.6088
79.6533
79.5584
79.3697
79.1399
76.7172
76.7211
76.7806
76.8859
77.0002
77.0872
77.1167
77.0548
76.9356
76.806
74.3938
74.3909
74.4332
74.5042
74.5849
74.6483
74.6538
74.5935
74.533
74.451
72.0674
72.0765
72.0868
72.1356
72.1894
72.2338
72.2376
72.216
72.1715
72.1052
69.7441
69.7425
69.771
69.7968
69.839
69.8696
69.872
69.8489
69.8016
69.7673
67.4395
67.4543
67.4836
67.4906
67.5017
67.5198
67.5299
67.5078
67.4775
67.4574
65.1535
65.1712
65.1943
65.1821
65.1725
65.1789
65.1831
65.1917
65.176
65.1577
62.8839
62.8841
62.8856
62.8947
62.9028
62.9019
62.8901
62.881
62.8849
62.8762
60.6135
60.6188
60.621
60.6368
60.6432
60.6422
60.6341
60.622
60.6108
60.6083
58.3655
58.3657
58.3701
58.373
58.3746
58.3732
58.3741
58.3686
58.3589
58.3589
56.1425
56.1323
56.125
56.133
56.1391
56.1414
56.14
56.1381
56.1409
56.1431
53.9106
53.9092
53.9058
53.911
53.9149
53.9261
53.9342
53.9341
53.9301
53.9176
51.7036
51.6899
51.6902
51.7111
51.7164
51.7232
51.7289
51.724
51.7335
51.7174
49.5112
49.4948
49.4889
49.5031
49.5175
49.5299
49.5315
49.5338
49.5341
49.5277
47.3238
47.3121
47.3027
47.3032
47.313
47.3233
47.3302
47.3309
47.328
47.326
45.1325
45.1356
45.1413
45.1476
45.1426
45.1378
45.1355
45.1309
45.1297
45.1309
42.9573
42.9715
42.9769
42.9738
42.9604
42.9549
42.9574
42.9653
42.9598
42.9565
40.8105
40.8136
40.8174
40.8062
40.7989
40.7929
40.8024
40.8065
40.8061
40.8066
38.657
38.6723
38.6758
38.6766
38.6722
38.6659
38.6603
38.6552
38.6435
38.6469
36.5239
36.5414
36.5384
36.5324
36.5282
36.5201
36.5071
36.5043
36.5047
36.5142
34.4241
34.4236
34.3985
34.3931
34.3922
34.3839
34.3765
34.3806
34.4
34.4166
32.3126
32.3073
32.2862
32.2839
32.2834
32.2852
32.2913
32.2984
32.3037
32.3119
30.1911
30.1948
30.1984
30.2074
30.2085
30.2112
30.2151
30.2133
30.2063
30.1958
28.0992
28.1058
28.119
28.1354
28.145
28.147
28.1413
28.1312
28.1223
28.1068
26.0618
26.0562
26.0553
26.0606
26.0715
26.0822
26.087
26.0867
26.081
26.0719
24.0559
24.0413
24.0313
24.0263
24.0307
24.0421
24.0549
24.0662
24.0695
24.0665
22.0575
22.0429
22.0382
22.0388
22.0414
22.0451
22.0469
22.0527
22.0566
22.0597
20.0547
20.0544
20.0553
20.0643
20.0701
20.0711
20.0637
20.0578
20.0559
20.0544
18.0785
18.0847
18.0931
18.0966
18.0947
18.0896
18.0826
18.078
18.0763
18.076
16.146
16.1507
16.1455
16.1339
16.1185
16.107
16.0994
16.1113
16.1195
16.1337
14.2152
14.222
14.2048
14.1873
14.1667
14.1545
14.1505
14.1629
14.1792
14.1925
12.2546
12.2725
12.2737
12.2609
12.2496
12.2409
12.2385
12.243
12.2436
12.2443
10.3229
10.3292
10.3395
10.3445
10.3417
10.3379
10.3333
10.332
10.3293
10.3204
8.43998
8.42472
8.42321
8.42564
8.42716
8.43198
8.43376
8.436
8.43729
8.44032
6.55443
6.53996
6.53478
6.53487
6.54267
6.55909
6.56551
6.56358
6.55639
6.55951
4.66307
4.66035
4.66183
4.66838
4.68293
4.70688
4.70689
4.69568
4.68453
4.6738
2.79224
2.79518
2.79788
2.80338
2.81126
2.82041
2.82677
2.82465
2.812
2.8005
0.933862
0.933748
0.933754
0.928531
0.926769
0.929811
0.939108
0.942967
0.944118
0.934009
88.1772
87.9378
87.3423
87.9646
89.5459
90.0225
90.3338
94.1284
93.9761
95.2717
99.6663
108.652
100.267
100.805
100.398
101.307
102.886
109.085
103.273
106.114
110.836
107.67
104.373
105.684
101.651
93.6467
93.06
92.0917
88.458
83.8517
83.6211
87.3252
83.6
87.4687
87.654
92.1245
93.9108
94.9964
89.4269
97.8393
83.816
97.0207
134.558
108.503
100.472
97.7861
107.356
101.032
109.304
115.221
105.926
106.247
113.762
8.5058
105.553
91.0316
62.0608
91.3005
84.1524
78.7901
86.4567
86.507
85.0608
87.5176
88.6534
88.6731
90.9427
91.2078
91.6132
95.1955
95.786
98.3121
101.249
99.295
113.831
100.954
101.743
110.074
104.172
104.416
103.269
109.705
114.968
131.923
104.623
99.1189
102.04
90.5547
88.7938
87.5273
88.76
88.4366
88.4436
88.508
89.0198
88.9771
90.0581
91.3354
92.6212
92.7577
94.333
99.5198
95.2217
96.1351
100.802
96.6932
97.2674
102.628
98.0843
98.7459
104.344
98.925
97.8409
101.879
95.6348
93.1488
94.5359
91.1713
89.5618
89.7173
87.945
87.2346
87.178
87.5164
87.3836
88.0278
86.4626
87.1199
87.4483
88.3282
88.3337
87.6903
90.2642
89.471
88.2416
90.7169
89.6277
89.5765
91.5107
92.4094
91.0909
93.775
92.8984
92.3576
91.2507
91.7328
93.3362
96.307
96.4924
94.8567
101.129
97.9202
97.909
96.4769
98.3884
102.85
99.9649
100.811
100.888
101.373
101.708
101.03
113.648
106.398
100.237
101.455
101.319
101.208
103.147
101.677
102.061
100.269
101.856
103.545
104.231
104.669
103.705
107
105.431
104.895
105.742
105.385
106.788
108.716
112.191
109.179
107.998
112.489
108.004
129.662
115.555
108.14
97.7673
98.3897
103.476
93.1864
96.693
96.3385
98.686
98.0836
93.9596
90.5041
89.4263
91.2909
87.4691
88.4677
89.4757
85.5813
87.8224
86.5499
93.1562
94.245
95.7757
97.2328
97.4585
99.9438
99.0167
99.1368
101.486
99.9953
100.687
103.309
84.5604
87.4548
82.394
88.1012
88.0825
85.3867
97.3044
95.2658
96.3286
100.654
98.25
98.4993
101.954
99.4049
99.8133
103.685
101.021
101.593
101.82
101.932
105.084
91.698
91.5684
92.268
104.498
101.502
99.3647
90.0378
90.7915
90.8351
90.8759
89.6637
82.1473
91.9976
68.3617
88.101
81.2547
99.8993
75.0933
86.7251
86.467
86.0796
117.667
100.318
89.2747
87.5731
91.1645
114.533
68.8673
80.3761
49.9213
89.068
114.756
108.911
101.546
104.463
100.844
86.5205
114.745
103.461
101.544
93.5306
84.3319
104.482
28.3405
135.426
108.215
104.159
139.486
83.1697
84.7885
116.568
79.6471
108.123
106.048
131.748
90.9285
86.647
97.8173
97.973
106.144
100.562
101.263
103.683
124.132
63.5443
107.248
121.991
83.2688
150.263
121.955
112.543
108.393
93.1175
106.301
119.566
102.166
134.698
103.063
74.3684
105.195
60.5597
115.407
110.647
90.4706
94.7856
104.026
99.0951
89.2284
91.5702
90.5877
92.2719
178.886
88.9168
355.638
387.467
43.2355
90.3316
103.718
107.709
71.0232
83.9293
173.101
0.591946
105.175
123.532
86.3513
90.5168
98.3698
102.476
102.892
107.301
101.712
131.766
118.676
93.5762
94.7112
99.5781
99.0113
84.9981
117.704
93.5557
88.7863
92.9954
93.8624
112.89
52.4796
91.8501
95.2617
74.3539
132.74
95.667
84.4577
100.245
101.013
95.2553
98.6226
98.1112
95.6759
101.406
106.327
110.465
48.8674
108.061
95.3267
94.1947
96.3889
79.0957
68.6713
59.7295
179.597
95.3275
126.462
101.296
92.143
90.6377
96.2991
79.1187
88.7867
111.164
92.893
84.02
98.8834
101.026
99.2169
106.241
123.19
89.4436
59.0725
93.4527
83.1511
96.8917
87.0819
196.313
0.922847
77.5986
121.98
193.958
86.5579
98.5068
107.853
108.264
89.8175
94.8816
107.671
76.1719
105.244
86.6496
137.623
124.734
106.721
89.2113
87.5616
89.7965
80.3831
86.1109
111.571
98.9641
118.354
167.917
92.3266
152.183
121.943
107.505
124.746
112.314
96.6391
86.9946
102.459
98.7454
104.757
74.2837
104.721
102.406
90.1275
87.3015
77.4184
140.374
98.8974
121.506
90.4132
88.1806
86.307
99.6599
96.642
116.92
76.9201
84.475
85.6052
106.881
96.4356
98.9761
118.169
87.4584
66.4015
142.878
78.6807
60.202
114.759
132.921
122.44
104.384
129.398
100.24
105.341
94.7368
67.5434
100.272
102.949
107.048
102.12
98.0131
107.18
97.0487
128.412
115.172
92.6337
92.5824
118.709
80.4568
127.077
88.5627
82.8466
96.2741
102.836
51.0822
108.835
60.887
107.794
127.144
110.69
101.869
145.505
84.2673
89.9586
83.9995
100.205
90.5012
101.902
116.632
146.546
92.4001
140.876
94.4736
114.88
82.0075
114.709
98.7202
105.387
86.8258
75.0334
118.237
110.144
75.3328
140.786
85.3747
137.141
100.524
176.281
141.338
5.06664
90.9586
51.0086
86.509
95.6088
86.9064
95.1389
110.777
121.556
139.268
117.716
114.968
71.3898
100.337
143.009
102.952
115.041
118.223
161.773
103.232
81.8755
104.139
133.465
106.832
79.9795
102.182
52.9856
124.461
155.373
114.877
113.392
84.103
201.397
119.324
20.676
104.212
105.817
121.04
121.158
132.374
102.42
-2.00816
147.692
202.504
194.868
107.667
73.3818
109.202
173.475
175.606
139.279
20.8141
124.727
205.19
202.246
103.851
110.848
105.606
206.653
51.3544
99.3714
145.779
135.117
67.3592
189.653
345.088
159.606
52.6778
43.2899
105.925
-29.4334
114.693
119.152
97.5537
183.438
146.703
133.834
119.561
113.246
144.128
124.727
156.378
102.675
128.908
55.2564
)
;
    }
    frontWall
    {
        type            cyclic;
    }
    backWall
    {
        type            cyclic;
    }
}


// ************************************************************************* //
