/*--------------------------------*- C++ -*----------------------------------*\
| =========                 |                                                 |
| \\      /  F ield         | OpenFOAM: The Open Source CFD Toolbox           |
|  \\    /   O peration     | Version:  5.0                                   |
|   \\  /    A nd           | Web:      www.OpenFOAM.org                      |
|    \\/     M anipulation  |                                                 |
\*---------------------------------------------------------------------------*/
FoamFile
{
    version     2.0;
    format      ascii;
    class       volScalarField;
    location    "4.8";
    object      p_rgh;
}
// * * * * * * * * * * * * * * * * * * * * * * * * * * * * * * * * * * * * * //

dimensions      [1 -1 -2 0 0 0 0];

internalField   nonuniform List<scalar> 
9207
(
92.7593
121.87
108.953
105.906
106.455
99.991
99.443
95.9793
92.4465
89.9126
87.2971
84.7217
82.1646
79.6505
77.1568
74.6912
72.2419
69.8262
67.4329
65.0671
62.7025
60.3605
58.048
55.7291
53.4352
51.1617
48.8895
46.6177
44.3645
42.1381
39.9072
37.7011
35.5253
33.3369
31.144
28.9842
26.8776
24.8072
22.7465
20.6762
18.6354
16.6398
14.6474
12.6291
10.6359
8.69179
6.75058
4.80257
2.87509
0.961376
92.5756
97.3865
111.024
101.98
102.71
108.154
99.6398
96.1894
92.5353
89.935
87.3065
84.7218
82.1845
79.6603
77.1554
74.6957
72.24
69.8407
67.4551
65.0688
62.7098
60.364
58.0421
55.7292
53.4245
51.1427
48.8792
46.6199
44.3722
42.1404
39.9211
37.7136
35.5198
33.3316
31.1469
28.9912
26.8741
24.791
22.7246
20.6742
18.6405
16.6428
14.6506
12.6434
10.6424
8.68114
6.73657
4.80055
2.87931
0.9618
97.7657
102.831
98.3913
97.5027
108.433
100.192
99.5676
96.5994
92.4968
89.8583
87.2758
84.6889
82.1497
79.6462
77.1525
74.6802
72.2497
69.8563
67.4685
65.0661
62.7085
60.366
58.0323
55.7265
53.4281
51.1389
48.8687
46.6254
44.3822
42.1414
39.9252
37.7124
35.4994
33.3175
31.158
29.0064
26.8727
24.7811
22.722
20.6756
18.6507
16.6436
14.644
12.6451
10.653
8.67981
6.73531
4.80325
2.88204
0.962046
95.8618
93.9964
96.4022
95.4735
102.013
98.2121
98.5305
97.3667
93.0974
89.6536
87.2101
84.6713
82.1309
79.627
77.1474
74.682
72.2496
69.8512
67.4485
65.0692
62.7181
60.366
58.0362
55.7273
53.4388
51.1492
48.8675
46.6319
44.3796
42.1319
39.9253
37.7066
35.4936
33.3124
31.1649
29.0231
26.8799
24.778
22.7241
20.6847
18.6549
16.6295
14.6182
12.6363
10.6609
8.68286
6.73524
4.81021
2.88778
0.956776
96.6374
95.7939
98.467
100.675
94.3844
97.8145
97.7699
97.7596
92.9157
89.5919
87.1837
84.6341
82.1243
79.6189
77.1506
74.6878
72.261
69.8424
67.4276
65.0722
62.7224
60.3668
58.042
55.7298
53.4468
51.1635
48.8767
46.6255
44.3637
42.1243
39.9193
37.6982
35.4906
33.3107
31.1638
29.0318
26.889
24.7814
22.7268
20.6919
18.654
16.6162
14.6012
12.6263
10.6586
8.68422
6.74037
4.82484
2.8958
0.954706
98.5043
97.6264
99.4052
98.8
95.3218
97.3362
97.7691
97.5933
92.8968
89.6117
87.1896
84.6401
82.1287
79.628
77.1669
74.7024
72.272
69.8462
67.4225
65.0569
62.7156
60.358
58.0402
55.7402
53.4521
51.1752
48.8867
46.6201
44.3567
42.1165
39.9113
37.694
35.4842
33.3132
31.1703
29.0343
26.9002
24.7934
22.7309
20.6931
18.6471
16.6006
14.586
12.6142
10.6506
8.68727
6.75638
4.8467
2.90607
0.957881
100.06
105.755
102.061
99.7531
100.13
98.3284
98.6294
98.05
92.4909
89.8193
87.2567
84.6864
82.1679
79.6537
77.1694
74.7038
72.2722
69.854
67.4268
65.0491
62.7052
60.3599
58.0404
55.7491
53.4598
51.1787
48.8939
46.6168
44.3551
42.1235
39.91
37.6827
35.4779
33.3196
31.1722
29.0287
26.9062
24.8069
22.7331
20.6845
18.6401
16.5968
14.586
12.6129
10.6474
8.68895
6.76248
4.84635
2.90946
0.966166
102.151
97.9009
100.019
109.496
104.293
100.826
99.474
97.4307
92.52
89.8942
87.284
84.7079
82.181
79.6608
77.1527
74.709
72.2645
69.8425
67.4393
65.043
62.6958
60.3562
58.0401
55.7509
53.4594
51.1806
48.8952
46.6142
44.3745
42.1369
39.9051
37.6792
35.4833
33.3272
31.1705
29.0175
26.9058
24.8182
22.7383
20.6776
18.6351
16.6038
14.5961
12.6149
10.6453
8.69085
6.761
4.83589
2.90766
0.971078
111.275
103.139
100.165
86.1085
100.512
100.33
99.6789
96.1757
92.4759
89.9258
87.3054
84.732
82.1868
79.6623
77.166
74.7096
72.2476
69.8315
67.437
65.0522
62.69
60.3501
58.0446
55.7463
53.4615
51.1816
48.8913
46.615
44.3642
42.1323
39.8945
37.6787
35.495
33.331
31.1627
29.0081
26.9015
24.8222
22.7426
20.6768
18.6331
16.6144
14.6132
12.617
10.6413
8.69218
6.75404
4.82472
2.89597
0.972193
109.876
106.801
112.569
107.609
98.6107
99.0711
99.1907
95.917
92.4199
89.898
87.2969
84.7195
82.1612
79.6594
77.1636
74.6959
72.2445
69.8276
67.4309
65.0548
62.6927
60.3526
58.0479
55.7352
53.4492
51.1768
48.895
46.6164
44.3614
42.1332
39.8971
37.6864
35.5164
33.3371
31.1514
28.9935
26.8894
24.8169
22.7456
20.6756
18.6342
16.6295
14.6318
12.6182
10.636
8.69542
6.75529
4.81345
2.884
0.961519
89.3421
125.501
101.73
109.354
101.958
99.7231
99.4924
95.9768
92.4469
89.9124
87.2972
84.7218
82.1645
79.6506
77.1568
74.6907
72.2418
69.8263
67.433
65.0669
62.7025
60.3607
58.0479
55.729
53.4352
51.1618
48.8894
46.6177
44.3644
42.1381
39.9071
37.701
35.5253
33.3367
31.144
28.9841
26.8775
24.8073
22.7464
20.676
18.6353
16.6398
14.6474
12.6291
10.6359
8.692
6.75051
4.80257
2.87511
0.961459
94.5307
98.8947
100.472
100.802
99.2885
108.44
99.6497
96.1886
92.5358
89.9348
87.3065
84.7218
82.1844
79.6603
77.1554
74.6955
72.24
69.8408
67.455
65.0687
62.7098
60.364
58.042
55.7291
53.4245
51.1427
48.879
46.6199
44.3722
42.1404
39.9216
37.7136
35.5197
33.3312
31.1468
28.9912
26.8741
24.7911
22.7245
20.6739
18.6404
16.6434
14.6505
12.6432
10.6425
8.68114
6.73638
4.80054
2.87924
0.961747
98.2625
103.959
94.3547
97.7527
107.627
99.7167
99.5277
96.588
92.4982
89.8582
87.2758
84.6888
82.1496
79.6461
77.1524
74.6802
72.2497
69.8562
67.4688
65.066
62.7083
60.366
58.0322
55.7267
53.4281
51.1388
48.8688
46.6254
44.3826
42.1415
39.925
37.7124
35.4995
33.3176
31.1581
29.0064
26.8725
24.7811
22.722
20.6755
18.6507
16.6437
14.6439
12.645
10.653
8.67976
6.73505
4.80331
2.88206
0.962033
96.2486
94.1055
96.5281
94.4563
100.771
97.2807
98.4757
97.2633
93.0961
89.6534
87.2099
84.6713
82.1309
79.627
77.1474
74.6819
72.2495
69.851
67.4484
65.0691
62.7181
60.3659
58.0361
55.7275
53.4387
51.1491
48.8676
46.632
44.3798
42.1317
39.9251
37.7066
35.4936
33.3124
31.1649
29.023
26.8798
24.778
22.724
20.6847
18.6549
16.6295
14.6182
12.6364
10.6612
8.68285
6.73514
4.81022
2.88778
0.956666
96.4437
95.7821
97.6136
100.181
94.3567
97.6967
97.7341
97.7778
92.9152
89.5927
87.1836
84.6341
82.1239
79.6188
77.1508
74.688
72.261
69.8424
67.4274
65.0723
62.7225
60.3667
58.0416
55.7299
53.4467
51.1636
48.8768
46.6255
44.3635
42.1243
39.9192
37.6981
35.4905
33.3107
31.1638
29.0317
26.8891
24.7813
22.7268
20.6922
18.654
16.6162
14.6011
12.6266
10.6587
8.6842
6.74037
4.82474
2.89571
0.954747
98.5441
101.462
98.6108
98.7101
98.2004
97.836
97.7573
97.5563
92.8937
89.6124
87.1894
84.6401
82.1288
79.628
77.1669
74.7023
72.2719
69.8463
67.4224
65.0569
62.7156
60.358
58.04
55.7402
53.4522
51.1752
48.8867
46.62
44.3567
42.1166
39.9113
37.6939
35.4841
33.3137
31.1704
29.0342
26.9003
24.7934
22.7309
20.6932
18.647
16.6005
14.586
12.6142
10.6505
8.68724
6.75633
4.84672
2.90579
0.957855
99.825
114.569
128.109
99.6772
99.2716
98.3579
98.6044
98.0781
92.4912
89.8192
87.2566
84.6863
82.1678
79.6537
77.1694
74.7038
72.2721
69.8539
67.4268
65.0491
62.7052
60.3599
58.0405
55.749
53.4597
51.1787
48.8939
46.6168
44.3553
42.1234
39.9103
37.6825
35.4779
33.3196
31.172
29.0286
26.9062
24.8069
22.7331
20.6846
18.6401
16.5966
14.586
12.6129
10.6472
8.68893
6.76281
4.84643
2.90936
0.966274
101.905
97.4339
98.3435
100.796
101.455
101.39
99.4166
97.2925
92.5207
89.8941
87.2839
84.7079
82.181
79.6608
77.1527
74.709
72.265
69.8423
67.4398
65.043
62.6958
60.3562
58.0402
55.7509
53.4594
51.1809
48.8952
46.6141
44.3743
42.137
39.905
37.6792
35.4833
33.3272
31.1705
29.0175
26.9058
24.8182
22.7382
20.6775
18.635
16.6038
14.5961
12.6149
10.6453
8.69083
6.76099
4.83587
2.90763
0.971045
111.068
113.331
114.779
110.472
100.962
100.768
99.6959
96.1675
92.4766
89.9254
87.3054
84.7321
82.1867
79.6622
77.1659
74.7098
72.2477
69.8307
67.437
65.0523
62.69
60.3501
58.0446
55.7463
53.4614
51.1816
48.8911
46.6151
44.3642
42.1323
39.8946
37.6785
35.4954
33.3311
31.1627
29.0081
26.9015
24.822
22.7425
20.6767
18.6331
16.6145
14.6131
12.6168
10.6413
8.69214
6.75394
4.82468
2.89599
0.972187
104.647
104.029
112.693
113.426
106.926
99.046
99.2013
95.9139
92.4203
89.8977
87.297
84.7194
82.161
79.6593
77.1636
74.6962
72.2445
69.8276
67.431
65.0547
62.6926
60.3524
58.0479
55.7352
53.4493
51.1767
48.8948
46.6164
44.3615
42.1332
39.897
37.6863
35.5165
33.337
31.1513
28.9936
26.8893
24.8169
22.7455
20.6756
18.6341
16.6295
14.6318
12.6181
10.636
8.69544
6.75506
4.81345
2.88408
0.961511
79.6665
88.5419
102.703
97.9885
97.4268
99.6771
99.4874
95.9801
92.4464
89.9125
87.2972
84.7218
82.1637
79.6505
77.1567
74.6904
72.2418
69.8263
67.433
65.0667
62.7022
60.3607
58.0478
55.7288
53.4352
51.1618
48.8892
46.6176
44.3641
42.1376
39.9072
37.7011
35.5253
33.3365
31.1438
28.9841
26.8774
24.8073
22.7464
20.6759
18.6351
16.6398
14.6475
12.6292
10.6359
8.69199
6.75038
4.80249
2.87505
0.961448
92.3959
100.537
97.762
96.2225
102.041
98.7503
99.643
96.189
92.5352
89.9349
87.3064
84.7217
82.1843
79.6602
77.1553
74.6952
72.2399
69.8409
67.4548
65.0686
62.7097
60.3644
58.0418
55.7288
53.4247
51.1428
48.8788
46.6198
44.3722
42.1407
39.9217
37.7136
35.5196
33.3311
31.1468
28.9911
26.874
24.7915
22.7243
20.6738
18.6404
16.6434
14.6504
12.6424
10.6425
8.68124
6.73624
4.80047
2.87916
0.961546
97.9855
102.105
94.5789
97.638
99.4918
98.9547
99.5381
96.5919
92.4982
89.8582
87.2757
84.6888
82.1495
79.6461
77.1524
74.6801
72.2496
69.8556
67.4686
65.0659
62.7081
60.3659
58.032
55.7271
53.428
51.1387
48.8687
46.6253
44.3826
42.1415
39.9247
37.712
35.4996
33.3177
31.1581
29.0063
26.8723
24.7811
22.7219
20.6755
18.651
16.6437
14.644
12.6447
10.6529
8.67969
6.73496
4.80331
2.88202
0.961701
95.5897
95.2109
96.3063
94.9043
96.7816
98.7895
98.4947
97.2681
93.0972
89.6524
87.2099
84.6712
82.1308
79.6269
77.1473
74.6818
72.2495
69.8508
67.4483
65.0689
62.7181
60.3659
58.036
55.7275
53.4384
51.1488
48.8677
46.6319
44.3797
42.1317
39.925
37.7065
35.4935
33.3123
31.1649
29.0229
26.8797
24.778
22.7241
20.6846
18.6549
16.6294
14.6181
12.6364
10.6611
8.68277
6.73501
4.81019
2.88765
0.956338
96.8874
96.7493
97.9886
102.324
93.9969
97.4458
97.7485
97.7747
92.9158
89.5925
87.1837
84.6339
82.1236
79.6188
77.1507
74.6879
72.2609
69.8423
67.4273
65.0723
62.7225
60.3666
58.0416
55.7299
53.4464
51.1636
48.8769
46.6254
44.3634
42.1242
39.919
37.6981
35.4904
33.3106
31.1638
29.0317
26.8893
24.7813
22.7268
20.6924
18.6537
16.6163
14.6012
12.6268
10.6587
8.68413
6.74053
4.82462
2.89563
0.954656
98.5254
98.0195
98.3079
98.5428
99.1452
97.5094
97.7783
97.5522
92.8943
89.6119
87.1893
84.6399
82.1291
79.6279
77.167
74.7023
72.2718
69.8463
67.4222
65.0568
62.7157
60.3579
58.0399
55.7402
53.4522
51.1751
48.8866
46.6198
44.3567
42.1171
39.9115
37.6937
35.4839
33.3142
31.1703
29.0341
26.9003
24.7934
22.7308
20.6933
18.6469
16.6001
14.5859
12.6142
10.6504
8.68717
6.75632
4.84672
2.90536
0.957812
100.318
103.294
109.471
99.8287
99.4307
98.2414
98.602
98.0773
92.4909
89.8192
87.2566
84.6863
82.1677
79.6536
77.1693
74.7037
72.2721
69.8537
67.4267
65.049
62.7052
60.3598
58.0404
55.749
53.4595
51.1787
48.8938
46.617
44.3556
42.1233
39.9101
37.6823
35.4779
33.3196
31.1719
29.0285
26.9061
24.8068
22.733
20.6845
18.64
16.5964
14.5862
12.6129
10.6471
8.68886
6.76284
4.84623
2.90907
0.966228
102.228
95.2062
119.25
103.682
104.036
101.104
99.4112
97.2981
92.5203
89.8941
87.2838
84.7078
82.1809
79.6607
77.1526
74.7089
72.2653
69.842
67.4398
65.043
62.6957
60.3562
58.0403
55.7508
53.4592
51.181
48.8951
46.614
44.3743
42.137
39.9049
37.6791
35.4832
33.3271
31.1704
29.0174
26.9058
24.818
22.7382
20.6774
18.6346
16.6038
14.596
12.6148
10.6452
8.69076
6.76093
4.83582
2.90761
0.970891
111.201
105.862
111.541
99.88
99.2129
100.814
99.6464
96.1698
92.4763
89.9256
87.3053
84.732
82.1867
79.6622
77.1659
74.7099
72.2477
69.8306
67.4369
65.0523
62.6899
60.35
58.0445
55.7462
53.4613
51.1815
48.891
46.6151
44.3643
42.1324
39.8946
37.6784
35.4959
33.331
31.1625
29.0081
26.9015
24.8219
22.7424
20.6767
18.6332
16.6145
14.6129
12.6166
10.6412
8.69207
6.7538
4.82461
2.89613
0.972096
109.996
105.063
110.982
118.459
110.485
98.9833
99.2009
95.9141
92.4198
89.8978
87.297
84.7192
82.1608
79.6593
77.1635
74.6964
72.2444
69.8276
67.431
65.0546
62.6925
60.3522
58.0478
55.7351
53.4493
51.1766
48.8948
46.6164
44.3618
42.1331
39.8967
37.6862
35.5166
33.3369
31.1512
28.9936
26.8893
24.8168
22.7455
20.6755
18.6341
16.6294
14.6317
12.618
10.6359
8.69539
6.75489
4.81322
2.88407
0.961436
99.3332
100.602
98.9191
99.7619
99.3359
100.189
98.8999
99.9397
105.206
99.6347
108.463
99.9712
99.9619
99.6214
99.8071
98.5907
98.9739
99.7808
99.8032
99.2889
98.9571
98.6684
97.9391
97.841
99.1051
98.6462
97.924
97.7305
97.5472
100.503
97.2382
97.6504
97.4879
101.5
97.1792
97.4943
98.8622
98.1299
97.3908
97.4809
98.7941
98.1319
98.2216
100.041
99.2881
98.1857
98.2063
100.103
99.2522
99.571
100.719
99.8064
101.239
99.5729
100.725
99.8144
99.7119
98.6088
99.2586
100.5
99.7176
98.6969
99.2555
99.2373
98.9664
98.8704
99.0485
99.2118
99.0576
98.8705
99.3347
100.26
98.905
99.7202
99.3335
101.732
98.9002
99.9179
100.204
99.6391
100.286
99.9302
100.375
99.6438
99.799
98.876
98.8703
98.8974
99.802
100.233
98.9715
98.6045
97.8827
97.7045
98.1354
98.6393
97.6265
97.6763
97.485
100.36
97.1533
97.5003
97.4816
91.2968
97.1257
97.4482
98.7615
98.1495
97.2323
97.4688
98.4395
98.1365
98.6137
100.042
99.2621
98.221
98.5837
99.904
99.2456
99.5672
100.808
99.7929
101.158
99.5594
100.66
99.805
99.723
98.6794
99.252
100.826
99.7441
99.0392
99.2468
99.2697
99.1368
98.8703
99.0337
99.2098
99.2411
98.8711
99.3349
102.035
98.9009
100.392
99.3307
102.567
98.901
99.9569
100.537
99.6745
95.2339
99.9353
100.878
99.6539
99.872
98.6056
98.9463
98.9917
99.7953
98.8364
98.9569
98.6273
98.58
97.7371
98.1974
98.6305
98.1629
97.6658
97.4331
91.7716
97.1108
97.4479
97.4379
101.901
97.1253
97.4704
98.219
98.1416
99.0394
97.4686
98.9235
98.1391
98.5194
99.9001
99.2588
98.6122
98.6709
99.8891
99.2493
99.5585
100.806
99.8174
101.311
99.5548
100.981
99.798
99.7538
99.8621
99.243
100.816
99.7468
98.2733
99.2381
99.2083
99.3573
98.8738
99.026
99.2169
99.4017
98.8732
103.423
98.4173
98.5049
114.023
102.299
97.4918
97.227
97.7587
99.775
95.9285
99.745
96.6609
97.9597
99.6275
97.3285
99.0172
97.2389
99.4874
97.3384
98.9988
97.2456
109.409
94.495
100.495
100.958
104.634
110.805
97.3223
100.043
101.716
104.041
108.728
101.798
105.134
99.5755
97.5508
99.4551
97.8018
99.6534
97.5582
99.4627
97.8051
96.5423
98.9579
97.6211
135.289
98.0519
98.8943
100.754
102.052
100.14
101.315
100.34
100.2
101.004
102.066
97.7798
98.7641
98.3589
99.6002
97.6352
98.7141
98.4042
108.472
97.1233
98.9317
100.931
102.696
97.4253
98.8227
97.9452
98.553
94.5127
98.3068
98.3627
94.0096
98.1542
98.4695
98.1023
98.0273
98.4933
98.4721
98.0942
98.0296
98.3659
97.0719
106.739
94.3589
99.2714
101.405
107.819
96.0902
96.9793
94.0225
97.746
96.9054
94.054
96.0938
97.9245
97.5629
97.7907
97.7416
97.924
97.5624
97.8104
101.141
100.121
107.588
96.616
103.145
99.9574
106.96
96.9148
97.4072
96.4425
97.402
97.411
96.4316
96.9169
97.8101
98.0733
98.1881
97.7615
97.8412
98.0735
98.1875
99.9585
98.8732
98.9859
101.084
100.42
97.6723
99.4221
98.8296
98.6213
100.404
98.2219
98.4171
99.5182
98.7654
98.3671
99.0083
98.8256
98.5976
98.3687
99.0062
98.8266
104.643
101.701
104.846
100.301
102.314
101.493
101.884
100.186
100.702
119.448
101.019
100.698
108.101
100.187
98.8121
99.5871
98.2007
99.4247
98.8476
99.5745
98.0592
100.126
106.328
100.701
100.955
101.759
106.642
100.692
101.44
99.6791
97.0921
100.528
99.8089
101.244
100.722
97.8429
99.2832
97.2261
99.7235
97.7278
99.2885
97.2303
100.964
98.3109
97.5757
100.894
100.202
98.0633
97.7744
99.1076
99.428
99.5674
99.0696
99.3909
99.4384
99.215
97.1736
99.0167
97.1286
99.2009
97.1807
99.0494
97.1368
106.493
97.5668
106.535
101.158
101.226
98.1636
105.851
98.2333
99.6183
99.4312
100.777
98.2308
103.589
99.6091
97.3372
99.0136
97.2426
99.4905
97.3351
99.0105
97.2433
104.925
106.001
118.718
97.6173
102.227
93.8423
106.121
99.7198
101.395
105.567
109.12
100.466
101.406
106.525
97.5549
99.4956
97.8026
99.6435
97.554
99.4543
97.8034
99.0976
98.5854
98.2419
100.446
105.862
98.331
101.748
101.834
100.028
100.759
99.6886
101.945
100.029
100.641
97.6247
98.6607
98.4094
99.5552
97.6281
98.7252
98.4131
101.978
96.7029
98.8228
103.29
98.8341
96.7903
98.5816
98.2905
98.3087
100.469
97.5609
98.2804
98.2955
102.104
98.479
98.0934
98.0302
98.5452
98.4726
98.1018
98.03
100.043
99.657
107.917
94.1954
97.5995
101.394
107.742
95.9693
96.8641
94.3634
97.5916
96.0191
96.8398
94.5174
97.9262
97.5635
97.8392
97.8148
97.9228
97.5624
97.8288
100.355
99.9803
106.975
100.588
103.126
99.4204
106.863
96.8878
97.3632
96.3734
97.8402
96.9016
97.3561
96.4505
97.885
98.0749
98.1899
97.7815
97.8665
98.0813
98.1889
98.5272
97.6332
99.1563
99.5222
99.789
104.1
101.107
98.6328
98.4815
99.3236
98.2031
98.6697
98.4961
99.2889
98.3702
99.0021
98.8344
98.6031
98.3695
99.0017
98.833
103.216
99.9659
107.922
103.699
101.927
99.1711
112.339
100.349
100.695
107.256
101.431
100.676
100.718
107.433
98.8514
99.5859
98.0495
99.446
98.8523
99.592
98.0492
100.731
109.957
101.224
99.2399
107.792
99.1887
100.007
100.43
99.9049
111.524
100.844
100.278
100.858
97.1033
97.7206
99.2879
97.226
99.6504
97.7213
99.2868
97.2264
101.198
101.15
101.199
110.35
100.369
97.0524
99.4321
99.0946
99.2829
99.6179
99.0413
99.093
99.2975
100.09
97.1774
99.06
97.1352
99.2012
97.1775
99.0593
97.1334
99.5485
106.611
105.738
103.92
101.565
102.662
108.851
98.2583
99.5009
112.378
99.6352
99.4599
94.3144
99.4586
97.3367
99.0024
97.2462
99.4407
97.328
99.0211
97.2382
104.344
94.2772
103.264
99.0982
105.705
99.7209
101.124
99.5051
101.257
101.995
94.4002
99.6193
101.292
100.893
97.5568
99.4935
97.8065
99.6312
97.5486
99.4748
97.8023
103.646
99.6855
89.6538
95.9104
107.702
99.805
85.4835
101.667
100.026
103.698
98.7762
101.642
100.116
102.483
97.6358
98.8146
98.4034
99.5704
97.7817
98.7408
98.3598
96.131
97.2875
98.4921
96.0003
96.1626
97.8108
98.293
98.1527
98.3127
101.869
98.5401
97.9771
98.3264
101.861
98.4706
98.085
98.0327
98.4842
98.4699
98.0842
98.0281
98.3724
96.4856
108.615
94.3918
98.4083
99.171
95.4082
95.8743
96.7508
95.243
97.4322
96.0105
96.7613
95.1494
97.9313
97.5657
97.8584
97.7445
97.9247
97.5641
97.7955
102.12
99.3589
105.021
98.6645
93.6362
99.3362
112.985
96.852
97.329
96.7957
96.9513
96.8496
97.3092
96.733
97.8944
98.0807
98.1951
97.774
97.8428
98.0765
98.1965
98.909
103.178
98.5879
99.3614
102.86
101.875
98.3389
98.6956
98.5489
99.2478
98.1168
98.7351
98.5945
99.2505
98.372
99.0002
98.8273
98.6312
98.3672
99.002
98.8269
102.14
98.9668
111.682
105.657
102.861
99.1027
120.35
100.705
100.677
106.198
101.269
100.007
100.862
107.506
98.8499
99.6324
98.061
99.4406
98.8108
99.6015
98.1925
107.712
93.6032
100.344
99.806
108.737
99.0338
96.1351
100.303
101.59
101.683
100.825
100.319
101.548
100.283
97.7288
99.2868
97.2308
99.6692
97.8432
99.2804
97.2264
99.7797
97.5618
99.5138
115.381
100.56
100.912
99.4723
99.2095
99.3754
99.8289
98.9423
99.2005
99.4832
99.873
97.1806
99.0518
97.1357
99.1913
97.1731
99.0127
97.1287
98.321
99.44
98.5445
99.3364
98.5426
98.339
99.4378
100.26
101.033
98.885
100.256
96.7267
98.8091
100.353
99.8454
99.7076
99.3423
98.8889
99.7056
99.3225
99.8804
97.7118
100.059
99.617
99.0605
98.378
97.7125
99.6259
98.4114
99.3381
99.4325
98.544
98.5431
98.331
99.4389
100.197
100.52
100.689
98.8057
99.9557
98.8081
100.146
99.8475
98.8979
99.7054
99.3278
99.7059
99.3422
99.7812
99.8304
100.79
99.5029
99.932
100.771
99.4475
99.828
98.9776
97.611
100.301
111.729
97.4324
100.201
98.9627
100.24
99.6594
100.041
99.6232
99.5996
100.061
100.258
99.3692
108.472
101.43
105.01
101.639
104.826
99.3531
99.8232
99.9324
100.737
99.4606
100.801
99.4948
99.8551
98.8325
100.163
98.0248
100.149
98.4971
100.149
98.8907
100.235
99.6732
99.6024
100.033
99.6394
100.043
100.23
100.562
99.9187
99.9213
99.7972
99.9066
99.9554
100.55
101.208
113.137
98.7937
98.4856
108.367
98.7943
101.228
100.548
99.6933
99.1249
98.9583
99.6497
99.1311
100.46
102.023
99.8287
100.068
101.55
100.07
101.744
102.021
100.569
99.9004
99.927
99.9173
99.9309
99.9818
100.552
100.98
98.6624
104.703
98.7878
109.386
98.7982
101.121
100.42
99.0094
99.5922
99.0749
99.6046
99.0751
100.476
98.1419
98.519
98.1949
98.6301
98.5181
98.2127
98.1529
98.0618
99.168
97.5425
97.9364
99.2062
97.4814
98.0652
97.9282
98.0136
97.5189
97.7226
98.0086
97.4681
97.9321
98.0102
100.982
98.316
109.172
98.2896
93.4903
98.1133
98.1544
98.6282
98.5122
98.243
98.5126
98.2682
98.245
98.0631
97.9332
99.1593
97.5252
99.1907
97.4877
98.0693
97.9309
97.7179
98.0134
97.4908
97.9993
97.4741
97.9373
97.0485
97.3344
97.1944
97.5436
97.3285
97.1986
97.0399
97.5979
97.2325
97.7513
100.508
97.1957
97.7471
97.6127
97.3416
97.2557
97.367
97.1836
97.2403
97.3539
97.3741
96.1031
97.711
96.8742
94.2352
96.8826
94.0883
96.0571
97.0089
97.5938
97.3332
97.1714
97.3545
97.2507
97.0162
97.5767
100.419
96.891
97.7389
97.2103
97.7451
97.6574
97.3047
97.1696
97.2368
97.3402
97.2279
97.3517
97.3212
97.3041
97.4592
97.4828
97.4862
97.465
97.4777
97.3043
98.0351
97.7504
98.1286
98.7719
97.7483
98.0735
98.0633
97.6589
97.7709
98.1153
98.129
97.7656
98.1118
97.6635
96.9198
97.8591
97.5342
96.4284
97.3991
96.4519
96.9061
97.3015
97.4655
97.48
97.475
97.4752
97.4785
97.2984
98.0471
98.6902
97.6838
98.1031
97.7544
98.098
97.961
97.6457
98.1374
97.7604
98.0997
97.7704
98.1052
97.6444
98.6296
98.7246
98.6803
98.3344
98.3354
98.6729
98.6453
99.9379
99.4173
99.7778
100.078
99.0169
99.7196
99.4976
99.1154
98.9857
99.4426
99.2427
99.0262
99.3584
99.0509
98.6911
98.1879
98.4516
99.3396
98.4226
99.3706
98.7336
98.6314
98.2218
98.2243
98.6658
98.3956
98.6677
98.6309
99.6246
100.082
99.2052
99.8019
99.0364
99.7299
99.0071
99.0776
99.2883
98.9889
99.3837
99.0052
99.3987
99.0802
100.139
100.198
99.7934
99.5776
100.158
99.7721
100.104
100.744
98.631
100.816
100.225
98.7319
100.817
100.813
100.005
99.7363
99.9351
99.8077
99.7374
99.955
100.089
100.38
101.222
100.7
107.397
100.707
108.66
100.401
100.171
99.5868
100.166
99.7627
100.167
99.773
100.165
100.768
100.311
99.2329
100.793
98.7134
100.82
100.804
99.9849
99.8303
99.7372
99.9497
99.7523
99.9677
99.9624
99.7171
99.8873
99.6405
99.7145
99.8895
99.6327
99.7143
100.859
102.151
99.4276
98.6021
102.977
99.6921
107.89
99.7484
99.4833
98.9617
99.2512
99.439
98.9557
99.6957
100.847
100.247
100.562
104.198
99.563
104.215
100.608
99.7242
99.7739
99.8872
99.6484
99.8934
99.6317
99.7228
100.985
98.7297
102.353
100.013
102.044
100.279
98.2167
99.6994
99.2723
99.3813
98.9423
99.5179
98.9553
99.6411
99.1822
99.2041
99.1262
99.2093
99.2577
99.1202
99.1807
99.1992
99.4306
98.7376
98.9481
99.4413
99.2101
98.7286
99.2386
99.0782
98.8213
98.8715
99.0782
99.2289
98.8133
99.149
99.0424
99.482
99.4977
99.4811
99.4994
99.15
99.1934
99.2235
99.2666
99.1255
99.1987
99.1272
99.1731
99.2273
99.0459
99.4393
98.7502
99.4225
99.2201
98.7546
99.2542
98.8741
99.0791
98.817
99.0823
99.2256
98.8149
98.3092
99.4306
98.5469
99.3344
98.3174
98.5493
99.4257
101.006
101.131
98.7686
98.9227
100.614
101.219
98.6945
99.7112
99.706
99.3111
98.9001
99.7357
99.7056
99.3116
98.2561
99.9037
99.5701
101.293
102.993
98.1203
99.5907
98.3061
99.3342
99.4155
98.5537
98.5529
98.3232
99.4235
100.78
106.11
102.128
98.8132
99.3741
98.799
100.584
99.7822
98.9043
99.7059
99.345
99.7074
99.3296
99.7704
99.7836
100.768
99.4821
99.9174
99.7755
100.586
99.4738
99.3604
97.9496
100.175
100.598
99.0722
95.7286
100.203
100.203
99.6526
100.058
99.6198
100.247
99.5838
100.053
100.598
117.678
101.253
105.753
102.692
106.261
100.042
99.7574
99.9484
100.525
99.4738
100.566
99.49
99.7577
99.756
103.586
110.946
100.265
112.452
100.236
100.076
100.195
99.6458
99.5915
100.048
99.6287
100.065
100.184
100.511
99.9344
99.944
99.8227
100.585
99.9442
99.9038
100.957
111.742
98.7979
98.9314
101.07
101.437
98.812
100.571
99.6492
99.1067
98.9418
100.518
99.7409
99.0982
101.737
100.59
100.022
111.577
100.061
101.129
101.984
100.517
99.8093
99.8866
99.9009
99.917
99.94
100.551
100.845
98.3629
102.778
98.8577
102.815
98.851
100.76
100.491
98.967
99.6382
99.1034
99.6732
99.0752
100.407
98.2118
98.5137
98.1882
98.6263
98.2045
98.5144
98.2174
98.0786
99.1559
97.5373
97.8581
98.0656
99.1452
97.5378
97.9457
97.9951
97.49
97.7042
97.9424
98.0114
97.484
98.1785
98.1753
98.3028
100.419
98.2948
101.786
98.7571
98.2223
98.6149
98.5034
98.1751
98.5088
98.1973
98.2168
98.0782
97.701
98.6454
97.5239
98.8505
97.5354
98.06
97.9506
97.7054
97.9875
97.5087
97.9947
97.4859
97.959
97.0014
97.3249
97.1512
97.4784
97.0155
97.3271
97.201
97.5196
96.7878
97.7284
100.183
97.5303
96.8272
97.7566
97.3189
97.2126
97.3226
97.1633
97.313
97.1984
97.2968
95.9431
101.169
96.7591
95.3037
96.8142
95.8344
96.006
97.0022
97.5154
97.3224
97.1688
97.3425
97.1887
96.9959
97.5063
115.75
97.3603
97.4374
96.8929
97.759
97.4663
97.3142
97.1352
97.1911
97.238
97.2028
97.2652
97.3
97.2958
97.4728
97.4727
97.4608
97.296
97.4706
97.484
97.9077
97.5248
98.0906
98.9914
97.9552
97.4496
98.088
97.6436
97.7675
98.0979
98.1369
97.6439
97.7498
98.101
96.8754
98.2208
97.3331
96.2256
97.3116
96.2595
96.8565
97.2886
97.4499
97.4584
97.4748
97.4663
97.4651
97.2932
97.8204
99.4798
97.451
98.0441
97.3589
98.0901
97.7565
97.636
98.1426
97.7603
98.0808
97.7797
98.0913
97.6022
98.662
98.3606
98.6661
98.4854
98.6375
98.3505
98.676
99.1215
99.0455
99.7629
99.8923
99.0775
99.054
99.7333
99.0909
99.0077
99.3721
99.2546
99.091
99.0036
99.3556
98.6386
98.2065
98.5342
99.2627
98.5128
99.2592
98.6915
98.638
98.6671
98.3804
98.6712
98.4905
98.6716
98.6681
99.0951
99.8754
99.1389
99.7707
99.1013
99.7788
99.0947
99.1197
99.2447
98.9852
99.3595
99.0251
99.3493
99.0993
100.108
100.159
99.7924
99.5691
100.082
100.154
99.7437
101.505
99.7001
100.819
100.748
101.409
111.358
101.097
99.8659
99.7507
99.9392
99.7906
99.9437
99.7284
99.9559
100.173
101.288
100.691
113.443
100.708
106.77
100.014
100.098
99.5698
100.162
99.7656
100.149
99.7384
100.074
101.592
101.215
102.375
100.913
106.056
100.94
102.998
99.9342
99.7983
99.7482
99.9477
99.7349
99.9607
100.076
99.7074
99.8889
99.6951
99.7286
99.6635
99.8955
99.7099
100.889
102.657
99.9091
98.6874
104.984
102.508
103.155
99.4617
99.7679
98.9297
99.2505
99.4646
100.003
98.9248
100.255
100.822
102.082
102.788
100.879
97.0486
100.347
99.7799
99.73
99.9146
99.6983
99.8981
99.6348
100.095
101.404
98.4753
101.589
97.9632
102.273
98.0674
101.578
99.5155
99.2495
99.8908
98.9372
99.718
98.9325
99.7658
99.1731
99.1435
99.1302
99.2176
99.1751
99.1382
99.1277
99.2264
99.4983
98.7694
99.1634
99.2921
99.5629
98.7984
99.2429
99.0802
98.8161
98.8702
99.2243
99.0802
98.822
99.1172
99.0239
99.3462
99.632
99.3809
99.5442
99.1662
99.1783
99.2303
99.193
99.1277
99.3728
99.1315
99.17
99.2229
99.1983
99.6594
98.8073
99.607
99.2323
98.7979
99.2366
98.8706
99.0808
98.818
99.0813
99.23
98.8171
98.3127
99.411
98.5563
99.3334
98.3235
98.5544
99.3907
100.162
99.0632
98.7545
102.432
101.78
102.718
98.7456
99.756
99.7079
99.3579
98.9021
99.736
99.7056
99.359
98.5913
99.7727
99.5108
96.8346
99.8926
98.5892
99.5318
98.2804
99.3348
99.4123
98.5567
98.5557
98.2492
99.3873
100.191
102.571
100.735
98.8113
100.362
98.8545
100.156
99.7609
98.9019
99.716
99.3991
99.707
99.3653
99.8086
99.7798
100.531
99.511
99.9167
99.7778
100.487
99.4645
100.354
109.05
100.323
100.826
100.204
108.406
100.34
100.185
99.6042
100.069
99.6299
100.179
99.5795
100.044
99.8041
94.6728
101.322
102.81
101.321
101.118
99.7688
99.7989
99.9099
100.47
99.4872
100.475
99.4648
99.825
100.464
100.923
108.101
100.53
108.026
100.351
100.919
100.177
99.6292
99.6163
100.102
99.5777
100.071
100.254
100.513
99.9287
99.9091
99.7959
100.567
99.9255
99.9021
100.578
98.5134
98.8705
98.9907
100.666
98.5625
98.864
100.297
99.6563
99.0868
98.9502
100.431
99.6592
99.0909
101.649
99.0149
100.111
102.747
100.101
102.673
101.674
100.498
99.797
99.9943
99.9172
100.044
99.9058
100.585
100.567
98.833
98.5317
98.8606
98.5249
98.8591
100.688
100.437
98.9503
99.6788
99.1362
99.6633
99.0912
100.26
98.2362
98.5102
98.2396
98.6236
98.2291
98.5117
98.2135
98.0142
98.9113
97.5222
98.6915
98.1548
98.8671
97.5431
97.9657
98.0259
97.5194
97.6498
97.9648
98.0017
97.5239
98.1624
98.4263
98.3521
99.9675
98.3488
99.1654
98.1777
98.2447
98.63
98.5444
98.1996
98.5137
98.2072
98.2465
98.6075
98.501
98.5334
97.5246
100.753
97.5283
98.7867
97.9744
97.6457
98.0393
97.5433
97.9978
97.5302
97.9758
96.9887
97.3221
97.1863
97.443
96.9958
97.3394
97.1874
98.915
107.437
100.363
97.8804
97.6254
93.7693
92.9801
97.3044
97.1806
97.2109
97.106
97.2848
97.1984
97.2343
95.8604
97.4291
96.7874
95.3937
96.7848
95.3982
96.0518
96.9904
97.4365
97.334
97.1875
97.3341
97.1859
97.0151
95.7129
98.1833
94.7127
94.0165
95.5106
92.6033
95.27
97.299
97.1062
97.2059
97.2065
97.1999
97.2062
97.3211
97.2878
97.4622
97.4761
97.4729
97.2881
97.4466
97.4802
97.6659
97.2935
98.0552
98.438
97.7135
97.3024
98.0647
97.5953
97.7664
98.0695
98.1355
97.5831
97.7706
98.0584
96.8617
97.169
97.3102
97.8797
97.2973
96.4324
96.872
97.3002
97.4646
97.4476
97.4768
97.4456
97.4778
97.2942
97.6217
99.1004
97.2799
98.0616
97.2571
98.0556
98.0196
97.6026
98.1353
97.7741
98.0621
97.7704
98.064
97.5968
98.7364
98.4229
98.6655
98.4015
98.7083
98.4896
98.6766
99.117
99.3229
99.7485
99.8747
99.1139
99.1748
99.7629
99.108
98.9943
99.3773
99.242
99.1135
98.9858
99.3734
98.7486
98.1531
98.6105
100.571
98.5861
99.281
98.7934
98.6934
98.6333
98.6407
98.6964
98.6438
98.6927
98.736
99.1183
99.5105
99.396
99.7725
99.3589
99.6744
99.1416
99.123
99.241
99.0085
99.3854
98.9923
99.3887
99.1257
100.06
100.199
99.7445
99.5575
100.057
100.185
99.7508
101.278
124.333
100.778
100.912
101.276
116.162
100.784
99.9389
99.7443
99.9905
99.8061
99.9093
99.7423
99.9721
100.452
101.298
100.835
122.614
100.878
104.678
100.416
99.9235
99.5575
100.172
99.7677
100.16
99.7353
100.226
101.153
100.915
118.424
100.795
116.151
100.797
101.189
99.9614
99.7983
99.7513
99.9774
99.7534
99.9724
100.106
99.3306
99.9298
99.6225
99.7482
99.3175
99.9187
99.7367
101.675
103.326
97.936
98.2449
101.672
103.954
97.919
99.9303
99.8526
98.9098
99.2307
99.9327
99.5047
98.8927
100.428
100.834
101.549
103.767
101.551
100.56
100.429
99.5073
99.7474
99.9252
99.7222
99.9227
99.6696
99.4204
101.726
98.1728
94.6171
98.0012
96.8078
97.9586
101.727
99.9769
99.2471
99.5538
99.0908
99.5571
98.9003
99.9941
99.1762
99.1893
99.1312
99.2018
99.1731
99.1883
99.1231
99.2139
99.7154
98.8103
99.3668
99.221
99.7427
98.8154
99.2074
99.0823
98.8128
98.873
99.2224
99.0833
98.8072
99.2226
98.9268
99.4686
99.9124
99.3626
99.8896
99.2525
99.188
99.196
99.2193
99.1287
99.1952
99.1244
99.1959
99.2351
99.402
99.9513
98.8459
99.7928
99.2364
98.8126
99.2108
98.8741
99.0853
98.8356
99.0849
99.2447
98.8064
99.3269
98.7596
99.3242
99.5266
98.9865
99.4896
98.9869
98.7423
99.3178
99.3241
99.5156
98.9584
99.0279
99.5255
99.5161
98.7867
99.39
99.51
98.9242
98.9182
99.6721
98.8859
99.3311
99.3367
99.4994
98.9901
98.9206
99.5024
99.3298
98.7592
99.3621
99.5012
98.9554
99.5196
98.9183
98.7292
99.4092
99.3534
99.6547
98.9524
98.915
99.5846
99.6446
99.6262
99.6577
99.7269
99.7477
99.7479
99.7495
99.6344
99.5727
99.5995
99.7609
99.7494
99.7689
99.7497
99.5891
99.5973
99.6199
99.7586
99.7497
99.7506
99.7432
99.6293
99.5859
99.6121
99.729
99.7493
99.7472
99.7467
99.62
99.5938
99.6301
99.7254
99.7392
99.745
99.7509
99.5906
99.6176
99.6089
99.7356
99.7389
99.7457
99.7574
99.5112
99.5518
99.5054
99.5476
99.6037
99.5529
99.6012
99.51
99.5832
99.5547
99.5278
99.5992
99.5383
99.6
99.5416
99.5764
99.5181
99.5431
99.6065
99.6062
99.5497
99.5079
99.4988
99.4905
99.5436
99.5998
99.5995
99.538
99.5442
99.5441
99.5588
99.5428
99.5999
99.6082
99.5478
99.531
99.5241
99.5064
99.5262
99.5949
99.6022
99.5316
100.305
101.806
101.005
98.4482
99.8011
101.182
106.163
98.6338
97.5561
99.7937
97.746
98.5908
97.4594
99.7882
94.0469
98.014
94.3232
97.5533
94.0476
98.0077
94.3229
97.903
97.8569
97.934
97.8579
97.8884
97.853
97.9598
97.913
97.8614
97.7018
97.9507
97.8283
97.9438
97.7698
94.0463
98.0094
94.3145
97.5098
94.0503
98.0075
94.3245
94.0514
98.0035
94.3247
97.5957
94.0459
98.0019
94.3145
97.8305
97.8575
97.8797
97.9493
97.767
97.9024
98.0144
97.8401
97.7099
97.9693
97.8204
97.7746
97.6971
97.9003
94.2368
97.5166
94.0231
97.7734
94.2358
97.5077
94.0228
97.6858
97.8165
97.6845
97.8237
97.7337
97.8311
97.746
97.6895
97.8345
97.8296
97.6306
97.8414
97.7687
97.6491
94.238
97.5073
94.0258
97.7527
94.2291
97.5591
94.0222
97.6642
97.8621
97.6488
97.7767
97.6957
97.7665
97.635
94.2298
97.5652
94.0228
97.7672
94.2388
97.4816
94.026
97.5966
97.8238
97.8225
97.6996
97.7858
97.686
97.78
97.8347
97.7937
97.9461
97.7852
97.7626
97.906
97.964
97.8507
97.8131
97.7178
97.9463
97.6969
97.906
97.871
97.6691
97.7545
97.8096
97.6534
97.7667
97.6321
97.7884
97.6086
97.808
97.7057
97.7523
97.7813
97.6833
97.73
99.5799
99.7025
99.5796
99.6964
99.6428
99.6924
99.6433
99.6637
99.5751
99.5776
99.6969
99.6443
99.644
99.6937
99.5742
99.6897
99.5737
99.6837
99.6446
99.6897
99.6451
99.6713
99.5799
99.5796
99.6789
99.6425
99.6424
99.6876
99.6617
99.5711
99.5721
99.678
99.636
99.6469
99.6831
99.5785
99.6678
99.579
99.6725
99.6335
99.6442
99.6849
99.4926
99.487
99.4892
99.3425
99.3164
99.3186
99.349
99.4858
99.4488
99.4885
99.3414
99.3277
99.3465
99.3213
98.018
98.0462
98.1595
98.1872
97.9802
98.0561
98.1674
99.4876
99.4507
99.4827
99.3406
99.3196
99.3475
99.3172
97.9952
98.194
98.0462
98.1767
98.0352
98.1259
98.02
97.9577
98.1891
98.0474
98.1632
98.0552
98.2127
97.91
97.9035
98.051
98.1765
98.1898
97.9403
98.0337
98.1126
98.0166
98.0419
98.1445
98.1852
98.0327
98.1163
97.9954
97.6868
97.7834
97.8301
97.9236
97.6794
97.8105
97.84
97.6585
97.9215
97.7338
97.8398
97.7968
97.8407
97.6086
99.45
99.4832
99.4834
99.3365
99.3013
99.3142
99.3218
98.002
98.1923
98.0431
98.1383
98.0335
98.1088
98.0017
99.4869
99.4478
99.4875
99.3395
99.3095
99.3216
99.3227
99.4845
99.4867
99.4854
99.343
99.3276
99.325
99.3454
97.6351
97.9278
97.7857
97.8281
97.7209
97.8262
97.7687
97.6257
97.7383
97.847
97.9237
97.6922
97.7084
97.8213
97.6554
97.7359
97.8375
97.9248
97.7112
97.8296
97.7701
97.6735
97.9238
97.7169
97.8404
97.6948
97.8244
97.7617
94.6838
97.8217
94.1408
97.2631
94.6842
97.8259
94.1331
98.0879
98.1809
97.934
98.0292
98.0825
98.1819
97.9257
98.0774
98.0288
98.1821
97.878
98.1815
97.9621
98.0252
94.6852
97.8224
94.1306
97.3703
94.6872
97.7886
94.4757
98.1084
98.1834
97.8862
98.0309
98.039
98.1836
97.879
94.6858
97.7868
94.4739
97.2825
94.6841
97.8183
94.143
98.0857
98.0312
98.1818
97.9603
98.183
97.8682
98.1478
94.4634
97.673
94.7244
98.0819
94.4638
97.6749
94.7242
98.4645
98.3691
98.2753
98.543
98.2752
98.5427
98.4629
94.462
97.7705
94.7182
98.0745
94.4669
97.6891
94.7269
98.4872
98.3701
98.2681
98.5426
98.2921
98.545
98.466
98.4436
98.2629
98.5429
98.3687
98.4649
98.2814
98.5425
94.4661
97.6826
94.7262
98.0497
94.4609
97.7698
94.7172
98.0977
98.1786
97.892
98.0325
98.1847
97.8667
98.1293
98.1526
98.033
98.1791
97.9096
98.1848
97.8754
98.1261
98.5122
98.3148
98.5452
98.3685
98.4857
98.2941
98.5435
98.5378
98.2715
98.5372
98.3698
98.2716
98.5419
98.4943
98.5349
98.3693
98.2847
98.5373
98.2817
98.5428
98.4932
101.512
101.266
101.807
100.459
97.2745
102.089
102.907
98.271
98.4735
98.5046
98.3029
98.5104
98.3028
98.2978
98.7982
98.6654
98.905
98.8333
98.7934
98.67
98.9042
98.7929
98.8319
98.6757
98.9039
98.6717
98.9036
98.7736
98.3096
98.505
98.3032
98.4682
98.3222
98.5039
98.3036
98.7988
98.8193
98.6649
98.9094
98.6677
98.8955
98.8122
98.2711
98.5106
98.3029
98.4751
98.3351
98.5083
98.3029
98.7682
98.6793
98.9067
98.8202
98.7752
98.68
98.8957
98.3133
98.4666
98.5067
98.2931
98.5041
98.303
98.3909
98.2366
98.4593
98.5137
98.3018
98.5024
98.3015
98.3742
98.7943
98.6596
98.8984
98.8214
98.6683
98.8964
98.7955
98.784
98.8216
98.6714
98.8994
98.6802
98.8967
98.7893
98.2503
98.5057
98.2907
98.4631
98.5026
98.301
98.343
103.34
119.163
117.642
119.819
103.021
130.592
115.486
116.624
130.418
104.872
100.122
91.6266
116.848
106.932
103.469
99.882
102.754
102.869
98.9499
102.266
102.015
99.2873
99.4004
99.4055
99.4876
99.3697
99.3822
99.4581
99.2872
99.4008
99.3987
99.5184
99.4071
99.408
99.521
99.3869
99.2876
99.3937
99.5163
99.4079
99.5096
99.4085
99.4028
99.2873
99.405
99.5052
99.4023
99.5165
99.3935
99.2902
99.3859
99.3872
99.4923
99.4052
99.398
99.503
99.3857
99.2917
99.3888
99.4799
99.3713
99.3859
99.4592
123.988
103.949
122.771
119.347
103.797
112.596
104.868
86.6931
101.783
100.582
101.462
82.5998
101.806
100.881
94.7951
96.7312
94.7352
96.5887
94.7953
96.7331
94.7357
99.1029
98.4265
98.7438
98.4103
99.1032
98.4255
98.7424
99.1023
98.411
98.4235
98.7433
98.4251
98.7432
99.1031
94.7852
96.8921
94.7246
96.5907
94.7951
96.7447
94.7355
99.1053
98.3966
98.4212
98.7442
98.4145
98.7453
99.1036
94.7955
96.7495
94.736
96.6001
94.7858
96.8924
94.7252
99.1055
98.4195
98.7457
98.3959
99.1037
98.4126
98.7451
99.1063
98.3825
98.7418
98.3824
98.4012
98.7481
99.0977
99.1048
98.3824
98.3836
98.7426
98.399
98.7489
99.0991
94.816
96.7647
94.7668
97.2896
94.8164
96.7652
94.7668
99.4125
99.2164
98.7703
98.853
99.4143
99.2159
98.7728
99.4132
98.8532
99.2157
98.7722
99.2166
98.7742
99.4129
94.8058
96.7745
94.7565
97.3037
94.8163
96.7675
94.7675
94.8172
96.7669
94.7678
97.4311
94.8062
96.7758
94.7568
99.4145
98.8417
99.2174
98.7673
99.217
98.7589
99.4141
99.4172
99.2161
98.766
98.8437
99.4136
99.2166
98.7567
99.416
99.2146
98.7227
98.8409
99.2183
98.7428
99.4089
99.4179
98.8374
99.2138
98.7236
99.2179
98.7431
99.4101
99.6447
99.3471
99.3462
99.2658
99.5834
99.5867
99.2641
99.3462
99.6465
99.3457
99.2657
99.5896
99.2645
99.5886
99.3482
99.6434
99.3508
99.2519
99.5826
99.2575
99.5891
99.6528
99.3477
99.3485
99.2514
99.5911
99.5959
99.2579
99.6417
99.3477
99.3538
99.2433
99.6065
99.5962
99.2311
99.3467
99.6502
99.3515
99.2449
99.6058
99.5996
99.2326
99.8966
101.386
102.462
99.8357
103.092
101.588
106.181
99.1271
99.2011
99.1291
99.2578
99.1679
99.2598
99.1678
99.2006
99.1183
99.1087
99.266
99.17
99.1729
99.2598
99.1226
99.1992
99.1006
99.2801
99.1734
99.1729
99.3732
99.1224
99.2005
99.1096
99.2533
99.1711
99.2616
99.1723
99.2014
99.1261
99.131
99.2592
99.1698
99.1683
99.2558
99.2
99.1235
99.1073
99.2746
99.1748
99.1722
99.3688
99.7907
99.5135
100.118
98.6248
99.8633
99.9385
100.334
98.1821
100.157
95.2639
99.1699
95.2459
98.3456
98.2722
108.216
116.33
111.079
100.86
104.187
97.0151
84.7713
102.782
127.788
108.042
93.5997
102.285
100.254
106.92
99.0782
97.6243
99.0095
98.0726
99.0088
98.0657
99.0756
99.4921
98.0775
98.5938
99.4766
98.5866
99.4668
99.4986
99.081
99.0128
98.0789
97.6257
99.0721
99.0084
98.0654
99.5108
98.5892
99.476
98.0474
99.5055
98.5764
99.4773
99.5093
98.0476
98.5767
99.4782
98.5782
99.4767
99.5068
99.4974
98.5833
99.4735
98.0709
99.5038
98.5934
99.4665
99.0658
97.646
99.0093
98.0893
99.0052
98.0963
99.0662
99.0658
99.0086
98.0863
97.651
99.0717
99.0002
98.1016
99.4877
98.7133
99.4304
98.1079
98.6129
99.4547
99.5125
99.4908
98.1073
98.7107
99.4305
98.6172
99.4574
99.5124
99.0584
98.9761
98.222
97.6832
98.9993
98.1279
99.0681
99.0586
97.685
98.9743
98.2116
98.9942
98.1299
99.0626
99.5932
99.0128
99.5921
99.5823
99.0373
99.5871
99.0313
99.0137
99.5876
99.5946
99.5862
99.0326
99.0311
99.5849
98.9829
99.5847
99.5778
99.6122
99.0286
99.0194
99.5919
99.584
98.9911
99.5696
99.6036
99.0332
99.5982
99.0375
98.9828
99.5629
99.5591
99.6399
99.1472
99.0466
99.7622
99.5568
98.9745
99.562
99.6456
99.1426
99.0338
99.7588
99.2377
99.0633
99.2379
99.2241
98.9664
99.2278
98.9611
99.0655
99.2345
99.2402
99.227
98.9653
99.2266
98.9699
99.2047
99.0184
99.1956
99.2653
99.1041
99.3788
99.004
99.2258
99.0323
99.2126
99.231
98.9806
99.2285
98.9741
99.0457
99.2265
99.2246
99.2562
98.9719
99.2336
98.9944
99.0188
99.2017
99.2086
99.2723
99.1091
99.3653
99.0038
100.944
95.8047
95.9616
94.3632
96.2781
96.1454
94.2396
98.709
99.4934
98.707
98.9386
99.2929
98.949
99.2951
97.6516
97.5589
97.6895
97.1688
97.1915
97.1003
97.1886
99.4892
98.6954
98.7078
98.9747
99.302
98.9539
99.3234
97.5581
97.6715
97.6748
97.1334
97.1705
97.1682
97.11
97.6793
97.4645
97.5947
97.182
97.1519
97.0008
97.0198
97.4834
97.6468
97.6002
97.1171
97.0936
97.0078
97.0517
97.5287
97.5159
97.5534
97.1301
97.1393
97.0619
97.0035
97.5203
97.5315
97.5555
97.1362
97.1294
97.0663
97.0118
98.7032
99.4682
98.6815
98.935
99.2992
98.9479
99.2966
99.4961
98.7036
98.7088
98.9373
99.3
98.9372
99.296
97.5385
97.4187
97.457
97.1214
96.9834
97.0401
96.8824
97.4426
97.5289
97.4794
97.1034
97.001
97.0023
96.9109
99.4583
98.6752
98.6784
98.9678
99.4443
99.054
99.3387
98.6848
99.4624
98.6577
98.9511
99.4423
99.086
99.3398
97.7236
97.4722
97.5941
96.9879
97.2205
97.0029
97.2033
97.4765
97.7241
97.5919
96.9843
97.2106
97.0062
97.2073
97.4229
97.5884
97.469
97.1693
96.9512
96.8769
97.0867
97.5871
97.4228
97.4832
97.1981
96.9459
96.9028
97.0857
97.8239
98.0146
97.8475
96.9446
96.6512
96.8681
96.6493
98.0148
97.8223
97.8448
96.9311
96.6627
96.6442
96.8766
98.0057
97.8212
97.7927
96.6523
96.8831
96.8327
96.6686
97.8244
97.9874
97.7856
96.6477
96.8945
96.8204
96.6321
97.6198
97.78
97.651
96.7883
96.456
96.7096
96.4423
95.6792
96.0897
125.222
99.5437
83.4481
99.3916
96.1131
97.779
97.6318
97.6434
96.7731
96.4546
96.4425
96.7326
97.6359
97.7515
97.5803
96.4768
96.7669
96.6722
96.4271
97.7612
97.6196
97.6033
96.4501
96.7144
96.6922
96.4584
97.8359
97.9715
97.7951
96.8397
96.7745
96.6627
96.9703
97.9815
97.8333
97.7969
96.8419
96.7453
96.6506
96.9675
97.6551
97.7459
97.5908
96.6986
96.5543
96.4587
96.8479
97.756
97.6563
97.5734
96.6725
96.5405
96.4507
96.8491
100.65
114.117
96.8187
110.823
98.4072
119.204
97.3852
99.7556
97.9326
108.757
101.154
99.4715
97.803
107.624
97.8108
97.8229
97.8111
96.055
96.0568
95.781
95.7741
97.823
97.8139
97.8114
96.0562
96.0501
95.7789
95.7763
97.8081
97.8142
97.8032
96.0637
96.0715
95.789
95.786
97.8143
97.8065
97.8038
96.0627
96.0728
95.7803
95.7844
98.0791
98.1157
98.1118
96.3744
96.3746
96.1268
96.1254
98.1106
98.0801
98.1121
96.3802
96.3749
96.1292
96.1284
97.8046
97.7761
97.7936
96.1618
96.1054
95.8163
95.8879
97.7758
97.8036
97.794
96.1664
96.1003
95.8153
95.8848
98.0716
98.1075
98.1041
96.385
96.3927
96.136
96.1355
98.1105
98.0673
98.1018
96.3914
96.3859
96.139
96.1262
98.0827
98.062
98.0945
96.4851
96.4174
96.1544
96.2362
98.061
98.0809
98.0984
96.48
96.413
96.1524
96.2278
94.8542
96.0791
94.742
96.1667
94.8549
96.079
94.7421
99.005
99.3218
97.5367
97.7213
99.0029
99.3221
97.5351
99.0037
97.7221
99.3197
97.5379
99.3211
97.5353
99.0007
94.8419
96.0821
94.7303
96.1705
94.8538
96.0794
94.7427
94.8549
96.0794
94.7429
96.1755
94.8422
96.0824
94.7305
99.0081
97.7321
99.3188
97.5403
99.3133
97.5406
99.0097
99.008
99.3162
97.5426
97.7332
99.005
99.3093
97.5431
99.0272
99.2839
97.5537
97.7624
99.2998
97.5535
99.1314
99.0312
97.7633
99.2842
97.5517
99.2968
97.554
99.1246
109.435
106.821
109.617
76.6396
106.78
100.419
76.5852
99.8706
109.141
111.845
112.533
113.16
114.44
113.339
94.8651
96.4156
94.9415
96.1886
94.865
96.4152
94.9419
98.6659
97.6341
98.6474
97.8057
98.6615
97.6324
98.6399
98.666
97.8059
97.6353
98.6451
97.6331
98.6386
98.6622
94.8556
96.4191
94.9299
96.1893
94.8652
96.4162
94.942
94.8648
96.4155
94.9417
96.189
94.8551
96.4185
94.9293
98.6828
97.8051
97.637
98.6582
97.6378
98.6718
98.6738
98.6797
97.637
98.6563
97.806
98.6772
97.6373
98.6736
98.7125
97.6337
98.7249
97.8104
97.6435
98.6942
98.783
98.709
97.8108
97.6355
98.7261
97.6444
98.697
98.786
97.4257
97.2698
97.4264
95.663
95.7252
95.6632
95.7222
97.2748
97.4241
97.4252
95.6637
95.7221
95.7194
95.6637
97.4287
97.2659
97.432
95.7272
95.6672
95.6654
95.7275
97.2636
97.4272
97.4288
95.7236
95.6669
95.6653
95.7233
97.4266
97.2787
97.4263
95.6826
95.7312
95.736
95.7171
97.2873
97.4297
97.4307
95.6826
95.731
95.7359
95.7169
97.6799
97.8943
97.8925
95.9696
95.9864
95.9829
95.9663
97.8945
97.6831
97.8935
95.9693
95.9878
95.9675
95.9848
97.6802
97.8937
97.8961
95.9875
95.9705
95.9664
95.9859
97.8946
97.6774
97.8955
95.9859
95.9712
95.9671
95.9848
97.8851
97.6935
97.8916
95.9884
95.9986
96.0016
96.0319
97.692
97.8835
97.8895
95.9883
95.9958
95.9983
96.0306
99.6685
95.7373
99.4467
100.138
99.6696
103.706
106.72
98.4533
141.901
104.621
109.959
100.483
132.833
98.3773
96.715
107.175
99.7062
103.396
95.4501
100.725
103.161
104.893
107.568
101.795
106.334
100.701
115.039
102.442
98.4586
97.3952
98.1278
97.2256
98.4689
97.3956
98.1258
98.456
97.2256
97.3938
98.1286
97.3948
98.1263
98.4599
98.5017
97.2307
97.3988
98.1363
97.3997
98.1478
98.4812
98.4899
97.3971
98.1376
97.2319
98.4719
97.398
98.1486
98.5443
97.3948
98.2677
97.2362
97.4055
98.176
98.6178
98.5326
97.2371
97.3953
98.2655
97.4043
98.1802
98.6254
116.698
105.972
106.661
101.467
102.023
100.973
101.893
98.5746
97.4452
100.35
97.7016
100.229
100.95
99.8276
96.9246
97.2924
96.9204
95.9962
95.9948
95.9166
95.917
97.2944
96.9203
96.9199
95.9948
95.9939
95.916
95.9165
96.927
97.3084
96.9377
95.9984
95.9998
95.9212
95.9223
97.3084
96.9269
96.929
95.9993
96.0002
95.9218
95.9232
97.051
97.3462
96.9599
95.9988
96.0095
95.9303
95.9194
97.348
97.0502
96.9644
95.9986
96.0091
95.9302
95.9197
96.4953
96.7331
96.4943
95.778
95.7765
95.7572
95.7577
96.7334
96.499
96.4972
95.777
95.7746
95.7548
95.755
96.7617
96.5042
96.5132
95.7801
95.7793
95.7593
95.76
96.5039
96.7609
96.5118
95.7805
95.7811
95.7613
95.7626
96.6135
96.8019
96.5382
95.779
95.7872
95.7674
95.7583
96.8004
96.6161
96.5386
95.7797
95.7881
95.7682
95.7588
98.5561
100.293
103.98
98.149
98.9899
99.9244
102.528
98.4703
95.2705
104.087
97.0559
95.2323
99.1199
98.2996
95.496
84.2865
99.3767
95.5069
84.4418
99.4629
95.4506
96.1248
100.938
96.0591
94.0998
96.8614
94.4913
94.5033
98.2716
98.3329
97.4293
97.5545
98.2738
98.3297
97.4285
98.2717
97.554
98.3363
97.4292
98.3309
97.428
98.2718
98.2966
98.3425
97.4326
97.5561
98.2842
98.3474
97.4333
98.2951
97.5575
98.3392
97.4332
98.3435
97.4339
98.2887
98.3261
97.559
98.3958
97.4276
98.3591
97.4379
98.4138
98.3247
98.3939
97.4296
97.5609
98.3565
97.4397
98.4151
92.7714
108.898
102.077
124.451
100.008
108.255
102.134
95.5525
99.9191
95.3385
93.4079
97.0213
94.0815
103.584
117.345
109.565
117.865
76.5393
95.2659
99.7612
95.9657
96.5554
96.4861
95.6105
97.8438
95.3447
98.2064
93.6373
96.3478
96.6467
95.0682
94.4932
96.9152
97.067
94.5872
97.3246
101.491
100.993
91.6273
96.6611
97.6672
96.5367
94.7025
95.9453
94.6319
95.9131
94.7032
95.9479
94.6293
97.8837
97.927
97.1908
97.1775
97.8866
97.9254
97.1912
97.884
97.1774
97.926
97.1907
97.9249
97.191
97.8859
94.6906
95.9478
94.6199
95.9148
94.7021
95.9475
94.63
94.7033
95.9487
94.6295
95.9169
94.691
95.948
94.6203
97.8899
97.1802
97.9299
97.1937
97.934
97.1926
97.8887
97.8909
97.9286
97.1936
97.1803
97.8865
97.9325
97.1924
97.8997
97.9883
97.1857
97.1843
97.9487
97.1964
97.9143
97.9012
97.1839
97.9874
97.1853
97.9476
97.196
97.912
95.6998
105.849
137.819
87.3797
85.6194
116.08
160.793
115.136
114.609
115.266
112.308
111.35
121.705
113.781
98.9521
87.0508
88.4834
97.2079
96.1844
96.1087
97.3622
98.8899
103.193
102.829
103.928
99.7952
107.445
100.289
89.2123
98.5108
88.9745
97.0094
96.2981
96.1913
96.8546
91.0292
99.0048
104.812
99.4208
103.718
99.3457
90.6131
97.2677
124.827
119.741
97.3246
116.052
101.911
99.5576
102.44
98.1081
96.3681
97.2526
104.206
104.214
98.024
117.903
97.9448
119.035
98.0081
104.422
103.828
98.1742
100.233
100.33
99.8603
98.5845
100.83
101.137
99.8386
99.24
117.363
111.008
108.487
99.2031
128.919
107.279
98.4825
115.321
100.923
97.0789
105.678
110.082
97.3037
95.6798
96.8929
96.9117
97.7896
98.698
95.3825
97.6216
100.744
100.928
99.7859
99.785
100.678
102.236
101.67
90.0863
101.242
99.8447
98.7088
90.3478
98.8833
99.4363
94.2239
93.174
97.7396
101.954
96.1087
92.7818
105.417
98.4572
95.2711
101.673
98.9026
99.8997
95.2248
101.942
96.3948
111.697
99.5444
99.6248
96.1823
107.661
99.7232
109.385
97.3207
142.137
114.284
93.7266
95.2038
111.779
104.268
95.0855
95.1205
93.2051
104.506
97.7119
93.1374
96.9162
96.7637
96.9209
96.0399
95.9747
96.0397
95.975
96.7655
96.9221
96.9217
96.0384
95.974
95.9732
96.0381
96.771
96.918
96.9266
95.9758
96.0414
96.0381
95.9722
96.9227
96.7707
96.9226
95.9761
96.0423
96.0411
95.9736
123.855
96.1428
145.941
102.282
111.695
108.852
98.9601
99.4961
101.666
97.9923
100.403
100.333
104.704
98.1241
96.9426
96.7735
96.9331
96.0445
95.9692
95.9794
96.0349
96.7759
96.9418
96.9296
96.0456
95.9679
95.9784
96.0349
100.762
100.5
101.238
98.9339
98.4169
120.682
110.961
101.224
98.3827
100.948
100.991
101.097
101.309
102.385
104.154
101.762
102.841
99.7745
107.809
114.393
110.285
98.4183
100.07
99.9486
98.9312
98.474
100.165
101.353
99.9544
98.3557
109.346
104.867
103.302
104.94
100.369
103.258
97.856
101.005
95.648
107.105
106.836
103.959
102.734
101.78
97.4664
95.9069
104.695
104.778
96.0642
85.5073
110.34
111.896
106.826
103.19
101.496
102.793
97.4354
100.985
97.7192
97.3249
99.4207
97.1103
99.9967
97.4001
96.833
94.3578
97.8989
96.3946
99.5588
95.2615
98.4079
100.724
95.69
97.7115
102.917
114.006
97.6807
94.6616
96.0721
94.803
95.9793
94.659
96.0717
94.8036
98.1193
97.5027
97.9316
97.2431
98.1219
97.5033
97.9318
98.1199
97.2434
97.5023
97.9328
97.5031
97.9318
98.1227
94.6496
96.0744
94.7913
95.979
94.6596
96.0721
94.8033
98.1248
97.2453
97.5047
97.9331
97.5028
97.9373
98.1242
113.104
98.3302
98.7411
100.646
98.3297
99.893
108.375
110.084
114.348
116.431
106.425
90.6132
97.557
91.3645
94.6592
96.0722
94.8037
95.9794
94.65
96.0747
94.7915
98.1265
97.5043
97.9338
97.2457
98.1242
97.5022
97.9332
91.8518
92.863
91.7769
92.9153
91.8517
92.8629
91.7768
94.5585
94.0238
94.5615
94.5862
94.0582
94.5973
94.0577
94.0236
94.5597
94.5652
94.5879
94.0567
94.057
94.5956
95.8691
96.285
95.8971
95.0199
96.3044
96.9342
96.6664
91.785
93.0006
91.8659
92.8932
91.7854
93.0006
91.8658
91.8514
92.8628
91.7772
92.9155
91.8418
92.8651
91.7653
96.3219
100.786
97.1371
95.8522
96.9869
97.9435
96.5604
99.7699
97.1697
97.4084
97.1006
96.493
98.3551
96.8318
94.6832
94.6064
94.1239
94.0474
94.6911
94.6089
94.1247
94.5519
94.0263
94.5659
94.0616
94.5916
94.6047
94.0621
91.8423
92.8657
91.7658
92.916
91.8518
92.8632
91.7776
94.6922
94.0474
94.613
94.1241
94.6186
94.1244
94.6981
94.5577
94.0269
94.5658
94.0634
94.5992
94.6084
94.0639
91.7847
93.0005
91.8662
92.8965
91.7731
93.0028
91.8541
94.6048
94.1282
94.6895
94.6985
94.0516
94.6223
94.1279
91.7736
93.0033
91.8546
92.8948
91.7849
93.0009
91.8665
98.1311
97.4951
97.9628
97.2495
97.5052
97.9491
98.1395
98.1329
97.2493
97.4943
97.9596
97.5045
97.9417
98.1395
94.6111
94.128
94.6952
94.7021
94.0514
94.6207
94.1286
94.0309
94.6211
94.5982
94.6314
94.0559
94.0649
94.6487
94.624
94.0317
94.5943
94.6301
94.0569
94.0665
94.6482
94.7217
94.0558
94.6729
94.1216
94.6527
94.132
94.7454
94.7226
94.6769
94.1225
94.0561
94.6495
94.133
94.7469
96.6584
96.5866
96.6611
95.9878
95.9288
95.987
95.9295
96.5867
96.6596
96.6603
95.9884
95.9287
95.9295
95.9876
96.6606
96.5953
96.6615
95.9315
95.9904
95.9881
95.9293
97.211
108.451
117.446
106.959
103.702
108.052
98.0679
96.5948
96.6594
96.6632
95.9315
95.9895
95.9869
95.9288
118.549
96.2945
111.929
109.797
111.684
100.571
96.2117
99.9783
102.645
102.587
98.9357
102.773
102.448
99.7761
95.9725
113.54
107.78
94.3734
95.4558
101.42
134.384
99.5087
100.468
101.268
106.547
102.27
102.584
106.485
100.418
94.9594
100.697
94.6024
102.188
117.576
102.402
100.07
100.77
99.7738
99.0087
104.553
100.374
104.557
96.6739
96.5978
96.666
95.9896
95.9203
95.9313
95.9783
96.5981
96.6735
96.6659
95.9905
95.921
95.932
95.979
95.9714
98.8097
91.3633
100.836
95.9334
98.0031
90.9442
108.117
111.728
104.268
123.296
109.107
125.515
108.512
112.907
105.032
120.762
108.504
99.6108
104.916
135.937
99.9692
99.6739
99.1759
103.958
99.9629
99.7059
103.976
99.8249
99.9651
99.9587
100.281
108.638
106.384
100.196
99.2382
100.751
99.4047
99.6805
98.7768
98.7115
99.2537
93.6478
97.2381
94.9396
95.6351
94.7958
97.2414
95.1707
94.8956
104.561
94.6944
92.3863
109.519
92.6523
90.0341
99.8043
118.591
115.982
114.054
104.88
120.838
115.955
100.727
101.878
95.9769
110.811
100.214
101.037
96.7462
116.248
104.459
111.744
97.7296
115.126
104.305
104.441
107.96
103.796
107.066
108.442
106.128
105.31
105.495
124.674
103.143
95.5133
109.727
101.298
103.669
95.8838
103.54
96.1153
104.396
101.503
103.992
94.9147
110.72
123.037
101.813
92.1124
94.6749
90.2577
97.3804
125.744
95.8403
96.4623
95.72
98.5019
98.1731
103.993
106.417
106.01
101.103
103.843
103.848
104.734
101.062
102.218
97.4948
103.252
101.192
102.18
101.244
101.845
98.7191
94.6333
94.7188
94.113
94.2373
94.6487
94.7187
94.113
94.6361
94.2367
94.7165
94.1112
94.7195
94.1124
94.6467
94.7155
94.1151
94.6422
94.6461
94.2361
94.7247
94.1146
94.7206
94.1172
94.6527
94.652
94.237
94.7219
94.1168
94.8084
94.1931
94.9015
94.3241
94.8235
94.1933
94.8997
94.8094
94.3237
94.1928
94.899
94.1932
94.9001
94.822
94.6621
94.2395
94.7402
94.1075
94.7356
94.1181
94.6789
94.6616
94.7425
94.1087
94.2405
94.7305
94.12
94.6788
94.1977
94.9036
94.8239
94.8267
94.3223
94.1975
94.9001
94.1974
94.9008
94.8209
94.8272
94.3224
94.1973
94.9055
94.8409
94.1902
94.9212
94.3255
94.2008
94.9052
94.8516
94.8414
94.3255
94.1895
94.9191
94.2003
94.9112
94.8491
94.8264
97.4019
101.127
101.169
95.7323
96.9447
104.026
101.299
96.1905
103.11
100.332
99.8255
96.254
99.4334
153.219
93.888
98.4864
102.419
140.742
93.9185
98.765
114.295
109.335
101.846
137.193
108.294
129.172
99.8781
142.336
93.5443
98.3954
103.886
107.307
96.1138
97.0374
97.9014
97.2467
97.7985
97.1348
97.9054
97.2473
97.7964
97.9008
97.1356
97.2472
97.7971
97.2473
97.9025
97.7946
96.5808
101.305
106.075
99.2401
98.3962
97.2726
97.6543
106.534
102.041
114.56
105.106
102.114
108.133
107.225
187.753
117.271
127.531
146.594
162.786
114.618
33.5657
95.2566
111.679
105.448
146.282
113.746
127.211
95.2594
99.7802
107.179
100.425
104.478
91.5784
102.126
99.6155
101.658
101.938
101.866
102.896
107.045
102.33
107.23
112.363
120.736
108.865
102.606
103.031
100.993
101.529
23.8661
96.0941
97.0981
104.146
197.39
93.7795
97.2568
108.39
99.5541
101.238
101.102
96.6079
100.608
100.9
100.31
101.336
101.073
98.2195
100.512
101.272
99.7429
96.9618
85.5339
98.5461
113.692
96.8133
98.6102
99.6294
97.906
97.1359
97.249
97.8008
97.2474
97.907
97.8021
96.6394
101.611
105.57
94.8043
103.689
104.622
94.9061
100.517
98.1484
98.2268
99.9449
104.44
102.423
99.2859
97.9112
97.2501
97.8
97.1344
97.9054
97.2488
97.8051
102.716
101.472
100.872
101.698
108.166
109.612
100.877
105.446
101.018
97.1746
106.641
107.623
150.461
78.2523
101.674
101.841
101.87
102.395
102.332
107.101
106.98
83.044
101.391
85.3222
105.667
79.454
105.434
80.0767
102.385
82.9045
85.8211
105.513
105.633
80.6194
81.9606
94.3479
97.8914
100.864
183.549
121.621
101.906
99.4523
106.612
102.375
101.289
99.0195
110.585
102.33
101.133
101.591
93.7656
99.7711
89.7323
98.4641
96.0018
100.14
103.34
102.181
113.769
101.572
106.464
102.479
105.594
105.873
111.655
106.18
103.34
103.924
102.487
114.112
97.9148
97.24
97.8175
97.1387
97.2507
97.9269
97.8108
107.703
95.2041
105.86
152.262
96.6695
98.1582
104.404
97.9191
97.1384
97.2408
97.8161
97.2519
97.9238
97.8122
99.2015
107.612
102.822
107.879
109.519
106.852
103.809
125.576
121.105
119.949
99.8209
133.206
117.432
119.804
98.7948
98.3401
101.62
99.478
98.4842
99.8136
101.735
101.427
99.598
101.042
99.3624
101.122
100.192
100.743
98.7199
99.1769
99.6817
101.615
100.563
101.319
98.5126
109.279
97.4766
108.23
101.154
101.632
101.679
101.627
114.827
102.436
102.214
99.3106
119.801
100.689
102.187
101.181
98.9417
98.968
97.5963
103.825
106.015
97.3835
99.1995
98.6352
101.114
99.0274
98.6015
98.6057
101.108
106.884
100.405
97.6143
128.984
101.37
105.442
82.232
98.9134
99.4577
98.959
97.93
103.23
98.0595
103.353
101.129
101.06
99.1728
99.3445
100.077
101.341
99.2019
102.319
103.342
104.537
83.0657
101.211
83.268
101.781
105.965
99.2784
102.073
100.976
102.526
100.958
108.337
111.422
107.535
114.582
105.092
131.867
121.967
126.495
114.324
100.55
102.072
103.124
100.759
102.318
119.9
111.628
111.416
102.079
107.24
110.768
104.315
110.755
99.8811
98.8918
98.9042
98.2599
105.144
103.269
98.7106
102.311
101.025
100.518
100.177
102.333
101.167
100.405
97.6444
106.964
97.7275
116.92
104.026
112.472
104.853
98.9015
101.664
98.8549
97.9795
101.291
97.5573
100.5
99.1354
99.986
100.327
100.093
100.004
101.413
99.1288
97.9586
107.384
97.6578
110.725
102.421
101.43
110.31
107.118
98.1949
97.653
111.159
101.259
105.866
113.262
98.8951
100.01
98.9176
98.7439
104.762
104.585
98.5542
99.0345
100.051
102.57
101.381
99.3516
104.139
99.07
100.382
99.5146
100.892
100.79
100.795
98.6642
100.223
102.774
93.8876
96.1534
86.6969
112.606
101.03
88.6388
102.234
106.645
102.187
100.67
108.559
105.156
107.672
99.2633
100.276
99.298
100.292
99.2775
98.9403
99.0064
102.342
101.128
100.408
100.115
101.057
100.411
102.801
102.319
100.149
101.476
100.399
101.169
100.363
102.431
99.0469
99.1877
98.8945
101.76
99.1604
101.73
98.9699
99.0616
99.0469
98.7348
98.0383
101.488
99.8604
98.0465
96.158
102.956
106.004
98.8455
96.1932
104.378
106.67
133.599
114.117
117.351
113.324
113.109
107.57
107.657
109.938
106.24
88.0185
85.8415
94.6842
118.461
114.696
97.2925
111.086
103.129
110.405
110.197
92.7999
103.335
88.7385
115.104
123.258
122.368
95.6517
132.705
93.2743
92.8574
136.709
85.4134
81.3873
123.915
171.559
77.4865
98.0197
95.2538
95.656
97.1101
94.8746
95.1341
97.2149
117.826
101.621
99.4786
101.046
105.461
98.7291
98.9533
101.869
106.606
102.376
106.661
102.954
107.189
101.727
101.53
101.455
97.6273
100.938
97.8256
99.8434
100.322
103.436
101.246
119.762
94.8281
102.819
102.68
95.2606
103.309
103.666
103.44
101.434
123.93
98.1435
102.834
119.86
104.355
97.919
106.244
96.1269
97.0267
101.935
107.348
102.21
100.079
103.015
101.743
98.808
116.744
99.72
106.266
106.685
102.957
99.8411
111.285
99.1548
98.5285
100.026
100.724
101.709
102.453
100.729
99.4387
96.5487
94.804
95.4409
96.7002
97.8901
98.3744
100.359
110.242
100.953
101.695
92.5742
99.9791
93.7666
97.337
99.9576
94.3271
94.2303
99.8328
100.675
93.798
96.0194
106.995
103.077
102.855
105.704
99.3327
96.5425
104.499
99.921
108.344
86.5017
111.792
86.3828
100.552
98.0531
99.2858
105.596
100.873
85.4267
85.2195
107.466
100.998
92.9237
99.6316
93.8323
99.5529
100.978
94.0036
109.53
104.866
109.824
104.682
111.953
107.885
110.807
110.657
101.517
99.969
97.1348
104.705
96.4091
96.7282
104.768
98.5098
103.803
101.016
103.912
101.205
102.478
103.117
100.684
102.536
98.8807
98.699
99.384
99.2919
100.173
98.2123
94.7436
98.7538
85.7493
83.5571
91.7088
87.7322
100.746
99.5367
99.9724
100.035
99.6935
100.746
99.9206
99.4878
102.904
99.6184
98.8299
108.271
98.779
103.508
107.188
96.1866
115.392
115.126
129.769
108.678
101.172
99.9667
100.067
99.7213
100.819
100.796
100.052
99.992
107.204
103.255
100.064
96.1185
115.509
96.2108
102.778
97.732
97.9962
97.1745
97.3369
97.733
97.1757
97.9934
97.7332
97.3375
97.9929
97.1759
97.1761
97.7344
97.9913
99.7176
103.972
99.1879
97.2216
102.854
99.9452
97.7161
102.355
102.757
100.103
96.0687
102.512
97.596
103.057
97.7307
97.3368
97.9989
97.1763
97.1747
97.7322
97.9991
137.459
86.3834
100.135
99.7997
80.4166
152.338
141.111
97.7406
97.9961
97.1786
97.3348
97.7353
97.177
98.0024
85.3055
22.8179
77.5985
70.9023
451.386
286.256
82.7736
99.0185
116.213
109.025
106.229
108.31
104.689
108.716
103.71
102.206
99.4909
102.951
99.9747
103.237
102.396
98.8519
101.337
99.4527
98.5479
98.3972
102.663
99.977
104.206
99.6232
105.007
99.5735
100.13
102.934
103.078
107.218
97.3396
108.07
101.738
104.555
108.275
103.191
101.314
103.385
101.236
94.9056
97.8101
98.978
95.092
105.49
101.499
103.584
102.808
100.466
101.206
101.346
101.298
111.512
101.151
97.362
103.841
96.7733
97.6638
104.317
108.562
104.663
100.784
100.498
100.867
104.263
96.7951
98.8333
98.5651
77.0731
100.014
98.4251
69.2723
99.451
109.748
100.661
96.6771
92.1433
89.8275
94.0249
141.136
77.7765
87.8777
86.7997
88.1052
77.3082
87.9887
78.5378
268.043
32.2566
234.862
242.163
11.5135
67.2313
105.026
105.108
105.058
108.678
100.193
109.57
117.322
177.378
78.3837
89.0013
90.3661
167.086
79.2849
88.3054
122.856
116.893
120.245
105.161
127.479
118.255
118.449
97.7399
98.0111
97.1681
97.3388
97.1786
97.7541
98.0056
101.704
102.403
100.931
103.953
104.585
104.487
104.321
99.0267
125.404
101.005
110.812
100.035
98.0334
110.884
97.7476
97.3381
98.0101
97.1688
97.18
97.751
98.0085
110.368
121.148
117.112
98.2338
107.89
117.838
104.997
103.53
143.868
111.5
113.552
106.088
105.245
104.351
102.283
104.055
101.295
101.902
102.245
101.628
101.741
106.385
112.56
100.543
114.072
102.285
123.714
97.1347
108.312
106.418
96.5841
105.413
105.792
95.6588
95.7476
101.347
98.4294
104.433
101
100.489
99.6533
102.921
98.5592
125.47
97.8498
101.213
95.1809
95.5164
94.358
99.0274
97.4006
102.95
96.1796
98.1641
96.0798
96.6338
98.3895
88.1451
101.503
143.662
96.749
87.4007
96.8383
106.16
105.451
106.167
113.16
105.695
111.567
106.84
136.719
117.242
122.085
105.146
107.214
123.783
103.639
103.021
147.418
115.172
104.476
103.7
99.9644
104.619
110.145
106.423
104.635
129.474
166.224
89.8377
99.9268
109.906
109.401
117.428
113.812
106.062
112.044
103.768
101.597
105.336
131.33
110.014
125.603
105.819
102.679
96.8506
130.179
130.524
105.859
119.385
82.9715
108.573
113.261
102.419
109.75
110.609
103.414
102.351
106.396
98.6191
103.125
121.167
108.309
104.277
106.372
129.974
96.496
96.1665
95.5281
104.816
98.5402
106.718
98.3836
104.216
100.826
101.063
102.161
98.8958
102.476
123.93
116.442
103.071
103.541
102.941
99.5454
98.9028
114.718
107.422
107.803
107.464
99.8437
101.084
101.828
104.828
112.121
98.9378
100.231
100.973
100.716
95.991
96.3994
101.893
98.046
100.667
103.312
101.476
101.223
102.851
94.322
106.785
104.6
100.611
100.657
95.7171
95.0899
102.011
122.953
100.729
107.839
125.037
104.407
117.867
101.529
109.537
101.517
94.3395
94.1173
97.7811
99.3298
106.264
100.429
101.225
93.9103
98.253
100.13
103.567
108.438
100.177
117.177
105.848
110.62
97.9266
115.186
91.2962
126.926
100.135
98.9829
100.392
99.6926
108.351
96.532
99.0503
97.5624
99.3707
102.856
100.895
103.572
99.5194
107.123
102.296
113.499
110.263
103.228
109.991
103.16
101.459
108.763
108.612
109.872
108.94
105.756
101.756
107.23
106.202
100.246
102.806
105.853
107.065
100.597
104.491
105.747
99.6203
102.587
100.084
100.122
96.786
98.0908
97.9495
101.059
126.036
127.238
100.603
89.989
98.9917
103.643
101.655
96.5325
97.9003
90.0793
118.044
117.482
115.083
126.684
89.8777
127.083
116.611
97.3286
98.1299
95.5532
103.307
102.288
94.3872
97.212
111.204
102.298
111.557
104.744
111.745
101.302
122.497
103.099
99.8189
98.4231
97.8164
100.438
100.168
101.389
100.626
97.5271
102.149
102.763
94.113
97.0107
98.0108
105.497
96.2888
98.4211
95.0466
100.719
97.2147
94.867
95.8917
110.2
102.13
94.1648
93.926
96.8969
102.186
96.0031
99.8166
99.5978
102.223
95.2324
101.438
107.489
101.958
110.792
103.219
99.4856
100.293
100.734
108.969
103.604
104.618
102.042
99.8249
102.561
102.286
102.687
102.764
113.452
102.397
102.892
101.118
101.075
113.032
163.356
544.659
99.5746
221.224
74.035
228.003
314.645
105.377
131
115.836
114.842
83.8085
134.435
103.75
99.6596
105.043
98.8912
99.941
87.9047
102.977
94.5739
105.055
40.0955
59.1493
88.3926
95.6793
230.728
188.096
106.532
100.899
102.638
114.62
105.456
113.585
97.7082
97.4267
93.8602
106.44
107.574
104.345
109.522
97.1305
102.355
104.098
106.97
104.501
96.4191
118.789
117.726
98.2374
99.1861
95.3521
97.8056
95.4347
98.5026
98.8222
123.416
90.4078
92.557
102.207
151.439
90.5464
93.331
99.0109
94.7521
95.3164
118.788
99.0473
98.448
106.177
98.1516
100.348
100.917
105.498
103.366
81.401
103.37
105.976
104.545
103.7
108.662
96.5238
108.432
106.593
131.628
97.6601
138.55
102.203
115.067
112.15
109.679
96.616
100.37
106.034
100.088
107.537
99.9029
96.9091
98.8869
97.1669
95.8906
105.823
100.675
103.582
99.7044
101.449
96.9435
105.486
101.433
108.112
103.057
101.809
97.4346
127.581
103.302
109.895
100.856
112.258
135.046
102.768
99.0348
96.8933
96.8471
102.282
99.1613
96.7958
102.564
112.407
96.0341
144.307
102.669
130.558
142.357
105.741
102.111
124.954
137.825
107.534
100.566
104.597
111.514
97.9326
115.015
107.464
114.31
98.6597
110.644
107.934
120.802
113.279
109.996
148.479
127.237
117.975
137.739
96.548
130.756
106.137
101.645
109.974
144.514
98.3048
114.466
101.258
112.311
101.64
143.004
97.7139
96.7149
97.6357
105.359
105.39
96.3748
118.038
98.524
103.871
109.891
101.447
112.75
100.56
112.486
109.33
98.9294
102.976
97.2533
92.4032
92.0089
99.3854
137.81
97.5647
96.4215
97.9593
93.3728
93.8106
131.376
115.432
96.7968
91.5266
90.9934
102.989
107.245
101.698
103
110.625
124.246
104.201
83.6715
127.131
104.082
137.548
98.4494
102.543
100.383
94.4203
97.5178
97.4967
107.321
96.8687
107.794
105.587
106.155
102.927
108.126
130.797
107.034
98.6617
107.322
108.796
126.202
102.451
118.866
120.559
99.727
107.179
108.369
96.8051
109.167
121.173
107.439
98.8901
114.047
102.261
100.879
101.489
98.0585
140.951
107.767
95.2245
111.444
112.923
108.819
113.477
108.124
106.746
110.015
105.432
103.833
95.5955
116.319
106.558
114.997
111.057
108.198
121.828
106.109
125.998
92.1004
112.234
91.2918
118.215
121.036
122.345
114.838
99.2414
102.41
98.0284
100.406
131.873
138.447
99.0472
114.261
101.377
101.37
101.912
106.601
95.875
98.6395
108.899
100.008
95.5284
101.278
100.64
95.4509
98.2162
96.306
98.4591
95.1443
114.012
94.4108
94.0586
126.784
94.7335
96.5301
96.6692
94.5798
114.934
114.298
95.1065
118.062
105.758
105.648
105.386
103.13
105.524
111.554
107.146
104.527
126.126
120.808
126.183
96.2502
105.211
107.795
112.282
106.828
111.444
115.742
113.289
112.653
110.367
106.755
107.625
121.405
117.541
115.218
129.212
110.654
93.8978
98.4413
119.295
93.825
97.8475
110.425
123.661
115.698
105.698
98.1157
111.72
101.572
106.379
91.7744
111.18
91.8482
117.529
120.036
119.241
111.857
97.6335
102.253
97.1741
98.8131
102.577
102.222
102.387
101.819
97.1928
97.0875
98.7327
102.473
98.8597
102.391
106.23
121.049
104.011
112.065
112.927
105.493
105.026
105.931
112.939
117.865
121.473
110.458
112.331
106.052
100.619
104.668
103.729
109.806
101.649
100.361
106.18
103.659
108.945
101.332
113.112
107.007
107.685
112.682
99.7345
105.303
99.5827
102.35
102.075
100.739
100.309
94.4923
98.7481
98.0818
96.119
97.6
96.1826
95.9673
114.718
121.334
115.662
103.426
103.374
106.17
101.612
104.083
101.747
101.057
108.784
117.932
116.051
110.46
105.925
123.821
100.435
106.176
109.606
120.894
100.676
107.538
109.122
110.67
110.075
108.09
111.946
112.249
111.906
121.172
110.381
104.076
103.461
111.612
117.148
95.4639
98.8471
98.3482
97.8593
95.6779
95.0316
94.7992
110.822
106.845
111.285
115.019
123.146
97.07
132.138
119.035
107.54
113.509
115.373
106.899
107.882
107.503
111.224
107.551
118.209
130.188
79.2655
79.7189
146.972
101.332
101.438
100.088
97.0425
108.736
106.463
106.859
115.549
108.044
118.289
104.327
104.466
109.453
120.693
115.346
111.987
115.464
105.871
105.154
108.177
107.26
111.829
119.12
124.764
108.022
119.192
107.657
117.3
111.506
93.3372
94.423
125.443
114.936
112.669
120.282
157.03
108.233
107.623
101.727
95.8819
114.809
173.584
96.6651
106.058
104.244
107.88
96.5595
107.492
104.666
126.734
97.2295
102.702
94.3573
104.861
98.1698
110.423
105.947
94.8989
104.177
109.209
96.1902
96.0448
126.812
113.56
119.535
97.1792
92.477
130.743
168.866
94.0536
123.078
107.636
107.108
117.19
106.259
100.994
148.16
133.629
121.804
119.911
107.665
114.927
101.767
107.724
115.43
112.155
116.577
125.769
124.663
109.958
128.031
72.2752
106.308
65.0199
30.4614
100.977
98.4504
37.802
95.6261
101.866
89.5047
104.365
90.6299
107.509
98.5725
96.3694
114.944
98.8081
102.868
95.8597
94.9298
102.767
119.252
108.89
115.568
71.5489
76.6925
119.858
109.733
118.757
112.789
101.032
116.767
115.428
106.652
117.732
143.927
102.723
91.0678
79.746
118.951
124.68
78.6142
113.24
118.776
83.1173
82.677
91.5035
156.678
85.2679
153.361
115.061
111.203
118.835
37.2462
125.355
39.6538
63.2541
105.997
27.1621
106.304
62.5843
28.5271
130.097
94.9314
105.475
148.553
85.5722
93.7644
140.117
104.958
144.83
92.3155
88.0059
101.333
132.047
124.452
101.696
109.244
127.094
111.653
100.623
108.486
109.158
100.234
123.703
78.1221
122.869
119.372
130.835
126.563
121.944
115.224
118.913
134.566
102.509
107.675
103.122
108.393
28.9226
58.7295
107.522
180.25
35.6238
56.377
124.751
105.792
98.9702
98.4524
101.712
118.276
108.948
102.443
116.396
99.9407
124.746
118.292
124.083
131.426
106.114
94.4675
92.2926
95.3682
81.5656
117.072
83.2504
120.069
112.939
140.298
114.93
128.631
44.4779
123.647
40.5655
95.3857
77.9012
139.781
210.998
206.889
740.526
187.699
111.368
321.339
191.93
113.931
126.91
173.441
188.712
129.396
108.855
113.855
97.8571
108.477
99.3444
105.889
120.954
119.758
125.65
127.392
119.233
126.6
117.54
118.365
116.699
116.291
101.461
101.938
102.368
100.747
118.903
94.0132
90.6787
114.478
123.018
119.647
119.14
111.356
130.551
87.2373
113.836
126.758
87.556
102.897
113.233
108.138
135.746
108.097
103.226
101.729
108.315
129.302
103.243
86.3468
132.173
91.946
132.92
87.179
101.169
102.928
102.741
105.758
103.977
101.676
101.185
121.525
111.845
102.225
102.562
112.319
104.929
102.82
113.634
108.19
109.768
115.793
100.311
113.073
108.704
104.576
96.2973
105.106
93.9637
98.7
99.1598
93.3611
102.219
98.215
101.902
96.6952
97.6104
97.2787
96.7588
112.125
38.6406
125.427
135.14
111.876
129.966
36.2738
111.518
123.669
108.574
107.052
104.815
103.559
112.786
110.587
139.701
100.345
111.34
104.05
102.645
91.5366
119.601
117.618
118.211
119.173
117.022
117.865
119.815
121.705
124.4
122.927
99.6653
98.8258
98.5222
97.634
147.45
115.4
115.736
128.81
112.485
124.896
109.78
108.138
102.176
104.086
101.555
103.655
133.974
108.874
102.335
104.256
103.64
111.153
98.7837
119.586
101.27
112.901
109.108
119.862
109.533
108.154
112.617
102.588
119.719
102.796
125.634
137.98
114.977
118.924
98.3373
103.097
106.644
104.462
143.974
104.14
101.809
101.274
97.8862
109.796
106.889
100.117
120.89
93.8767
95.7103
98.0732
94.7203
94.1399
125.207
125.148
89.0341
88.0935
114.005
118.473
120.996
110.154
91.5696
103.252
115.109
112.956
109.356
100.199
119.362
113.286
100.493
112.788
96.562
107.697
90.131
129.628
123.237
99.2926
106.023
102.087
128.887
114.964
110.488
104.996
106.43
108.573
112.163
101.331
128.614
104.608
112.654
104.481
100.581
116.169
85.5924
80.7978
103.354
99.2408
103.44
115.271
96.8406
117.599
99.0143
105.035
113.886
113.254
105.996
119.009
127.857
125.018
107.854
89.7013
124.81
121.509
116.536
104.174
102.026
109.522
104.514
104.83
108.975
104.91
104.385
95.986
96.6238
108.15
104.867
104.722
112.149
107.306
116.624
108.496
114.224
113.255
112.19
112.067
114.634
106.21
105.63
106.737
107.191
111.844
106.759
106.442
104.323
100.199
100.912
95.5696
106.031
94.5591
106.182
109.187
113.601
94.0909
113.277
116.698
96.4241
100.694
99.1087
100.027
95.8935
101.188
97.8442
97.3712
107.971
87.4889
110.557
93.0237
108.09
92.0326
127.43
115.511
127.019
102.463
86.5039
87.3316
101.762
112.507
102.554
103.59
103.045
104.06
107.418
108.901
98.8778
109.35
106.213
95.5848
119.427
122.934
96.6172
118.758
110.362
109.459
102.919
103.558
101.054
102.805
100.967
104.857
99.7465
102.273
98.0214
99.8161
96.4155
112.367
98.4816
105.849
101.963
102.197
108.529
125.923
103.618
98.1117
98.5037
100.134
105.894
98.7057
102.503
106.063
104.511
104.953
93.6906
92.7788
101.256
110.69
107.166
100.801
95.8664
111.822
118.562
132.466
99.8678
100.695
102.603
106.733
101.746
102.01
103.474
104.311
104.047
105.436
101.216
115.114
104.054
100.235
120.526
106.004
101.623
94.1976
113.801
144.678
159.793
113.198
88.3478
102.672
107.358
103.187
99.7976
100.549
133.832
102.317
106.729
107.209
101.812
159.664
132.013
143.251
100.289
107.753
105.066
95.9984
107.383
97.4698
98.7046
104.534
98.8916
109.109
115.015
97.6979
101.852
108.107
70.1936
117.315
114.759
77.7869
120.838
104.928
104.409
97.6495
97.1047
98.6048
98.065
131.065
98.221
75.829
136.691
97.2536
81.6937
63.5071
216.883
188.201
94.6255
95.8275
109.695
118.536
117.522
109.738
139.825
127.198
91.9237
93.0373
91.8326
93.0963
91.9237
93.0367
91.8332
94.8519
94.1386
94.8514
94.8156
94.1648
94.8168
94.1675
94.136
94.8563
94.8539
94.8171
94.1677
94.1683
94.8205
114.005
113.061
109.611
114.292
109.612
120.23
112.51
106.538
114.517
103.999
107.182
103.605
116.279
116.397
113.014
117.928
111.625
121.757
110.202
119.389
97.8791
98.6314
169.433
400.012
122.759
208.908
263.73
165.316
196.955
126.204
166.186
109.494
134.888
212.213
174.874
91.9142
93.0416
91.8216
93.0973
91.9237
93.0381
91.8331
91.9235
93.0378
91.8331
93.0974
91.9139
93.0416
91.8212
99.8776
102.077
101.57
100.48
99.8054
103.951
100.716
499.617
161.521
316.914
188.348
495.339
503.687
111.586
94.8592
94.1143
94.8691
94.1677
94.8245
94.8353
94.1557
94.8548
94.1278
94.8636
94.1627
94.82
94.8312
94.1496
160.786
190.297
187.833
101.002
74.2711
163.07
171.151
85.265
107.97
117.714
109.153
130.833
19.7738
82.5447
102.47
98.5588
100.817
125.239
171.26
118.13
143.015
95.3336
86.1925
133.648
98.7371
140.924
102.715
127.108
34.6265
144.712
129.783
101.327
61.081
101.354
228.012
179.806
160.367
192.223
310.48
144.12
235.597
313.292
54.5331
141.184
102.099
71.6128
392.465
512.466
67.5372
91.3635
136.269
124.308
79.3881
135.123
125.56
123.141
-54.9624
117.283
-353.153
58.1272
50.2904
287.859
530.049
322.916
124.788
35.6371
45.2836
196.239
632.126
51.577
267.063
79.9318
98.9884
287.143
103.732
338.985
242.565
25.0802
114.49
60.9477
378.413
185.807
193.459
378.797
)
;

boundaryField
{
    inlet
    {
        type            fixedFluxPressure;
        gradient        nonuniform List<scalar> 
54
(
9940.63
1019.04
363.678
1993.9
-1113.25
358.507
6876.9
-2028.59
-2024.4
9050.42
-28308.4
-5844.62
-2688.64
-4066.13
-74.8646
-830.726
-905.922
-236.86
-271.703
-17807.5
356.501
596.921
1198.06
440.477
482.761
-15.1277
-5899.12
1205.85
1406.25
61.335
-2376.27
-1.24192
57.4351
-1676.8
-3205.61
-4445.08
-9054.41
-1.52843
-76721.7
-1685.78
-4014.05
-423.025
-1090.05
-0.0379118
7294.89
892.758
-334.052
9232.23
-19437.6
-88438.1
-285.609
8444.59
7840.12
-148.906
)
;
        value           nonuniform List<scalar> 
54
(
102.703
94.6144
98.4933
99.8509
94.4102
99.2215
106.939
98.0921
107.225
118.929
61.0243
82.8376
92.8834
88.1136
96.294
96.8821
98.9188
101.431
110.525
86.834
80.3797
93.5902
100.382
96.4709
97.8533
98.4951
94.417
104.641
114.015
110.057
84.4227
77.307
77.834
88.6888
76.0782
73.9372
104.494
105.243
67.1206
111.473
107.551
105.028
107.219
106.372
110.422
100.718
101.952
113.854
82.1112
45.5066
101.89
108.928
111.794
101.928
)
;
    }
    outlet
    {
        type            fixedValue;
        value           uniform 0;
    }
    lowerWall
    {
        type            fixedFluxPressure;
        gradient        uniform 0;
        value           nonuniform List<scalar> 
1166
(
92.7593
92.5756
97.7657
95.8618
96.6374
98.5043
100.06
102.151
111.275
109.876
121.87
97.3865
102.831
93.9964
95.7939
97.6264
105.755
97.9009
103.139
106.801
108.953
111.024
98.3913
96.4022
98.467
99.4052
102.061
100.019
100.165
112.569
105.906
101.98
97.5027
95.4735
100.675
98.8
99.7531
109.496
86.1085
107.609
106.455
102.71
108.433
102.013
94.3844
95.3218
100.13
104.293
100.512
98.6107
99.991
108.154
100.192
98.2121
97.8145
97.3362
98.3284
100.826
100.33
99.0711
99.443
99.6398
99.5676
98.5305
97.7699
97.7691
98.6294
99.474
99.6789
99.1907
95.9793
96.1894
96.5994
97.3667
97.7596
97.5933
98.05
97.4307
96.1757
95.917
92.4465
92.5353
92.4968
93.0974
92.9157
92.8968
92.4909
92.52
92.4759
92.4199
89.9126
89.935
89.8583
89.6536
89.5919
89.6117
89.8193
89.8942
89.9258
89.898
87.2971
87.3065
87.2758
87.2101
87.1837
87.1896
87.2567
87.284
87.3054
87.2969
84.7217
84.7218
84.6889
84.6713
84.6341
84.6401
84.6864
84.7079
84.732
84.7195
82.1646
82.1845
82.1497
82.1309
82.1243
82.1287
82.1679
82.181
82.1868
82.1612
79.6505
79.6603
79.6462
79.627
79.6189
79.628
79.6537
79.6608
79.6623
79.6594
77.1568
77.1554
77.1525
77.1474
77.1506
77.1669
77.1694
77.1527
77.166
77.1636
74.6912
74.6957
74.6802
74.682
74.6878
74.7024
74.7038
74.709
74.7096
74.6959
72.2419
72.24
72.2497
72.2496
72.261
72.272
72.2722
72.2645
72.2476
72.2445
69.8262
69.8407
69.8563
69.8512
69.8424
69.8462
69.854
69.8425
69.8315
69.8276
67.4329
67.4551
67.4685
67.4485
67.4276
67.4225
67.4268
67.4393
67.437
67.4309
65.0671
65.0688
65.0661
65.0692
65.0722
65.0569
65.0491
65.043
65.0522
65.0548
62.7025
62.7098
62.7085
62.7181
62.7224
62.7156
62.7052
62.6958
62.69
62.6927
60.3605
60.364
60.366
60.366
60.3668
60.358
60.3599
60.3562
60.3501
60.3526
58.048
58.0421
58.0323
58.0362
58.042
58.0402
58.0404
58.0401
58.0446
58.0479
55.7291
55.7292
55.7265
55.7273
55.7298
55.7402
55.7491
55.7509
55.7463
55.7352
53.4352
53.4245
53.4281
53.4388
53.4468
53.4521
53.4598
53.4594
53.4615
53.4492
51.1617
51.1427
51.1389
51.1492
51.1635
51.1752
51.1787
51.1806
51.1816
51.1768
48.8895
48.8792
48.8687
48.8675
48.8767
48.8867
48.8939
48.8952
48.8913
48.895
46.6177
46.6199
46.6254
46.6319
46.6255
46.6201
46.6168
46.6142
46.615
46.6164
44.3645
44.3722
44.3822
44.3796
44.3637
44.3567
44.3551
44.3745
44.3642
44.3614
42.1381
42.1404
42.1414
42.1319
42.1243
42.1165
42.1235
42.1369
42.1323
42.1332
39.9072
39.9211
39.9252
39.9253
39.9193
39.9113
39.91
39.9051
39.8945
39.8971
37.7011
37.7136
37.7124
37.7066
37.6982
37.694
37.6827
37.6792
37.6787
37.6864
35.5253
35.5198
35.4994
35.4936
35.4906
35.4842
35.4779
35.4833
35.495
35.5164
33.3369
33.3316
33.3175
33.3124
33.3107
33.3132
33.3196
33.3272
33.331
33.3371
31.144
31.1469
31.158
31.1649
31.1638
31.1703
31.1722
31.1705
31.1627
31.1514
28.9842
28.9912
29.0064
29.0231
29.0318
29.0343
29.0287
29.0175
29.0081
28.9935
26.8776
26.8741
26.8727
26.8799
26.889
26.9002
26.9062
26.9058
26.9015
26.8894
24.8072
24.791
24.7811
24.778
24.7814
24.7934
24.8069
24.8182
24.8222
24.8169
22.7465
22.7246
22.722
22.7241
22.7268
22.7309
22.7331
22.7383
22.7426
22.7456
20.6762
20.6742
20.6756
20.6847
20.6919
20.6931
20.6845
20.6776
20.6768
20.6756
18.6354
18.6405
18.6507
18.6549
18.654
18.6471
18.6401
18.6351
18.6331
18.6342
16.6398
16.6428
16.6436
16.6295
16.6162
16.6006
16.5968
16.6038
16.6144
16.6295
14.6474
14.6506
14.644
14.6182
14.6012
14.586
14.586
14.5961
14.6132
14.6318
12.6291
12.6434
12.6451
12.6363
12.6263
12.6142
12.6129
12.6149
12.617
12.6182
10.6359
10.6424
10.653
10.6609
10.6586
10.6506
10.6474
10.6453
10.6413
10.636
8.69179
8.68114
8.67981
8.68286
8.68422
8.68727
8.68895
8.69085
8.69218
8.69542
6.75058
6.73657
6.73531
6.73524
6.74037
6.75638
6.76248
6.761
6.75404
6.75529
4.80257
4.80055
4.80325
4.81021
4.82484
4.8467
4.84635
4.83589
4.82472
4.81345
2.87509
2.87931
2.88204
2.88778
2.8958
2.90607
2.90946
2.90766
2.89597
2.884
0.961376
0.9618
0.962046
0.956776
0.954706
0.957881
0.966166
0.971078
0.972193
0.961519
100.602
98.9191
99.3332
105.206
99.6347
99.9397
98.5907
98.9739
99.8071
97.9391
97.841
98.6684
100.503
97.2382
97.5472
98.8622
98.1299
97.4943
100.041
99.2881
98.2216
100.719
99.8064
99.571
98.6088
99.2586
99.7119
98.9664
98.8704
99.2373
98.4173
98.5049
103.423
94.495
100.495
109.409
98.9579
97.6211
96.5423
97.1233
98.9317
108.472
97.0719
106.739
98.3659
100.121
107.588
101.141
98.8732
98.9859
99.9585
101.701
104.846
104.643
106.328
100.701
100.126
98.3109
97.5757
100.964
95.9285
97.9597
99.775
104.041
99.5755
101.716
101.315
102.066
100.14
94.5127
98.1542
98.553
94.0225
96.0938
96.9793
96.4425
96.9169
97.4072
100.404
98.7654
98.6213
119.448
100.187
100.702
97.0921
100.722
99.6791
99.5674
99.215
99.428
99.0172
97.2389
97.3285
99.4551
97.8018
97.5508
98.7641
98.3589
97.7798
98.1023
98.0273
98.4695
97.5629
97.7907
97.9245
98.0733
98.1881
97.8101
99.0083
98.8256
98.3671
99.5871
98.2007
98.8121
99.2832
97.2261
97.8429
99.0167
97.1286
97.1736
98.885
100.353
101.033
99.7076
99.8804
99.3423
99.44
98.339
98.5445
100.301
98.9627
97.611
99.6594
100.258
100.041
100.79
99.828
99.5029
98.7937
101.228
113.137
99.6933
100.46
99.1249
99.9187
100.55
99.9213
97.5425
98.0652
99.168
98.0136
97.9321
97.5189
98.519
98.1529
98.1949
97.7513
97.6127
97.2325
97.2557
97.3741
97.367
97.3344
97.0399
97.1944
98.1286
98.0633
97.7504
97.7709
97.6635
98.1153
97.4592
97.3043
97.4828
99.7778
99.4976
99.4173
98.9857
99.0509
99.4426
98.7246
98.6453
98.6803
100.816
100.813
98.631
99.7363
100.089
99.9351
100.198
100.104
99.7934
99.4276
107.89
102.151
99.4833
99.6957
98.9617
99.8873
99.7143
99.6405
98.7376
99.2101
99.4306
99.0782
99.2289
98.8213
99.2041
99.1807
99.1262
98.9242
99.6721
99.5161
99.7392
99.7509
99.62
99.5442
99.5478
99.5999
98.0094
94.3145
94.0463
97.5652
94.0228
94.2298
97.7937
97.964
97.9461
97.808
97.73
97.7057
99.5785
99.6849
99.6335
98.0419
97.9954
98.1445
99.3095
99.3227
99.4869
97.7359
97.7701
97.8375
97.7868
94.4739
94.6858
97.7705
94.7182
94.462
98.1786
98.1293
97.892
98.2715
98.4943
98.5372
98.6596
98.7955
98.8984
98.5057
98.343
98.2907
99.3713
99.4592
99.3857
101.783
100.582
86.6931
96.8921
94.7246
94.7852
98.3825
99.0977
98.7418
96.7745
94.7565
94.8058
99.2146
99.4089
98.7227
99.3467
99.2326
99.6058
99.1226
99.3732
99.1734
99.5135
100.118
99.7907
98.7133
99.5125
99.4304
98.9761
99.0681
98.222
99.1426
99.7588
99.5568
99.1041
99.3788
99.2047
98.6848
99.086
99.4423
97.7236
97.2033
97.2205
97.1981
97.0857
97.5871
96.7745
96.9703
97.8359
97.6551
96.8479
96.5543
97.9326
108.757
99.7556
96.1664
95.8848
97.7758
98.0827
96.2362
96.4851
96.0821
94.7303
94.8419
99.2839
99.1314
97.5537
109.435
76.5852
106.78
109.141
111.845
99.8706
96.4191
94.9299
94.8556
97.6337
98.783
98.7249
97.4266
95.7171
95.7312
95.9986
96.0319
97.8851
97.3948
98.6178
98.2677
97.051
95.9194
95.9988
95.779
95.7583
96.6135
104.087
98.2996
95.2705
99.3767
95.4506
84.2865
96.8614
94.5033
96.1248
98.3939
98.4151
97.4296
96.4861
95.6105
96.5554
96.6467
95.0682
96.3478
95.9478
94.6199
94.6906
97.9883
97.9143
97.1857
96.2981
96.8546
89.2123
117.903
98.1742
104.422
105.678
97.3037
98.4825
95.9692
96.0349
96.9426
96.0744
94.7913
94.6496
92.8657
91.7658
91.8423
93.0033
91.8546
91.7736
97.4951
98.1395
97.9628
94.0569
94.6482
94.624
94.6769
94.7469
94.1225
96.6739
95.9783
95.9203
111.728
104.268
108.117
105.032
120.762
112.907
118.591
115.982
99.8043
104.459
111.744
116.248
103.143
95.5133
124.674
96.1153
104.396
103.54
94.7425
94.6788
94.1087
94.1902
94.8516
94.9212
97.4019
101.127
94.8264
96.1905
103.11
101.299
85.5339
98.5461
96.9618
96.0941
97.0981
23.8661
99.5541
101.238
108.39
101.336
101.073
100.31
97.24
97.9269
97.8175
95.2041
105.86
107.703
100.327
99.1288
99.986
97.9586
110.31
102.421
104.762
98.5542
98.8951
100.408
102.801
101.128
102.956
106.004
96.158
111.086
103.335
110.405
103.666
102.834
123.93
107.348
116.744
103.015
96.1269
101.935
119.86
106.685
99.1548
106.266
100.724
99.4387
100.026
105.704
104.499
103.077
86.5017
100.552
108.344
99.5529
109.53
92.9237
98.2123
87.7322
85.7493
115.509
96.2108
107.204
108.31
108.716
116.213
101.337
99.4527
98.8519
107.218
103.191
104.555
104.206
103.078
99.5735
109.748
94.0249
92.1433
100.014
69.2723
98.8333
103.385
95.092
97.8101
102.808
101.346
105.49
78.3837
89.0013
177.378
116.893
120.245
122.856
98.0111
97.7541
97.1681
103.125
121.167
98.6191
100.729
117.867
122.953
100.135
108.351
126.926
102.298
111.557
111.204
95.5532
97.212
98.1299
105.497
94.867
100.719
102.763
98.0108
100.626
104.618
102.042
103.604
108.662
106.593
104.545
105.498
103.37
100.348
99.0348
96.8933
102.768
101.645
144.514
137.739
98.9294
137.81
92.4032
104.201
137.548
124.246
91.5266
103
107.245
105.587
130.797
107.794
107.179
121.173
99.727
126.202
118.866
107.034
97.5178
107.321
98.4494
105.432
116.319
106.746
101.377
98.6395
106.601
94.4108
126.784
98.4591
98.4413
110.425
93.8978
104.011
105.026
121.049
100.619
106.18
101.649
107.007
112.682
108.945
98.8471
98.3482
95.4639
111.224
146.972
79.2655
101.438
106.859
97.0425
94.8989
126.812
96.1902
106.259
148.16
107.636
100.977
37.802
72.2752
119.252
109.733
71.5489
94.0132
119.14
123.018
111.518
112.786
107.052
125.207
88.0935
94.7203
91.5696
103.252
114.005
129.628
106.023
96.562
96.8406
113.254
113.886
109.695
127.198
117.522
93.0416
91.8216
91.9142
)
;
    }
    upperWall
    {
        type            fixedFluxPressure;
        gradient        uniform 0;
        value           nonuniform List<scalar> 
1088
(
79.6665
92.3959
97.9855
95.5897
96.8874
98.5254
100.48
102.228
111.201
113.16
89.7323
100.537
102.105
95.2109
96.7493
98.149
129.474
93.9103
107.464
105.146
103.886
97.762
94.5789
96.3063
97.7016
99.8357
109.959
108.678
109.996
146.594
97.7115
95.6351
101.954
94.9043
102.324
99.785
100.403
103.928
124.451
93.5997
103.92
99.0982
95.9104
96.0003
94.3918
98.6645
99.3614
105.657
99.806
115.381
100.392
95.2339
98.9917
98.1974
97.4479
99.0394
98.6122
101.311
100.816
99.026
99.4407
99.6312
99.5704
98.4842
97.7445
97.774
98.6312
99.4406
99.6692
99.1913
95.9794
96.189
96.6001
97.3703
97.7527
97.5957
98.0497
97.4311
96.1755
95.9169
92.4464
92.5352
92.4982
93.0974
92.9155
92.8965
92.4909
92.5203
92.4763
92.4198
89.9125
89.9349
89.8582
89.6524
89.5925
89.6119
89.8192
89.8941
89.9256
89.8978
87.2972
87.3064
87.2757
87.2099
87.1837
87.1893
87.2566
87.2838
87.3053
87.297
84.7218
84.7217
84.6888
84.6712
84.6339
84.6399
84.6863
84.7078
84.732
84.7192
82.1637
82.1843
82.1495
82.1308
82.1236
82.1291
82.1677
82.1809
82.1867
82.1608
79.6505
79.6602
79.6461
79.6269
79.6188
79.6279
79.6536
79.6607
79.6622
79.6593
77.1567
77.1553
77.1524
77.1473
77.1507
77.167
77.1693
77.1526
77.1659
77.1635
74.6904
74.6952
74.6801
74.6818
74.6879
74.7023
74.7037
74.7089
74.7099
74.6964
72.2418
72.2399
72.2496
72.2495
72.2609
72.2718
72.2721
72.2653
72.2477
72.2444
69.8263
69.8409
69.8556
69.8508
69.8423
69.8463
69.8537
69.842
69.8306
69.8276
67.433
67.4548
67.4686
67.4483
67.4273
67.4222
67.4267
67.4398
67.4369
67.431
65.0667
65.0686
65.0659
65.0689
65.0723
65.0568
65.049
65.043
65.0523
65.0546
62.7022
62.7097
62.7081
62.7181
62.7225
62.7157
62.7052
62.6957
62.6899
62.6925
60.3607
60.3644
60.3659
60.3659
60.3666
60.3579
60.3598
60.3562
60.35
60.3522
58.0478
58.0418
58.032
58.036
58.0416
58.0399
58.0404
58.0403
58.0445
58.0478
55.7288
55.7288
55.7271
55.7275
55.7299
55.7402
55.749
55.7508
55.7462
55.7351
53.4352
53.4247
53.428
53.4384
53.4464
53.4522
53.4595
53.4592
53.4613
53.4493
51.1618
51.1428
51.1387
51.1488
51.1636
51.1751
51.1787
51.181
51.1815
51.1766
48.8892
48.8788
48.8687
48.8677
48.8769
48.8866
48.8938
48.8951
48.891
48.8948
46.6176
46.6198
46.6253
46.6319
46.6254
46.6198
46.617
46.614
46.6151
46.6164
44.3641
44.3722
44.3826
44.3797
44.3634
44.3567
44.3556
44.3743
44.3643
44.3618
42.1376
42.1407
42.1415
42.1317
42.1242
42.1171
42.1233
42.137
42.1324
42.1331
39.9072
39.9217
39.9247
39.925
39.919
39.9115
39.9101
39.9049
39.8946
39.8967
37.7011
37.7136
37.712
37.7065
37.6981
37.6937
37.6823
37.6791
37.6784
37.6862
35.5253
35.5196
35.4996
35.4935
35.4904
35.4839
35.4779
35.4832
35.4959
35.5166
33.3365
33.3311
33.3177
33.3123
33.3106
33.3142
33.3196
33.3271
33.331
33.3369
31.1438
31.1468
31.1581
31.1649
31.1638
31.1703
31.1719
31.1704
31.1625
31.1512
28.9841
28.9911
29.0063
29.0229
29.0317
29.0341
29.0285
29.0174
29.0081
28.9936
26.8774
26.874
26.8723
26.8797
26.8893
26.9003
26.9061
26.9058
26.9015
26.8893
24.8073
24.7915
24.7811
24.778
24.7813
24.7934
24.8068
24.818
24.8219
24.8168
22.7464
22.7243
22.7219
22.7241
22.7268
22.7308
22.733
22.7382
22.7424
22.7455
20.6759
20.6738
20.6755
20.6846
20.6924
20.6933
20.6845
20.6774
20.6767
20.6755
18.6351
18.6404
18.651
18.6549
18.6537
18.6469
18.64
18.6346
18.6332
18.6341
16.6398
16.6434
16.6437
16.6294
16.6163
16.6001
16.5964
16.6038
16.6145
16.6294
14.6475
14.6504
14.644
14.6181
14.6012
14.5859
14.5862
14.596
14.6129
14.6317
12.6292
12.6424
12.6447
12.6364
12.6268
12.6142
12.6129
12.6148
12.6166
12.618
10.6359
10.6425
10.6529
10.6611
10.6587
10.6504
10.6471
10.6452
10.6412
10.6359
8.69199
8.68124
8.67969
8.68277
8.68413
8.68717
8.68886
8.69076
8.69207
8.69539
6.75038
6.73624
6.73496
6.73501
6.74053
6.75632
6.76284
6.76093
6.7538
6.75489
4.80249
4.80047
4.80331
4.81019
4.82462
4.84672
4.84623
4.83582
4.82461
4.81322
2.87505
2.87916
2.88202
2.88765
2.89563
2.90536
2.90907
2.90761
2.89613
2.88407
0.961448
0.961546
0.961701
0.956338
0.954656
0.957812
0.966228
0.970891
0.972096
0.961436
99.3307
98.901
102.567
99.9353
99.6539
100.878
99.7953
98.9569
98.8364
98.6305
97.6658
98.1629
97.4379
97.1253
101.901
97.4686
98.1391
98.9235
98.6709
99.2493
99.8891
99.5548
99.798
100.981
99.7468
99.2381
98.2733
99.2169
98.8732
99.4017
101.565
108.851
102.662
105.705
101.124
99.7209
107.702
85.4835
99.805
96.1626
98.293
97.8108
98.4083
95.4082
99.171
93.6362
112.985
99.3362
102.86
98.3389
101.875
102.861
120.35
99.1027
108.737
96.1351
99.0338
100.56
99.4723
100.912
99.5108
98.5892
96.8346
101.322
99.7688
102.81
100.111
101.674
102.747
98.3521
98.1777
99.9675
96.7874
96.0518
95.3937
97.3102
96.872
97.8797
98.6105
98.7934
100.571
100.835
100.416
122.614
101.549
100.429
103.767
99.4686
99.2525
99.9124
97.328
97.2382
99.0211
97.5486
97.8023
99.4748
97.7817
98.3598
98.7408
98.4699
98.0281
98.0842
97.9247
97.7955
97.5641
97.8428
98.1965
98.0765
98.3672
98.8269
99.002
98.8108
98.1925
99.6015
97.8432
97.2264
99.2804
97.1731
97.1287
99.0127
98.5567
98.2492
99.4123
99.3991
99.8086
99.716
100.735
100.156
98.8113
99.4872
99.825
100.47
100.102
100.254
99.6163
108.101
100.919
100.53
99.9172
100.585
99.9943
99.1362
100.26
99.6788
98.5317
100.688
98.8606
98.1996
98.2465
98.5444
97.5433
97.9758
98.0393
98.5334
98.7867
97.5246
97.1875
97.0151
97.334
97.2065
97.3211
97.2059
94.7127
95.27
94.0165
97.4768
97.2942
97.4476
98.0621
97.5968
97.7741
97.2799
98.0196
98.0616
98.6964
98.736
98.6407
99.3854
99.1257
99.0085
99.396
99.1416
99.7725
99.7677
100.226
100.172
99.9774
100.106
99.7513
118.424
101.189
100.795
99.7222
99.4204
99.9252
99.0908
99.9941
99.5538
94.6171
101.727
98.0012
99.1287
99.1959
99.2193
98.8356
99.2447
99.0853
99.9513
99.2364
98.8459
99.4092
99.5846
98.9524
99.6176
99.7574
99.7389
99.5949
99.5316
99.5241
94.0459
94.3145
98.0019
94.2291
94.0222
97.5591
97.9463
97.871
97.7178
97.6534
97.7884
97.8096
99.636
99.6831
99.5711
99.4832
99.3218
99.3013
98.1383
98.0017
98.0431
97.8404
97.7617
97.7169
94.6872
94.4757
97.7886
94.4609
94.7172
97.7698
97.9096
98.1261
98.1791
98.5373
98.4932
98.2847
98.2931
98.3909
98.5067
98.8994
98.7893
98.6714
99.4004
99.4581
99.3697
94.7858
94.7252
96.8924
98.7426
99.0991
98.3836
94.8062
94.7568
96.7758
98.7236
99.4101
99.2138
99.6065
99.2311
99.3477
103.092
106.181
101.588
99.1748
99.3688
99.1235
102.285
106.92
100.254
99.4305
99.5124
98.7107
98.2116
99.0626
98.9743
99.5629
99.7622
99.1472
99.2017
99.3653
99.1091
99.4443
99.054
98.6752
97.2106
97.2073
97.7241
97.5884
97.0867
97.1693
97.8333
96.9675
96.7453
96.5405
96.8491
97.6563
97.7761
95.8879
96.1618
96.48
96.2278
98.0809
94.8422
94.7305
96.0824
97.5517
99.1246
99.2842
94.8551
94.9293
96.4185
98.7261
98.786
97.6355
95.731
95.7169
97.4297
97.8835
96.0306
95.9958
100.483
98.3773
132.833
98.2655
98.6254
97.3953
100.229
99.8276
100.95
95.9986
95.9197
97.0502
96.6161
95.7588
95.7797
98.9899
102.528
99.9244
97.4276
98.4138
98.3958
100.008
102.134
108.255
94.691
94.6203
95.948
97.1853
97.912
97.9874
99.7952
100.289
107.445
100.678
101.67
102.236
96.1087
105.417
92.7818
100.333
98.1241
104.704
96.9418
96.0349
95.9679
102.917
97.6807
114.006
94.65
94.7915
96.0747
91.8418
91.7653
92.8651
91.7731
91.8541
93.0028
97.9596
98.1395
97.4943
94.6211
94.6487
94.0559
94.1216
94.7454
94.6729
95.921
95.979
96.6735
94.7958
95.1707
97.2414
92.1124
125.744
94.6749
101.192
98.7191
102.18
94.1075
94.6789
94.7402
94.9191
94.8491
94.1895
107.307
97.0374
96.1138
162.786
33.5657
114.618
100.425
99.6155
104.478
105.448
95.2594
146.282
103.689
94.9061
101.611
98.1484
99.2859
104.44
101.841
106.98
102.395
105.513
81.9606
82.9045
98.4641
100.14
96.0018
97.8161
97.9238
97.2408
102.072
119.9
103.124
131.867
126.495
107.535
102.073
108.337
100.976
111.416
110.755
110.768
112.606
88.6388
93.8876
100.892
100.223
100.79
106.645
107.672
108.559
98.8945
98.9699
101.76
99.0469
98.0465
101.488
109.824
110.657
111.953
96.4091
104.768
99.969
103.912
103.117
103.803
102.536
100.173
99.384
100.819
99.992
100.067
102.904
98.779
108.271
129.769
101.172
96.1866
103.972
97.7161
102.854
100.193
117.322
109.57
97.1688
97.751
98.0101
105.695
106.84
111.567
107.214
103.639
123.783
166.224
99.9268
89.8377
98.253
103.567
100.13
114.31
110.644
98.6597
148.479
117.975
127.237
105.386
111.554
105.758
117.932
110.46
101.747
93.3372
120.282
114.936
108.233
173.584
101.727
97.2295
110.423
102.702
125.769
128.031
112.155
114.927
107.724
121.804
108.19
108.704
115.793
103.354
115.271
85.5924
101.623
113.198
144.678
159.664
143.251
106.729
126.204
174.874
109.494
99.8054
100.716
103.951
98.5588
143.015
171.26
91.9139
91.8212
93.0416
190.297
171.151
101.002
133.648
127.108
98.7371
160.367
313.292
144.12
79.3881
123.141
136.269
392.465
67.5372
141.184
)
;
    }
    frontWall
    {
        type            cyclic;
    }
    backWall
    {
        type            cyclic;
    }
}


// ************************************************************************* //
