/*--------------------------------*- C++ -*----------------------------------*\
| =========                 |                                                 |
| \\      /  F ield         | OpenFOAM: The Open Source CFD Toolbox           |
|  \\    /   O peration     | Version:  5.0                                   |
|   \\  /    A nd           | Web:      www.OpenFOAM.org                      |
|    \\/     M anipulation  |                                                 |
\*---------------------------------------------------------------------------*/
FoamFile
{
    version     2.0;
    format      ascii;
    class       volScalarField;
    location    "2.3";
    object      p;
}
// * * * * * * * * * * * * * * * * * * * * * * * * * * * * * * * * * * * * * //

dimensions      [1 -1 -2 0 0 0 0];

internalField   nonuniform List<scalar> 
8969
(
99.1317
96.3624
106.532
100.878
100.525
97.3576
94.4247
91.0683
88.5204
85.9714
83.4617
80.9762
78.5148
76.0985
73.6961
71.3245
68.9695
66.6493
64.3497
62.0772
59.8127
57.5685
55.3541
53.1344
50.9391
48.766
46.5907
44.4167
42.2629
40.134
38.0026
35.8961
33.8197
31.7349
29.6416
27.5797
25.5718
23.5999
21.6368
19.6653
17.7225
15.8253
13.9296
12.0054
10.111
8.26194
6.41548
4.56547
2.73469
0.914538
102.763
98.8619
99.4135
99.6835
98.1625
96.9128
95.7382
91.6311
88.8368
86.1811
83.5955
81.0592
78.5871
76.139
73.7158
71.3417
68.9764
66.6676
64.3785
62.0844
59.82
57.5722
55.3489
53.1372
50.9256
48.7387
46.5756
44.4172
42.2705
40.137
38.0183
35.9108
33.8169
31.7259
29.6448
27.5855
25.5671
23.5833
21.6161
19.6633
17.7276
15.8286
13.938
12.027
10.1204
8.25611
6.40826
4.56448
2.7363
0.91455
107.084
105.761
100.56
100.446
99.0308
98.6161
97.3592
92.6906
88.8832
86.2639
83.6522
81.0875
78.5921
76.1498
73.7288
71.3371
68.9929
66.691
64.3953
62.0837
59.8218
57.574
55.3358
53.1239
50.9268
48.7373
46.5668
44.4237
42.2803
40.1402
38.0228
35.9091
33.7947
31.7127
29.6511
27.602
25.5677
23.5742
21.6132
19.6643
17.7347
15.8263
13.922
12.0279
10.1311
8.25345
6.40306
4.56658
2.73998
0.914896
105.347
102.242
104.978
101.209
101.783
99.6011
98.2577
92.8825
88.8669
86.2715
83.6428
81.1058
78.5895
76.139
73.7283
71.3413
68.9925
66.6822
64.3686
62.0844
59.8293
57.5733
55.3415
53.1286
50.9394
48.7487
46.5658
44.4294
42.2753
40.1303
38.0229
35.904
33.79
31.7078
29.6587
27.6173
25.5731
23.5702
21.6155
19.6751
17.745
15.8148
13.9049
12.0145
10.1359
8.25466
6.40208
4.57296
2.74594
0.909628
111.222
108.929
99.4049
100.156
125.834
99.3772
97.6998
92.6616
88.6263
86.1236
83.5465
81.0274
78.556
76.1145
73.7237
71.3424
69.0001
66.6713
64.3483
62.0827
59.832
57.5718
55.3457
53.1331
50.9485
48.7644
46.5763
44.4246
42.2628
40.1231
38.0171
35.8972
33.7874
31.7064
29.6597
27.6261
25.5833
23.5753
21.618
19.6804
17.7408
15.8018
13.8843
12.0037
10.1328
8.25567
6.409
4.5869
2.75378
0.90757
120.082
97.9888
97.833
104.795
114.006
109.568
95.7729
91.6374
88.2486
85.9025
83.4079
80.9432
78.5035
76.086
73.7095
71.3361
69.0004
66.6684
64.3406
62.0752
59.828
57.5694
55.3468
53.1436
50.9545
48.7792
46.5871
44.4193
42.2549
40.1106
38.0066
35.8883
33.7785
31.7073
29.6627
27.6276
25.5931
23.5838
21.6208
19.6809
17.7342
15.7878
13.8706
11.9935
10.1275
8.25982
6.42495
4.6112
2.76359
0.910533
99.0597
45.6573
131.641
118.712
106.607
95.5329
95.0664
91.2054
87.9424
85.6728
83.2799
80.8665
78.4719
76.0698
73.6888
71.325
68.9925
66.6725
64.3418
62.0637
59.8168
57.5686
55.3473
53.1529
50.9611
48.7761
46.5931
44.416
42.2575
40.1256
38.007
35.8775
33.7725
31.7143
29.6659
27.6217
25.5972
23.5946
21.6217
19.6725
17.7267
15.7786
13.8661
11.9909
10.1231
8.26144
6.43111
4.61093
2.76929
0.919901
90.8971
95.7358
106.298
109.118
128.446
96.5367
94.2346
90.7022
87.7472
85.5483
83.1974
80.8182
78.4434
76.0517
73.6594
71.3215
68.9794
66.6589
64.356
62.0565
59.8061
57.5636
55.344
53.1537
50.9601
48.7818
46.5947
44.4126
42.2676
40.1303
38.0027
35.8753
33.7771
31.7212
29.6645
27.6116
25.5991
23.6118
21.6294
19.6679
17.7225
15.7914
13.8789
11.9958
10.1222
8.26376
6.4298
4.60002
2.76743
0.923841
103.075
106.197
104.133
104.761
97.8373
94.4803
93.3542
90.079
87.9079
85.5984
83.2333
80.8418
78.4465
76.0497
73.6688
71.32
68.9617
66.645
64.3495
62.0644
59.7997
57.5574
55.3495
53.1497
50.9637
48.7819
46.5922
44.4135
42.2619
40.1293
37.9901
35.8754
33.7958
31.7262
29.6572
27.6014
25.5939
23.6152
21.6338
19.6662
17.7209
15.7988
13.8941
11.9959
10.118
8.26439
6.42241
4.58848
2.75451
0.924662
95.4373
99.9549
94.8267
96.839
78.9304
94.6055
93.0993
90.4882
88.1617
85.7431
83.3259
80.8882
78.4555
76.0641
73.6787
71.3144
68.9627
66.6431
64.3448
62.0706
59.8025
57.5594
55.3529
53.1392
50.9527
48.7782
46.5938
44.415
42.2594
40.1309
37.9939
35.8829
33.8122
31.7345
29.6465
27.5867
25.5817
23.6087
21.6362
19.6647
17.7214
15.8138
13.9092
11.9967
10.1095
8.2656
6.42163
4.57604
2.74175
0.914948
96.198
95.071
103.677
99.1369
101.037
97.2058
94.4194
91.0689
88.5203
85.9714
83.4618
80.9763
78.5146
76.0985
73.6961
71.3244
68.9694
66.6493
64.3497
62.0769
59.8126
57.5686
55.3541
53.1343
50.9391
48.766
46.5906
44.4167
42.2627
40.1338
38.0026
35.8961
33.8197
31.7347
29.6415
27.5796
25.5717
23.5999
21.6367
19.6652
17.7224
15.8253
13.9297
12.0055
10.111
8.26219
6.41539
4.56546
2.73464
0.914611
99.7398
102.164
99.9538
99.6848
97.6676
98.5994
95.7202
91.6314
88.8367
86.1811
83.5955
81.0592
78.5871
76.1389
73.7158
71.3416
68.9763
66.6677
64.3785
62.0843
59.8201
57.5723
55.349
53.1371
50.9257
48.7387
46.5755
44.4171
42.2705
40.1373
38.0189
35.9109
33.8168
31.7259
29.6448
27.5854
25.567
23.5834
21.616
19.6633
17.7277
15.8287
13.9378
12.0268
10.1205
8.25611
6.40816
4.56448
2.73652
0.9145
106.724
101.33
101.513
103.836
99.9588
98.6076
97.2754
92.6907
88.8847
86.2638
83.6522
81.0874
78.5919
76.1497
73.7288
71.3371
68.9929
66.6907
64.3956
62.0835
59.8214
57.574
55.3356
53.1239
50.9267
48.7372
46.5668
44.4236
42.2803
40.1403
38.0225
35.9091
33.7948
31.7128
29.6512
27.602
25.5676
23.5742
21.6131
19.6642
17.7348
15.8263
13.9219
12.0277
10.1311
8.25341
6.40301
4.56664
2.73997
0.914886
110.992
101.505
105.608
101.109
101.769
99.6391
98.2624
92.8819
88.8674
86.271
83.6428
81.1057
78.5895
76.1389
73.7283
71.3413
68.9925
66.6821
64.3685
62.0843
59.8293
57.5733
55.3415
53.1287
50.9392
48.7484
46.5659
44.4294
42.2755
40.1302
38.0228
35.9041
33.7899
31.7078
29.6587
27.6173
25.5731
23.5702
21.6155
19.6752
17.745
15.8148
13.9049
12.0146
10.136
8.25464
6.40196
4.57294
2.74593
0.909512
110.936
108.844
101.776
124.592
119.203
99.6009
97.6746
92.6573
88.6265
86.1236
83.5465
81.0274
78.5557
76.1144
73.7237
71.3425
69.0001
66.6712
64.3482
62.0828
59.8321
57.5718
55.3454
53.1332
50.9483
48.7644
46.5764
44.4246
42.2623
40.1231
38.0172
35.8972
33.7874
31.7063
29.6598
27.6261
25.5833
23.5752
21.618
19.6807
17.7408
15.8015
13.8843
12.0036
10.1328
8.25565
6.40894
4.58691
2.75372
0.907616
111.694
97.6332
97.076
102.249
114.902
92.9365
95.7419
91.6282
88.2488
85.9025
83.4078
80.9429
78.5037
76.086
73.7095
71.3361
69.0004
66.6685
64.3405
62.0751
59.828
57.5693
55.3467
53.1436
50.9547
48.7793
46.5871
44.4191
42.2549
40.1107
38.0066
35.8878
33.7784
31.7076
29.6628
27.6273
25.5931
23.5838
21.6208
19.681
17.7341
15.7874
13.8706
11.9935
10.1274
8.2598
6.42492
4.61142
2.76329
0.910497
97.8253
97.0051
112.728
99.9061
117.174
95.7718
95.0251
91.199
87.9429
85.6726
83.28
80.8665
78.4719
76.0698
73.6888
71.325
68.9925
66.6723
64.3417
62.0637
59.8168
57.5686
55.3473
53.1529
50.9608
48.776
46.5931
44.416
42.2575
40.1255
38.0074
35.8774
33.7724
31.7143
29.6659
27.6217
25.5972
23.5946
21.6216
19.6726
17.7267
15.7784
13.8661
11.9909
10.123
8.26142
6.43133
4.611
2.76931
0.920004
107.646
95.0872
104.962
105.381
95.7236
95.8556
94.2124
90.6996
87.7478
85.5481
83.1974
80.8182
78.4434
76.0517
73.6594
71.3214
68.9797
66.6587
64.3562
62.0564
59.8061
57.5637
55.344
53.1536
50.9601
48.7818
46.595
44.4126
42.2674
40.1303
38.0026
35.8752
33.7771
31.7212
29.6645
27.6115
25.5991
23.6117
21.6294
19.6679
17.7224
15.7914
13.8789
11.9957
10.1221
8.26374
6.42979
4.6
2.76747
0.923906
105.599
88.7503
131.201
101.939
95.7669
94.3248
93.2482
90.0792
87.9079
85.5983
83.2333
80.8418
78.4465
76.0497
73.6687
71.3203
68.9619
66.6449
64.3496
62.0645
59.7997
57.5574
55.3496
53.1497
50.9637
48.7819
46.5921
44.4136
42.262
40.1295
37.9902
35.8754
33.7962
31.7262
29.6571
27.6014
25.594
23.6151
21.6337
19.6662
17.721
15.7989
13.894
11.9957
10.118
8.26436
6.42236
4.58845
2.75457
0.924662
97.0976
99.7346
95.0511
96.8972
105.902
94.4546
93.0918
90.4887
88.1616
85.7431
83.3259
80.8881
78.4555
76.0644
73.6787
71.3147
68.9627
66.6431
64.3449
62.0705
59.8022
57.5594
55.3529
53.1392
50.9527
48.7783
46.5938
44.415
42.2595
40.1309
37.9937
35.8829
33.8123
31.7344
29.6461
27.5868
25.5818
23.6087
21.6362
19.6647
17.7213
15.8137
13.9092
11.9965
10.1095
8.26562
6.42152
4.57601
2.74181
0.914935
107.569
95.742
97.3432
98.7798
101.475
97.1568
94.4212
91.0687
88.5203
85.9713
83.4618
80.9764
78.5144
76.0985
73.696
71.3241
68.9694
66.6493
64.3498
62.0767
59.8124
57.5686
55.354
53.1341
50.9391
48.766
46.5904
44.4166
42.2626
40.1337
38.0026
35.8962
33.8197
31.7346
29.6414
27.5796
25.5716
23.5999
21.6367
19.6651
17.7222
15.8254
13.9298
12.0056
10.111
8.2623
6.41525
4.56539
2.73457
0.914571
101.176
101.831
103.451
99.6775
98.77
98.5551
95.7264
91.6305
88.8367
86.181
83.5954
81.0591
78.587
76.1389
73.7157
71.3415
68.9763
66.6681
64.3784
62.0842
59.82
57.5723
55.3488
53.1368
50.9259
48.7386
46.5754
44.4171
42.2706
40.1373
38.0189
35.9108
33.8167
31.7259
29.6448
27.5853
25.5669
23.5838
21.6158
19.6629
17.7276
15.8288
13.9377
12.0262
10.1205
8.25616
6.40802
4.56443
2.73664
0.914309
106.237
98.2727
101.617
100.631
99.3815
98.6214
97.2769
92.6918
88.8844
86.2638
83.6521
81.0874
78.5918
76.1497
73.7287
71.337
68.9928
66.6905
64.3955
62.0834
59.8212
57.5739
55.3356
53.1239
50.9267
48.7371
46.5672
44.4236
42.2803
40.1403
38.0224
35.9087
33.7949
31.7129
29.6517
27.602
25.5674
23.5742
21.6131
19.6642
17.7347
15.8263
13.9218
12.0274
10.131
8.25333
6.40287
4.56664
2.74
0.914557
105.659
101.463
106.331
103.826
101.622
99.7242
98.2653
92.8837
88.8668
86.2708
83.6427
81.1055
78.5894
76.1389
73.7282
71.3412
68.9924
66.6819
64.3685
62.0842
59.8292
57.5732
55.3414
53.1289
50.939
48.7482
46.566
44.4294
42.2754
40.1301
38.0227
35.9041
33.7899
31.7077
29.6587
27.6172
25.5729
23.5702
21.6155
19.6751
17.745
15.8147
13.9046
12.0148
10.136
8.25457
6.40187
4.5729
2.74579
0.90919
130.204
108.046
102.392
119.523
88.3295
99.5117
97.6786
92.6593
88.6258
86.1239
83.5464
81.0274
78.5555
76.1144
73.7237
71.3424
69
66.6712
64.348
62.0828
59.8321
57.5711
55.345
53.1334
50.9481
48.7645
46.5765
44.4245
42.2621
40.123
38.0172
35.8972
33.7874
31.7063
29.6597
27.6261
25.5833
23.5752
21.618
19.6809
17.7408
15.801
13.8844
12.0036
10.1328
8.25559
6.4091
4.58688
2.75363
0.907528
84.7838
157.826
99.5738
45.8105
127.776
92.0139
95.7412
91.6325
88.2481
85.9027
83.4075
80.9429
78.5037
76.0859
73.7094
71.336
69.0003
66.6685
64.3403
62.0749
59.828
57.5688
55.3466
53.1436
50.9547
48.7792
46.5869
44.419
42.2548
40.1113
38.0068
35.8876
33.7782
31.7084
29.6629
27.6272
25.5931
23.5837
21.6207
19.6811
17.734
15.7869
13.8706
11.9935
10.1272
8.25973
6.42492
4.61136
2.76283
0.910466
169.221
81.8951
118.49
101.19
112.242
96.1037
95.0216
91.1993
87.9424
85.6727
83.2798
80.8664
78.4718
76.0697
73.6887
71.3249
68.9924
66.6722
64.3415
62.0637
59.8167
57.5685
55.3472
53.1528
50.9607
48.776
46.593
44.4159
42.2579
40.1255
38.0072
35.8772
33.7724
31.7142
29.6658
27.6215
25.5972
23.5945
21.6216
19.6726
17.7266
15.7783
13.8661
11.9908
10.1228
8.26136
6.4314
4.61086
2.76928
0.919945
94.3674
103.14
106.552
104.686
119.454
94.6778
94.2311
90.6994
87.7475
85.5482
83.1973
80.8181
78.4433
76.0516
73.6593
71.3214
68.9799
66.6584
64.3564
62.0564
59.806
57.5637
55.344
53.1536
50.9601
48.7818
46.5949
44.4124
42.2674
40.1303
38.0026
35.8751
33.7771
31.7211
29.6643
27.6117
25.599
23.6116
21.6293
19.6679
17.7223
15.7913
13.8788
11.9957
10.122
8.26368
6.42974
4.59996
2.76745
0.923916
99.4082
130.23
127.588
118.572
95.9906
94.3077
93.2473
90.0791
87.9083
85.5983
83.2332
80.8417
78.4464
76.0496
73.6687
71.3204
68.962
66.6446
64.3496
62.0645
59.7996
57.5573
55.3495
53.1496
50.9633
48.7819
46.5918
44.4135
42.262
40.1295
37.9901
35.8753
33.7968
31.7261
29.657
27.6014
25.594
23.6149
21.6336
19.6661
17.721
15.7988
13.8939
11.9955
10.1179
8.26428
6.42219
4.58838
2.75457
0.924573
96.9874
99.5733
90.7166
96.0583
98.9944
94.079
93.0882
90.4884
88.1616
85.743
83.326
80.8879
78.4553
76.0644
73.6786
71.3149
68.9626
66.6431
64.3449
62.0704
59.8021
57.5594
55.3528
53.1391
50.9526
48.7782
46.5937
44.415
42.2596
40.1308
37.9936
35.8831
33.8128
31.7343
29.646
27.5868
25.5817
23.6086
21.6361
19.6646
17.7213
15.8136
13.9091
11.9964
10.1095
8.26558
6.42137
4.57593
2.74179
0.914867
95.4458
98.1123
96.7318
97.3179
95.3686
98.1322
96.5951
97.2807
98.6829
97.8775
99.5668
97.1449
98.6748
97.9193
98.2581
99.3078
98.4652
98.6041
98.2506
99.3174
98.435
98.4786
100.337
98.519
99.5462
98.4795
100.216
98.4751
98.0489
89.1169
96.1373
99.6556
98.0446
99.5078
96.1091
95.444
104.252
94.7985
96.6224
95.4075
99.0783
94.8107
94.9657
94.0362
94.4838
96.3685
95.0367
94.7643
94.4682
94.2534
95.5922
94.0406
95.1445
94.2774
95.4139
94.0672
93.8342
96.9401
93.7527
94.5679
93.8449
93.7234
93.6064
93.685
97.8642
94.9831
94.3418
93.5443
97.2697
94.8835
95.3563
98.0064
96.5886
97.2128
95.3543
98.2088
96.5877
97.0979
98.6603
97.9203
98.573
97.0621
98.6545
97.9227
98.2517
99.2951
98.4911
98.6185
98.2473
99.2738
98.4279
98.5087
100.189
98.375
99.713
98.5022
100.168
98.346
98.0274
100.316
96.1249
99.5259
98.0076
97.3056
96.1412
95.4035
96.3878
94.8379
92.2054
95.4288
89.2479
94.785
94.8854
96.1475
94.4579
96.224
94.7972
92.7894
94.4515
94.2558
95.681
94.0754
94.522
94.2504
92.9085
94.0946
93.8484
93.5587
93.6068
94.2391
93.8524
94.3747
93.629
93.5513
97.1973
94.8716
94.3574
93.6071
97.1521
94.8853
95.3636
98.1076
96.6005
97.1429
95.4413
98.0504
96.7395
97.0688
98.6555
97.9187
99.224
97.2324
98.6693
97.8787
98.2428
99.2791
98.5077
98.6347
98.2492
99.5205
98.4743
98.5116
100.166
98.307
99.7264
98.508
100.174
98.3582
98.066
96.9916
96.1785
99.591
98.0126
102.185
96.1371
95.4308
90.1309
94.8121
92.7562
95.4378
90.3421
94.8001
94.8304
92.8558
94.4604
95.5115
94.8916
93.1814
94.459
94.3134
93.2434
94.0928
95.0552
94.2604
93.2961
94.0783
93.849
94.5449
93.6271
94.3857
93.8309
94.4576
93.7499
93.5875
97.0812
94.9006
94.4027
93.7499
96.8595
94.9711
98.2107
99.3231
101.356
101.248
98.2682
97.9473
99.554
97.1659
96.8006
97.3319
97.3367
97.2628
97.1505
96.8076
92.9721
94.847
93.4287
94.4216
92.9811
94.8422
93.438
98.1213
99.9339
98.4993
98.5903
98.0873
99.2118
98.5405
97.8538
97.7814
98.3015
97.1874
97.7932
98.017
97.8292
93.7535
96.8603
94.15
95.7177
93.7631
96.7219
94.1599
99.0385
100.222
99.6524
99.2678
99.0559
100.215
99.6069
98.6588
98.5707
98.8261
98.6103
98.5644
98.8329
98.6886
94.4077
98.1038
94.3866
97.2798
94.4047
98.082
94.3969
101.429
106.057
102.105
101.781
101.451
106.656
102.849
99.6805
98.5308
101.749
99.5443
98.5175
101.758
100.13
94.2841
98.1664
94.3424
98.2645
94.2878
98.1384
94.3208
104.591
116.233
118.671
125.557
101.04
116.566
108.902
98.4054
98.8777
99.3108
99.3479
98.8644
99.0882
98.3694
94.5363
96.1988
93.6665
97.7088
94.5491
96.1659
93.5859
120.214
109.745
100.224
102.596
94.9664
117.561
114.433
92.9886
95.5815
91.2812
105.067
95.5983
89.1988
92.9015
93.4183
95.033
92.8534
95.7831
93.3351
94.9805
92.8635
101.084
107.81
128.918
119.168
100.881
105.658
94.6684
95.9241
94.4934
103.116
95.3874
94.4946
98.3528
95.9357
92.42
94.5229
91.8673
95.0295
92.3847
94.5298
91.8712
104.549
96.6966
95.5904
90.3134
94.7933
97.7445
94.4746
93.176
93.9441
92.9586
94.2345
93.9581
92.8098
93.1429
91.8616
93.3728
91.6013
94.2207
91.8705
93.3522
91.5979
96.06
85.1029
107.804
95.9036
93.6976
85.5003
93.3198
93.6321
94.0603
94.338
94.3758
94.0695
94.2599
93.603
91.7649
92.9405
91.8498
93.2649
91.7735
92.9231
91.8589
92.1977
100.64
92.8485
109.919
91.392
103.246
113.218
94.5811
93.8901
96.2984
94.5781
93.8983
96.333
94.5804
92.1469
93.8989
92.5447
93.0974
92.1565
93.8959
92.5523
97.947
97.9896
99.0797
100.999
97.8652
97.4526
98.8865
97.1668
96.8026
97.3494
97.2174
97.1662
97.289
96.8014
92.98
94.8384
93.4371
94.4191
92.9799
94.8385
93.437
98.1364
99.1909
98.4547
97.9884
98.0986
99.1873
98.4668
97.9036
97.7771
98.3632
98.4712
97.8855
97.7987
98.3693
93.762
96.7095
94.1592
95.7242
93.7616
96.7032
94.159
99.0007
100.277
99.5572
99.2863
98.9855
100.2
99.6634
98.6694
98.5649
98.8426
98.6104
98.6837
98.5586
98.8447
94.402
98.0773
94.3947
97.2725
94.4017
98.0711
94.3945
101.438
103.112
101.427
101.765
101.537
100.112
101.679
103.858
98.1528
101.563
99.6495
103.763
101.096
101.798
94.284
98.1311
94.3238
98.2647
94.2843
98.1322
94.3063
100.285
155.137
96.5276
86.883
105.636
108.99
81.7817
98.2823
98.787
98.9584
99.4837
98.3167
98.7671
98.9274
94.5475
96.2067
93.5811
97.7049
94.5476
96.1813
93.5814
91.2566
113.9
93.5463
130.163
93.9517
123.162
93.9144
92.8514
95.2444
99.4913
92.9064
92.9328
95.1543
87.8709
93.331
95.0076
92.8607
95.7432
93.3312
94.987
92.8615
94.0773
106.676
105.451
116.316
105.607
100.645
97.2377
96.0244
94.2745
98.334
95.8842
96.01
94.1864
98.9813
92.381
94.5291
91.8675
95.0308
92.384
94.5275
91.868
92.0724
97.7558
98.9803
118.742
91.9742
103.683
96.4901
95.0069
94.0543
93.9025
99.2161
93.2137
94.0684
103.652
91.8685
93.3555
91.5937
94.2254
91.8687
93.5149
91.5895
96.3047
93.0494
94.9335
95.6841
93.2785
91.8276
95.0746
93.8611
94.0975
94.1013
94.3243
93.8623
94.1024
94.054
91.7732
92.9188
91.859
93.2354
91.773
92.9131
91.8589
90.6617
95.4413
97.6792
98.6238
90.272
95.3561
94.3194
94.5125
93.8965
95.3728
95.1229
94.5575
93.8962
95.122
92.1564
93.8934
92.5513
93.0807
92.1563
93.8946
92.5513
98.1342
97.4427
98.9272
100.657
98.0158
98.1566
98.1996
97.1681
96.8029
97.3154
97.1281
97.1686
97.3141
96.8041
92.9808
94.8424
93.4376
94.4242
92.9717
94.8472
93.4281
98.1268
99.1772
98.5698
99.3695
98.1014
99.9093
98.6016
97.9534
97.7913
98.2414
98.558
97.9485
97.8098
98.2047
93.7619
96.7157
94.1604
95.7317
93.7516
96.8515
94.1512
99.0182
100.823
99.5778
99.4935
99.0139
100.517
99.5772
98.6428
98.5594
98.8338
98.6229
98.6688
98.5681
98.8416
94.4044
98.0796
94.3968
97.3572
94.4077
98.085
94.3866
101.866
99.6396
101.497
101.739
102.481
99.4524
101.456
100.294
100.437
102.344
99.7133
100.225
100.485
102.337
94.2879
98.1235
94.3212
98.262
94.2842
98.1729
94.3358
99.802
97.3566
77.053
93.2424
99.8566
103.514
98.1672
98.2557
98.7816
98.9583
99.4345
98.2515
98.7787
98.8326
94.5486
96.2073
93.586
97.6937
94.5353
96.213
93.6647
98.4924
116.482
98.4879
104.641
113.711
106.228
83.0732
92.9169
95.2266
110.238
92.3349
92.8454
95.1371
102.125
93.3353
95.0139
92.8642
95.7768
93.4185
95.0694
92.8533
106.214
97.9017
96.7194
118.419
104.547
132.453
93.3773
95.805
93.9678
98.7631
96.7122
96.9141
94.1683
97.3583
92.3834
94.5268
91.8716
95.027
92.4119
94.5166
91.8678
125.045
98.9506
95.5603
153.821
120.949
99.3476
95.5806
94.3591
93.9996
91.9251
93.9801
94.308
94.0176
92.0205
91.8703
93.5522
91.5909
94.2484
91.8611
93.55
91.5957
93.323
91.8673
98.003
97.2635
96.6623
92.4174
95.6666
93.7338
94.1403
94.0691
94.3357
93.7628
94.1727
94.0632
91.7731
92.9161
91.859
93.3365
91.7645
92.9435
91.85
90.3659
93.9611
94.8919
99.4292
93.434
94.3082
93.9451
94.5427
93.8972
99.3492
94.0526
94.5381
93.8981
99.1786
92.156
93.8983
92.5524
93.1019
92.1463
93.8997
92.5447
97.3076
96.681
96.0169
95.3943
95.9634
97.3166
96.6982
97.4891
97.9478
97.7367
98.122
97.9616
97.7473
97.4812
97.58
96.3393
97.7209
96.6501
96.2648
97.732
97.5644
97.1665
97.286
96.8044
97.3702
97.2528
97.1669
96.8068
97.3037
95.3708
96.7122
95.9383
95.9408
97.2957
96.7082
97.4831
98.1234
97.9046
97.7414
97.9236
97.745
97.4784
97.59
96.6075
96.2195
97.7388
96.2293
97.7386
97.5937
97.6735
97.6327
97.5258
97.1336
97.6524
97.4264
97.6587
98.2466
98.466
98.4065
98.621
98.4517
98.4042
98.2421
98.018
97.809
98.1783
97.8971
97.828
98.185
98.006
97.8686
97.0354
97.7665
98.5187
97.7822
98.0946
97.8746
97.694
97.1089
97.7094
97.3656
97.6671
97.3999
97.6985
98.2435
98.637
98.4629
98.4167
98.478
98.411
98.2615
98.0151
97.9089
97.8393
98.1792
97.8388
98.1836
98.0119
98.7402
98.3969
98.4033
98.2456
98.4049
98.4144
98.6906
98.7122
99.1491
99.0417
99.2978
99.1427
99.0365
98.7079
99.04
98.4643
98.7956
98.4551
98.4722
98.8108
99.2676
98.6695
98.6097
98.5707
98.8428
98.5734
98.8387
98.6619
98.6153
98.2456
98.4095
98.4046
98.4264
98.4169
98.5968
98.6731
99.3152
99.1019
99.035
99.1327
99.0805
98.6717
98.9292
98.4805
98.4629
98.7635
98.4703
98.8242
98.9401
99.8063
98.693
98.4445
98.4898
98.5746
98.4631
99.8493
99.7585
100.673
99.9335
100.066
100.531
99.565
100.069
98.9444
98.5499
98.7159
98.5567
98.5244
98.6887
98.9744
99.5675
99.6377
98.2902
101.797
98.4417
101.778
99.4584
99.7912
98.5381
98.5433
98.4656
98.5871
98.4963
99.7029
99.7508
100.18
100.576
99.534
100.537
99.554
99.7721
98.948
98.4999
98.5035
98.7136
98.6142
98.6971
98.9676
97.8577
98.5031
97.5095
98.0278
98.3408
97.5117
98.0724
96.8686
95.8876
95.9939
90.4647
96.2718
95.9932
96.8764
96.9009
96.7549
96.3091
96.1377
96.7227
96.2444
96.9688
98.3388
110.667
98.8324
99.9268
98.8647
99.6743
98.3342
97.8589
98.1021
98.3349
97.4859
98.3359
97.6097
97.8553
96.8486
108.897
102.324
96.3382
105.589
96.6163
96.8569
96.9131
96.2243
96.7119
96.2757
96.8577
96.2567
96.9199
94.7237
95.8167
94.8557
95.4426
95.8053
94.8416
94.715
94.4691
101.176
94.7489
119.341
95.3346
94.927
94.4156
94.7662
94.8165
94.7933
94.8054
94.8021
94.7955
94.7698
92.9521
119.605
95.2893
94.7181
95.3623
95.1683
92.9592
94.7348
95.5453
95.7565
94.8306
95.7824
94.8703
94.7446
94.4361
95.1513
96.9585
93.9051
95.7359
94.216
94.3569
94.7642
94.7985
94.7996
94.7631
94.8102
94.7897
94.7593
95.3843
94.7602
95.0476
95.1005
94.755
95.0456
95.4051
95.972
100.566
93.8343
93.8216
98.2724
93.8251
96.0097
95.1423
94.9389
94.5838
94.4686
94.9461
94.5939
95.1901
95.9441
95.4595
94.3913
106.078
94.4034
106.472
96.0364
95.3913
94.838
94.7621
95.0269
94.934
95.0741
95.3756
95.8575
94.5411
99.0375
93.8738
98.6256
93.8437
95.8182
95.1443
94.471
94.9427
94.5677
94.9697
94.6104
95.1968
94.6045
94.173
94.0971
94.2561
94.1532
94.1187
94.9468
94.1156
94.7259
93.9267
95.4327
95.4723
93.9422
95.1571
99.8544
94.249
91.9771
94.0554
94.3788
92.0761
94.8545
92.8792
94.8412
94.018
98.3549
93.9779
93.5664
93.7869
95.895
94.2832
94.1696
94.0916
94.1535
94.0832
96.5685
93.7291
95.4281
94.3056
93.9406
94.2741
93.9461
93.2339
95.27
94.0631
94.0639
94.5196
94.1058
92.0327
95.2156
93.9556
94.206
93.6936
93.8328
94.2111
93.7173
93.9453
93.7716
101.005
93.8387
92.9468
95.1428
94.0718
93.7392
93.9071
93.8677
93.8835
93.6528
93.889
93.8628
93.8948
94.175
94.3741
94.0717
94.3357
94.0996
94.178
94.0479
93.9572
93.8392
94.2019
93.7213
94.2075
93.7159
93.9561
93.792
93.7462
95.374
93.6139
95.3647
93.5983
93.8053
93.9059
93.6269
93.8983
93.8938
93.8982
93.88
93.9024
94.4841
93.9442
94.0409
93.6324
93.9794
93.9324
94.4934
95.4347
97.3387
96.2563
97.7735
96.6008
95.4429
96.2083
95.4149
94.8747
96.3489
94.94
94.7982
95.3875
96.2452
94.5705
94.4755
93.9067
95.7863
93.9013
96.0396
94.5591
94.4766
93.5791
93.9586
93.894
93.9785
93.907
94.4777
95.4199
100.496
96.4944
96.21
97.7393
95.4367
96.2116
95.4778
94.9099
94.6548
96.2878
94.7612
95.3416
96.2798
97.2905
96.7165
95.9336
95.3546
97.291
95.9349
96.7177
97.4768
97.9113
97.7396
98.0939
97.4758
97.8319
97.7456
97.5907
96.2099
97.7313
96.5948
97.5931
96.2128
97.7288
97.1688
97.2152
96.8022
97.3874
97.3429
97.17
96.8018
97.2927
95.3567
96.7192
95.9327
95.9346
97.2941
96.7188
97.48
97.9621
97.9399
97.759
97.7466
97.752
97.4832
97.5888
96.5919
96.2165
97.7373
96.2131
97.7322
97.5837
97.7015
97.7183
97.3397
97.0736
97.6998
97.7372
97.3343
98.2951
98.4547
98.4411
98.668
98.2711
98.4439
98.4341
98.0109
97.8422
98.1788
97.9218
98.0092
97.8437
98.181
97.9128
98.5528
97.7908
98.2354
97.7995
98.2146
97.9272
97.6939
97.0599
97.7474
97.3617
97.7456
97.3433
97.6845
98.2884
98.6568
98.458
98.4418
98.4575
98.4434
98.3081
98.011
97.9219
97.8442
98.1755
97.8447
98.182
98.0104
98.5761
98.4146
98.4004
98.2508
98.5937
98.3997
98.3963
98.659
99.0484
99.0297
99.2882
98.6736
99.02
99.0534
98.9701
98.4568
98.7773
98.4795
98.9683
98.4511
98.7744
98.6712
98.615
98.5568
98.8401
98.5588
98.8448
98.6575
98.6298
98.25
98.3503
98.3861
98.3793
98.3944
98.5811
98.6354
99.2774
99.0852
99.0729
99.0111
99.0668
98.6268
99.0323
98.4979
98.4387
98.7871
98.4476
98.7732
99.04
100.249
98.5696
98.4646
98.485
99.8189
98.6945
98.454
99.9037
100.946
99.5124
100.173
99.7997
100.529
99.4956
98.9744
98.5633
98.7556
98.381
98.9804
98.5328
98.6989
99.9444
99.6967
101.781
102.33
99.7498
102.197
100.027
102.266
98.4905
98.7913
98.4125
98.6984
98.5021
97.7866
99.9282
100.168
100.783
99.5128
100.467
99.4863
99.9633
99.0116
98.4892
98.5526
98.613
98.5309
98.6917
99.0345
97.8547
98.3326
97.5166
98.0102
97.8556
98.3206
97.4634
96.7777
101.294
96.4469
99.0452
96.8703
100.984
96.1983
96.9166
96.7255
96.2959
96.1058
96.9204
96.6922
96.3159
98.263
99.5121
98.7792
99.0322
98.7688
99.2947
98.2562
97.8553
98.0378
98.3154
97.4633
98.3203
97.4757
97.8519
96.716
98.4153
101.073
96.1899
102.85
96.1854
96.6742
96.909
96.0889
96.6941
96.3579
96.7239
96.3339
96.9043
94.7667
95.7418
94.8605
95.4077
94.7297
95.7217
94.8376
94.3568
98.1748
94.1712
98.1874
94.3367
96.2542
94.0438
94.7623
94.8068
94.7459
94.8279
94.7777
94.8186
94.7132
92.7758
93.4197
95.2435
88.0074
95.1995
87.8959
93.8983
94.7932
95.4019
95.7061
94.8276
95.71
94.8424
94.8432
94.3846
90.2064
96.6607
94.065
96.3881
94.0916
94.4219
94.765
94.7905
94.7956
94.6794
94.7952
94.6932
94.8055
95.4121
94.6988
95.0657
94.7388
95.3915
94.6388
95.0438
95.8545
149.893
93.9088
93.3343
95.9841
98.9961
93.9104
95.1461
94.9419
94.5571
94.4354
95.1561
94.9236
94.5414
96.0384
96.1239
93.9833
98.2384
94.0659
98.2847
95.8453
95.4173
94.7363
94.8146
95.0374
94.8441
95.0625
95.4257
96.0632
93.3788
94.6091
93.8933
94.3763
93.9036
95.7104
95.1404
94.4451
94.9138
94.5439
94.9421
94.5363
95.1183
94.4762
94.1114
94.0704
94.273
94.2755
94.1108
94.0646
92.6806
95.3536
93.9758
99.5433
92.8204
95.895
93.9707
93.4753
94.1031
93.6153
94.0813
96.9843
93.8672
93.6523
94.4426
94.4176
93.998
91.8126
94.0224
91.7751
93.9988
92.7602
94.2413
94.1135
94.0955
94.1128
94.0904
95.2532
95.1434
92.8226
94.7448
94.046
94.6812
94.0106
94.981
93.497
94.0903
93.8822
95.9979
93.9141
96.049
93.5906
93.9721
94.2081
93.7185
93.8509
93.9608
94.2206
93.717
93.7874
96.3828
93.6098
98.1561
93.7782
95.6893
93.6321
93.9115
93.9018
93.9078
93.62
93.9028
93.9015
93.9115
93.7631
94.2406
94.1393
94.0919
94.1096
94.0668
93.7809
93.9813
93.8517
94.2403
93.715
94.2342
93.7183
93.9877
93.8053
95.0148
95.199
93.6359
95.2383
93.6409
93.7838
93.9248
93.6261
93.9025
93.9092
93.8994
93.9099
93.9376
94.5765
93.9509
93.9072
93.5707
94.5787
93.9367
93.9026
95.3722
96.5152
96.1948
97.1432
95.4074
96.0515
96.1701
95.4414
94.6853
96.3041
94.8698
95.278
94.796
96.3119
94.5033
95.5111
93.9018
94.4095
93.8989
95.108
94.5199
94.7285
93.6133
93.9562
93.8519
93.9442
93.9114
94.7307
95.4728
97.0665
95.9215
96.1422
96.6665
95.3136
96.151
95.3723
94.8744
94.6679
96.2902
94.8412
95.2837
96.3033
97.3067
96.7173
95.938
95.3721
97.2974
95.9392
96.7115
97.4845
97.3353
97.7671
98.0692
97.4819
97.4175
97.7767
97.5615
96.2333
97.7394
96.6165
97.5715
96.2477
97.7379
97.1676
97.1565
96.7958
97.3406
97.3268
97.155
96.8046
97.3131
95.395
96.6886
96.0176
95.9619
97.3229
96.7023
97.489
98.0457
97.354
97.7678
97.333
97.7799
97.4789
97.5526
96.6581
96.3544
97.7184
96.2796
97.7308
97.5425
97.6776
97.7388
97.3918
97.0973
97.6824
97.7218
97.3897
98.3219
98.4648
98.4437
98.6573
98.3267
98.4746
98.4553
98.0182
97.8426
98.1724
97.9102
98.0123
97.8372
98.1795
97.9597
98.5368
97.8454
98.4437
97.8298
98.1672
97.9627
97.6662
97.1554
97.6821
97.5388
97.7054
97.4052
97.6799
98.3834
98.6513
98.5107
98.4416
98.5198
98.4402
98.3741
98.0217
97.899
97.8063
98.1788
97.8233
98.184
98.0131
98.5696
98.3424
98.3908
98.2356
98.521
98.3494
98.3888
98.6084
99.0106
99.1576
99.3719
98.6575
99.0077
99.0674
99.0185
98.4429
98.7809
98.4648
99.072
98.4468
98.7691
98.6644
98.6259
98.5968
98.8261
98.5676
98.8316
98.6923
98.6904
98.2318
98.3884
98.3826
98.3606
98.3913
98.6167
98.5829
99.3296
99.0564
99.0771
99.0136
99.0706
98.6051
99.0073
98.4631
98.445
98.778
98.4504
98.7713
98.9893
98.0735
98.7098
98.513
98.5023
98.0501
99.3106
98.4896
99.9567
100.645
99.5197
100.158
99.9144
100.592
99.5155
99.0515
98.5416
98.674
98.347
99.0705
98.5347
98.6344
100.367
99.7162
100.102
102.453
100.195
102.39
100.483
99.1955
98.5023
98.8019
98.6266
98.8466
98.7389
98.7019
99.9012
100.163
100.627
99.5159
100.595
99.5107
99.9003
99.0554
98.4122
98.54
98.6557
98.5397
98.6376
99.0558
97.8687
98.3147
97.4686
98.0038
97.851
98.3269
97.4631
96.9512
101.111
96.2007
97.5908
96.7018
101.092
96.2389
96.9053
96.7174
96.3693
96.1295
96.894
96.7013
96.3825
98.2759
99.4481
98.8333
98.7872
98.7753
98.8032
98.3994
97.8657
98
98.2984
97.4793
98.3006
97.46
97.9324
97.0831
106.547
102.557
96.3372
101.961
96.2749
97.0575
96.8837
96.132
96.753
96.4071
96.6998
96.4028
96.87
94.8539
95.6942
94.8549
95.4533
94.8319
95.6892
94.8235
94.4605
98.5207
94.0929
90.0986
94.3499
98.0213
94.1076
95.0316
94.8327
94.67
94.8175
94.8278
94.8174
94.6632
92.8461
92.5943
95.1264
96.111
95.107
96.1644
93.128
94.8697
95.4392
95.6808
94.8824
95.686
94.8246
94.8999
94.4268
90.2311
98.4772
94.2937
98.8552
93.8978
94.5247
94.7812
94.7938
94.8194
94.6507
94.8156
94.6428
94.7758
95.4138
94.7554
95.051
94.5838
95.4733
94.719
95.0284
95.689
94.7929
93.8607
92.819
95.628
96.0265
93.8564
95.1206
94.9275
94.5296
94.4653
95.1174
94.8966
94.5173
95.8445
95.1158
94.0196
97.6183
94.0452
97.2213
96.0255
95.4277
95.122
94.7684
95.0822
94.8399
95.038
95.456
95.6292
92.5546
98.0743
94.0796
99.7429
93.8316
95.6436
95.107
94.4685
94.9115
94.5938
94.8985
94.506
95.1558
92.9989
94.1214
94.0964
94.2629
92.9714
94.1108
94.0955
101.089
94.9108
94.0716
93.6078
94.465
95.345
94.0877
95.7462
93.8696
97.3225
94.0875
94.9069
93.8854
96.0886
94.4126
94.1295
94.0636
98.5669
94.0611
92.0627
94.431
92.9864
94.2597
94.1074
94.0952
94.1129
94.0996
92.8935
100.665
93.4211
95.4054
94.1952
95.5386
94.1702
103.302
97.6133
94.092
93.9589
95.7345
93.9255
96.5652
95.3378
94.002
94.2459
93.7116
93.8421
93.9945
94.2525
93.7039
93.8041
95.2313
93.6314
94.5023
93.7994
95.2532
93.6567
93.958
93.9027
93.9068
93.6264
93.945
93.896
93.9019
93.7246
94.3672
94.2032
94.0638
94.1749
94.0557
93.7606
94.0064
93.8358
94.2516
93.6931
94.2617
93.6985
94.003
93.7243
94.3569
95.487
93.6729
95.1879
93.6703
93.8918
93.964
93.6393
93.8488
93.9315
93.8771
93.8992
93.9565
94.6866
93.9717
93.9308
93.6036
94.6622
93.966
93.9657
95.3532
95.8249
96.1336
97.1159
95.3433
95.7471
96.1269
95.3583
94.7703
96.2822
94.8896
95.5525
94.8102
96.2974
94.5574
94.5323
93.9002
98.8497
93.9041
98.8842
94.5666
94.7293
93.6429
93.9122
94.0452
93.9321
94.0197
94.7079
95.3527
96.8417
96.5341
96.114
95.6096
95.3435
96.1194
95.3815
94.8915
94.8621
96.2823
94.8358
95.3995
96.2769
98.2986
98.2654
98.3027
97.7846
97.6357
97.65
97.7656
97.206
97.6693
97.196
96.9361
97.259
97.2716
96.9261
95.3136
95.7381
95.272
95.3864
95.7366
95.7456
95.3757
95.0162
95.0075
95.0177
94.8824
94.8574
94.6972
94.8585
98.2894
98.2619
98.2796
97.7995
97.6647
97.796
97.6624
97.2048
97.71
97.2139
96.9382
97.2823
96.9377
97.2827
95.3142
95.7426
95.3234
95.3882
95.7451
95.3874
95.7465
95.0092
95.0252
95.0101
94.8947
94.7752
94.8965
94.7755
98.2581
98.2677
98.2552
97.7901
97.6585
97.8002
97.65
97.2031
97.7024
97.2016
96.9359
97.2781
96.9364
97.2741
95.306
95.7513
95.2988
95.3887
95.7472
95.3893
95.7478
94.9939
95.0169
94.997
94.8771
94.7457
94.8831
94.7302
98.2152
98.1481
98.2118
97.7659
97.637
97.4996
97.7893
98.2637
98.2985
98.3007
97.7911
97.6614
97.6562
97.7944
98.1456
98.2132
98.2274
97.7935
97.5543
97.5411
97.7907
96.6606
96.1655
96.6381
96.525
96.1419
96.1513
96.5153
97.6724
97.2034
97.1898
96.9366
97.2799
97.2763
96.937
96.1834
96.6404
96.6631
96.5252
96.1488
96.15
96.523
95.0644
94.9624
95.0291
95.1427
94.9252
94.9385
95.1332
95.7472
95.3022
95.2859
95.3878
95.7439
95.7446
95.3872
94.9953
95.0433
95.0699
95.145
94.9498
94.945
95.145
94.9031
94.5306
94.9075
94.7268
94.2462
94.2619
94.7093
95.0032
95.0097
95.0142
94.8911
94.7441
94.7214
94.8943
94.5302
94.9081
94.9073
94.7338
94.2803
94.2736
94.7421
98.2134
98.1402
98.2141
97.7974
97.557
97.7952
97.5522
98.2623
98.2617
98.2688
97.8047
97.661
97.6625
97.8051
98.1493
98.2048
98.2147
97.8027
97.5525
97.5569
97.7973
96.7034
96.1826
96.6511
96.5222
96.1486
96.5221
96.1494
97.6672
97.2181
97.2149
96.9379
97.2805
97.2819
96.9375
96.2075
96.6521
96.7041
96.5224
96.15
96.15
96.5232
95.0962
94.9791
95.0303
95.1459
94.9532
95.145
94.9561
95.7408
95.3213
95.3199
95.3885
95.7473
95.747
95.389
95.0156
95.0475
95.0885
95.1466
94.955
94.957
95.1468
94.9066
94.5278
94.9053
94.741
94.2818
94.7394
94.2829
95.0195
95.0015
95.0071
94.8916
94.7801
94.7794
94.8908
94.5287
94.9041
94.9051
94.7379
94.2845
94.2836
94.7364
98.2084
98.1306
98.2005
97.7789
97.5409
97.7971
97.539
98.2686
98.2452
98.2515
97.7789
97.6317
97.6432
97.7644
98.1505
98.2021
98.2012
97.7949
97.6179
97.5288
97.7796
96.7072
96.1705
96.6494
96.5228
96.1489
96.5233
96.1497
97.6591
97.2212
97.1794
96.9363
97.256
97.2688
96.9262
96.1639
96.6985
96.6423
96.524
96.1422
96.1515
96.5149
95.0625
94.9751
95.0362
95.1452
94.9511
95.1462
94.948
95.7344
95.3543
95.281
95.3886
95.7395
95.7481
95.3789
94.9672
95.0995
95.0377
95.1444
94.9276
94.9416
95.1348
94.9049
94.5255
94.9016
94.7325
94.2803
94.7362
94.2714
95.0125
94.9975
94.9962
94.86
94.8084
94.7194
94.8677
94.5242
94.8982
94.9022
94.7276
94.2432
94.2581
94.7089
93.7547
94.2127
93.6584
93.3948
93.6678
93.4182
93.6614
93.6951
94.2445
93.6786
93.3449
93.6696
93.3445
93.6762
98.1557
98.0717
98.1546
97.0002
97.1159
97.0058
97.1113
98.072
98.1454
98.1507
97.0078
97.1094
97.1094
96.9953
94.2182
93.6822
93.6682
93.4104
93.6635
93.6564
93.3534
93.7657
94.24
93.7824
93.4657
93.695
93.6897
93.4759
98.1597
98.1089
98.1721
97.0219
97.1748
97.1549
97.0762
98.104
98.1527
98.1538
96.9997
97.1246
97.1402
97.0048
94.2414
93.7609
93.7467
93.3864
93.6612
93.6714
93.3521
98.1465
98.0857
98.1549
96.9837
97.1145
96.982
97.129
98.0894
98.1455
98.1536
97.0066
97.166
97.1479
97.0677
94.2542
93.6822
93.6889
93.3561
93.6961
93.6856
93.3987
93.3558
92.9671
93.1791
92.7827
92.7297
92.7119
92.8333
93.7611
93.4057
92.8851
92.6066
92.7218
93.0349
92.6987
93.4798
92.877
93.1445
92.8545
92.6592
92.6728
92.6134
92.7167
93.5783
92.7037
92.5992
92.6519
92.5925
92.6419
92.9173
93.3647
93.4797
92.6379
92.7728
92.7203
92.737
93.5921
92.8421
92.8028
92.6991
92.7227
92.6651
92.6835
97.7034
97.2709
97.7026
96.2768
96.0155
96.2825
96.013
97.7019
97.2759
97.6987
96.2773
96.0132
96.2833
96.0121
97.2818
97.7037
97.7052
96.2907
96.0192
96.0215
96.2865
97.2715
97.7033
97.703
96.2779
96.01
96.0131
96.2718
97.6816
97.2952
97.6956
96.3178
96.0313
96.0315
96.3909
97.2897
97.684
97.6962
96.3029
96.0267
96.023
96.3756
106.595
104.61
100.785
105.245
105.089
104.942
100.305
101.263
93.516
105.829
98.0671
108.554
97.1767
105.972
109.315
249.304
106.124
30.6184
97.8756
120.389
105.368
108.267
106.564
106.427
118.887
108.388
106.638
110.859
111.178
107.869
109.984
112.831
99.4221
107.421
106.556
99.3062
97.6948
109.644
65.3953
220.232
98.2333
109.562
114.41
106.048
107.468
99.5537
105.672
104.681
105.071
113.44
104.392
101.994
97.4885
114.801
104.429
96.5335
99.708
105.826
103.196
112.431
108.24
99.952
102.808
98.5377
103.652
119.99
109.761
99.0723
102.398
104.725
103.871
102.612
104.381
101.468
103.851
102.607
104.358
141.081
97.5871
125.915
102.298
129.003
102.405
123.968
102.549
104.474
108.989
105.221
105.489
103.655
108.393
106.287
104.137
109.528
106.234
97.1434
103.163
111.703
98.3015
139.027
143.585
118.643
105.259
110.868
174.75
83.6301
95.7335
103.109
96.3071
83.4159
94.9743
98.1003
90.7246
103.128
109.704
112.3
90.9084
104.438
109.865
100.818
104.92
102.134
101.583
101.585
104.549
96.7826
104.398
104.161
152.091
105.306
107.656
104.983
127.633
102.65
108.596
112.876
104.371
101.966
109.569
112.982
107.929
99.447
101.832
108.377
107.856
103.532
101.093
90.6886
91.5164
90.4143
91.6281
90.6884
91.5161
90.4141
95.2339
95.5725
93.0709
93.3345
95.2321
95.5727
93.0737
95.2335
93.3342
95.5717
93.0722
95.5731
93.0739
95.2328
90.679
91.5234
90.4028
91.6325
90.6885
91.5188
90.4149
90.6881
91.518
90.4146
91.6367
90.6784
91.5228
90.4022
95.2229
93.335
95.5658
93.0753
95.5585
93.0742
95.2283
95.223
95.5679
93.0766
93.3369
95.2277
95.5594
93.0759
91.2877
92.0148
90.9357
92.6573
91.2874
92.014
90.936
96.145
93.8684
95.8904
93.5839
96.1438
93.8699
95.8916
96.1446
93.5839
93.8687
95.8911
93.87
95.8913
96.1443
91.287
92.0185
90.9358
92.6607
91.2768
92.0259
90.9231
96.1325
93.8732
95.8854
93.5856
96.1384
93.8746
95.8808
91.2776
92.0266
90.9239
92.6598
91.2876
92.0194
90.9361
96.1339
93.587
93.873
95.8877
93.8745
95.8813
96.1403
95.2187
95.5402
93.1448
93.3555
95.5499
93.0926
95.2147
95.218
93.3549
95.5422
93.147
95.5506
93.0948
95.2172
96.127
93.6055
93.9469
95.8713
93.8935
95.8756
96.1257
96.1292
93.9463
95.8721
93.6069
93.8928
95.8758
96.125
92.8789
93.234
92.8795
92.3936
92.3397
92.3944
92.3416
93.2295
92.885
92.8794
92.3936
92.3416
92.3426
92.3931
92.8949
93.2518
92.8941
92.3957
92.3445
92.3954
92.3451
100.035
95.4196
33.8571
102.858
142.17
96.2657
84.339
93.271
92.8834
92.8986
92.3973
92.3407
92.3384
92.3973
93.274
93.0141
92.9172
92.4016
92.3467
92.3517
92.3949
92.9923
93.2862
92.9318
92.4023
92.3454
92.3459
92.3924
96.7027
96.3249
96.3226
95.4095
95.6654
95.6662
95.4098
96.3239
96.7012
96.3226
95.4101
95.6685
95.4112
95.6656
94.8259
92.7874
94.5272
92.8638
94.8246
92.7889
94.5185
96.3314
96.7367
96.3391
95.4141
95.67
95.4136
95.6687
94.8184
92.8644
92.7912
94.5359
92.7901
94.5487
94.8235
94.8248
92.8643
92.7878
94.5257
92.7887
94.5171
94.8264
94.8178
92.7904
94.5338
92.865
94.8225
92.791
94.5467
94.8163
92.8428
94.6059
92.868
92.8054
94.5743
94.8183
96.3011
96.4415
94.1083
94.5506
96.3044
96.4331
94.1105
96.3007
94.5509
96.4439
94.1091
96.4346
94.1103
96.3041
96.7722
96.461
96.3664
95.4185
95.6628
95.6737
95.4081
94.8149
92.8682
92.8426
94.6076
92.8066
94.5735
94.8202
96.4633
96.7758
96.3684
95.4214
95.6662
95.6753
95.4111
96.7424
96.3319
96.3396
95.4166
95.6713
95.6705
95.4159
96.3117
94.5477
96.4566
94.1123
96.4803
94.113
96.3082
96.3079
96.4563
94.1129
94.5475
96.3054
96.4767
94.1151
96.321
96.545
94.1449
94.5498
96.5125
94.1264
96.3354
96.3167
94.5491
96.5457
94.1448
96.511
94.1281
96.3344
118.041
104.404
106.097
98.8765
103.462
103.146
113.449
109.519
94.2032
100.43
94.5566
105.872
95.2925
100.929
91.4427
92.7729
91.3499
92.8818
91.4431
92.773
91.3509
96.2278
94.4104
96.4813
94.3137
96.2304
94.4067
96.493
96.2385
94.3028
94.4051
96.5156
94.4052
96.5217
96.2284
91.4434
92.7757
91.3513
92.8839
91.4337
92.7802
91.3393
96.218
94.4059
96.4829
94.3171
96.2533
94.4109
96.49
91.4323
92.7785
91.338
92.8824
91.4423
92.7745
91.3499
96.2607
94.3032
94.4101
96.4968
94.4045
96.5103
96.2402
90.1399
90.9902
89.9087
91.1978
90.1404
90.9897
89.9083
93.7206
92.3963
94.1921
92.2989
94.1581
92.3004
93.7261
90.1295
90.9933
89.8984
91.2017
90.1401
90.9902
89.9097
93.7139
92.3833
94.1409
92.3046
94.1044
92.3074
93.7167
93.7154
94.1867
92.3012
92.3928
93.712
94.1617
92.3019
90.1401
90.9896
89.9088
91.2036
90.1284
90.9921
89.8973
96.2418
94.4167
96.6632
94.3187
94.4157
96.4588
96.3414
96.2529
94.3223
94.4123
96.6494
94.4227
96.5015
96.324
93.7251
94.1533
92.2994
92.3859
93.7241
94.1286
92.2975
93.7466
94.3161
92.3026
92.4007
94.0724
92.314
93.8072
93.7254
92.402
94.259
92.3063
94.1103
92.3085
93.8176
103.619
102.03
98.3731
101.137
100.007
103.793
105.236
100.271
107.676
105.173
99.9488
102.66
105.41
103.923
92.7132
81.5742
93.3802
94.3727
91.4161
93.6332
93.8452
103.217
97.9327
131.548
120.284
149.31
109.157
169.808
95.83
94.2837
95.4843
94.3842
95.4812
94.3828
95.8355
93.1413
92.1152
92.6182
91.8671
93.1444
92.1145
92.6177
93.1452
91.8673
92.1135
92.6171
92.114
92.6182
93.145
95.867
95.4912
94.3869
94.2887
95.8493
95.4978
94.3863
93.1621
91.8714
92.1179
92.6206
92.1169
92.6237
93.1493
95.8371
95.4807
94.3816
94.2835
95.8433
95.4803
94.3816
93.1479
92.1166
92.6201
91.8722
93.1523
92.1175
92.6225
95.895
94.2932
95.5961
94.3818
95.5188
94.3913
95.9602
95.8561
94.2888
95.4878
94.3849
95.49
94.3855
95.8557
93.1843
92.1129
92.7194
91.8762
92.1218
92.6452
93.2379
93.1752
91.8769
92.1138
92.7196
92.1233
92.6445
93.2407
95.884
95.5901
94.3815
94.2935
95.516
94.3913
95.9543
97.294
104.884
71.5634
101.573
96.2792
100.447
71.7635
83.0741
95.0338
97.0506
95.4749
82.2444
95.085
96.6084
96.2841
101.555
70.1704
101.622
96.0899
101.57
61.7017
115.755
103.299
101.753
105.21
100.39
102.431
99.4338
111.097
109.365
114.848
94.533
168.47
111.811
111.32
96.3065
121.496
75.381
82.6883
94.3018
110.379
69.7313
99.6522
110.703
121.158
43.376
98.4834
94.3608
108.797
100.814
106.468
99.9126
106.58
103.185
100.757
100.289
90.9524
152.878
93.8002
91.9901
89.2411
98.9536
93.7493
92.9278
92.771
92.6859
92.3364
92.6494
92.6591
92.3271
92.9122
92.6527
92.6539
92.3267
92.6536
92.6539
92.3272
92.6531
92.9134
92.6531
92.3268
92.6543
92.3275
92.6542
92.656
92.9189
92.6596
92.3314
92.6561
92.331
92.6559
92.9193
92.6599
92.6654
92.3323
92.6565
92.6552
92.3315
92.768
92.9235
92.6897
92.3368
92.6493
92.6582
92.3277
116.378
104.66
104.026
100.561
112.09
104.415
109.16
105.027
111.038
105.261
107.611
105.622
146.771
105.542
107.949
105.881
109.016
118.188
108.538
106.969
107.503
101.185
80.2701
93.6161
131.423
130.287
107.533
94.6619
116.143
109.968
140.767
131.908
104.355
105.132
75.9653
100.979
103.738
100.601
96.8871
102.774
96.7407
102.813
105.419
95.3868
106.914
111.093
111.555
96.9085
109.568
107.278
96.9326
151.433
99.6757
94.6632
97.6822
86.2051
120.535
97.1236
116.603
130.149
121.793
98.9364
127.587
102.479
109.125
100.206
103.991
101.653
108.734
121.449
97.9745
95.5324
96.3465
100.695
98.0002
95.6864
96.5092
107.732
102.751
106.436
99.149
110.487
107.618
104.889
99.8397
103.734
102.967
102.722
103.312
105.087
105.873
91.2713
92.7841
91.4121
92.6909
91.2715
92.784
91.4127
105.602
105.545
106.325
107.721
106.581
94.2088
107.291
95.1371
94.2885
95.4791
94.3957
95.1395
94.2887
95.4774
95.1347
94.3953
94.2887
95.48
94.2888
95.4781
95.137
91.2618
92.787
91.4
92.6911
91.2711
92.7843
91.412
97.7491
90.1865
105.826
75.2312
95.3242
90.241
105.032
110.421
98.4638
106.24
104.016
114.338
99.8357
103.088
95.1448
94.3946
94.2909
95.4792
94.2895
95.479
95.1402
91.2718
92.785
91.4129
92.6915
91.2626
92.7877
91.4008
95.1484
94.2913
95.4801
94.3953
95.143
94.29
95.4788
95.1525
94.2816
95.4868
94.3975
94.292
95.4811
95.1545
95.1519
94.3977
94.2818
95.487
94.2926
95.4812
95.1535
89.7691
90.5395
89.5723
90.6988
89.7696
90.5395
89.5723
92.1248
92.4491
91.6944
91.8695
92.1148
92.4463
91.6957
92.1386
91.8693
92.4475
91.6955
92.446
91.6957
92.1309
89.758
90.543
89.5619
90.7002
89.7684
90.5398
89.5729
89.7698
90.5401
89.5732
90.7019
89.7583
90.5434
89.5622
92.1226
91.8683
92.4498
91.6946
92.4498
91.6925
92.1258
92.1249
92.4484
91.6964
91.8686
92.1274
92.4476
91.6932
92.1177
92.4584
91.6861
91.8713
92.4521
91.6965
92.1338
92.1266
91.8711
92.4579
91.6861
92.4508
91.6963
92.133
103.608
104.459
104.068
103.034
102.729
106.727
106.212
96.8827
97.9799
106.234
101.023
100.644
95.5007
96.0955
107.496
103.893
104.702
100.383
107.601
104.043
103.747
101.677
97.4353
100.415
103.992
98.3359
99.7831
97.9538
101.53
102.073
100.412
107.411
102.702
108.841
104.282
95.7222
96.0886
96.092
95.2782
95.041
95.0421
95.2757
96.098
95.7227
96.0942
95.2799
95.0398
95.2802
95.0415
96.0855
95.7267
96.0876
95.2751
95.0424
95.2773
95.0389
95.7236
96.0996
96.0943
95.2791
95.0417
95.039
95.2822
95.7296
96.115
96.0996
95.279
95.0296
95.042
95.2677
96.1135
95.7338
96.0981
95.2821
95.0301
95.0428
95.2695
104.559
123.706
101.195
28.776
107.807
98.2434
102.165
148.718
103.534
111.935
100.796
95.8571
102.165
116.642
104.874
106.804
113.203
111.452
110.28
110.535
110.158
101.911
104.51
100.641
97.5856
104.156
118.065
100.803
128.282
101.541
127.859
102.322
130.375
104.645
116.523
103.33
103.785
103.779
102.601
102.625
110.263
112.757
110.207
105.059
105.017
112.04
112.182
102.378
109.336
110.612
95.891
102.662
101.147
165.178
116.229
144.032
93.6145
88.182
96.4047
116.977
92.8682
98.7007
106.318
150.274
104.29
151.079
95.3812
100.976
106.996
102.367
91.4283
88.9046
91.4308
102.776
90.5792
91.0317
102.262
127.461
114.417
98.7421
100.751
156.206
137.685
106.976
108.949
100.14
89.2087
101.901
98.832
97.6736
89.1209
136.044
84.1512
109.276
107.786
88.9334
115.082
105.542
101.225
103.307
104.846
99.2625
105.025
103.29
99.0534
100.819
102.4
100.565
105.495
96.736
105.509
96.9665
109.024
102.609
120.64
113.299
109.537
103.56
119.809
117.452
97.6209
127.013
110.747
115.624
97.9601
126.981
86.1456
68.3426
100.33
135.595
134.741
133.616
154.27
102.336
100.644
100.131
106.121
104.285
97.0641
97.0815
104.146
87.5
88.3698
103.559
121.041
98.7755
93.9415
106.534
107.02
106.3
99.1843
110.053
110.149
104.599
119.971
111.054
101.112
122.386
95.6008
132.005
120.122
108.581
113.906
104.096
119.669
103.99
119.417
108.681
105.526
98.2044
101.769
121.323
108.094
127.916
131.304
105.146
100.09
106.245
119.953
107.929
107.307
118.974
82.7694
101.026
82.1653
94.39
107.427
102.853
98.3629
103.357
98.0554
115.338
99.6373
100.035
101.744
114.238
104.733
123.434
108.734
116.426
103.995
109.417
149.442
93.3462
123.315
122.107
98.5284
91.9329
126.83
119.706
97.1168
101.113
103.801
97.792
104.129
102.838
103.336
104.732
103.074
104.759
100.28
104.676
103.943
100.408
99.9737
107.892
118.451
106.228
107.168
118.327
101.285
96.5651
90.304
90.2804
128.812
126.588
118.072
117.175
104.687
108.228
108.766
118.755
108.468
96.8844
118.206
111.153
110.763
100.432
111.635
110.618
101.259
118.623
116.983
105.25
104.271
109.43
117.032
132.926
110.457
106.976
114.935
109.842
103.946
112.945
113.234
101.025
110.336
117.091
110.678
121.342
111.747
117.06
108.625
102.423
107.856
101.952
105.902
102.628
105.532
102.036
103.889
107.662
104.526
103.261
104.089
105.646
105.633
112.442
115.448
107.974
-13.981
103.063
129.024
120.458
103.505
100.284
99.0553
100.318
109.787
101.3
105.319
105.191
119.974
108.11
99.09
108.636
106.246
136.654
132.288
83.8502
110.405
106.609
109.069
105.215
89.4897
110.566
108.247
104.501
113.5
112.776
103.8
105.169
100.826
101.695
107.821
98.8325
99.3995
102.427
118.574
92.2797
101.982
89.7323
103.49
99.7366
120.761
93.5218
101.643
106.895
127.21
116.484
109.012
115.54
128.423
101.907
98.1244
93.165
96.5068
98.2209
93.176
100.448
105.591
101.825
92.9009
96.12
114.426
101.401
92.9176
84.449
91.1462
91.0467
102.201
90.5789
101.317
90.6195
113.52
103.242
91.3896
121.695
92.0443
112.627
115.359
155.483
106.646
99.2852
293.192
100.514
90.0321
136.641
117.005
113.888
137.327
87.7449
103.738
109.178
101.201
115.556
124.848
138.808
152.784
37.6641
15.6126
-43.4441
103.853
104.53
85.7942
109.963
86.439
93.2327
91.9523
69.5347
83.5622
83.4791
135.752
132.274
134.56
134.853
101.829
85.6542
101.773
90.6399
85.3051
101.268
114.329
64.1288
84.9495
81.307
184.595
136.442
136.805
186.337
96.1609
103.342
122.994
122.201
95.8716
122.691
123.956
103.268
99.8645
118.263
118.96
105.29
104.721
115.67
107.656
106.182
101.962
98.7947
101.645
118.707
127.966
101.075
91.9121
93.2291
107.799
85.0253
84.1152
108.761
107.722
101.725
106.63
98.945
110.358
124.5
141.537
102.07
95.2453
92.4393
113.043
105.75
102.131
114.842
99.8639
100.226
96.8662
88.3239
88.4332
93.6523
94.1454
84.0098
70.5153
83.3926
128.74
127.636
134.596
136.585
77.1609
103.022
98.997
80.0581
100.983
92.7724
92.879
115.47
118.446
334.344
154.894
159.532
153.605
128.18
91.2995
83.7398
91.3193
101.083
102.069
90.2419
90.2967
122.187
117.653
103.918
107.281
113.804
144.671
169.877
103.116
103.825
102.566
103.765
105.746
106.4
102.607
105.626
119.811
113.638
102.837
104.767
105.877
113.752
96.3117
101.125
96.2247
123.396
116.998
116.618
121.879
128.686
111.955
114.133
82.102
105.676
113.68
83.1726
101.979
101.435
101.878
100.483
100.794
101.834
103.666
103.259
118.922
103.728
104.209
127.923
107.547
126.763
123.911
103.042
102.854
105.755
141.798
115.291
106.004
103.519
124.027
106.294
106.468
91.4594
122.447
103.488
103.036
103.861
103.709
100.605
102.608
102.696
99.8946
110.276
104.586
114.128
113.692
106.606
113.769
104.027
104.877
104.766
108.534
104.991
103.433
104.709
103.513
121.233
102.222
101.563
103.621
102.563
130.946
132.638
96.5171
86.8946
87.0653
124.864
105.066
105.024
124.93
85.8968
96.4024
84.3843
104.764
125.719
135.187
104.844
108.859
105.837
105.425
104.698
103.935
103.674
103.083
125.497
104.114
106.39
135.558
131.539
97.2529
91.1769
97.8326
97.2463
101.033
104.179
96.9235
97.5421
103.184
118.713
104.589
104.815
108.347
107.974
128.622
126.901
109.221
91.3383
123.17
120.385
124.63
104.296
107.465
107.214
104.988
104.93
104.771
104.638
103.516
104.005
100.647
103.041
97.0583
101.825
101.002
109.112
97.1167
115.099
102.495
102.052
103.313
106.597
108.058
101.23
106.611
111.484
107.187
106.092
106.17
110.092
105.432
107.989
109.048
104.14
103.75
103.768
106.033
104.115
106.785
97.3688
98.1249
119.573
116.495
116.448
118.915
87.8753
97.2303
87.4427
124.535
107.398
104.963
124.677
93.5386
93.087
93.5324
93.1825
92.7911
93.1815
92.7893
93.1082
93.5458
93.5505
93.1819
92.7951
92.7938
93.1835
93.5531
93.1086
93.5508
93.1844
92.7856
92.7963
93.176
93.5509
93.0909
93.553
93.1845
92.7892
93.1866
92.7885
93.0804
93.5406
93.5315
93.1834
92.7868
92.7882
93.1844
93.0939
93.5469
93.5469
93.186
92.7831
92.7925
93.1762
116.794
105.047
104.915
99.7235
99.3647
102.051
101.912
109.421
103.724
105.737
99.8114
101.219
109.829
115.593
109.572
103.094
100.231
103.607
117.972
101.027
101.03
111.236
115.991
112.544
111.732
107.582
110.984
117.072
118.002
107.506
106.848
101.356
121.614
105.9
111.708
98.1049
100.786
99.432
96.0488
98.0041
96.3555
99.6109
109.078
110.248
98.587
121.275
94.6245
118.096
114.1
112.745
122.209
121.016
120.894
109.622
120.561
125.236
101.075
96.9143
94.4887
95.3984
98.4486
96.9764
94.803
99.6257
100.187
98.8223
106.722
107.32
106.53
109.409
110.706
96.5562
102.576
204.972
138.659
114.678
117.79
100.537
97.1953
100.526
94.3414
95.3397
98.6557
103.194
97.4358
103.015
102.492
99.8422
99.236
104.893
104.933
103.481
104.715
104.687
100.54
100.865
105.897
105.468
118.552
97.8102
105.532
107.826
112.734
112.045
105.863
101.127
97.0492
98.1112
104.124
104.129
100.797
99.872
98.3053
107.353
95.4259
106.582
96.4411
102.735
109.166
97.1085
103.151
103.413
99.6933
96.2395
106.956
103.831
98.2376
96.2639
93.5939
96.3445
100.543
100.249
93.5558
108.765
110.805
75.7697
164.705
111.425
109.316
73.5287
98.7013
106.155
101.898
100.153
104.199
99.7127
104.035
210.737
93.4009
83.2276
107.783
79.2831
95.1884
119.465
105.841
120.41
112.199
116.188
115.005
105.074
110.214
103.673
103.535
101.759
105.675
102.389
104.612
103.325
118.206
115.963
101.338
105.682
115.938
104.704
112.035
104.429
96.3158
108.086
106.344
96.2581
99.2478
97.6626
101.272
105.878
98.6518
98.2208
101.588
104.514
104.729
103.436
107.555
105.127
99.901
106.273
104.651
103.985
106.353
91.0921
85.8061
170.121
83.8006
79.4752
163.046
103.496
102.151
102.084
104.251
96.6004
101.727
96.218
94.5413
94.8711
98.413
98.1987
96.1292
95.0152
97.8534
104.957
102.451
104.51
101.415
103.839
102.695
105.006
104.286
104.04
105.902
100.906
106.235
104.451
103.43
104.475
104.082
102.929
104.237
106.326
102.764
106.112
105.264
123.212
114.554
107.697
98.1064
122.92
114.519
90.5331
95.4463
96.8815
97.4508
89.6423
94.9037
96.1554
82.4548
93.8388
93.2229
103.553
89.8361
90.3282
102.6
98.3592
112.642
128.08
108.206
98.9032
102.542
120.208
152.652
75.6379
149.649
143.152
81.5949
84.7797
157.758
148.591
89.0245
93.2053
78.1542
82.1729
86.1858
150.074
92.8398
92.9066
110.563
85.2109
92.7187
108.933
92.1698
91.5657
85.0242
92.5526
110.417
92.6998
109.823
91.6857
91.5467
91.1584
92.6304
103.388
98.9849
98.849
104.729
126.756
100.334
93.6102
99.4217
103.718
129.453
105.368
91.8106
95.2881
95.5833
103.59
96.9444
98.5147
103.582
108.551
104.999
75.0737
128.788
104.744
104.409
79.4618
109.955
106.893
112.239
105.324
111.047
111.188
102.65
116.188
105.121
98.1558
130.338
168.541
91.0794
106.165
139.754
126.315
81.1751
136.245
104.435
103.95
99.8526
111.311
102.209
105.69
107.347
112.771
106.035
102.22
102.609
106.822
90.3752
97.9476
121.995
119.442
98.077
109.371
102.03
106.294
111.763
111.737
102.968
108.725
135.08
118.326
106.846
130.926
130.527
105.511
116.616
81.79
75.8782
106.981
198.168
83.6669
161.984
77.4651
105.068
95.4056
103.245
103.67
126.106
96.3804
125.123
103.543
106.941
104.011
101.555
106.997
126.156
126.045
95.8405
94.9885
103.271
97.0603
100.154
115.277
100.578
104.74
110.213
97.9608
100.259
104.333
98.2626
100.609
89.9355
134.576
81.0945
132.108
126.295
118.678
119.383
109.537
87.7454
85.987
117.05
89.173
99.9484
121.371
125.063
116.314
87.2509
88.6868
86.4935
93.8796
123.45
120.668
100.761
110.786
105.726
110.036
104.278
121.189
106.158
95.9986
110.157
99.874
98.9488
101.482
99.6032
98.0898
104.598
113.79
106.845
106.135
108.601
106.668
92.8769
86.5936
87.1751
98.3248
104.082
93.2212
97.3894
106.389
107.33
107.347
100.42
98.0339
97.8563
100.448
94.7436
90.8377
87.9113
105.005
109.646
115.868
100.852
96.4794
81.9305
83.3534
103.334
128.458
106.069
131.248
93.8238
103.573
90.4921
92.2788
93.2717
95.573
101.604
84.9984
78.9
125.789
91.1543
85.6728
79.9076
128.028
94.2104
94.9103
95.2536
101.089
96.013
95.9254
97.7412
107.091
101.357
113.359
126.59
104.455
109.065
101.841
114.015
103.06
161.656
274.435
152.988
113.388
140.036
93.4233
91.0121
79.7396
95.5188
92.3794
90.9679
89.8232
77.5179
78.5517
84.5143
97.9169
76.1214
82.0771
124.098
104.897
103.353
104.473
98.2631
100.078
102.88
104.661
100.632
104.747
109.267
104.22
100.375
102.892
102.938
99.6841
129.766
131.698
165.839
164.12
97.7104
96.6036
96.4221
104.302
93.9633
99.1139
101.189
117.358
94.3427
96.8174
122.269
99.849
95.4181
141.511
100.441
135.243
88.2849
82.7708
110.768
99.1804
89.2476
107.221
110.819
52.8806
153.809
62.3092
196.656
33.5026
261.153
10.7689
93.6224
89.2344
151.279
145.121
92.6252
180.371
91.2328
63.4743
79.0234
64.8965
78.145
112.841
106.844
113.033
125.222
118.23
119.022
95.9211
109.987
81.4923
77.5507
100.488
103.783
138.915
105.758
115.365
142.207
111.033
127.291
93.5895
96.3113
95.362
95.9363
108.236
82.6356
93.0153
95.4301
93.5398
111.524
105.856
112.714
105.535
92.6829
91.2595
90.3309
110.922
86.9211
109.232
88.5962
79.8218
74.163
67.3356
78.5034
116.883
115.243
107.39
80.6988
62.2673
221.176
113.696
108.881
75.7678
122.876
95.2013
97.7385
94.9553
109.214
105.016
104.839
109.406
93.7616
96.8273
96.8868
113.428
96.1932
100.145
97.9315
97.5952
95.3012
94.7911
105.723
112.689
109.49
105.826
113.456
103.014
113.35
102.982
112.547
102.478
102.441
98.1707
109.922
109.731
106.407
105.853
106.025
106.377
97.0147
94.4763
101.675
104.175
104.201
109.085
110.224
96.5761
90.5726
90.5319
103.921
104.298
107.491
110.136
103.376
109.1
100.689
107.345
104.348
104.813
104.506
107.595
100.688
101.58
107.699
107.323
101.041
107.047
103.555
96.0866
97.9866
97.6092
94.3208
97.5693
103.334
130.841
109.827
90.7201
103.661
98.1307
97.3828
127.661
112.967
111.468
112.656
99.756
106.082
103.001
100.116
117.986
104.505
108.45
101.043
105.022
106.809
116.317
104.908
121.333
114.989
106.884
103.309
110.769
106.847
110.895
101.632
103.355
106.624
101.966
104.448
120.887
95.721
94.7601
95.6162
96.1925
97.0194
95.7801
95.7574
106.522
103.77
106.626
100.104
105.294
109.226
102.338
106.659
102.817
104.547
108.34
103.282
103.066
104.792
110.884
134.023
110.811
106.046
106.527
106.751
105.778
120.012
106.247
110.75
106.842
115.2
108.898
115.605
105.529
107.257
107.073
106.43
102.18
102.375
106.389
101.46
110.894
105.191
119.808
107.095
114.796
133.15
102.597
102.438
102.627
100.639
101.28
101.401
103.308
93.6104
104.472
128.334
117.503
144.945
114.989
92.798
84.5461
132.808
121.756
96.5538
110.112
102.848
95.9244
106.081
109.181
106.991
105.541
114.302
105.794
105.601
105.155
104.704
103.555
106.508
124.173
103.821
104.274
99.8987
107.777
109.577
106.336
107.178
106.837
105.964
105.38
104.291
104.84
112.876
122.675
104.6
104.782
99.5018
105.766
99.7729
113.747
105.018
105.205
111.45
120.621
100.08
99.9316
104.899
106.839
105.16
104.828
104.84
104.322
112.538
113.211
104.355
104.79
104.591
104.975
113.339
113.255
104.951
105.075
105.076
105.566
129.686
116.975
111.249
106.716
107.997
105.914
119.484
104.957
105.655
105.488
105.736
103.453
106.014
128.436
101.035
103
101.753
104.106
102.596
101.782
99.5596
109.217
102.768
102.772
105.43
96.4549
105.115
126.861
109.926
102.061
106.217
96.8771
106.858
101.564
101.718
104.377
102.617
102.896
102.18
99.5108
99.5947
101.918
90.3051
133.311
109.664
106.445
101.952
101.88
106.688
101.881
103.021
103.507
105.5
102.117
107.669
106.388
103.392
103.785
103.266
102.184
102.27
105.088
107.567
114.996
110.404
110.156
109.784
183.398
135.717
111.261
101.564
95.3683
94.544
114.572
107.213
106.699
118.674
104.473
100.295
102.279
102.127
101.772
101.412
100.702
106.972
114.774
114.964
110.693
111.404
104.455
106.388
101.436
101.617
104.596
103.37
101.454
101.058
100.983
125.824
70.5618
71.2724
103.545
103.505
101.204
103.216
104.863
86.478
94.5993
109.638
105.788
103.864
107.701
107.557
115.762
110.038
107.373
111.864
110.184
111.609
94.2856
101.782
93.9888
115.292
109.174
124.441
106.4
103.36
106.374
102.815
103.035
105.339
108.528
101.754
100.201
194.226
145.043
95.2268
123.835
121.392
175.287
98.2996
110.706
97.6255
109.671
113.174
112.643
111.662
106.23
109.297
156.312
120.317
107.775
158.515
110.204
109.626
127.67
121.414
111.542
113.76
107.899
122.961
111.226
96.8617
97.1857
110.551
112.544
114.33
116.996
109.055
117.348
121.889
117.77
114.601
115.423
111.327
102.349
130.741
95.7014
112.73
117.343
142.222
155.958
112.566
108.754
111.753
118.471
106.781
108.562
106.751
117.987
95.6734
123.053
134.343
130.488
105.577
122.301
106.538
108.192
110.113
158.108
89.3677
103.954
102.928
99.8423
88.7612
100.219
90.7674
125.078
98.9386
114.903
94.8492
97.455
96.1777
101.172
95.4665
102.329
94.9256
104.478
104.295
104.693
104.35
103.92
104.457
103.593
104.016
105.789
104.481
106.526
106.012
105.805
105.674
89.93
108.897
101.485
117.927
88.024
89.2278
116.439
96.0234
97.5937
97.6048
96.6994
95.6345
95.3139
96.3358
133.032
123.289
105.076
108.306
100.648
125.737
124.759
110.997
120.774
104.875
100.032
99.2095
102.104
101.762
94.922
88.0084
93.6314
101.821
94.2061
91.024
98.195
112.344
97.003
99.0016
107.37
104.461
99.272
97.4604
98.614
101.674
123.584
99.0006
101.833
123.276
111.652
122.052
106.201
94.2989
94.6619
103.404
121.762
94.2357
103.273
128.806
128.167
89.3618
90.954
90.9915
92.3779
114.974
112.457
110.35
110.914
115.49
98.908
98.6071
111.92
109.661
107.169
96.7639
107.197
118.514
111.486
119.807
111.159
119.57
110.618
98.4713
103.759
108.219
123.971
91.6804
90.3879
137.824
122.153
134.998
109.242
125.651
112.631
143.681
366.377
131.727
86.2499
205.527
123.152
118.098
106.681
98.0179
121.997
117.601
118.057
102.317
102.78
117.858
106.305
111.072
106.382
173.076
90.65
119.014
99.3042
100.717
107.274
97.4171
93.6088
98.7562
131.447
118.018
101.848
93.8537
137.061
111.714
108.418
94.5286
116.812
102.924
93.9364
116.804
107.145
99.7688
106.166
99.0933
90.0795
88.0301
104.939
106.996
94.5367
104.075
122.315
95.8877
122.765
94.162
94.5205
110.358
119.013
108.453
108.986
117.706
112.543
113.686
103.106
106.499
104.442
105.049
111.507
104.325
101.805
108.548
116.338
106.955
104.869
107.807
113.882
107.711
99.7904
101.509
101.402
104.938
94.6306
96.8619
113.498
152.003
107.591
141.354
109.917
110.133
112.895
110.687
75.7307
86.3337
74.4416
99.8099
75.9525
95.2686
76.2731
163.903
93.1369
112.202
112.274
165.636
95.5042
108.656
78.5343
97.5408
87.1059
99.1161
76.878
97.349
86.0797
133.296
90.2587
72.3723
131.532
72.3064
117.43
148.897
111.679
111.652
105.814
112.201
108.419
107.559
105.916
101.751
104.647
103.808
107.435
107.589
102.748
103.024
74.996
174.927
87.4258
124.972
75.0569
78.6769
82.2007
97.3897
107.392
105.596
106.997
98.2026
108.549
105.525
106.134
129.917
115.606
100.82
99.1183
102.997
102.746
94.4064
95.6973
106.601
99.2364
93.0076
96.2839
122.787
186.523
117.204
102.417
111.342
98.3095
110.731
151.253
108.87
106.64
100.062
99.9914
111.358
98.8121
108.511
105.147
111.773
104.338
101.08
112.434
100.978
104.728
107.406
104.896
94.4537
93.9783
107.886
108.622
99.2876
99.5569
97.8963
93.5889
131.946
113.795
121.424
114.529
90.9883
101.841
101.279
101.216
91.9153
97.406
99.0948
92.069
103.349
101.469
242.344
147.9
116.584
92.2497
97.9165
106.855
110.114
127.352
136.835
96.6809
91.4071
97.764
99.6867
100.085
109.3
97.1872
94.3123
98.3557
96.0506
110.85
97.1376
105.115
120.689
126.624
130.749
109.954
111.98
106.369
124.574
104.319
104.058
106.355
93.6072
91.1224
86.252
91.1672
92.9558
90.5391
84.5593
135.306
131.154
135.505
106.474
123.866
110.472
116.102
113.732
113.981
85.4582
92.2607
87.4355
85.8275
104.204
203.608
117.187
117.151
115.937
98.1536
97.6614
170.414
93.683
94.377
109.477
87.1926
102.535
126.799
90.4428
90.4473
94.0439
73.8915
114.274
89.7787
90.8457
73.9727
91.0429
105.404
125.762
117.754
137.168
124.989
114.045
98.3139
97.3473
99.6437
113.586
122.571
111.896
107.678
115.114
119.327
110.317
121.062
114.412
103.621
114.128
101.957
114.9
103.434
104.877
118.724
105.462
118.645
124.338
143.864
164.946
108.8
130.886
109.987
122.771
113.44
115.195
119.263
108.583
115.6
109.198
117.008
113.372
116.686
115.909
114.049
113.892
111.106
115.077
103.668
121.055
108.186
109.359
108.207
113.768
113.742
95.1973
110.454
95.3344
109.835
98.2859
108.92
98.4945
78.1867
75.4288
120.545
132.708
114.044
184.252
169.2
124.48
76.1632
81.1849
129.695
118.558
130.119
118.333
118.167
101.626
102.87
111.788
120.125
136.608
119.401
224.291
61.7676
94.5129
181.488
-239.226
102.651
79.2868
90.8359
88.8601
105.505
96.0097
95.815
130.851
87.5999
100.48
121.567
108.054
120.294
100.125
108.986
108.715
136.176
106.938
116.12
114.071
152.742
105.17
124.052
92.2906
98.2382
93.5343
91.6118
92.0837
98.4365
93.6404
101.926
95.9495
96.5842
101.962
101.039
96.3311
101.919
86.4401
106.476
86.2829
91.6988
154.269
140.083
122.442
107.993
116.581
123.108
91.6109
168.607
146.743
92.2458
95.113
93.6099
95.6875
120.796
99.6403
104.199
97.2499
102.078
111.56
118.769
109.48
113.236
111.504
105.113
103.818
106.339
99.9964
97.7257
168.938
133.891
98.3749
99.889
108.031
106.443
116.598
108.62
107.111
116.737
92.3614
91.2894
99.3851
95.4353
92.3082
94.2083
102.338
95.9108
116.273
171.123
90.3706
105.33
101.427
94.4697
91.5169
89.8428
91.0858
101.726
101.063
88.2402
97.2823
99.3054
111.71
131.029
151.94
138.438
129.925
112.908
93.7402
123.623
118.799
132.225
127.374
233.553
185.515
120.946
115.878
74.9298
123.57
115.023
271.814
193.373
101.371
98.5852
82.9653
92.2139
89.6184
108.017
111.038
96.5216
94.9309
104.869
119.762
96.307
125.409
99.909
112.673
131.467
116.131
113.273
108.063
107.178
113.356
108.299
110.259
98.2842
109.735
103.442
102.52
110.374
100.217
108.145
107.934
112.263
94.3957
108.604
110.506
160.31
92.0519
89.7702
117.009
89.4575
123.971
128.593
97.3141
94.1056
100.004
96.0901
137.292
91.8777
142.261
133.86
85.2617
114.194
91.3146
125.425
83.2998
117.915
134.407
112.734
133.303
118.489
104.884
124.053
131.376
117.45
98.1955
119.958
83.9476
115.689
120.594
136.537
104.52
112.854
111.693
107.245
49.9708
50.4254
107.749
114.725
253.363
116.541
154.931
101.38
115.565
121.614
109.895
121.791
120.271
110.167
99.6913
103.005
123.894
100.802
109.025
108.861
90.4791
90.0555
135.346
103.336
136.373
137.325
128.881
130.78
122.621
116.449
107.523
109.74
117.049
124.412
113.685
109.457
109.697
112.731
163.21
104.412
129.073
188.035
181.991
153.773
136.993
115.143
111.288
99.7013
140.631
138.032
143.473
136.525
106.777
128.655
129.664
114.327
115.063
149.77
174.772
159.423
126.469
219.196
114.193
110.125
116.373
209.195
104.133
120.888
121.055
122.759
88.2155
107.627
107.499
107.621
98.9412
118.109
110.935
110.598
103.836
103.191
104.33
103.147
100.712
127.596
111.437
124.862
146.811
109.363
124.733
115.47
111.753
106.068
108.705
112.651
98.5628
106.935
98.2575
109.957
102.037
108.201
102.647
129.234
134.638
137.84
108.437
118.216
128.141
194.833
104.411
102.234
94.8197
117.885
101.435
97.5151
112.737
93.0403
102.251
101.738
96.2126
95.0515
96.0116
89.5485
106.995
106.027
106.633
106.438
105.015
105.885
105.435
173.604
112.336
94.1327
139.675
132.378
145.676
138.698
98.8851
105.086
96.1178
112.953
105.15
104.358
108.151
106.277
109.598
74.345
90.9834
110.84
103.585
85.1461
131.55
118.757
109.537
92.041
133.833
125.482
124.987
106.035
95.1369
102.769
96.6385
131.175
92.4269
141.685
136.772
172.778
115.487
67.1494
116.068
227.278
118.209
85.9096
88.4761
101.392
106.639
171.653
159.771
101.621
107.587
82.4099
103.923
87.9737
180.732
110.818
250.028
130.668
133.154
79.8792
103.955
90.3382
116.894
121.546
116.048
93.2585
102.33
100.067
86.6844
88.0572
116.43
100.07
103.631
101.534
105.153
101.81
109.006
107.963
100.224
141.807
121.479
123.496
169.078
124.982
152.587
145.948
116.357
117.128
112.231
115.604
109.502
110.531
112.325
99.4516
113.102
111.864
121.418
122.675
124.523
99.1615
116.741
114.699
130.036
149.885
124.661
120.78
101.402
104.537
129.855
166.201
118.551
123.811
116.974
88.7525
113.533
78.4671
119.688
121.455
81.455
94.6258
112.825
84.4314
77.7929
118.068
117.938
142.457
81.7822
95.8346
128.589
97.2845
499.842
166.24
102.5
112.874
107.221
117.783
121.402
111.029
125.051
135.103
109.136
130.929
265.164
141.923
327.594
279.784
153.882
196.355
118.243
104.076
106.304
107.167
112.502
110.835
101.036
144.4
93.7957
92.3215
125.031
85.4472
93.131
121.024
98.0504
101.147
96.6051
95.5389
132.206
121.373
94.6286
114.509
103.708
102.519
104.052
107.821
108.449
103.271
97.5049
110.104
107.293
107.954
99.2316
99.2192
106.093
90.4641
209.359
92.6721
140.523
158.262
139.764
156.921
143.304
112.641
113.844
270.64
46.2699
145.187
167.09
110.371
104.572
106.482
109.275
119.605
124.096
111.701
138.788
114.425
110.164
108.311
108.95
108.564
132.536
107.552
124.445
88.2489
97.7729
100.58
98.9093
121.555
125.264
171.642
210.149
104.113
105.853
111.281
105.226
102.136
124.815
101.619
110.519
140.198
138.661
138.895
148.864
89.0029
176.789
114.043
138.545
219.627
151.531
110.524
111.107
95.8486
105.348
107.939
102.655
100.632
116.93
144.516
111.222
115.389
121.284
173.583
125.606
115.601
126.867
141.004
79.1008
94.9444
153.914
124.15
92.596
93.8213
85.0804
135.041
142.344
169.173
158.492
206.874
106.506
133.401
86.2799
119.986
87.4317
91.5737
102.994
93.0406
96.1987
97.8297
113.279
109.466
102.67
104.764
113.581
49.0895
80.1724
79.5588
65.8943
104.893
134.811
109.829
161.79
97.4352
150.357
108.804
148.13
113.183
98.0055
96.4008
162.192
149.103
155.021
144.964
132.046
84.1575
89.3067
128.391
125.537
145.359
146.645
88.2546
108.844
90.0447
92.0319
191.293
164.053
116.878
107.504
93.8813
91.1183
163.105
109.862
97.3965
172.079
111.579
106.744
118.62
106.347
111.454
112.648
112.391
147.141
113.375
130.006
132.958
129.687
105.271
117.259
128.05
127.508
127.562
113.631
124.44
112.769
133.643
198.566
56.0556
-25.143
115.071
234.553
150.943
104.223
89.2537
110.59
88.0984
136.438
117.529
90.389
90.2644
145.152
128.355
140.065
132.13
114.781
115.397
104.42
125.982
105.099
109.118
123.078
126.439
98.5596
98.9837
319.497
398.358
458.397
76.671
333.136
426.023
647.175
-78.9838
95.8672
85.2776
83.3253
124.216
98.0452
85.8745
148.118
110.452
105.583
107.815
106.652
125.796
116.315
95.0043
94.4845
95.9486
104.424
104.107
93.1369
96.5921
114.101
103.637
109.39
100.165
96.7776
111.324
111.889
131.471
141.066
131.206
100.534
151.618
98.9941
105.919
129.427
125.177
140.601
113.373
129.53
111.218
84.9875
108.529
96.1445
115.669
106.136
98.3607
99.7785
119.026
95.4049
92.6525
96.4525
109.101
106.805
104.629
106.136
98.2868
101.669
113.626
109.957
110.55
151.933
97.4833
95.2654
135.422
216.549
118.425
94.8193
94.3962
120.941
97.4838
99.0504
96.2792
127.862
103.779
103.637
117.575
66.2525
89.8336
71.5638
69.9407
130.446
127.158
58.5942
92.8637
135.974
167.66
127.679
-134.673
-99.3228
160.986
99.8686
265.705
189.888
155.438
168.537
309.816
146.732
328.199
90.3849
283.665
134.974
306.214
153.954
184.552
184.779
122.943
164.183
137.306
83.1341
128.929
157.608
108.041
158.795
107.374
109.069
119.785
116.069
112.398
123.966
119.587
116.385
95.8124
106.277
117.509
122.072
102.4
612.762
91.4684
-18.1353
0.434591
10.8179
27.3461
142.537
114.345
139
122.087
124.99
113.482
150.44
114.413
88.102
131.846
92.9386
121.487
100.209
137.616
93.4276
104.867
103.502
97.39
90.8977
101.487
99.2547
142.527
104.757
97.2783
91.0835
103.573
132.392
92.8041
83.1605
220.779
101.313
183.271
124.65
139.191
424.878
202.868
78.4676
189.568
190.265
214.927
160.824
228.133
181.402
142.376
120.804
99.3843
119.581
124.308
100.386
113.769
108.73
115.518
115.741
113.968
116.057
121.186
116.206
137.94
116.139
116.143
358.235
151.56
287.786
94.4411
99.0839
97.8079
134.348
175.755
128.422
167.324
128.706
92.9032
204.957
148.199
157.015
155.426
143.334
141.079
135.835
163.86
155.803
181.268
117.661
93.7828
111.708
97.6908
106.13
123.771
128.169
130.252
180.401
156.172
109.92
99.3005
102.935
104.79
97.4252
112.731
170.332
123.945
130.634
109.251
150.096
114.94
115.397
38.176
166.535
150.309
106.714
107.121
96.8854
71.6262
4.81472
19.7422
46.0465
172.062
106.223
164.616
189.947
-62.5341
162.665
266.442
0.798443
16.7167
26.155
78.0414
73.0725
75.1284
69.9686
101.779
189.616
90.9307
191.169
97.7502
185.82
112.062
208.016
67.5721
60.8318
246.241
97.8056
69.9334
71.6352
138.799
123.991
113.743
110.385
132.915
78.2988
125.777
76.4925
113.196
75.9295
111.42
96.9632
101.053
104.42
90.6623
78.0719
124.957
91.3995
232.196
73.7405
108.852
102.166
425.315
216.789
130.493
92.5421
50.8857
61.0472
104.352
86.4477
129.87
118.709
79.6628
1138.08
147.159
102.182
891.562
101.203
148.768
-120.571
96.288
109.101
219.327
-1.36638
-7.16657
163.504
83.3502
87.6993
75.018
79.3492
113.363
109.909
115.759
102.204
122.172
101.535
97.4589
107.228
110.249
106.521
253.827
147.834
228.215
119.208
98.0526
42.7294
303.774
369.425
185.835
185.706
154.81
719.331
121.062
136.985
108.535
54.5606
157.832
141.585
108.597
161.542
107.855
130.303
139.54
172.824
27.5911
89.9396
80.4524
-43.8165
129.474
95.8964
69.923
69.3926
138.096
175.88
40.9905
107.996
113.503
90.9085
110.702
96.9558
109.707
101.458
94.5139
106.59
118.84
101.063
101.504
111.991
134.674
329.918
98.6454
84.2906
138.06
7.93655
96.0378
391.198
258.827
46.2698
170.634
66.0003
126.188
180.515
204.357
136.55
46.2407
205.462
133.592
102.76
100.636
128.724
122.674
156.566
101.121
131.226
119.011
117.714
116.203
102.662
100.376
146.26
129.762
112.763
125.939
111.297
85.7112
103.267
61.8678
107.578
116.89
112.28
90.555
100.703
108.803
99.9586
132.203
135.701
120.599
121.544
86.6214
94.9996
91.8972
99.5064
104.779
116.074
70.4071
93.6741
101.66
139.781
112.985
120.04
147.28
98.0683
91.3401
122.035
90.4833
111.179
127.908
117.756
125.802
41.2204
89.3431
99.6658
140.12
125.008
152.196
168.506
129.867
94.1588
136.807
70.2918
122.19
119.01
72.1226
29.0718
120.898
141.865
149.413
101.678
120.122
151.821
122.063
104.305
123.883
117.647
114.67
119.902
114.359
193.127
90.6912
115.21
116.811
118.289
115.43
116.581
99.7396
93.4032
97.345
157.475
111.03
111.571
103.242
118.23
125.744
89.0358
357.44
108.909
111.26
221.188
103.987
205.547
146.635
94.968
77.6414
-76.0158
-91.1907
31.7517
128.61
178.538
123.283
138.475
139.949
108.464
105.344
62.3688
72.4033
125.47
76.7051
31.6263
68.3666
87.231
180
587.224
156.62
204.261
720.916
341.875
85.0176
98.1588
113.278
103.14
-69.8225
-39.2075
75.6368
43.254
43.7337
80.8619
16.0992
47.5767
510.033
377.148
)
;

boundaryField
{
    inlet
    {
        type            calculated;
        value           nonuniform List<scalar> 
240
(
101.081
108.985
101.065
106.818
87.218
120.37
99.932
91.5482
81.1151
90.1716
96.0809
99.8178
111.116
83.754
110.048
110.124
97.7876
74.5278
68.5456
100.173
93.9183
99.7382
106.657
106.957
123.773
-29.8378
129.543
103.78
103.663
93.8505
98.5539
99.8125
86.2232
190.367
114.186
117.09
111.075
103.569
98.5762
-26.7056
95.1311
114.349
109.204
116.855
106.98
143.296
3.79243
103.939
-105.03
114.052
-21.3752
102.271
11.1303
114.28
114.073
112.191
112.196
103.912
103.238
103.51
100.138
110.451
79.534
100.948
95.672
94.9348
98.6548
69.3313
95.0974
82.8972
91.1034
80.2407
93.3
81.4959
76.1842
95.767
90.8904
90.2372
97.8029
-0.557511
74.7125
80.8518
103.696
115.896
112.207
111.371
80.0631
119.775
107.668
91.026
86.8284
102.512
85.6887
79.8977
109.287
113.442
95.3499
99.8391
96.7209
96.5131
99.0878
95.8519
109.548
68.2685
97.905
120.497
92.6303
113.439
85.6738
111.614
111.954
102.985
96.6943
107.889
108.986
67.1079
117.329
95.9438
95.9008
96.473
86.9496
89.3718
85.0112
104.666
155.933
140.772
100.945
24.6639
100.929
110.703
115.125
102.61
99.7619
102.98
98.8823
96.4031
44.7049
105.358
91.1665
90.4726
90.9767
111.202
52.9732
100.11
-76.3329
102.585
61.6515
67.8297
102.495
100.685
138.03
136.237
107.777
102.968
102.684
114.124
90.7513
12.3719
137.09
96.3613
96.3766
95.6724
107.959
102.377
104.568
111.414
54.528
130.916
81.4386
93.128
120.082
99.3052
105.262
54.0464
172.727
130.876
140.452
113.64
65.2051
51.1964
113.212
143.091
128.634
85.4594
147.588
109.603
135.558
87.423
66.5755
127.538
116.85
113.664
100.308
-29.6136
47.5448
73.4779
84.421
95.9054
203.093
-304.59
182.496
-159.565
143.175
-278.393
88.5998
98.3544
107.874
105.314
122.785
119.586
86.5078
138.816
140.573
4.86693
146.181
96.3699
137.119
85.1507
80.3621
-854.79
147.048
78.2251
-170.753
130.441
58.8108
79.0887
96.1906
87.042
138.963
100.865
27.5806
113.533
119.268
27.1682
61.5538
179.902
125.472
-77.1382
-207.196
98.7746
)
;
    }
    outlet
    {
        type            calculated;
        value           uniform 0;
    }
    lowerWall
    {
        type            calculated;
        value           nonuniform List<scalar> 
1058
(
99.1317
102.763
107.084
105.347
111.222
120.082
99.0597
90.8971
103.075
95.4373
96.3624
98.8619
105.761
102.242
108.929
97.9888
45.6573
95.7358
106.197
99.9549
106.532
99.4135
100.56
104.978
99.4049
97.833
131.641
106.298
104.133
94.8267
100.878
99.6835
100.446
101.209
100.156
104.795
118.712
109.118
104.761
96.839
100.525
98.1625
99.0308
101.783
125.834
114.006
106.607
128.446
97.8373
78.9304
97.3576
96.9128
98.6161
99.6011
99.3772
109.568
95.5329
96.5367
94.4803
94.6055
94.4247
95.7382
97.3592
98.2577
97.6998
95.7729
95.0664
94.2346
93.3542
93.0993
91.0683
91.6311
92.6906
92.8825
92.6616
91.6374
91.2054
90.7022
90.079
90.4882
88.5204
88.8368
88.8832
88.8669
88.6263
88.2486
87.9424
87.7472
87.9079
88.1617
85.9714
86.1811
86.2639
86.2715
86.1236
85.9025
85.6728
85.5483
85.5984
85.7431
83.4617
83.5955
83.6522
83.6428
83.5465
83.4079
83.2799
83.1974
83.2333
83.3259
80.9762
81.0592
81.0875
81.1058
81.0274
80.9432
80.8665
80.8182
80.8418
80.8882
78.5148
78.5871
78.5921
78.5895
78.556
78.5035
78.4719
78.4434
78.4465
78.4555
76.0985
76.139
76.1498
76.139
76.1145
76.086
76.0698
76.0517
76.0497
76.0641
73.6961
73.7158
73.7288
73.7283
73.7237
73.7095
73.6888
73.6594
73.6688
73.6787
71.3245
71.3417
71.3371
71.3413
71.3424
71.3361
71.325
71.3215
71.32
71.3144
68.9695
68.9764
68.9929
68.9925
69.0001
69.0004
68.9925
68.9794
68.9617
68.9627
66.6493
66.6676
66.691
66.6822
66.6713
66.6684
66.6725
66.6589
66.645
66.6431
64.3497
64.3785
64.3953
64.3686
64.3483
64.3406
64.3418
64.356
64.3495
64.3448
62.0772
62.0844
62.0837
62.0844
62.0827
62.0752
62.0637
62.0565
62.0644
62.0706
59.8127
59.82
59.8218
59.8293
59.832
59.828
59.8168
59.8061
59.7997
59.8025
57.5685
57.5722
57.574
57.5733
57.5718
57.5694
57.5686
57.5636
57.5574
57.5594
55.3541
55.3489
55.3358
55.3415
55.3457
55.3468
55.3473
55.344
55.3495
55.3529
53.1344
53.1372
53.1239
53.1286
53.1331
53.1436
53.1529
53.1537
53.1497
53.1392
50.9391
50.9256
50.9268
50.9394
50.9485
50.9545
50.9611
50.9601
50.9637
50.9527
48.766
48.7387
48.7373
48.7487
48.7644
48.7792
48.7761
48.7818
48.7819
48.7782
46.5907
46.5756
46.5668
46.5658
46.5763
46.5871
46.5931
46.5947
46.5922
46.5938
44.4167
44.4172
44.4237
44.4294
44.4246
44.4193
44.416
44.4126
44.4135
44.415
42.2629
42.2705
42.2803
42.2753
42.2628
42.2549
42.2575
42.2676
42.2619
42.2594
40.134
40.137
40.1402
40.1303
40.1231
40.1106
40.1256
40.1303
40.1293
40.1309
38.0026
38.0183
38.0228
38.0229
38.0171
38.0066
38.007
38.0027
37.9901
37.9939
35.8961
35.9108
35.9091
35.904
35.8972
35.8883
35.8775
35.8753
35.8754
35.8829
33.8197
33.8169
33.7947
33.79
33.7874
33.7785
33.7725
33.7771
33.7958
33.8122
31.7349
31.7259
31.7127
31.7078
31.7064
31.7073
31.7143
31.7212
31.7262
31.7345
29.6416
29.6448
29.6511
29.6587
29.6597
29.6627
29.6659
29.6645
29.6572
29.6465
27.5797
27.5855
27.602
27.6173
27.6261
27.6276
27.6217
27.6116
27.6014
27.5867
25.5718
25.5671
25.5677
25.5731
25.5833
25.5931
25.5972
25.5991
25.5939
25.5817
23.5999
23.5833
23.5742
23.5702
23.5753
23.5838
23.5946
23.6118
23.6152
23.6087
21.6368
21.6161
21.6132
21.6155
21.618
21.6208
21.6217
21.6294
21.6338
21.6362
19.6653
19.6633
19.6643
19.6751
19.6804
19.6809
19.6725
19.6679
19.6662
19.6647
17.7225
17.7276
17.7347
17.745
17.7408
17.7342
17.7267
17.7225
17.7209
17.7214
15.8253
15.8286
15.8263
15.8148
15.8018
15.7878
15.7786
15.7914
15.7988
15.8138
13.9296
13.938
13.922
13.9049
13.8843
13.8706
13.8661
13.8789
13.8941
13.9092
12.0054
12.027
12.0279
12.0145
12.0037
11.9935
11.9909
11.9958
11.9959
11.9967
10.111
10.1204
10.1311
10.1359
10.1328
10.1275
10.1231
10.1222
10.118
10.1095
8.26194
8.25611
8.25345
8.25466
8.25567
8.25982
8.26144
8.26376
8.26439
8.2656
6.41548
6.40826
6.40306
6.40208
6.409
6.42495
6.43111
6.4298
6.42241
6.42163
4.56547
4.56448
4.56658
4.57296
4.5869
4.6112
4.61093
4.60002
4.58848
4.57604
2.73469
2.7363
2.73998
2.74594
2.75378
2.76359
2.76929
2.76743
2.75451
2.74175
0.914538
0.91455
0.914896
0.909628
0.90757
0.910533
0.919901
0.923841
0.924662
0.914948
98.1123
96.7318
95.4458
98.6829
97.8775
97.2807
99.3078
98.4652
98.2581
100.337
98.519
98.4786
89.1169
96.1373
98.0489
104.252
94.7985
95.444
94.0362
94.4838
94.9657
95.5922
94.0406
94.2534
96.9401
93.7527
93.8342
97.8642
94.9831
93.685
99.3231
101.356
98.2107
99.9339
98.4993
98.1213
100.222
99.6524
99.0385
106.057
102.105
101.429
116.233
118.671
104.591
109.745
100.224
120.214
107.81
128.918
101.084
96.6966
95.5904
104.549
85.1029
107.804
96.06
100.64
92.8485
92.1977
97.3319
97.1505
96.8006
98.3015
97.8292
97.7814
98.8261
98.6886
98.5707
101.749
100.13
98.5308
99.3108
98.3694
98.8777
91.2812
92.9015
95.5815
103.116
95.9357
94.4934
92.9586
93.1429
93.9441
94.338
93.603
94.0603
96.2984
94.5804
93.8901
94.847
93.4287
92.9721
96.8603
94.15
93.7535
98.1038
94.3866
94.4077
98.1664
94.3424
94.2841
96.1988
93.6665
94.5363
95.033
92.8534
93.4183
94.5229
91.8673
92.42
93.3728
91.6013
91.8616
92.9405
91.8498
91.7649
93.8989
92.5447
92.1469
97.7367
97.4812
97.9478
96.3393
97.5644
97.7209
96.681
97.3166
96.0169
98.4065
98.2421
98.466
97.809
98.006
98.1783
97.6327
97.6587
97.5258
99.0417
98.7079
99.1491
98.4643
99.2676
98.7956
98.3969
98.6906
98.4033
99.9335
100.069
100.673
98.5499
98.9744
98.7159
98.693
99.8493
98.4445
95.9939
96.8764
95.8876
96.7549
96.9688
96.3091
98.5031
98.0724
97.5095
94.7489
94.4156
101.176
94.8165
94.7698
94.7933
95.8167
94.715
94.8557
93.8343
96.0097
100.566
94.9389
95.1901
94.5838
94.7602
95.4051
95.0476
93.9267
95.1571
94.7259
94.249
94.8545
91.9771
94.173
94.9468
94.0971
93.8387
93.7392
101.005
93.8677
93.8948
93.8835
94.206
93.9453
93.6936
96.2563
95.4429
97.3387
94.8747
95.3875
96.3489
93.9442
94.4934
94.0409
98.2986
97.7656
97.6357
97.206
96.9261
97.259
95.3136
95.3757
95.7366
95.0162
94.8585
94.8574
97.637
97.7893
98.2152
96.1419
96.5153
96.6606
94.9252
95.1332
95.0644
94.2462
94.7093
94.9031
93.7657
93.4759
93.695
97.1748
97.0762
98.1597
92.7728
92.737
92.9173
97.6816
96.3909
96.0313
104.61
100.785
106.595
93.516
105.829
101.263
107.869
109.984
111.178
104.392
101.994
113.44
103.652
119.99
98.5377
104.474
108.989
102.549
95.7335
103.109
83.6301
91.5234
90.4028
90.679
92.0266
90.9239
91.2776
95.5402
95.2147
93.1448
93.9463
96.125
95.8721
95.4196
33.8571
100.035
92.9923
92.3924
92.3454
92.8428
94.8183
94.6059
95.6662
95.4111
96.4633
96.545
96.3354
94.1449
104.404
106.097
118.041
94.2032
100.43
109.519
92.7785
91.338
91.4323
90.9933
89.8984
90.1295
94.4167
96.3414
96.6632
94.3161
93.8072
92.3026
81.5742
93.3802
92.7132
92.1129
93.2379
92.7194
95.5901
95.9543
94.3815
104.884
71.5634
97.294
103.299
101.753
115.755
109.365
114.848
111.097
92.6493
92.3277
92.768
80.2701
93.6161
101.185
97.1236
116.603
120.535
92.787
91.4
91.2618
94.2816
95.1545
95.4868
90.543
89.5619
89.758
92.4584
92.1338
91.6861
96.1135
95.2695
95.0301
107.427
98.3629
82.7694
98.0554
115.338
103.357
99.8639
94.1454
88.3239
84.0098
136.585
128.74
103.022
92.879
77.1609
101.083
90.2967
91.2995
97.2463
101.033
97.8326
103.041
97.0583
100.647
97.3688
118.915
116.495
107.398
124.677
87.8753
93.5531
93.176
92.7856
96.9143
94.4887
101.075
103.151
103.413
97.1085
96.3158
97.6626
108.086
98.2208
104.729
101.272
102.451
104.51
104.957
104.04
105.902
104.286
112.642
128.08
98.3592
93.2053
150.074
89.0245
110.563
92.1698
92.9066
93.6102
129.453
100.334
98.9849
104.729
91.5467
89.9355
119.383
132.108
85.987
121.371
87.7454
113.359
101.841
126.59
104.302
93.9633
96.4221
95.2013
109.406
105.016
94.4763
110.224
104.175
112.967
100.116
106.082
105.022
116.317
117.986
110.895
120.887
101.632
97.0194
95.7574
95.721
102.817
104.547
106.659
102.438
102.627
102.597
110.404
110.156
114.996
106.374
102.815
103.36
120.774
101.762
100.032
88.0084
93.6314
94.922
119.807
108.219
98.4713
131.447
118.018
98.7562
94.5286
107.145
116.812
90.0795
106.996
99.7688
86.3337
74.4416
75.7307
107.392
105.596
97.3897
91.1224
86.252
93.6072
101.626
102.87
118.167
86.4401
122.442
154.269
92.2139
111.038
101.371
103.442
110.374
108.299
109.363
112.651
106.068
127.596
146.811
103.147
94.8197
112.737
102.234
145.948
110.531
112.231
88.7525
94.6258
119.688
92.3215
121.024
93.7957
110.371
111.701
119.605
100.58
121.555
107.552
107.939
100.632
110.524
135.041
158.492
93.8213
126.867
124.15
79.1008
56.0556
-25.143
198.566
114.781
104.42
145.152
88.0984
90.2644
110.59
98.3607
119.026
108.529
97.4838
117.575
127.862
66.2525
58.5942
130.446
128.61
108.464
123.283
94.968
-91.1907
103.987
)
;
    }
    upperWall
    {
        type            calculated;
        value           nonuniform List<scalar> 
1133
(
101.901
101.176
106.237
105.902
-13.981
152.784
83.3253
92.2788
91.1543
97.0603
96.3445
100.383
99.9488
103.261
108.377
28.776
75.2312
104.016
130.338
99.1161
100.695
102.722
105.306
112.3
102.322
100.796
118.188
107.721
128.788
91.6118
98.7798
99.6775
103.313
104.371
118.643
65.3953
101.356
103.607
82.6883
97.4508
100.657
99.3695
99.4935
101.739
93.2424
104.641
118.419
153.821
97.2635
99.4292
97.1429
99.224
98.6347
99.7264
99.591
92.7562
95.5115
95.0552
94.3857
94.4027
94.4242
95.7317
97.3572
98.262
97.6937
95.7768
95.027
94.2484
93.3365
93.1019
91.0687
91.6305
92.6915
92.8839
92.6607
91.6367
91.2036
90.7019
90.0791
90.4884
88.5203
88.8367
88.8844
88.8668
88.6258
88.2481
87.9424
87.7475
87.9083
88.1616
85.9713
86.181
86.2638
86.2708
86.1239
85.9027
85.6727
85.5482
85.5983
85.743
83.4618
83.5954
83.6521
83.6427
83.5464
83.4075
83.2798
83.1973
83.2332
83.326
80.9764
81.0591
81.0874
81.1055
81.0274
80.9429
80.8664
80.8181
80.8417
80.8879
78.5144
78.587
78.5918
78.5894
78.5555
78.5037
78.4718
78.4433
78.4464
78.4553
76.0985
76.1389
76.1497
76.1389
76.1144
76.0859
76.0697
76.0516
76.0496
76.0644
73.696
73.7157
73.7287
73.7282
73.7237
73.7094
73.6887
73.6593
73.6687
73.6786
71.3241
71.3415
71.337
71.3412
71.3424
71.336
71.3249
71.3214
71.3204
71.3149
68.9694
68.9763
68.9928
68.9924
69
69.0003
68.9924
68.9799
68.962
68.9626
66.6493
66.6681
66.6905
66.6819
66.6712
66.6685
66.6722
66.6584
66.6446
66.6431
64.3498
64.3784
64.3955
64.3685
64.348
64.3403
64.3415
64.3564
64.3496
64.3449
62.0767
62.0842
62.0834
62.0842
62.0828
62.0749
62.0637
62.0564
62.0645
62.0704
59.8124
59.82
59.8212
59.8292
59.8321
59.828
59.8167
59.806
59.7996
59.8021
57.5686
57.5723
57.5739
57.5732
57.5711
57.5688
57.5685
57.5637
57.5573
57.5594
55.354
55.3488
55.3356
55.3414
55.345
55.3466
55.3472
55.344
55.3495
55.3528
53.1341
53.1368
53.1239
53.1289
53.1334
53.1436
53.1528
53.1536
53.1496
53.1391
50.9391
50.9259
50.9267
50.939
50.9481
50.9547
50.9607
50.9601
50.9633
50.9526
48.766
48.7386
48.7371
48.7482
48.7645
48.7792
48.776
48.7818
48.7819
48.7782
46.5904
46.5754
46.5672
46.566
46.5765
46.5869
46.593
46.5949
46.5918
46.5937
44.4166
44.4171
44.4236
44.4294
44.4245
44.419
44.4159
44.4124
44.4135
44.415
42.2626
42.2706
42.2803
42.2754
42.2621
42.2548
42.2579
42.2674
42.262
42.2596
40.1337
40.1373
40.1403
40.1301
40.123
40.1113
40.1255
40.1303
40.1295
40.1308
38.0026
38.0189
38.0224
38.0227
38.0172
38.0068
38.0072
38.0026
37.9901
37.9936
35.8962
35.9108
35.9087
35.9041
35.8972
35.8876
35.8772
35.8751
35.8753
35.8831
33.8197
33.8167
33.7949
33.7899
33.7874
33.7782
33.7724
33.7771
33.7968
33.8128
31.7346
31.7259
31.7129
31.7077
31.7063
31.7084
31.7142
31.7211
31.7261
31.7343
29.6414
29.6448
29.6517
29.6587
29.6597
29.6629
29.6658
29.6643
29.657
29.646
27.5796
27.5853
27.602
27.6172
27.6261
27.6272
27.6215
27.6117
27.6014
27.5868
25.5716
25.5669
25.5674
25.5729
25.5833
25.5931
25.5972
25.599
25.594
25.5817
23.5999
23.5838
23.5742
23.5702
23.5752
23.5837
23.5945
23.6116
23.6149
23.6086
21.6367
21.6158
21.6131
21.6155
21.618
21.6207
21.6216
21.6293
21.6336
21.6361
19.6651
19.6629
19.6642
19.6751
19.6809
19.6811
19.6726
19.6679
19.6661
19.6646
17.7222
17.7276
17.7347
17.745
17.7408
17.734
17.7266
17.7223
17.721
17.7213
15.8254
15.8288
15.8263
15.8147
15.801
15.7869
15.7783
15.7913
15.7988
15.8136
13.9298
13.9377
13.9218
13.9046
13.8844
13.8706
13.8661
13.8788
13.8939
13.9091
12.0056
12.0262
12.0274
12.0148
12.0036
11.9935
11.9908
11.9957
11.9955
11.9964
10.111
10.1205
10.131
10.136
10.1328
10.1272
10.1228
10.122
10.1179
10.1095
8.2623
8.25616
8.25333
8.25457
8.25559
8.25973
8.26136
8.26368
8.26428
8.26558
6.41525
6.40802
6.40287
6.40187
6.4091
6.42492
6.4314
6.42974
6.42219
6.42137
4.56539
4.56443
4.56664
4.5729
4.58688
4.61136
4.61086
4.59996
4.58838
4.57593
2.73457
2.73664
2.74
2.74579
2.75363
2.76283
2.76928
2.76745
2.75457
2.74179
0.914571
0.914309
0.914557
0.90919
0.907528
0.910466
0.919945
0.923916
0.924573
0.914867
95.4413
96.7395
98.0504
97.2324
97.8787
98.6693
98.2492
98.4743
99.5205
98.508
98.3582
100.174
98.0126
96.1371
102.185
95.4378
94.8001
90.3421
94.8916
94.459
93.1814
94.2604
94.0783
93.2961
93.8309
93.7499
94.4576
93.7499
94.9711
96.8595
98.0158
98.1996
98.1566
98.1014
98.6016
99.9093
99.0139
99.5772
100.517
102.481
101.456
99.4524
99.8566
98.1672
103.514
113.711
83.0732
106.228
104.547
93.3773
132.453
120.949
95.5806
99.3476
96.6623
95.6666
92.4174
93.434
93.9451
94.3082
96.7958
97.155
97.3406
97.8454
97.9627
98.4437
98.5968
98.6923
98.8261
100.102
100.483
102.453
98.8333
98.3994
98.7872
95.1264
93.128
96.111
94.0196
96.0255
97.6183
94.0636
94.431
98.5669
94.2032
93.7606
94.0638
93.9002
94.5666
98.8497
92.9717
93.4281
94.8472
93.7516
94.1512
96.8515
94.4077
94.3866
98.085
94.2842
94.3358
98.1729
94.5353
93.6647
96.213
93.4185
92.8533
95.0694
92.4119
91.8678
94.5166
91.8611
91.5957
93.55
91.7645
91.85
92.9435
92.1463
92.5447
93.8997
96.0176
97.3229
96.6886
97.7184
97.5425
96.3544
97.354
97.4789
97.7678
97.5388
97.6799
97.6821
98.1788
98.0131
97.8063
98.5107
98.3741
98.4416
98.3826
98.6167
98.3884
98.778
98.9893
98.445
99.0564
98.6051
99.0771
98.6266
98.7019
98.8019
98.6557
99.0558
98.54
100.627
99.9003
99.5159
97.4793
97.9324
98.2984
96.4071
96.87
96.753
102.557
97.0575
96.3372
94.8824
94.8999
95.6808
94.6507
94.7758
94.8194
98.4772
94.5247
94.2937
95.0822
95.456
94.7684
94.5938
95.1558
94.9115
98.0743
95.6436
94.0796
94.0952
92.8935
94.1074
95.7345
95.3378
93.9589
95.4054
103.302
94.1952
93.6931
94.003
94.2516
93.9315
93.9565
93.8488
95.487
93.8918
93.6729
94.0452
94.7079
93.9122
96.2823
95.3995
94.8621
96.5341
95.3435
96.114
97.6317
97.7644
98.2452
97.256
96.9262
97.2212
95.7395
95.3789
95.3543
94.8084
94.8677
94.9975
98.2021
97.7796
97.6179
96.6985
96.5149
96.1422
95.0995
95.1348
94.9276
94.8982
94.7089
94.2432
93.6961
93.3987
93.6822
98.1455
97.0677
97.166
92.8421
92.6835
92.7227
96.0267
96.3756
97.684
220.232
109.562
98.2333
105.259
174.75
110.868
90.9084
109.865
104.438
107.656
127.633
104.983
101.966
112.982
109.569
107.856
101.093
103.532
90.6784
90.4022
91.5228
91.2768
90.9231
92.0259
93.147
95.2172
95.5422
95.8713
96.1257
93.9469
92.3467
92.3949
93.0141
96.461
95.4081
95.6628
94.6076
94.8202
92.8426
94.1448
96.3344
96.5457
91.4337
91.3393
92.7802
90.1284
89.8973
90.9921
96.6494
96.324
94.4123
92.3063
93.8176
94.259
102.66
103.923
105.41
94.3818
95.9602
95.5961
92.7196
93.2407
92.1138
94.3018
69.7313
110.379
92.771
92.3271
92.6494
108.538
107.503
106.969
98.0002
96.5092
95.6864
103.312
105.873
105.087
106.581
107.291
94.2088
95.3242
105.032
90.241
114.338
103.088
99.8357
91.2626
91.4008
92.7877
95.487
95.1535
94.2818
89.7583
89.5622
90.5434
91.6861
92.133
92.4579
107.601
103.747
104.043
102.073
104.282
102.702
95.0296
95.2677
96.115
107.807
102.165
98.2434
95.8571
116.642
102.165
130.375
116.523
104.645
114.417
106.976
156.206
98.832
89.1209
97.6736
106.121
97.0815
100.644
87.5
93.9415
103.559
128.812
117.175
90.304
108.468
118.206
108.228
105.25
110.457
117.032
112.945
101.025
114.935
102.628
102.036
105.532
104.089
105.633
105.646
103.063
120.458
129.024
37.6641
-43.4441
15.6126
101.962
127.966
106.182
85.0253
108.761
91.9121
101.725
141.537
106.63
95.2453
114.842
105.75
113.692
104.027
114.128
103.861
99.8946
102.608
104.114
91.1769
135.558
104.589
126.901
108.347
120.385
107.465
123.17
104.771
104.005
104.988
106.597
101.23
108.058
92.7831
93.1762
93.5469
117.972
101.03
101.027
121.614
111.708
105.9
100.543
93.5558
100.249
91.0921
163.046
83.8006
89.6423
96.1554
94.9037
104.744
79.4618
104.409
168.541
106.165
91.0794
106.941
126.045
101.555
100.154
100.578
115.277
93.2717
101.604
95.573
85.6728
128.028
79.9076
103.783
111.033
115.365
95.362
82.6356
93.5895
90.3309
88.5962
110.922
116.883
107.39
74.163
97.9866
103.334
97.6092
102.18
106.389
107.257
110.112
95.9244
132.808
128.334
92.798
117.503
106.839
104.828
100.08
116.975
119.484
107.997
104.951
105.566
113.339
99.5108
101.918
102.617
96.8771
101.718
106.217
101.952
106.688
133.311
103.785
107.567
102.184
70.5618
103.216
103.505
95.3683
118.674
107.213
114.964
106.388
114.774
86.478
107.701
109.638
95.6345
96.3358
97.5937
122.315
94.5205
95.8877
119.013
113.686
117.706
104.442
101.805
106.499
116.338
107.711
107.807
94.6306
113.498
101.509
76.878
86.0797
97.349
72.3723
148.897
131.532
99.6867
98.3557
97.1872
92.0837
93.6404
98.4365
133.303
131.376
118.489
49.9708
107.749
112.854
119.958
136.537
83.9476
79.8792
121.546
103.955
93.2585
116.43
86.6844
125.051
109.136
117.783
107.167
101.036
104.076
93.0406
102.67
97.8297
49.0895
104.893
80.1724
93.8813
172.079
109.862
122.943
157.608
83.1341
124.216
85.8745
98.0452
113.373
84.9875
125.177
135.974
160.986
-134.673
185.82
246.241
67.5721
189.568
228.133
190.265
142.376
100.386
119.581
155.803
93.7828
135.835
166.535
71.6262
106.714
0.798443
78.0414
162.665
106.223
189.947
19.7422
120.898
151.821
101.678
98.1588
75.6368
-69.8225
89.3431
168.506
125.008
116.811
116.581
90.6912
43.7337
377.148
16.0992
)
;
    }
    frontWall
    {
        type            cyclic;
    }
    backWall
    {
        type            cyclic;
    }
}


// ************************************************************************* //
