/*--------------------------------*- C++ -*----------------------------------*\
| =========                 |                                                 |
| \\      /  F ield         | OpenFOAM: The Open Source CFD Toolbox           |
|  \\    /   O peration     | Version:  5.0                                   |
|   \\  /    A nd           | Web:      www.OpenFOAM.org                      |
|    \\/     M anipulation  |                                                 |
\*---------------------------------------------------------------------------*/
FoamFile
{
    version     2.0;
    format      ascii;
    class       volScalarField;
    location    "3.6";
    object      p_rgh;
}
// * * * * * * * * * * * * * * * * * * * * * * * * * * * * * * * * * * * * * //

dimensions      [1 -1 -2 0 0 0 0];

internalField   nonuniform List<scalar> 
8570
(
99.9671
99.7263
102.273
107.051
116.079
126.201
104.428
96.4498
93.286
90.4141
87.6912
85.0471
82.451
79.9088
77.3944
74.9111
72.4476
70.0165
67.6129
65.2339
62.8576
60.5073
58.1856
55.8561
53.5522
51.2654
48.9873
46.7074
44.4468
42.2114
39.9728
37.7598
35.5767
33.3878
31.189
29.0223
26.9128
24.836
22.7695
20.6971
18.6533
16.6542
14.6597
12.6387
10.6436
8.69822
6.75675
4.80722
2.87965
0.962593
102.351
99.1395
103.318
109.547
114.571
101.981
102.642
97.5502
93.3276
90.5631
87.7992
85.1235
82.5225
79.9539
77.4163
74.9322
72.4558
70.039
67.6384
65.2381
62.8651
60.5092
58.1755
55.856
53.54
51.2525
48.9794
46.71
44.4543
42.2136
39.9881
37.7738
35.5732
33.3762
31.1913
29.0291
26.9065
24.8199
22.751
20.6956
18.6592
16.6588
14.6633
12.6541
10.6507
8.6886
6.74294
4.80404
2.87994
0.962237
106.39
93.1089
110.629
101.39
101.998
102.439
101.794
97.4136
93.324
90.5668
87.8167
85.1262
82.5124
79.9563
77.4239
74.9219
72.469
70.0562
67.6527
65.2357
62.8665
60.5123
58.1687
55.8502
53.5432
51.2455
48.9651
46.7151
44.4646
42.2173
39.9928
37.7727
35.5532
33.3649
31.1967
29.0398
26.905
24.81
22.7479
20.6981
18.6678
16.6569
14.6539
12.6541
10.6606
8.6855
6.73735
4.80534
2.88254
0.962232
105.14
111.668
98.0476
100.494
102.248
101.379
101.022
97.7287
93.1005
90.4453
87.7398
85.1073
82.4881
79.9318
77.4143
74.9213
72.4658
70.0494
67.6307
65.2375
62.8749
60.5113
58.1717
55.8522
53.5545
51.2561
48.9653
46.721
44.4589
42.2067
39.9927
37.7673
35.5478
33.3606
31.2075
29.0627
26.9133
24.8066
22.7485
20.7045
18.6735
16.6465
14.6315
12.6477
10.6687
8.68863
6.73818
4.81292
2.88897
0.957344
95.8701
94.5131
105.473
104.604
102.439
101.305
100.238
97.6939
92.8226
90.2557
87.6055
84.9998
82.4359
79.8944
77.3982
74.9144
72.4706
70.0358
67.6075
65.2356
62.8773
60.5099
58.1758
55.8553
53.5633
51.271
48.9752
46.7157
44.4464
42.1985
39.9864
37.7591
35.5447
33.3594
31.2084
29.0704
26.9232
24.8096
22.7529
20.7148
18.6721
16.6299
14.613
12.6339
10.6651
8.69011
6.74563
4.82734
2.89775
0.955462
112.695
118.799
89.002
103.77
87.0182
99.0903
99.3257
97.5321
92.4601
90.017
87.4441
84.8966
82.3683
79.8598
77.3902
74.9154
72.4734
70.0366
67.6014
65.2284
62.8743
60.5065
58.1764
55.8654
53.5685
51.2845
48.9858
46.711
44.4397
42.1897
39.9785
37.754
35.5384
33.3615
31.2116
29.0725
26.9347
24.8256
22.7575
20.7161
18.6673
16.6176
14.6019
12.6276
10.6616
8.69486
6.7622
4.85095
2.90832
0.958376
92.8463
102.18
96.3624
92.5993
100.3
99.4997
98.9131
96.1038
92.0833
89.7437
87.2936
84.8084
82.3321
79.8403
77.3648
74.9007
72.4651
70.0398
67.603
65.217
62.8616
60.5063
58.1766
55.8751
53.5756
51.2837
48.9923
46.7074
44.4416
42.2028
39.9784
37.7439
35.5322
33.3683
31.2153
29.0674
26.9402
24.8381
22.7592
20.7067
18.659
16.6128
14.6007
12.6253
10.6577
8.69695
6.76849
4.85092
2.91223
0.96756
96.0247
96.2469
96.3115
103.361
93.2024
100.153
97.5644
94.7257
91.8018
89.6042
87.2108
84.7654
82.3084
79.8259
77.3357
74.8989
72.4554
70.0288
67.6183
65.2109
62.8532
60.5026
58.1756
55.8768
53.5758
51.2877
48.9938
46.7042
44.452
42.2081
39.9737
37.7404
35.5366
33.3749
31.2132
29.0563
26.9388
24.8461
22.7634
20.7001
18.6552
16.6229
14.6118
12.6276
10.6557
8.69879
6.76668
4.83997
2.91041
0.971445
99.5197
97.1283
94.3109
96.7247
95.1399
93.7631
95.2999
94.2286
91.8391
89.6775
87.2732
84.8139
82.3305
79.8374
77.3555
74.9032
72.4358
70.0134
67.6114
65.2196
62.8478
60.4973
58.1809
55.8724
53.5773
51.2878
48.9881
46.7034
44.4454
42.2063
39.9608
37.7399
35.5545
33.38
31.2061
29.0449
26.9314
24.8492
22.7671
20.6986
18.6522
16.6321
14.6269
12.6299
10.6511
8.70016
6.75953
4.82917
2.89979
0.972539
98.4701
98.4821
99.1941
100.88
78.3619
87.0856
96.415
95.1368
92.6303
90.0436
87.484
84.9211
82.3722
79.8734
77.3748
74.8992
72.4415
70.0184
67.6102
65.2246
62.8522
60.4997
58.1848
55.862
53.5671
51.2847
48.9936
46.7061
44.4436
42.2072
39.9641
37.7468
35.5706
33.3876
31.1956
29.0333
26.9241
24.8465
22.7703
20.6968
18.6521
16.6437
14.6442
12.6282
10.646
8.70323
6.76246
4.8177
2.88518
0.962928
100.413
99.6766
102.09
106.281
121.455
127.268
104.29
96.4516
93.286
90.4142
87.6913
85.0472
82.4508
79.9089
77.3943
74.911
72.4476
70.0166
67.613
65.2338
62.8576
60.5074
58.1856
55.856
53.5521
51.2655
48.9872
46.7074
44.4467
42.2114
39.9728
37.76
35.5767
33.3877
31.189
29.0222
26.9128
24.836
22.7694
20.6969
18.6532
16.6543
14.66
12.6387
10.6436
8.69826
6.75669
4.8072
2.8796
0.962661
101.739
99.4964
102.646
104.525
115.119
101.595
102.544
97.551
93.328
90.5628
87.7992
85.1235
82.5225
79.9538
77.4163
74.9319
72.4558
70.0391
67.6383
65.238
62.8651
60.5092
58.1754
55.8559
53.54
51.2525
48.9793
46.71
44.4543
42.2137
39.9886
37.7739
35.5731
33.3762
31.1913
29.029
26.9064
24.8199
22.7508
20.6956
18.6592
16.6589
14.6634
12.6538
10.6507
8.68863
6.74284
4.80406
2.88013
0.962189
105.108
103.223
105.288
101.535
100.351
102.247
101.784
97.4136
93.3254
90.5666
87.8167
85.1262
82.5124
79.9563
77.4239
74.9219
72.469
70.0561
67.6528
65.2357
62.8664
60.5122
58.1686
55.8503
53.5432
51.2454
48.9651
46.7151
44.4646
42.2174
39.9925
37.7727
35.5533
33.365
31.1968
29.0398
26.9049
24.81
22.7479
20.698
18.6678
16.6571
14.6539
12.654
10.6606
8.68534
6.7372
4.8054
2.88267
0.962216
105.818
102.259
96.2746
98.1108
104.94
101.348
101.013
97.7184
93.1011
90.445
87.7398
85.1073
82.4881
79.9318
77.4143
74.9213
72.4658
70.0493
67.6306
65.2374
62.8749
60.5113
58.1717
55.8523
53.5544
51.2559
48.9654
46.7211
44.4591
42.2066
39.9925
37.7673
35.5477
33.3606
31.2076
29.0626
26.9132
24.8066
22.7485
20.7044
18.6735
16.6465
14.6315
12.6478
10.6687
8.68862
6.73807
4.8129
2.88895
0.957215
96.2249
101.011
100.588
106.416
100.47
101.62
100.232
97.5624
92.8228
90.2557
87.6055
84.9997
82.4358
79.8944
77.3983
74.9145
72.4706
70.0358
67.6071
65.2357
62.8774
60.5099
58.1758
55.8554
53.5631
51.2711
48.9753
46.7156
44.4459
42.1984
39.9864
37.7591
35.5447
33.3594
31.2084
29.0703
26.9232
24.8096
22.753
20.7148
18.672
16.6298
14.613
12.6344
10.6651
8.69009
6.74556
4.82729
2.89774
0.955511
114.146
111.214
77.7366
101.294
110.315
99.011
99.2682
97.4266
92.4602
90.017
87.444
84.8966
82.3685
79.8597
77.3901
74.9154
72.4734
70.0366
67.6013
65.2283
62.8743
60.5064
58.1764
55.8655
53.5685
51.2845
48.9857
46.7108
44.4397
42.1899
39.9785
37.7539
35.5383
33.3616
31.2116
29.0723
26.9347
24.8256
22.7575
20.7162
18.6673
16.6176
14.6019
12.6276
10.6614
8.69485
6.76218
4.85098
2.90805
0.958337
94.1551
159.292
100.122
91.7152
99.2596
99.4436
98.9254
95.9876
92.0836
89.7436
87.2936
84.8084
82.332
79.8402
77.3647
74.9007
72.4651
70.0396
67.603
65.2171
62.8615
60.5063
58.1766
55.8751
53.5754
51.2837
48.9922
46.7075
44.4416
42.2027
39.9787
37.7438
35.5322
33.3683
31.2153
29.0672
26.9401
24.8381
22.7592
20.7068
18.659
16.6126
14.6007
12.6254
10.6576
8.69693
6.76867
4.85097
2.91215
0.96769
95.1129
98.0685
98.1564
103.119
89.4393
99.564
97.4992
94.7198
91.8024
89.604
87.2108
84.7653
82.3084
79.8259
77.3357
74.8989
72.4557
70.0286
67.6188
65.2108
62.8532
60.5027
58.1756
55.8768
53.5758
51.2879
48.9938
46.7041
44.4519
42.2081
39.9736
37.7403
35.5366
33.3749
31.2132
29.0563
26.9388
24.8461
22.7634
20.7
18.6549
16.6229
14.6118
12.6276
10.6557
8.69876
6.76667
4.83995
2.91049
0.971425
96.9696
96.9499
94.2058
96.6896
94.8778
93.259
95.32
94.2264
91.8395
89.6773
87.2732
84.8139
82.3305
79.8373
77.3555
74.9034
72.4359
70.0134
67.6114
65.2196
62.8478
60.4973
58.1809
55.8724
53.5772
51.2878
48.988
46.7034
44.4454
42.2064
39.9609
37.7399
35.555
33.38
31.2059
29.0449
26.9314
24.8491
22.767
20.6986
18.6522
16.6322
14.6268
12.6298
10.6511
8.70012
6.75948
4.82914
2.89986
0.972538
98.3513
97.636
98.0025
98.8082
69.5507
84.7387
96.2981
95.1373
92.63
90.0436
87.4841
84.9208
82.372
79.8734
77.3748
74.8995
72.4415
70.0181
67.6102
65.2246
62.8521
60.4997
58.1848
55.862
53.5672
51.2846
48.9934
46.7061
44.4437
42.2071
39.964
37.7468
35.5707
33.3875
31.1952
29.0333
26.9241
24.8465
22.7703
20.6968
18.6521
16.6437
14.6442
12.6282
10.646
8.70325
6.76232
4.81768
2.88526
0.962914
101.47
100.112
103.356
123.586
121.416
115.532
104.301
96.4501
93.2859
90.414
87.6913
85.0472
82.4506
79.9091
77.3944
74.9106
72.4476
70.0165
67.6133
65.2336
62.8575
60.5075
58.1855
55.8558
53.5521
51.2656
48.987
46.7074
44.4464
42.2113
39.9728
37.76
35.5767
33.3874
31.1889
29.0222
26.9127
24.8359
22.7694
20.6968
18.6531
16.6543
14.66
12.6388
10.6436
8.69823
6.75657
4.80712
2.8795
0.962603
102.586
95.8337
116.918
127.786
113.812
99.2579
102.567
97.5516
93.3274
90.5629
87.7991
85.1234
82.5224
79.9537
77.4162
74.9315
72.4557
70.0392
67.638
65.2378
62.8657
60.5093
58.1749
55.8558
53.54
51.2524
48.9791
46.7099
44.4544
42.2138
39.9886
37.7739
35.573
33.376
31.1913
29.0289
26.9064
24.8203
22.7507
20.6955
18.6592
16.6589
14.6632
12.653
10.6508
8.68862
6.74276
4.80399
2.88021
0.961997
104.319
88.3171
101.258
102.336
106.244
102.929
101.78
97.4155
93.3252
90.5667
87.8165
85.1261
82.5123
79.9562
77.4238
74.9218
72.4689
70.0559
67.6528
65.2356
62.8661
60.5122
58.1685
55.8508
53.5431
51.2452
48.965
46.715
44.4646
42.2173
39.9924
37.7723
35.5534
33.3651
31.1968
29.0398
26.9047
24.81
22.7478
20.6979
18.6678
16.6572
14.6539
12.6537
10.6609
8.68525
6.7371
4.8054
2.88261
0.96199
101.711
98.6857
95.342
97.7121
98.7608
101.076
101.009
97.7225
93.1004
90.4448
87.7397
85.1072
82.488
79.9317
77.4142
74.9212
72.4657
70.0491
67.6306
65.2372
62.8751
60.5112
58.1716
55.8524
53.5541
51.2557
48.9655
46.721
44.4591
42.2065
39.9924
37.7672
35.5477
33.3605
31.2076
29.0625
26.9131
24.8066
22.7486
20.7044
18.6734
16.6463
14.6314
12.6477
10.6687
8.68854
6.73797
4.81285
2.88887
0.956884
101.533
102.76
119.392
104.977
102.66
100.639
100.23
97.5735
92.822
90.2561
87.6055
84.9995
82.4355
79.8943
77.3983
74.9144
72.4705
70.0357
67.607
65.2357
62.8774
60.5094
58.1758
55.8554
53.5628
51.2711
48.9754
46.7155
44.4457
42.1983
39.9864
37.7591
35.5447
33.3593
31.2083
29.0703
26.9234
24.8096
22.7529
20.7151
18.6719
16.6296
14.6132
12.6344
10.665
8.69002
6.74571
4.82721
2.89772
0.955422
102.769
113.716
164.808
101.832
106.141
99.0737
99.2749
97.4366
92.4595
90.0172
87.4438
84.8965
82.3686
79.8597
77.39
74.9153
72.4733
70.0367
67.6011
65.2281
62.8744
60.5063
58.1762
55.8654
53.5685
51.2844
48.9856
46.7107
44.4396
42.1904
39.9786
37.7536
35.5381
33.3624
31.2117
29.0722
26.9346
24.8255
22.7574
20.7162
18.6669
16.6175
14.6018
12.6275
10.6613
8.69477
6.76219
4.85096
2.90762
0.958309
91.2482
119.436
99.0419
86.2495
108.812
99.5179
98.8573
95.9931
92.0833
89.7436
87.2934
84.8083
82.3319
79.8402
77.3647
74.9006
72.465
70.0395
67.603
65.2171
62.8617
60.5062
58.1766
55.875
53.5752
51.2836
48.9921
46.7077
44.442
42.2028
39.9786
37.7436
35.5321
33.3683
31.2151
29.067
26.9401
24.838
22.7592
20.7068
18.659
16.6125
14.6007
12.6254
10.6574
8.69686
6.7687
4.85079
2.91169
0.967638
96.2261
96.8275
99.1383
103.204
102.172
99.4233
97.5327
94.7206
91.8022
89.6041
87.2107
84.7652
82.3083
79.8258
77.3356
74.8988
72.4559
70.0283
67.6189
65.2109
62.8531
60.5027
58.1758
55.8767
53.5756
51.2881
48.9937
46.704
44.4516
42.2081
39.9736
37.7402
35.5365
33.3748
31.2131
29.0563
26.9387
24.8459
22.7633
20.7
18.6548
16.623
14.6118
12.6276
10.6556
8.6987
6.76661
4.8399
2.91044
0.971449
96.5162
97.3611
99.7116
99.5681
94.0512
93.8313
95.3199
94.2253
91.8395
89.6774
87.2731
84.8138
82.3304
79.8373
77.3554
74.9036
72.4358
70.0133
67.6114
65.2196
62.8477
60.4972
58.1809
55.8723
53.5771
51.2877
48.9879
46.7033
44.4459
42.2065
39.9607
37.7398
35.5555
33.3799
31.2057
29.0449
26.9314
24.8489
22.7669
20.6985
18.6523
16.6323
14.6267
12.6296
10.651
8.70003
6.75937
4.82906
2.8998
0.972443
100.361
97.7036
98.6681
99.0469
52.0268
84.1362
96.3082
95.1371
92.6302
90.0436
87.4842
84.9206
82.3718
79.8734
77.3748
74.8997
72.4414
70.018
67.6101
65.2245
62.8518
60.4995
58.1847
55.862
53.5671
51.2846
48.9933
46.7061
44.4437
42.207
39.9635
37.747
35.571
33.3874
31.1949
29.0335
26.9241
24.8464
22.7702
20.6967
18.652
16.6437
14.6441
12.628
10.6459
8.70321
6.76212
4.81759
2.88528
0.962844
105.216
104.824
102.43
125.296
105.231
104.973
102.447
102.654
102.533
102.213
102.112
102.671
102.928
102.212
101.955
101.324
101.326
102.448
101.951
101.356
101.321
101.023
100.245
100.628
101.083
101.004
100.328
100.62
100.431
99.8199
99.4539
101.549
100.458
99.8765
99.4195
99.2547
99.7021
98.9887
99.1377
99.255
99.7413
98.9852
98.8341
99.5736
98.1436
99.4461
98.9826
98.9939
98.1539
97.7895
95.6238
95.6382
99.6934
97.8094
95.6298
95.6384
94.9186
87.6139
93.7994
93.3188
94.9026
87.2561
93.8204
95.1263
126.898
105.071
83.4347
95.1765
126.519
105.056
105.212
105.079
102.435
114.99
105.174
99.4711
102.427
102.672
103.705
102.206
100.261
102.664
105.315
102.211
101.973
101.414
101.353
103.502
101.949
101.535
101.259
101.019
100.548
100.593
101.106
101.005
102.596
100.608
100.442
99.9291
99.3484
101.05
100.429
99.5573
99.428
99.2494
99.7222
99.0811
98.9967
99.2909
99.7208
98.9882
99.167
98.7906
98.1314
99.5227
98.8496
98.6361
98.1206
97.7824
95.5866
95.6354
99.4558
97.7854
95.7118
95.6347
94.9171
86.7685
93.822
94.0103
94.9068
86.5987
93.8272
95.1856
126.706
105.085
83.7162
95.2009
124.977
105.062
105.18
99.9307
102.425
116.009
105.182
100.263
102.427
102.659
103.3
102.212
109.329
102.639
103.933
102.209
101.962
101.532
101.354
103.145
101.97
101.569
101.346
101.027
102.582
100.597
101.052
101.036
103.122
100.595
100.416
100.542
99.3602
100.502
100.441
98.7655
99.4743
99.2759
99.7004
98.9989
99.672
99.31
99.7115
98.9851
98.8801
98.6583
98.1503
99.618
98.7322
98.7865
98.1344
97.7896
95.3059
95.6506
99.5608
97.7907
95.3208
95.6393
94.9329
87.1518
93.8278
93.74
94.9171
86.0928
93.8059
95.1982
124.67
105.06
93.9558
95.1652
124.041
105.077
124.967
114.373
90.8617
123.209
122.373
119.394
94.3014
107.194
112.416
116.848
124.566
116.442
107.305
112.367
99.5015
102.734
99.4205
104.292
99.5123
102.629
99.4301
108.468
107.476
106.207
110.853
104.379
103.433
103.723
103.277
102.68
110.611
102.49
102.68
110.961
103.267
99.4932
101.989
98.9917
102.552
99.4912
101.994
99.0025
104.663
104.705
102.071
99.9936
103.198
105.142
102.736
102.047
102.24
105.11
102.621
102.256
105.716
102.249
98.8297
101.077
98.8409
101.788
98.834
101.02
98.7261
100.091
104.407
99.3071
106.051
100.051
106.355
99.8086
103.117
100.969
102.326
101.509
100.968
102.192
104.103
99.1959
100.734
99.8148
101.006
99.0795
100.687
99.8455
104.175
98.6531
102.299
101.085
98.2725
98.5778
101.034
100.307
100.409
102.664
101.294
100.4
102.616
100.351
99.8757
99.6648
99.3209
100.244
99.9169
99.6367
99.3577
103.72
99.3983
100.89
110.552
112.366
99.3004
101.202
100.933
99.3586
102.404
99.0948
99.3227
99.577
100.052
99.1509
99.0507
98.5954
99.2732
99.1961
99.0243
98.6295
97.9536
101.562
101.422
99.3207
98.1386
96.5021
99.6885
98.7544
99.2938
99.3019
99.5054
99.2908
99.2823
98.8216
98.1432
98.0172
96.5592
98.873
98.1769
98.0152
96.4432
101.721
96.4244
99.6866
93.0203
101.969
96.3264
105.779
98.3303
99.1174
102.561
99.6448
98.9531
99.6049
98.962
96.0185
95.8089
94.9397
97.5332
95.9198
95.8101
94.9424
102.828
91.3416
88.6213
95.0236
97.5476
90.7838
89.9717
93.0896
93.9295
91.4082
93.6265
93.9319
94.2426
92.8076
94.8009
94.9617
95.0827
95.3185
94.8076
94.9845
95.0812
54.7908
151.978
161.934
61.1196
114.903
211.038
173.842
92.3869
88.8154
74.9926
85.1869
88.8286
74.2514
92.3402
96.3226
103.316
98.3477
96.2902
96.3307
103.106
98.3584
124.753
118.72
101.179
123.918
136.641
157.454
97.374
106.917
111.978
127.502
150.173
107.006
118.733
111.733
99.5109
102.623
99.4268
104.293
99.5106
102.655
99.4257
106.385
103.445
103.745
110.579
106.414
106.74
104.105
103.175
102.784
118.368
101.716
103.216
102.807
112.698
99.4896
101.996
99.0005
102.555
99.4893
101.981
98.9994
103.066
104.04
102.766
105.963
102.82
107.533
102.807
102.439
102.266
106.057
102.285
102.295
102.266
105.075
98.8302
101.049
98.7171
101.778
98.8297
101.015
98.7173
100.161
119.959
104.267
97.983
99.0047
111.443
105.868
100.76
100.927
102.034
103.095
103.572
101.04
101.811
99.0649
100.701
99.8507
101.015
99.0631
100.676
99.8525
101.214
98.7519
102.703
103.164
100.598
99.4108
104.904
100.25
100.31
103.117
101.704
100.21
100.303
103.388
99.925
99.6658
99.3587
100.234
99.9248
99.6546
99.3608
112.35
99.3368
100.898
104.301
97.4742
100.583
100.783
99.146
99.21
97.911
99.0768
99.104
99.1883
97.4138
99.2056
99.0291
98.6362
99.3113
99.1856
99.0581
98.6319
98.1378
99.4873
99.8523
99.0293
100.392
97.9639
99.7685
98.8657
99.2992
99.205
99.4728
98.8361
99.3102
99.2098
98.178
98.0178
96.4324
98.8379
98.1798
98.0231
96.4294
102.617
95.8418
104.411
87.0435
103.328
98.0589
90.147
98.3404
98.8448
99.7121
99.5272
98.3505
98.8656
99.6633
95.9109
95.808
94.9384
97.5084
95.9111
95.8067
94.9381
97.4977
91.0873
80.5628
93.6372
97.7723
91.1165
82.6833
94.4572
93.9531
95.2585
93.5131
92.7273
93.9713
96.3976
94.805
94.9899
95.0814
95.3214
94.8053
94.992
95.0815
111.918
92.6895
173.878
51.0495
90.9906
106.291
154.251
93.7333
89.2175
91.1198
85.8406
93.3681
89.6565
94.0927
96.3286
103.107
98.3574
96.3132
96.3283
103.101
98.3579
128.303
155.124
98.4625
127.789
134.22
157.467
101.157
106.515
111.38
111.579
115.885
106.371
114.909
111.319
99.5117
102.668
99.4279
104.404
99.5009
102.763
99.4189
104.033
104.549
110.336
112.662
106.882
105.327
104.131
103.072
102.797
105.196
114.762
102.919
102.977
133.533
99.4905
101.979
99.0017
102.637
99.4918
101.977
98.9914
101.772
106.25
104.159
103.614
101.72
106.279
106.975
102.26
102.344
105.257
103.536
102.24
102.384
104.627
98.8338
101.052
98.7247
101.783
98.8288
101.084
98.8385
99.191
101.595
101.752
100.359
100.21
105.638
105.056
101.478
100.909
102.53
101.094
103.114
100.882
102.418
99.0742
100.704
99.8441
101.041
99.1995
100.708
99.8159
100.791
99.4459
106.001
101.785
101.586
99.7762
85.3091
100.26
100.291
97.0918
100.451
100.292
100.296
97.1138
99.916
99.6375
99.3633
100.233
99.876
99.6918
99.3214
99.8145
102.708
101.059
105.917
100.307
103.164
100.974
99.1064
99.109
99.9436
100.912
99.0766
99.0997
99.8906
99.1844
99.028
98.6274
99.3066
99.1524
99.0417
98.5949
99.7814
98.6483
99.7235
103.858
99.8198
102.265
99.0829
98.9303
99.3174
99.3613
99.5358
98.9252
99.3106
99.3588
98.1728
98.0189
96.4426
98.8438
98.1431
98.0191
96.553
104.314
96.116
94.0178
99.0713
104.913
107.055
93.0335
98.2235
98.9106
99.7623
99.5213
98.2447
98.8796
99.7926
95.9179
95.8079
94.942
97.5568
96.0162
95.8057
94.9393
97.1985
93.0086
83.2512
93.8236
98.949
97.9124
90.1782
93.4559
94.0605
96.7254
93.6832
94.9909
94.0129
97.7913
94.8081
94.9881
95.0814
95.3009
94.8012
94.9578
95.0835
93.3684
99.6267
151.106
64.3387
283.434
94.8384
146.908
94.8644
90.8521
90.2018
93.2324
94.6938
90.9539
89.4083
96.33
103.149
98.3596
96.4259
96.322
103.301
98.3485
106.592
108.481
104.567
105.227
104.574
106.595
108.474
102.362
106.332
101.627
104.783
105.668
101.608
102.391
103.825
103.072
102.783
102.438
103.081
102.782
103.828
107.085
124.8
112.158
116.718
116.537
107.009
112.281
106.585
105.241
108.452
104.555
104.586
106.574
108.463
102.345
104.873
105.866
101.543
105.637
101.574
102.297
103.814
102.448
103.074
102.783
103.081
102.781
103.789
102.924
102.929
102.389
102.663
102.959
102.391
102.965
103.597
117.439
102.948
102.737
110.039
103.094
104.612
102.93
102.506
102.61
102.211
102.51
102.607
103.004
103.294
102.577
102.713
110.715
102.687
110.469
103.266
102.917
102.668
102.908
102.382
102.894
102.386
102.852
103.755
102.979
110.531
103.252
110.257
102.952
103.944
102.974
102.217
102.509
102.607
102.51
102.594
103.055
101.937
102.184
101.805
101.928
102.12
101.805
101.996
101.633
107.594
101.885
101.341
107.702
101.773
101.483
101.989
101.793
101.701
101.314
101.849
101.641
101.981
102.16
102.351
102.252
105.645
102.264
105.228
102.499
101.877
101.992
102.122
101.8
102.15
101.838
101.858
102.35
101.396
102.65
101.745
106.874
101.753
101.814
101.995
101.296
101.689
101.659
101.715
101.65
101.992
102.017
101.173
100.879
101.008
101.109
100.893
102.165
100.21
103.996
100.92
100.123
103.504
100.926
100.642
101.151
100.831
100.852
100.622
100.826
100.846
101.156
102.98
101.21
100.912
101.557
101.004
102.408
103.25
102.256
101.018
101.104
100.898
101.107
100.9
102.597
100.279
100.318
105.235
100.956
105.078
100.938
100.278
101.153
100.618
100.812
100.87
100.826
100.853
101.144
100.322
100.65
100.129
100.429
100.636
100.123
100.318
99.7916
99.6859
99.4933
99.8311
99.6846
99.4397
99.7681
99.7834
99.8006
99.4997
99.433
99.7842
99.4993
99.8429
100.342
101.528
100.35
102.926
100.381
102.791
100.251
100.326
100.482
100.64
100.12
100.661
100.134
100.211
99.7451
99.8469
99.6498
99.3771
99.6782
99.5272
99.7164
99.7376
99.4735
99.746
99.4651
99.9258
99.457
99.7943
99.1567
99.3442
99.1249
99.246
99.3594
99.1128
99.1473
99.2909
99.6499
99.299
99.6768
99.6329
99.3014
99.3179
99.1901
99.0966
99.1459
98.9879
99.0574
99.1444
99.1843
99.2494
99.1118
99.2712
98.7389
99.2975
98.7374
99.0396
99.1586
99.2815
99.3439
99.1206
99.3251
99.1193
99.1668
99.3086
99.7044
99.6774
99.295
99.6477
99.2941
99.3046
99.1844
98.994
99.0792
99.1523
99.0497
99.1539
99.1801
98.7259
98.9383
98.5613
98.9513
98.9484
98.5653
98.7232
98.6104
99.2759
98.5537
98.6275
98.6856
98.5509
98.7195
98.544
98.473
98.3037
98.1515
98.4781
98.3066
98.5867
98.7789
99.4773
99.2988
99.2563
99.2929
99.2999
98.8047
98.7331
98.8815
98.9211
98.5398
98.9503
98.545
98.7365
98.614
98.6109
98.8252
98.539
98.8479
98.542
98.631
98.5362
98.1566
98.4881
98.2977
98.5386
98.3028
98.5374
97.7737
98.2887
97.3457
97.7857
98.258
97.3641
97.7461
96.9881
97.183
95.6695
95.6221
97.0074
95.6373
97.0738
96.6051
96.3885
95.479
95.6393
96.3778
95.4889
96.6245
98.3134
99.7046
98.8374
99.6653
98.8809
99.5834
98.3465
97.694
97.7863
98.2934
97.2904
98.2629
97.3226
97.6891
96.9718
95.6382
96.9143
95.5542
96.9714
95.6165
96.9572
96.6024
95.6413
96.3759
95.4712
96.3917
95.491
96.5851
93.5587
94.4018
94.2858
94.898
94.4061
94.2871
93.5765
88.8762
96.4137
89.2731
87.8967
100.671
88.986
88.7909
92.25
93.7233
92.2281
93.8151
93.7268
92.2247
92.3012
92.7451
93.3252
93.9452
94.2255
93.9424
94.1933
92.7511
93.6367
94.9165
94.4001
94.2937
94.414
94.2901
93.562
88.9692
87.253
88.48
89.0408
87.495
88.9992
89.2297
92.1861
93.8191
93.7403
92.2223
93.7318
92.244
92.1832
96.3792
93.4992
97.4125
95.155
93.5084
97.4415
96.3627
101.228
106.448
112.718
126.845
105.661
101.241
112.812
101.302
100.796
107.704
105.061
100.813
101.297
107.695
92.5838
105.505
89.0094
90.0825
88.86
95.7005
92.938
96.4069
95.1702
93.5689
97.4713
93.534
97.4568
96.4431
101.233
131.87
104.634
112.47
107.365
101.207
112.643
101.303
105.069
100.826
107.696
100.826
101.297
107.698
106.582
108.445
104.551
105.189
106.574
104.562
108.456
101.966
111.523
101.67
130.908
102.046
105.272
101.736
103.741
103.069
102.778
102.433
103.763
103.056
102.759
106.986
114.521
111.493
111.02
111.043
106.524
111.583
106.593
105.175
108.461
104.548
104.542
106.611
108.457
102.144
99.4372
105.47
101.172
107.075
101.787
102.23
103.725
102.432
103.053
102.77
103.055
102.738
103.724
102.794
102.898
102.377
102.67
102.822
102.907
102.374
111.616
110.47
102.91
104.455
103.986
111.45
102.961
103.045
102.505
102.595
102.207
103.044
102.505
102.574
103.316
101.534
103.328
115.029
102.866
111.659
102.996
102.763
102.668
102.948
102.372
102.918
102.374
102.756
105.346
109.312
110.765
102.826
110.911
102.985
104.967
103.045
102.219
102.52
102.613
102.512
102.588
103.03
101.87
102.158
101.82
101.942
101.873
102.137
101.799
101.561
103.158
101.745
101.463
102.012
102.975
101.735
101.938
101.587
101.668
101.356
102.14
101.646
101.675
102.327
102.307
102.318
105.035
102.27
105.758
102.364
101.853
101.965
102.111
101.779
102.134
101.811
101.804
101.556
101.552
102.15
101.7
102.312
101.716
101.607
102.064
101.315
101.655
101.66
101.624
101.683
102.01
102.563
101.101
100.901
101.005
101.449
101.109
100.889
101.165
104.976
100.987
104.113
101.122
104.662
101.024
101.083
100.815
100.875
100.601
101.112
100.854
100.862
100.89
101.113
100.942
101.973
100.98
101.735
102.577
101.958
101.032
101.115
100.847
101.112
100.878
101.419
102.043
101.389
106.842
101.086
110.299
101.049
102.018
101.575
100.607
100.829
100.905
100.834
100.886
101.437
100.214
100.629
100.153
100.422
100.202
100.625
100.094
99.7719
99.6157
99.3506
99.9851
99.7481
99.5667
99.3151
99.7596
99.7963
99.4344
99.4036
99.7804
99.7648
99.4241
100.351
106.596
100.366
104.05
100.447
103.869
100.3
100.19
100.467
100.598
100.119
100.664
100.13
100.148
99.7225
99.6497
99.6034
99.3494
99.6133
99.2706
99.7229
99.7603
99.5336
99.7444
99.4279
99.7993
99.4191
99.7733
99.1234
99.3236
99.106
99.2702
99.1295
99.313
99.1387
99.3139
99.5919
99.2975
99.6819
99.3088
99.5994
99.3006
99.177
99.0607
99.1528
99.0729
99.174
99.0624
99.1478
99.1074
99.3298
99.3811
100.217
99.2494
98.2696
99.226
99.1189
99.2586
99.3116
99.106
99.3198
99.1292
99.1263
99.3216
99.6924
99.7359
99.3136
99.625
99.3017
99.3352
99.1844
98.9915
99.0562
99.1469
99.028
99.1474
99.1723
98.7467
98.9111
98.6277
98.9594
98.7426
98.9308
98.5913
98.6958
98.9017
98.5288
98.7726
98.6776
98.8572
98.5303
98.5404
98.4525
98.2962
98.1305
98.5462
98.4626
98.3001
98.8983
99.5199
99.3175
99.2931
99.3074
99.2549
98.912
98.7507
98.8079
98.9274
98.5396
98.9647
98.5431
98.7593
98.7033
98.711
98.7259
98.5495
98.724
98.5416
98.7097
98.5521
98.1485
98.4658
98.3001
98.4759
98.298
98.5471
97.6574
98.3001
97.3011
97.784
97.6698
98.3028
97.3188
96.9307
96.895
95.5296
95.2895
96.9458
96.8655
95.6111
96.5549
96.3734
95.478
95.6438
96.5732
96.3747
95.4994
98.3173
99.4942
98.8929
99.7235
98.8974
99.6793
98.2845
97.6557
97.7918
98.3015
97.3405
98.3137
97.3337
97.6558
96.949
95.3361
96.9857
95.5369
96.9911
95.52
96.8817
96.543
95.6404
96.3695
95.4987
96.385
95.5073
96.5442
93.5769
94.4056
94.2982
94.9073
93.6295
94.4226
94.301
89.6317
88.2913
89.1805
86.6614
89.4588
91.2421
89.2954
92.2232
93.7503
92.2164
93.8245
92.2524
93.7627
92.224
93.3085
93.4221
94.2115
96.038
93.9425
97.0106
92.4943
93.5983
94.9232
94.4267
94.3027
94.423
94.3028
93.5755
101.456
86.5108
95.2282
89.1286
95.6411
89.2704
93.44
93.4838
93.8272
93.795
92.2186
93.778
92.2141
92.6896
96.5388
93.6133
97.4836
95.1927
96.4901
93.6701
97.4945
100.951
106.505
112.418
136.578
101.108
101.956
113.061
101.295
100.831
107.692
105.087
101.297
100.84
107.684
94.1161
83.8414
90.7358
90.2276
89.9525
90.3995
94.4439
96.5828
95.1968
93.7937
97.4982
93.7306
97.4984
96.6192
101.282
125.478
102.82
112.521
111.457
100.904
112.629
101.296
105.133
100.848
107.698
100.852
101.303
107.702
106.652
108.466
104.634
105.177
106.629
104.627
108.472
101.808
105.322
101.282
100.214
102
105.408
101.257
103.735
103.056
102.75
102.424
103.738
102.983
102.762
106.636
115.91
111.271
114.105
113.43
107.739
111.277
106.653
105.175
108.476
104.553
104.576
106.662
108.477
102.084
100.248
105.111
101.466
105.878
101.261
101.792
103.781
102.423
103.096
102.771
103
102.767
103.786
102.691
102.911
102.368
102.654
102.695
102.956
102.365
105.054
111.207
102.855
103.492
105.063
105.611
102.91
102.947
102.528
102.652
102.211
102.938
102.529
102.65
102.8
114.319
103.099
92.344
103.24
87.3214
103.034
102.746
102.651
103.017
102.366
102.95
102.365
102.659
105.291
104.007
106.776
103.069
98.3785
102.967
105.192
102.972
102.209
102.531
102.703
102.53
102.721
102.957
101.781
102.104
101.839
101.939
101.779
102.108
101.79
101.387
102.029
101.74
101.56
101.649
103.322
101.726
102.124
101.593
101.643
101.324
102.009
101.613
101.637
102.018
102.288
102.414
104.947
102.376
104.381
102.04
101.801
101.938
102.138
101.791
102.113
101.788
101.797
101.546
101.549
102.452
101.715
102.71
101.724
101.591
102.01
101.309
101.736
101.692
101.791
101.634
102.078
102.082
101.115
100.835
101.009
101.269
101.112
100.847
102.175
101.612
101.09
103.384
103.025
102.007
101.118
101.35
100.858
100.934
100.624
101.314
100.85
100.921
103.799
101.055
100.906
106.26
100.964
102.512
101.722
101.292
101.009
101.145
100.851
101.101
100.862
101.118
102.721
102.995
106.562
101.153
102.46
101.121
102.715
101.348
100.597
100.853
100.955
100.849
100.926
101.337
100.117
100.621
100.115
100.393
100.132
100.596
100.129
99.7566
99.6134
99.2264
98.0989
99.7334
99.6824
99.1693
99.7945
99.75
99.4591
99.385
99.7744
99.7492
99.4357
100.247
100.443
100.309
97.5565
100.309
97.1196
100.258
100.11
100.427
100.598
100.118
100.603
100.118
100.144
99.7488
98.732
99.592
99.1342
99.6077
99.1463
99.7298
99.8742
99.4406
99.7552
99.4218
99.747
99.4249
99.8517
99.1308
99.3292
99.1043
99.2546
99.13
99.3305
99.1324
99.3155
99.5183
99.3108
99.7169
99.3194
99.6068
99.3036
99.1994
99.066
99.1491
98.9953
99.1724
99.0636
99.1416
99.3113
99.6955
99.1013
99.7441
99.101
100.677
99.1704
99.1297
99.2842
99.3223
99.1313
99.3142
99.1128
99.1251
99.3133
99.7161
99.7219
99.3135
99.8378
99.3167
99.3519
99.1966
98.9866
99.0829
99.1426
99.0629
99.1404
99.2192
98.7682
98.9287
98.6064
98.8543
98.7702
98.9461
98.5744
98.6341
99.7024
98.5529
98.6325
98.6895
99.1392
98.5561
98.5637
98.4449
98.3013
98.1518
98.553
98.4576
98.2984
98.9274
99.6294
99.3648
99.4433
99.3216
99.4898
98.9342
98.777
98.8617
98.9495
98.572
98.9663
98.5678
98.7763
98.6983
98.7934
99.0118
98.5493
99.02
98.5531
98.7009
98.5647
98.1312
98.4553
98.301
98.4676
98.301
98.5804
97.6653
98.2958
97.3467
97.8011
97.6594
98.255
97.3448
96.8061
96.9953
95.5372
95.2871
96.9324
96.9763
95.5562
96.5493
96.3685
95.5001
95.6475
96.5396
96.3842
95.5304
98.2622
99.4849
99.0308
99.8423
98.8812
99.8085
98.6226
97.6568
97.7929
98.3929
97.4221
98.2285
97.3135
97.6832
96.7162
95.3328
96.943
95.5466
96.9511
95.5469
97.2008
96.5545
95.6379
96.3813
95.5368
96.3822
95.5656
96.5571
93.6574
94.427
94.3043
94.9052
93.5636
94.4348
94.3054
94.7917
96.6824
90.3502
85.4532
107.744
97.1833
89.6747
92.0213
93.8045
92.2269
93.8259
94.3316
93.8105
92.2112
93.1777
93.7023
94.0237
94.0768
94.0285
94.9738
93.2732
93.8003
94.9043
94.446
94.3025
94.4497
94.3048
93.7611
95.2762
85.4589
98.1612
89.9081
98.2664
89.8634
93.5781
92.3415
93.8213
93.8076
92.2116
93.8109
92.208
92.2774
96.6675
93.8489
97.4925
95.1953
96.6477
93.8943
97.4826
100.963
102.735
112.702
124.145
100.9
103.218
112.507
101.316
100.842
107.704
105.063
101.312
100.84
107.707
94.8956
98.1483
91.4678
91.1317
91.1999
90.0074
94.924
96.6782
95.1912
93.992
97.4384
93.9475
97.4627
96.6744
100.959
124.195
102.18
112.564
102.396
100.989
112.479
101.317
105.078
100.808
107.711
100.833
101.315
107.711
100.928
100.996
100.907
100.745
100.993
100.996
100.743
98.6308
98.8454
98.6096
98.4835
98.6036
98.599
98.4721
100.907
101.008
100.906
100.732
100.995
100.732
100.995
98.601
98.8453
98.5982
98.4615
98.5999
98.4577
98.6111
100.88
101.021
100.948
100.729
100.995
100.733
100.997
98.5951
98.8405
98.5907
98.4349
98.5902
98.4616
98.6044
100.808
100.714
100.835
100.693
100.464
100.424
100.709
101.005
100.94
100.917
100.733
100.997
100.996
100.732
100.7
100.788
100.888
100.63
100.412
100.531
100.624
98.3759
98.0249
98.3741
98.2735
98.0177
98.0226
98.2685
98.8517
98.6062
98.6131
98.4731
98.6109
98.6082
98.4518
98.0285
98.3715
98.4236
98.2629
98.0214
98.0232
98.2604
100.801
100.772
100.808
100.656
100.441
100.644
100.439
101.019
100.89
100.902
100.731
100.996
100.995
100.732
100.7
100.791
100.807
100.74
100.399
100.46
100.655
98.3467
98.0142
98.3663
98.262
98.0203
98.2641
98.0199
98.8745
98.5853
98.5976
98.5254
98.611
98.5857
98.4536
98.0126
98.3903
98.3678
98.2645
98.0201
98.0201
98.2636
100.806
100.765
100.797
100.602
100.454
100.677
100.417
101.008
100.908
100.903
100.739
100.991
100.994
100.745
100.72
100.793
100.799
100.631
100.455
100.417
100.719
98.4484
98.0149
98.3957
98.255
98.02
98.2698
98.0193
98.8375
98.5989
98.5864
98.4592
98.5971
98.5918
98.5371
98.0191
98.3639
98.3661
98.2734
98.0164
98.0203
98.2905
97.1292
97.4984
97.1352
97.5191
97.8244
97.5195
97.8275
97.1382
97.5668
97.137
97.4822
97.8205
97.4952
97.8139
101.49
101.014
101.484
101.69
101.125
101.692
101.126
101.051
101.46
101.47
101.688
101.121
101.125
101.681
97.5138
97.1168
97.1322
97.5156
97.8252
97.8276
97.5069
97.1771
97.5301
97.1532
97.4959
97.7997
97.8132
97.4769
101.503
101.04
101.462
101.677
101.113
101.122
101.663
101.051
101.512
101.461
101.684
101.122
101.123
101.687
97.5268
97.1344
97.1495
97.507
97.8183
97.8155
97.5168
101.51
101.019
101.483
101.67
101.116
101.676
101.113
101.027
101.557
101.496
101.66
101.103
101.113
101.645
97.5479
97.1523
97.1444
97.4707
97.7942
97.8081
97.4507
95.815
96.4756
96.4852
96.8351
96.0601
96.0498
96.8494
96.4745
95.806
96.4748
96.8528
96.0644
96.8527
96.0676
95.8057
96.4732
96.4749
96.8532
96.0661
96.0672
96.8533
96.4754
95.8096
96.4809
96.8363
96.0604
96.8492
96.0498
96.4845
95.8166
96.4859
96.8207
96.016
96.0361
96.7975
95.8128
96.4808
96.4823
96.8241
96.0151
96.0349
96.797
101.591
101.778
101.59
101.473
101.543
101.475
101.543
101.594
101.784
101.601
101.444
101.532
101.458
101.52
101.794
101.593
101.597
101.461
101.538
101.529
101.468
101.778
101.59
101.59
101.471
101.539
101.545
101.462
101.597
101.798
101.599
101.452
101.484
101.506
101.437
101.788
101.606
101.608
101.432
101.48
101.504
101.417
104.965
101.026
99.8091
80.6561
99.7806
100.313
100.717
103.109
116.932
103.76
97.8762
101.545
108.099
86.3533
103.532
98.0839
100.578
127.715
105.09
99.6907
101.73
98.5665
95.9611
101.161
96.3551
98.2115
95.6225
97.3977
98.5948
94.2584
98.9449
108.056
103.048
94.6769
105.979
99.6779
95.9396
97.3152
95.6148
98.03
99.8365
102.311
102.411
96.2873
96.976
97.8198
101.055
99.6045
95.7591
94.9747
96.4256
94.6433
97.4171
94.9746
96.4245
94.6433
99.0588
99.2193
99.0111
99.1956
99.0567
99.2172
99.0224
99.0582
99.2012
99.216
99.0075
99.2193
99.0143
99.0558
94.9661
96.5415
94.6326
97.4572
94.9754
96.4418
94.6438
94.975
96.433
94.6436
97.5324
94.9656
96.5431
94.6321
99.0555
99.1689
99.22
99.0073
99.2135
98.9904
99.0589
99.0569
99.2179
99.0039
99.1662
99.0576
99.2142
98.996
95.3343
97.5767
95.1618
97.5602
95.3344
97.5847
95.1617
99.6049
99.5632
99.3989
99.3662
99.6066
99.564
99.4006
99.6042
99.3648
99.5565
99.3998
99.5598
99.4007
99.6036
95.3346
97.6131
95.1623
97.6923
95.3244
97.6987
95.1515
99.6031
99.552
99.4031
99.3333
99.6055
99.5368
99.3963
95.3251
97.7008
95.1526
97.5775
95.335
97.5988
95.1631
99.6062
99.3415
99.5542
99.4006
99.551
99.3969
99.6063
99.0583
99.2131
98.9749
99.172
99.2147
98.9778
99.0577
99.0602
99.1732
99.2147
98.9724
99.2161
98.9814
99.0593
99.6071
99.3465
99.5309
99.397
99.5217
99.3982
99.6082
99.6105
99.5328
99.3969
99.3465
99.5332
99.3992
99.6083
94.906
95.3205
94.9091
94.8802
95.3014
94.8838
95.2998
95.3214
94.9043
94.9086
94.8814
95.302
95.3007
94.8833
94.8975
95.3177
94.8896
94.8965
95.3058
94.8884
95.3122
95.3168
94.8979
94.8894
94.9022
95.3065
95.3135
94.8921
95.3137
94.859
94.8768
94.9208
95.3362
95.3232
94.9874
94.8571
95.3126
94.8759
94.9227
95.336
95.324
94.9745
101.986
102.216
102.222
101.181
101.302
101.308
101.186
102.238
101.985
102.23
101.179
101.291
101.18
101.296
98.8726
98.8081
98.7762
98.6331
98.872
98.8175
98.7753
102.209
101.977
102.2
101.208
101.307
101.2
101.321
98.8716
98.6206
98.8007
98.7776
98.7919
98.7761
98.8726
98.8711
98.633
98.8044
98.7758
98.8076
98.7764
98.8694
98.8718
98.7999
98.7762
98.622
98.87
98.7965
98.7766
98.8746
98.7679
98.772
98.6149
98.7786
98.7782
98.8715
99.8059
100.055
99.7472
99.9224
99.8065
100.054
99.7525
99.8045
99.9225
100.055
99.7505
100.055
99.7464
99.8057
101.97
102.19
102.189
101.232
101.433
101.349
101.328
98.8766
98.6143
98.7675
98.7723
98.7837
98.7786
98.8718
102.196
101.978
102.216
101.251
101.422
101.34
101.313
101.986
102.251
102.234
101.216
101.302
101.323
101.192
99.8073
99.9095
100.056
99.7395
100.056
99.7312
99.8075
99.8063
100.055
99.7394
99.9099
99.8052
100.056
99.7327
99.8122
100.052
99.7021
99.8973
100.059
99.7173
99.8077
99.8129
99.8971
100.052
99.7016
100.059
99.7206
99.8076
95.5685
97.4236
95.3983
97.7208
95.5689
97.426
95.3988
100.509
99.7259
100.265
99.8523
100.509
99.7258
100.266
100.509
99.8519
99.7246
100.265
99.7241
100.265
100.509
95.5696
97.4352
95.3995
97.7314
95.5601
97.55
95.3888
100.508
99.7238
100.266
99.8376
100.508
99.7236
100.268
95.5591
97.5481
95.388
97.7192
95.5689
97.431
95.3987
100.51
99.8376
99.7255
100.265
99.7231
100.266
100.509
94.335
95.3656
94.0312
95.988
94.3353
95.366
94.0311
98.4382
98.1808
98.5076
97.6849
98.5076
97.6839
98.4378
94.3244
95.3755
94.02
95.9934
94.3349
95.3682
94.0312
98.4356
98.1675
98.5092
97.6876
98.5121
97.6901
98.438
98.4389
98.508
97.6846
98.1819
98.4387
98.5075
97.6833
94.3346
95.3672
94.0306
96.0983
94.3234
95.375
94.0191
100.511
99.7141
100.261
99.8288
99.7172
100.269
100.5
100.509
99.8289
99.7115
100.262
99.7189
100.269
100.5
98.4346
98.5085
97.6861
98.1665
98.4369
98.5098
97.6893
98.4343
98.5032
97.6971
98.1559
98.5129
97.6938
98.4213
98.4332
98.1552
98.5026
97.6945
98.5112
97.6914
98.4217
97.774
95.2316
100.933
105.791
98.1399
88.4677
99.2527
100.621
99.0596
100.742
99.3951
100.744
99.3984
100.617
98.1836
97.1362
97.888
96.4274
98.1828
97.1331
97.8909
98.1842
96.4288
97.1322
97.8943
97.135
97.8906
98.1802
100.597
100.74
99.4035
99.0939
100.612
100.73
99.3966
98.1716
96.4632
97.1365
97.8866
97.1356
97.875
98.1759
100.621
100.744
99.3947
99.0603
100.62
100.743
99.3948
98.1593
97.1481
97.8874
96.4515
98.175
97.141
97.8803
100.586
99.1185
100.697
99.5329
100.717
99.4057
100.641
100.609
99.0893
100.737
99.3941
100.729
99.3905
100.613
98.1847
97.2249
97.8443
96.4875
97.1662
97.8601
98.1633
98.1517
96.4835
97.292
97.8433
97.1632
97.8691
98.2015
100.622
100.699
99.4765
99.1228
100.719
99.4152
100.607
110.525
107.548
116.44
99.8517
99.3923
101.829
108.108
96.2191
96.0531
94.9828
97.0042
95.3606
96.4104
94.972
88.3686
99.0757
99.0484
102.263
87.951
99.0866
96.6037
95.3362
94.935
96.1523
99.8334
96.4677
96.3852
95.5431
101.149
104.927
100.175
101.191
100.986
103.895
103.394
86.5742
101.729
105.989
110.555
91.8263
93.1155
105.844
94.9681
94.3571
94.3809
94.66
95.0159
94.9621
94.7211
94.9916
94.4143
94.4382
94.614
94.9352
94.9368
94.6255
94.4281
94.9914
94.4296
94.6178
94.9369
94.6222
94.9377
94.3984
94.9812
94.3921
94.6398
94.9385
94.6374
94.9394
94.9762
94.4117
94.3926
94.6515
94.9408
94.9426
94.6361
94.3796
94.9678
94.3853
94.6723
95.0172
94.9643
94.7102
92.9564
95.6567
98.5325
99.148
100.064
96.463
106.554
97.4252
111.759
102.346
107.019
97.6303
98.6011
100.424
95.2029
99.3175
101.101
97.6308
98.9717
103.348
99.2582
95.9608
97.3352
95.8772
97.4143
95.9609
97.335
95.8778
109.051
96.5411
106.544
97.3886
104.547
97.7572
100.2
100.314
98.9841
100.439
98.7194
100.316
98.9795
100.441
100.308
98.7177
98.9846
100.439
98.9803
100.442
100.31
95.9507
97.3421
95.8652
97.414
95.9607
97.3373
95.8775
100.368
98.7307
98.9913
100.432
98.9912
100.422
100.333
95.9608
97.3375
95.8777
97.4157
95.951
97.3422
95.8654
100.364
98.9922
100.433
98.7293
100.329
98.9928
100.425
100.403
98.977
100.395
98.7614
98.992
100.408
100.435
100.399
98.7597
98.977
100.395
98.9927
100.411
100.434
93.7712
94.4236
93.5262
94.7191
93.7718
94.4238
93.5264
96.5438
97.3376
95.6253
95.9119
96.551
97.3381
95.6278
96.5452
95.9101
97.3383
95.6256
97.3388
95.6278
96.5492
93.7601
94.4258
93.5152
94.7217
93.7708
94.4228
93.5269
93.7721
94.4235
93.5271
94.7251
93.7605
94.4266
93.5155
96.5698
95.9235
97.333
95.6277
97.3265
95.6286
96.5599
96.5705
97.3355
95.6279
95.9246
96.5612
97.3265
95.629
96.5905
97.302
95.628
95.9505
97.3153
95.6347
96.6112
96.5919
95.9505
97.303
95.6278
97.3151
95.6349
96.611
102.548
102.091
102.091
100.832
101.25
101.249
100.831
102.083
102.543
102.086
100.832
101.247
100.833
101.248
102.083
102.587
102.071
100.837
101.252
100.835
101.249
102.569
102.082
102.077
100.851
101.249
101.247
100.843
102.609
102.038
102.053
100.867
101.242
101.252
100.945
102.055
102.6
102.067
100.879
101.24
101.251
100.939
100.46
101.337
100.643
90.604
103.974
100.237
109.381
104.996
118.977
100.428
107.046
101.253
100.976
103.158
98.1806
96.3055
98.1822
97.2844
95.8435
97.2869
95.842
96.2999
98.1889
98.2072
97.2941
95.8519
95.8601
97.2928
98.3113
96.3484
98.2435
97.3003
95.847
95.8654
97.2892
98.188
96.3068
98.2113
97.2931
95.8448
97.2941
95.8523
96.3085
98.1745
98.175
97.2856
95.839
95.8405
97.289
96.3491
98.3385
98.2483
97.2978
95.8491
95.862
97.2914
101.839
94.0079
103.302
101.33
101.137
103.903
99.5816
101.5
98.8212
112.331
100.755
98.6605
101.541
101.736
101.852
100.378
100.213
101.232
112.437
113.1
100.756
91.5028
103.904
109.981
98.9967
91.1617
102.882
110.326
100.18
98.8291
99.9221
98.8529
99.9207
98.8529
100.187
96.021
94.9431
95.2833
95.213
95.282
95.2236
96.0039
100.179
99.9212
98.8525
98.8293
100.185
99.9201
98.853
95.9929
95.2805
95.2051
94.9379
95.9961
95.2794
95.2025
95.9949
94.9375
95.2802
95.2047
95.2792
95.2028
95.993
96.0103
95.2829
95.2132
94.9435
96.0022
95.2844
95.2243
100.205
98.8346
99.9275
98.8546
99.9361
98.8538
100.196
100.209
99.9266
98.8556
98.8343
100.196
99.9315
98.8542
96.0425
95.2819
95.3197
94.9481
95.2883
95.2493
96.1016
96.0407
94.9481
95.2799
95.318
95.2899
95.2519
96.0954
100.231
100.059
98.8506
98.8394
99.9653
98.8593
100.296
100.234
98.8388
100.059
98.8512
99.9616
98.8593
100.3
94.7719
107.123
89.5156
99.328
94.6486
103.019
84.9534
103.297
102.63
103.283
101.346
101.048
101.35
101.044
102.64
103.301
103.293
101.344
101.043
101.042
101.344
102.663
103.308
103.324
101.349
101.056
101.056
101.352
103.318
102.685
103.283
101.354
101.046
101.35
101.044
102.707
103.37
103.296
101.362
101.045
101.051
101.353
103.428
102.692
103.346
101.355
101.044
101.058
101.349
113.907
107.414
136.959
115.187
112.997
110.072
131.828
109.722
101
101.261
100.519
100.911
104.296
100.058
100.402
103.062
100.389
98.7472
100.353
98.7475
100.353
103.077
100.391
100.379
98.7485
100.353
98.7482
100.356
100.535
103.163
100.455
98.7581
100.361
98.7517
100.368
100.408
103.147
100.422
98.7552
100.354
98.7518
100.357
103.13
100.416
100.435
98.7499
100.358
98.7519
100.36
103.198
100.528
100.464
98.762
100.355
98.7498
100.366
114.206
86.1041
115.498
115.709
109.416
106.442
119.776
102.825
98.455
102.157
99.3641
111.564
112.032
100.061
103.891
104.29
103.883
101.41
101.035
101.409
101.034
97.1371
97.4431
97.1245
95.7645
95.9156
95.7629
95.9098
104.295
103.913
103.938
101.408
101.04
101.411
101.043
97.4587
97.1245
97.1357
95.7619
95.9115
95.9072
95.7622
97.1309
97.4052
97.1355
95.9152
95.7681
95.7677
95.9178
97.4165
97.1563
97.1336
95.9157
95.7657
95.7672
95.9165
97.694
97.607
97.6739
96.0415
96.0373
96.1542
96.1523
97.6055
97.6758
97.6824
96.0393
96.035
96.151
96.1509
103.99
104.303
103.95
101.404
101.039
101.404
101.039
104.293
103.897
103.878
101.411
101.037
101.409
101.035
97.6897
97.5654
97.6806
96.0404
96.0443
96.1565
96.1564
97.5723
97.6955
97.6884
96.043
96.0454
96.1553
96.1581
104.329
104.004
103.942
101.418
101.039
101.409
101.047
104.044
104.319
103.955
101.415
101.044
101.409
101.05
97.2747
97.4404
97.1643
95.7735
95.9171
95.9274
95.7671
97.439
97.2605
97.1619
95.7734
95.9159
95.9272
95.7661
104.956
100.848
103.117
101.419
101.333
103.136
101.027
97.6045
97.8263
97.7058
96.0468
96.058
96.1644
96.1612
97.8359
97.6123
97.7279
96.047
96.0582
96.1653
96.1616
94.5756
95.0702
95.2933
99.3715
107.555
95.8001
94.9339
111.741
96.1709
95.2866
107.498
108.036
96.056
95.7783
99.349
169.802
96.8709
176.692
184.606
112.205
124.729
100.855
104.268
104.308
102.352
108.405
106.052
102.487
100.605
106.802
103.9
102.927
102.549
105.7
103.9
96.7298
96.4313
96.7162
95.564
95.4118
95.5636
95.4101
96.4363
96.7175
96.7246
95.5608
95.4104
95.4079
95.5615
96.4349
96.7392
96.7319
95.4144
95.5665
95.5666
95.4146
96.7216
96.4352
96.7353
95.4143
95.5685
95.5687
95.4153
97.5737
97.5676
97.5565
96.2407
96.3467
96.2398
96.3448
97.7052
86.4341
106.753
90.7371
118.925
90.5584
97.1878
9.67676
95.2419
132.507
26.8351
132.167
10.6134
11.6781
97.5669
97.5546
97.5586
96.2411
96.3461
96.3445
96.2419
97.5687
97.5811
97.5791
96.3508
96.2468
96.2462
96.3514
97.5803
97.5828
97.5801
96.3515
96.2451
96.2464
96.3519
96.8634
96.46
96.7643
95.5741
95.4162
95.4245
95.5684
96.463
96.858
96.7724
95.5738
95.4138
95.4225
95.5673
97.7171
97.6102
97.6179
96.2511
96.3471
96.3573
96.2435
97.6121
97.7085
97.6198
96.2502
96.3459
96.3565
96.2424
116.99
96.5683
95.9749
110.216
116.933
96.5168
100.809
92.3099
96.6527
92.5842
93.2784
93.8071
95.1868
95.2879
98.2479
99.7559
100.072
99.5883
98.2494
102.195
99.8013
101.362
121.864
103.081
101.285
100.672
114.133
104.957
98.8198
106.729
88.7858
99.2748
99.7252
99.4067
104.999
109.085
95.0023
112.056
108.7
96.489
101.246
118.5
97.0946
96.7029
96.4108
99.0291
99.8148
96.6701
95.916
99.8749
77.9876
104.718
70.0932
122.942
101.794
101.936
96.491
94.7834
93.0206
93.5653
93.5292
95.327
95.256
100.232
97.3194
97.2578
101.177
100.598
103.782
97.9978
97.3903
95.271
98.1044
97.3851
96.9613
97.9943
95.17
107.68
113.2
109.527
99.4564
97.3665
106.871
112.201
100.371
114.807
100.071
100.445
111.473
100.394
109.135
97.1363
97.7338
100.188
90.9079
98.0341
98.0358
100.634
97.9596
96.0229
96.2386
96.6794
97.2414
96.1911
96.7113
6.5458
133.308
49.3844
98.5734
3.78559
132.107
49.7115
97.4886
97.4311
97.4901
96.3668
96.3655
96.5567
96.5571
97.4305
97.4926
97.4929
96.3658
96.3635
96.5545
96.5549
97.4933
97.4363
97.497
96.3707
96.372
96.5609
96.5619
97.4381
97.4924
97.4961
96.3697
96.3695
96.5586
96.5585
95.9896
95.8421
95.8407
95.2091
95.209
95.1579
95.1575
95.8421
95.9889
95.8418
95.2109
95.2101
95.1587
95.1592
92.9856
83.5893
92.3758
88.1339
97.2211
87.5213
91.3536
97.4621
97.5676
97.5154
96.3695
96.3783
96.567
96.5574
97.5653
97.4649
97.5133
96.3682
96.3768
96.5652
96.556
95.9998
95.8434
95.845
95.2159
95.2175
95.1633
95.1637
95.8439
95.9953
95.8464
95.2136
95.2158
95.1613
95.1616
94.9883
96.3664
95.7887
93.5471
93.1027
92.653
93.1189
95.8914
96.0205
95.8562
95.2145
95.2244
95.1692
95.1591
96.0198
95.8921
95.8586
95.2131
95.2231
95.1678
95.1579
93.5109
94.2764
93.7133
94.2253
93.5116
94.2764
93.7135
94.6887
94.838
94.8958
94.8054
94.6898
94.8362
94.8966
94.6884
94.8055
94.838
94.8961
94.8361
94.8966
94.6905
93.4997
94.2824
93.7018
94.2267
93.5106
94.2776
93.7137
93.5117
94.2778
93.714
94.2282
93.5001
94.2827
93.7022
94.692
94.8067
94.8402
94.8975
94.8423
94.8961
94.6904
94.6952
94.8397
94.898
94.8072
94.6924
94.8418
94.8967
94.6949
94.8633
94.8904
94.8104
94.8484
94.8988
94.7005
94.698
94.8106
94.863
94.8907
94.8484
94.8993
94.7027
101.885
98.4186
100.349
100.886
101.54
105.201
102.704
100.168
101.743
99.8752
101.56
114.336
114.123
102.231
98.6991
99.885
99.8268
99.0778
130.292
112.345
99.5426
98.0585
106.795
93.7281
86.942
107.007
90.5776
98.0718
101.283
103.053
98.8018
102.506
101.262
96.3732
101.445
100.987
99.009
101.129
98.4545
99.9655
101.073
109.689
101.665
101.911
104.484
101.988
101.761
103.755
115.532
113.516
100.676
100.288
109.527
108.468
107.995
101.589
99.03
116.939
113.921
110.563
103.033
97.9679
104.418
95.5041
101.698
97.2537
98.1787
95.0316
95.0771
98.1736
104.381
104.732
109.345
106.02
107.705
106.313
105.752
100.443
98.3523
98.3909
104.174
112.216
113.756
104.878
100.624
108.217
102.172
99.6497
120.287
111.832
102.055
100.194
84.1056
100.732
104.59
107.138
101.388
102.516
101.879
99.5975
99.0934
101.776
104.184
101.881
110.764
105.632
102.283
98.7583
113.214
98.4506
105.52
110.952
101.387
99.7593
99.1746
102.494
100.661
100.599
109.955
115.076
104.065
103.884
113.334
112.597
104.417
103.908
85.6627
99.2289
99.8358
102.831
142.343
102.712
102.226
81.6755
92.33
92.078
86.8338
95.6206
95.5722
87.4998
105.833
102.069
109.599
102.183
105.571
101.707
109.559
97.5736
94.9525
95.2231
92.5362
93.3054
93.3537
92.6048
147.55
80.9789
76.6528
-96.9711
136.956
-93.9884
137.702
111.641
104.221
113.199
109.441
114.32
102.188
115.366
79.9747
148.646
77.4284
-104.511
140.356
-117.612
141.998
106.105
101.632
110.631
102.737
106.12
100.506
111.654
97.9215
100.56
101.118
97.9572
97.9104
100.581
101.186
98.2614
100.425
101.193
97.8546
97.9715
100.527
101.058
113.325
106.235
114.66
104.125
124.556
104.23
112.337
95.4624
95.906
95.1938
96.6838
95.4301
96.0457
94.9656
101.485
99.0249
98.5583
100.256
102.729
100.844
99.004
103.659
101.066
100.95
92.2
102.55
101.305
100.696
99.4757
98.6968
97.2329
97.6279
95.2857
101.866
97.4467
95.1401
97.3594
94.7922
92.5032
94.93
92.5446
92.3635
95.971
97.4013
95.9833
97.5525
95.9709
97.4008
95.9836
99.9499
99.0634
99.9358
99.0008
99.9529
99.0641
99.929
99.9498
99.0004
99.062
99.9278
99.0634
99.9245
99.9515
104.672
98.8958
104.013
107.598
103.423
97.9544
100.556
104.348
100.48
100.983
104.213
100.579
101.236
110.863
95.9621
97.4053
95.9716
97.5502
95.9712
97.4024
95.9837
95.9706
97.4016
95.9832
97.5504
95.9614
97.4043
95.9706
99.9562
99.0005
99.0647
99.9349
99.0615
99.9316
99.9555
99.9543
99.0629
99.9326
98.9996
99.9527
99.0601
99.9343
99.9581
99.0521
99.9522
99.003
99.0629
99.9401
99.9602
99.9587
99.0027
99.0521
99.9509
99.0622
99.9392
99.9627
107.091
104.37
101.243
102.733
101.629
102.976
106.965
112.399
94.8839
96.0656
73.2608
82.214
93.3182
97.7502
111.349
124.076
131.03
119.696
110.208
122.797
122.76
97.5511
97.7176
97.5503
96.711
96.9481
96.7109
96.949
131.556
93.5614
120.667
111.615
114.289
103.26
105.068
97.718
97.551
97.5497
96.7108
96.9482
96.9491
96.7099
116.156
99.8283
103.939
114.615
88.9675
104.961
107.424
97.5524
97.7235
97.5522
96.9509
96.7134
96.7122
96.948
92.003
95.0985
93.6281
93.2166
92.1554
93.369
92.2222
97.7222
97.552
97.5591
96.9504
96.7148
96.7135
96.947
111.933
118.875
129.45
131.445
120.431
137.236
122.03
100.793
104.489
104.511
107.997
107.014
105.146
106.636
115.63
105.043
117.156
114.687
105.593
110.279
105.959
135.718
177.918
162.235
128.742
106.917
105.697
103.27
98.2693
100.48
118.079
100.477
100.799
109.5
98.5485
97.5726
97.7267
97.5702
96.7162
96.9372
96.9492
96.7047
97.4875
94.9495
93.9235
92.0876
94.1629
94.4038
92.3654
97.7278
97.5806
97.561
96.7156
96.9384
96.9503
96.7044
1.01961
107.651
135.357
44.9709
174.135
0.451592
110.689
95.366
95.6169
95.6162
94.9971
94.8553
94.8545
94.9963
95.6137
95.3643
95.6148
94.9981
94.8563
94.9994
94.8562
95.3709
95.6145
95.6231
94.8574
95.002
94.9999
94.8544
95.6145
95.3708
95.6125
94.8571
94.9998
94.999
94.8548
107.075
98.4413
103.611
80.639
106.405
94.6676
96.0877
99.088
94.827
97.7988
95.6481
97.9997
95.1571
95.0749
121.931
99.8377
119.662
106.018
95.4819
94.734
101.941
90.0749
117.426
120.588
113.578
90.7201
91.6671
124.584
103.438
97.2608
103.857
90.1071
114.372
122.06
108.47
95.6322
95.3733
95.6332
95.0052
94.8522
94.8611
94.9966
95.3754
95.6372
95.6198
95.0035
94.8496
94.8589
94.994
102.677
106.54
101.2
94.4075
100.912
116.922
97.7634
97.9239
102.278
101.227
97.1472
99.6338
101.328
101.241
107.754
100.117
99.39
102.588
98.6448
105.716
105.063
95.2273
99.3296
95.9455
95.961
99.7328
95.6103
99.5467
100.445
101.256
101.819
105.226
107.582
107.72
106.67
110.34
109.552
121.564
104.287
134.305
133.984
110.928
101.752
101.628
98.8782
101.481
102.42
103.186
98.5044
96.2281
99.6209
101.733
99.8028
96.1809
99.5044
96.2107
109.075
114.668
117.553
126.517
106.434
126.806
106.465
92.8016
93.5834
93.1905
94.7542
92.2355
93.9216
93.252
96.1793
99.4248
96.2321
101.882
120.243
101.219
119.09
96.0206
97.9317
98.0832
99.9424
96.6187
101.063
103.728
102.229
100.266
99.367
105.876
104.424
98.4408
96.3823
106.299
96.7568
101.246
95.6715
105.115
96.9336
97.278
103.496
96.342
97.055
98.9049
97.0122
99.0248
103.665
96.9848
96.1983
96.221
99.8204
122.633
122.667
99.4678
96.1987
96.7919
96.1344
99.9137
122.393
122.432
100.583
108.158
92.462
140.378
96.8257
103.971
97.9117
103.874
103.308
97.4443
101.87
96.3769
97.0935
97.9581
109.64
91.9296
96.5468
93.2951
95.14
92.2178
93.3114
92.2261
89.3285
110.717
120.806
79.6693
94.7791
108.682
118.971
94.2863
97.2169
94.2492
92.0611
94.6517
94.3889
93.6444
91.3825
93.2676
94.6527
97.3713
97.4111
103.414
105.046
102.697
98.9204
100.232
100.534
98.9124
100.229
98.7317
88.4801
61.3739
116.339
118.067
106.944
119.517
89.6854
101.32
93.5307
107.813
99.652
102.884
94.2974
106.037
112.594
93.3196
96.6025
98.0069
100.676
107.712
104.556
100.448
91.7247
96.9069
101.518
99.933
92.4469
93.9207
107.739
107.17
110.136
105.406
110.636
107.394
108.514
98.805
90.013
100.148
103.456
110.78
101.914
110.101
106.158
106.009
109.759
92.3427
99.4977
97.5961
97.6764
98.7469
86.678
96.7055
116.065
96.8871
88.3611
95.2954
91.975
93.5013
113.381
101.817
84.6172
92.8607
108.19
120.482
95.0765
86.0385
100.108
123.907
109.215
88.5278
90.4897
113.811
114.163
92.1163
119.921
120.1
93.3158
92.0628
92.0815
92.058
103.193
114.634
96.2364
118.342
91.97
105.643
106.956
103.358
101.48
92.2445
103.027
89.5178
97.4336
106.371
169.841
80.422
93.6098
123.417
100.617
109.404
109.049
102.798
102.841
99.6428
98.1534
107.379
107.554
108.291
104.042
105.333
96.5673
97.1759
113.127
121.95
103.563
99.9919
123.122
114.148
104.372
111.884
112.077
105.632
103.99
112.568
107.355
105.329
105.088
105.265
98.339
105.743
104.53
96.3043
96.8368
103.91
108.588
110.884
119.746
110.828
103.03
102.778
96.1855
143.996
91.3424
104.5
124.985
127.853
91.0588
98.8875
100.386
106.848
102.91
108.524
102.052
97.6729
103.422
103.756
103.754
102.421
112.648
106.205
102.568
101.238
112.452
111.846
109.246
97.4672
108.664
101.254
102.13
106.307
101.854
92.409
107.283
101.396
118.631
118.868
103.824
117.049
100.426
97.3518
102.761
102.931
102.114
101.753
102.012
92.8399
104.501
101.014
88.9386
125.465
134.623
193.453
127.474
144.598
125.516
154.551
154.607
99.8444
132.548
80.1413
125.958
78.3063
155.725
98.1953
109.402
97.6838
90.019
90.9415
99.0367
103.115
100.4
102.168
106.357
99.4234
100.481
99.2149
102.14
101.828
97.061
105.932
106.576
107.743
103.629
103.278
105.799
97.1227
105.842
107.903
104.593
96.8747
96.8526
101.42
95.4886
96.1529
102.976
115.465
119.741
105.525
105.738
103.617
102.709
106.662
106.989
111.386
101.305
102.2
102.559
102.571
101.999
102.754
100.853
99.0757
93.0215
81.2385
92.0957
86.9109
96.7151
87.2754
94.8297
100.182
89.3252
96.7587
103.097
100.162
89.116
97.5364
95.8714
95.3391
95.0781
91.9646
93.1631
93.1437
93.089
94.2394
93.0797
92.4084
87.677
93.5196
91.1051
87.8019
115.506
104.532
106.441
105.659
112.3
104.583
104.835
102.391
101.984
97.3128
115.971
95.078
112.795
102.22
121.621
131.365
105.008
104.098
124.151
119.471
105.797
101.02
97.4885
106.229
97.152
97.2924
102.685
105.532
96.3504
97.3722
97.0324
97.1102
100.797
97.3389
97.2334
129.739
98.1383
91.3275
98.7659
94.4058
93.5484
110.84
100.111
96.8284
95.4385
95.2621
97.1665
96.9426
96.9351
97.0432
98.4276
99.8869
97.7891
99.318
98.3053
98.977
97.3711
95.2569
99.5326
99.3068
96.5576
94.9985
97.0977
147.442
112.983
114.233
115.833
118.281
116.549
117.6
96.8771
96.0815
96.2131
95.6057
98.285
98.3808
95.7775
96.8348
95.925
96.3642
97.1034
96.4118
96.6564
96.6839
97.3341
98.4307
98.494
97.3519
102.865
97.453
97.4451
96.7526
96.7857
96.3952
96.9622
96.1938
96.0894
96.2032
98.3348
96.7806
96.8276
95.4862
95.5902
96.2414
96.0503
101.492
96.241
95.229
96.7042
96.7788
97.1247
97.5437
97.7391
98.0293
99.6911
97.6128
96.9943
98.0281
100.367
103.516
102.768
103.553
105.935
104.044
104.994
104.258
95.7652
95.5928
95.3433
98.9821
95.3524
95.8481
98.583
96.0683
96.1103
95.8922
98.5247
96.3391
95.8699
98.6423
97.2455
118.276
98.2751
96.2247
96.8373
96.6619
104.921
98.3977
98.4013
98.4364
102.637
98.2681
97.6089
99.4749
97.0391
98.5149
98.6115
97.5961
97.305
97.1561
97.5996
127.669
106.91
110.383
115.467
122.516
140.448
117.304
73.5692
122.573
128.412
154.387
58.2979
117.567
127.687
102.482
96.3612
98.5668
106.64
101.269
95.3273
98.0723
101.999
107.098
102.281
109.472
105.911
108.702
107.723
112.691
97.987
148.065
108.018
159.929
100.201
110.378
113.731
103.484
108.363
106.139
96.3994
103.844
108.842
99.062
102.862
100.287
103.946
110.757
100.437
99.0763
102.094
104.366
106.949
107.403
110.007
106.955
104.686
105.922
102.568
102.64
106.253
107.702
99.3381
115.942
94.6366
103.27
178.532
142.378
93.5613
95.5758
106.916
102.025
109.342
107.532
106.292
109.099
105.6
102.117
102.767
102.339
105.31
136.673
113.77
124.763
114.934
120.306
169.181
123.884
137.382
130.48
150.79
130.172
123.656
131.349
93.3908
107.144
116.999
102.13
96.3559
106.049
101.759
113.438
102.734
105.778
104.057
111.502
114.581
108.72
99.5548
106.233
114.446
103.664
106.282
99.6775
99.3739
98.4085
99.7306
100.792
99.8452
99.7973
98.8644
108.346
99.6607
98.5803
98.3137
99.3893
108.843
106.477
121.241
112.811
104.93
102.14
104.796
101.398
110.366
127.973
151.512
114.076
112.962
110.43
145.32
95.6116
91.7986
110.595
110.306
129.449
108.729
126.507
94.4567
96.9376
105.796
134.923
92.7382
110.386
140.173
105.485
89.963
120.99
97.8732
99.9049
87.5826
96.737
131.282
158.201
142.899
60.7137
243.861
254.926
241.91
90.5212
92.2091
129.352
147.698
89.7891
124.609
90.626
112.127
113.492
108.612
98.1822
106.825
111.521
124.777
105.246
94.8099
88.0107
88.4813
105.831
92.5404
87.7124
101.271
100.974
105.701
100.138
101.814
106.049
106.387
131.253
98.6655
140.964
102.718
98.2924
104.447
98.1701
98.926
95.6005
94.5544
94.584
94.4693
132.057
126.785
128.301
155.889
141.491
50.3569
174.436
144.81
35.4029
90.5914
131.882
90.9329
93.726
132.979
124.406
93.473
130.738
105.693
101.124
213.526
131.21
128.465
100.517
107.858
104.582
106.938
99.8647
103.672
99.0195
113.659
130.381
108.102
172.005
110.092
130.436
171.725
114.102
115.736
121.257
105.357
107.318
105.691
100.475
100.159
103.645
104.508
101.303
105.061
99.1945
105.637
98.9846
123.728
127.166
130.783
120.599
135.611
123.711
134.526
98.9651
97.2848
125.165
96.0383
107.52
124.563
113.073
105.563
106.591
113.981
98.7559
97.3264
101.78
106.426
120.949
109.414
109.366
101.548
101.524
107.132
108.113
132.491
117.25
116.804
123.087
99.2157
92.6957
130.238
102.819
117.691
103.589
120.15
106.16
104.567
105.779
105.643
98.4031
105.693
101.966
106.768
98.3357
105.484
158.047
110.705
88.9235
-143.175
145.498
-127.466
153.505
121.738
99.3282
93.1012
218.07
134.099
225.042
130.438
104.365
104.789
101.019
105.745
105.806
98.6188
100.669
100.855
96.9816
95.3666
98.5018
97.3616
101.717
101.405
87.6397
93.8692
100.928
132.581
87.8424
92.1322
98.6002
96.3067
83.8361
84.3016
285.597
134.391
166.187
186.153
100.393
98.872
93.9565
202.531
140.655
152.163
226.554
97.8874
144.665
123.252
98.1282
98.919
115.687
123.866
96.0927
131.455
122.699
99.7563
99.7868
95.6252
102.284
104.541
103.209
98.9095
104.896
99.3218
103.171
107.911
105.032
101.583
102.538
112.042
105.095
103.219
102.856
116.796
133.098
116.751
106.158
109.934
132.766
128.007
116.659
118.277
118.454
115.115
114.694
109.239
110.281
100.085
104.422
102.485
99.5109
105.17
99.7602
103.28
101.519
101.605
102.256
99.9206
105.65
116.789
102.988
104.197
107.668
107.733
106.911
106.333
106.151
105.795
108.157
113.961
106.703
108.487
108.111
107.565
105.719
115.566
99.1347
89.2163
102.822
117.499
105.089
89.5683
124.586
95.5429
123.918
102.231
99.6685
96.4043
95.7991
122.349
110.27
112
117.52
116.728
113.808
116.35
109.046
108.819
94.1653
108.791
93.3937
97.9493
97.9668
97.5745
95.3048
97.3757
95.9735
95.9476
95.9318
96.0717
102.61
109.749
96.4489
93.0149
102.187
136.717
103.538
115.897
102.359
92.2066
90.0462
91.8328
89.9128
115.447
97.6099
97.4907
97.0377
99.0292
97.2455
107.415
107.186
95.9858
116.025
129.899
96.6827
98.5196
128.707
120.422
100.019
103.643
108.69
95.2301
100.366
102.798
118.887
96.7461
103.387
102.561
118.205
138.096
154.87
129.571
106.166
128.191
106.754
108.246
122.952
116.635
117.174
108.934
128.631
112.679
108.133
116.955
212.45
109.24
98.2306
96.0595
100.215
98.2137
102.513
97.0819
99.8967
203.8
83.5529
90.0679
194.425
185.732
84.5356
143.669
103.335
105.657
95.4867
136.539
121.477
129.135
130.582
126.639
108.465
106.596
112.483
103.567
108.219
105.976
98.1858
101.381
123.654
99.9831
98.4873
102.345
123.434
97.8909
103.641
148.227
98.5811
99.8777
104.867
98.5813
78.1911
104.332
99.9732
114.571
98.1718
196.678
90.846
100.379
99.9336
100.451
98.4123
102.584
98.1246
103.017
58.9528
151.969
119.677
119.292
122.629
122.673
65.8749
111.692
101.241
103.588
101.093
101.519
99.2602
100.214
100.734
106.9
101.522
100.196
104.315
99.3993
101.839
89.3164
188.917
189.025
80.1792
78.7792
145
147.254
113.549
122.004
116.009
128.52
105.172
107.576
144.959
109.647
140.794
105.148
122.08
125.844
109.437
143.987
96.9151
105.059
100.584
105.425
102.301
103.349
103.6
107.894
87.7438
109.204
103.036
105.669
104.212
106.095
101.088
102.246
106.755
106.906
106.273
105.026
100.546
118.215
116.741
105.476
101.237
101.113
104.651
103.444
102.907
115.051
128.23
110.404
119.719
72.9948
70.4109
120.508
106.356
118.505
118.329
127.231
131.875
97.0236
97.2821
111.224
97.6908
104.589
99.5889
144.347
119.852
101.01
102.918
96.3716
102.906
100.067
105.727
104.476
105.764
103.539
100.6
100.12
100.452
101.081
108.729
102.004
104.92
99.0707
103.752
102.494
100.546
105.905
87.5506
90.4766
89.6708
90.5221
90.1579
91.1714
90.9574
100.303
103.207
101.448
93.5646
94.2956
101.122
100.425
106.75
112.704
113.414
100.197
101.888
97.9847
100.178
120
128.174
103.738
104.369
107.879
98.6479
98.5148
121.757
100.498
105.567
147.773
101.027
102.407
159.637
109.972
94.3112
105.046
116.447
107.883
94.1744
113.346
105.043
105.624
231.546
90.6711
108.279
102.932
91.1982
103.532
98.7127
105.967
102.496
98.3099
99.8667
99.8907
100.221
100.188
109.391
122.645
105.093
102.745
103.095
101.431
119.499
101.673
100.783
134.8
131.735
101.117
112.677
91.8827
106.606
105.062
103.103
88.7616
114.615
122.913
102.178
103.155
99.8555
157.05
108.737
99.396
107.352
109.763
108.393
121.227
120.639
108.933
111.938
106.834
108.664
108.311
120.813
120.03
107.495
104.685
147.102
133.2
129.72
155.18
127.437
110.753
154.226
112.057
121.274
145.343
104.258
110.216
104.711
107.399
99.48
93.6397
113.37
97.0335
108.237
94.1402
97.8217
101.744
122.372
139.867
131.17
138.473
36.5203
56.3059
94.6111
115.566
91.4802
124.803
112.538
124.223
131.161
99.2034
93.0752
88.0341
110.322
109.424
126.16
122.259
106.75
105.727
93.5751
111.893
119.998
109.256
138.881
128.965
122.839
114.863
93.2393
93.3993
109.349
113.5
104.055
100.909
112.091
109.3
132.575
103.177
119.161
102.742
108.304
100.753
97.59
163.999
98.1312
100.976
108.442
110.242
137.34
118.207
114.777
107.477
106.972
80.1994
94.7702
95.7798
92.6495
81.8064
96.267
97.4711
118.668
105.142
117.713
118.937
123.718
114.732
94.8156
81.4333
93.2218
97.5074
94.8277
110.93
93.2704
100.052
101.98
93.2681
97.6321
120.92
93.0044
93.06
95.8988
107.818
113.869
110.235
104.237
120.89
115.853
104.657
116.979
94.8566
100.118
124.894
102.434
98.1694
98.7492
92.1868
91.5087
91.3994
92.7447
103.926
102.147
102.68
92.6358
115.418
93.9045
92.9399
115.994
94.0934
104.581
113.071
101.672
115.973
114.196
107.821
96.2204
96.8611
110.478
103.808
110.688
106.733
105.142
106.901
104.773
114.429
101.2
140.503
132.16
126.074
101.573
121.408
103.841
89.0527
91.4531
115.898
109.155
161.41
149.329
142.892
108.111
133.349
118.392
123.603
101.719
102.025
89.8454
146.71
107.242
110.974
111.531
113.848
135.107
99.3101
102.815
94.8523
151.943
147.724
108.412
127.924
105.803
109.882
107.929
91.9744
102.512
102.608
90.0886
103.563
105.818
103.857
104.404
116.536
110.496
103.375
103.348
110.827
107.024
100.048
100.503
107.266
127.314
107.341
116.493
109.727
102.851
106.625
112.44
150.72
112.273
99.4056
100.029
105.681
104.964
97.9208
98.2214
107.455
99.5219
108.395
97.4689
97.3198
100.33
100.283
107.115
116.627
116.236
110.151
99.9166
108.786
102.737
104.921
118.093
107.763
131.461
96.9257
141.737
100.677
113.61
116.441
117.06
97.5418
102.71
102.655
100.102
104.936
108.793
120.948
116.492
110.313
102.703
102.687
100.953
103.752
105.192
101.852
99.7491
102.782
104.45
105.618
106.42
156.799
99.8754
100.47
173.257
97.6417
99.8909
107.949
98.4267
138.914
87.8386
87.4306
126.608
105.479
98.1318
95.9706
111.837
116.427
102.446
110.777
122.638
115.11
106.902
118.642
109.681
117.401
106.468
100.65
103.068
101.417
108.909
102.728
102.976
110.556
143.852
101.026
89.7692
88.0849
101.288
122.642
88.6536
99.2032
102.271
99.8363
94.0201
87.9948
90.4838
92.5736
101.837
93.4436
96.0123
92.5423
72.614
93.1398
98.081
97.3994
108
100.394
100.53
101.117
105.346
103.901
157.17
150.648
72.8904
97.8432
198.343
126.411
77.9353
120.104
47.3558
143.799
122.104
142.849
229.431
94.5474
101.198
98.8176
114.59
100.621
111.365
99.9034
109.019
108.906
96.2498
95.9299
87.1952
93.9694
86.2801
115.889
93.3185
88.1265
97.9486
95.273
106.63
99.8496
108.006
90.9475
97.738
90.7959
104.124
128.575
127.011
105.569
103.396
108.729
109.78
113.136
110.384
104.44
99.4428
121.132
113.373
102.25
130.871
103.722
106.958
135.519
104.765
88.0928
85.9781
154.12
139.331
96.1828
149.178
105.816
122.735
101.267
116.425
109.552
100.328
106.606
122.694
87.9323
84.656
158.306
93.5822
89.5593
157.961
117.661
90.647
87.0161
84.8251
211.915
158.664
89.4329
96.7814
116.954
94.667
93.2109
96.1877
96.1905
93.9526
109.264
108.847
109.4
109.519
99.3449
99.6612
110.573
141.864
108.846
113.66
100.481
131.257
131.983
105.487
103.349
111.615
107.296
110.624
103.283
105.038
109.994
113.576
108.544
117.85
112.21
113.895
107.093
109.92
98.5216
120.906
128.711
102.563
111.077
116.507
103.723
98.4285
102.436
105.577
102.989
100.787
101.417
98.6321
131.195
93.1974
136.5
103.395
104.345
105.371
107.681
102.019
103.349
100.973
105.072
101.567
103.465
100.928
108.824
127.001
105.526
101.325
100.202
100.039
120.99
118.166
112.41
104.656
110.658
107.404
104.625
99.8332
171.21
295.512
175.044
94.3885
55.8708
108.489
98.1921
105.206
103.076
98.5889
95.0164
99.0168
106.313
96.2343
100.92
100.265
106.433
100.787
128.176
97.5503
97.162
96.8549
105.56
107.942
95.9993
90.1247
96.6093
95.8724
98.3484
236.14
144.497
112.171
130.189
105.642
130.15
113.392
118.891
117.747
119.832
106.692
101.184
123.205
120.84
147.246
123.153
102.447
65.0531
145.274
129.122
109.611
107.065
112.394
105.017
105.183
101.956
106.213
103.169
131.021
140.513
98.78
98.9377
114.586
107.761
102.114
124.022
107.488
144.359
160.038
112.066
181.437
80.6232
116.424
94.3891
126.145
96.4026
113.251
74.1853
110.874
93.3577
97.8047
100.378
95.488
108.833
98.5168
121.565
106.044
116.96
105.791
102.191
103.633
102.559
108.989
146.341
113.815
122.291
108.185
114.09
143.641
147.785
140.194
229.623
106.623
125.421
374.83
329.038
154.8
124.712
123.654
123.064
143.764
106.097
134.963
93.876
108.994
108.224
117.102
50.5596
143.364
114.848
101.834
82.0775
100.331
155.616
101.984
119.985
129.934
101.683
99.9777
101.735
100.107
103.204
108.82
102.279
135.412
86.6501
112.424
170.087
123.617
112.797
89.0466
166.87
122.355
125.971
114.208
106.405
110.114
111.34
113.042
102.608
114.855
90.9762
108.868
101.672
91.7859
141.233
94.3047
94.7651
89.948
149.5
95.575
110.7
95.209
139.544
131.638
128.519
98.2746
107.761
149.755
64.7442
265.903
190.583
224.22
124.632
42.7912
41.882
234.394
119.804
134.8
109.195
-15.9199
112.049
3.55742
94.5555
104.992
96.22
90.0244
102.291
103.439
98.5205
236.815
164.917
151.365
161.414
44.3463
38.9345
103.662
87.7315
83.5459
112.657
105.703
88.1224
112.434
138.166
124.02
139.62
144.441
108.714
0.411452
-3.00322
123.144
62.3699
190.269
178.383
95.0328
124.513
45.0689
35.4969
128.088
153.626
151.166
39.6281
52.7029
165.292
148.483
334.016
250.245
124.901
86.2548
122.328
192.631
170.613
240.068
101.589
106.185
104.514
129.319
104.071
138.632
55.6336
150.464
262.705
112.091
2.58199
146.305
111.447
348.716
169.438
93.5258
-13.4741
297.75
-31.8935
169.225
103.277
115.5
201.466
198.336
211.268
218.703
107.304
115.482
86.7355
179.662
138.376
120.137
115.61
99.9671
97.2172
104.849
116.726
101.326
104.93
100.11
100.301
196.241
158.929
82.4691
119.808
67.3216
122.031
84.799
101.255
102.991
105.03
98.7756
100.625
103.364
108.365
52.7938
52.4284
125.314
154.799
165.774
234.377
52.9666
42.1833
55.0819
57.5379
112.341
128.28
120.691
106.557
142.465
155.217
158.185
152.265
179.672
367.586
150.009
178.153
93.5282
0.562626
205.314
118.673
525.956
102.712
118.766
133.997
133.645
217.983
180.894
110.778
213.261
74.8361
112.754
113.861
72.0097
149.018
143.06
110.378
119.228
106.783
106.5
109.018
112.052
107.171
108.368
148.326
121.102
263.127
101.096
96.3663
182.378
163.168
88.5073
117.664
152.888
224.127
53.8439
115.873
113.345
118.861
235.958
120.536
53.878
133.63
115.381
72.523
)
;

boundaryField
{
    inlet
    {
        type            fixedFluxPressure;
        gradient        nonuniform List<scalar> 
111
(
1088.31
4717.54
-11299.5
-7867.95
1315.41
-31492.7
-5998.52
1010.04
119.03
953.438
513.947
-35.6538
-92.417
-6299.31
1518.04
-46295.8
2936.43
-124.848
-403.738
-7.20679
-3198.08
-3410.2
623.898
797.511
-18480.2
-1877.41
-66.3068
-3191.38
-2610.59
-3190.95
0.965734
76.7346
1288.69
-2967.37
-15304.1
-307.039
-8394.33
-85451
-31213.4
1647.92
-22.9909
13.7939
3700.36
-3573.44
-0.0285116
-1090.66
-405.029
-10539
-854.94
-140221
20257.8
-141411
2941.88
-10828.7
-759.2
-2112.46
-154757
1128.22
-34396.6
-27372.1
-826.329
51287
26848.3
667.38
-153802
-3244.79
336.064
-8876.62
-268.876
-155.706
-155894
-205607
-9522.74
-139.684
-114.826
-13084.2
-23031.5
-4729.84
-2.64589
280.906
5030.13
207.338
-171.175
-17849.5
-46049.1
-1012.44
-2162.46
-930.462
2234.98
214.063
24.4948
26305.4
-20632.2
-10072.8
-6602.06
-4907.81
11090.3
17002.7
-4823.77
-100.752
-456.654
55.4728
-65325.5
7148.06
-13330
-3330.34
-3340.71
1818.45
-1447.41
-170296
-111.252
)
;
        value           nonuniform List<scalar> 
111
(
102.144
107.07
95.0873
97.2698
97.1859
96.9447
86.8457
98.0455
99.7578
100.378
101.441
101.667
105.016
99.5163
97.7435
90.9919
97.0925
94.8631
96.1618
98.3369
95.0716
95.7635
105.567
103.306
83.0465
101.83
91.1819
89.8412
91.2932
93.9767
102
100.93
103.848
97.1695
90.7398
100.667
88.2856
85.9701
100.414
101.632
102.334
101.387
102.283
101.292
103.641
104.334
102.944
94.5167
102.608
34.0833
97.8753
45.7227
97.1173
83.4789
89.9117
100.818
28.2252
113.241
97.4099
89.4117
122.426
139.154
128.291
101.243
42.2285
110.469
92.9856
87.3874
94.5013
105.064
16.837
20.8879
85.3018
93.1307
93.1069
90.3819
89.1562
102.555
101.85
103.063
108.783
98.2355
102.36
107.5
79.2372
92.0672
92.9385
91.6115
95.3755
93.6577
111.627
123.152
100.303
97.5251
100.421
96.0667
103.975
107.137
98.3745
104.971
103.008
103.405
83.7532
116.826
119.478
91.6919
96.8457
98.7141
93.5808
25.5168
89.8923
)
;
    }
    outlet
    {
        type            fixedValue;
        value           uniform 0;
    }
    lowerWall
    {
        type            fixedFluxPressure;
        gradient        uniform 0;
        value           nonuniform List<scalar> 
1055
(
99.9671
102.351
106.39
105.14
95.8701
112.695
92.8463
96.0247
99.5197
98.4701
99.7263
99.1395
93.1089
111.668
94.5131
118.799
102.18
96.2469
97.1283
98.4821
102.273
103.318
110.629
98.0476
105.473
89.002
96.3624
96.3115
94.3109
99.1941
107.051
109.547
101.39
100.494
104.604
103.77
92.5993
103.361
96.7247
100.88
116.079
114.571
101.998
102.248
102.439
87.0182
100.3
93.2024
95.1399
78.3619
126.201
101.981
102.439
101.379
101.305
99.0903
99.4997
100.153
93.7631
87.0856
104.428
102.642
101.794
101.022
100.238
99.3257
98.9131
97.5644
95.2999
96.415
96.4498
97.5502
97.4136
97.7287
97.6939
97.5321
96.1038
94.7257
94.2286
95.1368
93.286
93.3276
93.324
93.1005
92.8226
92.4601
92.0833
91.8018
91.8391
92.6303
90.4141
90.5631
90.5668
90.4453
90.2557
90.017
89.7437
89.6042
89.6775
90.0436
87.6912
87.7992
87.8167
87.7398
87.6055
87.4441
87.2936
87.2108
87.2732
87.484
85.0471
85.1235
85.1262
85.1073
84.9998
84.8966
84.8084
84.7654
84.8139
84.9211
82.451
82.5225
82.5124
82.4881
82.4359
82.3683
82.3321
82.3084
82.3305
82.3722
79.9088
79.9539
79.9563
79.9318
79.8944
79.8598
79.8403
79.8259
79.8374
79.8734
77.3944
77.4163
77.4239
77.4143
77.3982
77.3902
77.3648
77.3357
77.3555
77.3748
74.9111
74.9322
74.9219
74.9213
74.9144
74.9154
74.9007
74.8989
74.9032
74.8992
72.4476
72.4558
72.469
72.4658
72.4706
72.4734
72.4651
72.4554
72.4358
72.4415
70.0165
70.039
70.0562
70.0494
70.0358
70.0366
70.0398
70.0288
70.0134
70.0184
67.6129
67.6384
67.6527
67.6307
67.6075
67.6014
67.603
67.6183
67.6114
67.6102
65.2339
65.2381
65.2357
65.2375
65.2356
65.2284
65.217
65.2109
65.2196
65.2246
62.8576
62.8651
62.8665
62.8749
62.8773
62.8743
62.8616
62.8532
62.8478
62.8522
60.5073
60.5092
60.5123
60.5113
60.5099
60.5065
60.5063
60.5026
60.4973
60.4997
58.1856
58.1755
58.1687
58.1717
58.1758
58.1764
58.1766
58.1756
58.1809
58.1848
55.8561
55.856
55.8502
55.8522
55.8553
55.8654
55.8751
55.8768
55.8724
55.862
53.5522
53.54
53.5432
53.5545
53.5633
53.5685
53.5756
53.5758
53.5773
53.5671
51.2654
51.2525
51.2455
51.2561
51.271
51.2845
51.2837
51.2877
51.2878
51.2847
48.9873
48.9794
48.9651
48.9653
48.9752
48.9858
48.9923
48.9938
48.9881
48.9936
46.7074
46.71
46.7151
46.721
46.7157
46.711
46.7074
46.7042
46.7034
46.7061
44.4468
44.4543
44.4646
44.4589
44.4464
44.4397
44.4416
44.452
44.4454
44.4436
42.2114
42.2136
42.2173
42.2067
42.1985
42.1897
42.2028
42.2081
42.2063
42.2072
39.9728
39.9881
39.9928
39.9927
39.9864
39.9785
39.9784
39.9737
39.9608
39.9641
37.7598
37.7738
37.7727
37.7673
37.7591
37.754
37.7439
37.7404
37.7399
37.7468
35.5767
35.5732
35.5532
35.5478
35.5447
35.5384
35.5322
35.5366
35.5545
35.5706
33.3878
33.3762
33.3649
33.3606
33.3594
33.3615
33.3683
33.3749
33.38
33.3876
31.189
31.1913
31.1967
31.2075
31.2084
31.2116
31.2153
31.2132
31.2061
31.1956
29.0223
29.0291
29.0398
29.0627
29.0704
29.0725
29.0674
29.0563
29.0449
29.0333
26.9128
26.9065
26.905
26.9133
26.9232
26.9347
26.9402
26.9388
26.9314
26.9241
24.836
24.8199
24.81
24.8066
24.8096
24.8256
24.8381
24.8461
24.8492
24.8465
22.7695
22.751
22.7479
22.7485
22.7529
22.7575
22.7592
22.7634
22.7671
22.7703
20.6971
20.6956
20.6981
20.7045
20.7148
20.7161
20.7067
20.7001
20.6986
20.6968
18.6533
18.6592
18.6678
18.6735
18.6721
18.6673
18.659
18.6552
18.6522
18.6521
16.6542
16.6588
16.6569
16.6465
16.6299
16.6176
16.6128
16.6229
16.6321
16.6437
14.6597
14.6633
14.6539
14.6315
14.613
14.6019
14.6007
14.6118
14.6269
14.6442
12.6387
12.6541
12.6541
12.6477
12.6339
12.6276
12.6253
12.6276
12.6299
12.6282
10.6436
10.6507
10.6606
10.6687
10.6651
10.6616
10.6577
10.6557
10.6511
10.646
8.69822
8.6886
8.6855
8.68863
8.69011
8.69486
8.69695
8.69879
8.70016
8.70323
6.75675
6.74294
6.73735
6.73818
6.74563
6.7622
6.76849
6.76668
6.75953
6.76246
4.80722
4.80404
4.80534
4.81292
4.82734
4.85095
4.85092
4.83997
4.82917
4.8177
2.87965
2.87994
2.88254
2.88897
2.89775
2.90832
2.91223
2.91041
2.89979
2.88518
0.962593
0.962237
0.962232
0.957344
0.955462
0.958376
0.96756
0.971445
0.972539
0.962928
104.824
102.43
105.216
102.533
102.213
102.654
101.324
101.326
101.955
100.245
100.628
101.023
99.8199
99.4539
100.431
99.7021
98.9887
99.2547
99.5736
98.1436
98.8341
95.6238
95.6382
97.7895
87.6139
93.7994
94.9186
126.898
105.071
95.1263
114.373
90.8617
124.967
107.476
106.207
108.468
104.705
102.071
104.663
104.407
99.3071
100.091
98.6531
102.299
104.175
99.3983
100.89
103.72
101.562
101.422
97.9536
96.4244
99.6866
101.721
91.3416
88.6213
102.828
151.978
161.934
54.7908
116.848
107.305
112.416
110.611
103.267
102.68
105.11
102.249
102.24
102.326
104.103
100.969
102.664
100.351
100.409
102.404
100.052
99.3586
99.3019
98.8216
99.2938
102.561
98.962
99.1174
91.4082
92.8076
93.9295
74.9926
92.3402
88.8154
102.734
99.4205
99.5015
101.989
98.9917
99.4932
101.077
98.8409
98.8297
100.734
99.8148
99.1959
99.6648
99.3209
99.8757
99.0507
98.5954
99.1509
98.0172
96.5592
98.1432
95.8089
94.9397
96.0185
94.9617
95.0827
94.8009
103.316
98.3477
96.3226
101.627
102.391
106.332
103.072
103.828
102.783
108.481
106.595
104.567
102.948
104.612
117.439
102.506
103.004
102.61
102.929
102.965
102.389
101.885
101.483
107.594
101.793
101.981
101.701
102.184
101.996
101.805
100.92
100.642
103.996
100.831
101.156
100.852
101.173
102.165
100.879
99.4933
99.7681
99.6859
99.8006
99.8429
99.4997
100.65
100.318
100.129
99.299
99.3179
99.6499
99.0966
99.1843
99.1459
99.3442
99.1473
99.1249
98.5537
98.7195
99.2759
98.473
98.5867
98.3037
98.9383
98.7232
98.5613
95.6695
97.0738
97.183
96.3885
96.6245
95.479
98.2887
97.7461
97.3457
89.2731
88.7909
96.4137
93.7233
92.3012
92.2281
94.4018
93.5765
94.2858
112.718
101.241
106.448
100.796
101.297
107.704
93.4992
96.3627
97.4125
100.928
100.743
100.993
98.6308
98.4721
98.6036
100.464
100.709
100.808
98.0177
98.2685
98.3759
97.1771
97.4769
97.7997
101.113
101.663
101.503
96.016
96.7975
96.4845
101.597
101.437
101.484
96.5415
94.6326
94.9661
97.7008
95.1526
95.3251
99.2131
99.0577
98.9749
99.5328
99.6083
99.3969
94.8571
94.9745
95.336
98.7679
98.8715
98.772
101.422
101.313
102.196
100.052
99.8077
99.7021
97.5481
95.388
95.5591
95.3755
94.02
94.3244
99.7141
100.5
100.261
98.5032
98.4213
97.6971
97.2249
98.1633
97.8443
100.699
100.607
99.4765
99.0757
99.0484
88.3686
95.0172
94.7102
94.3796
111.759
102.346
97.4252
97.3421
95.8652
95.9507
98.977
100.435
100.395
94.4258
93.5152
93.7601
97.302
96.6112
95.628
102.055
100.939
101.24
98.3113
97.2892
95.847
94.0079
103.302
101.839
95.2819
96.1016
95.3197
100.059
100.296
98.8506
101.044
101.349
103.428
100.361
98.7517
100.535
104.044
101.409
101.044
97.2747
95.7671
95.9171
96.047
96.1616
97.8359
95.4162
95.5684
96.8634
97.7171
96.2435
96.3471
97.7338
100.188
97.1363
96.3682
96.556
97.5653
95.8914
95.1591
95.2145
94.2824
93.7018
93.4997
94.8633
94.7005
94.8904
100.168
102.231
114.336
130.292
99.5426
98.6991
93.7281
98.0718
106.795
101.129
109.689
99.009
104.065
103.884
115.076
104.221
113.199
111.641
101.632
110.631
106.105
100.425
101.193
98.2614
95.906
95.1938
95.4624
101.066
100.95
103.659
98.8958
104.013
104.672
97.4053
95.9716
95.9621
99.0521
99.9602
99.9522
94.8839
96.0656
112.399
93.5614
120.667
131.556
97.5726
96.7047
96.9372
98.4413
103.611
107.075
94.827
97.7988
99.088
94.8522
94.9966
95.6322
106.54
101.2
102.677
101.628
98.8782
101.752
100.266
99.367
102.229
96.1987
100.583
122.393
101.87
109.64
97.4443
93.2951
92.2261
96.5468
94.6517
93.6444
94.2863
98.9204
100.232
102.697
93.5307
107.813
101.32
86.678
96.7055
98.7469
95.0765
86.0385
120.482
119.921
93.3158
113.811
109.404
98.1534
102.798
119.746
102.778
103.91
143.996
91.3424
96.1855
117.049
102.931
103.824
102.114
88.9386
104.501
105.799
96.8526
107.903
102.559
102.571
102.2
113.492
108.612
112.127
103.672
113.659
107.858
120.15
105.779
117.691
116.025
129.899
95.9858
105.059
100.584
96.9151
94.3112
105.046
109.972
127.437
154.226
147.102
94.6111
131.161
112.538
110.322
122.259
99.2034
122.372
56.3059
139.867
94.7702
95.7798
80.1994
113.071
96.8611
114.196
109.882
90.0886
102.512
102.851
150.72
116.493
110.827
127.314
100.048
103.752
105.192
100.953
116.427
110.777
105.479
156.799
97.6417
106.42
106.902
106.468
115.11
87.8386
126.608
99.8909
90.9475
105.569
128.575
93.5822
157.961
87.9323
109.264
110.573
99.3449
108.846
105.487
131.257
112.21
109.92
113.576
95.9993
95.8724
105.56
147.246
129.122
102.447
106.692
123.205
113.392
105.017
106.213
109.611
94.3891
74.1853
116.424
102.991
105.03
101.255
)
;
    }
    upperWall
    {
        type            fixedFluxPressure;
        gradient        uniform 0;
        value           nonuniform List<scalar> 
1106
(
101.47
102.586
104.319
101.711
98.5811
90.6711
92.5423
96.2261
96.5162
100.361
100.112
95.8337
88.3171
98.6857
99.328
114.571
132.581
99.0291
101.177
97.7891
102.734
106.233
103.097
95.6148
107.046
90.604
98.2137
97.3886
107.498
97.1472
115.187
115.467
106.64
97.8198
108.056
101.285
90.1071
110.216
99.8334
98.9967
127.789
112.662
103.614
100.359
101.785
105.917
103.858
99.0713
93.8236
64.3387
116.009
109.329
103.145
101.052
100.502
99.672
99.618
99.5608
93.74
93.9558
104.404
102.637
101.783
101.041
100.233
99.3066
98.8438
97.5568
95.3009
96.4259
96.4501
97.5504
97.4157
97.7314
97.6923
97.5324
96.0983
94.7251
94.2282
95.1371
93.2859
93.3274
93.3252
93.1004
92.822
92.4595
92.0833
91.8022
91.8395
92.6302
90.414
90.5629
90.5667
90.4448
90.2561
90.0172
89.7436
89.6041
89.6774
90.0436
87.6913
87.7991
87.8165
87.7397
87.6055
87.4438
87.2934
87.2107
87.2731
87.4842
85.0472
85.1234
85.1261
85.1072
84.9995
84.8965
84.8083
84.7652
84.8138
84.9206
82.4506
82.5224
82.5123
82.488
82.4355
82.3686
82.3319
82.3083
82.3304
82.3718
79.9091
79.9537
79.9562
79.9317
79.8943
79.8597
79.8402
79.8258
79.8373
79.8734
77.3944
77.4162
77.4238
77.4142
77.3983
77.39
77.3647
77.3356
77.3554
77.3748
74.9106
74.9315
74.9218
74.9212
74.9144
74.9153
74.9006
74.8988
74.9036
74.8997
72.4476
72.4557
72.4689
72.4657
72.4705
72.4733
72.465
72.4559
72.4358
72.4414
70.0165
70.0392
70.0559
70.0491
70.0357
70.0367
70.0395
70.0283
70.0133
70.018
67.6133
67.638
67.6528
67.6306
67.607
67.6011
67.603
67.6189
67.6114
67.6101
65.2336
65.2378
65.2356
65.2372
65.2357
65.2281
65.2171
65.2109
65.2196
65.2245
62.8575
62.8657
62.8661
62.8751
62.8774
62.8744
62.8617
62.8531
62.8477
62.8518
60.5075
60.5093
60.5122
60.5112
60.5094
60.5063
60.5062
60.5027
60.4972
60.4995
58.1855
58.1749
58.1685
58.1716
58.1758
58.1762
58.1766
58.1758
58.1809
58.1847
55.8558
55.8558
55.8508
55.8524
55.8554
55.8654
55.875
55.8767
55.8723
55.862
53.5521
53.54
53.5431
53.5541
53.5628
53.5685
53.5752
53.5756
53.5771
53.5671
51.2656
51.2524
51.2452
51.2557
51.2711
51.2844
51.2836
51.2881
51.2877
51.2846
48.987
48.9791
48.965
48.9655
48.9754
48.9856
48.9921
48.9937
48.9879
48.9933
46.7074
46.7099
46.715
46.721
46.7155
46.7107
46.7077
46.704
46.7033
46.7061
44.4464
44.4544
44.4646
44.4591
44.4457
44.4396
44.442
44.4516
44.4459
44.4437
42.2113
42.2138
42.2173
42.2065
42.1983
42.1904
42.2028
42.2081
42.2065
42.207
39.9728
39.9886
39.9924
39.9924
39.9864
39.9786
39.9786
39.9736
39.9607
39.9635
37.76
37.7739
37.7723
37.7672
37.7591
37.7536
37.7436
37.7402
37.7398
37.747
35.5767
35.573
35.5534
35.5477
35.5447
35.5381
35.5321
35.5365
35.5555
35.571
33.3874
33.376
33.3651
33.3605
33.3593
33.3624
33.3683
33.3748
33.3799
33.3874
31.1889
31.1913
31.1968
31.2076
31.2083
31.2117
31.2151
31.2131
31.2057
31.1949
29.0222
29.0289
29.0398
29.0625
29.0703
29.0722
29.067
29.0563
29.0449
29.0335
26.9127
26.9064
26.9047
26.9131
26.9234
26.9346
26.9401
26.9387
26.9314
26.9241
24.8359
24.8203
24.81
24.8066
24.8096
24.8255
24.838
24.8459
24.8489
24.8464
22.7694
22.7507
22.7478
22.7486
22.7529
22.7574
22.7592
22.7633
22.7669
22.7702
20.6968
20.6955
20.6979
20.7044
20.7151
20.7162
20.7068
20.7
20.6985
20.6967
18.6531
18.6592
18.6678
18.6734
18.6719
18.6669
18.659
18.6548
18.6523
18.652
16.6543
16.6589
16.6572
16.6463
16.6296
16.6175
16.6125
16.623
16.6323
16.6437
14.66
14.6632
14.6539
14.6314
14.6132
14.6018
14.6007
14.6118
14.6267
14.6441
12.6388
12.653
12.6537
12.6477
12.6344
12.6275
12.6254
12.6276
12.6296
12.628
10.6436
10.6508
10.6609
10.6687
10.665
10.6613
10.6574
10.6556
10.651
10.6459
8.69823
8.68862
8.68525
8.68854
8.69002
8.69477
8.69686
8.6987
8.70003
8.70321
6.75657
6.74276
6.7371
6.73797
6.74571
6.76219
6.7687
6.76661
6.75937
6.76212
4.80712
4.80399
4.8054
4.81285
4.82721
4.85096
4.85079
4.8399
4.82906
4.81759
2.8795
2.88021
2.88261
2.88887
2.89772
2.90762
2.91169
2.91044
2.8998
2.88528
0.962603
0.961997
0.96199
0.956884
0.955422
0.958309
0.967638
0.971449
0.972443
0.962844
105.182
102.427
100.263
102.639
102.209
103.933
101.97
101.346
101.569
101.036
100.595
103.122
100.441
99.4743
98.7655
99.31
98.9851
99.7115
98.7322
98.1344
98.7865
97.7907
95.6393
95.3208
94.9171
93.8059
86.0928
95.1652
105.077
124.041
134.22
101.157
157.467
106.882
104.131
105.327
101.72
106.975
106.279
100.21
105.056
105.638
101.586
85.3091
99.7762
100.307
100.974
103.164
99.8198
99.0829
102.265
104.913
93.0335
107.055
98.949
90.1782
97.9124
283.434
146.908
94.8384
111.271
107.739
114.105
103.099
103.034
92.344
102.414
102.04
104.947
100.906
101.722
106.26
100.309
100.258
97.5565
99.1013
99.1704
99.7441
99.3648
98.9342
99.4433
99.0308
98.6226
99.8423
94.0237
93.2732
94.0768
91.4678
94.924
91.1317
99.5009
99.4189
102.763
99.4918
98.9914
101.977
98.8288
98.8385
101.084
99.1995
99.8159
100.708
99.876
99.3214
99.6918
99.1524
98.5949
99.0417
98.1431
96.553
98.0191
96.0162
94.9393
95.8057
94.8012
95.0835
94.9578
96.322
98.3485
103.301
104.553
106.662
108.476
102.771
103.786
103.096
105.111
101.792
101.466
102.366
102.659
103.017
102.703
102.957
102.531
106.776
105.192
103.069
101.791
101.797
102.138
101.692
102.078
101.736
102.452
101.591
101.715
100.851
101.118
101.145
100.955
101.337
100.853
106.562
102.715
101.153
100.118
100.144
100.598
99.4218
99.8517
99.7552
99.592
99.7298
99.1342
99.1313
99.1251
99.3223
99.1426
99.2192
99.0829
99.7219
99.3519
99.3135
98.572
98.7763
98.9495
98.301
98.5804
98.4553
99.0118
98.7009
98.5493
97.4221
97.6832
98.3929
95.5368
96.5571
96.3813
96.943
97.2008
95.5466
94.3025
93.7611
94.446
92.2116
92.2774
93.8076
98.1612
93.5781
89.9081
97.4384
96.6744
93.992
107.711
101.315
100.808
102.18
100.989
112.564
100.991
100.745
100.908
98.5971
98.5371
98.5989
100.793
100.719
100.455
98.3639
98.2905
98.0164
97.7942
97.4507
97.1523
101.557
101.645
101.103
96.4808
96.797
96.0151
101.48
101.417
101.606
103.048
105.979
94.6769
98.03
102.311
99.8365
101.055
95.7591
99.6045
94.9656
94.6321
96.5431
95.3244
95.1515
97.6987
98.9724
99.0593
99.2147
99.397
99.6082
99.5309
95.3362
94.9874
94.859
102.19
101.328
101.433
98.7723
98.8718
98.7675
99.7016
99.8076
100.052
95.5601
95.3888
97.55
94.3234
94.0191
95.375
100.262
100.5
99.7115
97.6945
98.4217
98.5026
99.5329
100.641
100.697
97.8433
98.2015
97.292
96.4677
95.5431
96.3852
94.3571
94.7211
95.0159
104.547
100.2
97.7572
95.951
95.8654
97.3422
100.395
100.434
98.977
93.7605
93.5155
94.4266
95.6278
96.611
97.303
101.242
100.945
102.038
103.974
109.381
100.237
101.253
103.158
100.976
95.8491
97.2914
98.3385
91.1617
110.326
102.882
95.318
96.0954
95.2799
98.8512
100.3
100.059
94.6486
84.9534
103.019
103.37
101.353
101.045
112.997
131.828
110.072
100.528
98.7498
100.355
101.039
101.409
104.004
95.9159
95.7661
97.2605
97.8263
96.1612
96.0468
108.036
95.7783
96.056
132.507
10.6134
26.8351
96.858
95.5673
95.4138
96.3459
96.2424
97.7085
116.933
100.809
96.5168
100.672
104.957
114.133
99.8148
95.916
96.6701
104.718
101.936
77.9876
93.5653
95.256
94.7834
100.598
97.9978
103.782
113.2
112.201
99.4564
97.5676
96.5574
96.3695
95.2131
95.1579
95.8921
93.5001
93.7022
94.2827
94.8907
94.7027
94.863
116.939
104.418
103.033
95.0316
98.1736
101.698
99.0934
110.764
101.776
98.7583
110.952
113.214
99.7593
109.955
100.661
142.343
102.226
99.2289
136.956
-93.9884
80.9789
99.0249
99.004
102.729
95.9614
95.9706
97.4043
99.9509
99.9627
99.0521
101.243
106.965
102.733
129.45
137.236
131.445
177.918
105.697
106.917
96.9384
96.7044
97.5806
114.372
108.47
122.06
95.6372
94.994
94.8496
99.6338
101.241
101.328
101.733
96.2107
99.8028
106.434
126.806
114.668
99.9424
103.728
97.9317
93.2676
105.046
97.3713
116.339
89.6854
118.067
93.3196
104.556
98.0069
92.3427
97.6764
106.009
132.548
155.725
80.1413
90.019
103.115
109.402
100.162
97.5364
89.116
95.3391
93.089
93.1631
93.5196
87.8019
93.0797
99.318
98.977
98.3053
96.241
97.5437
96.7042
96.3391
98.6423
96.1103
96.8373
104.921
118.276
98.2681
99.4749
98.4013
122.516
117.304
140.448
101.269
98.0723
95.3273
105.778
111.502
104.057
114.446
106.282
103.664
121.257
100.159
107.318
109.414
108.113
101.548
99.2157
130.238
117.25
104.789
100.669
105.745
98.5018
101.405
96.9816
87.8424
98.6002
92.1322
140.655
226.554
98.872
144.665
123.866
98.1282
99.7563
102.284
131.455
110.27
116.35
117.52
92.2066
115.447
90.0462
102.513
99.8967
97.0819
105.657
130.582
136.539
108.465
105.976
112.483
99.8777
98.5813
104.867
98.1718
90.846
196.678
188.917
147.254
80.1792
119.677
65.8749
119.292
125.844
143.987
140.794
122.004
144.959
105.172
100.12
108.729
103.539
104.92
105.905
103.752
108.279
91.1982
102.932
72.614
98.081
93.1398
95.9299
115.889
87.1952
154.12
149.178
88.0928
98.78
107.761
131.021
106.405
111.34
122.355
98.2746
149.755
139.544
139.62
123.144
0.411452
164.917
103.662
44.3463
190.269
35.4969
95.0328
201.466
107.304
198.336
)
;
    }
    frontWall
    {
        type            cyclic;
    }
    backWall
    {
        type            cyclic;
    }
}


// ************************************************************************* //
