/*--------------------------------*- C++ -*----------------------------------*\
| =========                 |                                                 |
| \\      /  F ield         | OpenFOAM: The Open Source CFD Toolbox           |
|  \\    /   O peration     | Version:  5.0                                   |
|   \\  /    A nd           | Web:      www.OpenFOAM.org                      |
|    \\/     M anipulation  |                                                 |
\*---------------------------------------------------------------------------*/
FoamFile
{
    version     2.0;
    format      ascii;
    class       volScalarField;
    location    "2.5";
    object      p_rgh;
}
// * * * * * * * * * * * * * * * * * * * * * * * * * * * * * * * * * * * * * //

dimensions      [1 -1 -2 0 0 0 0];

internalField   nonuniform List<scalar> 
9851
(
111.573
109.639
107.06
35.8395
116.424
104.29
97.1748
92.2919
89.5092
86.8647
84.3079
81.7966
79.3192
76.8929
74.4807
72.0982
69.7307
67.3978
65.0878
62.8007
60.5226
58.2619
56.0313
53.7916
51.5779
49.3844
47.189
44.9935
42.8155
40.667
38.5124
36.3821
34.28
32.1698
30.0528
27.9668
25.933
23.935
21.9445
19.9477
17.9788
16.0551
14.1322
12.1834
10.2614
8.38667
6.51463
4.63475
2.77684
0.928287
107.336
107.845
130.646
125.131
93.7173
97.9062
95.9568
91.4521
89.0241
86.6009
84.1581
81.7095
79.2894
76.8702
74.4611
72.0905
69.7224
67.4051
65.1053
62.8029
60.5255
58.2628
56.02
53.79
51.5634
49.3578
47.1746
44.9953
42.8287
40.6707
38.5282
36.3968
34.2784
32.1644
30.0573
27.9734
25.9287
23.9191
21.9264
19.9462
17.9842
16.0589
14.1408
12.2019
10.2682
8.37509
6.49887
4.63036
2.77413
0.927532
91.4763
100.477
118.353
109.974
96.8241
93.7247
94.0244
91.1966
88.4906
86.3558
84.0216
81.6223
79.2247
76.8395
74.4494
72.0719
69.7333
67.4303
65.1254
62.8036
60.5296
58.2664
56.0141
53.7864
51.5678
49.3576
47.1658
45.0011
42.8347
40.6728
38.5329
36.3961
34.2588
32.1518
30.0639
27.9879
25.929
23.91
21.923
19.9476
17.9911
16.0551
14.1246
12.2031
10.2783
8.37335
6.49587
4.63352
2.78166
0.928134
104.247
132.51
106.416
89.0601
89.9357
91.9018
93.732
91.1173
88.4699
86.3561
84.0067
81.6386
79.2203
76.8271
74.4481
72.0767
69.7329
67.4206
65.1018
62.8058
60.5366
58.2657
56.0178
53.7879
51.578
49.3674
47.1641
45.0062
42.8307
40.6633
38.5332
36.3916
34.2528
32.146
30.0719
28.0048
25.9349
23.9059
21.9242
19.9567
18.0006
16.045
14.1075
12.1904
10.2852
8.37637
6.49654
4.64072
2.78689
0.923612
92.1358
91.5587
109.765
90.9276
86.2196
93.0619
94.5469
91.4272
88.7019
86.4929
84.0775
81.6603
79.2451
76.8393
74.4658
72.0915
69.7484
67.4141
65.0817
62.8053
60.5405
58.265
56.0207
53.7902
51.5867
49.3824
47.1746
45.0021
42.8183
40.6559
38.5266
36.3819
34.2491
32.144
30.0726
28.0136
25.9449
23.9108
21.9281
19.9642
17.9973
16.0297
14.086
12.1784
10.2817
8.37771
6.50447
4.65498
2.79478
0.921344
90.0032
101.833
132.01
118.309
90.2611
96.5523
96.4845
92.4174
89.1125
86.7271
84.2107
81.7391
79.2978
76.8735
74.4905
72.1085
69.7633
67.4205
65.081
62.8018
60.5403
58.2625
56.0226
53.8015
51.593
49.3987
47.1859
44.9971
42.8112
40.6449
38.5172
36.3746
34.241
32.1451
30.0753
28.0149
25.9551
23.9202
21.9309
19.9639
17.9904
16.0173
14.0734
12.1698
10.2766
8.38183
6.51995
4.67967
2.80583
0.924583
87.0953
87.4563
105.67
109.252
113.276
99.7578
98.0019
93.1948
89.4249
86.8863
84.3309
81.8187
79.3617
76.9174
74.5075
72.1206
69.77
67.4336
65.0866
62.7888
60.5242
58.2613
56.0225
53.8103
51.6001
49.3952
47.1915
44.993
42.8126
40.6571
38.5158
36.3638
34.2345
32.1518
30.0786
28.0093
25.9596
23.9335
21.9319
19.956
17.9836
16.0085
14.0696
12.1669
10.2722
8.38345
6.52613
4.67862
2.80929
0.932881
98.8017
106.598
95.6985
100.506
100.133
100.241
97.6329
93.1264
89.5095
86.9719
84.3895
81.8616
79.3904
76.9351
74.4983
72.131
69.7673
67.4252
65.1037
62.7848
60.517
58.2573
56.0212
53.8121
51.5996
49.4013
47.1937
44.9913
42.8229
40.6623
38.5117
36.3609
34.2385
32.1583
30.0766
27.9988
25.9595
23.9436
21.9381
19.9518
17.9794
16.0216
14.0822
12.1718
10.2713
8.38572
6.52453
4.66777
2.80824
0.937621
98.7057
95.6
115.212
99.8397
109.133
98.9387
97.2535
92.4284
89.7269
87.0469
84.4422
81.8961
79.4005
76.937
74.511
72.1303
69.7434
67.4065
65.092
62.7918
60.5101
58.251
56.0258
53.8079
51.6029
49.4013
47.1909
44.9898
42.817
40.662
38.5
36.3613
34.2577
32.1631
30.0692
27.9873
25.9546
23.9498
21.9425
19.9491
17.9771
16.0276
14.0951
12.1713
10.2669
8.38701
6.51723
4.65624
2.79525
0.938117
96.2184
95.4736
96.7418
105.303
109.783
94.4602
96.9763
92.5676
89.7271
87.0094
84.409
81.8606
79.3575
76.9182
74.4994
72.1099
69.7385
67.4025
65.0863
62.7963
60.5112
58.2535
56.0295
53.7974
51.5921
49.3985
47.1927
44.9923
42.816
40.6639
38.5035
36.3684
34.2734
32.1707
30.0584
27.9733
25.9428
23.944
21.9451
19.9475
17.9784
16.0456
14.1156
12.1742
10.2606
8.3899
6.51909
4.64485
2.78169
0.928527
111.096
107.804
120.423
116.037
115.68
104.109
97.1667
92.2927
89.5092
86.8647
84.308
81.7966
79.319
76.893
74.4807
72.0978
69.7306
67.3978
65.0879
62.8004
60.5225
58.2619
56.0312
53.7914
51.5779
49.3844
47.1889
44.9935
42.8152
40.6667
38.5123
36.3821
34.2801
32.1697
30.0528
27.9668
25.933
23.935
21.9445
19.9476
17.9787
16.0552
14.1324
12.1835
10.2614
8.38696
6.51454
4.63473
2.77681
0.928355
107.37
105.669
98.0756
107.091
120.606
97.788
95.922
91.4524
89.024
86.6009
84.1581
81.7094
79.2894
76.8702
74.461
72.0903
69.7224
67.4053
65.1052
62.8028
60.5255
58.2628
56.0197
53.7899
51.5635
49.3578
47.1745
44.9953
42.8286
40.6707
38.5287
36.3969
34.2784
32.1644
30.0573
27.9733
25.9287
23.9191
21.9263
19.9463
17.9842
16.0589
14.1407
12.2016
10.2682
8.37506
6.4988
4.63047
2.7743
0.927485
93.3033
96.0505
127.223
82.2781
95.8307
93.72
94.054
91.1953
88.492
86.3556
84.0216
81.6223
79.2247
76.8395
74.4494
72.0718
69.7332
67.4301
65.1255
62.8036
60.5294
58.2664
56.014
53.7863
51.5678
49.3574
47.1658
45.0011
42.8346
40.6729
38.5325
36.396
34.2589
32.1518
30.064
27.9879
25.9289
23.91
21.923
19.9476
17.9912
16.0552
14.1245
12.2029
10.2783
8.37332
6.49584
4.63359
2.78167
0.928128
97.8171
132.068
104.079
89.2842
89.9447
92.2699
93.7318
91.1166
88.4703
86.3555
84.0068
81.6385
79.2202
76.8271
74.448
72.0767
69.7328
67.4205
65.1017
62.8057
60.5366
58.2657
56.0178
53.7881
51.5776
49.3672
47.1642
45.0063
42.8309
40.6631
38.533
36.3916
34.2528
32.146
30.072
28.0045
25.9347
23.9059
21.9242
19.9568
18.0005
16.045
14.1073
12.1905
10.2852
8.37636
6.49644
4.64071
2.78688
0.923467
87.9941
91.4281
101.02
87.8283
83.1285
93.0643
94.5113
91.418
88.7023
86.4929
84.0776
81.6603
79.245
76.8392
74.4659
72.0915
69.7484
67.4141
65.0817
62.8054
60.5405
58.2647
56.0202
53.7903
51.5863
49.3824
47.1747
45.0021
42.8178
40.6558
38.5267
36.3819
34.249
32.1439
30.0727
28.0135
25.9449
23.9108
21.9281
19.9643
17.9973
16.0294
14.086
12.1784
10.2816
8.37769
6.50441
4.65492
2.79476
0.921388
91.1985
101.815
101.054
112.589
100.525
98.4389
96.4342
92.4087
89.1129
86.7269
84.2106
81.7389
79.298
76.8735
74.4905
72.1085
69.7633
67.4206
65.0809
62.8018
60.5402
58.2624
56.0226
53.8015
51.593
49.3988
47.1858
44.9969
42.8112
40.645
38.5172
36.3741
34.2408
32.1458
30.0753
28.0147
25.9552
23.9202
21.9309
19.9639
17.9903
16.0168
14.0734
12.1698
10.2765
8.38182
6.51992
4.67968
2.80556
0.924555
87.1006
59.1997
97.6618
105.086
106.151
99.2967
97.9846
93.1881
89.4255
86.8861
84.3309
81.8187
79.3616
76.9173
74.5074
72.1206
69.7699
67.4335
65.0866
62.7888
60.5243
58.2613
56.0225
53.8103
51.6
49.3951
47.1914
44.993
42.8126
40.657
38.516
36.3635
34.2344
32.1518
30.0786
28.0093
25.9596
23.9335
21.9318
19.956
17.9835
16.0083
14.0696
12.1669
10.2721
8.38343
6.5262
4.6787
2.80917
0.932994
97.7319
105.807
101.551
101.372
100.315
100.223
97.5933
93.124
89.5102
86.9717
84.3895
81.8616
79.3904
76.9351
74.4983
72.131
69.7676
67.425
65.1039
62.7848
60.517
58.2573
56.0212
53.8121
51.5995
49.4013
47.1941
44.9913
42.8227
40.6627
38.5116
36.3609
34.2385
32.1582
30.0765
27.9987
25.9594
23.9435
21.9381
19.9517
17.9793
16.0216
14.0822
12.1718
10.2712
8.3857
6.52452
4.66775
2.80816
0.937782
98.4354
79.1844
104.539
101.425
106.961
98.8768
97.1575
92.4288
89.7269
87.0469
84.4422
81.8962
79.4005
76.9369
74.5109
72.1305
69.7436
67.4064
65.092
62.7919
60.5101
58.2511
56.0258
53.8078
51.6028
49.4013
47.1908
44.9895
42.8171
40.6621
38.5
36.3612
34.2581
32.163
30.0691
27.9874
25.9548
23.9497
21.9423
19.9491
17.9772
16.0276
14.0951
12.1712
10.2669
8.38698
6.51718
4.65621
2.79532
0.938117
96.4294
96.803
104.676
102.884
117.17
94.7184
96.9478
92.5683
89.7271
87.0093
84.4091
81.8601
79.3574
76.9184
74.4993
72.1101
69.7385
67.4021
65.0864
62.7963
60.5112
58.2535
56.0295
53.7973
51.5921
49.3987
47.1927
44.9923
42.816
40.6639
38.5033
36.3684
34.2736
32.1707
30.0583
27.9734
25.9428
23.944
21.9451
19.9475
17.9784
16.0455
14.1156
12.1741
10.2605
8.38992
6.51896
4.64483
2.78175
0.928512
113.043
107.068
118.413
120.793
112.301
104.314
97.1708
92.2923
89.5091
86.8647
84.308
81.7968
79.3188
76.893
74.4807
72.0976
69.7306
67.3977
65.088
62.8002
60.5225
58.2624
56.0312
53.7913
51.5779
49.3843
47.1887
44.9935
42.8151
40.6667
38.5124
36.3821
34.28
32.1694
30.0527
27.9667
25.9329
23.9349
21.9445
19.9475
17.9785
16.0552
14.1324
12.1836
10.2614
8.38697
6.5144
4.63465
2.77671
0.928319
107.803
103.678
98.2104
125.619
111.299
97.3364
95.9364
91.4517
89.0239
86.6008
84.158
81.7094
79.2893
76.8701
74.461
72.0901
69.7223
67.4053
65.1051
62.8027
60.526
58.2628
56.0195
53.7894
51.5636
49.3577
47.1744
44.9952
42.8288
40.6706
38.5288
36.3969
34.2782
32.1644
30.0573
27.9732
25.9286
23.9195
21.9261
19.9453
17.9842
16.0594
14.1405
12.2012
10.2682
8.3751
6.49846
4.6304
2.77442
0.927297
94.5528
118.803
98.4883
65.0019
95.0167
93.76
94.0432
91.1967
88.492
86.3557
84.0215
81.6222
79.2246
76.8394
74.4493
72.0718
69.7331
67.4298
65.1255
62.8035
60.5292
58.2663
56.0138
53.7862
51.5679
49.3572
47.1658
45.001
42.8346
40.673
38.5325
36.3957
34.2589
32.1519
30.064
27.9879
25.9287
23.91
21.9229
19.9474
17.9911
16.0552
14.1243
12.2027
10.2783
8.37325
6.49573
4.63358
2.78164
0.927825
101.351
82.8298
135.879
131.629
89.9081
92.1874
93.731
91.1183
88.4698
86.3553
84.0066
81.6383
79.2202
76.827
74.448
72.0766
69.7328
67.4203
65.1017
62.8055
60.5368
58.2656
56.0177
53.7881
51.5773
49.3667
47.1643
45.0062
42.8308
40.663
38.5329
36.3915
34.2527
32.1459
30.072
28.0044
25.9346
23.9059
21.9243
19.9568
18.0005
16.045
14.1071
12.1907
10.2853
8.37628
6.49635
4.64066
2.78676
0.923136
85.4138
90.1056
111.111
99.5136
81.2872
93.1102
94.5266
91.4218
88.7014
86.4933
84.0775
81.6595
79.2446
76.8392
74.4658
72.0914
69.7483
67.414
65.0816
62.8054
60.5405
58.2639
56.0202
53.7903
51.5861
49.3824
47.1747
45.002
42.8176
40.6556
38.5267
36.3818
34.2489
32.1439
30.0726
28.0135
25.9453
23.9108
21.9281
19.9646
17.9972
16.0289
14.0861
12.1784
10.2815
8.37762
6.50456
4.65484
2.7945
0.921298
90.2927
91.3856
106.001
66.9652
96.3647
98.3427
96.4254
92.4121
89.112
86.7272
84.2104
81.7388
79.298
76.8734
74.4905
72.1084
69.7632
67.4206
65.0807
62.8017
60.5402
58.2622
56.0225
53.8015
51.593
49.3987
47.1857
44.9968
42.8111
40.6457
38.5175
36.3739
34.2407
32.1456
30.0755
28.0147
25.9551
23.9202
21.9307
19.9638
17.9902
16.0164
14.0734
12.1699
10.2763
8.38174
6.51992
4.67972
2.80512
0.924515
89.1752
198.971
99.0875
106.076
105.709
99.1504
97.9618
93.1889
89.4249
86.8862
84.3308
81.8186
79.3616
76.9173
74.5074
72.1205
69.7699
67.4333
65.0866
62.7889
60.5244
58.2612
56.0224
53.8102
51.5999
49.395
47.1913
44.9932
42.813
40.6571
38.516
36.3634
34.2344
32.1517
30.0785
28.0091
25.9595
23.9334
21.9318
19.956
17.9834
16.0082
14.0696
12.1669
10.2719
8.38336
6.5263
4.67854
2.80878
0.932956
99.1468
111.129
106.238
104.184
90.5125
100.746
97.6095
93.1239
89.5097
86.9718
84.3894
81.8615
79.3903
76.935
74.4982
72.1309
69.7678
67.4247
65.104
62.7848
60.5169
58.2573
56.0213
53.812
51.5995
49.4013
47.194
44.9911
42.8227
40.6627
38.5116
36.3608
34.2384
32.1582
30.0765
27.9989
25.9594
23.9434
21.938
19.9517
17.9791
16.0215
14.0821
12.1718
10.2711
8.38563
6.52447
4.66771
2.80817
0.937795
105.711
93.6463
124.101
99.9103
102.659
97.2207
97.1803
92.4285
89.7272
87.0469
84.4422
81.8961
79.4004
76.9369
74.5109
72.1307
69.7437
67.4059
65.092
62.7919
60.51
58.2514
56.0258
53.8078
51.6024
49.4013
47.1905
44.9895
42.8171
40.6622
38.4999
36.3611
34.2586
32.163
30.069
27.9874
25.9548
23.9495
21.9422
19.949
17.9772
16.0276
14.095
12.171
10.2668
8.38691
6.51708
4.65614
2.79527
0.938026
96.2927
100.014
102.85
100.684
113.528
95.1452
96.9424
92.5678
89.727
87.0092
84.4091
81.86
79.3571
76.9184
74.4993
72.1103
69.7384
67.4014
65.0865
62.7962
60.511
58.2534
56.0294
53.7973
51.5921
49.3986
47.1926
44.9923
42.8159
40.6639
38.5031
36.3686
34.274
32.1706
30.0577
27.9735
25.9428
23.9439
21.9451
19.9474
17.9784
16.0454
14.1155
12.1739
10.2605
8.38987
6.51878
4.6447
2.78175
0.928444
99.9537
99.0988
97.8507
104.118
99.8414
99.0583
97.7368
97.2288
94.4049
94.8272
97.6901
97.1387
94.3738
94.8464
94.4688
92.1451
93.4699
93.7209
94.4748
92.1489
93.4343
93.3923
92.5877
93.9191
92.2743
93.3831
92.5747
93.9794
94.2285
96.7161
95.7918
93.0526
94.2465
96.7225
95.7167
96.5485
99.8854
97.8439
96.5817
96.5094
100.028
97.8421
98.2034
99.8022
97.9354
99.4113
98.3949
99.8177
97.9172
97.8577
98.8928
97.4625
100.049
97.8747
98.82
97.4649
97.9075
95.6984
97.4012
98.8613
97.9276
95.3494
97.4006
98.1796
112.927
98.5619
95.2596
98.0456
106.675
98.5352
99.8301
99.065
97.7262
104.048
99.8352
98.8897
97.7457
97.1386
94.3664
94.8491
97.2826
97.1054
94.3784
94.8481
94.473
92.1548
93.5212
93.7498
94.4676
92.124
93.4086
93.4603
92.5678
93.8094
92.2032
93.415
92.5482
93.8819
94.2241
97.4847
95.7531
93.0925
94.2194
95.7916
95.7628
96.4977
99.9299
97.874
98.4027
96.5472
99.8431
97.8401
98.3586
99.7952
97.8881
99.1423
98.154
97.9687
97.8882
97.8588
98.6804
97.4671
100.496
97.8822
98.3162
97.5066
97.9294
95.1609
97.3979
99.473
97.9294
95.5425
97.4033
98.0512
104.314
98.4741
94.7769
98.0517
105.045
98.572
99.8478
98.991
97.7551
104.244
99.9487
98.171
97.8687
97.1224
94.3571
94.8422
97.7072
97.2257
94.3614
94.8294
94.4673
92.1404
93.5465
93.7732
94.4578
92.2802
93.4823
93.4913
92.5516
93.7604
92.2027
93.4103
92.6522
93.8461
94.2912
95.8744
95.8085
93.2512
94.2076
98.1079
95.7553
96.5288
99.8545
97.8929
98.0556
96.5257
100.048
97.85
98.2373
98.0922
97.8716
99.2495
98.1126
98.0764
97.8758
97.9226
98.3598
97.5122
100.257
97.8604
101.362
97.5148
97.9281
97.379
97.4029
99.7153
97.9103
96.6956
97.399
98.0621
105.037
98.5797
91.6549
98.1997
105.002
98.6106
107.669
98.759
100.304
116.765
106.314
98.4611
99.8249
101.279
102.404
102.869
104.132
102.93
101.271
102.412
95.131
96.5524
94.2755
97.1702
95.1408
96.5467
94.2845
94.9808
96.1173
93.7044
92.9273
95.0185
93.4336
93.7255
95.9661
97.118
96.3551
98.252
97.1213
96.0079
95.9633
93.658
94.524
92.9095
95.9235
93.6662
94.4161
92.9173
92.8298
88.2988
91.0667
97.1868
92.7564
88.4302
91.0916
93.4257
94.056
93.2378
93.7245
94.0476
93.2099
93.4297
92.3268
93.6376
91.7155
94.0518
92.334
93.6023
91.7188
92.1119
92.3188
92.2431
89.9164
91.9154
92.3223
92.2477
91.6452
92.7763
94.384
91.9603
92.5838
94.388
92.5049
91.8056
94.4809
92.4019
93.7374
91.8059
94.2925
92.36
93.3279
75.301
91.279
83.4634
93.3172
73.2198
90.0243
93.9033
93.3646
93.6643
93.0466
93.3386
93.5244
93.908
92.6615
95.8398
93.903
94.5731
92.5697
95.7786
93.8058
113.066
99.6499
99.0987
89.6906
103.942
101.817
98.1464
98.0857
97.5389
98.846
96.6187
97.5331
98.6439
98.0465
94.2499
97.6706
94.5601
96.5295
94.1644
97.6328
94.4711
100.875
106.472
99.7776
102.626
102.852
105.942
101.831
98.9609
98.7843
100.99
99.5967
98.7253
100.96
98.973
94.7341
97.7391
94.4501
98.0044
94.7005
97.7438
94.4533
101.632
98.6069
99.5939
101.946
99.3246
99.2822
100.484
96.2402
98.7712
98.7676
100.116
98.7676
98.5808
96.2275
94.4651
96.7738
94.2014
97.6037
94.4707
96.8848
94.2089
100.209
129.526
92.67
107.246
102.618
131.5
95.4004
97.1831
98.3843
95.94
98.9342
98.2802
95.8746
97.1908
94.8479
96.4581
94.5425
97.1694
94.8574
96.3736
94.5518
67.4678
126.337
121.739
114.775
76.1809
108.856
129.96
103.63
97.2239
107.823
94.3165
97.2523
107.559
103.624
94.9852
97.4073
94.9962
96.9464
94.9944
97.4079
95.0047
106.132
107.881
99.7214
114.681
105.918
106.476
99.3642
101.269
102.431
102.696
104.108
101.272
102.678
102.44
95.1403
96.5446
94.2831
97.1671
95.1402
96.5459
94.2829
95.579
93.9541
93.7872
99.5363
95.1834
94.0212
93.7932
95.9961
97.093
95.9556
97.2748
95.9629
97.1105
95.9098
93.6648
94.4071
92.916
95.9414
93.6642
94.403
92.9162
92.7605
88.458
91.1272
95.022
93.0178
88.0574
91.0745
93.4279
94.0385
93.2175
93.7257
93.4519
94.0413
93.216
92.3331
93.5957
91.715
94.0444
92.333
93.5868
91.7146
91.992
92.4472
92.2873
89.9891
92.1044
92.4386
92.1615
93.0549
92.6714
94.5699
92.1574
92.8943
92.7028
94.9753
91.8036
94.2709
92.3582
93.7299
91.8045
94.2982
92.3562
93.0493
73.3961
93.8542
82.0899
92.5027
68.9405
87.9342
93.919
93.3468
93.5624
93.0717
93.9257
93.3597
93.6259
92.5637
95.8804
93.797
94.5447
92.5629
95.8403
93.7976
106.039
103.947
99.3535
97.5739
103.537
101.538
102.618
97.8582
97.4274
101.456
101.384
97.881
97.4074
100.205
94.1563
97.6629
94.4642
96.4276
94.1568
97.6661
94.4643
101.018
113.574
102.816
103.752
100.643
101.634
100.904
98.8943
98.7624
100.276
99.2208
99.1692
98.7447
100.084
94.697
97.7442
94.4497
97.9405
94.6954
97.7437
94.4498
99.3401
103.064
99.4315
95.3015
101.399
102.345
100.329
96.6629
98.7104
99.1965
100.371
96.3099
98.6728
98.1018
94.4671
96.8774
94.2067
97.6018
94.4675
96.9172
94.2071
98.4268
133.593
95.8541
108.841
98.7043
139.407
98.2466
97.2181
98.2652
96.3521
98.9015
97.2158
98.2807
96.5849
94.857
96.3706
94.5506
97.1645
94.8569
96.3682
94.5505
69.2865
114.477
93.2293
113.275
55.5335
101.634
118.776
103.654
97.1967
105.611
94.3349
103.665
97.2355
104.62
94.9941
97.3984
95.0031
96.9432
94.9938
97.3892
95.0028
106.512
103.632
100.15
112.525
106.072
102.07
99.0642
101.26
102.456
102.597
104.023
101.262
102.586
102.464
95.1404
96.5503
94.2841
97.1759
95.1306
96.5534
94.2749
95.0537
95.4605
93.7169
89.2832
95.0746
97.9496
93.7555
95.9777
97.0852
95.9521
97.3424
96.0459
97.1173
95.7938
93.6649
94.4157
92.918
95.951
93.6559
94.5196
92.9108
93.0364
88.4462
91.0413
94.7615
93.0437
88.4319
91.1091
93.3997
94.0515
93.2217
93.7715
93.437
94.0423
93.225
92.3341
93.5999
91.7186
94.0136
92.327
93.6193
91.7154
92.8997
92.6624
92.2275
90.3162
92.1178
92.541
92.379
93.0242
92.646
95.1046
92.1691
92.955
92.6434
95.0511
91.8073
94.3081
92.3604
93.7273
91.8068
94.4174
92.4002
92.5369
68.2644
87.7731
86.8765
90.5372
237.308
90.6297
93.8945
93.2967
93.6921
93.196
93.8932
93.2854
93.7012
92.5682
95.9073
93.8075
94.5447
92.6635
95.8618
93.8972
91.4066
98.9989
103.584
104.132
86.6092
98.0617
100.586
97.9699
97.3101
98.4847
98.3041
98.0319
97.2536
99.2631
94.1641
97.7031
94.4709
96.4547
94.2531
97.7244
94.5586
101.146
100
100.379
99.3829
100.651
101.876
102.257
98.9801
98.7563
99.898
99.2641
98.9765
98.7547
100.407
94.6967
97.7459
94.4528
97.9115
94.732
97.738
94.4502
102.038
104.019
106.256
92.0907
105.747
107.19
110.313
101.57
98.6012
110.129
106.421
98.6907
98.6734
97.968
94.4707
96.8348
94.2093
97.6368
94.4647
96.7365
94.2
99.1739
147.538
94.6209
103.407
101.097
97.5546
97.5268
98.3239
98.2296
97.1023
99.798
97.3063
98.804
105.317
94.857
96.3722
94.5517
97.2709
94.8475
96.4576
94.5426
97.3828
114.822
112.398
113.398
97.3018
107.337
114.04
103.795
97.3301
108.643
102.822
103.695
97.3348
111.273
94.994
97.3887
95.0044
96.97
94.9845
97.395
94.9957
100.567
101.72
99.2487
99.8947
99.1915
100.555
101.742
99.909
100.56
98.4386
99.1403
100.592
98.4427
99.9073
99.5189
98.8312
98.1965
97.7939
98.7819
98.2147
99.5023
101.277
104.109
102.421
102.754
102.752
101.275
102.415
100.574
99.8569
101.772
99.1518
99.1606
100.574
101.761
99.905
99.0545
100.485
98.4366
100.491
98.4419
99.9015
99.5297
97.7591
98.7443
98.2363
98.7584
98.2274
99.5353
96.0169
97.0753
96.1085
97.1188
97.0537
96.0917
96.0017
95.2861
95.1458
94.5738
94.3528
95.1447
94.5687
95.3385
95.3103
95.407
94.6786
94.829
95.4313
94.6797
95.3026
95.97
97.35
97.0919
95.9878
97.1069
95.9845
95.972
96.0235
97.1078
97.0757
96.0672
97.0541
96.0776
96.0219
95.262
94.3616
95.1416
94.584
95.1474
94.6135
95.3022
95.306
94.8396
95.4535
94.6768
95.4452
94.6828
95.3018
93.876
94.2401
94.0396
94.4758
94.2343
94.0476
93.869
92.857
92.5003
92.6314
92.1487
92.4962
92.6358
92.8907
93.6558
93.7209
93.1225
93.4473
93.695
93.1393
93.871
93.4736
93.7138
94.0604
93.252
94.0646
93.2141
93.4224
93.8273
94.4756
94.2583
94.0389
94.3227
94.0504
93.8182
92.8368
92.1442
92.4797
92.6464
92.4818
92.6409
92.8768
93.5065
93.5336
93.7142
93.1497
93.7653
93.2377
93.6321
93.0282
93.045
93.5029
93.4022
92.9671
93.5234
93.1642
92.8958
92.1411
93.251
92.5764
92.1417
93.0853
93.2219
93.2216
93.6442
93.3909
93.9593
93.616
93.309
93.3189
94.1919
91.9531
92.673
94.3227
92.5655
94.2595
93.194
93.5065
93.4965
92.9885
93.5467
93.1
93.5322
93.0777
93.0778
92.5925
92.2425
93.0338
92.1584
93.0379
92.9417
93.2238
93.9515
93.5741
93.3361
93.7712
93.3104
93.2179
94.3774
93.8054
94.6722
94.217
93.7927
94.6753
94.5631
94.7329
95.3623
95.9915
96.7369
95.3845
95.9793
94.8072
95.0146
95.214
95.7964
95.7804
95.1896
95.7896
95.1211
93.9252
93.0514
93.3546
93.5468
93.3508
93.537
93.9157
94.3746
94.2873
93.776
94.6346
93.791
94.8097
94.384
94.698
96.7544
95.5106
95.8754
95.4362
96.0763
94.7078
95.0171
95.9164
95.1371
95.7581
95.3986
95.8119
95.0316
97.4084
96.8999
97.0984
96.5151
96.8851
97.0976
97.5126
98.9744
102.132
98.5455
99.9719
101.164
98.5497
99.1636
98.1439
97.6394
98.3175
97.8493
97.5986
98.2622
98.1495
97.9965
96.7747
97.5008
98.4917
97.691
98.5002
97.8814
97.4119
96.5655
96.9415
97.0622
96.9964
97.217
97.4196
98.6448
100.004
101.768
98.5295
101.33
98.5775
98.6725
98.1782
97.8651
97.624
98.3031
97.5959
98.2737
98.1325
98.4282
98.5502
98.0263
98.2758
98.4077
98.0404
98.4136
98.3622
97.7114
98.5067
99.5632
97.7337
98.4952
98.3587
98.3024
98.1125
98.2167
97.9039
98.1282
98.2158
98.2923
99.0616
99.5761
98.7548
100.417
98.6961
100.526
98.828
98.4229
98.1338
98.5581
98.0002
98.563
97.9981
98.4081
98.3315
99.4095
97.5662
98.513
97.7403
98.4987
98.3487
98.2961
97.9025
98.1302
98.2106
98.1945
98.2157
98.2998
97.5786
98.2134
97.3815
97.8609
98.213
97.3545
97.7194
99.6016
97.8975
97.6434
98.8691
97.9721
97.6446
99.6315
98.5341
97.8347
96.0808
97.4655
97.786
95.68
100.817
96.2103
100.046
98.7258
98.5927
98.7477
98.5667
96.1969
97.9755
97.9279
98.2084
97.3673
98.2117
97.3728
97.9406
99.4838
98.9278
97.7581
97.6619
97.7253
97.6528
99.2797
101.301
97.4627
97.7822
96.1347
97.7734
95.6716
98.1264
97.4813
98.0893
97.3528
97.9185
98.0955
97.3756
97.471
97.4959
99.836
96.4158
96.7461
98.8919
96.426
97.6359
97.5162
97.6585
97.1999
97.3991
97.6744
97.207
97.5103
97.1753
99.0118
98.2657
96.0328
98.2611
96.2978
97.2004
97.4898
97.9238
98.1057
97.3854
98.1101
97.3804
97.4959
97.6884
94.8198
98.0182
96.437
98.2823
96.4908
97.2657
97.5141
97.4019
97.6971
97.2062
97.6882
97.2051
97.5176
101.363
98.283
99.6337
98.0497
98.2663
99.5071
101.312
102.364
114.925
100.524
106.725
118.166
102.373
100.447
101.908
99.5095
99.7893
98.5218
99.4546
101.982
99.8026
103.635
96.441
97.1896
106.412
97.2336
107.239
103.651
101.405
98.0255
98.3015
99.4116
98.2823
99.4478
101.442
102.555
104.448
110.087
100.546
110.144
102.626
100.482
101.886
98.5307
99.2764
99.6154
99.3796
101.921
99.6119
100.575
101.775
99.1436
99.8325
100.575
99.1453
101.772
99.8989
100.474
98.4326
99.0247
99.9
100.455
98.4313
99.5344
98.7373
98.2372
97.7285
99.5371
98.7386
98.2322
101.267
104.174
102.452
102.618
102.644
101.265
102.448
100.572
99.8331
101.766
99.1467
99.1462
100.568
101.77
99.8986
99.1181
100.249
98.4287
100.597
98.4299
99.9013
99.5309
97.7368
98.7427
98.219
98.7405
98.2242
99.5283
96.0272
97.0827
96.059
97.1263
96.0233
97.0925
96.0554
95.3272
95.1373
94.5872
94.3857
95.2819
95.1353
94.5858
95.3029
95.4582
94.6759
94.8491
95.2999
95.4603
94.6773
95.9945
97.2794
97.0911
95.8792
97.1097
95.8862
96.0059
96.0278
97.1066
97.1036
96.0569
97.1033
96.0555
96.0281
95.3012
94.3683
95.1358
94.6025
95.1329
94.613
95.3313
95.3038
94.8502
95.4572
94.6729
95.4608
94.6793
95.3041
93.754
94.2204
94.0338
94.4703
93.7526
94.2152
94.03
92.8215
92.4327
92.6313
92.1636
92.8246
92.4084
92.625
93.5965
93.7136
93.1234
93.4209
93.7469
93.709
93.106
93.4393
93.7418
94.0284
93.2128
94.0404
93.2069
93.4159
93.8344
94.4693
94.1358
94.0222
94.2198
94.0255
93.7774
92.806
92.1304
92.399
92.6264
92.4046
92.6463
92.7964
93.6714
93.5562
93.6959
93.1222
93.7325
93.1172
93.674
93.1502
92.9766
93.5389
93.3944
93.1513
92.9732
93.4924
92.9343
93.2822
93.0436
92.5565
92.9613
92.7358
93.0237
93.232
93.622
93.3299
93.8063
93.2252
93.5995
93.3364
92.9794
92.1553
92.6427
95.1648
92.6223
95.1777
93.0865
93.1579
93.4194
92.9556
93.4734
92.9438
93.5068
93.1609
92.9694
92.5533
92.6426
93.033
92.7021
93.0268
92.9944
93.2388
93.9544
93.616
93.36
93.5956
93.3606
93.3028
94.3859
93.7788
94.6612
94.2052
94.3833
93.757
94.6117
94.6887
95.6295
95.8868
96.6575
94.7145
95.7584
95.8189
95.0467
95.1475
95.7621
95.7317
95.0336
95.1264
95.7599
93.9179
93.0705
93.3196
93.6651
93.3277
93.6512
93.8939
94.389
94.2079
93.7668
94.6157
93.7571
94.6304
94.3857
94.6754
96.6361
95.7353
95.8432
95.8227
96.0568
94.6616
95.0325
95.7008
95.1182
95.8032
95.1697
95.7709
95.0308
97.4784
96.9226
97.0584
96.498
97.4316
96.9278
97.0826
98.5633
101.949
98.5091
99.6716
98.8087
101.836
98.5525
98.1284
97.6271
98.2923
97.8575
98.1334
97.5746
98.2814
97.8235
98.4021
97.3394
98.4814
97.3786
99.5565
98.2541
97.4337
96.5001
96.9617
97.0795
96.9383
97.0565
97.449
98.5938
100.075
101.823
98.605
101.797
98.5909
98.64
98.1235
97.8415
97.6039
98.2551
97.5935
98.2833
98.0916
98.45
98.4343
98.0519
98.1531
98.4257
98.4573
98.0298
98.3806
97.5874
98.543
99.2289
98.3698
97.2941
98.5635
98.3214
98.1493
98.2032
97.8661
98.3331
98.1139
98.2034
98.9248
99.1132
98.7565
99.8787
98.7451
99.9492
98.9656
98.4627
98.0387
98.3431
98.0071
98.575
98.011
98.4816
98.5121
102.085
101.465
98.5785
104.109
98.5871
98.47
98.3504
97.8757
98.1017
98.198
98.1577
98.2052
98.3407
98.1081
98.2054
97.3726
97.8558
97.8681
98.199
97.3885
98.7995
99.4324
97.6409
101.986
99.0837
97.2344
97.6461
98.9808
97.8315
96.8362
97.4723
100.139
97.7922
103.069
96.5556
100.455
98.6417
98.9838
98.6249
99.1725
98.7631
97.8887
97.8478
98.1745
97.4139
98.1859
97.3978
97.9545
99.1326
101.721
98.6323
97.7191
97.2624
97.5971
99.1953
99.0378
97.493
97.8037
101.741
97.7954
101.554
98.0182
97.5253
98.1091
97.3897
97.9294
97.5075
98.1183
97.3917
97.3081
98.8464
96.4317
95.2376
97.2639
99.0658
96.4678
97.5394
97.7042
97.2067
97.399
97.5273
97.6962
97.2061
97.2111
98.8973
98.2527
96.7084
98.2911
97.4477
97.218
97.5418
97.9289
98.1589
97.3911
98.1171
97.3926
97.5544
97.5344
95.4784
99.9712
96.4229
99.225
96.4565
97.5191
97.5507
97.4028
97.6873
97.2045
97.6867
97.2054
97.5573
101.394
98.3059
99.3844
98.0451
101.442
98.3008
99.3753
102.757
111.089
100.547
105.095
102.694
112.796
100.62
102.046
99.2901
99.8059
98.4548
101.981
99.4365
99.8043
103.651
94.5524
97.326
103.545
97.3182
105.651
103.698
101.34
98.0514
98.2901
99.4386
98.2997
99.4195
101.31
102.794
104.884
109.326
100.83
109.124
102.8
100.766
102.001
98.5295
99.464
99.7358
99.5156
101.952
99.7357
100.56
101.761
99.156
99.8616
100.564
99.1631
101.755
99.9165
101.279
98.4325
99.0003
99.9091
101.228
98.4376
99.5149
98.7485
98.2116
97.7789
99.5262
98.7727
98.2011
101.259
104.084
102.464
102.606
102.594
101.251
102.47
100.554
99.8955
101.727
99.2515
99.1941
100.546
101.743
99.917
98.2522
100.511
98.4286
100.675
98.4352
99.9129
99.5004
97.8141
98.8431
98.1705
98.8015
98.1872
99.4856
96.0316
97.09
96.0633
97.1475
96.0279
97.0847
96.075
95.3418
95.1284
94.6166
94.35
95.3934
95.1208
94.6201
95.3119
95.4508
94.6748
94.8332
95.3057
95.4392
94.6717
96.102
97.3198
97.1246
96.0595
97.1228
95.7816
96.1018
96.0316
97.1606
97.0747
96.1116
97.0746
96.0888
96.0209
95.4619
94.3593
95.1807
94.6095
95.1097
94.6112
95.4433
95.3169
94.8297
95.4073
94.6804
95.4222
94.6752
95.3118
93.8018
94.2003
94.0261
94.4655
93.7456
94.1591
94.0255
92.7388
92.387
92.618
92.1523
92.8086
92.3928
92.6125
93.6649
93.7082
93.1739
93.4637
93.6868
93.708
93.1141
93.4229
93.7656
94.0715
93.2422
94.0378
93.2378
93.5077
93.9125
94.4644
94.2281
94.0233
94.1644
94.0276
93.8514
92.7275
92.1509
92.41
92.6142
92.4037
92.6092
92.8179
93.7066
93.4589
93.7339
93.1252
93.72
93.1179
93.7298
93.1669
92.9573
93.4698
93.4058
93.1671
93.0109
93.4748
93.0035
92.6551
93.0348
92.5615
92.9658
92.7483
93.0385
93.3195
93.6457
93.3746
93.8271
93.2894
93.6054
93.3782
93.0634
92.1457
92.738
95.7501
92.8308
95.0742
93.0227
93.1975
93.4057
93.074
93.5463
93.0507
93.608
93.1911
93.014
92.5605
92.693
93.0596
92.6426
93.0426
93.1456
93.2987
93.8838
93.6036
93.3936
93.6145
93.382
93.308
94.3925
93.7691
94.6281
94.2031
94.3866
93.7772
94.6215
94.6268
95.986
95.7482
96.2788
94.6392
96.3714
95.7563
95.03
95.1634
95.7977
95.7473
95.0321
95.1344
95.8082
93.8968
93.1674
93.3503
93.6374
93.2821
93.6354
93.9152
94.3926
94.1984
93.7916
94.6513
93.7785
94.6208
94.482
94.6246
98.0025
96.6763
95.9093
96.6024
95.7625
94.6257
95.0493
95.7493
95.1895
95.8098
95.1365
95.8054
95.0464
97.425
96.9562
97.1281
96.5449
97.4195
96.9314
97.0634
98.6471
101.828
98.6099
100.1
98.6134
101.899
98.6084
98.1158
97.5881
98.2539
97.8598
98.1025
97.5956
98.2749
97.9533
98.8024
97.3625
99.075
97.4387
98.8813
97.9501
97.4262
96.5299
96.9578
97.0957
96.9308
97.0649
97.4409
98.5995
100.268
102.57
98.6104
101.771
98.6027
98.6115
98.1149
97.8512
97.6283
98.2736
97.6008
98.2763
98.116
98.4938
98.3245
98.0805
98.0834
98.4883
98.1887
98.0256
98.4569
103.472
98.5751
98.3899
98.6475
103.128
98.5602
98.3511
98.1601
98.2173
97.8887
98.3702
98.0836
98.1988
98.979
99.192
98.744
99.5502
98.7497
99.4361
99.0688
98.5198
98.3447
98.2229
98.0365
98.2765
98.0377
98.5056
98.4167
98.1563
100.326
98.5901
100.172
98.5609
98.4916
98.3562
97.8811
98.1242
98.1976
98.0868
98.1978
98.4152
97.8152
98.1769
97.4471
97.8661
98.4613
98.1546
97.4517
99.904
97.9756
97.6542
98.7186
99.127
98.016
97.6737
97.3665
97.8171
101.045
97.513
98.0251
97.8195
97.6881
100.087
98.84
98.6685
98.0452
98.5206
99.1504
100.924
97.5791
97.8628
98.1558
97.4761
98.1548
97.4594
97.718
98.9548
99.6148
99.2122
97.7472
98.2991
97.6845
98.9905
97.4013
97.5126
97.822
96.8597
97.8212
98.2003
97.1339
97.5757
98.142
97.388
97.9261
97.5648
98.1902
97.3803
97.5804
98.77
96.433
97.304
97.4928
98.991
96.5054
97.5786
97.6871
97.2005
97.4033
97.5638
97.6785
97.2025
97.755
99.3819
97.9978
104.574
98.1856
104.277
97.6967
97.5844
97.922
98.1587
97.3606
98.1829
97.3681
97.5814
97.4164
96.7931
99.3624
96.3822
99.7356
96.373
97.4056
97.5898
97.4
97.6525
97.201
97.6688
97.2072
97.5862
101.327
98.2889
99.4592
98.0618
101.319
98.276
99.4876
102.719
109.507
100.903
111.646
102.799
109.716
100.949
101.853
99.4265
99.7483
98.5683
101.953
99.4349
99.731
103.881
92.7148
97.3188
120.467
97.328
127.809
103.919
101.328
98.0796
98.2799
99.6279
98.2614
99.5432
101.319
102.555
108.649
113.588
101.077
119.548
103.406
100.96
101.691
98.568
99.5992
99.6333
99.4722
101.676
99.6525
93.7979
93.7357
93.7968
93.9963
93.8648
93.8867
93.9805
94.864
94.5069
94.8621
94.9887
94.623
94.6303
94.9803
96.9581
96.4328
96.9241
96.7589
96.3528
96.3584
96.7496
97.885
97.8898
97.8767
97.4498
97.3797
97.388
97.4798
93.7992
93.7298
93.8
94.0131
93.8985
94.0075
93.8942
94.8512
94.5541
94.8799
94.982
94.6266
94.9821
94.6249
96.9405
96.4313
96.9826
96.7546
96.3565
96.7541
96.358
97.8749
97.931
97.8803
97.4718
97.3854
97.4657
97.3867
93.7982
93.7363
93.8072
94.0023
93.8933
94.0096
93.8888
94.8424
94.5629
94.8822
94.9835
94.6267
94.9824
94.6297
96.9427
96.4351
96.9539
96.7581
96.3598
96.7582
96.364
97.8623
97.9075
97.8788
97.4492
97.3849
97.458
97.3867
93.9662
94.3714
93.9295
94.1061
94.3763
94.3861
94.0887
93.7342
93.8094
93.7971
93.9925
93.8962
93.8861
94.0027
94.4241
93.9086
93.9804
94.1025
94.3866
94.3859
94.0968
95.3382
95.8126
95.3217
95.4131
95.8643
95.8709
95.4041
94.5092
94.8822
94.8485
94.9866
94.6282
94.6283
94.9837
95.8485
95.3138
95.3607
95.4136
95.8683
95.873
95.4091
97.39
97.6146
97.3761
97.1212
97.2725
97.2797
97.112
96.4416
96.9829
96.9323
96.7579
96.3565
96.3567
96.7551
97.6592
97.3741
97.4177
97.1204
97.2779
97.281
97.1169
97.8589
97.744
97.8558
97.4687
97.3373
97.3515
97.467
97.9129
97.8807
97.873
97.4477
97.3852
97.3878
97.4608
97.7453
97.8582
97.8638
97.4787
97.3668
97.3627
97.4844
94.0458
94.3856
93.9471
94.103
94.3881
94.1009
94.3874
93.7293
93.7955
93.8002
94.0194
93.8917
93.896
94.0171
94.4426
93.954
93.9498
94.1054
94.3861
94.3861
94.1013
95.4014
95.8124
95.3189
95.407
95.8655
95.4072
95.8658
94.4671
94.8843
94.8559
94.9815
94.6247
94.6238
94.9827
95.8471
95.3305
95.3896
95.4077
95.868
95.8679
95.4088
97.411
97.6109
97.3914
97.1161
97.2764
97.1157
97.2774
96.4232
96.9758
96.9528
96.7553
96.3588
96.3576
96.7566
97.7108
97.388
97.4359
97.1155
97.2799
97.278
97.1164
97.8603
97.7433
97.8571
97.4884
97.3651
97.4854
97.3667
97.963
97.871
97.8689
97.4693
97.3857
97.3884
97.4674
97.7447
97.8541
97.8601
97.4837
97.3678
97.3654
97.4808
94.0452
94.3176
93.9195
94.1058
94.3868
94.0984
94.3864
93.7314
93.7943
93.7963
93.9848
93.8607
93.8744
93.9817
94.3274
93.9282
93.9155
94.1068
94.376
94.3855
94.0887
95.4324
95.817
95.3334
95.408
95.869
95.4092
95.8684
94.4994
94.8762
94.8388
94.9891
94.6217
94.6293
94.9812
95.8135
95.3835
95.3255
95.4125
95.8643
95.8703
95.4055
97.4328
97.6297
97.3777
97.1171
97.2801
97.1171
97.2815
96.4201
96.9938
96.9267
96.7609
96.3552
96.3605
96.7549
97.6265
97.4249
97.3767
97.1226
97.2766
97.2836
97.1149
97.8637
97.742
97.8485
97.4724
97.366
97.4797
97.3555
97.9009
97.8658
97.8489
97.4456
97.3782
97.388
97.4755
97.7419
97.855
97.8487
97.4842
97.3349
97.3478
97.4643
97.4371
97.5904
97.417
96.8223
97.0837
96.8912
97.0815
97.4036
97.626
97.4075
96.7774
97.0746
96.769
97.0645
93.9641
93.5878
93.961
93.5327
93.5249
93.5382
93.5276
93.5882
93.9575
93.9609
93.5319
93.5192
93.5263
93.5217
97.5923
97.4044
97.4223
96.7996
97.0797
97.0802
96.7874
97.457
97.6355
97.4377
96.8271
97.0265
97.0479
96.915
93.9758
93.6381
93.9643
93.54
93.4681
93.4831
93.5857
93.6305
93.9614
93.9616
93.5301
93.5174
93.5035
93.5301
97.6231
97.3966
97.4449
96.8179
97.0712
97.0612
96.813
93.9576
93.6102
93.9592
93.5177
93.5049
93.5101
93.4975
93.6188
93.967
93.9557
93.5295
93.4586
93.4828
93.574
97.6398
97.4415
97.4162
96.802
97.023
97.0464
96.873
96.8545
97.3831
97.4322
96.6307
95.4323
95.4505
96.5624
97.6558
96.91
97.4156
96.5338
95.4296
96.6477
95.4242
96.9409
97.3701
97.3699
96.5537
95.4605
95.4313
96.5525
97.3987
96.7656
97.3801
96.5547
95.5168
96.5902
95.566
97.4215
96.8112
97.3881
96.6341
95.5934
95.499
96.6397
96.7551
97.3561
97.3668
96.6437
95.6623
95.6018
96.6817
93.9432
94.0507
93.944
93.1918
93.3193
93.2007
93.3167
93.939
94.0401
93.93
93.2055
93.3207
93.2096
93.3213
94.0495
93.9439
93.9379
93.2234
93.324
93.3305
93.2062
94.0488
93.9464
93.9419
93.1919
93.3171
93.3174
93.1906
93.9043
94.0383
93.9206
93.2484
93.4237
93.3489
93.321
94.0292
93.9111
93.9258
93.2293
93.4195
93.3431
93.2984
104.491
108.777
123.965
90.7644
102.574
108.77
108.07
112.187
74.1967
131.903
234.81
105.16
72.2024
120.055
103.144
68.7596
115.366
106.821
85.564
105.259
89.4977
118.003
101.281
99.7729
97.5407
121.833
100.027
99.2843
115.376
99.5596
100.38
97.5268
118.858
99.0781
100.155
102.924
102.913
104.294
70.5883
109.403
105.37
103.883
127.626
86.899
124.392
116.252
128.818
88.3529
116.678
121.276
88.2569
182.844
105.447
125.182
86.3164
292.271
85.9324
98.0085
113.244
91.4741
89.4515
94.9195
102.414
87.5355
94.0821
94.9423
90.4577
88.7533
96.6891
112.028
99.4629
95.3273
106.178
83.3188
97.0267
109.805
102.377
102.084
97.0182
101.616
104.866
74.7318
97.9928
108.286
77.7093
99.3617
84.5924
104.413
79.6282
96.846
83.4495
81.3174
99.4983
105.67
141.509
128.478
105.587
98.2944
78.5934
268.948
172.614
100.768
74.9161
183.404
141.664
105.757
95.9158
106.555
100.625
109.051
118.02
152.049
126.353
101.415
109.592
99.049
136.571
91.9531
100.245
87.494
99.5696
91.9343
127.759
87.5984
121.823
91.2148
91.4184
92.7983
91.6359
92.4087
91.4183
92.798
91.6357
96.5074
96.1448
94.3182
94.1596
96.5042
96.1459
94.3195
96.5066
94.1572
96.1437
94.3205
96.1455
94.3202
96.5053
91.4092
92.8083
91.6243
92.4125
91.4186
92.8017
91.6367
91.4181
92.801
91.6362
92.4167
91.4085
92.8077
91.6236
96.4967
94.1645
96.1393
94.326
96.1344
94.328
96.5023
96.4936
96.1423
94.3296
94.1771
96.4999
96.1397
94.3311
90.7197
91.9571
91.0821
91.418
90.7195
91.9565
91.0825
95.3559
93.4203
95.7551
93.7988
95.3515
93.4195
95.758
95.3543
93.7995
93.4206
95.7577
93.4205
95.7585
95.355
90.7192
91.9599
91.0824
91.4264
90.7098
91.9675
91.07
95.3376
93.4305
95.7512
93.8032
95.3459
93.435
95.7456
90.7105
91.9683
91.0709
91.4225
90.7198
91.9607
91.0828
95.3438
93.817
93.4276
95.7566
93.4353
95.7512
95.3505
96.4908
96.111
94.4146
94.1853
96.126
94.3522
96.4677
96.4821
94.1828
96.1135
94.4304
96.1218
94.3536
96.4757
95.3267
93.8261
93.5299
95.7202
93.4591
95.7362
95.3183
95.3345
93.5175
95.7207
93.8309
93.457
95.7335
95.3114
96.6017
97.155
96.5985
95.4809
96.0165
95.4814
96.0154
97.1582
96.6014
96.5984
95.4816
96.0143
96.0144
95.4829
96.6103
97.2088
96.6264
95.4863
96.0153
95.4873
96.0092
106.524
97.612
130.837
100.876
103.462
97.6687
101.333
97.1927
96.61
96.6223
95.4846
96.0174
96.0114
95.4841
97.2415
96.7327
96.6553
95.492
96.0025
96.011
95.4864
96.7134
97.2212
96.6504
95.4934
96.0052
96.0138
95.4839
94.4014
94.68
94.6753
94.0467
93.639
93.6406
94.0473
94.6802
94.3993
94.6766
94.0471
93.6426
94.0482
93.6394
96.7674
94.5043
96.8711
94.4637
96.7613
94.5038
96.877
94.6904
94.4173
94.7056
94.0507
93.6407
94.0506
93.6397
96.7545
94.4701
94.5115
96.8696
94.5127
96.8648
96.7605
96.7631
94.4651
94.5063
96.8759
94.5043
96.874
96.7635
96.7507
94.5133
96.8679
94.4671
96.7559
94.5158
96.864
96.7485
94.6014
96.8483
94.4856
94.5351
96.8545
96.7302
94.9423
94.522
92.9944
92.5649
94.9386
94.521
92.9969
94.9409
92.5646
94.5192
92.9963
94.5232
92.9956
94.9415
94.4372
94.825
94.738
94.0549
93.6449
93.6488
94.0473
96.7434
94.4854
94.6138
96.8476
94.5391
96.8561
96.7368
94.8242
94.4465
94.7392
94.0579
93.6477
93.6487
94.0503
94.4328
94.6913
94.7064
94.0531
93.6439
93.6413
94.0524
94.9298
92.5638
94.5144
93.0022
94.5086
93.0029
94.9365
94.9251
94.517
93.0046
92.5692
94.9318
94.5096
93.0078
94.9216
94.4884
93.0984
92.5847
94.5004
93.0279
94.9026
94.9167
92.586
94.4874
93.1094
94.4984
93.0315
94.9066
93.6992
94.5039
87.2917
101.665
103.005
93.3078
88.4858
106.403
103.94
106.222
106.415
98.8018
104.376
102.817
90.3387
91.333
90.4813
91.1167
90.3391
91.3328
90.4823
93.4703
92.1689
94.0042
92.3603
93.4661
92.1649
94.0034
93.4741
92.3582
92.1682
94.0079
92.1656
94.0026
93.4616
90.3394
91.3355
90.4827
91.1189
90.3306
91.3403
90.4715
93.4576
92.1794
94.007
92.3584
93.4531
92.1934
94.0104
90.3291
91.3391
90.4702
91.117
90.3383
91.3348
90.4814
93.456
92.3611
92.1824
94.0066
92.1929
94.0029
93.446
91.8007
93.2644
91.8443
93.1872
91.8012
93.264
91.8439
96.548
94.6982
96.6972
94.5072
96.6955
94.5056
96.5461
91.79
93.2672
91.8334
93.191
91.801
93.2643
91.8453
96.5105
94.6978
96.6965
94.5081
96.704
94.5133
96.5451
96.5548
96.6953
94.504
94.6985
96.5489
96.6936
94.5053
91.8008
93.2638
91.8442
93.1935
91.7887
93.2662
91.8321
93.5066
92.1771
94.0242
92.3745
92.1969
94.0072
93.5512
93.5043
92.3707
92.1769
94.0245
92.1989
94.0156
93.5525
96.5144
96.7019
94.5122
94.6977
96.5284
96.7039
94.5126
96.5236
96.7192
94.5284
94.7099
96.7106
94.5291
96.6359
96.5212
94.7097
96.7174
94.5292
96.7091
94.5273
96.6436
102.476
135.796
115.934
97.8242
102.769
134.654
114.113
85.1051
92.5845
100.473
89.3774
80.7146
92.7483
79.9765
92.8971
91.8036
92.4665
91.9768
92.4595
91.9753
92.9036
95.8898
94.6129
95.5675
94.4491
95.8971
94.6126
95.5637
95.8966
94.4493
94.6097
95.5647
94.6118
95.5669
95.8996
92.9603
92.4738
91.9756
91.8064
92.9257
92.4915
91.97
95.9335
94.4527
94.6135
95.5708
94.609
95.5791
95.9071
92.9028
92.4623
91.9715
91.8035
92.9114
92.4613
91.9735
95.9142
94.61
95.577
94.4536
95.9233
94.6121
95.5731
92.9658
91.8121
92.583
91.9757
92.5054
91.9778
93.0271
92.9377
91.8074
92.4792
91.9709
92.4748
91.9724
92.9424
95.9492
94.6104
95.6845
94.4585
94.6157
95.5986
96.0125
95.9476
94.4598
94.609
95.6801
94.6213
95.6004
96.0039
92.9608
92.5747
91.9741
91.8135
92.507
91.9824
93.0194
106.72
97.5822
111.305
118.283
106.985
98.2066
106.251
108.901
116.341
154.151
101.213
108.057
109.41
158.063
106.826
99.2397
107.069
101.891
105.793
105.307
103.437
105.462
107.679
103.307
99.9886
102.673
106.252
104.122
107.07
126.451
130.01
106.014
103.278
98.6031
115.148
105.91
97.8901
104.781
99.673
107.133
97.8528
107.901
96.6558
127.055
103.142
74.5249
100.255
124.504
102.708
101.102
105.498
104.604
101.432
101.004
105.93
104.684
106.842
171.355
106.681
104.478
107.126
108.47
106.32
96.399
96.5639
96.4702
95.6093
95.728
95.7388
95.6003
96.3682
96.4209
96.4239
95.5983
95.7308
95.7304
95.5995
96.4154
96.3695
96.4145
95.5989
95.7308
95.5998
95.7304
96.4262
96.3783
96.4388
95.6035
95.7344
95.6036
95.7349
96.3796
96.4303
96.446
95.6042
95.7345
95.7342
95.6036
96.5709
96.4
96.4824
95.6097
95.7284
95.7381
95.6006
105.706
98.5817
111.716
107.242
104.822
99.008
101.935
103.118
109.205
107.939
106.901
103.721
105.272
107.952
108.408
100.183
98.8826
109.192
107.817
99.9535
103.021
97.5446
79.0441
91.7821
106.428
94.5521
74.299
84.92
93.2682
103.938
82.8666
107.023
108.243
94.9168
140.661
97.8989
106.987
101.267
109.16
99.3585
106.615
101.059
101.818
117.5
213.028
96.9933
100.657
104.713
137.816
93.24
75.475
109.752
79.5065
91.2785
69.1623
107.19
87.3379
92.0852
91.4055
90.711
87.5407
89.1287
91.4126
90.5345
91.0087
90.3149
91.1953
90.5348
91.0086
90.3156
103.045
121.636
106.19
105.58
108.022
95.1573
106.161
92.3032
92.0026
92.1187
91.7146
92.3061
92.0029
92.1175
92.3011
91.7142
92.0035
92.119
92.0032
92.1195
92.3058
90.5259
91.012
90.304
91.1961
90.5341
91.0088
90.315
85.9191
178.809
88.6122
99.786
91.859
149.551
95.6365
104.729
126.021
126.759
115.717
106.2
103.706
111.024
92.3122
91.7194
92.0049
92.1232
92.0038
92.129
92.3088
90.5348
91.0096
90.3158
91.1975
90.5267
91.0127
90.3048
92.3162
92.0059
92.1227
91.72
92.3139
92.005
92.1249
92.3203
91.9984
92.224
91.7238
92.0063
92.1498
92.3286
92.3183
91.724
91.9987
92.2223
92.0074
92.1482
92.327
91.848
93.0825
91.8627
93.1235
91.8486
93.0825
91.8627
95.0935
95.263
94.4166
94.4671
95.08
95.2618
94.4166
95.105
94.4669
95.262
94.419
95.2614
94.4177
95.1032
91.8366
93.0846
91.851
93.1246
91.8476
93.0823
91.8631
91.8487
93.0826
91.8632
93.1265
91.8367
93.0849
91.8512
95.1115
94.4707
95.2662
94.4189
95.2695
94.4182
95.0992
95.1069
95.2652
94.4211
94.4712
95.1127
95.2688
94.4194
95.1089
95.3587
94.4126
94.4752
95.29
94.4235
95.1262
95.1062
94.4751
95.359
94.4117
95.2887
94.423
95.1258
116.059
101.256
116.822
119.002
85.082
93.9964
96.9825
59.9277
108.237
111.026
116.838
55.8272
111.162
114.262
95.9371
95.4146
95.4133
94.6494
95.1658
95.1662
94.6493
95.4138
95.9279
95.4133
94.6496
95.1633
94.6498
95.1651
95.4181
95.929
95.423
94.651
95.1668
94.6523
95.1636
95.9329
95.4172
95.4229
94.6508
95.1653
95.1642
94.6525
95.9346
95.4465
95.4314
94.6539
95.1559
95.166
94.6431
95.4471
95.9465
95.4315
94.6543
95.1576
95.1679
94.6437
86.8021
81.3733
98.5476
94.8955
79.6189
82.5825
90.6275
131.4
89.2481
111.813
100.085
98.1827
93.7926
97.0245
104.585
79.2168
112.091
91.9469
89.4036
79.3637
93.6475
96.9779
98.1089
107.35
92.7269
72.7656
99.8314
71.4507
101.551
84.7294
85.5322
91.3491
94.3355
114.839
80.625
92.4773
88.3774
89.2868
121.855
102.167
138.562
102.239
104.459
95.0355
99.1409
100.619
94.833
98.1051
86.9857
118.644
105.853
110.462
107.137
105.902
106.337
107.264
104.054
102.076
103.948
99.1414
108.599
109.352
98.513
155.852
88.0537
101.222
125.956
117.927
118.632
123.365
112.325
98.2189
119.963
111.315
118.808
109.907
99.4704
102.755
117.316
79.0468
95.5914
101.803
124.675
112.48
124.224
125.906
104.348
96.9688
119.048
99.3764
131.072
100.214
138.769
118.066
92.003
116.123
147.875
121.958
94.778
94.9167
91.8915
93.8974
85.9877
90.5151
91.1685
106.857
89.9392
104.56
90.9737
100.232
89.8546
92.304
106.643
122.385
119
87.2465
125.109
117.452
129.306
101.869
108.893
98.8419
100.289
102.474
101.276
110.9
102.743
93.1484
87.7381
87.6229
101.899
84.3472
87.5782
96.1756
106.373
103.759
85.2084
91.0901
109.394
101.305
91.0592
91.4299
90.3119
89.473
91.7795
91.4273
90.1379
130.387
98.1732
90.576
111.077
90.5517
114.632
145.027
105.562
120.619
109.287
101.613
105.072
122.153
123.287
89.2262
101.621
108.361
102.542
117.263
104.427
100.778
112.159
98.1418
111.443
90.4203
90.4501
115.353
114.487
89.6067
97.0401
90.276
103.558
108.037
108.548
129.316
106.757
104.127
103.994
110.636
104.892
102.695
107.411
106.361
106.934
106.066
104.272
107.625
106.768
104.138
163.634
98.5067
107.216
107.877
189.944
107.323
109.358
87.6121
87.0446
91.4239
89.253
87.5235
86.9891
91.3994
100.801
132.458
84.3025
86.3525
95.2629
128.465
90.2674
86.0923
91.669
86.6151
88.6006
88.8828
87.6308
87.6232
97.9528
96.9496
97.9544
96.768
96.0436
96.768
96.0432
96.9539
97.9506
97.951
96.7672
96.047
96.046
96.7702
97.9657
96.9651
97.957
96.77
96.0387
96.0498
96.7578
97.9754
96.9421
97.9825
96.7669
96.0448
96.7691
96.0444
96.9461
97.9649
97.9567
96.7674
96.042
96.0428
96.7666
96.9517
97.9746
97.9815
96.7699
96.0378
96.0486
96.7575
101.64
107.597
104.17
107.602
100.84
106.864
103.764
104.755
100.159
101.873
107.66
108.169
101.883
100.948
117.444
101.011
94.7195
130.075
90.5594
124.971
99.2326
81.6685
91.9804
101.487
114.86
79.2065
91.5926
100.956
112.071
83.106
123.381
99.3635
112.904
82.1268
124.075
104.448
101.172
102.161
123.545
140.452
101.147
102.651
57.7573
104.073
100.926
88.788
95.9588
102.839
97.9381
88.3261
98.7135
95.326
106.325
94.692
101.587
101.666
82.8618
102.38
105.011
102.922
78.2285
102.919
103.4
94.7273
98.4296
97.9674
97.8683
90.7758
98.5599
99.3589
95.9467
101.685
106.682
103.965
115.092
101.717
106.87
59.936
100.014
100.989
97.6606
77.8532
100.46
100.819
100.792
100.014
99.8345
105.312
100.624
99.7287
105.013
96.0304
129.154
104.904
96.3153
94.8766
113.387
105.019
101.994
101.744
105.313
101.72
102.04
116.955
105.661
101.595
142.885
112.299
100.089
101.845
117.042
118.567
95.7666
86.5908
90.6773
90.1668
93.8993
96.2185
89.9185
355.388
107.666
103.01
244.291
104.016
183.027
215.071
107.201
103.696
109.159
104.226
110.702
102.297
107.834
104.241
120.551
113.273
100.125
92.4916
98.024
104.05
113.385
100.233
101.937
115.561
107.034
105.469
127.215
108.814
107.386
97.7131
84.0618
96.4978
90.2627
107.363
103.45
102.27
89.4132
138.166
83.8419
105.554
107.865
103.563
100.359
101.83
100.824
103.187
112.828
100.717
88.9406
92.1217
115.197
98.8427
112.821
100.054
87.3566
109.322
98.5108
90.3169
177.279
104.437
93.8462
159.795
101.619
232.809
243.693
128.878
338.872
116.607
226.467
102.283
92.1387
94.2182
98.3117
101.761
122.846
119.105
86.4935
105.191
103.703
124.607
116.291
116.505
119.894
90.3552
98.1804
98.64
82.6256
82.2349
105.119
106.859
101.978
102.642
102.233
104.119
101.629
101.586
106.156
91.8914
77.844
92.1174
83.4567
83.488
110.977
112.488
124.167
77.5469
124.306
128.579
147.368
142.311
127.637
132.924
127.578
87.491
109.358
123.984
138.329
102.67
102.428
90.2563
104.048
112.03
111.296
127.563
117.806
82.7572
91.5343
92.3813
83.2793
83.9989
115.573
111.486
110.308
82.7535
90.3273
97.0439
91.0726
96.6763
109.959
98.9559
70.9845
85.407
117.351
85.462
98.7105
96.1428
96.3867
83.4181
94.1958
85.9178
85.329
105.548
108.104
106.282
90.8412
98.0427
80.4706
107.789
93.5516
98.831
213.903
106.693
103.025
186.099
93.9714
156.839
241.758
109.44
90.4997
96.1591
82.9862
109.306
90.5662
96.1659
91.3794
93.0225
91.2789
96.3079
90.9402
96.4965
90.9039
93.7673
84.0174
104.664
70.6365
95.1424
84.3015
98.5707
92.8438
90.8893
91.0234
96.2117
90.3641
90.6126
98.5172
88.6559
89.1375
88.8082
106.915
111.449
110.821
104.605
109.669
83.503
90.6894
96.6716
91.7066
98.0933
109.437
93.2658
91.4514
91.4875
97.4843
90.9727
91.2818
97.5105
90.8419
74.3419
82.9933
101.364
81.8613
101.745
93.0423
90.7665
88.1059
88.8275
105.082
110.968
111.509
101.003
88.2604
89.8086
88.5135
102.459
119.472
101.389
109.673
90.6441
92.3297
90.4014
94.9572
91.6166
95.2115
90.1143
89.4771
87.2825
89.82
105.953
112.445
111.914
114.945
90.217
82.8864
98.8178
75.0106
82.3128
98.6197
92.4017
89.3251
90.9635
89.6178
104.791
111.304
111.726
97.2242
109.612
106.725
114.577
110.438
103.997
102.713
123.728
109.847
90.4602
96.1707
83.8915
90.1476
95.3743
109.781
96.9378
89.872
90.7138
101.488
108.568
112.949
97.804
107.834
206.809
162.823
100.472
108.079
120.037
115.126
91.5195
93.3308
91.5292
96.8754
90.831
90.7329
96.7828
105.593
116.256
106.544
105.165
104.68
108.066
104.71
103.511
104.093
104.146
105.702
105.834
104.833
104.052
106.85
93.5234
94.7193
109.626
107.309
107.324
105.297
111.485
118.762
115.318
99.4776
115.969
105.48
104.69
102.584
101.292
102.512
103.315
101.193
103.768
100.871
119.06
103.905
102.653
114.941
107.92
111.632
103.283
108.047
118.742
134.02
103.798
105.959
113.071
103.019
104.264
114.547
104.41
125.647
125.855
128.672
129.739
170.21
133.105
133.755
114.179
134.688
85.9717
267.981
120.243
115.016
113.317
68.8281
120.072
131.175
61.2451
100.044
92.1247
94.0083
88.1149
101.065
90.3754
92.026
99.4183
91.7207
85.5763
87.6014
92.9412
95.9164
87.1962
91.2143
91.7497
90.8938
89.639
91.1495
94.0058
91.3667
94.2181
93.8033
96.0529
89.7368
91.3889
96.6986
93.2891
90.4024
91.9851
103.356
119.612
88.0918
90.1382
119.524
94.1048
94.9976
93.6346
92.6965
93.1276
95.5698
107.106
95.0272
90.1831
100.131
86.8218
98.0353
90.1695
97.8037
90.6035
104.306
101.756
106.279
116.714
115.413
97.3377
92.383
89.4206
91.2013
92.0898
91.1807
91.121
92.0142
92.4328
102.58
112.779
96.9859
95.5241
103.318
85.4378
111.687
104.496
104.335
103.282
108.017
100.093
100.338
104.377
65.1463
339.261
249.204
108.124
154.073
59.9064
91.8209
102.612
105.199
96.6718
89.5932
102.277
105.508
106.693
111.645
85.0418
111.134
110.826
125.688
100.945
92.4074
92.3335
92.6771
92.0736
92.6757
92.0743
92.409
99.016
117.427
110.45
140.868
131.635
160.827
132.253
95.2444
94.2072
94.6111
94.7971
94.6082
94.8015
95.2455
92.4069
92.6772
92.0737
92.3338
92.409
92.6755
92.0745
95.2383
94.6093
94.7935
94.2076
95.2499
94.6105
94.7931
95.2351
94.2075
94.6071
94.8019
94.6092
94.7961
95.2407
95.2472
94.6085
94.8083
94.2077
95.2399
94.6062
94.8115
92.4127
92.3314
92.68
92.0752
92.6836
92.0734
92.4109
107.106
110.973
83.8304
111.074
106.534
109.3
85.1408
92.4117
92.6796
92.0752
92.3321
92.4091
92.6828
92.0735
103.495
100.449
101.968
100.603
104.338
104.72
100.752
95.2543
94.6002
94.811
94.2107
94.6097
94.8066
95.2539
95.2558
94.2101
94.599
94.8114
94.6083
94.8122
95.253
106.951
96.4046
94.7674
110.633
108.346
106.306
113.283
92.4158
92.6869
92.0678
92.3336
92.6856
92.076
92.4196
92.4164
92.3339
92.6866
92.0679
92.6854
92.076
92.419
125.467
138.536
140.007
221.87
150.022
14.2709
454.517
104.081
103.577
104.168
106.949
107.907
106.695
109.426
85.6894
89.4349
84.3998
87.0272
95.6651
91.5093
87.5281
101.731
65.6246
109.374
65.8591
85.0717
87.2168
109.251
106.009
103.967
108.415
94.2028
121.767
106.484
99.6179
88.0348
90.7687
96.5116
91.1221
88.7437
89.9695
96.4594
80.1736
87.9638
88.3381
108.673
108.76
106.058
106.049
101.355
98.4438
99.0022
103.103
105.597
112.982
105.666
97.1672
96.5425
97.1658
96.1835
95.6431
96.183
95.6438
106.765
90.7881
100.782
131.679
100.067
94.7902
98.6219
106.751
101.187
105.118
103.131
99.2261
103.001
94.2549
96.5426
97.1692
97.166
96.1838
95.6431
95.6438
96.1835
97.3549
100.068
118.725
99.4889
70.0065
101.032
125.717
125.672
109.782
94.2781
100.468
102.45
118.779
99.7704
96.9208
75.5652
92.3661
103.257
88.54
103.94
76.6317
107.539
101.8
106.832
113.615
113.023
116.435
111.355
96.5486
97.1692
97.1716
96.1824
95.645
95.6421
96.1848
97.1749
96.5524
97.1778
96.1827
95.6452
96.1854
95.6426
98.6081
118.223
119.756
110.603
114.958
99.1063
114.839
96.5529
97.1773
97.1777
96.1847
95.6329
95.6449
96.1742
109.529
105.958
118.895
97.2529
109.344
104.835
120.717
104.662
115.195
104.599
126.879
125.596
128.728
128.673
48.2388
156.051
98.1554
116.74
137.782
161.241
93.6647
94.3406
98.6633
100.509
100.428
98.4754
107.323
101.028
97.1769
96.5507
97.1747
96.1845
95.6331
95.6448
96.1744
96.6977
113.888
104.613
153.815
95.1991
129.998
112.617
110.652
129.323
94.2222
102.688
110.087
113.388
97.5565
112.926
154.611
78.4337
124.181
108.21
107.674
88.7513
134.182
132.287
134.136
134.353
83.2265
75.7396
140.602
100.237
110.906
110.839
132.181
134.75
128.074
126.093
130.546
89.8127
103.758
103.29
112.748
103.646
100.222
106.391
105.306
105.902
108.01
117.227
115.36
105.646
95.5858
104.882
97.0112
103.519
105.351
99.2234
106.404
100.785
119.272
111.468
97.3105
102.698
118.04
109.993
106.431
100.119
104.231
114.616
101.983
114.828
105.14
99.4103
104.419
100.59
104.085
105.675
104.672
103.799
115.907
133.197
102.75
103.394
120.536
139.948
113.489
84.6496
114.845
106.887
89.1483
89.2926
105.269
103.579
109.58
116.741
108.11
90.21
111.37
104.369
114.021
106.077
103.164
107.742
99.6793
102.834
109.468
107.728
117.59
235.636
117.885
117.125
138.085
105.744
140.327
90.697
94.3252
93.2488
95.8693
92.2365
88.109
95.0746
106.22
104.038
106.183
105.554
112.567
115.052
107.301
92.5468
112.299
91.4038
91.9253
90.1767
103.692
98.0441
108.87
97.6579
91.0425
93.261
98.7487
99.4233
92.223
107.093
108.703
104.767
105.565
115.894
113.808
105.67
106.924
156.458
106.295
114.91
120.523
117.301
122.127
89.0553
80.5532
88.8629
108.566
108.635
107.562
107.194
99.4727
101.484
99.2131
108.569
107.291
105.953
107.541
103.708
99.228
100.286
103.746
105.158
104.342
104.762
96.1052
99.3157
94.0503
85.3827
86.9038
97.8611
97.7567
112.053
108.25
108.225
104.397
106.291
104.084
108.192
150.623
114.952
113.478
118.504
121.273
116.141
137.66
103.601
109.552
110.955
104.042
112.905
110.13
121.697
101.734
100.529
103.482
106.85
100.671
102.68
102.659
111.308
97.0313
103.551
105.412
101.511
103.918
101.532
93.8729
111.215
93.2562
95.8354
94.8613
97.5558
93.0208
101.263
140.383
100.512
78.873
99.0524
96.4995
95.0606
108.267
102.685
108.835
114.038
113.281
131.609
116.945
106.196
103.02
90.1608
98.0192
102.867
103.898
100.19
101.389
100.763
100.966
113.616
109.152
113.877
108.039
101.03
110.693
111.349
129.911
115.035
124.92
123.906
64.8824
101.856
65.7254
87.1744
109.773
109.02
88.0377
98.9077
102.013
106.154
97.7585
96.1787
102.987
106.006
95.0513
125.267
82.5281
101.941
101.371
106.145
107.267
102.184
99.791
99.4198
104.867
113.22
113.393
105.334
100.136
102.23
102.091
102.302
113.179
112.569
102.336
105.287
102.332
101.454
107.062
105.048
102.174
100.114
105.009
103.139
103.494
107.301
104.665
101.081
100.984
109.442
87.2191
109.477
90.4394
91.426
89.7331
96.2446
108.905
102.441
108.987
117.588
115.332
119.131
114.35
99.5099
113.074
155.434
121.124
72.9493
110.365
102.744
129.507
130.276
97.7971
97.1328
77.6185
132.387
135.037
87.1735
96.0674
90.5879
101.131
101.499
108.899
104.984
107.258
119.599
114.114
107.766
113.096
96.8396
105.733
109.765
100.727
107.123
116.593
112.147
108.727
109.509
113.096
113.645
116.264
103.107
100.538
115.232
115.374
118.875
109.95
104.562
96.57
110.541
104.977
122.409
93.5554
102.759
83.4575
96.3912
92.0703
103.766
84.2684
99.8383
100.5
100.191
102.648
102.308
100.599
100.047
109.749
102.457
109.993
115.719
127
120.298
117.236
115.003
104.956
121.628
105.15
105.361
122.135
126.562
110.429
120.266
110.916
109.16
119.906
109.088
95.6539
131.471
76.8216
125.095
127.591
149.17
143.03
165.798
94.9407
81.3241
95.7614
106.547
82.1792
104.696
104.634
102.324
99.6089
102.233
112.417
103.185
102.717
114.381
100.41
113.187
111.958
116.169
114.913
122.212
120.723
110.48
102.628
100.794
107.141
103.964
105.194
103.146
60.3001
111.058
115.921
117.223
66.308
116.946
106.956
103.139
101.274
102.748
98.8243
106.649
98.674
107.062
161.981
100.752
73.0701
118.594
159.671
74.0501
101.361
112.3
113.416
93.745
119.951
112.682
109.741
136.195
162.041
117.84
97.6108
134.764
68.7914
163.986
107.149
63.4377
102.357
131.206
131.432
125.473
129.114
115.701
112.941
108.973
100.107
98.3338
118.151
108.656
125.861
115.182
129.397
131.2
114.087
130.499
114.715
140.014
79.3599
107.895
119.042
131.636
101.271
132.742
102.504
65.3238
124.244
124.739
123.843
112.868
107.049
121.634
93.4198
107.946
94.1429
101.601
93.337
101.82
95.5967
99.7442
89.189
100.723
94.7846
95.0995
93.7942
100.508
97.1392
90.9466
87.7695
90.5584
97.9731
84.065
92.9205
104.02
104.057
102.476
116.189
105.828
115.904
104.494
104.854
103.291
113.679
113.441
92.1739
108.07
102.812
87.4296
117.238
115.834
115.396
110.805
118.569
103.861
92.5361
97.8605
97.6272
97.7722
103.857
92.9301
95.9149
79.9012
108.387
91.5279
76.5308
92.7173
94.6255
93.3129
94.8853
110.665
108.789
84.8873
92.3939
86.7297
124.984
112.684
113.397
100.247
114.592
113.701
96.8367
110.518
164.55
108.627
120.496
116.681
115.928
115.6
115.99
110.73
93.7188
92.4616
94.567
95.6194
99.3658
92.9023
84.4387
85.1114
90.4984
125.572
94.3174
126.15
97.0787
103.754
90.9382
88.7263
119.59
113.644
118.63
91.0017
112.813
105.748
103.353
93.1717
104.039
102.723
115.719
135.486
110.123
99.4796
98.1958
109.677
100.99
100.994
119.958
108.1
89.9181
94.5086
111.328
139.178
86.2479
119.974
103.566
121.566
124.462
106.855
122.375
232.075
96.4622
94.843
91.8511
92.2063
93.2537
94.8484
102.865
99.7401
107.582
102.831
103.875
100.099
101.634
103.908
106.771
108.502
121.326
114.498
116.157
115.704
114.635
108.217
105.104
110.788
137.067
101.541
103.195
138.603
79.2851
99.1568
153.258
81.6374
83.8752
105.431
122.509
339.98
98.3946
102.001
218.736
79.2093
126.364
79.7752
98.4876
119.291
118.135
115.112
106.275
118.898
101.852
94.9282
132.622
117.085
92.7167
89.809
126.35
133.456
118.152
105.757
116.458
122.101
106.597
104.153
120.958
88.2311
94.937
114.734
119.126
89.4468
127.068
123.782
86.8071
184.779
117.243
131.772
121.696
120.472
123.935
107.04
98.9857
118.141
95.5751
114.767
106.611
94.5741
101.768
100.599
108.699
101.211
102.293
107.767
101.03
88.5176
100.288
110.596
101.488
104.234
104.256
101.852
91.2662
164.939
101.895
107.099
100.908
93.7219
105.923
108.544
101.44
109.193
87.9851
108.537
130.698
103.777
97.7204
99.4864
101.19
70.7145
100.649
100.698
71.5514
103.851
102.512
102.455
106.055
96.5759
86.6631
91.9417
109.402
111.354
98.719
98.7107
116.139
105.255
97.8329
109.216
101.823
99.6286
86.0834
101.995
97.8982
86.2641
108.05
105.306
105.58
105.578
107.527
107.749
104.2
112.949
117.251
131.368
106.84
123.801
107.73
116.546
100.983
111.506
107.517
107.416
111.741
108.39
103.018
100.633
93.934
103.021
93.5912
109.141
93.4676
100.804
115.434
167.085
156.573
73.905
103.001
97.1961
82.046
102.939
102.43
100.88
112.828
107.911
95.2442
100.374
95.8898
107.71
101.735
103.814
102.359
103.625
98.401
97.6588
130.622
112.178
72.1868
129.591
81.0611
99.3943
106.682
105.101
107.249
92.8006
93.9047
120.955
124.483
105.848
98.3259
98.8343
100.512
105.852
97.0111
115.536
107.483
111.198
111.374
113.362
119.7
124.95
108.343
101.457
114.149
114.207
107.44
108.375
97.0505
88.7846
126.019
106.26
133.903
140.062
192.491
108.578
127.787
111.77
101.423
137.903
104.961
99.9181
116.78
116.816
100.402
122.339
104.391
100.75
99.781
144.873
104.137
110.866
105.423
110.675
136.763
101.155
103.589
135.527
103.162
102.235
94.5781
96.834
96.321
107.373
98.2541
91.2311
85.6269
93.3522
98.9319
108.819
85.936
89.1009
127.235
100.88
103.944
106.799
92.3057
99.8389
103.575
103.601
100.919
102.59
108.336
103.027
108.49
101.991
149.594
115.313
108.453
108.677
112.298
128.685
114.179
100.188
112.48
70.4961
135.307
98.3618
112.745
149.837
116.039
128.012
112.025
125.206
124.03
132.81
121.239
78.304
139.751
82.3327
100.987
80.1996
100.803
160.997
109.224
100.81
88.8272
106.234
107.195
88.8796
98.7392
104.644
99.7541
98.2038
102.939
103.752
98.089
100.626
123.868
93.3019
116.047
98.1054
119.756
96.0757
124.133
99.1218
99.7862
99.9875
97.2951
102.696
95.8433
102.438
105.749
118.635
162.826
94.5088
174.68
85.3737
189.095
94.0095
95.231
108.986
123.1
110.411
121.725
93.6652
94.3669
108.202
96.5528
98.0839
94.0074
102.722
98.3322
93.6482
102.949
104.248
108.184
103.194
102.67
93.807
101.461
97.1398
101.149
103.76
101.78
100.003
99.4858
106.715
103.601
133.904
142.638
99.8662
140.803
101.982
113.468
78.8008
128.682
105.205
116.038
82.0534
107.23
89.0137
90.6626
84.5808
88.7145
84.7771
88.1982
84.471
93.963
99.141
93.6492
92.7103
101.717
101.368
107.405
96.3669
107.979
76.986
130.868
110.897
76.2544
101.976
103.447
96.6965
106.181
99.8891
94.0552
93.4788
107.167
98.4918
92.9831
93.3294
86.8893
102.587
102.164
87.0208
95.5665
99.751
111.581
102.657
96.9166
98.8952
104.543
92.8232
103.147
110.992
89.433
101.101
88.2425
101.236
105.115
95.2955
108.002
162.584
100.306
91.7725
104.295
141.308
107.429
98.3594
112.948
115.77
96.7299
113.872
92.5593
104.112
106.753
132.826
88.5408
92.1995
128.452
98.9329
101.559
100.623
100.797
98.3819
97.8655
101.305
98.5047
109.34
108.955
100.341
107.719
106.831
98.3197
99.3449
97.6668
88.3472
182.93
139.223
175.941
141.564
100.649
90.9697
90.8731
104.106
99.0578
97.2499
105.46
98.1984
95.4394
95.0549
109.252
103.249
102.292
102.348
101.483
98.7101
100.553
123.301
101.541
117.253
99.1996
98.6281
93.586
97.8254
106.316
94.9966
105.551
94.8008
101.474
106.271
100.522
89.8441
98.5905
98.1439
90.6839
89.2889
130.615
69.4163
185.247
82.5488
195.716
69.9981
118.519
108.059
101.345
103.093
100.305
103.192
113.635
98.5737
100.129
110.466
116.431
100.894
100.973
99.7288
100.486
136.991
112.531
107.559
112.274
112.996
97.1246
150.423
143.138
166.58
58.6195
96.9315
93.4335
57.5776
92.4943
80.0259
117.38
126.059
47.2067
118.542
42.4333
90.4527
98.2448
111.509
98.591
106.155
97.2787
112.629
108.625
105.173
104.283
106.189
102.423
103.196
105.033
113.214
101.209
100.678
122.815
98.5206
107.7
107.458
102.423
88.1331
101.288
97.4864
138.355
86.4792
184.187
102.077
94.6016
103.028
99.9315
119.189
98.5283
103.561
108.814
113.728
110.351
106.969
103.547
98.118
111.383
152.027
98.3297
155.294
66.8498
114.094
79.3317
115.049
101.253
121.416
124.07
102.917
110.712
114.164
96.4151
110.326
109.196
109.934
109.334
121.766
106.085
119.522
175.407
93.3647
92.6079
104.586
106.9
110.431
107.731
87.276
81.8465
90.3139
95.7318
98.972
96.5156
86.87
106.156
95.8973
95.6846
107.023
105.625
94.4799
98.1581
149.621
86.8118
106.329
113.94
150.3
84.4143
102.751
109.229
99.4737
102.521
103.368
102.659
102.343
102.859
96.0526
100.087
100.443
107.649
103.977
99.609
105.826
156.271
63.1829
159.977
116.969
106.872
118.533
110.969
156.261
113.279
120.37
103.268
124.644
100.633
186.702
61.4596
185.253
174.599
115.808
107.388
112.859
165.633
108.549
99.4847
122.706
119.316
100.942
118.26
102.465
137.979
101.209
121.617
103.186
129.405
122.602
99.249
108.459
109.547
120.227
113.775
124.227
122.932
121.975
71.8012
109.514
109.518
142.617
138.179
103.573
103.881
119.704
94.063
99.23
95.8683
88.5618
93.9699
112.033
84.8573
218.786
81.8551
148.761
180.825
201.929
134.425
92.7091
101.909
93.6709
108.559
120.188
108.73
128.449
131.847
72.2629
74.0842
82.3333
127.408
130.112
85.7433
124.349
116.417
124.831
123.385
122.191
115.855
116.914
100.017
97.2421
94.2713
102.013
101.493
101.424
100.792
170.168
79.9555
131.51
119.142
151.681
91.1385
120.553
124.465
117.327
91.7682
103.085
98.1783
106.302
133.051
67.4993
154.002
153.422
120.026
127.16
125.458
118.938
121.27
104.404
91.5469
112.121
121.578
115.35
97.3007
120.543
119.209
116.955
153.257
66.4092
144.78
102.536
109.375
101.197
100.536
121.233
110.086
135.153
100.844
102.797
106.277
103.328
103.93
98.2799
102.185
122.582
89.5223
97.7539
96.8819
107.693
97.4535
123.729
88.6719
229.037
110.21
183.437
440.84
138.041
302.741
121.546
98.5205
102.506
97.037
99.1216
100.912
101.962
99.467
89.452
98.1749
105.149
66.9084
66.1032
83.8826
102.175
129.505
69.7271
83.1476
134.8
70.5198
85.0923
129.959
94.8202
99.5901
100.739
94.0099
92.7945
107.505
89.3757
92.9325
89.3943
89.6738
119.599
98.9516
93.4978
123.627
103.392
108.816
105.818
111.435
116.004
118
106.123
90.7999
97.3357
97.2753
103.605
102.829
102.337
103.282
104.901
108.103
123.952
108.095
100.639
110.75
108.638
88.4739
110.832
110.267
125.143
108.778
109.524
105.038
116.872
113.586
86.5948
80.1768
100.895
109.349
89.8118
113.433
94.4183
108.898
102.661
92.5581
100.679
103.948
198.341
89.5045
120.548
84.1638
166.878
103.62
107.33
104.519
97.8509
84.581
112.099
104.436
95.7591
101.154
103.278
91.7784
81.9297
67.5338
88.647
88.7129
83.4597
105.542
98.5384
109.022
119.798
90.0565
115.363
88.9058
125.145
123.769
125.818
150.571
88.8682
143.551
87.4558
96.0833
109.197
111.112
148.843
90.8483
89.8161
71.297
124.193
107.828
118.446
134.208
123.315
108.617
109.264
100.534
112.238
112.559
107.735
73.6244
93.3393
110.307
111.186
105.504
103.886
146.931
105.7
122.188
115.29
92.8508
116.6
119.813
176.158
86.911
118.776
68.6002
101.506
103.721
105.334
106.168
101.913
101.268
107.373
142.218
97.5015
104.079
98.8539
100.187
97.1112
97.0543
108.957
126.449
123.018
118.321
123.039
108.496
103.371
173.453
94.571
95.0816
110.368
103.378
110.949
103.592
123.482
109.635
102.905
100.972
102.159
121.54
104.699
108.932
112.018
136.906
100.673
129.153
104.274
120.311
112.889
103.074
107.52
102.035
119.084
121.267
102.74
99.9465
138.599
121.624
121.805
103.247
103.36
115.918
110.585
131.7
110.865
95.486
103.258
162.256
101.659
102.442
104.699
121.67
91.1254
115.161
139.029
89.6388
96.6403
103.007
101.587
92.9843
92.9642
102.707
102.066
93.4613
94.974
90.3504
92.6023
92.7328
91.6953
95.0734
105.216
123.677
107.952
109.341
117.674
104.544
100.592
110.303
103.555
84.2591
97.5439
111.808
100.757
173.906
121.373
113.261
115.068
150.727
122.796
173.797
125.708
100.786
94.6331
102.826
102.137
103.22
103.928
101.766
99.0206
106.559
103.243
106.149
101.759
102.391
103.094
130.514
96.4953
100.243
95.4177
98.814
100.408
95.8294
88.9037
112.664
110.925
91.1416
91.7324
87.9666
86.5689
103.024
87.8181
88.6891
82.8454
68.742
83.6487
69.0692
97.3791
105.324
101.583
95.9898
93.2539
105.806
108.26
98.3968
107.545
113.32
120.628
115.977
101.862
107.292
97.2441
101.559
102.506
104.549
102.838
101.84
110.145
101.186
110.381
110.73
111.838
111.969
99.6392
101.29
203.873
116.618
132.258
99.7654
138.327
105.43
141.268
136.605
111.272
99.5863
97.1264
101.754
106.994
106.287
109.245
100.327
99.7793
93.1275
93.495
101.606
99.6474
98.1437
124.744
86.1938
92.2266
74.7875
132.74
78.8482
91.0267
93.5677
89.7967
97.7667
91.7499
94.4013
93.0221
104.541
108.486
109.77
105.425
105.245
103.878
109.488
103.427
106.066
106.148
107.894
109.602
109.901
107.889
114.834
108.332
138.752
108.209
109.389
119.466
116.952
100.005
106.588
125.445
108.95
98.1413
98.5162
111.143
97.915
100.63
102.204
129.968
113.089
114.952
103.589
116.447
101.172
97.4319
139.228
85.4593
85.3645
136.859
94.5338
96.8687
95.921
110.672
102.543
103.247
110.525
99.7359
98.426
97.5869
101.511
102.144
93.0431
99.4052
97.8088
110.386
97.8638
104.914
104.314
101.793
99.1283
104.91
97.5054
101.526
110.313
97.6373
103.606
101.333
100.364
97.6956
101.798
120.276
114.644
120.243
115.496
106.712
90.0937
71.1382
97.0815
77.9956
99.7579
104.45
156.141
66.9479
152.14
121.221
127.12
118.169
118.09
152.702
120.635
123.721
142.45
71.717
152.276
55.4322
101.404
100.478
101.418
101.591
102.213
100.841
102.753
127.962
135.518
146.197
107.014
131.709
27.6013
37.6124
127.791
125.462
177.27
110.87
91.6353
95.0409
121.066
106.446
104.668
107.848
108.26
95.0633
91.7192
96.3924
106.308
95.4467
97.9515
94.5689
97.7008
88.2221
96.8184
105.319
90.099
95.3325
79.9948
81.9946
71.654
77.5668
116.596
94.6331
139.955
67.7434
83.0766
121.579
86.4448
157.967
105.447
107.097
125.654
123.993
148.922
143.55
100.411
98.2183
108.715
98.2175
94.6524
100.151
99.3935
84.6279
154.447
123.013
117.057
115.849
118.313
118.129
255.351
88.0134
211.786
123.385
121.209
97.9753
81.422
113.372
90.3483
95.4764
142.383
87.1192
148.873
87.9393
104.122
80.0952
112.781
95.2547
104.799
79.3495
112.972
139.403
125.585
104.61
106.343
104.891
130.428
103.252
76.1218
107.181
81.4394
106.085
97.9452
94.9607
90.0224
109.818
140.822
186.34
70.6893
67.9734
150.641
166.853
97.2049
108.499
97.9455
147.953
113.869
103.859
121.69
118.241
113.606
100.996
123.662
41.8322
84.2389
99.0741
87.3547
121.157
86.6887
93.2511
101.151
88.4724
99.6994
122.048
108.142
96.2013
109.023
100.938
122.531
103.041
96.0208
123.259
117.131
89.4595
87.1263
92.09
91.7301
99.503
109.96
99.837
81.1886
98.1792
119.377
87.1923
88.6422
93.3876
94.431
91.2075
89.5955
90.5738
88.8754
92.4486
92.2336
23.6618
98.3207
-7.80455
108.303
101.85
92.7898
642.217
199.494
203.711
368.724
118.579
112.61
111.375
255.571
173.921
124.361
142.484
104.892
124.205
96.57
94.1146
91.6038
94.2476
94.836
94.7961
116.384
91.6885
99.001
96.476
94.7335
106.367
104.5
103.57
235.496
89.242
84.1822
122.407
97.807
89.195
121.426
107.213
94.9967
131.102
99.3314
135.316
90.5795
106.221
100.178
108.81
131.643
110.684
138.759
110.263
105.379
101.006
115.691
95.2966
153.105
87.3497
135.478
87.2465
100.211
142.122
109.967
146.023
101.162
145.052
129.016
136.392
89.6251
111.674
106.662
114.227
102.565
135.708
105.998
107.016
109.03
120.916
114.262
135.24
105.291
103.941
115.932
145.393
132.883
132.464
97.7814
106.456
100.592
105.662
107.964
113.447
112.43
106.975
107.254
100.236
102.807
108.992
117.069
113.316
106.122
106.658
98.5681
101.684
111.872
99.3475
100.369
98.1006
97.7235
112.049
137.679
136.481
63.3094
65.1431
178.292
128.193
77.8176
88.8295
85.0933
96.8695
109.406
97.7418
94.6675
80.2694
100.081
125.974
105.387
92.548
105.611
322.235
96.9236
103.613
93.5818
105.61
96.2196
90.316
93.9573
97.4786
100.904
84.8977
86.2357
115.23
105.394
88.1129
88.6903
80.463
80.6522
107.835
111.845
94.1001
94.6548
94.7304
131.979
93.04
97.0068
98.8485
92.037
94.6842
75.5505
140.517
107.125
94.1275
92.3292
94.729
120.262
88.2713
120.248
109.646
260.642
106.815
96.3333
73.3739
100.649
103.042
91.667
103.348
103.165
105.683
119.037
107.998
118.945
117.456
112.559
118.567
97.7626
93.2061
101.696
145.984
103.642
119.137
150.806
121.555
172.464
83.0429
104.754
79.5142
76.9438
141.365
186.9
71.2377
84.6602
122.492
111.984
84.197
144.329
96.7101
84.3871
105.192
161.236
135.544
46.6252
698.335
70.0908
121.864
38.1848
97.8482
64.0934
134.148
122.004
115.251
134.509
125.529
122.388
108.93
115.986
77.1633
120.829
75.8625
97.0321
216.518
95.3289
279.475
184.188
132.97
136.691
106.912
124.07
124.184
96.5175
74.0486
111.253
112.922
108.689
103.719
94.1711
113.181
91.3576
102.064
101.077
110.911
102.913
102.337
107.276
108.157
99.519
108.083
96.6611
103.584
103.858
102.022
97.9337
104.5
103.712
84.5035
237.396
37.6623
62.5708
127.115
176.001
81.9667
99.2535
119.59
88.411
71.8891
106.652
52.8636
102.04
95.6496
153.471
103.856
106.133
101.166
105.204
105.342
113.082
108.157
109.352
106.106
104.747
106.572
105.235
107.722
122.205
116.159
104.046
100.652
49.6943
70.9919
96.9951
98.2938
107.11
99.3698
100.376
95.1819
101.098
102.615
104.809
113.276
99.2824
122.131
101.93
117.103
126.757
129.103
126.554
112.984
111.582
111.996
111.075
120.956
131.705
115.931
111.02
112.945
109.231
105.115
112.879
127.658
125.957
118.659
120.38
117.207
116.336
125.552
129.199
128.278
108.719
118.517
112.055
111.738
156.303
319.26
167.481
128.34
286.643
120.877
207.809
368.002
127.454
377.359
116.02
254.956
113.285
224.576
69.1944
158.486
71.8511
110.097
102.396
119.635
110.553
105.484
131.291
112.302
110.269
125.055
112.833
143.813
91.2573
116.12
114.493
125.916
114.345
102.303
104.666
104.92
109.788
108.523
108.33
76.6273
79.1047
106.877
113.469
105.141
103.804
105.211
103.745
116.617
106.392
97.9584
105.523
107.514
101.721
99.0217
98.0344
101.253
114.542
105.027
107.457
110.846
103.894
103.609
109.686
112.753
127.935
125.226
72.5706
72.8882
101.688
113.402
73.1756
95.9219
109.32
85.8281
129.149
117.845
123.244
108.975
102.224
145.965
82.8386
134.929
112.302
61.4928
106.035
100.21
109.823
100.626
98.2893
101.627
102.434
257.239
117.753
182.098
69.7332
63.6407
141.704
-19.2514
92.8725
97.5273
82.0855
64.5789
87.2392
83.0917
82.993
85.7739
83.2361
105.123
139.989
108.883
120.77
110.31
101.138
99.6001
78.0706
106.873
105.046
105.109
98.2266
234.113
79.2423
525.333
159.399
163.912
-24.1416
415.682
115.632
119.577
100.281
94.8843
56.3668
48.4068
94.1113
55.8403
127.58
178.233
94.1362
174.698
81.4241
50.5281
63.9498
83.6678
129.676
118.371
95.3059
90.0296
95.5832
93.2895
122.348
91.9827
88.2824
79.0704
97.3044
114.733
116.791
91.8199
117.223
107.591
117.15
85.9996
95.1542
133.032
98.6508
101.241
125.775
133.434
116.183
111.011
101.877
111.353
88.0811
95.5467
93.0909
111.901
87.9445
107.837
108.075
97.7769
110.609
103.843
105.753
102.49
112.337
80.8572
88.1797
59.1172
93.0572
201.4
133.084
141.475
80.6032
73.7774
110.396
114.721
110.387
115.861
103.918
99.8531
98.2682
137.931
100.032
113.06
145.614
144.688
113.462
93.9042
135.717
91.7907
91.5261
134.708
109.913
106.859
111.405
112.063
118.742
112.824
111.888
99.2292
95.8158
95.4631
131.03
101.075
101.102
126.944
107.324
107.001
110.686
116.147
129.871
89.0585
84.5641
114.063
108.49
99.4542
114.721
108.899
111.753
114.25
118.297
83.1164
97.3442
96.4765
108.583
106.033
99.3907
116.024
95.3922
96.2506
80.534
112.74
124.483
76.4126
116.58
86.236
124.773
75.3027
125.222
131.785
112.908
87.8004
67.2001
71.3956
58.2382
70.9668
103
91.0712
77.1298
78.8511
77.6612
81.8468
89.6513
106.319
93.8869
133.451
122.499
133.714
109.124
118.275
95.6359
90.5167
87.271
98.0068
90.3656
73.602
154.463
76.0172
106.56
125.763
103.872
126.451
115.13
108.275
107.117
102.938
104.303
127.207
199.096
195.313
277.363
20.5916
215.596
155.676
100.588
139.401
117.105
123.199
115.693
113.863
93.065
105.483
94.0959
102.747
117.255
120.27
104.045
93.0852
101.439
135.674
227.598
123.758
134.764
85.3677
91.767
69.9263
72.0178
106.694
94.5744
97.7383
114.165
95.0249
85.3028
85.7748
86.9397
99.5016
91.6003
83.0424
101.73
101.02
102.081
104.104
105.351
110.461
100.846
96.7904
119.267
103.784
112.044
95.8672
90.4592
119.05
91.7232
90.2279
86.1807
91.2809
102.378
105.061
103.438
129.874
146.628
110.744
119.29
133.257
121.009
113.416
98.7046
125.174
99.7991
110.588
81.3616
112.633
105.464
128.962
118.704
111.238
102.136
119.784
115.589
124.839
105.728
155.373
165.345
109.533
122.238
112.194
112.19
100.29
114.444
107.803
114.229
112.397
104.796
99.2856
112.242
124.386
127.982
113.102
107.318
108.953
109.352
92.5388
102.463
121.805
140.56
101.12
80.9992
82.149
95.3527
133.812
104.279
55.7536
125.938
136.831
56.2925
105.782
93.1242
87.8123
93.2923
84.9807
91.3872
90.7425
105.45
86.7311
87.0147
83.8327
84.5863
83.6003
83.3016
120.128
79.3917
120.944
106.245
124.282
92.7646
122.932
104.036
170.459
161.035
113.742
136.657
139.828
225.418
95.8447
105.058
96.8756
118.363
122.901
107.8
120.618
107.853
105.985
118.989
98.3002
108.074
108.616
116.992
130.447
120.938
108.429
91.6826
81.8485
117.057
112.942
174.732
91.1573
91.977
203.056
110.733
841.558
171.841
130.733
112.675
101.777
94.8384
114.078
100.616
121.806
115.897
113.14
149.018
102.568
100.801
119.499
97.9681
76.794
98.2702
118.869
73.9548
162.463
83.9246
194.287
112.464
209.11
135.949
138.359
176.814
112.058
103.775
107.879
178.446
97.9904
121.106
121.332
121.159
112.734
138.245
88.3254
89.6165
98.232
110.04
108.338
114.564
108.216
76.6777
79.3588
107.605
125.89
156.902
136.153
104.02
118.882
103.585
57.0263
139.726
138.351
51.9499
85.5251
108.27
89.5805
44.9275
145.711
48.8577
162.779
98.5948
79.1815
70.5664
-32.2453
30.3522
107.372
146.014
91.4213
198.983
127.327
94.7002
228.36
162.128
100.956
91.9802
86.965
82.2731
106.995
92.5905
92.6148
88.8276
103.713
128.561
190.058
267.577
547.093
120.979
187.785
106.011
124.729
141.887
110.585
108.841
115.653
129.222
202.317
268.258
385.63
66.3105
114.987
105.967
104.408
149.158
171.802
127.312
78.143
132.626
111.858
164.158
76.9583
107.571
192.792
63.335
75.9741
67.125
99.5014
92.1535
67.8346
118.684
84.8738
56.4994
63.3243
108.895
158.386
107.572
130.53
69.3446
114.566
91.3232
84.7627
119.766
121.773
141.902
118.161
128.341
160.535
114.175
90.9266
361.584
89.9611
177.506
61.415
63.0639
191.152
486.021
153.85
163.425
240.554
167.022
188.911
171.58
100.425
99.2108
99.1228
103.013
110.141
111.623
109.602
103.485
107.741
96.2405
145.028
104.055
103.745
151.655
127.455
87.2892
102.176
136.429
79.4474
79.777
46.5947
98.7784
81.3999
80.3404
138.594
164.569
126.927
151.616
84.4599
115.331
130.119
268.644
97.3786
261.029
96.9084
200.138
119.288
120.682
148.53
99.012
108.387
142.295
102.658
103.661
107.536
136.032
151.034
141.472
95.8739
88.6194
119.528
82.0542
89.7441
59.3997
67.5101
78.8144
113.439
140.308
177.499
103.342
104.074
111.209
126.659
95.665
90.0615
98.584
97.779
80.3457
99.6617
86.875
90.9776
105.045
104.115
101.964
76.8685
88.1073
104.41
118.728
111.849
118.317
335.705
353.261
66.1972
71.5012
112.922
129.221
108.097
104.362
145.041
119.66
110.183
96.3212
106.03
101.245
91.6775
103.894
116.302
103.26
108.213
171.263
276.574
114.501
105.275
233.669
120.371
130.377
341.284
133.236
329.566
487.252
67.4632
329.191
111.489
95.232
114.185
96.4643
91.4464
95.1193
94.1576
145.702
111.596
170.395
123.847
96.6497
104.84
121.377
102.984
91.5085
82.3324
94.6757
100.743
76.2542
93.5405
85.8808
98.7442
84.7279
94.9543
80.3745
105.703
72.5292
95.4906
88.0875
81.9795
115.766
95.7217
91.5658
89.0681
91.8562
119.382
220.935
65.0583
82.7826
168.52
102.777
181.202
91.3456
70.0723
41.2508
57.7817
64.4893
209.078
119.592
90.7702
148.007
73.771
147.47
149.885
72.9309
106.769
106.429
104.254
97.999
144.871
138.782
108.774
103.072
100.131
101.316
177.345
113.177
96.9508
158.542
97.0437
173.109
101.047
479.641
129.495
199.916
130.164
169.549
102.255
101.323
187.5
179.686
126.033
123.681
190.099
-1.78385
41.1887
8.45371
42.1005
63.8259
28.5776
94.8349
50.2893
73.8877
21.0613
114.698
142.873
44.2885
84.9289
169.367
97.8594
83.6945
90.9948
171.905
210.463
113.11
156.531
59.8692
102.935
106.095
123.92
119.081
134.511
116.031
137.706
177.042
116.186
85.1829
117.228
125.438
101.585
130.988
143.21
117.937
163.403
94.0283
127.312
87.6748
134.4
139.339
145.907
162.811
163.152
100.076
127.73
84.3365
120.526
127.065
134.593
166.362
201.62
484.063
234.164
110.214
144.721
146.421
169.301
91.2502
76.996
81.8677
99.6593
89.1793
120.158
100.046
242.585
75.6435
138.896
112.93
112.752
113.183
86.1619
107.269
126.36
141.552
294.726
43.3539
136.177
116.926
138.577
98.4232
139.551
92.9455
156.995
25.4653
2.90118
173.964
125.515
134.203
267.346
169.207
113.908
216.443
88.5074
111.656
133.62
162.26
167.285
83.4408
148.432
104.634
164.643
154.955
63.0869
68.346
167.765
173.743
130.884
105.761
104.44
48.7382
185.367
219.209
65.1124
76.6838
89.3142
71.082
70.1041
184.808
117.103
71.0845
128.792
203.716
179.836
154.541
88.5342
103.779
118.896
74.3779
54.8716
-3.31586
277.067
317.728
257.788
223.963
)
;

boundaryField
{
    inlet
    {
        type            fixedFluxPressure;
        gradient        nonuniform List<scalar> 
147
(
-557.996
453.004
1317.06
-55012.6
-10918
18121.9
-8.85278
4473.03
-3664.4
2766.94
33.1238
-782.314
3089.61
103.406
-103.64
-6164.05
-20.7099
-3128.85
-53.7385
-2362.5
-4848.27
976.413
-13391
-1083.83
-224.236
-1845.79
-1241.8
-2158.26
-21623.1
4815.49
0.746567
-172.902
-9838.44
-4728.27
-119.494
-145.258
1093.04
-8072.77
86.0427
5262.59
5839.17
-7427.69
-31124.4
-0.654987
-6.86779
4378.77
57.9835
2552.11
-4076.52
-18057.6
1175.93
-144.109
-2714.09
-4608.79
-230.597
-10843.8
-3436.83
-2006.24
-569.035
-3561.85
0
0
0
-1678.82
-311.531
3393.93
3491.49
-4012.77
633.675
16217.2
-6869.97
-33908.7
-14461.8
563.46
2301.16
44.2685
-35244.8
-8186.55
6.1366
-58.4909
2082.18
-31326.5
-10214
39.9528
-57251.3
-601.329
-11777.5
-3231.8
-15072.5
4686.55
-1713.5
-6195.31
-396.957
310.636
-11107.3
-14284.7
-125.264
-1543
1012.92
55875.1
-83752.3
44149.3
-8137.05
2600.86
-10549
16.2186
-23758
-15159.4
-24549.6
-1322.54
-21505.9
-472.367
-18761.6
120.638
-29437.3
-375.37
-87.6356
-44441.8
-61781.4
-73459.4
6693.39
-1042.05
-21517.6
17495.5
-314895
-33381.6
32313.7
-218148
-382736
5193.07
-13687.3
33488.6
4758.31
-7075.35
1130.88
-150.024
-7710.37
-66075
-8145.15
-2426.23
-9019.42
0
87.1007
17240.9
-391.349
9.31941
-68967.6
)
;
        value           nonuniform List<scalar> 
147
(
111.015
107.789
92.135
76.7338
81.2142
99.0665
87.0864
103.276
95.04
98.9862
111.129
106.587
96.3939
97.9205
87.8904
85.0324
87.0799
94.602
98.3816
94.0661
108.193
108.78
81.1573
99.1824
84.9652
86.5999
87.933
96.9878
84.0808
101.11
87.6237
84.1743
83.3067
84.7432
91.3077
91.2846
107.419
93.5117
98.7996
108.187
108.76
94.95
66.7335
98.5592
98.4227
108.345
101.775
104.238
88.128
78.155
87.1789
87.9707
87.6604
87.5144
87.3708
85.069
88.2828
90.7463
91.0821
87.8573
90.1831
90.1695
86.8218
88.5809
90.9652
92.8781
100.479
99.3036
103.214
111.393
93.2209
87.5374
82.2051
102.84
104.913
111.178
90.4318
103.456
111.08
109.241
113.056
69.0915
97.1052
98.7033
76.7182
98.9227
98.9908
94.5257
87.9099
106.701
94.6772
97.5685
102.362
94.9399
88.2391
82.0448
90.4331
82.5215
91.9599
125.805
54.0217
125.941
84.0666
97.4501
84.2904
107.116
81.8399
157.358
88.2699
93.9212
80.9169
96.3615
88.605
102.356
69.4848
85.5605
85.5392
72.2821
158.191
81.8907
95.4101
87.1558
69.1378
147.973
18.4289
80.9692
196.986
92.8102
27.3398
105.259
93.833
125.646
112.035
92.4413
104.044
94.6252
158.271
94.2809
102.437
113.226
115.706
90.0615
86.9185
88.9683
88.3116
148.437
132.793
)
;
    }
    outlet
    {
        type            fixedValue;
        value           uniform 0;
    }
    lowerWall
    {
        type            fixedFluxPressure;
        gradient        uniform 0;
        value           nonuniform List<scalar> 
1232
(
111.573
107.336
91.4763
104.247
92.1358
90.0032
87.0953
98.8017
98.7057
96.2184
109.639
107.845
100.477
132.51
91.5587
101.833
87.4563
106.598
95.6
95.4736
107.06
130.646
118.353
106.416
109.765
132.01
105.67
95.6985
115.212
96.7418
35.8395
125.131
109.974
89.0601
90.9276
118.309
109.252
100.506
99.8397
105.303
116.424
93.7173
96.8241
89.9357
86.2196
90.2611
113.276
100.133
109.133
109.783
104.29
97.9062
93.7247
91.9018
93.0619
96.5523
99.7578
100.241
98.9387
94.4602
97.1748
95.9568
94.0244
93.732
94.5469
96.4845
98.0019
97.6329
97.2535
96.9763
92.2919
91.4521
91.1966
91.1173
91.4272
92.4174
93.1948
93.1264
92.4284
92.5676
89.5092
89.0241
88.4906
88.4699
88.7019
89.1125
89.4249
89.5095
89.7269
89.7271
86.8647
86.6009
86.3558
86.3561
86.4929
86.7271
86.8863
86.9719
87.0469
87.0094
84.3079
84.1581
84.0216
84.0067
84.0775
84.2107
84.3309
84.3895
84.4422
84.409
81.7966
81.7095
81.6223
81.6386
81.6603
81.7391
81.8187
81.8616
81.8961
81.8606
79.3192
79.2894
79.2247
79.2203
79.2451
79.2978
79.3617
79.3904
79.4005
79.3575
76.8929
76.8702
76.8395
76.8271
76.8393
76.8735
76.9174
76.9351
76.937
76.9182
74.4807
74.4611
74.4494
74.4481
74.4658
74.4905
74.5075
74.4983
74.511
74.4994
72.0982
72.0905
72.0719
72.0767
72.0915
72.1085
72.1206
72.131
72.1303
72.1099
69.7307
69.7224
69.7333
69.7329
69.7484
69.7633
69.77
69.7673
69.7434
69.7385
67.3978
67.4051
67.4303
67.4206
67.4141
67.4205
67.4336
67.4252
67.4065
67.4025
65.0878
65.1053
65.1254
65.1018
65.0817
65.081
65.0866
65.1037
65.092
65.0863
62.8007
62.8029
62.8036
62.8058
62.8053
62.8018
62.7888
62.7848
62.7918
62.7963
60.5226
60.5255
60.5296
60.5366
60.5405
60.5403
60.5242
60.517
60.5101
60.5112
58.2619
58.2628
58.2664
58.2657
58.265
58.2625
58.2613
58.2573
58.251
58.2535
56.0313
56.02
56.0141
56.0178
56.0207
56.0226
56.0225
56.0212
56.0258
56.0295
53.7916
53.79
53.7864
53.7879
53.7902
53.8015
53.8103
53.8121
53.8079
53.7974
51.5779
51.5634
51.5678
51.578
51.5867
51.593
51.6001
51.5996
51.6029
51.5921
49.3844
49.3578
49.3576
49.3674
49.3824
49.3987
49.3952
49.4013
49.4013
49.3985
47.189
47.1746
47.1658
47.1641
47.1746
47.1859
47.1915
47.1937
47.1909
47.1927
44.9935
44.9953
45.0011
45.0062
45.0021
44.9971
44.993
44.9913
44.9898
44.9923
42.8155
42.8287
42.8347
42.8307
42.8183
42.8112
42.8126
42.8229
42.817
42.816
40.667
40.6707
40.6728
40.6633
40.6559
40.6449
40.6571
40.6623
40.662
40.6639
38.5124
38.5282
38.5329
38.5332
38.5266
38.5172
38.5158
38.5117
38.5
38.5035
36.3821
36.3968
36.3961
36.3916
36.3819
36.3746
36.3638
36.3609
36.3613
36.3684
34.28
34.2784
34.2588
34.2528
34.2491
34.241
34.2345
34.2385
34.2577
34.2734
32.1698
32.1644
32.1518
32.146
32.144
32.1451
32.1518
32.1583
32.1631
32.1707
30.0528
30.0573
30.0639
30.0719
30.0726
30.0753
30.0786
30.0766
30.0692
30.0584
27.9668
27.9734
27.9879
28.0048
28.0136
28.0149
28.0093
27.9988
27.9873
27.9733
25.933
25.9287
25.929
25.9349
25.9449
25.9551
25.9596
25.9595
25.9546
25.9428
23.935
23.9191
23.91
23.9059
23.9108
23.9202
23.9335
23.9436
23.9498
23.944
21.9445
21.9264
21.923
21.9242
21.9281
21.9309
21.9319
21.9381
21.9425
21.9451
19.9477
19.9462
19.9476
19.9567
19.9642
19.9639
19.956
19.9518
19.9491
19.9475
17.9788
17.9842
17.9911
18.0006
17.9973
17.9904
17.9836
17.9794
17.9771
17.9784
16.0551
16.0589
16.0551
16.045
16.0297
16.0173
16.0085
16.0216
16.0276
16.0456
14.1322
14.1408
14.1246
14.1075
14.086
14.0734
14.0696
14.0822
14.0951
14.1156
12.1834
12.2019
12.2031
12.1904
12.1784
12.1698
12.1669
12.1718
12.1713
12.1742
10.2614
10.2682
10.2783
10.2852
10.2817
10.2766
10.2722
10.2713
10.2669
10.2606
8.38667
8.37509
8.37335
8.37637
8.37771
8.38183
8.38345
8.38572
8.38701
8.3899
6.51463
6.49887
6.49587
6.49654
6.50447
6.51995
6.52613
6.52453
6.51723
6.51909
4.63475
4.63036
4.63352
4.64072
4.65498
4.67967
4.67862
4.66777
4.65624
4.64485
2.77684
2.77413
2.78166
2.78689
2.79478
2.80583
2.80929
2.80824
2.79525
2.78169
0.928287
0.927532
0.928134
0.923612
0.921344
0.924583
0.932881
0.937621
0.938117
0.928527
99.0988
97.8507
99.9537
94.4049
94.8272
97.2288
92.1451
93.4699
94.4688
92.5877
93.9191
93.3923
96.7161
95.7918
94.2285
99.8854
97.8439
96.5485
99.8022
97.9354
98.2034
98.8928
97.4625
97.8577
95.6984
97.4012
97.9075
112.927
98.5619
98.1796
98.759
100.304
107.669
96.1173
93.7044
94.9808
88.2988
91.0667
92.8298
92.3188
92.2431
92.1119
75.301
91.279
93.3279
99.6499
99.0987
113.066
106.472
99.7776
100.875
98.6069
99.5939
101.632
129.526
92.67
100.209
126.337
121.739
67.4678
102.869
101.271
102.404
96.3551
95.9633
97.118
93.2378
93.4297
94.056
94.384
92.5049
92.7763
93.6643
93.908
93.3646
98.846
98.0465
97.5389
100.99
98.973
98.7843
98.7676
96.2275
98.7712
95.94
97.1908
98.3843
107.823
103.624
97.2239
96.5524
94.2755
95.131
94.524
92.9095
93.658
93.6376
91.7155
92.3268
94.4809
92.4019
91.8056
95.8398
93.903
92.6615
97.6706
94.5601
94.2499
97.7391
94.4501
94.7341
96.7738
94.2014
94.4651
96.4581
94.5425
94.8479
97.4073
94.9962
94.9852
98.4386
99.9073
100.56
98.8312
99.5023
98.1965
101.72
100.555
99.2487
94.5738
95.3385
95.1458
95.407
95.3026
94.6786
97.0753
96.0017
96.1085
92.6314
92.8907
92.5003
93.7209
93.871
93.1225
94.2401
93.869
94.0396
93.251
93.2219
92.1411
93.6442
93.3189
93.3909
93.045
93.1642
93.5029
95.9915
94.8072
95.3623
95.214
95.1211
95.7964
93.8054
94.5631
94.6722
98.5455
99.1636
102.132
97.6394
98.1495
98.3175
96.8999
97.5126
97.0984
98.5067
98.3587
97.7114
98.1125
98.2923
98.2167
98.5502
98.4136
98.0263
97.6434
99.6315
97.8975
97.8347
100.817
96.0808
98.2134
97.7194
97.3815
96.4158
97.6359
99.836
97.6585
97.5103
97.1999
98.0893
97.471
97.3528
100.524
102.373
114.925
99.5095
101.982
99.7893
98.283
101.312
99.6337
93.7979
93.9805
93.8648
94.864
94.9803
94.623
96.9581
96.7496
96.3528
97.885
97.4798
97.3797
94.3763
94.0887
93.9662
95.8643
95.4041
95.3382
97.2725
97.112
97.39
97.3373
97.467
97.8589
97.457
96.915
97.0265
93.4681
93.5857
93.9758
95.5934
96.6397
97.4215
93.9043
93.321
93.4237
108.777
123.965
104.491
74.1967
131.903
112.187
99.5596
100.38
115.376
88.2569
182.844
121.276
94.0821
94.9423
87.5355
99.3617
84.5924
77.7093
95.9158
106.555
105.757
92.8083
91.6243
91.4092
91.9683
91.0709
90.7105
96.111
96.4677
94.4146
93.5175
95.3114
95.7207
97.612
130.837
106.524
96.7134
95.4839
96.0052
94.6014
96.7302
96.8483
93.6477
94.0503
94.8242
94.4884
94.9026
93.0984
94.5039
87.2917
93.6992
103.94
106.222
106.403
91.3391
90.4702
90.3291
93.2672
91.8334
91.79
92.1771
93.5512
94.0242
96.7192
96.6359
94.5284
135.796
115.934
102.476
94.6104
96.0125
95.6845
92.5747
93.0194
91.9741
97.5822
111.305
106.72
107.679
103.307
105.462
126.451
130.01
107.07
95.7284
95.6006
96.5709
79.0441
91.7821
97.5446
75.475
109.752
93.24
91.012
90.304
90.5259
91.9984
92.3286
92.224
93.0846
91.851
91.8366
95.3587
95.1262
94.4126
95.4471
94.6437
95.1576
117.316
79.0468
102.755
112.159
114.487
90.4203
98.5067
107.216
163.634
87.0446
91.4239
87.6121
97.9657
96.7578
96.0387
91.9804
101.487
81.6685
100.014
100.989
59.936
86.5908
90.6773
95.7666
82.6256
106.859
98.1804
124.167
127.637
147.368
98.8178
92.4017
82.8864
89.3251
97.2242
111.304
103.997
123.728
109.612
89.872
97.804
108.568
96.1707
109.781
90.4602
90.831
96.7828
91.5195
92.1247
94.0083
100.044
91.7207
85.5763
99.4183
100.131
97.8037
90.1831
104.306
97.3377
116.714
92.6965
107.106
94.9976
91.1807
92.0142
92.383
104.496
104.335
111.687
102.612
105.199
91.8209
110.973
83.8304
107.106
103.495
100.752
104.338
94.6002
95.2539
94.811
110.633
113.283
96.4046
92.6869
92.4196
92.0678
104.081
109.426
106.949
85.6894
87.5281
95.6651
121.767
99.6179
106.009
90.7881
100.782
106.765
104.662
128.673
126.879
156.051
98.1554
48.2388
95.6331
96.1744
97.1769
134.182
140.602
83.2265
95.5858
106.404
105.351
108.11
114.021
116.741
107.742
107.728
103.164
94.3252
95.0746
95.8693
112.567
107.301
106.22
99.4727
107.541
108.569
108.566
107.194
89.0553
103.708
104.762
105.158
103.482
102.659
100.529
102.013
106.154
98.9077
109.773
88.0377
64.8824
102.332
101.454
105.287
101.131
104.984
87.1735
116.593
109.509
109.765
104.562
122.409
109.95
113.096
115.374
103.107
127
117.236
109.749
110.429
95.6539
109.16
105.15
126.562
115.003
102.324
114.381
103.185
113.187
120.723
116.169
89.189
100.723
99.7442
113.397
110.518
114.592
90.4984
97.0787
125.572
90.9382
88.7263
103.754
103.353
115.719
105.748
106.771
114.635
116.157
100.099
103.908
99.7401
132.622
133.456
92.7167
164.939
101.895
91.2662
100.649
71.5514
99.4864
102.512
91.9417
106.055
106.682
124.483
92.8006
102.235
94.5781
103.162
122.339
104.391
100.402
110.866
135.527
101.155
82.3327
160.997
100.987
104.248
93.807
102.949
76.986
101.976
107.979
103.447
107.167
94.0552
101.717
107.405
93.963
141.308
113.872
107.429
99.3449
141.564
139.223
99.0578
105.46
90.9697
98.5905
90.6839
101.474
96.9315
57.5776
150.423
103.547
111.383
108.814
121.416
96.4151
124.07
95.8973
95.6846
106.156
88.5618
112.033
94.063
84.8573
134.425
180.825
120.188
128.449
92.7091
72.2629
85.7433
127.408
102.506
99.467
99.1216
66.9084
102.175
89.452
97.3357
103.282
102.829
108.898
103.948
94.4183
110.832
110.267
88.4739
113.586
86.5948
116.872
123.018
103.371
126.449
97.8088
99.1283
104.914
152.702
152.276
71.717
127.12
118.09
156.141
107.181
81.4394
76.1218
96.2013
122.531
108.142
108.689
101.077
113.181
96.5175
112.922
124.07
153.471
105.342
106.133
76.6273
106.877
109.788
116.12
104.666
114.493
106.035
102.434
98.2893
108.975
61.4928
134.929
56.3668
94.1113
115.632
107.591
95.1542
91.8199
88.2824
114.733
93.2895
125.775
111.011
98.6508
103.843
102.49
108.075
114.721
115.861
80.6032
108.583
99.3907
118.297
124.773
112.908
86.236
109.124
90.5167
122.499
93.1242
90.7425
93.2923
125.938
56.2925
95.3527
162.463
83.9246
98.2702
127.327
100.956
198.983
-32.2453
146.014
98.5948
140.308
111.209
104.074
75.6435
86.1619
112.752
92.9455
2.90118
138.577
)
;
    }
    upperWall
    {
        type            fixedFluxPressure;
        gradient        uniform 0;
        value           nonuniform List<scalar> 
1049
(
110.585
107.276
92.2063
101.351
85.4138
90.2927
88.7145
106.325
102.922
96.3912
107.141
108.336
105.205
85.2084
91.1221
94.8955
99.786
115.717
123.545
100.089
117.223
114.087
97.5439
99.049
92.7269
100.085
109.192
105.58
99.3635
104.226
119.951
123.662
64.5789
127.759
100.768
70.5883
107.66
107.602
99.673
100.472
112.525
89.2832
94.7615
90.3162
86.8765
104.132
99.3829
92.0907
103.407
113.398
104.244
97.7072
93.7732
92.2027
93.2512
98.0556
99.2495
100.257
99.7153
91.6549
97.1759
95.951
94.0136
93.7273
94.5447
96.4547
97.9115
97.6368
97.2709
96.97
92.2923
91.4517
91.1975
91.1189
91.4264
92.4167
93.1935
93.1265
92.4285
92.5678
89.5091
89.0239
88.492
88.4698
88.7014
89.112
89.4249
89.5097
89.7272
89.727
86.8647
86.6008
86.3557
86.3553
86.4933
86.7272
86.8862
86.9718
87.0469
87.0092
84.308
84.158
84.0215
84.0066
84.0775
84.2104
84.3308
84.3894
84.4422
84.4091
81.7968
81.7094
81.6222
81.6383
81.6595
81.7388
81.8186
81.8615
81.8961
81.86
79.3188
79.2893
79.2246
79.2202
79.2446
79.298
79.3616
79.3903
79.4004
79.3571
76.893
76.8701
76.8394
76.827
76.8392
76.8734
76.9173
76.935
76.9369
76.9184
74.4807
74.461
74.4493
74.448
74.4658
74.4905
74.5074
74.4982
74.5109
74.4993
72.0976
72.0901
72.0718
72.0766
72.0914
72.1084
72.1205
72.1309
72.1307
72.1103
69.7306
69.7223
69.7331
69.7328
69.7483
69.7632
69.7699
69.7678
69.7437
69.7384
67.3977
67.4053
67.4298
67.4203
67.414
67.4206
67.4333
67.4247
67.4059
67.4014
65.088
65.1051
65.1255
65.1017
65.0816
65.0807
65.0866
65.104
65.092
65.0865
62.8002
62.8027
62.8035
62.8055
62.8054
62.8017
62.7889
62.7848
62.7919
62.7962
60.5225
60.526
60.5292
60.5368
60.5405
60.5402
60.5244
60.5169
60.51
60.511
58.2624
58.2628
58.2663
58.2656
58.2639
58.2622
58.2612
58.2573
58.2514
58.2534
56.0312
56.0195
56.0138
56.0177
56.0202
56.0225
56.0224
56.0213
56.0258
56.0294
53.7913
53.7894
53.7862
53.7881
53.7903
53.8015
53.8102
53.812
53.8078
53.7973
51.5779
51.5636
51.5679
51.5773
51.5861
51.593
51.5999
51.5995
51.6024
51.5921
49.3843
49.3577
49.3572
49.3667
49.3824
49.3987
49.395
49.4013
49.4013
49.3986
47.1887
47.1744
47.1658
47.1643
47.1747
47.1857
47.1913
47.194
47.1905
47.1926
44.9935
44.9952
45.001
45.0062
45.002
44.9968
44.9932
44.9911
44.9895
44.9923
42.8151
42.8288
42.8346
42.8308
42.8176
42.8111
42.813
42.8227
42.8171
42.8159
40.6667
40.6706
40.673
40.663
40.6556
40.6457
40.6571
40.6627
40.6622
40.6639
38.5124
38.5288
38.5325
38.5329
38.5267
38.5175
38.516
38.5116
38.4999
38.5031
36.3821
36.3969
36.3957
36.3915
36.3818
36.3739
36.3634
36.3608
36.3611
36.3686
34.28
34.2782
34.2589
34.2527
34.2489
34.2407
34.2344
34.2384
34.2586
34.274
32.1694
32.1644
32.1519
32.1459
32.1439
32.1456
32.1517
32.1582
32.163
32.1706
30.0527
30.0573
30.064
30.072
30.0726
30.0755
30.0785
30.0765
30.069
30.0577
27.9667
27.9732
27.9879
28.0044
28.0135
28.0147
28.0091
27.9989
27.9874
27.9735
25.9329
25.9286
25.9287
25.9346
25.9453
25.9551
25.9595
25.9594
25.9548
25.9428
23.9349
23.9195
23.91
23.9059
23.9108
23.9202
23.9334
23.9434
23.9495
23.9439
21.9445
21.9261
21.9229
21.9243
21.9281
21.9307
21.9318
21.938
21.9422
21.9451
19.9475
19.9453
19.9474
19.9568
19.9646
19.9638
19.956
19.9517
19.949
19.9474
17.9785
17.9842
17.9911
18.0005
17.9972
17.9902
17.9834
17.9791
17.9772
17.9784
16.0552
16.0594
16.0552
16.045
16.0289
16.0164
16.0082
16.0215
16.0276
16.0454
14.1324
14.1405
14.1243
14.1071
14.0861
14.0734
14.0696
14.0821
14.095
14.1155
12.1836
12.2012
12.2027
12.1907
12.1784
12.1699
12.1669
12.1718
12.171
12.1739
10.2614
10.2682
10.2783
10.2853
10.2815
10.2763
10.2719
10.2711
10.2668
10.2605
8.38697
8.3751
8.37325
8.37628
8.37762
8.38174
8.38336
8.38563
8.38691
8.38987
6.5144
6.49846
6.49573
6.49635
6.50456
6.51992
6.5263
6.52447
6.51708
6.51878
4.63465
4.6304
4.63358
4.64066
4.65484
4.67972
4.67854
4.66771
4.65614
4.6447
2.77671
2.77442
2.78164
2.78676
2.7945
2.80512
2.80878
2.80817
2.79527
2.78175
0.928319
0.927297
0.927825
0.923136
0.921298
0.924515
0.932956
0.937795
0.938026
0.928444
99.9487
97.8687
98.171
97.2257
94.8294
94.3614
94.4578
93.4823
92.2802
93.4103
93.8461
92.6522
94.2076
95.7553
98.1079
96.5257
97.85
100.048
98.1126
97.8758
98.0764
97.8604
97.5148
101.362
97.9103
97.399
96.6956
98.1997
98.6106
105.002
106.072
99.0642
102.07
95.0746
93.7555
97.9496
93.0437
91.1091
88.4319
92.1178
92.379
92.541
90.5372
90.6297
237.308
86.6092
100.586
98.0617
100.651
102.257
101.876
105.747
110.313
107.19
101.097
97.5268
97.5546
97.3018
114.04
107.337
102.464
101.251
102.606
97.1246
96.1018
96.0595
94.0715
93.5077
93.2422
92.738
93.0227
95.7501
93.3503
93.9152
93.6374
97.3625
97.9501
99.075
98.744
99.0688
99.5502
98.6685
100.924
98.0452
97.9978
97.6967
104.574
97.3188
103.919
120.467
95.1306
94.2749
96.5534
93.6559
92.9108
94.5196
92.327
91.7154
93.6193
91.8068
92.4002
94.4174
92.6635
93.8972
95.8618
94.2531
94.5586
97.7244
94.732
94.4502
97.738
94.4647
94.2
96.7365
94.8475
94.5426
96.4576
94.9845
94.9957
97.395
99.2515
100.546
101.727
98.1705
99.4856
98.8431
100.511
99.9129
98.4286
96.1116
96.0209
97.0747
94.6804
95.3118
95.4073
95.1807
95.4433
94.6095
94.0233
93.8514
94.2281
93.1252
93.7298
93.7339
92.41
92.8179
92.6142
93.5463
93.1911
93.074
93.3936
93.308
93.6036
92.693
93.1456
93.0596
94.6513
94.482
93.7916
95.8098
95.0464
95.1895
96.6763
94.6257
95.9093
97.0957
97.4409
96.9578
98.2736
98.116
97.6283
102.57
98.6115
98.6104
98.0365
98.5056
98.2229
98.1976
98.4152
98.1242
100.326
98.4916
98.5901
97.4761
97.718
98.1558
96.8597
97.1339
97.822
99.2122
98.9905
97.7472
97.3606
97.5814
98.1587
97.201
97.5862
97.6525
99.3624
97.4056
96.3822
99.6279
101.319
98.2799
99.6333
101.676
99.5992
113.588
103.406
101.077
93.8607
93.9817
93.7943
94.6217
94.9812
94.8762
96.3552
96.7549
96.9938
97.3782
97.4755
97.8658
93.9282
94.0887
94.376
95.3835
95.4055
95.8643
97.4249
97.1149
97.2766
97.855
97.4643
97.3349
97.023
96.873
97.4415
93.967
93.574
93.4586
97.3561
96.6817
95.6623
93.4195
93.2984
93.9111
109.403
103.883
105.37
74.9161
141.664
183.404
136.571
100.245
91.9531
87.5984
91.2148
121.823
91.4085
91.6236
92.8077
90.7098
91.07
91.9675
94.4304
96.4757
96.1135
95.7202
95.3183
93.5299
96.0025
95.4864
96.7327
94.825
94.0473
93.6449
96.8476
96.7368
94.6138
93.1094
94.9066
94.4874
90.3306
90.4715
91.3403
91.7887
91.8321
93.2662
94.0245
93.5525
92.1769
94.5292
96.6436
96.7174
91.9757
93.0271
92.583
95.6801
96.0039
94.609
107.133
107.901
97.8528
96.5639
95.6003
95.728
107.817
103.021
99.9535
108.022
106.161
95.1573
91.859
95.6365
149.551
106.2
111.024
103.706
90.5267
90.3048
91.0127
92.2223
92.327
91.9987
91.8367
91.8512
93.0849
94.4117
95.1258
95.359
95.1559
94.6431
95.4465
79.6189
90.6275
82.5825
98.1827
97.0245
93.7926
72.7656
71.4507
99.8314
91.0901
101.305
109.394
96.0378
96.7575
97.9746
100.84
103.764
106.864
108.169
100.948
101.883
112.904
124.075
82.1268
140.452
102.651
101.147
94.692
101.666
101.587
78.2285
103.4
102.919
100.014
105.013
100.624
101.845
118.567
117.042
110.702
107.834
102.297
97.7131
107.363
84.0618
103.187
100.717
100.359
89.4132
107.865
138.166
115.197
87.3566
98.8427
98.5108
159.795
104.437
98.3117
119.105
92.1387
102.642
106.156
101.629
108.079
115.126
120.037
94.8114
95.253
94.599
92.0679
92.419
92.6866
88.7437
96.4594
89.9695
92.3661
76.6317
103.257
97.1773
96.1742
95.6329
92.0703
84.2684
103.766
103.964
103.146
105.194
66.308
106.956
116.946
112.682
136.195
109.741
130.499
140.014
114.715
112.868
121.634
124.244
94.1429
95.5967
101.601
93.2537
102.865
94.8484
167.085
82.046
103.001
103.027
101.991
108.49
84.7771
84.471
88.1982
116.038
107.23
82.0534
119.084
102.74
103.074
136.906
120.311
100.673
138.599
115.918
103.247
111.808
173.906
100.757
103.243
103.094
106.149
107.894
107.889
106.066
41.8322
99.0741
84.2389
140.517
120.262
94.1275
108.157
108.083
99.519
71.8891
102.04
88.411
99.8531
145.614
100.032
87.2392
82.993
83.0917
94.1362
50.5281
178.233
91.7907
134.708
113.462
94.5744
114.165
69.9263
86.9397
83.0424
85.3028
102.136
124.839
111.238
99.7991
105.464
110.588
114.229
99.2856
114.444
125.89
136.153
76.6777
108.841
129.222
115.653
81.3999
151.616
138.594
127.312
164.158
78.143
114.698
44.2885
50.2893
203.716
118.896
154.541
70.0723
209.078
41.2508
100.131
158.542
113.177
8.45371
28.5776
-1.78385
187.5
123.681
102.255
99.6593
100.046
76.996
105.761
65.1124
185.367
63.0869
173.743
164.643
54.8716
223.963
277.067
)
;
    }
    frontWall
    {
        type            cyclic;
    }
    backWall
    {
        type            cyclic;
    }
}


// ************************************************************************* //
