/*--------------------------------*- C++ -*----------------------------------*\
| =========                 |                                                 |
| \\      /  F ield         | OpenFOAM: The Open Source CFD Toolbox           |
|  \\    /   O peration     | Version:  5.0                                   |
|   \\  /    A nd           | Web:      www.OpenFOAM.org                      |
|    \\/     M anipulation  |                                                 |
\*---------------------------------------------------------------------------*/
FoamFile
{
    version     2.0;
    format      ascii;
    class       volScalarField;
    location    "4.3";
    object      p;
}
// * * * * * * * * * * * * * * * * * * * * * * * * * * * * * * * * * * * * * //

dimensions      [1 -1 -2 0 0 0 0];

internalField   nonuniform List<scalar> 
8311
(
102.389
101.558
102.368
101.428
101.675
101.326
100.884
96.022
93.1973
90.5457
87.9121
85.3139
82.7381
80.2036
77.6917
75.2082
72.7393
70.3048
67.8925
65.507
63.1255
60.7657
58.4374
56.1007
53.7887
51.4972
49.2104
46.922
44.652
42.4107
40.1652
37.9449
35.7549
33.5554
31.3476
29.1731
27.0537
24.9681
22.892
20.8094
18.756
16.7475
14.7431
12.709
10.7049
8.74793
6.79373
4.83422
2.89558
0.967993
102.534
101.414
101.534
102.18
101.512
101.126
100.396
96.5943
93.0108
90.5015
87.8888
85.3034
82.7545
80.2142
77.6912
75.2115
72.7375
70.3183
67.9111
65.5094
63.1317
60.7703
58.4305
56.1019
53.7795
51.4822
49.1996
46.9245
44.6599
42.4143
40.1804
37.9583
35.7501
33.5445
31.3488
29.1787
27.0473
24.9515
22.8731
20.8085
18.7618
16.752
14.7472
12.7269
10.712
8.73784
6.78105
4.8315
2.89645
0.967705
103.708
101.125
101.165
101.403
103.392
100.839
99.9774
96.492
92.9943
90.4619
87.8735
85.2808
82.7267
80.2056
77.6928
75.2007
72.7516
70.3407
67.9358
65.5107
63.1356
60.7721
58.4163
56.0952
53.7816
51.4769
49.1902
46.9318
44.6776
42.417
40.1848
37.9567
35.7282
33.5326
31.3582
29.1939
27.0477
24.9419
22.8694
20.8085
18.771
16.7508
14.7373
12.7254
10.7214
8.73587
6.77762
4.83341
2.89961
0.967892
109.025
89.9121
96.3315
98.2256
107.033
101.418
99.192
97.0734
92.9641
90.45
87.8599
85.298
82.7244
80.1951
77.6927
75.2061
72.7521
70.3326
67.9109
65.5126
63.1427
60.7729
58.4286
56.0989
53.7936
51.4875
49.1892
46.9372
44.6664
42.4056
40.1845
37.9511
35.7234
33.528
31.3658
29.2106
27.0535
24.9387
22.8718
20.82
18.7765
16.7387
14.716
12.7179
10.7291
8.73858
6.77746
4.84077
2.90589
0.962979
71.8107
92.4821
95.4605
100.119
101.278
100.905
99.0718
98.4582
92.97
90.4017
87.8414
85.2692
82.7212
80.1908
77.7008
75.2152
72.7646
70.3253
67.8918
65.5172
63.1476
60.7723
58.4305
56.1021
53.8023
51.5023
49.1989
46.9317
44.6549
42.3982
40.1785
37.943
35.7207
33.5267
31.3672
29.2196
27.0621
24.9412
22.8743
20.8268
18.7757
16.7251
14.6949
12.7092
10.727
8.74025
6.78486
4.85526
2.91443
0.961016
87.4278
76.2264
101.904
100.088
98.8933
101.907
98.7782
98.5083
92.9657
90.4127
87.8465
85.2728
82.7274
80.1977
77.7091
75.222
72.7723
70.3264
67.8836
65.5
63.1427
60.7667
58.4297
56.1117
53.8069
51.5154
49.2092
46.927
44.6485
42.3943
40.1721
37.9388
35.7143
33.5291
31.3704
29.2222
27.0763
24.9553
22.8786
20.8275
18.7682
16.707
14.681
12.6963
10.7214
8.74434
6.80092
4.879
2.92509
0.964017
106.178
102.307
98.7327
98.2808
97.9459
98.9608
99.1225
98.057
93.0451
90.4726
87.8809
85.2968
82.7553
80.2184
77.7112
75.2246
72.7727
70.3349
67.8872
65.4901
63.1266
60.7655
58.4292
56.1201
53.8134
51.5141
49.2151
46.922
44.6451
42.3976
40.1691
37.9277
35.7083
33.5359
31.3738
29.2163
27.0805
24.9675
22.8803
20.8185
18.7603
16.7043
14.6808
12.6965
10.7175
8.74633
6.80718
4.8786
2.92895
0.973136
97.328
97.5971
97.3357
45.1166
101.285
102.588
99.626
97.2457
93.1117
90.5242
87.898
85.308
82.7617
80.2214
77.6926
75.2289
72.7649
70.323
67.9006
65.4847
63.1188
60.7612
58.4269
56.1213
53.8133
51.518
49.2166
46.9201
44.6644
42.4111
40.1649
37.9243
35.7138
33.543
31.3732
29.2067
27.0801
24.9779
22.8852
20.8111
18.7551
16.7108
14.6905
12.6973
10.7154
8.74819
6.80581
4.86797
2.92725
0.976904
103.024
100.966
102.302
104.101
103.898
102.577
100.179
96.8266
93.1358
90.5631
87.9223
85.3296
82.7646
80.2208
77.705
75.2293
72.7462
70.3098
67.8964
65.495
63.1132
60.7556
58.4322
56.1166
53.8143
51.5186
49.214
46.9204
44.6539
42.4072
40.1547
37.9243
35.728
33.5466
31.3647
29.1972
27.0759
24.9836
22.89
20.8106
18.7538
16.7224
14.7076
12.6993
10.7108
8.7492
6.79874
4.85685
2.91596
0.977962
101.722
101.458
101.851
102.286
103.129
101.317
100.449
96.7081
93.1036
90.5339
87.912
85.314
82.7365
80.2169
77.701
75.2121
72.7416
70.3058
67.8903
65.4955
63.1149
60.7573
58.4356
56.1059
53.8033
51.5126
49.2141
46.9209
44.6509
42.4079
40.1569
37.9312
35.7459
33.5547
31.353
29.1792
27.0612
24.9771
22.8921
20.809
18.7544
16.7366
14.7246
12.7003
10.705
8.75189
6.79909
4.84446
2.90172
0.968424
102.335
101.774
102.374
101.834
101.413
101.272
100.886
96.0226
93.1973
90.5457
87.9122
85.314
82.7379
80.2037
77.6917
75.2077
72.7393
70.3048
67.8926
65.5069
63.1255
60.7657
58.4374
56.1005
53.7887
51.4972
49.2103
46.922
44.6518
42.4106
40.1652
37.945
35.755
33.5552
31.3475
29.173
27.0535
24.9681
22.8919
20.8094
18.7559
16.7475
14.7432
12.7091
10.7049
8.74799
6.79369
4.83418
2.89554
0.968063
103.23
101.828
101.552
101.448
101.397
101.151
100.437
96.5933
93.0112
90.5013
87.8888
85.3033
82.7544
80.2142
77.6912
75.2113
72.7375
70.3184
67.9111
65.5093
63.1318
60.7704
58.43
56.1018
53.7795
51.4822
49.1995
46.9245
44.6597
42.4143
40.1809
37.9584
35.7499
33.5445
31.3488
29.1787
27.0472
24.9515
22.873
20.808
18.7618
16.7521
14.7473
12.7266
10.712
8.73783
6.78093
4.83149
2.89665
0.967656
102.982
100.537
100.728
101.163
103.63
100.983
99.9669
96.4873
92.9958
90.4617
87.8735
85.2808
82.7267
80.2056
77.6928
75.2007
72.7515
70.3404
67.9359
65.5107
63.1355
60.772
58.4162
56.095
53.7816
51.4768
49.1901
46.9318
44.6777
42.4173
40.1847
37.9566
35.7283
33.5326
31.3583
29.1939
27.0476
24.9419
22.8693
20.8084
18.7711
16.7509
14.7373
12.7254
10.7214
8.73573
6.77758
4.83348
2.89963
0.967882
86.2752
102.974
98.5046
102.847
101.624
98.9519
99.1759
96.934
92.9646
90.4492
87.8599
85.2979
82.7244
80.1951
77.6927
75.2061
72.7521
70.3325
67.9108
65.5125
63.1427
60.7729
58.4286
56.0991
53.7934
51.4874
49.1893
46.9373
44.6664
42.4055
40.1844
37.951
35.7233
33.528
31.3658
29.2105
27.0534
24.9387
22.8717
20.82
18.7764
16.7387
14.7159
12.7178
10.7292
8.73856
6.77735
4.84074
2.90587
0.962858
124.453
99.0578
91.9777
100.916
101.987
100.351
99.0405
98.4796
92.9697
90.402
87.8414
85.2688
82.7209
80.1907
77.7009
75.2152
72.7646
70.3252
67.8917
65.5174
63.1476
60.7723
58.4301
56.1022
53.8021
51.5024
49.199
46.9316
44.6544
42.3981
40.1786
37.9429
35.7206
33.5267
31.3672
29.2196
27.0622
24.9412
22.8744
20.827
18.7757
16.7251
14.6949
12.7093
10.727
8.74023
6.78479
4.85516
2.91433
0.961062
105.891
90.8486
97.0862
98.0974
95.8764
101.69
98.7386
98.5429
92.9655
90.4129
87.8463
85.2728
82.7276
80.1977
77.709
75.2219
72.7723
70.3264
67.8835
65.5
63.1428
60.7661
58.4296
56.1116
53.807
51.5154
49.2091
46.9268
44.6485
42.3945
40.1721
37.9387
35.7142
33.5291
31.3704
29.2222
27.0763
24.9553
22.8786
20.8275
18.7681
16.707
14.681
12.6964
10.7212
8.74432
6.80089
4.87901
2.92481
0.963981
125.506
103.077
98.8571
98.3629
97.5887
98.9388
99.1019
97.9654
93.0456
90.4724
87.8809
85.2967
82.7552
80.2183
77.7112
75.2245
72.7727
70.3348
67.8872
65.4901
63.1265
60.7655
58.4292
56.1201
53.8132
51.5141
49.215
46.922
44.6452
42.3975
40.1693
37.9274
35.7082
33.536
31.3738
29.2163
27.0805
24.9674
22.8803
20.8185
18.7603
16.7041
14.6808
12.6965
10.7174
8.74631
6.80746
4.87867
2.92886
0.973262
97.325
98.5695
99.2093
37.1719
101.28
101.099
99.5806
97.2244
93.1124
90.524
87.898
85.3079
82.7617
80.2214
77.6926
75.2289
72.7652
70.3228
67.9011
65.4846
63.1188
60.7612
58.4269
56.1213
53.8133
51.5182
49.2169
46.9201
44.6643
42.4112
40.1648
37.9242
35.7138
33.543
31.3732
29.2067
27.0801
24.9779
22.8851
20.811
18.7551
16.7108
14.6905
12.6972
10.7154
8.74817
6.8058
4.86795
2.92723
0.976906
102.478
100.39
101.472
103.643
104.294
102.542
100.18
96.8231
93.1365
90.563
87.9223
85.3296
82.7646
80.2208
77.7049
75.2295
72.7463
70.3096
67.8964
65.4951
63.1132
60.7556
58.4323
56.1166
53.8143
51.5185
49.2139
46.9205
44.654
42.4072
40.1548
37.9242
35.7285
33.5466
31.3646
29.1974
27.0759
24.9835
22.8898
20.8106
18.7538
16.7225
14.7075
12.6991
10.7108
8.74915
6.79868
4.85682
2.91602
0.977963
101.485
100.652
110.094
102.314
102.041
101.17
100.491
96.7053
93.1041
90.5337
87.9121
85.3139
82.7365
80.217
77.701
75.2123
72.7416
70.3058
67.8904
65.4954
63.1148
60.7571
58.4356
56.1059
53.8033
51.5126
49.2141
46.9209
44.6509
42.4079
40.1568
37.9312
35.7461
33.5547
31.3529
29.1794
27.0612
24.9771
22.8921
20.809
18.7544
16.7365
14.7246
12.7002
10.7049
8.75186
6.79887
4.84444
2.90175
0.968409
102.347
101.904
102.769
102.292
103.027
101.103
100.887
96.0224
93.1971
90.5457
87.9122
85.314
82.7377
80.2037
77.6916
75.2074
72.7392
70.3049
67.8926
65.5066
63.1254
60.7658
58.4372
56.1004
53.7886
51.4972
49.2101
46.922
44.6516
42.4106
40.1652
37.945
35.7549
33.5551
31.3474
29.173
27.0534
24.968
22.8919
20.8093
18.7557
16.7475
14.7432
12.7092
10.705
8.74797
6.79356
4.83409
2.89543
0.968022
103.936
102.886
101.73
101.971
101.297
101.153
100.441
96.5939
93.0106
90.5014
87.8887
85.3032
82.7543
80.2141
77.6911
75.2111
72.7374
70.3187
67.9108
65.5091
63.1319
60.7704
58.4291
56.1012
53.7794
51.4821
49.1991
46.9244
44.6596
42.4147
40.1809
37.9583
35.7498
33.5445
31.3488
29.1786
27.0471
24.9519
22.8728
20.808
18.762
16.7521
14.7471
12.726
10.712
8.73782
6.78073
4.83143
2.8967
0.967453
103.925
101.35
101.374
99.2302
103.929
100.727
99.9643
96.4901
92.9956
90.4618
87.8734
85.2807
82.7266
80.2055
77.6927
75.2006
72.7514
70.3401
67.9358
65.5106
63.1352
60.7719
58.4162
56.0949
53.7816
51.4767
49.19
46.9317
44.6777
42.4172
40.1841
37.9562
35.7283
33.5327
31.3584
29.1938
27.0474
24.9419
22.8693
20.8083
18.7715
16.7509
14.737
12.7251
10.7213
8.73561
6.77749
4.83347
2.89959
0.967552
88.0778
98.9766
99.7443
99.503
99.8796
100.972
99.1837
96.943
92.9641
90.4491
87.8598
85.2978
82.7243
80.195
77.6926
75.206
72.752
70.3323
67.9107
65.5123
63.1429
60.7728
58.4286
56.0991
53.7932
51.4871
49.1894
46.9372
44.6665
42.4054
40.1844
37.9509
35.7232
33.5279
31.3658
29.2104
27.0533
24.9386
22.8718
20.82
18.7763
16.7383
14.7158
12.7177
10.7292
8.73849
6.77724
4.84068
2.9058
0.962526
140.435
95.4094
90.8529
100.719
102.03
100.25
99.0475
98.4759
92.9693
90.4021
87.8414
85.2686
82.7207
80.1907
77.7009
75.2152
72.7645
70.3251
67.8915
65.5175
63.1477
60.7724
58.4296
56.1022
53.8018
51.5024
49.199
46.9316
44.6542
42.3979
40.1786
37.9429
35.7205
33.5266
31.3672
29.2195
27.0622
24.9412
22.8743
20.8272
18.7754
16.7251
14.6948
12.7092
10.7265
8.74016
6.78493
4.85505
2.91425
0.960971
88.4553
88.6854
94.197
98.2344
96.6603
99.6556
98.7586
98.5381
92.965
90.4129
87.8461
85.2727
82.7276
80.1976
77.7088
75.2218
72.7722
70.3265
67.8833
65.4999
63.1429
60.7659
58.4295
56.1114
53.807
51.5154
49.209
46.9267
44.6484
42.3946
40.1722
37.9385
35.714
33.529
31.3703
29.2221
27.0763
24.9552
22.8785
20.8276
18.768
16.7069
14.681
12.6965
10.721
8.74424
6.8009
4.879
2.92438
0.963956
156.279
114.79
100.086
93.9095
98.1957
97.9421
99.0722
97.9776
93.0451
90.4724
87.8808
85.2967
82.7551
80.2183
77.7111
75.2245
72.7726
70.3346
67.8871
65.4901
63.1263
60.7654
58.4291
56.12
53.813
51.514
49.2149
46.9223
44.6453
42.3976
40.1693
37.9273
35.7082
33.5359
31.3738
29.2161
27.0805
24.9674
22.8802
20.8185
18.7603
16.7039
14.6807
12.6966
10.7172
8.74624
6.80749
4.87842
2.92841
0.973255
100.495
99.2833
99.34
84.0738
103.794
100.984
99.5987
97.2266
93.112
90.5241
87.8979
85.3079
82.7616
80.2213
77.6925
75.2288
72.7655
70.3225
67.9011
65.4846
63.1187
60.7612
58.4272
56.1212
53.8132
51.5184
49.2168
46.9199
44.6641
42.4111
40.1647
37.9241
35.7138
33.5429
31.3731
29.2067
27.08
24.9777
22.8851
20.8109
18.7551
16.7108
14.6906
12.6972
10.7152
8.7481
6.80575
4.8679
2.92721
0.976909
103.673
105.007
101.827
104.108
104.323
102.369
100.181
96.8233
93.1362
90.563
87.9222
85.3295
82.7645
80.2207
77.7048
75.2296
72.7464
70.3094
67.8964
65.4951
63.1131
60.7555
58.4322
56.1165
53.814
51.5185
49.2135
46.9205
44.6546
42.4073
40.1549
37.9241
35.7291
33.5465
31.3644
29.1973
27.0758
24.9833
22.8897
20.8105
18.7539
16.7227
14.7075
12.6988
10.7107
8.74907
6.79851
4.85675
2.91618
0.97787
101.357
101.186
106.006
100.078
102.28
102.419
100.486
96.7054
93.1036
90.5337
87.912
85.3137
82.7363
80.217
77.7009
75.2125
72.7415
70.3058
67.8904
65.4954
63.1147
60.757
58.4355
56.1058
53.8033
51.5125
49.214
46.9208
44.6508
42.4079
40.1564
37.9313
35.7464
33.5546
31.3528
29.1795
27.0613
24.977
22.892
20.809
18.7543
16.7364
14.7245
12.7
10.7049
8.75207
6.7987
4.84436
2.90175
0.968339
100.787
101.399
100.672
101.305
100.793
101.375
100.677
100.533
100.781
100.245
101.172
100.533
100.79
100.231
100.173
99.1851
99.3589
101.305
100.085
98.9482
99.3934
99.4718
98.6802
99.1646
99.7458
99.335
99.7715
98.9396
99.0229
99.9007
98.858
100.533
99.0265
100.159
98.8155
98.7175
98.1063
98.6406
101.365
98.7078
98.1167
98.6414
98.822
100.386
99.6836
98.766
98.7821
100.152
99.6735
99.9573
101.524
100.421
101.037
99.9374
101.469
100.419
100.427
101.557
100.617
105.347
100.42
101.486
100.613
100.65
101.764
100.844
101.114
100.651
101.727
100.849
100.792
101.383
100.677
101.09
100.796
101.384
100.678
100.533
100.775
100.246
101.095
100.529
100.831
100.246
100.161
99.2991
99.3609
100.777
100.09
99.8019
99.3801
99.2253
99.8063
98.9863
102.038
99.2694
99.5417
98.8325
99.0244
100.384
98.7856
100.319
99.0609
99.7984
98.8482
98.6856
98.3576
98.659
99.8814
98.7044
97.7225
98.6531
99.3653
100.161
99.6746
98.9408
99.0026
100.34
99.6963
99.9399
101.462
100.422
100.926
99.9412
101.388
100.423
100.43
101.411
100.615
102.372
100.438
101.279
100.608
100.651
101.449
100.846
101.146
100.648
101.555
100.845
100.797
101.403
100.679
101.173
100.79
101.387
100.678
100.529
100.833
100.267
101.08
100.529
100.826
100.259
100.21
99.3384
99.4003
100.875
100.144
99.8652
99.3949
99.335
99.4464
98.9925
96.9884
99.3288
99.4772
98.7896
99.0234
98.9294
98.8076
100.469
99.0272
101.33
98.8258
98.696
98.5425
98.6519
99.299
98.7059
98.0413
98.6498
98.9086
100.473
99.6765
101.691
98.7847
100.375
99.6878
99.9428
101.371
100.425
101.005
99.9447
101.474
100.421
100.436
101.112
100.604
104.677
100.434
101.35
100.6
100.649
101.407
100.846
101.119
100.646
101.428
100.84
101.351
101.812
102.012
101.111
101.278
101.642
101.69
101.024
101.234
101.081
101.325
101.048
101.043
101.03
98.0874
100.668
98.0684
100.886
98.0927
100.698
98.0722
100.966
101.919
102.654
101.539
101.086
101.876
100.882
100.871
100.821
101.158
101.227
100.827
101.49
100.791
97.9545
100.105
97.8698
100.431
97.9644
100.106
97.8735
99.86
99.6571
101.41
102.698
101.766
99.651
99.2879
100.103
100.426
100.278
100.806
100.452
100.52
100.101
97.9057
99.3095
98.5516
99.9768
97.8942
99.2692
98.4482
101.364
102.293
112.516
101.928
113.972
103.133
153.107
97.663
99.4304
97.9994
99.2715
99.3702
97.9594
97.7136
98.8469
98.9953
99.0273
99.1911
98.8929
98.9992
99.0502
119.373
99.8542
108.197
100.697
97.13
97.4392
101.562
98.1113
99.5056
98.6828
100.62
99.509
99.0945
98.037
99.0055
98.877
98.8226
99.0457
99.0125
98.8556
98.8271
132.58
97.0414
99.1512
99.3509
131.055
96.6141
95.7218
97.6555
99.9028
96.6849
101.715
99.6913
96.3995
97.6583
98.7922
98.8066
98.8562
98.7586
98.7949
98.8032
98.8618
97.5591
99.7956
100.083
98.3517
95.6062
98.8568
99.8848
99.1025
98.7501
99.5158
98.9635
98.6965
99.5129
99.1002
98.9022
99.4836
99.0218
99.1037
98.9258
99.4775
99.0524
102.467
105.427
102.783
100.42
102.991
104.029
102.954
100.828
100.68
102.536
101.203
100.552
101.939
100.851
98.7861
100.143
98.1737
99.5915
98.7338
100.129
98.1327
99.6398
101.771
102.793
103.871
116.772
103.22
101.363
100.875
100.918
109.268
103.832
100.917
104.804
100.852
98.1838
100.359
98.1035
100.18
98.1842
100.365
98.1129
102.087
98.6037
103.728
102.191
102.117
99.1024
104.48
101.288
100.713
102.299
101.244
100.656
102.276
101.26
98.115
100.88
98.1966
100.49
98.1254
100.898
98.1925
101.357
101.565
101.717
101.337
101.389
101.759
101.924
101.01
101.07
101.069
101.31
101.016
101.061
101.054
98.089
100.709
98.068
100.886
98.0887
100.709
98.0677
101.339
101.846
100.715
101.291
100.861
101.52
101.412
100.785
100.811
101.063
101.084
100.751
100.827
101.086
97.9627
100.106
97.8702
100.443
97.9627
100.105
97.871
100.262
99.8361
99.2603
104.308
100.142
101.407
100.957
100.01
100.408
99.8609
101.097
100.025
100.436
100.529
97.892
99.2777
98.449
99.9587
97.8926
99.2559
98.4465
119.76
102.431
107.793
101.364
99.7003
101.012
97.5885
97.5376
99.2775
97.4711
101.031
97.6085
99.2823
97.5332
98.9003
99.0153
99.0545
99.1813
98.9005
99.0563
99.0543
97.2145
97.1684
102.056
101.975
97.369
96.2791
99.9305
99.3912
99.4282
100.702
100.367
99.0523
99.3859
100.224
99.013
98.8627
98.8264
99.1023
99.0112
98.863
98.8256
141.415
96.6196
95.6447
96.2721
97.599
96.4588
98.0746
97.6565
99.5171
96.9187
100.532
97.7088
99.7277
97.0708
98.7967
98.8033
98.8616
98.785
98.7948
98.8011
98.8622
102.259
98.9722
100.313
97.7556
100.58
99.0322
99.512
99.1092
98.6905
99.5444
98.8555
99.1625
98.6772
99.5149
98.9291
99.4726
99.0582
99.0923
98.9295
99.477
99.057
102.926
104.182
103.322
103.945
103.559
105.041
103.117
100.816
100.57
101.294
101.129
100.789
100.575
101.288
98.7224
100.162
98.1282
99.5935
98.7222
100.127
98.1278
112.218
103.494
101.605
104.126
114.691
101.244
101.762
100.968
100.935
113.434
103.231
101.52
100.945
100.202
98.1821
100.368
98.1104
100.18
98.1831
100.355
98.1103
102.124
99.5567
104.766
102.295
103.947
109.308
102.377
101.184
100.64
102.284
101.228
101.199
100.603
102.273
98.1236
100.9
98.1893
100.49
98.1234
100.898
98.1894
101.478
101.454
101.836
103.3
101.496
101.699
102.07
100.97
101.074
101.041
101.133
100.963
101.047
101.097
98.0923
100.705
98.0718
100.883
98.0869
100.671
98.0673
101.503
102.994
102.164
101.164
101.157
103.475
102.845
100.998
100.812
101.17
101.103
100.953
100.814
101.188
97.9644
100.106
97.875
100.397
97.9529
100.103
97.8707
101.646
100.822
101.386
105.696
100.552
99.02
103.125
99.9736
100.388
100.141
103.094
99.9565
100.624
100.136
97.8947
99.2742
98.4444
99.9696
97.908
99.3007
98.5505
97.6148
101.518
97.6227
100.314
97.4995
102.278
98.4661
97.547
99.1241
96.7491
98.101
97.6172
99.1511
96.7071
98.8934
99.0303
99.0518
99.1806
98.8473
99.0115
99.0277
97.3679
99.7176
99.3051
101.943
97.3184
99.276
98.1858
99.1256
99.2989
99.4323
100.287
99.1967
99.2816
99.1272
99.0097
98.8593
98.829
99.0527
99.0006
98.8924
98.8224
99.1205
96.4267
98.0347
97.5285
90.7143
98.6696
96.6551
97.693
99.1377
96.6684
99.34
97.6596
99.165
96.8435
98.7983
98.8233
98.8625
98.7531
98.7934
98.8212
98.8568
103.741
99.1736
102.307
98.9232
101.481
100.002
100.158
99.1916
98.7406
99.6263
97.8001
99.0897
98.6687
99.5548
98.927
99.4714
99.0516
99.1014
98.9028
99.4807
99.0216
102.447
103.7
103.199
105.469
102.509
103.61
104.277
100.827
100.619
101.448
100.989
100.828
100.638
101.12
98.7313
100.155
98.1325
99.6325
98.7853
100.152
98.1722
116.238
101.349
101.639
103.296
124.867
100.866
101.492
101.025
100.959
101.902
101.493
101.308
100.96
101.353
98.1847
100.345
98.1127
100.18
98.1841
100.329
98.1033
103.652
110.178
103.024
103.304
103.8
109.705
102.897
101.156
100.609
102.073
101.766
101.355
100.61
101.862
98.1252
100.895
98.1926
100.45
98.1145
100.876
98.1968
100.845
100.908
100.747
100.796
100.758
100.856
100.882
101.055
101.24
101.052
101.369
101.23
101.054
101.089
100.871
100.73
100.823
100.679
100.738
100.823
100.871
101.026
101.353
101.066
101.058
101.038
101.016
101.039
100.836
100.795
100.881
100.754
100.757
100.834
100.902
101.057
101.37
101.227
101.053
101.227
101.056
101.068
100.872
100.677
100.735
100.823
100.736
100.823
100.867
100.511
100.619
100.463
100.533
100.605
100.443
100.514
100.965
101.216
100.746
100.782
101.182
100.578
101.022
100.469
100.406
100.324
100.22
100.363
100.315
100.504
100.737
101.056
100.814
101.061
100.817
100.982
100.73
100.519
100.535
100.61
100.444
100.61
100.441
100.48
101.041
100.78
101.169
100.608
101.275
100.591
100.89
100.466
100.257
100.372
100.316
100.409
100.331
100.462
99.9522
100.263
99.9571
100.142
100.272
99.945
99.9453
100.864
101.859
99.2608
99.7272
100.404
99.2528
100.165
100.02
99.9811
99.3475
99.3579
99.7938
99.3378
99.9907
100.064
100.815
100.423
99.9314
100.418
99.9649
100.024
99.9472
100.277
100.274
99.8985
100.288
99.9234
99.9366
99.6998
99.4326
100.447
99.2783
100.433
99.3303
99.5296
100.017
99.4921
99.6681
99.3497
99.6634
99.342
100.034
98.5879
99.3904
99.0091
99.4059
99.3002
98.8229
98.6032
100.079
120.547
98.6623
99.8448
109.215
98.6915
100.29
98.233
99.1169
98.7284
98.9426
98.9621
98.7215
98.2445
97.6503
99.3209
99.3001
98.3678
99.326
98.0929
97.621
98.5756
99.4001
99.2392
98.8828
99.5676
98.9838
98.5831
100.05
128.685
120.586
98.7539
114.655
98.6751
100.061
98.2332
98.9403
98.9598
98.7066
99.025
98.6946
98.2601
98.9779
99.1685
98.9498
99.007
99.1424
98.9298
98.9524
98.803
99.2833
99.0878
99.5329
99.7822
99.0854
98.791
98.7821
98.8227
99.0028
98.7967
98.7734
98.9662
98.8308
98.6428
100.674
99.4566
99.8247
99.4778
100.075
100.652
98.9356
99.0539
99.1493
98.9175
99.1403
98.943
98.9264
98.7194
99.1591
99.2415
99.0824
99.0137
99.083
98.7982
98.7835
98.7932
98.7751
98.962
98.7761
98.9677
98.7749
98.2874
98.9052
98.4602
98.6986
98.9087
98.4555
98.303
98.0179
98.1244
98.3769
98.0544
97.6592
98.3569
98.027
98.2118
98.4172
98.4586
98.641
98.4258
98.4595
98.2091
97.696
102.588
99.6729
97.104
99.6505
96.3502
97.6672
98.2871
98.6902
98.9059
98.461
98.9107
98.4552
98.2972
97.9738
98.0548
97.6433
98.3023
97.6659
98.3264
97.9537
98.2453
98.653
98.4098
98.4646
98.4448
98.465
98.2121
99.0938
98.8349
99.1952
98.7936
98.7828
99.1984
99.0943
99.7612
100.392
100.141
100.269
99.958
100.039
99.8
99.5026
99.4568
99.885
99.6812
99.4754
99.8753
99.4905
99.1124
98.9618
98.7042
99.5035
98.73
99.5072
99.1236
99.102
98.8627
98.8279
99.1713
98.8792
99.1724
99.1059
99.7779
100.173
99.9884
100.078
99.9442
100.066
99.9292
99.4919
99.676
99.4541
99.8587
99.4651
99.8667
99.4721
100.469
100.207
100.179
99.9371
100.208
100.155
100.472
101.068
101.31
101.088
101.505
101.304
101.087
101.075
100.604
100.237
100.642
100.423
100.234
100.648
100.609
100.825
100.933
100.559
101.343
100.544
101.401
100.809
100.467
99.94
100.193
100.157
100.187
100.159
100.467
101.063
101.492
101.274
101.076
101.281
101.088
101.056
100.6
100.428
100.233
100.646
100.239
100.655
100.586
100.594
100.43
100.563
100.428
100.434
100.553
100.592
100.266
104.57
101.062
101.646
101.458
101.082
108.122
99.7956
100.786
101.019
100.616
100.528
100.822
99.7866
100.901
101.948
100.929
114.463
100.964
105.139
101.317
100.556
100.476
100.418
100.6
100.426
100.557
100.558
103.878
101.454
101.729
101.649
101.349
100.886
103.546
100.69
100.614
100.519
100.993
100.505
100.828
100.478
100.959
100.777
100.764
100.652
100.761
100.771
100.963
101.274
102.063
101.212
101.784
102.075
101.245
101.229
100.843
100.838
100.873
100.852
100.845
100.851
100.869
101.181
101.134
100.546
102.26
100.563
102.268
101.191
100.969
100.652
100.76
100.769
100.762
100.77
100.944
101.236
102.171
102.017
101.18
102.164
101.307
101.396
100.846
100.851
100.843
100.868
100.845
100.837
100.87
100.829
100.923
100.754
100.793
100.836
100.753
100.873
101.067
101.237
101.052
101.392
101.065
101.247
101.053
100.864
100.733
100.823
100.676
100.871
100.733
100.818
101.003
101.081
101.063
101.049
101.057
101.013
101.053
100.827
100.794
100.862
100.753
100.753
100.818
100.864
101.061
101.386
101.26
101.05
101.277
101.055
101.055
100.865
100.677
100.734
100.815
100.733
100.817
100.864
100.427
100.617
100.456
100.531
100.448
100.609
100.461
100.869
101.582
100.678
100.787
100.91
101.154
100.624
100.447
100.383
100.317
100.237
100.458
100.377
100.307
100.816
101.108
100.823
101.119
100.828
101.103
100.902
100.442
100.531
100.607
100.465
100.614
100.466
100.479
100.88
100.785
101.007
100.594
102.129
100.623
100.866
100.462
100.249
100.374
100.31
100.382
100.307
100.421
99.9148
100.267
99.8912
100.153
99.9695
100.271
99.9158
99.5649
99.7377
99.2428
99.1996
99.2461
99.4864
99.2359
100.012
99.5895
99.3406
99.3449
100.02
99.6387
99.3626
100.002
100.718
100.39
100.136
100.414
101.823
99.9076
99.9057
100.088
100.205
99.8953
100.231
99.8941
99.9013
99.6298
99.4562
101.195
99.1972
100.367
99.2268
102.896
100.197
99.3843
99.5663
99.3433
99.6248
99.344
100.046
98.5747
99.2042
98.815
99.2176
98.5766
99.2077
98.8379
98.8455
98.475
98.5597
99.8285
99.5165
98.4223
98.5605
98.3187
98.9725
98.763
98.8765
98.283
98.9332
98.7192
97.546
104.031
99.2242
98.2604
99.2722
97.7086
97.53
98.5578
99.2821
99.2012
98.8112
99.1995
98.8427
98.5679
98.7619
99.6338
98.8113
98.6084
98.6239
98.5992
98.6999
98.3504
98.8584
98.9252
98.741
98.9649
98.7222
98.3884
98.9271
99.1318
98.9162
99.0581
98.9252
99.1429
98.9587
98.7822
100.465
99.0844
98.8028
98.7934
98.9574
99.0869
98.7859
98.7744
98.9624
98.8346
98.7756
98.8293
98.9772
99.32
100.344
99.3267
99.0547
99.3658
99.164
99.3728
98.9271
99.0761
99.1337
98.9462
99.1289
98.9185
98.9251
98.7742
98.9247
100.95
99.0872
98.9372
99.0878
98.7661
98.788
98.8036
98.8075
98.983
98.7758
98.9744
98.7936
98.2976
98.8993
98.4522
98.7004
98.2952
98.8894
98.4586
97.9288
97.5772
98.2738
97.9617
97.9312
97.5081
98.2175
98.2245
98.4304
98.4663
98.6571
98.2235
98.4196
98.4566
97.6766
99.8636
99.3518
96.6224
99.2842
96.8698
97.6363
98.2976
98.6933
98.8766
98.4567
98.8835
98.4463
98.2953
97.949
98.1057
97.8611
98.1748
97.8024
98.1814
97.9723
98.2369
98.6585
98.4243
98.4591
98.4324
98.4616
98.2365
99.1127
98.8023
99.1733
99.0948
99.1096
98.7167
99.1785
99.7895
99.9118
100.098
100.297
99.9027
100.268
100.194
99.4884
99.4673
99.8453
99.6714
99.481
99.474
99.845
99.0908
99.0272
98.655
99.6224
98.6945
99.5193
99.083
99.1235
99.2639
98.706
99.1746
98.8327
99.1802
99.1334
99.7926
100.596
99.9495
99.9482
100.668
100.61
99.7177
99.4843
99.6768
99.4501
99.8291
99.4716
99.8345
99.4691
100.467
100.2
100.174
99.939
100.48
100.2
100.161
101.047
101.306
101.067
101.436
101.057
101.285
101.061
100.58
100.237
100.634
100.417
100.581
100.238
100.65
100.822
100.902
100.642
101.469
100.648
101.354
100.86
100.458
99.9452
100.206
100.175
100.205
100.166
100.454
101.041
101.416
101.294
101.064
101.303
101.062
101.043
100.577
100.422
100.238
100.653
100.25
100.663
100.571
100.628
100.422
100.55
100.419
100.54
100.421
100.51
104.147
101.72
100.853
101.336
103.727
101.8
100.672
101.2
100.642
101.011
100.613
101.354
100.672
101.223
100.763
102.788
100.96
101.521
100.952
101.555
101.338
100.374
100.417
100.429
100.63
100.426
100.539
100.715
104.14
101.217
101.853
100.444
101.581
100.472
104.194
100.787
100.608
100.632
102.017
100.631
101.078
101.108
100.937
100.756
100.768
100.649
100.951
100.745
100.769
101.289
101.73
101.187
101.601
101.291
101.711
101.222
100.834
100.842
100.857
100.845
100.837
100.842
100.856
101.146
101.241
100.619
102.27
100.553
102.263
101.161
100.936
100.647
100.833
100.772
100.753
100.771
100.931
101.297
101.581
101.647
101.179
101.719
101.323
101.236
100.832
100.845
100.844
100.845
100.843
100.83
100.864
100.787
100.863
100.754
100.798
100.822
100.755
100.859
101.055
101.251
101.044
101.382
101.051
101.259
101.045
100.869
100.736
100.814
100.682
100.862
100.739
100.813
100.984
101.16
101.179
101.154
101.048
101.062
101.092
100.792
100.8
100.865
100.749
100.757
100.866
100.865
101.06
101.384
101.274
101.067
101.268
101.049
101.077
100.865
100.684
100.733
100.814
100.742
100.813
100.865
100.446
100.61
100.47
100.531
100.449
100.611
100.46
100.918
100.69
100.579
100.84
100.873
100.833
100.567
100.423
100.399
100.302
100.238
100.42
100.359
100.313
101.005
101.095
100.829
101.341
100.805
101.305
101.006
100.461
100.533
100.612
100.471
100.611
100.461
100.458
100.949
100.851
100.854
100.56
100.871
100.568
100.973
100.421
100.239
100.397
100.315
100.365
100.313
100.444
99.9105
100.19
99.9034
100.132
99.8974
100.201
99.9476
99.897
99.5246
99.8777
99.3104
99.7736
99.5448
99.4654
100.094
99.6298
99.3548
99.3664
100.041
99.6238
99.3587
100.016
100.94
100.513
101.159
100.53
100.109
100.033
99.9145
100.126
100.234
99.9486
100.21
99.9317
99.94
100.255
100.725
100.978
99.5318
99.6172
99.4378
100.299
99.9615
99.3641
99.7291
99.3641
99.6629
99.3555
100.218
98.5814
99.2183
98.8686
99.2371
98.5787
99.2377
98.8401
98.6456
98.8494
98.5564
99.3947
98.6665
98.9345
98.5538
98.4249
98.94
98.7832
98.8308
98.4117
98.9335
98.7399
97.5378
97.6026
99.1322
96.6785
99.1035
96.5479
97.5479
98.5873
99.2971
99.2399
98.9744
99.2455
98.8443
98.5918
98.6338
99.5384
99.8898
98.5702
98.9202
98.5682
98.6235
98.4596
98.7909
99.0305
98.7491
98.938
98.7392
98.4497
98.9237
99.1337
98.9376
99.0292
98.9231
99.1336
98.9469
98.7139
98.8278
99.076
98.5023
98.7359
98.2555
99.2067
98.7694
98.7815
98.9819
98.8125
98.7791
98.787
98.9816
99.1227
100.207
99.4252
99.0716
99.2686
99.1221
99.3451
98.9023
99.0293
99.1462
98.9635
99.1227
98.9373
99.0479
98.7332
104.408
102.72
99.2656
101.155
99.17
98.7566
98.7778
98.8207
98.8179
98.9878
98.782
98.9793
98.8687
98.3089
98.8653
98.4516
98.7091
98.3104
98.8551
98.4557
97.9666
97.4341
98.2338
98.1446
97.9671
98.5626
98.1733
98.2345
98.4347
98.4694
98.6493
98.2341
98.4269
98.4557
97.7299
99.3233
99.0758
96.7469
99.1055
96.6862
97.7792
98.3032
98.6971
98.8473
98.4557
98.8495
98.456
98.3075
97.9588
98.0512
97.5507
98.2634
97.1725
98.2083
98.0537
98.2471
98.6528
98.4419
98.4516
98.4298
98.4556
98.2349
99.1083
98.6903
99.1731
98.6151
99.1173
98.7236
99.1792
99.7649
101.119
100.036
100.499
99.7345
99.6483
100.016
99.4166
99.4485
99.8855
99.6749
99.429
99.455
99.8637
99.274
106.055
98.6377
99.7801
98.5684
100.165
99.1987
99.0983
98.9908
98.7108
99.2249
98.7054
99.1988
99.1104
99.9332
100.415
99.6592
100.082
99.6071
100.069
99.8741
99.4922
99.6749
99.4571
99.8942
99.4633
99.9066
99.4964
100.446
100.212
100.176
99.9445
100.455
100.211
100.172
101.042
101.295
101.071
101.373
101.044
101.292
101.073
100.576
100.242
100.661
100.42
100.566
100.242
100.676
100.827
101.003
100.718
101.308
100.663
101.4
100.841
100.45
99.943
100.212
100.175
100.21
100.173
100.456
101.033
101.248
101.285
101.084
101.296
101.078
101.031
100.591
100.421
100.245
100.669
100.244
100.681
100.588
100.502
100.433
100.587
100.434
100.554
100.439
100.57
104.243
101.656
100.417
101.09
104.235
101.774
100.418
100.623
100.646
100.914
100.602
101.2
100.648
100.138
101.125
101.257
100.966
100.602
100.962
101.508
101.101
100.436
100.434
100.438
100.566
100.44
100.574
100.465
104.284
101.519
101.64
100.544
101.631
100.452
104.35
100.634
100.6
100.653
99.8123
100.65
100.012
100.838
100.938
100.706
100.774
100.649
100.929
100.777
100.776
101.339
101.633
101.154
101.307
101.334
101.575
101.153
100.838
100.847
100.852
100.847
100.828
100.849
100.852
101.106
101.107
100.616
103.077
100.62
101.749
101.077
100.908
100.65
100.708
100.772
100.671
100.778
100.91
101.346
101.264
103.227
101.174
101.353
101.361
101.167
100.842
100.849
100.844
100.818
100.852
100.866
100.832
99.9009
99.578
99.9057
100.175
99.8622
100.177
99.8615
99.9005
99.613
99.9062
100.145
99.8457
100.155
99.8388
99.6339
99.2898
99.6254
99.9729
99.5281
99.9751
99.5411
99.3061
99.6362
99.6453
99.9759
99.5313
99.5607
99.9686
99.5824
99.8996
99.9046
100.172
99.8635
99.8587
100.165
99.9346
99.614
99.9291
100.165
99.8662
99.826
100.16
99.9438
99.308
99.7477
99.97
99.4972
99.4847
99.9659
99.3225
99.645
99.6425
99.9749
99.5387
99.4922
99.9735
99.6038
99.9044
99.9224
100.171
99.8695
99.8374
100.176
99.6611
99.2876
99.6377
99.959
99.5479
99.9634
99.4789
99.2876
99.6523
99.6477
99.9624
99.5019
99.4779
99.9622
99.6219
99.9269
99.9101
100.137
99.8553
99.82
100.133
100.161
99.9822
100.007
100.206
100.316
100.313
100.209
100
100.125
99.9848
100.211
100.318
100.211
100.319
100.135
99.9824
100.005
100.212
100.318
100.32
100.212
100
100.127
99.9819
100.205
100.317
100.212
100.315
100.004
100.13
99.9913
100.206
100.301
100.311
100.196
100.129
100.014
99.9844
100.205
100.301
100.312
100.195
99.8683
99.9667
99.9041
100.045
100.141
100.05
100.142
99.8629
99.9742
99.8951
100.031
100.133
100.039
100.125
99.9667
99.9224
99.87
100.046
100.137
100.13
100.048
99.9569
99.8994
99.8631
100.045
100.139
100.14
100.039
99.9029
99.9682
99.8676
100.045
100.14
100.128
100.036
99.9606
99.9513
99.8738
100.029
100.139
100.115
100.019
100.809
102.344
91.6226
111.949
100.477
102.413
94.5158
95.8292
84.4728
109.238
95.7453
95.7727
85.5171
96.3778
100.596
99.8023
100.818
90.6507
106.897
86.1881
102.032
107.445
100.264
97.9813
102.259
98.6906
99.0534
98.0008
99.4278
100.316
97.2595
100.789
100.56
100.448
97.893
94.8357
98.3718
94.8703
98.5414
94.836
98.3721
94.8703
98.7726
98.8204
98.7769
98.7939
98.7602
98.7905
98.7781
98.8106
98.794
98.7058
98.7779
98.8017
98.7768
98.6987
94.8362
98.3506
94.8682
98.5361
94.8396
98.369
94.8742
94.8389
98.3692
94.8738
98.5078
94.8355
98.3498
94.8676
98.7071
98.7972
98.8334
98.7769
98.716
98.7783
98.794
98.7001
98.7162
98.7797
98.798
98.7135
98.6936
98.7797
94.8346
98.5736
94.8168
98.4797
94.8346
98.5725
94.817
98.8685
98.8935
98.7884
98.8256
98.8975
98.8935
98.8435
98.8947
98.824
98.894
98.7696
98.8939
98.8669
98.8411
94.838
98.5702
94.8199
98.4572
94.8333
98.5407
94.8148
98.7959
98.8943
98.7826
98.8281
98.8799
98.8944
98.7495
94.8342
98.5428
94.8158
98.4773
94.8385
98.5674
94.8207
98.8477
98.8293
98.8937
98.7994
98.8951
98.7662
98.9155
98.7053
98.7373
98.7733
98.7988
98.7036
98.7812
98.8029
98.7056
98.7999
98.7233
98.7749
98.6901
98.7825
98.7969
98.8
98.8298
98.8895
98.7604
98.8964
98.7379
98.9056
98.8513
98.8898
98.7881
98.8303
98.897
98.7597
98.9468
100.331
100.18
100.331
100.27
100.185
100.271
100.187
100.18
100.331
100.331
100.27
100.187
100.188
100.271
100.331
100.183
100.333
100.259
100.183
100.268
100.178
100.18
100.331
100.333
100.257
100.18
100.172
100.265
100.182
100.328
100.333
100.245
100.153
100.165
100.224
100.329
100.181
100.335
100.244
100.151
100.165
100.224
100.106
100.198
100.198
100.071
100.052
100.054
100.071
100.199
100.104
100.199
100.072
100.054
100.072
100.053
98.7186
98.779
98.8072
98.8609
98.7228
98.7797
98.8078
100.198
100.107
100.199
100.064
100.048
100.068
100.04
98.7038
98.8642
98.7795
98.8153
98.782
98.7923
98.7241
98.7307
98.861
98.7801
98.8113
98.779
98.8202
98.6949
98.6758
98.7802
98.8135
98.8643
98.7105
98.7818
98.7919
98.7244
98.7758
98.8097
98.8664
98.7842
98.7941
98.7584
98.8822
98.9336
98.9364
99.0116
98.8997
98.9322
98.9376
98.873
99.0114
98.9385
98.9375
98.9444
98.9373
98.8111
100.109
100.192
100.199
100.054
100.004
100.026
100.043
98.7181
98.8672
98.7761
98.8088
98.7844
98.7946
98.7594
100.194
100.11
100.202
100.055
100.006
100.027
100.044
100.107
100.2
100.2
100.065
100.052
100.042
100.069
98.8525
99.0141
98.9476
98.9359
98.8349
98.9379
98.9329
98.8087
98.9612
98.9382
99.0104
98.8705
98.8392
98.9387
98.8665
98.863
98.9312
99.0158
98.8325
98.9407
98.9772
98.8395
99.0109
98.8618
98.9316
98.8316
98.9406
98.9629
95.1329
98.012
95.1208
96.9343
95.1332
98.0104
95.1214
99.0005
99.08
99.0062
99.0557
98.9921
99.084
98.9552
99.0041
99.0556
99.0654
98.8942
99.0801
98.9435
98.9771
95.1341
98.0226
95.123
97.0754
95.125
98.0938
95.1133
98.9987
99.0712
98.9063
99.0481
98.9765
99.0752
98.926
95.1237
98.0933
95.1119
96.9425
95.1331
98.0251
95.1217
98.983
99.0465
99.0728
99.0064
99.0527
98.9183
98.9973
95.2561
97.1596
95.3031
97.9638
95.2565
97.1605
95.3027
98.9954
98.9318
98.849
99.0374
98.872
99.0399
98.9973
95.2477
97.2964
95.2932
97.9789
95.2572
97.1702
95.3039
98.9939
98.9215
98.8614
99.0326
98.863
99.0195
98.9975
98.9947
98.861
99.0392
98.931
98.9953
98.8647
99.0417
95.2571
97.1676
95.3031
98.0575
95.2467
97.2966
95.2921
98.9958
99.0889
98.9304
99.0421
99.045
98.9218
99.0037
99.0223
99.0426
99.0906
98.9117
99.0622
98.8929
99.0098
98.9954
98.8529
99.0306
98.9235
98.9937
98.8587
99.0278
98.9985
98.8656
99.0474
98.9167
98.8615
99.0081
99.0032
99.0016
98.9171
98.8747
99.0469
98.8607
99.0173
99.0042
97.7301
99.9491
101.104
100.609
99.6814
100.128
110.04
99.1092
98.9009
99.2362
99.0458
99.2355
99.0511
99.1103
99.218
99.1278
99.4125
99.0589
99.2182
99.1311
99.4118
99.2178
99.0583
99.1279
99.4131
99.1301
99.412
99.2175
99.1121
99.2362
99.0385
98.8788
99.1103
99.2378
99.0357
99.2197
99.045
99.1221
99.4137
99.114
99.4159
99.2188
99.1088
99.2363
99.0464
98.9013
99.1097
99.2357
99.0468
99.2201
99.1234
99.4136
99.0442
99.2187
99.1146
99.4155
99.1156
98.864
99.2337
98.9957
99.2406
99.0177
99.1106
99.1108
98.8809
99.2376
99.0416
99.2398
99.033
99.1104
99.2216
99.0773
99.4108
99.0388
99.1027
99.4172
99.2178
99.2224
99.0381
99.0778
99.4112
99.1029
99.4176
99.2184
99.1142
99.2351
98.9942
98.8652
99.2412
99.0175
99.1105
101.892
102.631
101.554
99.7517
100.998
102.333
103.465
106.402
100.288
102.198
103.513
103.592
100.781
102.069
102.324
101.205
100.011
40.2293
100.982
100.283
99.6134
101.012
96.2011
104.124
98.1347
94.4371
104.899
94.2428
101.208
100.71
100.823
64.6098
112.563
104.374
106.644
100.325
100.402
100.414
100.267
100.155
100.086
100.289
100.362
100.418
100.416
100.219
100.061
100.045
100.225
100.409
100.367
100.412
100.218
100.044
100.221
100.04
100.419
100.338
100.417
100.249
100.054
100.235
100.062
100.356
100.406
100.402
100.243
100.05
100.052
100.23
100.387
100.349
100.4
100.262
100.142
100.071
100.29
96.1447
99.1647
97.8323
100.276
95.3024
98.8786
99.2246
106.935
100.922
102.638
99.5529
100.722
101.9
100.812
95.3409
97.0069
95.1372
96.4873
95.3411
97.0086
95.1376
99.5349
98.2044
99.3607
98.4586
99.5358
98.2002
99.3599
99.5347
98.4597
98.2071
99.3593
98.2045
99.3611
99.5366
95.3309
97.03
95.1268
96.4895
95.3404
97.0144
95.1376
99.5274
98.45
98.2214
99.3592
98.25
99.3623
99.5386
95.3411
97.0162
95.1383
96.4925
95.3317
97.0299
95.1276
99.5141
98.2249
99.3596
98.4503
99.5286
98.2526
99.3658
99.5153
98.3279
99.3534
98.4916
98.2696
99.3686
99.5006
99.513
98.4986
98.369
99.3525
98.2884
99.3679
99.5217
95.3491
96.7131
95.4895
97.2249
95.3494
96.7131
95.4896
99.7806
99.6017
98.6581
98.7171
99.7804
99.6022
98.6539
99.7807
98.7165
99.6009
98.6579
99.6018
98.6561
99.7783
95.3384
96.7208
95.4778
97.2258
95.3491
96.7153
95.4899
95.3497
96.7155
95.4901
97.2456
95.3385
96.7211
95.4779
99.7683
98.7467
99.5995
98.667
99.5978
98.6772
99.7764
99.7659
99.599
98.6682
98.7448
99.7757
99.5972
98.676
99.7653
99.5829
98.7753
98.7634
99.5946
98.705
99.7504
99.7593
98.7627
99.5824
98.7826
99.594
98.7029
99.7518
100.445
100.248
100.249
100.11
99.962
99.9668
100.112
100.242
100.442
100.246
100.111
99.9702
100.108
99.965
100.245
100.434
100.232
100.124
99.9713
100.124
99.9959
100.427
100.235
100.232
100.112
99.9834
100.002
100.102
100.418
100.244
100.225
100.145
100.125
100.034
100.239
100.248
100.407
100.234
100.144
100.141
100.026
100.233
97.2672
112.043
101.174
95.6998
96.9717
103.473
98.5863
100.732
100.49
100.734
99.9261
100.008
99.9271
100.007
100.482
100.73
100.723
99.9482
100.017
100.036
99.9346
100.691
100.468
100.709
99.9739
100.121
100.064
100.059
100.73
100.479
100.722
99.9386
100.019
99.9354
100.029
100.492
100.732
100.735
99.9274
100.008
100.007
99.9274
100.468
100.692
100.711
99.9696
100.121
100.061
100.057
98.8536
96.2607
101.029
100.472
97.2413
99.8612
98.825
107.018
97.1267
100.473
98.6172
100.599
103.083
106.29
101.08
100.302
100.728
107.159
120.291
121.782
103.257
101.523
102.65
103.318
100.676
102.098
103.607
103.28
99.3831
97.891
99.2507
97.9021
99.245
97.9027
99.3818
99.6012
98.1348
98.3055
99.4779
98.3147
99.4802
99.6089
99.3826
99.2455
97.9036
97.8916
99.3796
99.2496
97.902
99.6139
98.2947
99.4739
98.1293
99.6126
98.2918
99.4713
99.6136
98.1287
98.2933
99.4728
98.2918
99.4714
99.6147
99.6009
98.3043
99.4764
98.1347
99.609
98.3145
99.4803
99.3748
97.896
99.2566
97.9094
99.2476
97.908
99.3757
99.3801
99.2541
97.9101
97.8904
99.378
99.2647
97.9076
99.5887
98.4265
99.4845
98.1509
98.349
99.4819
99.5768
99.5887
98.1497
98.4238
99.4833
98.3476
99.4816
99.5754
99.3657
99.3475
98.0227
97.9075
99.267
97.9403
99.3478
99.3724
97.9017
99.3606
98.0224
99.269
97.9363
99.3444
100.877
100.707
100.875
99.6949
99.8768
99.6946
99.8664
100.709
100.872
100.874
99.6946
99.8669
99.8639
99.6943
100.692
100.873
100.87
99.703
99.8842
99.8749
99.7001
100.869
100.702
100.865
99.7029
99.8743
99.7
99.8846
100.689
100.847
100.857
99.7324
100
99.9208
99.8072
100.847
100.684
100.857
99.7296
99.9993
99.9089
99.8113
101.158
101.348
101.478
101.967
101.003
101.428
101.395
100.88
100.9
100.881
99.771
99.5671
99.77
99.5655
100.899
100.881
100.883
99.7709
99.5639
99.7708
99.5666
100.852
100.888
100.864
99.8045
99.6544
99.88
99.5941
100.88
100.893
100.874
99.7737
99.5694
99.7763
99.5697
100.896
100.877
100.876
99.7798
99.5689
99.7765
99.5723
100.885
100.854
100.865
99.8034
99.652
99.8757
99.5945
142.537
91.6255
92.358
100.319
107.818
108.591
99.7812
100.884
100.886
100.885
99.6446
99.5467
99.6446
99.5479
98.5224
98.5449
98.5236
96.3543
96.435
96.3499
96.4268
100.889
100.881
100.881
99.6497
99.5509
99.6502
99.5524
98.5517
98.5252
98.5267
96.3468
96.4313
96.4226
96.3492
98.5175
98.5315
98.5112
96.4467
96.3663
96.3553
96.4307
98.5303
98.5172
98.5115
96.4351
96.358
96.3578
96.4347
98.6211
98.5807
98.6167
96.4522
96.4485
96.4098
96.4022
98.5774
98.6177
98.6169
96.4571
96.4455
96.4097
96.4037
100.882
100.888
100.88
99.6469
99.5489
99.6481
99.548
100.887
100.885
100.886
99.6439
99.548
99.6433
99.547
98.6108
98.5624
98.6064
96.4627
96.4542
96.4168
96.4098
98.5642
98.6139
98.6091
96.464
96.4532
96.4131
96.4147
100.885
100.867
100.873
99.6707
99.616
99.7324
99.5688
100.865
100.885
100.872
99.6689
99.6185
99.7352
99.5688
98.4903
98.5226
98.5016
96.3829
96.5275
96.4578
96.4585
98.524
98.4887
98.5006
96.3805
96.5257
96.4558
96.4573
98.5554
98.5819
98.5972
96.5502
96.4788
96.44
96.5111
98.5832
98.5554
98.5991
96.5568
96.4799
96.444
96.5127
98.4508
98.3748
98.4505
96.2721
96.1272
96.2658
96.1296
98.3745
98.4507
98.451
96.2675
96.1295
96.1254
96.2672
98.3643
98.4462
98.441
96.1324
96.2735
96.2731
96.1298
98.4459
98.3657
98.4417
96.128
96.2733
96.2713
96.1276
98.5621
98.4824
98.5588
96.3504
96.1787
96.3441
96.1788
96.0751
98.8804
98.9672
99.5925
104.92
99.0085
95.7121
98.4811
98.5595
98.5591
96.3497
96.1784
96.1783
96.3464
98.5523
98.4734
98.5495
96.1821
96.3566
96.3505
96.1779
98.4721
98.556
98.5521
96.1826
96.3542
96.3543
96.1808
98.4197
98.3576
98.4315
96.3007
96.2223
96.1554
96.3752
98.3584
98.4186
98.431
96.3008
96.2166
96.1539
96.3716
98.5334
98.4664
98.544
96.378
96.2707
96.2034
96.4518
98.4673
98.5309
98.5415
96.3751
96.268
96.2012
96.4509
98.3368
97.122
96.9342
104.222
97.3971
96.6638
97.5752
101.537
98.2504
94.3513
97.7472
98.5718
97.5223
94.7348
99.5412
97.2191
97.6827
100.65
97.6942
95.8729
96.8987
113.536
111.361
102.362
109.765
120.632
109.987
102.204
97.7902
98.0056
97.7851
96.3546
96.3552
96.0938
96.0936
98.007
97.7877
97.8156
96.3548
96.3534
96.0814
96.0842
97.7761
98.0425
97.7958
96.3561
96.3523
96.1002
96.097
98.0444
97.8121
97.7889
96.3546
96.3495
96.0881
96.0863
97.9579
97.8535
97.8499
96.4286
96.4294
96.2031
96.2014
97.8517
97.959
97.8481
96.4298
96.43
96.2061
96.2053
98.0686
97.9131
97.8323
96.3547
96.3586
96.0989
96.1037
97.9086
98.0684
97.8074
96.3535
96.357
96.0985
96.1044
97.9999
97.8554
97.8463
96.4316
96.4277
96.2078
96.2063
97.8374
97.9983
97.8392
96.4295
96.4255
96.2097
96.2103
97.9676
98.0271
97.8517
96.4239
96.4328
96.2192
96.2228
98.0265
97.9652
97.8608
96.4224
96.4311
96.2186
96.2195
95.4822
96.7999
95.4943
96.8223
95.4829
96.7999
95.4944
98.9414
99.2588
98.0664
98.1817
98.9428
99.2568
98.0655
98.9426
98.1818
99.2586
98.0663
99.2563
98.0652
98.9424
95.4704
96.8022
95.4825
96.8241
95.4819
96.7999
95.4947
95.4829
96.7999
95.4949
96.8265
95.4706
96.8024
95.4826
98.9671
98.1842
99.2691
98.0702
99.2788
98.0706
98.9543
98.9677
99.2688
98.0702
98.1821
98.9521
99.2856
98.0705
99.0006
99.3774
98.066
98.1922
99.3066
98.0761
99.0808
99.0013
98.1903
99.3795
98.0655
99.3048
98.0758
99.0804
102.395
115.844
103.714
104.922
153.973
122.223
106.175
106.43
96.4538
99.4855
100.709
99.6343
132.543
106.349
100.144
101.679
102.186
103.441
102.723
102.209
106.342
103.41
102.672
103.52
108.552
106.725
108.364
105.279
101.05
101.318
102.173
102.53
101.185
101.444
101.767
108.242
103.162
102.777
103.949
104.126
100.417
103.272
95.5165
95.7627
99.3441
97.7949
100.206
98.1499
98.9493
105.053
112.844
104.864
102.145
103.179
102.149
103.753
95.4108
96.5885
95.3145
96.5932
95.4106
96.5879
95.3149
98.6858
97.8562
98.8335
97.8697
98.6868
97.8558
98.8289
98.6856
97.87
97.8566
98.8324
97.856
98.8288
98.6872
100.018
95.4965
98.6854
95.4145
100.818
105.279
104.611
95.4013
96.5917
95.3031
96.5941
95.4107
96.589
95.315
95.4104
96.5885
95.3149
96.5937
95.4008
96.5913
95.3027
98.6973
97.8734
97.8599
98.845
97.8605
98.8656
98.6912
98.6994
97.8604
98.8437
97.8759
98.6933
97.8612
98.8621
98.7239
97.8549
98.9874
97.8789
97.8646
98.9026
98.8048
98.725
97.8813
97.856
98.9826
97.8657
98.903
98.8061
97.2931
96.9359
97.2924
96.1678
96.0406
96.1681
96.0394
96.9365
97.3013
97.2888
96.168
96.0405
96.0394
96.1668
97.3126
96.952
97.3227
96.046
96.1724
96.1741
96.0471
96.9504
97.3038
97.3202
96.0455
96.1728
96.1721
96.0462
97.4506
96.9791
97.3565
96.177
96.0409
96.0513
96.1686
98.7378
104.836
104.422
102.388
103.049
102.973
102.285
96.9808
97.4574
97.3599
96.1781
96.0422
96.0524
96.1694
102.801
120.567
111.071
106.638
98.9573
120.893
101.397
97.1614
97.4394
97.4367
96.3385
96.2764
96.2741
96.3388
97.439
97.1594
97.4351
96.3396
96.2776
96.3413
96.276
97.1772
97.449
97.4667
96.2809
96.3445
96.3436
96.2808
97.449
97.175
97.4666
96.2801
96.3442
96.3448
96.2806
97.5872
97.2035
97.505
96.3514
96.2815
96.29
96.3437
97.2044
97.5851
97.5046
96.3509
96.2787
96.2874
96.3421
102.962
103.375
101.652
102.484
112.958
102.572
112.987
104.28
104.091
105.493
108.548
105.861
104.759
104.268
102.699
103.677
104.023
102.653
113.298
113.669
102.609
102.405
102.617
102.375
102.574
115.077
114.019
102.686
106.953
99.292
104.647
102.28
102.926
102.937
102.295
95.6835
112.929
98.8185
109.261
95.6996
116.998
104.396
97.4309
98.5357
98.8583
95.7648
94.6882
100.015
100.17
97.3524
96.6186
98.7498
104.465
97.668
96.7717
95.7831
99.332
101.19
99.0729
109.446
112.466
113.717
99.0513
94.4094
103.306
105.07
97.9059
95.2482
99.2382
94.9951
104.842
118.005
104.819
102.255
102.881
102.285
102.608
113.917
104.957
104.756
102.2
102.938
103.292
102.18
119.168
105.309
106.192
102.464
104.349
102.609
102.375
102.972
101.623
101.631
102.521
129.153
110.853
102.614
99.0608
98.2439
98.8111
98.111
99.0634
98.2445
98.8122
99.0594
98.1109
98.2439
98.8088
98.2444
98.8103
99.0591
99.0702
98.1109
98.2465
98.811
98.2446
98.8137
99.0663
99.0623
98.2463
98.8135
98.1112
99.0599
98.2448
98.8171
99.0781
98.237
98.8302
98.1145
98.2481
98.8205
99.0977
99.0717
98.1147
98.237
98.8303
98.2481
98.8209
99.0932
103.278
101.628
101.896
102.413
111.725
112.41
102.611
106.167
86.7071
102.762
91.5569
105.683
87.9242
102.736
101.13
112.925
104.422
104.044
95.6714
106.067
105.073
101.244
119.967
117.9
109.386
118.006
111.395
101.249
117.257
112.665
89.8811
107.79
139.298
106.624
129.022
92.7589
90.6804
92.4703
120.435
96.6863
96.3438
107.921
85.3715
102.214
103.586
97.0359
98.1611
120.807
118.855
113.157
109.687
114.61
102.25
110.023
119.377
102.162
101.974
103.473
103.499
109.251
105.917
114.709
106.271
97.1857
97.2247
97.1844
96.4817
96.4822
96.5569
96.5562
97.2251
97.1853
97.1841
96.4808
96.4817
96.5564
96.5554
97.187
97.2298
97.1906
96.4831
96.482
96.5577
96.5556
97.2296
97.1869
97.1908
96.4847
96.483
96.5591
96.5569
97.1997
97.2355
97.1968
96.4771
96.4882
96.5618
96.5501
97.2356
97.2004
97.1958
96.4772
96.4881
96.5615
96.55
96.9405
97.0036
96.9375
96.2411
96.2403
96.2645
96.2636
97.0054
96.9422
96.9391
96.2405
96.2383
96.262
96.2608
97.0323
96.9433
96.9432
96.2439
96.2418
96.2633
96.2607
96.9424
97.0336
96.9391
96.2453
96.2447
96.2646
96.2627
96.9497
97.0396
96.9469
96.2385
96.2477
96.2663
96.2564
97.0414
96.952
96.9423
96.2394
96.2492
96.267
96.2565
114.766
99.6676
104.94
93.4729
96.8318
113.08
106.993
101.981
114.408
114.441
129.084
103.877
103.871
113.411
120.11
113.82
81.7058
99.2979
128.303
89.5239
107.196
101.604
101.262
101.277
102.813
101.66
101.385
102.83
101.644
102.683
101.615
103.614
111.79
102.966
112.069
101.218
104.204
101.231
103.044
104.098
103.22
104.051
100.894
101.418
101.506
102.874
107.869
105.061
105.261
103.113
102.967
103.782
103.225
103.78
103.643
103.289
102.918
105.666
105.082
103.969
102.847
102.881
104.244
98.9297
97.4742
99.7057
90.4926
99.1464
99.0371
105.732
95.8124
103.33
95.1829
98.7953
103.087
95.2095
97.8143
88.8224
132.436
88.8011
100.526
99.2807
101.816
104.39
98.7146
98.6535
97.9484
97.9636
98.7174
98.6502
97.9484
98.7166
97.9635
98.6536
97.9471
98.6497
97.9476
98.7184
98.7182
98.657
97.9491
97.9619
98.7169
98.6582
97.9476
103.312
101.876
101.48
101.891
101.804
101.974
101.94
102.52
104.054
103.406
103.531
103.472
103.432
102.441
98.7262
97.962
98.6561
97.9516
98.6565
97.9506
98.7223
98.8939
97.6873
98.0361
99.6321
99.0045
97.6825
99.6601
105.639
91.6378
108.446
122.417
108.257
146.201
92.3641
102.586
119.539
102.143
117.616
105.614
112.218
126.717
98.7262
97.9641
98.6633
97.9402
98.6604
97.9507
98.7387
98.7331
98.6668
97.9432
97.965
98.6611
97.954
98.741
100.989
101.811
101.589
103.283
101.01
101.577
101.834
100.985
101.52
100.902
100.821
102.976
100.863
102.911
98.7367
102.05
106.601
105.947
102.251
113.731
104.999
95.9798
86.0944
95.025
95.2462
95.9376
87.8175
93.9859
102.415
103.868
103.69
103.588
104.36
103.685
102.525
103.467
98.8799
99.1043
105.884
107.542
99.778
112.649
93.7198
96.9471
107.745
108.23
92.5634
96.8594
93.1955
100.916
103.478
101.813
100.382
100.451
100.913
101.814
101.574
100.96
100.901
100.802
103.238
100.81
102.873
102.404
92.2291
97.5529
111.892
102.774
112.397
97.7996
108.169
91.5605
99.3465
93.3704
96.9498
93.2884
108.137
105.759
108.456
108.259
107.827
93.0899
92.9203
103.532
87.6803
103.195
103.211
113.919
93.2295
90.3517
111.942
102.683
102.683
102.908
112.006
111.985
92.7845
97.7619
128.882
40.1967
126.29
233.872
93.5405
89.9954
237.568
117.007
102.185
119.417
159.787
114.405
113.977
145.324
103.305
99.6768
102.026
104.112
103.894
100.117
102.467
103.931
107.39
110.896
104.173
98.357
150.683
149.791
112.508
99.9315
109.841
102.707
101.425
120.893
121.493
102.487
103.342
103.808
104.349
102.424
103.312
103.608
103.598
105.3
106.963
104.582
103.905
104.64
107.256
102.412
105.997
103.547
103.935
103.039
103.131
102.419
102.553
103.59
107.933
103.552
102.504
103.669
102.935
103.961
109.916
115.575
103.633
107.403
115.109
105.555
104.181
111.874
112.316
100.664
108.838
112.194
105.863
99.2827
116.404
108.044
101.587
104.494
103.019
101.965
103.353
106.767
108.075
103.666
102.22
103.999
102.139
96.4856
108.169
97.566
99.4947
104.966
99.4863
110.176
100.206
100.49
100.9
103.489
120.189
103.421
112.942
110.989
101.372
130.427
96.3141
109.055
101.539
115.273
103.189
103.307
102.889
105.667
104.603
107.039
103.557
112.41
96.5573
89.5339
98.4772
89.8931
88.6739
98.4163
100.532
97.5891
99.5504
97.2139
98.7529
112.44
98.8325
103.347
102.191
103.509
102.924
104.15
102.824
103.406
98.5412
99.2866
97.7797
115.253
106.942
96.8973
100.365
107.058
101.687
111.078
111.228
122.807
110.655
103.046
113.649
100.692
113.629
98.5182
98.5022
98.1499
98.5061
100.518
118.27
113.535
97.7342
98.7935
98.5976
99.6033
99.8238
113.749
98.9005
99.3565
99.0582
97.2774
115.555
99.856
100.195
99.3053
99.533
98.6415
99.6724
100.031
98.7053
99.6799
99.3788
99.392
99.4708
99.5823
99.4008
102.347
100.756
102.237
97.5601
99.5621
97.6591
98.0142
100.641
102.105
102.21
97.4543
97.3631
100.429
99.3848
96.4699
104.378
105.982
98.2482
100.629
106.112
100.395
100.769
102.225
102.093
97.7275
97.7346
97.8103
98.853
93.749
99.2825
99.5398
98.6116
94.418
100.07
99.444
99.5234
96.0238
101.802
96.2264
101.152
103.307
101.901
102.432
93.3976
93.5003
100.606
95.7408
100.623
106.59
98.3481
102.961
101.681
99.1252
98.0658
97.3534
102.452
73.0379
98.9531
108.016
98.654
101.701
99.1229
115.877
121.684
118.267
98.3301
100.553
108.808
109.75
94.7801
96.7564
100.084
100.932
100.41
100.417
101.657
103.905
102.942
111.695
108.897
101.13
103.102
102.76
110.277
99.7414
101.054
101.769
101.601
99.699
99.4094
101.335
99.6624
99.2009
101.845
101.302
99.6614
98.5425
102.413
106.578
105.794
102.851
104.186
108.088
104.684
105.585
99.7253
99.0083
100.044
102.648
101.946
102.357
104.419
100.083
99.8201
99.9099
101.609
102.839
102.412
107.26
107.859
99.7568
107.451
103.409
100.248
104.52
110.116
132.214
106.467
96.4549
99.7311
105.998
93.9768
151.707
100.651
100.847
100.733
102.622
100.747
102.779
100.814
110.074
100.772
102.237
104.221
104.087
120.724
99.4512
103.381
104.893
101.168
102.598
100.735
101.312
102.702
107.762
104.678
104.848
100.796
107.337
103.815
89.1873
103.505
104.905
104.642
105.089
104.386
107.649
103.43
102.101
108.375
94.4605
108.717
102.6
102.341
102.092
100.461
98.7163
104.342
97.7701
99.9303
95.9716
94.4537
94.092
102.063
93.6716
101.616
105.26
148.143
107.111
103.036
104.117
102.96
103.228
103.325
103.938
102.818
113.114
103.321
105.249
102.045
102.24
104.168
102.097
98.786
100.228
104.909
100.032
98.753
101.414
99.3401
99.1162
94.4845
102.17
101.736
99.0765
95.5265
101.953
99.9765
102.472
120.388
110.571
117.314
134.392
99.3325
103.313
103.981
102.923
103.028
102.899
103.23
106.028
101.12
101.612
101.296
102.792
100.829
102.496
101.387
95.45
96.8173
95.3104
96.7045
95.4507
96.8198
95.3078
98.6998
98.7789
98.0652
98.1245
98.7022
98.7757
98.0661
98.6997
98.1242
98.7777
98.0648
98.7758
98.0659
98.7016
99.237
99.731
97.9469
99.2269
102.474
101.149
101.843
95.4383
96.8198
95.2992
96.706
95.4495
96.8193
95.3087
95.4506
96.8204
95.3082
96.7081
95.4386
96.82
95.2994
98.708
98.1231
98.7817
98.067
98.7827
98.0641
98.7052
105.502
103.219
103.595
103.937
103.047
104.672
102.992
98.7077
98.779
98.0664
98.123
98.7041
98.7819
98.0635
99.0927
101.47
96.0297
102.49
95.8147
101.918
99.7998
95.813
96.1446
97.8893
95.6784
98.4153
95.4733
96.0458
98.7113
98.788
98.0553
98.1258
98.785
98.0669
98.7132
98.7111
98.1254
98.7873
98.0547
98.7852
98.0663
98.7124
99.4699
139.815
112.318
99.1439
129.054
101.621
101.377
94.7396
113.101
108.744
106.081
104.457
104.706
104.116
103.626
99.2742
99.0189
118.03
123.438
100.894
110.961
109.385
102.36
104.054
97.5517
98.067
100.583
100.938
100.806
100.27
103.291
105.921
101.287
100.279
102.415
105.597
102.67
105.76
104.284
105.055
103.5
106.494
100.62
98.892
102.076
106.684
100.411
98.3972
102.635
111.436
108.033
105.95
100.429
106.416
111.193
108.583
111.276
99.5126
114.515
107.515
106.209
103.471
108.412
111.448
109.91
101.614
100.122
107.348
106.844
101.029
102.578
102.01
102.475
102.143
106.602
103.294
101.983
103.027
100.906
102.473
97.3574
99.2554
97.3283
98.8204
105.263
104.92
104.786
102.351
105.347
102.794
105.601
92.9355
89.9592
91.5026
104.975
91.013
97.9488
89.4108
105.377
102.784
103.336
114.602
106.124
110.636
102.964
100.457
109.373
111.703
106.544
110.7
105.871
109.598
103.47
98.2293
101.113
148.594
128.114
107.637
115.288
109.954
101.339
101.599
102.309
101.583
102.14
109.14
102.094
105.199
102.713
102.673
104.895
102.623
101.806
103.08
105.473
105.331
104.459
103.769
113.088
103.157
100.018
107.846
107.702
107.152
106.843
100.43
103.494
102.058
104.169
102.101
105.44
103.246
102.562
102.833
161.837
99.1945
99.1925
100.619
102.762
107.415
101.573
104.654
105.756
105.237
111.247
103.891
107.238
104.469
115.39
102.591
104.865
100.274
102.105
104.01
107.082
113.679
99.5214
97.6045
98.2403
106.347
102.932
118.337
105.1
105.856
105.125
106.326
106.064
103.89
102.353
104.518
105.348
106.575
103.959
103.3
105.709
106.033
111.562
103.123
102.708
101.071
101.169
103.311
117.494
110.491
104.931
110.083
105.864
106
100.277
99.6236
100.483
103.192
101.645
101.449
100.508
106.541
101.355
107.133
104.378
107.882
79.2881
111.916
103.683
105.447
104.099
104.846
102.624
104.183
104.107
104.784
102.652
99.0446
115.732
98.8394
100.511
104.116
105.513
100.514
98.9131
97.6509
98.3076
99.7517
101.097
100.557
96.0562
137.907
38.9577
127.273
97.4374
236.778
91.945
240.096
101.831
114.829
118.063
114.215
132.189
114.111
132.525
105.321
104.351
104.656
104.903
121.849
104.719
104.255
102.925
104.058
105.403
105.178
112.438
111.028
104.04
84.4403
96.4988
90.1199
242.79
235.061
86.3579
361.731
100.235
103.686
101.226
102.514
99.895
104.686
101.175
100.356
101.715
100.937
109.94
100.695
108.498
100.426
100.223
99.5829
100.058
97.2712
97.5179
151.047
155.683
99.7166
110.81
110.876
101.318
101.438
120.895
120.943
113.577
88.6134
131.682
113.771
132.244
114.511
132.012
100.96
98.7481
94.8736
92.902
153.269
97.5495
155.59
110.203
100.498
110.106
101.743
101.594
120.907
120.538
99.1541
122.811
116.041
100.943
97.295
95.7644
105.202
98.4964
97.4026
118.165
117.425
97.2165
95.4974
95.5271
99.1065
101.511
97.9296
107.388
107.24
99.5432
96.8584
108.001
100.237
110.074
103.485
98.068
103.559
96.4921
96.5555
109.274
127.263
107.241
92.0642
93.769
116.456
114.779
104.037
103.509
123.665
112.449
106.613
103.909
104.362
106.692
104.146
110.807
110.404
104.729
104.502
106.968
108.896
105.953
111.473
104.484
103.797
110.321
99.3716
102.081
98.6507
100.754
106.37
106.028
100.684
97.4611
97.6045
94.0272
98.2987
93.8293
97.0299
96.858
99.3741
96.9318
97.3429
118.923
120.359
98.382
98.7835
98.4093
98.5565
98.4396
107.406
107.092
96.9798
96.9441
102.817
100.257
99.2904
99.7784
99.7879
101.739
107.652
116.548
98.7732
96.4902
99.9897
97.3427
98.0332
114.888
103.015
100.711
100.745
108.691
100.744
100.229
109.314
111.372
103.615
105.198
104.881
105.401
105.559
111.314
133.29
99.7436
106.005
91.332
105.244
92.1491
105.184
113.661
101.067
101.031
102.836
101.04
100.37
102.684
118.801
107.84
108.154
134.688
117.307
104.734
139.318
104.354
106.153
101.278
96.3784
115.969
93.8094
107.956
97.0463
94.5538
97.0045
95.5012
93.6989
96.4501
98.137
97.4202
107.815
106.799
94.9102
116.758
118.531
103.235
96.8095
98.6519
107.446
98.5052
90.4168
98.8763
104.334
105.315
99.6193
101.233
103.595
104.158
100.001
103.714
107.352
98.8399
100.141
97.357
97.822
107.383
98.1103
99.238
97.8843
102.839
100.99
98.5665
103.286
98.6282
100.284
100.032
103.92
115.939
101.047
102.733
100.053
99.1179
97.7489
97.6221
98.0996
110.033
108.249
98.3673
101.202
104.369
105.691
104.657
105.978
100.772
109.578
125.316
105.476
104.384
122.775
122.195
135.62
118.191
111.597
102.688
101.731
86.3638
109.182
98.2792
101.055
102.651
103.469
98.1875
98.799
101.282
101.746
97.7481
99.8966
94.9292
99.9308
102.734
106.868
102.767
108.054
100.081
103.432
98.2619
107.507
105.693
98.3815
98.164
92.849
97.6332
99.1785
103.554
95.1443
95.326
121.523
99.7138
96.2866
96.5288
99.33
99.7641
109.765
111
99.7891
109.561
98.5419
93.4247
96.9632
119.914
113.347
94.6626
104.25
99.6496
102.671
96.9737
104.242
100.268
104.899
100.166
107.015
105.694
102.906
104.047
104.791
98.3938
96.2896
99.2496
99.3716
96.6329
92.74
90.865
84.0948
61.3562
96.2849
81.9512
84.2917
58.2905
97.7402
101.168
96.9681
98.4225
106.183
97.1902
95.9966
104.839
93.5035
98.4012
100.226
100.12
98.674
98.5122
102.688
99.6999
97.3856
101.02
113.251
111.705
107.875
107.187
100.141
100.316
100.192
100.126
100.42
101.599
101.938
100.82
96.0089
99.5773
105.444
101.045
95.5
100.745
102.526
102.491
99.4808
104.24
119.674
117.032
94.8806
100.912
106.417
103.165
100.961
110.827
100.403
99.24
103.853
114.834
102.774
103.663
108.066
86.0337
98.3008
166.908
175.425
86.1515
101.72
68.5692
130.966
94.784
92.521
90.7353
92.0053
106.766
95.0181
108.754
95.7875
149.242
125.913
82.9012
134.651
136.066
128.385
85.0149
94.3639
101.207
104.763
105.668
95.8153
103.337
95.8075
92.0709
109.879
102.518
99.0176
98.6758
99.5974
100.506
106.068
104.937
104.941
95.8696
96.2387
123.999
137.427
101.794
108.902
100.586
101.19
125.808
115.151
101.961
98.9491
92.2142
102.404
99.9768
99.0051
94.2591
92.4123
115.853
63.5781
98.6625
100.311
78.7639
113.205
60.5804
92.3747
99.0917
94.8102
91.2786
92.1222
99.1396
95.9524
102.613
92.6207
108.267
108.525
98.8578
93.5871
102.168
98.6595
98.1925
103.962
103.055
103.391
104.243
96.2704
119.098
101.86
105.501
125.779
102.331
101.74
102.521
116.001
82.1633
123.672
62.9705
98.3958
57.1554
99.2423
134.912
131.083
27.4222
112.698
102.197
130.23
22.8962
115.935
109.404
99.8968
122.612
126.249
124.932
123.306
92.8888
104.156
102.49
95.871
100.688
103.59
94.1404
99.9701
130.768
96.0244
97.8784
113.392
97.2423
95.5153
101.404
97.0983
101.063
95.8548
107.227
92.392
106.344
127.387
112.497
62.7578
83.3796
112.526
61.2064
103.211
77.7439
187.659
98.1903
131.727
77.9913
151.885
50.0131
92.6869
105.315
92.7969
93.273
100.119
94.1712
98.661
128.08
91.9782
125.941
110.33
93.2359
134.437
109.755
98.2362
110.43
97.3828
98.9323
95.9232
116.061
103.138
110.847
110.659
102.843
98.7006
93.2842
103.868
113.038
115.992
84.1883
98.1768
120.828
110.551
88.6084
94.2424
93.0871
112.989
93.8569
91.0962
118.711
92.8003
112.298
114.735
106.819
101.589
121.767
116.099
121.691
120.358
97.5643
104.221
101.189
100.774
81.6878
82.7303
101.115
188.61
107.111
175.333
180.303
135.972
164.922
225.059
102.426
99.4998
98.1914
95.5532
103.578
100.233
98.954
100.413
105.946
92.0853
102.9
109.537
98.6499
110.106
104.157
102.121
96.3066
103.065
101.082
97.2748
100.66
104.849
100.366
110.026
107.205
107.887
110.569
111.568
100.616
96.3436
97.9558
99.723
98.9148
100.827
101.371
98.5367
103.297
103.55
101.331
98.2206
93.6364
98.2302
99.0747
112.526
96.5259
98.6136
98.6679
100.431
145.541
100.26
98.7533
102.866
113.404
99.365
97.2661
98.9865
77.8808
77.0021
62.8586
158.879
107.097
149.385
107.163
96.5705
99.6753
100.249
100.364
85.284
100.576
84.595
119.204
122.49
63.6944
133.674
110.394
111.512
106.687
106.276
120.228
85.6729
123.024
141.142
121.671
84.0474
581.203
44.8316
53.0351
152.94
191.108
254.06
81.2312
111.322
112.684
94.3092
98.3843
127.439
114.472
128.86
192.017
548.375
317.272
-323.071
129.808
718.664
539.428
127.442
96.7538
101.532
101.265
128.615
97.6597
102.17
97.466
99.5015
100.411
99.1731
98.502
98.7578
98.5665
122.876
98.2305
95.3744
99.2183
113.31
113.204
92.8134
90.7918
93.4137
96.2241
92.4454
96.1116
95.9613
101.28
102.214
100.334
96.1334
103.151
105.935
99.5901
105.72
118.882
58.4239
102.041
146.911
125.009
117.502
100.744
96.1379
154.116
97.1975
102.296
102.81
124.028
120.684
137.102
112.794
148.258
108.874
124.534
131.87
158.992
99.3801
93.4253
91.2917
62.7405
98.5696
91.0395
98.8524
96.259
86.6559
86.8252
86.9838
88.8977
98.2461
100.404
87.9272
91.9811
91.5252
87.0407
102.011
88.6309
99.7332
94.9081
92.9344
87.9952
94.8523
91.3705
92.5523
92.7148
98.5274
101.869
114.173
84.6218
90.529
116.093
103.264
120.911
78.5456
100.002
123.315
119.254
74.3127
97.7215
113.02
127.288
106.92
106.194
98.4859
106.635
98.3718
91.0354
88.536
100.516
98.1412
91.2156
129.542
107.425
108.501
109.435
105.105
115.829
225.359
135.242
104.07
120.13
95.7787
123.732
59.88
121.03
124.641
98.8106
44.6268
160.604
137.964
457.346
40.2349
93.5708
406.055
123.966
120.87
91.1642
175.519
106.623
127.088
206.017
108.082
99.7864
99.6215
98.7622
95.1581
95.12
103.352
99.5758
106.723
102.847
97.7149
121.863
115.955
94.2934
92.9142
150.96
123.486
108.997
82.0277
201.53
104.429
88.5144
125.996
93.2715
92.0738
98.6962
170.02
171.441
83.5552
138.7
128.19
127.676
147.735
102.517
143.892
95.3543
104.192
101.286
98.6247
101.049
101.052
101.014
130.449
113.142
108.484
121.125
109.539
107.002
99.5822
137.915
98.4476
97.87
106.397
102.423
121.366
127.187
146.43
163.078
177.249
147.074
174.873
206.439
333.008
98.6826
110.008
99.1442
97.2945
95.6458
97.3706
94.3699
98.7419
115.998
90.0258
91.4408
95.9558
101.749
109.207
100.065
111.686
100.613
96.818
98.3245
97.1585
108.736
99.7129
98.2092
96.5091
98.0548
98.7732
96.2467
94.9036
97.1363
95.6478
92.579
93.4387
94.3699
95.899
97.1997
99.4019
105.464
99.3368
105.271
100.835
100.75
106.305
106.475
99.1757
100.21
95.2619
99.0894
105.981
99.3865
95.6389
124.54
124.133
174.675
268.707
126.799
164.22
98.6542
97.5699
105.846
84.623
106.189
110.269
85.5506
97.1018
176.777
95.5754
94.4435
96.8579
110.75
94.9528
129.398
118.387
158.57
128.105
138.817
92.0295
140.814
108.434
126.32
98.3865
106.017
111.92
119.314
98.5748
95.0477
158.341
92.721
101.007
96.2949
119.958
112.263
125.309
105.881
116.709
143.582
89.9168
141.742
174.702
103.99
103.158
102.793
213.191
119.257
135.561
173.884
88.8564
102.715
87.982
108.533
110.659
113.213
99.3827
103.695
102.937
98.8935
83.9127
169.28
85.5728
104.465
102.567
88.4292
88.234
112.605
114.527
121.275
108.243
108.304
98.2895
99.4989
91.9579
89.5433
102.636
83.353
94.9298
80.0322
89.9151
109.338
122.307
110.773
126.641
99.4261
102.462
105.935
107.196
67.1086
90.7248
82.2832
78.9917
86.7526
171.83
84.3416
90.0282
187.372
88.3309
110.777
86.6446
169.205
147.865
103.831
73.6391
73.9941
79.8557
150.043
97.6412
111.261
214.783
193.091
155.156
55.0327
129.16
138.31
110.905
130.701
101.149
82.3649
101.53
104.019
118.632
74.1423
223.101
70.1004
133.483
97.7089
144.299
97.1657
98.0223
90.5164
89.2436
98.2065
137.827
125.571
119.514
184.028
104.681
103.267
254.069
124.1
87.9717
91.8654
96.6435
100.745
139.248
137.605
76.4278
95.5491
94.1478
107.299
120.967
115.903
127.11
124.672
118.747
96.502
95.0104
74.7586
83.8764
91.3774
103.84
102.055
99.6979
104.949
104.929
102.162
101.926
95.1812
84.3279
95.8826
177.62
101.174
115.369
183.868
57.9819
158.786
181.688
91.8527
388.196
393.911
89.7309
92.3665
100.364
109.969
110.751
97.7426
88.9011
140.753
106.006
134.157
107.238
92.9779
99.8419
100.175
92.5379
95.2243
86.0577
85.4493
96.5436
89.2979
101.76
94.544
96.1647
96.7795
100.866
91.8513
95.97
98.6181
100.579
105.621
88.6742
122.336
134.646
104.773
86.5528
92.0782
112.445
113.726
126.213
105.38
176.367
102.872
108.139
138.977
100.191
121.714
128.338
110.208
151.488
187.335
109.398
129.644
123.443
141.882
31.5851
34.5647
97.1756
122.576
100.434
122.069
117.362
107.37
107.846
132.86
103.401
148.738
74.4453
113.911
143.307
99.8503
94.2966
104.857
102.972
103.196
103.778
104.337
101.957
100.215
95.0712
124.72
141.672
95.3755
113.89
129.221
117.081
123.486
106.906
108.526
109.663
145.791
121.827
107.722
83.4336
111.072
104.789
191.84
42.3716
53.9235
177.692
71.3013
118.628
93.3361
208.905
143.785
138.614
117.14
144.702
101.212
80.9078
200.761
63.7461
107.652
207.581
49.1229
71.4444
87.2566
155.482
159.904
183.241
199.464
89.4272
97.9049
103.265
92.8658
92.9187
127.651
153.856
71.0234
221.715
122.41
154.045
127.579
299.973
246.358
107.069
104.274
126.424
116.031
114.318
134.241
131.073
194.003
149.597
-92.4561
235.899
22.7697
265.639
71.0994
-367.441
129.46
389.944
237.719
388.199
309.671
-452.095
68.1259
96.2561
96.0367
17.5535
202.722
157.832
49.5565
)
;

boundaryField
{
    inlet
    {
        type            calculated;
        value           nonuniform List<scalar> 
183
(
100.071
100.068
105.15
33.4034
72.1826
87.4278
105.527
100.316
106.687
104.369
101.778
99.5629
103.733
85.0012
102.162
104.043
135.467
93.7948
102.27
99.4618
104.065
107.038
103.443
88.1163
228.396
-21.4425
24.8921
94.7129
95.5636
99.2655
81.1277
57.6475
50.2749
101.72
-397.913
248.77
128.398
128.573
119.335
186.68
116.575
129.322
57.0562
74.1062
-145.105
123.79
84.4272
82.9804
-9.83591
-71.1303
145.074
127.651
106.102
126.235
-36.6327
131.976
53.1755
159.899
165.864
-91.4367
123.333
268.054
210.148
109.094
90.4733
96.77
57.8307
94.5894
134.119
87.2971
99.7332
99.8438
94.6195
99.2175
192.165
93.7764
84.3208
101.447
110.736
97.4138
100.002
128.369
112.63
99.0564
56.7719
133.764
-191.977
-103.706
108.051
126.733
98.9828
98.8106
54.8775
87.544
-53.9586
115.257
95.1505
103.424
115.041
-32.5911
153.34
139.629
75.7618
99.3277
128.243
152.085
58.8068
139.325
91.5025
102.197
143.945
149.668
37.7325
95.5222
103.492
99.2581
124.654
143.582
118.459
107.54
101.892
105.853
124.626
109.784
84.5394
102.592
67.2394
112.441
59.9978
-91.1752
69.5638
97.7949
100.411
32.3923
-145.765
126.184
99.9386
100.412
138.424
104.046
104.681
71.4326
115.238
81.5119
97.4749
106.3
95.1064
82.8893
90.2833
134.157
37.0825
87.6529
85.5374
22.2544
99.4611
110.074
101.26
-61.7163
109.137
37.0121
34.5634
7.93817
101.225
102.536
95.604
93.8461
129.606
105.877
110.57
118.872
209.024
141.828
94.7937
32.164
96.867
114.919
91.5752
222.951
23.8927
111.779
221.674
273.886
126.925
)
;
    }
    outlet
    {
        type            calculated;
        value           uniform 0;
    }
    lowerWall
    {
        type            calculated;
        value           nonuniform List<scalar> 
1040
(
102.389
102.534
103.708
109.025
71.8107
87.4278
106.178
97.328
103.024
101.722
101.558
101.414
101.125
89.9121
92.4821
76.2264
102.307
97.5971
100.966
101.458
102.368
101.534
101.165
96.3315
95.4605
101.904
98.7327
97.3357
102.302
101.851
101.428
102.18
101.403
98.2256
100.119
100.088
98.2808
45.1166
104.101
102.286
101.675
101.512
103.392
107.033
101.278
98.8933
97.9459
101.285
103.898
103.129
101.326
101.126
100.839
101.418
100.905
101.907
98.9608
102.588
102.577
101.317
100.884
100.396
99.9774
99.192
99.0718
98.7782
99.1225
99.626
100.179
100.449
96.022
96.5943
96.492
97.0734
98.4582
98.5083
98.057
97.2457
96.8266
96.7081
93.1973
93.0108
92.9943
92.9641
92.97
92.9657
93.0451
93.1117
93.1358
93.1036
90.5457
90.5015
90.4619
90.45
90.4017
90.4127
90.4726
90.5242
90.5631
90.5339
87.9121
87.8888
87.8735
87.8599
87.8414
87.8465
87.8809
87.898
87.9223
87.912
85.3139
85.3034
85.2808
85.298
85.2692
85.2728
85.2968
85.308
85.3296
85.314
82.7381
82.7545
82.7267
82.7244
82.7212
82.7274
82.7553
82.7617
82.7646
82.7365
80.2036
80.2142
80.2056
80.1951
80.1908
80.1977
80.2184
80.2214
80.2208
80.2169
77.6917
77.6912
77.6928
77.6927
77.7008
77.7091
77.7112
77.6926
77.705
77.701
75.2082
75.2115
75.2007
75.2061
75.2152
75.222
75.2246
75.2289
75.2293
75.2121
72.7393
72.7375
72.7516
72.7521
72.7646
72.7723
72.7727
72.7649
72.7462
72.7416
70.3048
70.3183
70.3407
70.3326
70.3253
70.3264
70.3349
70.323
70.3098
70.3058
67.8925
67.9111
67.9358
67.9109
67.8918
67.8836
67.8872
67.9006
67.8964
67.8903
65.507
65.5094
65.5107
65.5126
65.5172
65.5
65.4901
65.4847
65.495
65.4955
63.1255
63.1317
63.1356
63.1427
63.1476
63.1427
63.1266
63.1188
63.1132
63.1149
60.7657
60.7703
60.7721
60.7729
60.7723
60.7667
60.7655
60.7612
60.7556
60.7573
58.4374
58.4305
58.4163
58.4286
58.4305
58.4297
58.4292
58.4269
58.4322
58.4356
56.1007
56.1019
56.0952
56.0989
56.1021
56.1117
56.1201
56.1213
56.1166
56.1059
53.7887
53.7795
53.7816
53.7936
53.8023
53.8069
53.8134
53.8133
53.8143
53.8033
51.4972
51.4822
51.4769
51.4875
51.5023
51.5154
51.5141
51.518
51.5186
51.5126
49.2104
49.1996
49.1902
49.1892
49.1989
49.2092
49.2151
49.2166
49.214
49.2141
46.922
46.9245
46.9318
46.9372
46.9317
46.927
46.922
46.9201
46.9204
46.9209
44.652
44.6599
44.6776
44.6664
44.6549
44.6485
44.6451
44.6644
44.6539
44.6509
42.4107
42.4143
42.417
42.4056
42.3982
42.3943
42.3976
42.4111
42.4072
42.4079
40.1652
40.1804
40.1848
40.1845
40.1785
40.1721
40.1691
40.1649
40.1547
40.1569
37.9449
37.9583
37.9567
37.9511
37.943
37.9388
37.9277
37.9243
37.9243
37.9312
35.7549
35.7501
35.7282
35.7234
35.7207
35.7143
35.7083
35.7138
35.728
35.7459
33.5554
33.5445
33.5326
33.528
33.5267
33.5291
33.5359
33.543
33.5466
33.5547
31.3476
31.3488
31.3582
31.3658
31.3672
31.3704
31.3738
31.3732
31.3647
31.353
29.1731
29.1787
29.1939
29.2106
29.2196
29.2222
29.2163
29.2067
29.1972
29.1792
27.0537
27.0473
27.0477
27.0535
27.0621
27.0763
27.0805
27.0801
27.0759
27.0612
24.9681
24.9515
24.9419
24.9387
24.9412
24.9553
24.9675
24.9779
24.9836
24.9771
22.892
22.8731
22.8694
22.8718
22.8743
22.8786
22.8803
22.8852
22.89
22.8921
20.8094
20.8085
20.8085
20.82
20.8268
20.8275
20.8185
20.8111
20.8106
20.809
18.756
18.7618
18.771
18.7765
18.7757
18.7682
18.7603
18.7551
18.7538
18.7544
16.7475
16.752
16.7508
16.7387
16.7251
16.707
16.7043
16.7108
16.7224
16.7366
14.7431
14.7472
14.7373
14.716
14.6949
14.681
14.6808
14.6905
14.7076
14.7246
12.709
12.7269
12.7254
12.7179
12.7092
12.6963
12.6965
12.6973
12.6993
12.7003
10.7049
10.712
10.7214
10.7291
10.727
10.7214
10.7175
10.7154
10.7108
10.705
8.74793
8.73784
8.73587
8.73858
8.74025
8.74434
8.74633
8.74819
8.7492
8.75189
6.79373
6.78105
6.77762
6.77746
6.78486
6.80092
6.80718
6.80581
6.79874
6.79909
4.83422
4.8315
4.83341
4.84077
4.85526
4.879
4.8786
4.86797
4.85685
4.84446
2.89558
2.89645
2.89961
2.90589
2.91443
2.92509
2.92895
2.92725
2.91596
2.90172
0.967993
0.967705
0.967892
0.962979
0.961016
0.964017
0.973136
0.976904
0.977962
0.968424
101.399
100.672
100.787
100.781
100.245
100.533
99.1851
99.3589
100.173
98.6802
99.1646
99.4718
99.9007
98.858
99.0229
98.1063
98.6406
98.7175
100.386
99.6836
98.822
101.524
100.421
99.9573
101.557
100.617
100.427
101.764
100.844
100.65
101.812
102.012
101.351
101.919
102.654
100.966
99.6571
101.41
99.86
102.293
112.516
101.364
99.8542
108.197
119.373
97.0414
99.1512
132.58
99.7956
100.083
97.5591
105.427
102.783
102.467
101.771
102.793
99.6398
98.6037
103.728
102.087
101.081
101.043
101.234
101.158
100.791
100.821
100.278
100.101
100.426
97.9994
97.7136
99.4304
98.6828
98.037
99.5056
96.6849
97.6583
99.9028
99.5158
99.1002
98.7501
102.536
100.851
100.68
109.268
100.852
100.918
102.299
101.26
100.713
100.668
98.0684
98.0874
100.105
97.8698
97.9545
99.3095
98.5516
97.9057
98.9953
99.0273
98.8469
98.877
98.8226
99.0055
98.8066
98.8562
98.7922
99.4836
99.0218
98.9022
100.143
98.1737
98.7861
100.359
98.1035
98.1838
100.88
98.1966
98.115
101.052
101.089
101.24
100.73
100.871
100.823
100.908
100.856
100.747
100.746
101.022
101.216
100.406
100.504
100.324
100.619
100.514
100.463
99.2608
100.165
101.859
99.9811
99.9907
99.3475
100.263
99.9453
99.9571
98.6623
100.29
120.547
99.1169
98.2445
98.7284
99.3904
98.6032
99.0091
99.0878
98.791
99.2833
98.8227
98.8308
99.0028
99.1685
98.9524
98.9498
98.3769
98.027
98.1244
98.4172
98.2091
98.4586
98.9052
98.303
98.4602
100.141
99.8
100.392
99.4568
99.4905
99.885
98.8349
99.0943
99.1952
101.088
101.075
101.31
100.237
100.609
100.642
100.207
100.472
100.179
101.062
108.122
104.57
100.786
99.7866
101.019
100.43
100.592
100.563
101.212
101.245
102.063
100.838
100.851
100.873
100.777
100.963
100.764
99.9346
100.16
99.8662
99.4972
99.9659
99.9438
100.301
100.196
100.004
99.9029
100.036
100.14
98.3506
94.8682
94.8362
98.5428
94.8158
94.8342
98.7373
98.8029
98.7733
98.8898
98.9468
98.7881
100.329
100.224
100.151
98.7758
98.7584
98.8097
100.006
100.044
100.194
98.863
98.9772
98.9312
98.0933
95.1119
95.1237
97.2964
95.2932
95.2477
99.0889
99.0037
98.9304
98.8656
99.0032
99.0474
99.0773
99.2178
99.4108
99.2351
99.1105
98.9942
101.205
100.011
102.324
100.142
100.29
100.387
100.922
102.638
106.935
97.03
95.1268
95.3309
98.3279
99.5006
99.3534
96.7208
95.4778
95.3384
99.5829
99.7504
98.7753
100.248
100.233
100.141
100.691
100.059
100.121
96.2607
101.029
98.8536
98.4265
99.5768
99.4845
99.3475
99.3478
98.0227
99.9993
99.8113
100.847
99.6544
99.88
100.852
100.865
99.7352
99.6185
98.4903
96.4585
96.5275
96.5568
96.5127
98.5832
96.2223
96.3752
98.4197
98.5334
96.4518
96.2707
97.2191
97.6827
99.5412
96.3535
96.1044
97.9086
97.9676
96.2228
96.4239
96.8022
95.4825
95.4704
99.3774
99.0808
98.066
102.395
106.175
153.973
103.162
102.777
108.242
95.7627
99.3441
95.5165
95.4965
98.6854
100.018
96.5917
95.3031
95.4013
97.8549
98.8048
98.9874
97.4506
96.1686
96.0409
96.2815
96.3437
97.5872
102.405
102.686
115.077
102.926
102.295
106.953
103.306
105.07
94.4094
98.237
99.0977
98.8302
97.1997
96.5501
96.4771
96.2385
96.2564
96.9497
81.7058
107.196
113.82
95.1829
97.8143
103.33
99.2807
104.39
88.8224
98.6668
98.741
97.9432
128.882
237.568
93.5405
114.405
145.324
117.007
104.173
149.791
107.39
112.508
121.493
102.707
103.547
102.419
105.997
115.575
105.555
109.916
112.316
105.863
111.874
98.5412
100.365
115.253
101.054
101.769
99.7414
102.839
107.26
100.083
107.451
110.116
99.7568
96.4549
151.707
106.467
100.228
104.909
98.786
96.8198
95.2992
95.4383
98.788
98.7132
98.0553
102.591
104.865
115.39
102.708
117.494
103.123
104.116
100.514
99.0446
122.811
105.202
100.943
107.815
103.235
116.758
95.5012
98.137
97.0463
98.6519
107.446
96.8095
105.315
103.714
104.158
102.839
98.6282
97.8843
104.657
109.578
104.369
122.195
118.191
125.316
102.688
101.731
111.597
103.469
98.1875
102.651
104.25
99.6496
94.6626
103.165
99.24
100.961
175.425
86.1515
166.908
114.834
102.774
103.853
102.404
92.4123
99.9768
62.7578
103.211
112.497
102.843
113.038
110.659
99.4998
98.1914
102.426
92.0853
110.106
105.946
122.49
63.6944
119.204
120.228
85.6729
106.276
115.998
90.0258
98.7419
129.16
82.3649
138.31
95.1812
183.868
101.174
106.006
92.5379
99.8419
97.7426
140.753
92.3665
96.7795
100.866
96.1647
109.398
97.1756
31.5851
102.972
103.196
104.857
141.672
117.081
124.72
93.3361
117.14
118.628
42.3716
177.692
83.4336
)
;
    }
    upperWall
    {
        type            calculated;
        value           nonuniform List<scalar> 
1085
(
102.347
103.936
104.949
98.1412
98.3843
131.727
112.698
101.265
103.673
101.357
101.904
102.886
101.35
98.0548
95.2462
93.4729
109.261
100.553
102.514
101.186
102.769
101.73
101.374
99.6321
91.5569
95.6998
104.465
98.6116
104.284
106.684
101.967
101.971
99.2302
99.392
100.789
97.7472
93.9095
79.2881
104.112
100.676
103.3
101.164
105.696
100.314
101.943
97.5285
98.9232
105.469
103.296
103.304
101.173
101.08
100.875
96.9884
100.469
99.299
101.691
101.005
104.677
101.119
100.883
100.397
99.9696
99.1806
99.0527
98.7531
99.1014
99.6325
100.18
100.45
96.0224
96.5937
96.4925
97.0754
98.4572
98.5078
98.0575
97.2456
96.8265
96.7081
93.1971
93.0106
92.9956
92.9641
92.9693
92.965
93.0451
93.112
93.1362
93.1036
90.5457
90.5014
90.4618
90.4491
90.4021
90.4129
90.4724
90.5241
90.563
90.5337
87.9122
87.8887
87.8734
87.8598
87.8414
87.8461
87.8808
87.8979
87.9222
87.912
85.314
85.3032
85.2807
85.2978
85.2686
85.2727
85.2967
85.3079
85.3295
85.3137
82.7377
82.7543
82.7266
82.7243
82.7207
82.7276
82.7551
82.7616
82.7645
82.7363
80.2037
80.2141
80.2055
80.195
80.1907
80.1976
80.2183
80.2213
80.2207
80.217
77.6916
77.6911
77.6927
77.6926
77.7009
77.7088
77.7111
77.6925
77.7048
77.7009
75.2074
75.2111
75.2006
75.206
75.2152
75.2218
75.2245
75.2288
75.2296
75.2125
72.7392
72.7374
72.7514
72.752
72.7645
72.7722
72.7726
72.7655
72.7464
72.7415
70.3049
70.3187
70.3401
70.3323
70.3251
70.3265
70.3346
70.3225
70.3094
70.3058
67.8926
67.9108
67.9358
67.9107
67.8915
67.8833
67.8871
67.9011
67.8964
67.8904
65.5066
65.5091
65.5106
65.5123
65.5175
65.4999
65.4901
65.4846
65.4951
65.4954
63.1254
63.1319
63.1352
63.1429
63.1477
63.1429
63.1263
63.1187
63.1131
63.1147
60.7658
60.7704
60.7719
60.7728
60.7724
60.7659
60.7654
60.7612
60.7555
60.757
58.4372
58.4291
58.4162
58.4286
58.4296
58.4295
58.4291
58.4272
58.4322
58.4355
56.1004
56.1012
56.0949
56.0991
56.1022
56.1114
56.12
56.1212
56.1165
56.1058
53.7886
53.7794
53.7816
53.7932
53.8018
53.807
53.813
53.8132
53.814
53.8033
51.4972
51.4821
51.4767
51.4871
51.5024
51.5154
51.514
51.5184
51.5185
51.5125
49.2101
49.1991
49.19
49.1894
49.199
49.209
49.2149
49.2168
49.2135
49.214
46.922
46.9244
46.9317
46.9372
46.9316
46.9267
46.9223
46.9199
46.9205
46.9208
44.6516
44.6596
44.6777
44.6665
44.6542
44.6484
44.6453
44.6641
44.6546
44.6508
42.4106
42.4147
42.4172
42.4054
42.3979
42.3946
42.3976
42.4111
42.4073
42.4079
40.1652
40.1809
40.1841
40.1844
40.1786
40.1722
40.1693
40.1647
40.1549
40.1564
37.945
37.9583
37.9562
37.9509
37.9429
37.9385
37.9273
37.9241
37.9241
37.9313
35.7549
35.7498
35.7283
35.7232
35.7205
35.714
35.7082
35.7138
35.7291
35.7464
33.5551
33.5445
33.5327
33.5279
33.5266
33.529
33.5359
33.5429
33.5465
33.5546
31.3474
31.3488
31.3584
31.3658
31.3672
31.3703
31.3738
31.3731
31.3644
31.3528
29.173
29.1786
29.1938
29.2104
29.2195
29.2221
29.2161
29.2067
29.1973
29.1795
27.0534
27.0471
27.0474
27.0533
27.0622
27.0763
27.0805
27.08
27.0758
27.0613
24.968
24.9519
24.9419
24.9386
24.9412
24.9552
24.9674
24.9777
24.9833
24.977
22.8919
22.8728
22.8693
22.8718
22.8743
22.8785
22.8802
22.8851
22.8897
22.892
20.8093
20.808
20.8083
20.82
20.8272
20.8276
20.8185
20.8109
20.8105
20.809
18.7557
18.762
18.7715
18.7763
18.7754
18.768
18.7603
18.7551
18.7539
18.7543
16.7475
16.7521
16.7509
16.7383
16.7251
16.7069
16.7039
16.7108
16.7227
16.7364
14.7432
14.7471
14.737
14.7158
14.6948
14.681
14.6807
14.6906
14.7075
14.7245
12.7092
12.726
12.7251
12.7177
12.7092
12.6965
12.6966
12.6972
12.6988
12.7
10.705
10.712
10.7213
10.7292
10.7265
10.721
10.7172
10.7152
10.7107
10.7049
8.74797
8.73782
8.73561
8.73849
8.74016
8.74424
8.74624
8.7481
8.74907
8.75207
6.79356
6.78073
6.77749
6.77724
6.78493
6.8009
6.80749
6.80575
6.79851
6.7987
4.83409
4.83143
4.83347
4.84068
4.85505
4.879
4.87842
4.8679
4.85675
4.84436
2.89543
2.8967
2.89959
2.9058
2.91425
2.92438
2.92841
2.92721
2.91618
2.90175
0.968022
0.967453
0.967552
0.962526
0.960971
0.963956
0.973255
0.976909
0.97787
0.968339
100.79
100.678
101.387
100.529
100.259
100.826
100.144
99.3949
99.8652
99.3288
98.7896
99.4772
99.0272
98.8258
101.33
98.7059
98.6498
98.0413
98.7847
99.6878
100.375
99.9447
100.421
101.474
100.434
100.6
101.35
100.646
100.84
101.428
101.496
102.07
101.699
101.157
102.845
103.475
100.552
103.125
99.02
97.4995
98.4661
102.278
97.3184
98.1858
99.276
90.7143
96.6551
98.6696
101.481
100.158
100.002
102.509
104.277
103.61
124.867
101.492
100.866
103.8
102.897
109.705
101.179
101.062
101.154
100.829
101.006
101.341
100.513
100.033
101.159
99.1322
97.5479
96.6785
99.4252
99.3451
99.0716
99.0758
97.7792
96.7469
98.6377
99.1987
99.7801
100.718
100.841
101.308
100.966
101.101
100.602
100.616
101.077
103.077
98.0869
98.0673
100.671
97.9529
97.8707
100.103
97.908
98.5505
99.3007
98.8473
99.0277
99.0115
99.0006
98.8224
98.8924
98.7934
98.8568
98.8212
98.9028
99.0216
99.4807
98.7853
98.1722
100.152
98.1841
98.1033
100.329
98.1145
98.1968
100.876
100.749
100.866
100.865
100.814
100.865
100.733
101.274
101.077
101.067
100.471
100.458
100.612
100.315
100.444
100.397
100.854
100.973
100.56
99.9486
99.94
100.234
99.3641
100.218
99.7291
100.978
100.299
99.5318
98.9744
98.5918
99.2399
98.7491
98.4497
99.0305
99.8898
98.6235
98.5702
98.9635
99.0479
99.1462
98.9878
98.8687
98.8179
102.72
98.7566
99.2656
98.4557
98.3075
98.8473
98.4516
98.2349
98.4419
97.5507
98.0537
98.2634
99.2249
99.1104
98.7108
99.8942
99.4964
99.4571
99.6592
99.8741
100.082
100.175
100.456
100.212
100.669
100.588
100.245
101.285
101.031
101.084
100.566
100.465
100.438
99.8123
100.838
100.653
101.64
104.35
100.544
100.772
100.91
100.708
100.818
100.866
100.844
103.227
101.361
101.174
99.8553
100.133
99.9269
99.6523
99.9622
99.5019
100.014
100.195
100.301
100.139
100.019
99.9513
100.56
97.893
100.448
94.8355
94.8676
98.3498
94.8333
94.8148
98.5407
98.7749
98.7969
98.7233
98.7604
98.9056
98.8895
100.153
100.224
100.328
100.192
100.043
100.004
98.8088
98.7594
98.7761
98.9316
98.9629
98.8618
95.125
95.1133
98.0938
95.2467
95.2921
97.2966
98.9117
99.0098
99.0906
99.0469
99.0042
98.8747
98.9957
99.1106
99.2337
99.4112
99.2184
99.0778
100.402
100.289
100.155
95.3317
95.1276
97.0299
99.3525
99.5217
98.369
95.3385
95.4779
96.7211
98.7826
99.7518
99.5824
100.125
100.239
100.244
96.9717
98.5863
103.473
100.121
100.057
100.692
102.098
103.28
103.607
99.4833
99.5754
98.4238
98.0224
99.3444
99.3606
100.847
99.8072
100
101.003
101.395
101.428
100.854
99.8757
99.652
99.616
99.7324
100.867
96.5257
96.4573
98.4887
98.5819
96.5111
96.5502
98.4186
96.3716
96.2166
96.268
96.4509
98.5309
98.5718
94.7348
97.5223
97.9131
96.1037
96.3547
96.4224
96.2195
97.9652
95.4706
95.4826
96.8024
98.0655
99.0804
99.3795
95.4008
95.3027
96.5913
98.9826
98.8061
97.856
96.0422
96.1694
97.4574
97.5851
96.3421
96.2787
95.6996
104.396
116.998
97.668
95.7831
96.7717
105.309
102.375
104.349
129.153
102.614
101.623
98.8303
99.0932
98.237
105.683
102.736
87.9242
114.61
119.377
102.25
105.917
114.709
103.473
96.4772
96.55
97.2004
96.952
96.2565
96.2394
96.8318
106.993
113.08
103.782
103.289
103.225
107.869
105.261
101.418
105.666
104.244
102.847
99.0045
99.6601
97.6825
97.9402
98.7387
98.6633
95.9376
93.9859
87.8175
101.813
100.913
100.382
100.96
100.81
103.238
99.3465
108.137
93.3704
108.456
103.532
93.0899
112.006
97.7619
102.683
93.2295
111.942
103.195
103.894
102.467
100.117
102.22
103.999
106.767
97.7342
99.6033
118.27
99.4708
99.4008
99.5823
102.225
98.853
97.7275
93.3976
106.59
100.606
94.418
99.444
100.07
108.808
94.7801
109.75
100.41
103.905
100.084
95.4386
95.2994
96.82
98.0547
98.7124
98.7873
113.101
104.116
106.081
99.2742
110.961
118.03
105.055
106.494
103.5
100.411
102.635
98.3972
109.373
109.598
111.703
98.2293
115.288
148.594
105.473
113.088
103.769
105.44
102.833
104.169
107.152
103.494
107.846
111.916
105.447
103.683
99.895
101.175
104.686
106.692
104.502
110.807
104.484
110.321
108.896
100.711
109.314
100.744
105.198
111.314
104.881
110.033
98.3673
97.7489
103.92
100.053
115.939
102.197
22.8962
130.23
77.9913
50.0131
151.885
106.819
120.358
116.099
113.404
98.9865
98.7533
98.6136
145.541
112.526
127.439
128.86
114.472
128.615
102.17
97.6597
93.4137
101.28
96.2241
113.31
92.8134
98.2305
100.334
105.72
103.151
91.2156
107.425
129.542
116.709
174.702
143.582
98.7732
94.9036
96.2467
103.158
173.884
119.257
96.6435
137.605
87.9717
104.681
254.069
125.571
118.747
91.3774
74.7586
120.967
127.11
95.5491
104.929
101.926
102.162
85.4493
94.544
96.5436
388.196
89.7309
158.786
126.213
108.139
105.38
100.191
187.335
110.208
155.482
199.464
71.4444
63.7461
207.581
101.212
389.944
-452.095
237.719
96.2561
49.5565
202.722
)
;
    }
    frontWall
    {
        type            cyclic;
    }
    backWall
    {
        type            cyclic;
    }
}


// ************************************************************************* //
