/*--------------------------------*- C++ -*----------------------------------*\
| =========                 |                                                 |
| \\      /  F ield         | OpenFOAM: The Open Source CFD Toolbox           |
|  \\    /   O peration     | Version:  5.0                                   |
|   \\  /    A nd           | Web:      www.OpenFOAM.org                      |
|    \\/     M anipulation  |                                                 |
\*---------------------------------------------------------------------------*/
FoamFile
{
    version     2.0;
    format      ascii;
    class       volScalarField;
    location    "0.2";
    object      p_rgh;
}
// * * * * * * * * * * * * * * * * * * * * * * * * * * * * * * * * * * * * * //

dimensions      [1 -1 -2 0 0 0 0];

internalField   nonuniform List<scalar> 
4398
(
102.747
102.687
102.687
102.652
102.668
103.447
99.4199
95.6914
93.1584
90.5688
87.9931
85.4191
82.8554
80.3262
77.8117
75.3217
72.8475
70.4047
67.9853
65.5927
63.2051
60.8374
58.5005
56.1554
53.8354
51.5375
49.2426
46.946
44.6689
42.4241
40.1766
37.951
35.7583
33.5542
31.3402
29.1604
27.0382
24.9526
22.8741
20.7977
18.7431
16.735
14.7309
12.7014
10.6941
8.73659
6.78465
4.82694
2.89033
0.966221
102.776
102.704
102.674
102.585
102.552
102.381
99.1193
95.6958
93.173
90.5925
88.017
85.4361
82.8895
80.3465
77.8181
75.3332
72.8506
70.4218
68.0126
65.5976
63.2103
60.8384
58.4908
56.1543
53.8247
51.5208
49.2315
46.9485
44.6776
42.4261
40.189
37.962
35.7464
33.5392
31.3395
29.1646
27.0325
24.938
22.8624
20.794
18.748
16.74
14.7374
12.7124
10.7
8.72805
6.7745
4.82362
2.88894
0.96535
102.777
102.71
102.609
102.578
102.494
102.212
99.2904
95.8084
93.2715
90.6413
88.0584
85.4495
82.8842
80.3518
77.8284
75.3261
72.866
70.4459
68.03
65.598
63.2133
60.8423
58.4833
56.1497
53.8261
51.5133
49.2201
46.9553
44.6925
42.4293
40.1953
37.9611
35.7258
33.522
31.3461
29.1804
27.0326
24.9268
22.8529
20.7932
18.7565
16.7394
14.7277
12.7153
10.7097
8.72379
6.76525
4.82489
2.89403
0.964399
102.742
102.686
102.64
102.625
102.645
102.696
100.291
95.9961
93.3825
90.7254
88.102
85.5032
82.9041
80.3547
77.8361
75.3363
72.8705
70.4417
68.0068
65.6013
63.2229
60.8431
58.4873
56.1538
53.842
51.5286
49.2216
46.9644
44.6895
42.4245
40.1929
37.9533
35.7183
33.5185
31.3534
29.1984
27.0391
24.9223
22.8536
20.8011
18.7619
16.7266
14.7042
12.7074
10.7173
8.72673
6.7659
4.83375
2.90105
0.961636
102.746
102.666
102.657
102.59
102.71
102.734
100.85
96.19
93.4719
90.7648
88.1241
85.4975
82.9151
80.3586
77.8476
75.3473
72.8857
70.4347
67.9906
65.6035
63.2283
60.8439
58.4911
56.1564
53.8497
51.5421
49.2333
46.9605
44.6765
42.4149
40.1868
37.9461
35.7184
33.5213
31.3589
29.2091
27.0489
24.9277
22.8602
20.8099
18.7575
16.7043
14.6767
12.69
10.7135
8.7293
6.77622
4.85047
2.91007
0.960093
102.747
102.646
102.611
102.518
102.273
102.508
101.464
96.1976
93.4797
90.7757
88.1276
85.5001
82.9187
80.3649
77.8599
75.3577
72.8941
70.4386
67.9867
65.5932
63.2243
60.8375
58.4924
56.1662
53.855
51.5555
49.2433
46.9545
44.6694
42.4097
40.1815
37.9408
35.7151
33.526
31.3654
29.2143
27.0656
24.9417
22.8642
20.8098
18.7495
16.6882
14.6598
12.6785
10.7063
8.73266
6.78998
4.8717
2.92126
0.963526
102.713
102.636
102.57
102.51
102.48
102.562
100.605
96.0567
93.3995
90.7105
88.1011
85.4884
82.9268
80.3734
77.8531
75.3543
72.8921
70.4446
67.9895
65.5799
63.205
60.8345
58.4895
56.1737
53.8607
51.5546
49.2486
46.9504
44.6699
42.4134
40.1782
37.9325
35.7099
33.534
31.3696
29.2095
27.07
24.954
22.866
20.8023
18.7423
16.6824
14.6597
12.6772
10.7014
8.73506
6.80029
4.87588
2.92728
0.970927
102.705
102.658
102.581
102.485
102.536
102.465
100.096
95.8968
93.3044
90.6553
88.0536
85.4592
82.9083
80.3604
77.823
75.3513
72.8802
70.4295
67.9955
65.5711
63.1955
60.8295
58.487
56.1745
53.8598
51.556
49.2483
46.9454
44.6783
42.4203
40.1715
37.9294
35.7167
33.5427
31.3695
29.2003
27.0712
24.9671
22.8709
20.7951
18.7387
16.6953
14.6731
12.6823
10.7036
8.73874
6.80018
4.8666
2.92542
0.976581
102.777
102.684
102.61
102.561
102.452
102.22
99.3877
95.7225
93.2013
90.6065
88.0239
85.4467
82.8897
80.3457
77.8267
75.344
72.8539
70.4095
67.9878
65.5799
63.1909
60.8259
58.4948
56.17
53.8588
51.5571
49.2462
46.9463
44.678
42.4237
40.1661
37.9307
35.7324
33.5485
31.3622
29.192
27.0695
24.9734
22.8771
20.7953
18.7392
16.7088
14.6943
12.6869
10.7011
8.74195
6.79338
4.8502
2.91395
0.975755
102.769
102.694
102.669
102.624
102.594
102.204
99.1714
95.6892
93.1728
90.5703
87.9993
85.4186
82.852
80.3339
77.8184
75.3265
72.8487
70.4055
67.9801
65.5807
63.1922
60.8297
58.4993
56.1605
53.8494
51.5521
49.2464
46.9473
44.6731
42.4223
40.1659
37.938
35.749
33.5545
31.3501
29.1741
27.0538
24.9654
22.8794
20.7981
18.7408
16.7232
14.7142
12.6912
10.6962
8.74303
6.79101
4.83529
2.90003
0.97043
102.747
102.686
102.685
102.649
102.585
103.27
99.4211
95.692
93.1583
90.5688
87.9931
85.4192
82.8552
80.3265
77.8117
75.3215
72.8474
70.4048
67.9854
65.5926
63.2051
60.8375
58.5005
56.1552
53.8355
51.5376
49.2425
46.946
44.6688
42.4241
40.1766
37.951
35.7584
33.554
31.3402
29.1602
27.0381
24.9526
22.8741
20.7976
18.7431
16.735
14.731
12.7013
10.694
8.7368
6.78463
4.8268
2.89033
0.966229
102.775
102.703
102.674
102.582
102.548
102.419
99.1193
95.6961
93.1729
90.5925
88.017
85.4361
82.8895
80.3464
77.8181
75.3329
72.8507
70.4218
68.0125
65.5976
63.2104
60.8386
58.4907
56.1542
53.8248
51.5206
49.2314
46.9485
44.6776
42.4264
40.1891
37.9621
35.7462
33.5389
31.3394
29.1646
27.0324
24.938
22.8623
20.7938
18.7479
16.7401
14.7373
12.7123
10.7
8.72803
6.77439
4.82366
2.88898
0.965337
102.777
102.709
102.607
102.576
102.42
102.199
99.2848
95.8093
93.2718
90.6413
88.0583
85.4495
82.8842
80.3517
77.8284
75.3262
72.8661
70.4457
68.0302
65.598
63.2132
60.8422
58.4833
56.1498
53.826
51.5133
49.2202
46.9553
44.6927
42.4293
40.1952
37.9609
35.7257
33.522
31.3463
29.1804
27.0325
24.9267
22.8529
20.7932
18.7566
16.7395
14.7275
12.7153
10.7098
8.72374
6.76515
4.82494
2.89403
0.964377
102.742
102.686
102.64
102.624
102.641
102.644
100.289
95.9973
93.3825
90.7251
88.102
85.5032
82.9041
80.3547
77.836
75.3362
72.8705
70.4416
68.0067
65.6012
63.2229
60.8431
58.4874
56.1539
53.8419
51.5286
49.2217
46.9644
44.6895
42.4242
40.1928
37.9533
35.7183
33.5185
31.3534
29.1982
27.039
24.9223
22.8536
20.8012
18.762
16.7265
14.7039
12.7075
10.7173
8.72665
6.76582
4.83388
2.90102
0.961619
102.746
102.665
102.657
102.59
102.659
102.703
100.81
96.1906
93.4715
90.765
88.1241
85.4973
82.915
80.3586
77.8477
75.3474
72.8857
70.4346
67.9905
65.6036
63.2283
60.8437
58.491
56.1565
53.8496
51.5422
49.2334
46.9605
44.6764
42.4149
40.1869
37.9461
35.7181
33.5212
31.3589
29.2091
27.0491
24.9277
22.8601
20.8099
18.7574
16.7041
14.6768
12.6903
10.7134
8.72928
6.77639
4.85068
2.91002
0.960006
102.746
102.646
102.611
102.516
102.247
102.641
101.347
96.1977
93.4794
90.7757
88.1275
85.5
82.9187
80.3649
77.8597
75.3576
72.8941
70.4387
67.9867
65.593
63.2243
60.8372
58.4924
56.1663
53.8551
51.5555
49.2431
46.9545
44.6694
42.4097
40.1816
37.9407
35.715
33.5262
31.3655
29.2143
27.0655
24.9417
22.8641
20.8099
18.7494
16.6881
14.6599
12.6786
10.7062
8.73264
6.79011
4.8717
2.92113
0.963491
102.713
102.633
102.57
102.509
102.448
102.349
100.713
96.0565
93.3995
90.7105
88.1011
85.4884
82.9268
80.3734
77.8531
75.3543
72.892
70.4445
67.9894
65.58
63.205
60.8345
58.4895
56.1736
53.8605
51.5545
49.2486
46.9505
44.67
42.4134
40.1782
37.9325
35.7099
33.534
31.3695
29.2095
27.07
24.954
22.866
20.8023
18.7423
16.6823
14.6597
12.6772
10.7013
8.73504
6.80044
4.87587
2.9272
0.97098
102.705
102.658
102.582
102.484
102.487
102.356
100.052
95.8973
93.3047
90.6553
88.0536
85.4592
82.9082
80.3604
77.823
75.3513
72.8803
70.4293
67.9956
65.5711
63.1955
60.8296
58.4871
56.1745
53.8597
51.5561
49.2485
46.9454
44.6782
42.4204
40.1714
37.9292
35.7167
33.5426
31.3695
29.2003
27.0712
24.9671
22.8709
20.7951
18.7387
16.6952
14.6732
12.6823
10.7036
8.73872
6.8002
4.86656
2.92545
0.976688
102.777
102.681
102.607
102.564
102.454
102.194
99.3898
95.7231
93.2014
90.6065
88.0238
85.4467
82.8896
80.3457
77.8266
75.3441
72.8541
70.4092
67.9879
65.58
63.1909
60.826
58.4949
56.17
53.8587
51.5572
49.2461
46.9462
44.678
42.4238
40.1661
37.9306
35.7326
33.5485
31.3621
29.192
27.0695
24.9734
22.8771
20.7952
18.7393
16.7088
14.6942
12.6868
10.7011
8.74199
6.79328
4.85017
2.91405
0.975746
102.768
102.694
102.669
102.626
102.571
102.105
99.172
95.6898
93.1727
90.5703
87.9996
85.4185
82.8519
80.3342
77.8183
75.3267
72.8486
70.4055
67.9802
65.5806
63.1921
60.8296
58.4993
56.1605
53.8495
51.5522
49.2463
46.9473
44.6732
42.4222
40.1657
37.938
35.7493
33.5545
31.35
29.1743
27.0539
24.9654
22.8794
20.7981
18.7408
16.7232
14.7141
12.6911
10.6962
8.7431
6.79092
4.83524
2.90017
0.970425
102.746
102.686
102.687
102.652
102.647
103.28
99.4205
95.6917
93.1583
90.5687
87.9931
85.4192
82.855
80.3264
77.8117
75.3212
72.8474
70.4048
67.9855
65.5923
63.205
60.8375
58.5004
56.1551
53.8355
51.5376
49.2424
46.9459
44.6686
42.4238
40.1766
37.9511
35.7583
33.5539
31.3401
29.1602
27.038
24.9526
22.8741
20.7974
18.743
16.735
14.731
12.7011
10.6939
8.73676
6.78455
4.82659
2.89026
0.966158
102.776
102.701
102.675
102.583
102.538
102.423
99.1187
95.6953
93.1729
90.5924
88.0169
85.436
82.8894
80.3463
77.818
75.3326
72.8508
70.4221
68.0123
65.5975
63.2104
60.8386
58.4902
56.154
53.8248
51.5205
49.2312
46.9484
44.6775
42.4263
40.189
37.9621
35.746
33.5385
31.3394
29.1645
27.0323
24.938
22.8622
20.7935
18.7479
16.7401
14.7371
12.7121
10.6999
8.72796
6.77422
4.82365
2.88898
0.965247
102.777
102.709
102.608
102.575
102.433
102.222
99.2851
95.8094
93.2722
90.6412
88.0583
85.4494
82.8841
80.3517
77.8283
75.3262
72.8661
70.4454
68.0302
65.5979
63.213
60.8421
58.4832
56.1499
53.826
51.5132
49.2204
46.9552
44.6927
42.4294
40.1951
37.9607
35.7253
33.5221
31.3464
29.1804
27.0323
24.9267
22.8528
20.7931
18.7566
16.7396
14.7272
12.7149
10.7098
8.72361
6.76499
4.82493
2.89397
0.96428
102.741
102.687
102.64
102.627
102.631
102.65
100.288
95.9977
93.3825
90.7248
88.1019
85.5031
82.904
80.3546
77.836
75.3361
72.8705
70.4414
68.0066
65.601
63.223
60.843
58.4874
56.154
53.8417
51.5283
49.2217
46.9643
44.6895
42.424
40.1927
37.9533
35.7182
33.5185
31.3534
29.1979
27.0389
24.9223
22.8536
20.8012
18.7619
16.7263
14.7037
12.7075
10.7173
8.7265
6.7657
4.83397
2.90093
0.961525
102.745
102.664
102.658
102.59
102.653
102.672
100.802
96.1891
93.4715
90.765
88.1241
85.4969
82.9148
80.3585
77.8477
75.3474
72.8855
70.4346
67.9903
65.6035
63.2282
60.8434
58.4908
56.1565
53.8492
51.5421
49.2335
46.9604
44.6759
42.4147
40.1869
37.9461
35.7178
33.5212
31.3588
29.209
27.049
24.9277
22.8601
20.8099
18.7573
16.7039
14.6768
12.6903
10.7133
8.72921
6.77655
4.85083
2.90991
0.959835
102.746
102.648
102.611
102.517
102.264
102.418
101.31
96.1969
93.4794
90.7756
88.1274
85.4998
82.9188
80.3648
77.8595
75.3574
72.894
70.4387
67.9866
65.5928
63.2242
60.837
58.4923
56.1664
53.8551
51.5554
49.2429
46.9538
44.6693
42.4097
40.1816
37.9405
35.7148
33.5261
31.3655
29.2142
27.0654
24.9416
22.8641
20.8099
18.7492
16.6879
14.6599
12.6787
10.7061
8.73257
6.79023
4.87169
2.92094
0.963379
102.714
102.632
102.569
102.509
102.46
102.464
100.529
96.0553
93.3996
90.7103
88.101
85.4883
82.9267
80.3733
77.853
75.3542
72.8919
70.4443
67.9893
65.58
63.2053
60.8344
58.4894
56.1736
53.8604
51.5544
49.2485
46.9505
44.67
42.4134
40.1781
37.9323
35.7098
33.5339
31.3695
29.2093
27.0699
24.9539
22.8659
20.8023
18.7421
16.6821
14.6598
12.6772
10.7012
8.73497
6.8005
4.8756
2.92706
0.970961
102.704
102.659
102.582
102.485
102.511
102.27
100.081
95.897
93.3049
90.6552
88.0535
85.4591
82.9081
80.3603
77.8229
75.3512
72.8805
70.4292
67.9957
65.571
63.1947
60.8296
58.4871
56.1744
53.8595
51.5561
49.2484
46.9452
44.6781
42.4204
40.1712
37.9291
35.7167
33.5425
31.3694
29.2003
27.0711
24.9669
22.8708
20.795
18.7386
16.6952
14.6731
12.6822
10.7034
8.73865
6.8001
4.86647
2.92547
0.97674
102.776
102.679
102.607
102.561
102.452
102.154
99.3899
95.7227
93.2016
90.6064
88.0238
85.4466
82.8895
80.3456
77.8265
75.3443
72.8543
70.4089
67.9878
65.58
63.1907
60.8261
58.4948
56.1699
53.8586
51.5572
49.2459
46.9461
44.678
42.4237
40.1656
37.9305
35.7327
33.5485
31.3619
29.192
27.0694
24.9733
22.877
20.7951
18.7393
16.7088
14.6941
12.6867
10.701
8.74194
6.7932
4.8501
2.91413
0.97566
102.767
102.695
102.671
102.624
102.588
102.084
99.1715
95.6895
93.1727
90.5702
87.9995
85.4183
82.8515
80.3341
77.8183
75.3268
72.8485
70.4051
67.9802
65.5805
63.1918
60.8294
58.4992
56.1604
53.8495
51.5521
49.2462
46.9472
44.6731
42.4219
40.1655
37.9379
35.7493
33.5543
31.3499
29.1744
27.054
24.9653
22.8794
20.7981
18.7408
16.7231
14.714
12.691
10.6962
8.74311
6.79079
4.83515
2.90013
0.970341
100.61
102.42
100.245
103.296
100.618
102.396
100.253
100.22
102.319
100.395
102.415
100.229
102.321
100.409
100.623
102.976
101.292
102.209
100.597
102.981
100.987
101.794
102.673
102.036
102.756
101.687
102.521
102.159
102.06
102.574
100.729
102.759
101.939
102.601
101.019
101.537
102.614
102.359
102.637
101.615
102.602
102.394
102.234
102.474
102.08
102.435
102.291
102.379
101.981
102.124
102.205
100.576
102.599
101.978
102.193
100.551
100.423
102.075
100.13
102.194
100.438
102.081
100.14
100.2
103.431
100.596
102.14
100.208
103.285
100.606
100.616
102.412
100.251
103.255
100.618
102.412
100.254
100.226
102.322
100.407
102.425
100.223
102.332
100.407
100.593
102.854
101.197
102.215
100.588
102.974
100.914
101.671
102.566
102.3
102.881
101.669
102.611
102.271
102.108
102.474
100.884
102.719
101.882
102.548
100.86
101.591
102.619
102.396
102.396
101.581
102.409
102.518
102.384
102.383
101.961
102.562
102.309
102.422
101.959
101.9
102.193
100.549
102.293
102.028
102.181
100.552
100.436
102.079
100.138
102.288
100.436
102.088
100.141
100.205
103.264
100.603
102.126
100.202
103.272
100.604
100.62
102.443
100.256
103.42
100.611
102.461
100.248
100.224
102.336
100.409
102.413
100.214
102.335
100.394
100.589
102.926
101.23
102.236
100.611
102.937
101.312
101.69
102.66
102.117
102.698
101.798
102.685
102.17
102.002
102.535
101.044
102.698
101.939
102.676
100.976
101.54
102.41
102.417
102.462
101.456
102.548
102.386
102.258
102.393
101.973
102.461
102.27
102.411
102.072
101.984
102.177
100.556
102.337
102.082
102.166
100.582
100.439
102.081
100.143
102.147
100.425
102.069
100.132
100.204
103.295
100.606
102.099
100.194
103.448
100.597
102.367
102.586
102.426
102.642
102.398
102.59
102.423
102.512
102.572
103.141
103.372
103.079
102.518
102.576
97.8187
99.1931
97.7277
99.4207
97.8278
99.1936
97.7368
102.466
102.528
102.432
102.547
102.464
102.514
102.435
101.866
102.013
102.345
102.393
102.011
102.346
101.832
97.6787
99.3943
97.7918
99.1197
97.6873
99.3942
97.8007
102.444
102.56
102.539
102.58
102.469
102.553
102.533
102.249
102.224
102.379
102.21
102.238
102.371
102.248
97.8426
99.5201
97.9329
99.289
97.8514
99.5089
97.9421
102.599
102.662
102.609
102.641
102.589
102.645
102.608
102.365
102.467
102.637
102.674
102.47
102.607
102.383
98.1646
100.244
98.074
100.291
98.1748
100.232
98.0831
102.663
102.454
102.558
102.672
102.697
102.453
102.545
102.772
102.67
102.675
102.891
102.732
102.658
102.903
98.0895
100.899
98.1585
100.863
98.096
100.772
98.1627
102.414
102.401
102.397
102.251
102.443
102.398
102.39
102.257
102.462
102.497
102.626
102.412
102.382
102.332
98.4693
101.435
98.3851
101.294
98.4802
101.413
98.3962
102.461
102.487
102.415
102.528
102.461
102.477
102.413
102.613
102.542
102.522
102.403
102.467
102.515
102.725
98.2948
100.546
98.3358
100.528
98.3044
100.544
98.3459
102.396
102.446
102.321
102.5
102.433
102.453
102.309
102.251
102.297
102.346
102.754
102.293
102.31
102.25
98.1372
99.3412
97.9356
100.056
98.1467
99.3391
97.9444
102.294
102.456
102.261
102.45
102.299
102.448
102.263
102.108
102.156
102.234
102.204
102.173
102.244
102.102
97.8081
99.0755
97.6654
99.3884
97.8169
99.0759
97.6742
102.186
102.588
102.347
102.578
102.175
102.582
102.385
101.745
102.003
102.186
102.104
101.809
102.216
101.79
97.7151
99.396
97.7999
99.1721
97.724
99.3965
97.8088
102.405
102.581
102.424
102.653
102.41
102.581
102.435
102.503
102.579
103.003
103.235
102.506
103.003
102.578
97.8269
99.194
97.7358
99.4211
97.8267
99.194
97.7357
102.462
102.508
102.428
102.609
102.462
102.518
102.43
101.933
101.955
102.351
102.428
101.906
101.967
102.355
97.6859
99.394
97.7998
99.119
97.6855
99.3932
97.8
102.42
102.555
102.533
102.438
102.424
102.555
102.538
102.234
102.237
102.449
102.211
102.237
102.235
102.421
97.8503
99.4925
97.9412
99.283
97.8501
99.4931
97.9412
102.59
102.639
102.609
102.677
102.591
102.642
102.608
102.354
102.476
102.509
102.603
102.35
102.48
102.564
98.1743
100.491
98.0819
100.289
98.1743
100.322
98.0819
102.63
102.451
102.543
102.76
102.625
102.449
102.55
102.8
102.668
102.637
102.61
102.79
102.624
102.648
98.0928
100.828
98.1583
100.844
98.094
101.451
98.1591
102.386
102.416
102.392
102.32
102.39
102.413
102.399
102.197
102.326
102.244
102.362
102.28
102.33
102.248
98.4805
101.402
98.3967
101.336
98.4804
101.687
98.3966
102.438
102.47
102.416
102.43
102.437
102.471
102.413
102.464
102.347
102.574
102.348
102.493
102.401
102.229
98.3033
100.544
98.3454
100.515
98.303
100.543
98.3455
102.361
102.445
102.31
102.695
102.357
102.433
102.31
102.247
102.326
102.2
102.298
102.248
102.325
102.254
98.1458
99.3375
97.9432
100.062
98.1456
99.337
97.9429
102.294
102.449
102.266
102.562
102.297
102.45
102.27
102.196
102.193
102.277
102.291
102.174
102.198
102.285
97.8158
99.0761
97.6731
99.3908
97.8156
99.0759
97.6731
102.171
102.58
102.389
102.813
102.168
102.577
102.381
101.707
101.742
102.24
102.125
101.713
101.788
102.246
97.7229
99.3969
97.8077
99.1718
97.7228
99.3968
97.8077
102.409
102.597
102.44
102.635
102.372
102.593
102.449
102.508
102.579
103
103.304
102.507
103.047
102.577
97.8276
99.1937
97.7365
99.4201
97.8184
99.1933
97.7272
102.462
102.514
102.434
102.557
102.458
102.514
102.454
101.979
101.977
102.368
102.424
101.964
102.006
102.364
97.6861
99.3921
97.8014
99.1185
97.6768
99.3916
97.793
102.431
102.557
102.543
102.488
102.423
102.558
102.543
102.228
102.239
102.396
102.231
102.229
102.241
102.45
97.8511
99.4995
97.9421
99.2888
97.8423
99.4891
97.9329
102.591
102.639
102.607
102.638
102.596
102.639
102.622
102.396
102.459
102.581
102.655
102.383
102.463
102.656
98.1749
100.285
98.0831
100.287
98.1648
100.426
98.074
102.63
102.447
102.557
102.643
102.623
102.448
102.585
102.888
102.545
102.731
102.671
102.898
102.612
103.134
98.0997
100.853
98.1636
101.091
98.0941
101.104
98.1584
102.393
102.414
102.399
102.263
102.405
102.41
102.403
102.19
102.292
102.199
102.502
102.254
102.375
102.209
98.4825
101.423
98.3978
101.411
98.4726
101.499
98.3875
102.439
102.472
102.413
102.489
102.444
102.472
102.428
102.345
102.426
102.687
102.46
102.342
102.428
102.697
98.3036
100.544
98.3461
100.631
98.2935
100.547
98.3362
102.356
102.436
102.31
102.507
102.354
102.432
102.325
102.239
102.326
102.262
102.297
102.238
102.326
102.293
98.1463
99.3383
97.9437
100.114
98.1367
99.34
97.9346
102.299
102.451
102.274
102.446
102.304
102.459
102.276
102.2
102.188
102.301
102.146
102.212
102.182
102.304
97.8166
99.0755
97.6742
99.3891
97.8077
99.0751
97.6655
102.167
102.574
102.371
102.605
102.175
102.575
102.335
101.738
101.749
102.227
102.08
101.722
101.773
102.217
97.7236
99.3963
97.8088
99.1713
97.7144
99.3957
97.7999
101.522
101.621
100.577
100.62
100.588
101.522
101.621
101.834
102.307
102.105
102.372
102.329
101.978
101.866
101.009
100.333
100.937
100.255
100.342
100.927
101.009
102.508
103.321
102.58
103.009
103.034
102.508
102.578
101.522
100.616
101.621
100.588
100.585
101.521
101.621
101.808
102.384
102.344
101.938
102.336
101.955
101.795
101.007
100.251
100.341
100.926
100.339
100.927
101.005
100.526
100.937
99.9063
100.23
100.931
99.9149
100.543
102.235
102.391
102.19
102.323
102.398
102.203
102.258
101.363
100.213
101.624
100.409
100.22
101.592
101.469
101.883
102.407
101.96
102.348
101.987
102.347
101.905
100.514
100.227
100.933
99.9129
100.93
99.9115
100.498
102.253
102.319
102.415
102.219
102.407
102.208
102.279
101.336
100.408
100.218
101.531
100.217
101.556
101.318
102.009
102.026
100.42
100.61
102.018
100.4
101.99
102.418
102.491
102.946
102.967
102.491
102.928
102.416
102.001
100.967
101.608
100.908
100.906
101.731
102.012
102.245
102.208
102.245
102.511
102.244
102.372
102.24
102.025
100.598
101.992
100.367
102.009
100.383
102.022
102.418
103.024
102.49
103.025
102.496
102.983
102.419
102.01
100.803
100.875
101.683
100.905
101.744
102.008
102.233
101.977
102.184
101.761
101.989
102.179
102.215
102.522
102.713
102.486
102.516
102.707
102.422
102.426
102.215
102.038
102.252
102.103
102.052
102.253
102.211
102.371
102.672
102.489
102.508
102.466
102.674
102.341
102.237
101.724
101.988
102.159
101.99
102.173
102.239
102.377
102.64
102.686
102.435
102.694
102.413
102.346
102.215
102.074
102.075
102.251
102.07
102.252
102.217
102.605
102.271
101.382
102.145
102.269
101.228
102.591
102.94
102.726
102.816
102.574
102.663
102.751
103.077
102.88
100.587
102.799
100.621
100.388
102.813
102.854
102.774
102.774
102.772
102.907
102.592
102.653
102.789
102.635
102.1
102.292
101.709
102.28
101.586
102.683
102.935
102.666
102.679
102.714
102.664
102.731
102.934
102.838
100.98
100.796
102.707
100.478
102.763
102.78
102.088
102.158
101.845
101.557
102.184
102.114
102.163
102.144
102.351
102.329
102.583
102.429
102.278
102.425
102.246
101.791
102.209
102.388
102.193
102.211
102.359
102.256
102.516
102.464
102.477
102.413
102.391
102.352
102.096
101.591
102.185
102.084
102.17
102.219
102.135
102.144
102.6
102.288
102.273
102.494
102.273
102.131
102.061
102.398
102.337
102.202
102.434
102.208
101.913
102.336
102.301
102.207
102.255
102.3
102.226
102.331
102.332
102.429
102.371
102.383
102.424
102.368
102.324
102.339
102.473
102.268
102.041
102.471
102.285
102.322
102.549
102.399
102.345
102.57
102.493
102.515
102.476
102.339
102.243
102.298
102.238
102.298
102.236
102.343
102.329
102.387
102.398
102.369
102.473
102.374
102.329
102.343
102.006
102.444
102.29
102.465
102.289
102.348
102.177
102.255
101.126
101.953
102.233
101.059
102.18
102.379
102.56
102.136
102.188
102.426
102.147
102.378
102.153
100.538
101.9
100.562
100.534
101.895
102.132
102.25
102.461
102.335
102.366
102.292
102.323
102.251
102.17
101.901
102.278
100.991
102.283
101.018
102.179
102.378
102.234
102.309
102.146
102.64
102.147
102.373
102.149
100.55
100.491
101.864
100.522
101.887
102.145
101.29
101.64
100.164
100.437
101.609
100.172
101.355
101.724
102.147
101.78
102.082
102.147
101.771
101.705
100.454
99.8557
100.816
100.14
99.8641
100.811
100.491
102.122
102.198
102.189
102.269
102.184
102.256
102.141
101.263
100.436
101.549
100.169
101.574
100.168
101.235
101.745
102.082
102.156
101.734
102.149
101.753
101.753
100.438
100.137
99.8615
100.811
99.8606
100.809
100.422
100.929
100.845
100.285
100.21
100.836
100.294
100.93
102.434
103.104
102.552
103.366
103.064
102.445
102.557
101.437
100.499
101.603
100.607
100.51
101.436
101.603
101.736
102.1
101.81
102.239
101.772
102.229
101.716
100.928
100.206
100.834
100.294
100.836
100.291
100.927
102.428
103.317
102.992
102.559
103.028
102.428
102.559
101.436
100.604
100.509
101.603
100.506
101.435
101.603
101.52
101.62
100.586
100.617
101.521
100.587
101.62
101.782
102.358
101.941
102.416
101.787
102.37
101.933
101.002
100.339
100.925
100.253
101.004
100.339
100.923
102.504
103.228
102.579
102.992
102.999
102.506
102.577
101.52
100.618
101.62
100.586
100.587
101.521
101.619
101.779
102.434
102.348
101.928
102.369
101.96
101.781
101.002
100.254
100.339
100.924
100.339
100.92
101.003
100.494
100.934
99.9105
100.226
100.496
100.935
99.9113
102.312
102.425
102.228
102.328
102.3
102.431
102.235
101.3
100.216
101.515
100.409
101.306
100.214
101.51
101.94
102.429
101.964
102.362
101.972
102.357
101.966
100.509
100.225
100.939
99.9121
100.936
99.9122
100.513
102.342
102.33
102.439
102.241
102.436
102.241
102.357
101.335
100.409
100.215
101.513
100.214
101.511
101.322
102.008
101.981
100.351
100.593
102.017
101.974
100.349
102.418
102.467
103.049
102.872
102.418
102.47
103.041
101.977
100.843
101.412
101.307
101.985
100.807
101.52
102.231
102.21
102.237
102.393
102.237
102.425
102.232
101.998
100.592
101.93
100.342
101.952
100.343
101.981
102.42
102.91
102.435
103.116
102.488
103.068
102.412
101.988
100.645
100.816
101.589
100.849
101.695
101.953
102.237
101.988
102.151
101.676
102.238
101.991
102.151
102.402
102.582
102.568
102.512
102.352
102.549
102.45
102.224
102.093
102.249
102.376
102.221
102.091
102.251
102.375
102.619
102.492
102.571
102.457
102.61
102.378
102.237
101.672
101.988
102.115
101.99
102.134
102.239
102.393
102.484
102.478
102.506
102.483
102.462
102.328
102.229
102.464
102.075
102.254
102.096
102.251
102.237
102.813
102.292
101.192
102.12
102.778
102.294
101.069
102.901
102.676
102.663
102.51
102.908
102.73
102.662
102.769
100.802
102.678
100.703
102.765
100.766
102.683
102.789
102.641
102.616
102.623
102.621
102.649
102.792
102.766
102.049
102.298
101.117
102.301
100.957
102.696
102.885
102.478
102.672
102.671
102.661
102.675
102.881
102.716
100.695
100.891
102.59
100.753
102.645
102.655
102.041
102.184
101.908
101.662
102.083
102.185
102.042
102.176
102.115
102.363
102.44
102.125
102.168
102.274
101.828
102.383
102.201
102.469
101.838
102.561
102.198
102.215
102.363
102.303
102.202
102.318
102.203
102.174
102.013
101.577
102.196
101.953
102.192
102.116
102.043
102.093
102.403
102.044
102.264
102.168
102.262
102.08
101.841
102.474
102.334
102.168
102.49
102.184
101.882
102.353
102.298
102.241
102.365
102.348
102.3
102.246
102.334
102.399
102.38
102.398
102.335
102.384
102.38
102.356
102.434
102.29
101.95
102.353
102.441
102.295
102.492
102.27
102.428
102.415
102.439
102.438
102.337
102.359
102.423
102.305
102.237
102.301
102.247
102.367
102.337
102.504
102.39
102.391
102.393
102.476
102.345
102.356
101.949
102.417
102.298
102.436
102.297
102.357
102.216
102.147
101.016
101.962
102.201
102.298
101
102.362
102.292
102.144
102.184
102.372
102.277
102.145
102.157
100.515
101.853
100.552
102.146
100.496
101.87
102.243
102.286
102.326
102.246
102.325
102.251
102.242
102.238
101.822
102.29
101.044
102.298
101.077
102.238
102.355
102.18
102.271
102.147
102.303
102.147
102.35
102.14
100.553
100.497
101.878
100.51
101.884
102.145
101.249
101.534
100.167
100.438
101.262
101.531
100.168
101.779
102.16
101.727
102.086
101.766
102.163
101.734
100.414
99.8585
100.811
100.14
100.416
99.8572
100.807
102.227
102.286
102.197
102.297
102.199
102.29
102.21
101.297
100.438
101.541
100.167
101.535
100.167
101.243
101.791
102.091
102.17
101.715
102.166
101.731
101.803
100.416
100.142
99.8554
100.807
99.8561
100.806
100.422
100.925
100.835
100.292
100.204
100.925
100.833
100.294
102.426
102.971
102.559
103.253
102.427
102.963
102.561
101.434
100.507
101.603
100.604
101.434
100.508
101.604
101.708
102.104
101.791
102.235
101.744
102.239
101.711
100.925
100.203
100.837
100.294
100.836
100.295
100.927
102.426
103.258
102.971
102.562
102.96
102.428
102.563
101.435
100.604
100.508
101.605
100.508
101.436
101.605
101.523
101.62
100.588
100.618
101.522
100.585
101.621
101.804
102.335
101.986
102.39
101.787
102.331
101.944
101.006
100.342
100.923
100.255
101.004
100.341
100.926
102.512
103.347
102.57
103.148
103.097
102.518
102.574
101.524
100.622
101.623
100.577
100.588
101.524
101.622
101.825
102.373
102.298
102.143
102.322
101.96
101.867
101.007
100.258
100.336
100.937
100.345
100.93
101.007
100.538
100.939
99.9148
100.222
100.521
100.937
99.9135
102.369
102.44
102.239
102.335
102.373
102.437
102.237
101.365
100.216
101.526
100.407
101.364
100.215
101.554
101.968
102.421
102.041
102.367
102.029
102.364
101.972
100.548
100.224
100.944
99.9084
100.939
99.9168
100.6
102.354
102.336
102.428
102.217
102.431
102.23
102.381
101.391
100.409
100.21
101.626
100.217
101.593
101.51
101.974
101.927
100.352
100.588
101.972
101.947
100.365
102.405
102.775
103.118
102.928
102.411
102.406
103.061
101.895
100.837
101.281
100.992
101.933
100.78
101.42
102.224
102.234
102.225
102.507
102.238
102.459
102.222
101.963
100.598
101.98
100.401
101.968
100.39
101.947
102.404
103.051
102.434
103.068
102.456
103.046
102.405
101.944
100.917
100.999
101.3
100.835
101.475
102.01
102.248
101.986
102.113
101.73
102.246
101.984
102.142
102.423
102.874
102.505
102.596
102.569
102.327
102.504
102.245
102.076
102.254
102.16
102.244
102.075
102.255
102.391
102.655
102.461
102.476
102.459
102.503
102.382
102.25
101.768
101.964
102.174
101.981
102.163
102.237
102.456
102.582
102.46
102.519
102.534
102.646
102.444
102.247
102.121
102.051
102.256
102.072
102.257
102.246
102.863
102.284
101.298
102.103
102.762
102.27
100.842
102.754
102.8
102.673
102.581
102.88
102.741
102.641
102.624
100.989
102.543
100.769
102.602
100.787
102.565
102.975
102.737
102.67
102.987
102.612
102.797
103.057
102.812
102.001
102.285
101.096
102.277
100.65
102.657
102.923
102.605
102.748
102.669
102.721
102.639
103.152
102.628
100.782
100.773
102.451
100.735
102.541
102.594
102.025
102.214
101.907
101.482
102.052
102.234
102.013
101.999
102.499
102.277
102.355
102.183
102.314
102.286
101.806
102.425
102.167
102.47
101.886
102.614
102.173
102.293
102.49
102.353
102.333
102.38
102.306
102.215
102.042
101.447
102.253
101.895
102.244
102.06
102.098
102.078
102.351
102.282
102.458
102.354
102.283
102.297
101.772
102.386
102.522
102.152
102.683
102.167
101.792
102.376
102.307
102.231
102.254
102.375
102.307
102.235
102.355
102.461
102.388
102.392
102.351
102.396
102.383
102.363
102.414
102.297
101.996
102.361
102.436
102.292
102.362
102.458
102.437
102.723
102.431
102.689
102.338
102.376
102.238
102.308
102.219
102.309
102.23
102.373
102.379
102.392
102.447
102.38
102.489
102.383
102.369
102.365
102.029
102.468
102.268
102.456
102.286
102.351
102.186
102.215
101.071
101.905
102.199
102.215
101.053
102.344
102.333
102.146
102.167
102.347
102.206
102.153
102.147
100.534
101.887
100.556
102.138
100.522
101.913
102.239
102.404
102.308
102.256
102.313
102.328
102.237
102.162
101.956
102.219
101.167
102.23
101.081
102.178
102.342
102.162
102.251
102.148
102.199
102.158
102.336
102.131
100.569
100.573
101.942
100.539
101.932
102.123
101.263
101.56
100.17
100.438
101.268
101.588
100.167
101.812
102.172
101.708
102.08
101.811
102.175
101.738
100.45
99.8576
100.807
100.14
100.428
99.856
100.806
102.185
102.146
102.16
102.298
102.175
102.301
102.231
101.295
100.439
101.656
100.163
101.624
100.17
101.429
101.8
102.077
102.178
101.782
102.177
101.77
101.794
100.465
100.142
99.8502
100.813
99.8591
100.808
100.5
100.929
100.84
100.297
100.201
100.928
100.84
100.295
102.431
102.997
102.561
103.333
102.429
103.022
102.561
101.438
100.511
101.606
100.604
101.437
100.509
101.607
101.763
102.082
101.871
102.169
101.798
102.196
101.795
100.93
100.204
100.847
100.288
100.841
100.298
100.931
102.437
103.385
103.097
102.556
103.05
102.445
102.56
101.437
100.607
100.503
101.609
100.513
101.438
101.608
100.386
100.292
100.336
99.3041
99.453
99.4641
99.2933
100.516
100.655
101.56
100.254
99.2092
99.2043
100.22
102.211
101.464
102.081
99.4134
100.093
100.11
99.4455
100.457
100.581
100.412
99.3371
99.325
99.3319
99.3279
100.314
100.289
100.314
99.2937
99.4613
99.2945
99.4619
100.685
100.501
101.403
100.227
99.2089
100.19
99.1973
102.063
101.402
102.215
99.4557
100.114
99.5149
100.112
100.364
100.586
100.362
99.3291
99.3209
99.3303
99.3228
100.314
100.288
100.317
99.2981
99.4639
99.2984
99.4605
100.448
100.561
101.08
100.303
99.2112
100.219
99.1948
101.82
101.438
102.045
99.4576
100.118
99.5073
100.142
100.376
100.507
100.379
99.3307
99.3263
99.3321
99.3241
102.32
102.385
102.335
102.563
102.586
102.576
102.588
102.442
102.423
102.446
102.581
102.573
102.492
102.592
102.394
102.34
102.339
102.559
102.609
102.568
102.6
102.422
102.444
102.446
102.592
102.487
102.972
102.5
100.171
100.247
100.116
99.1362
99.3458
99.3542
99.127
100.292
100.316
100.319
99.2992
99.464
99.4611
99.299
100.244
100.094
100.091
99.1326
99.3546
99.3515
99.1334
100.916
101.338
101.034
100.187
100.189
100.222
100.136
100.967
100.475
101.315
100.228
99.2107
99.1918
100.195
101.007
100.809
101.029
100.172
100.144
100.184
100.097
102.317
101.332
102.278
99.266
99.4264
99.4336
99.2962
101.377
101.84
101.877
99.4287
100.109
100.102
99.5055
101.36
101.932
102.142
99.2831
99.4243
99.4172
99.3585
100.654
100.547
100.603
99.557
99.6907
99.7018
99.5466
100.553
100.371
100.389
99.3334
99.3263
99.3269
99.334
100.546
100.582
100.585
99.5518
99.701
99.6985
99.5517
102.366
102.182
102.369
102.473
102.385
102.356
102.645
102.223
102.364
102.238
102.328
102.592
102.494
102.593
102.175
102.366
102.367
102.479
102.362
102.367
102.531
102.375
102.244
102.241
102.326
102.596
102.332
102.601
102.34
102.411
102.349
102.572
102.603
102.564
102.605
102.441
102.428
102.443
102.49
102.396
102.46
102.49
102.411
102.352
102.353
102.574
102.64
102.571
102.615
102.432
102.448
102.445
102.499
102.405
102.502
102.478
100.07
100.387
100.086
99.1294
99.3513
99.13
99.3543
100.289
100.313
100.314
99.2933
99.4622
99.4625
99.294
100.702
100.072
100.06
99.1295
99.3538
99.35
99.1298
101.243
101.116
101.038
100.135
100.154
100.07
100.21
100.855
101.712
101.458
100.209
99.2108
99.1967
100.164
101.261
101.202
101.252
100.145
100.139
100.202
100.077
102.014
101.41
102.147
99.3114
99.419
99.3707
99.4215
101.315
101.791
101.981
99.4528
100.097
100.106
99.5051
101.389
102.128
102.529
99.3033
99.4213
99.427
99.3671
100.58
100.544
100.579
99.5472
99.6984
99.5475
99.6988
100.733
100.359
100.369
99.3287
99.322
99.3196
99.329
100.545
100.578
100.578
99.5472
99.6976
99.6984
99.5474
102.364
102.17
102.362
102.414
102.389
102.419
102.365
102.246
102.389
102.25
102.342
102.618
102.346
102.591
102.167
102.36
102.363
102.411
102.493
102.582
102.415
102.389
102.251
102.251
102.401
102.574
102.346
102.597
102.344
102.403
102.346
102.573
102.603
102.571
102.594
102.452
102.442
102.449
102.49
102.843
102.562
102.531
102.392
102.33
102.344
102.545
102.576
102.539
102.578
102.446
102.444
102.447
102.797
102.589
102.533
102.669
100.062
100.241
100.082
99.1312
99.3552
99.1329
99.352
100.288
100.382
100.333
99.3026
99.452
99.4631
99.2916
100.318
100.137
100.099
99.1344
99.3452
99.3534
99.1253
100.836
101.1
100.924
100.121
100.164
100.077
100.232
100.631
101.084
101.57
100.326
99.1947
99.1949
100.272
101.111
100.927
100.996
100.133
100.198
100.246
100.101
101.927
101.428
102.1
99.3088
99.4314
99.3715
99.4278
101.456
101.97
102.024
99.4509
100.108
100.141
99.4657
101.37
102.267
102.197
99.3003
99.4402
99.442
99.3284
100.579
100.546
100.581
99.5515
99.6997
99.5516
99.6968
100.538
100.457
100.407
99.3339
99.3231
99.331
99.325
100.548
100.649
100.598
99.5564
99.6887
99.6998
99.5457
102.357
102.169
102.35
102.362
102.466
102.5
102.451
102.25
102.362
102.25
102.337
102.567
102.36
102.564
102.173
102.339
102.345
102.356
102.451
102.444
102.467
102.352
102.231
102.246
102.347
102.555
102.342
102.554
99.9201
100.047
99.924
99.6217
99.6625
99.6227
99.6659
99.9218
100.097
99.9283
99.5875
99.6643
99.6012
99.6567
99.7715
99.4504
99.7659
99.4431
99.1045
99.4433
99.1051
99.461
99.7641
99.7644
99.4414
99.1011
99.1039
99.4356
100.052
99.9152
99.9247
99.6175
99.6657
99.6668
99.6085
99.9541
100.087
99.9554
99.6102
99.6381
99.6524
99.5938
99.7829
99.5066
99.7801
99.4387
99.0855
99.0987
99.4256
99.5083
99.7746
99.7779
99.4389
99.1043
99.1002
99.4442
100.078
99.9215
99.9484
99.6133
99.6595
99.653
99.6224
99.7644
99.4702
99.7647
99.4261
99.0971
99.4332
99.0889
99.4625
99.7735
99.7714
99.4252
99.0744
99.0878
99.4124
100.108
99.946
99.9365
99.5823
99.638
99.6539
99.5656
)
;

boundaryField
{
    inlet
    {
        type            fixedFluxPressure;
        gradient        nonuniform List<scalar> 
30
(
-0.262737
-0.312314
-0.264608
0.258603
-0.0128714
-0.85161
-0.65914
-0.652856
0.764431
-1.15366
-0.161355
-0.0778077
-0.309421
-2.1623
-0.26875
-0.040883
-0.0499886
-0.4818
-1.72749
0.0127478
-0.948123
-2.03147
0.226237
0.232739
0.0512726
-1.33496
0.211759
0.00260282
-0.598043
0.0413267
)
;
        value           nonuniform List<scalar> 
30
(
102.747
102.776
102.776
102.742
102.746
102.745
102.711
102.704
102.778
102.767
102.746
102.775
102.777
102.738
102.745
102.746
102.713
102.704
102.774
102.768
102.744
102.772
102.777
102.741
102.745
102.744
102.714
102.704
102.775
102.767
)
;
    }
    outlet
    {
        type            fixedValue;
        value           uniform 0;
    }
    lowerWall
    {
        type            fixedFluxPressure;
        gradient        uniform 0;
        value           nonuniform List<scalar> 
752
(
102.747
102.776
102.777
102.742
102.746
102.747
102.713
102.705
102.777
102.769
102.687
102.704
102.71
102.686
102.666
102.646
102.636
102.658
102.684
102.694
102.687
102.674
102.609
102.64
102.657
102.611
102.57
102.581
102.61
102.669
102.652
102.585
102.578
102.625
102.59
102.518
102.51
102.485
102.561
102.624
102.668
102.552
102.494
102.645
102.71
102.273
102.48
102.536
102.452
102.594
103.447
102.381
102.212
102.696
102.734
102.508
102.562
102.465
102.22
102.204
99.4199
99.1193
99.2904
100.291
100.85
101.464
100.605
100.096
99.3877
99.1714
95.6914
95.6958
95.8084
95.9961
96.19
96.1976
96.0567
95.8968
95.7225
95.6892
93.1584
93.173
93.2715
93.3825
93.4719
93.4797
93.3995
93.3044
93.2013
93.1728
90.5688
90.5925
90.6413
90.7254
90.7648
90.7757
90.7105
90.6553
90.6065
90.5703
87.9931
88.017
88.0584
88.102
88.1241
88.1276
88.1011
88.0536
88.0239
87.9993
85.4191
85.4361
85.4495
85.5032
85.4975
85.5001
85.4884
85.4592
85.4467
85.4186
82.8554
82.8895
82.8842
82.9041
82.9151
82.9187
82.9268
82.9083
82.8897
82.852
80.3262
80.3465
80.3518
80.3547
80.3586
80.3649
80.3734
80.3604
80.3457
80.3339
77.8117
77.8181
77.8284
77.8361
77.8476
77.8599
77.8531
77.823
77.8267
77.8184
75.3217
75.3332
75.3261
75.3363
75.3473
75.3577
75.3543
75.3513
75.344
75.3265
72.8475
72.8506
72.866
72.8705
72.8857
72.8941
72.8921
72.8802
72.8539
72.8487
70.4047
70.4218
70.4459
70.4417
70.4347
70.4386
70.4446
70.4295
70.4095
70.4055
67.9853
68.0126
68.03
68.0068
67.9906
67.9867
67.9895
67.9955
67.9878
67.9801
65.5927
65.5976
65.598
65.6013
65.6035
65.5932
65.5799
65.5711
65.5799
65.5807
63.2051
63.2103
63.2133
63.2229
63.2283
63.2243
63.205
63.1955
63.1909
63.1922
60.8374
60.8384
60.8423
60.8431
60.8439
60.8375
60.8345
60.8295
60.8259
60.8297
58.5005
58.4908
58.4833
58.4873
58.4911
58.4924
58.4895
58.487
58.4948
58.4993
56.1554
56.1543
56.1497
56.1538
56.1564
56.1662
56.1737
56.1745
56.17
56.1605
53.8354
53.8247
53.8261
53.842
53.8497
53.855
53.8607
53.8598
53.8588
53.8494
51.5375
51.5208
51.5133
51.5286
51.5421
51.5555
51.5546
51.556
51.5571
51.5521
49.2426
49.2315
49.2201
49.2216
49.2333
49.2433
49.2486
49.2483
49.2462
49.2464
46.946
46.9485
46.9553
46.9644
46.9605
46.9545
46.9504
46.9454
46.9463
46.9473
44.6689
44.6776
44.6925
44.6895
44.6765
44.6694
44.6699
44.6783
44.678
44.6731
42.4241
42.4261
42.4293
42.4245
42.4149
42.4097
42.4134
42.4203
42.4237
42.4223
40.1766
40.189
40.1953
40.1929
40.1868
40.1815
40.1782
40.1715
40.1661
40.1659
37.951
37.962
37.9611
37.9533
37.9461
37.9408
37.9325
37.9294
37.9307
37.938
35.7583
35.7464
35.7258
35.7183
35.7184
35.7151
35.7099
35.7167
35.7324
35.749
33.5542
33.5392
33.522
33.5185
33.5213
33.526
33.534
33.5427
33.5485
33.5545
31.3402
31.3395
31.3461
31.3534
31.3589
31.3654
31.3696
31.3695
31.3622
31.3501
29.1604
29.1646
29.1804
29.1984
29.2091
29.2143
29.2095
29.2003
29.192
29.1741
27.0382
27.0325
27.0326
27.0391
27.0489
27.0656
27.07
27.0712
27.0695
27.0538
24.9526
24.938
24.9268
24.9223
24.9277
24.9417
24.954
24.9671
24.9734
24.9654
22.8741
22.8624
22.8529
22.8536
22.8602
22.8642
22.866
22.8709
22.8771
22.8794
20.7977
20.794
20.7932
20.8011
20.8099
20.8098
20.8023
20.7951
20.7953
20.7981
18.7431
18.748
18.7565
18.7619
18.7575
18.7495
18.7423
18.7387
18.7392
18.7408
16.735
16.74
16.7394
16.7266
16.7043
16.6882
16.6824
16.6953
16.7088
16.7232
14.7309
14.7374
14.7277
14.7042
14.6767
14.6598
14.6597
14.6731
14.6943
14.7142
12.7014
12.7124
12.7153
12.7074
12.69
12.6785
12.6772
12.6823
12.6869
12.6912
10.6941
10.7
10.7097
10.7173
10.7135
10.7063
10.7014
10.7036
10.7011
10.6962
8.73659
8.72805
8.72379
8.72673
8.7293
8.73266
8.73506
8.73874
8.74195
8.74303
6.78465
6.7745
6.76525
6.7659
6.77622
6.78998
6.80029
6.80018
6.79338
6.79101
4.82694
4.82362
4.82489
4.83375
4.85047
4.8717
4.87588
4.8666
4.8502
4.83529
2.89033
2.88894
2.89403
2.90105
2.91007
2.92126
2.92728
2.92542
2.91395
2.90003
0.966221
0.96535
0.964399
0.961636
0.960093
0.963526
0.970927
0.976581
0.975755
0.97043
102.42
100.245
100.61
102.319
100.395
100.22
102.976
101.292
100.623
102.673
102.036
101.794
102.574
100.729
102.06
102.614
102.359
101.537
102.474
102.08
102.234
102.205
100.576
102.124
102.075
100.13
100.423
103.431
100.596
100.2
102.586
102.426
102.367
102.528
102.432
102.466
102.56
102.539
102.444
102.662
102.609
102.599
102.454
102.558
102.663
102.401
102.397
102.414
102.487
102.415
102.461
102.446
102.321
102.396
102.456
102.261
102.294
102.588
102.347
102.186
103.141
102.518
102.572
102.345
101.832
102.013
102.379
102.248
102.224
102.637
102.383
102.467
102.675
102.903
102.67
102.497
102.332
102.462
102.522
102.725
102.542
102.346
102.25
102.297
102.234
102.102
102.156
102.186
101.79
102.003
99.1931
97.7277
97.8187
99.3943
97.7918
97.6787
99.5201
97.9329
97.8426
100.244
98.074
98.1646
100.899
98.1585
98.0895
101.435
98.3851
98.4693
100.546
98.3358
98.2948
99.3412
97.9356
98.1372
99.0755
97.6654
97.8081
99.396
97.7999
97.7151
102.105
101.866
102.307
100.333
101.009
100.937
101.621
101.522
100.577
102.19
102.258
102.391
100.213
101.469
101.624
100.937
100.543
99.9063
102.946
102.416
102.491
100.967
102.012
101.608
102.026
101.99
100.42
102.486
102.426
102.713
102.038
102.211
102.252
101.977
102.215
102.184
102.816
103.077
102.726
100.587
102.854
102.799
102.271
102.591
101.382
102.329
102.425
102.351
101.791
102.359
102.209
102.158
102.163
101.845
102.371
102.324
102.429
102.473
102.322
102.268
102.301
102.331
102.207
102.136
102.378
102.56
100.538
102.132
101.9
102.255
102.18
101.126
101.78
101.705
102.147
99.8557
100.491
100.816
101.64
101.355
100.164
102.552
102.445
103.104
100.499
101.436
101.603
100.845
100.93
100.285
100.386
99.2933
99.453
100.516
100.22
99.2092
102.211
99.4455
100.093
100.457
99.3279
99.325
102.442
102.592
102.573
102.586
102.576
102.32
102.223
102.494
102.592
102.385
102.645
102.366
99.3458
99.127
100.171
100.189
100.136
100.916
99.4264
99.2962
102.317
99.6907
99.5466
100.654
99.9541
99.5938
99.6381
99.0855
99.4256
99.7829
)
;
    }
    upperWall
    {
        type            fixedFluxPressure;
        gradient        uniform 0;
        value           nonuniform List<scalar> 
752
(
102.746
102.776
102.777
102.741
102.745
102.746
102.714
102.704
102.776
102.767
102.686
102.701
102.709
102.687
102.664
102.648
102.632
102.659
102.679
102.695
102.687
102.675
102.608
102.64
102.658
102.611
102.569
102.582
102.607
102.671
102.652
102.583
102.575
102.627
102.59
102.517
102.509
102.485
102.561
102.624
102.635
102.557
102.488
102.638
102.643
102.263
102.489
102.507
102.446
102.605
103.42
102.413
102.236
102.698
102.698
102.462
102.461
102.337
102.147
102.099
99.4201
99.1185
99.2888
100.287
101.091
101.411
100.631
100.114
99.3891
99.1713
95.6917
95.6953
95.8094
95.9977
96.1891
96.1969
96.0553
95.897
95.7227
95.6895
93.1583
93.1729
93.2722
93.3825
93.4715
93.4794
93.3996
93.3049
93.2016
93.1727
90.5687
90.5924
90.6412
90.7248
90.765
90.7756
90.7103
90.6552
90.6064
90.5702
87.9931
88.0169
88.0583
88.1019
88.1241
88.1274
88.101
88.0535
88.0238
87.9995
85.4192
85.436
85.4494
85.5031
85.4969
85.4998
85.4883
85.4591
85.4466
85.4183
82.855
82.8894
82.8841
82.904
82.9148
82.9188
82.9267
82.9081
82.8895
82.8515
80.3264
80.3463
80.3517
80.3546
80.3585
80.3648
80.3733
80.3603
80.3456
80.3341
77.8117
77.818
77.8283
77.836
77.8477
77.8595
77.853
77.8229
77.8265
77.8183
75.3212
75.3326
75.3262
75.3361
75.3474
75.3574
75.3542
75.3512
75.3443
75.3268
72.8474
72.8508
72.8661
72.8705
72.8855
72.894
72.8919
72.8805
72.8543
72.8485
70.4048
70.4221
70.4454
70.4414
70.4346
70.4387
70.4443
70.4292
70.4089
70.4051
67.9855
68.0123
68.0302
68.0066
67.9903
67.9866
67.9893
67.9957
67.9878
67.9802
65.5923
65.5975
65.5979
65.601
65.6035
65.5928
65.58
65.571
65.58
65.5805
63.205
63.2104
63.213
63.223
63.2282
63.2242
63.2053
63.1947
63.1907
63.1918
60.8375
60.8386
60.8421
60.843
60.8434
60.837
60.8344
60.8296
60.8261
60.8294
58.5004
58.4902
58.4832
58.4874
58.4908
58.4923
58.4894
58.4871
58.4948
58.4992
56.1551
56.154
56.1499
56.154
56.1565
56.1664
56.1736
56.1744
56.1699
56.1604
53.8355
53.8248
53.826
53.8417
53.8492
53.8551
53.8604
53.8595
53.8586
53.8495
51.5376
51.5205
51.5132
51.5283
51.5421
51.5554
51.5544
51.5561
51.5572
51.5521
49.2424
49.2312
49.2204
49.2217
49.2335
49.2429
49.2485
49.2484
49.2459
49.2462
46.9459
46.9484
46.9552
46.9643
46.9604
46.9538
46.9505
46.9452
46.9461
46.9472
44.6686
44.6775
44.6927
44.6895
44.6759
44.6693
44.67
44.6781
44.678
44.6731
42.4238
42.4263
42.4294
42.424
42.4147
42.4097
42.4134
42.4204
42.4237
42.4219
40.1766
40.189
40.1951
40.1927
40.1869
40.1816
40.1781
40.1712
40.1656
40.1655
37.9511
37.9621
37.9607
37.9533
37.9461
37.9405
37.9323
37.9291
37.9305
37.9379
35.7583
35.746
35.7253
35.7182
35.7178
35.7148
35.7098
35.7167
35.7327
35.7493
33.5539
33.5385
33.5221
33.5185
33.5212
33.5261
33.5339
33.5425
33.5485
33.5543
31.3401
31.3394
31.3464
31.3534
31.3588
31.3655
31.3695
31.3694
31.3619
31.3499
29.1602
29.1645
29.1804
29.1979
29.209
29.2142
29.2093
29.2003
29.192
29.1744
27.038
27.0323
27.0323
27.0389
27.049
27.0654
27.0699
27.0711
27.0694
27.054
24.9526
24.938
24.9267
24.9223
24.9277
24.9416
24.9539
24.9669
24.9733
24.9653
22.8741
22.8622
22.8528
22.8536
22.8601
22.8641
22.8659
22.8708
22.877
22.8794
20.7974
20.7935
20.7931
20.8012
20.8099
20.8099
20.8023
20.795
20.7951
20.7981
18.743
18.7479
18.7566
18.7619
18.7573
18.7492
18.7421
18.7386
18.7393
18.7408
16.735
16.7401
16.7396
16.7263
16.7039
16.6879
16.6821
16.6952
16.7088
16.7231
14.731
14.7371
14.7272
14.7037
14.6768
14.6599
14.6598
14.6731
14.6941
14.714
12.7011
12.7121
12.7149
12.7075
12.6903
12.6787
12.6772
12.6822
12.6867
12.691
10.6939
10.6999
10.7098
10.7173
10.7133
10.7061
10.7012
10.7034
10.701
10.6962
8.73676
8.72796
8.72361
8.7265
8.72921
8.73257
8.73497
8.73865
8.74194
8.74311
6.78455
6.77422
6.76499
6.7657
6.77655
6.79023
6.8005
6.8001
6.7932
6.79079
4.82659
4.82365
4.82493
4.83397
4.85083
4.87169
4.8756
4.86647
4.8501
4.83515
2.89026
2.88898
2.89397
2.90093
2.90991
2.92094
2.92706
2.92547
2.91413
2.90013
0.966158
0.965247
0.96428
0.961525
0.959835
0.963379
0.970961
0.97674
0.97566
0.970341
100.611
100.248
102.461
100.214
100.394
102.335
100.611
101.312
102.937
101.798
102.17
102.685
101.939
100.976
102.676
101.456
102.386
102.548
102.27
102.072
102.411
102.082
100.582
102.166
100.425
100.132
102.069
100.194
100.597
103.448
102.372
102.449
102.593
102.458
102.454
102.514
102.423
102.543
102.558
102.596
102.622
102.639
102.623
102.585
102.448
102.405
102.403
102.41
102.444
102.428
102.472
102.354
102.325
102.432
102.304
102.276
102.459
102.175
102.335
102.575
102.57
102.518
103.148
102.041
101.972
102.367
102.225
102.222
102.507
102.461
102.382
102.476
102.67
103.057
102.987
102.353
102.215
102.333
102.437
102.338
102.723
102.308
102.237
102.256
102.16
102.231
102.298
101.871
101.795
102.169
97.8184
97.7272
99.1933
97.6768
97.793
99.3916
97.8423
97.9329
99.4891
98.1648
98.074
100.426
98.0941
98.1584
101.104
98.4726
98.3875
101.499
98.2935
98.3362
100.547
98.1367
97.9346
99.34
97.8077
97.6655
99.0751
97.7144
97.7999
99.3957
100.577
101.524
101.623
100.937
101.007
100.336
102.298
101.867
102.143
99.9084
100.6
100.944
101.626
101.51
100.21
102.428
102.381
102.217
100.401
101.947
101.98
101.3
102.01
100.999
102.434
102.405
103.068
102.174
102.237
101.964
102.256
102.246
102.051
102.46
102.444
102.519
101.096
102.657
102.285
102.451
102.594
100.773
102.748
103.152
102.669
101.895
102.098
102.253
102.152
101.792
102.522
102.282
102.297
102.458
102.219
102.373
102.308
102.268
102.351
102.468
102.447
102.369
102.38
101.167
102.178
102.219
101.942
102.123
100.573
102.251
102.336
102.148
100.163
101.429
101.656
100.813
100.5
99.8502
102.178
101.794
101.782
100.288
100.931
100.847
101.609
101.438
100.503
103.097
102.445
102.556
99.452
99.2916
100.382
99.1947
100.272
101.084
100.108
99.4657
101.97
99.3231
99.325
100.457
102.33
102.539
102.576
102.589
102.669
102.444
102.339
102.467
102.451
102.555
102.342
102.231
100.137
99.1253
99.3452
100.927
100.101
100.198
102.267
99.3284
99.4402
100.649
99.5457
99.6887
99.638
99.5656
99.946
99.7735
99.4124
99.0744
)
;
    }
    frontWall
    {
        type            cyclic;
    }
    backWall
    {
        type            cyclic;
    }
}


// ************************************************************************* //
