/*--------------------------------*- C++ -*----------------------------------*\
| =========                 |                                                 |
| \\      /  F ield         | OpenFOAM: The Open Source CFD Toolbox           |
|  \\    /   O peration     | Version:  5.0                                   |
|   \\  /    A nd           | Web:      www.OpenFOAM.org                      |
|    \\/     M anipulation  |                                                 |
\*---------------------------------------------------------------------------*/
FoamFile
{
    version     2.0;
    format      ascii;
    class       volScalarField;
    location    "0.2";
    object      rAU;
}
// * * * * * * * * * * * * * * * * * * * * * * * * * * * * * * * * * * * * * //

dimensions      [-1 3 1 0 0 0 0];

internalField   nonuniform List<scalar> 
4398
(
9.73295e-07
9.7346e-07
9.73553e-07
9.7363e-07
9.02565e-07
5.47658e-08
1.29268e-07
3.9242e-07
3.93663e-07
3.94696e-07
3.9573e-07
3.96762e-07
3.97794e-07
3.98825e-07
3.99856e-07
4.00885e-07
4.01915e-07
4.02943e-07
4.03971e-07
4.04998e-07
4.06024e-07
4.07049e-07
4.08074e-07
4.09098e-07
4.10121e-07
4.11144e-07
4.12166e-07
4.13187e-07
4.14207e-07
4.15227e-07
4.16245e-07
4.17264e-07
4.18281e-07
4.19297e-07
4.20313e-07
4.21327e-07
4.22341e-07
4.23355e-07
4.24367e-07
4.25378e-07
4.2639e-07
4.27399e-07
4.28408e-07
4.29417e-07
4.30424e-07
4.31431e-07
4.32437e-07
4.33442e-07
4.34445e-07
4.36221e-07
9.73287e-07
9.73449e-07
9.73528e-07
9.73554e-07
9.03107e-07
6.90777e-07
1.29269e-07
3.9242e-07
3.93663e-07
3.94696e-07
3.9573e-07
3.96762e-07
3.97794e-07
3.98825e-07
3.99856e-07
4.00885e-07
4.01915e-07
4.02943e-07
4.03971e-07
4.04998e-07
4.06024e-07
4.07049e-07
4.08074e-07
4.09098e-07
4.10121e-07
4.11144e-07
4.12166e-07
4.13187e-07
4.14207e-07
4.15227e-07
4.16245e-07
4.17264e-07
4.18281e-07
4.19297e-07
4.20313e-07
4.21327e-07
4.22341e-07
4.23355e-07
4.24367e-07
4.25378e-07
4.2639e-07
4.27399e-07
4.28408e-07
4.29417e-07
4.30424e-07
4.31431e-07
4.32437e-07
4.33442e-07
4.34445e-07
4.36221e-07
9.73285e-07
9.73431e-07
9.7356e-07
9.7365e-07
9.03174e-07
6.99967e-07
1.29217e-07
3.92419e-07
3.93662e-07
3.94696e-07
3.9573e-07
3.96762e-07
3.97794e-07
3.98825e-07
3.99856e-07
4.00885e-07
4.01915e-07
4.02943e-07
4.03971e-07
4.04998e-07
4.06024e-07
4.07049e-07
4.08074e-07
4.09098e-07
4.10121e-07
4.11144e-07
4.12166e-07
4.13187e-07
4.14207e-07
4.15227e-07
4.16245e-07
4.17264e-07
4.18281e-07
4.19297e-07
4.20313e-07
4.21327e-07
4.22341e-07
4.23355e-07
4.24367e-07
4.25378e-07
4.2639e-07
4.27399e-07
4.28408e-07
4.29417e-07
4.30424e-07
4.31431e-07
4.32437e-07
4.33442e-07
4.34445e-07
4.36221e-07
9.73297e-07
9.7345e-07
9.73552e-07
9.73623e-07
9.03045e-07
6.92963e-07
3.51842e-08
3.92419e-07
3.93662e-07
3.94696e-07
3.9573e-07
3.96762e-07
3.97794e-07
3.98825e-07
3.99856e-07
4.00885e-07
4.01915e-07
4.02943e-07
4.03971e-07
4.04998e-07
4.06024e-07
4.07049e-07
4.08074e-07
4.09098e-07
4.10121e-07
4.11144e-07
4.12166e-07
4.13187e-07
4.14207e-07
4.15227e-07
4.16245e-07
4.17264e-07
4.18281e-07
4.19297e-07
4.20313e-07
4.21327e-07
4.22341e-07
4.23355e-07
4.24367e-07
4.25378e-07
4.2639e-07
4.27399e-07
4.28408e-07
4.29417e-07
4.30424e-07
4.31431e-07
4.32437e-07
4.33442e-07
4.34445e-07
4.36221e-07
9.73295e-07
9.73457e-07
9.73557e-07
9.73633e-07
9.02808e-07
6.98604e-07
4.40887e-08
3.92419e-07
3.93662e-07
3.94696e-07
3.9573e-07
3.96762e-07
3.97794e-07
3.98825e-07
3.99856e-07
4.00885e-07
4.01915e-07
4.02943e-07
4.03971e-07
4.04998e-07
4.06024e-07
4.07049e-07
4.08074e-07
4.09098e-07
4.10121e-07
4.11144e-07
4.12166e-07
4.13187e-07
4.14207e-07
4.15227e-07
4.16245e-07
4.17264e-07
4.18281e-07
4.19297e-07
4.20313e-07
4.21327e-07
4.22341e-07
4.23355e-07
4.24367e-07
4.25378e-07
4.26389e-07
4.27399e-07
4.28408e-07
4.29417e-07
4.30424e-07
4.31431e-07
4.32437e-07
4.33442e-07
4.34445e-07
4.36221e-07
9.73287e-07
9.73457e-07
9.7354e-07
9.73556e-07
9.02567e-07
7.00841e-07
4.78663e-08
3.92417e-07
3.93661e-07
3.94695e-07
3.95729e-07
3.96762e-07
3.97794e-07
3.98825e-07
3.99856e-07
4.00885e-07
4.01915e-07
4.02943e-07
4.03971e-07
4.04998e-07
4.06024e-07
4.07049e-07
4.08074e-07
4.09098e-07
4.10121e-07
4.11144e-07
4.12166e-07
4.13187e-07
4.14207e-07
4.15227e-07
4.16245e-07
4.17264e-07
4.18281e-07
4.19297e-07
4.20313e-07
4.21327e-07
4.22341e-07
4.23355e-07
4.24367e-07
4.25378e-07
4.2639e-07
4.27399e-07
4.28408e-07
4.29417e-07
4.30424e-07
4.31431e-07
4.32437e-07
4.33442e-07
4.34445e-07
4.36221e-07
9.733e-07
9.73428e-07
9.73557e-07
9.73627e-07
9.02811e-07
6.93423e-07
3.88886e-08
3.92418e-07
3.93662e-07
3.94696e-07
3.95729e-07
3.96762e-07
3.97794e-07
3.98825e-07
3.99856e-07
4.00885e-07
4.01915e-07
4.02943e-07
4.03971e-07
4.04998e-07
4.06024e-07
4.07049e-07
4.08074e-07
4.09098e-07
4.10121e-07
4.11144e-07
4.12166e-07
4.13187e-07
4.14207e-07
4.15227e-07
4.16245e-07
4.17264e-07
4.18281e-07
4.19297e-07
4.20313e-07
4.21327e-07
4.22341e-07
4.23355e-07
4.24367e-07
4.25378e-07
4.2639e-07
4.27399e-07
4.28408e-07
4.29417e-07
4.30424e-07
4.31431e-07
4.32437e-07
4.33442e-07
4.34445e-07
4.36221e-07
9.73281e-07
9.73439e-07
9.73552e-07
9.73637e-07
9.02826e-07
6.97901e-07
3.51611e-08
3.92419e-07
3.93662e-07
3.94696e-07
3.9573e-07
3.96762e-07
3.97794e-07
3.98825e-07
3.99856e-07
4.00885e-07
4.01915e-07
4.02943e-07
4.03971e-07
4.04998e-07
4.06024e-07
4.07049e-07
4.08074e-07
4.09098e-07
4.10121e-07
4.11144e-07
4.12166e-07
4.13187e-07
4.14207e-07
4.15227e-07
4.16245e-07
4.17264e-07
4.18281e-07
4.19297e-07
4.20313e-07
4.21327e-07
4.22341e-07
4.23355e-07
4.24367e-07
4.25378e-07
4.2639e-07
4.27399e-07
4.28408e-07
4.29417e-07
4.30424e-07
4.31431e-07
4.32437e-07
4.33442e-07
4.34445e-07
4.36221e-07
9.73264e-07
9.73443e-07
9.73544e-07
9.73591e-07
9.03161e-07
7.00586e-07
1.29269e-07
3.9242e-07
3.93663e-07
3.94696e-07
3.9573e-07
3.96762e-07
3.97794e-07
3.98825e-07
3.99856e-07
4.00885e-07
4.01915e-07
4.02943e-07
4.03971e-07
4.04998e-07
4.06024e-07
4.07049e-07
4.08074e-07
4.09098e-07
4.10121e-07
4.11144e-07
4.12166e-07
4.13187e-07
4.14207e-07
4.15227e-07
4.16245e-07
4.17264e-07
4.18281e-07
4.19297e-07
4.20313e-07
4.21327e-07
4.22341e-07
4.23355e-07
4.24367e-07
4.25378e-07
4.2639e-07
4.27399e-07
4.28408e-07
4.29417e-07
4.30424e-07
4.31431e-07
4.32437e-07
4.33442e-07
4.34445e-07
4.36221e-07
9.73299e-07
9.7346e-07
9.7355e-07
9.73621e-07
9.01708e-07
4.44453e-07
1.29269e-07
3.9242e-07
3.93663e-07
3.94696e-07
3.9573e-07
3.96762e-07
3.97794e-07
3.98825e-07
3.99856e-07
4.00885e-07
4.01915e-07
4.02943e-07
4.03971e-07
4.04998e-07
4.06024e-07
4.07049e-07
4.08074e-07
4.09098e-07
4.10121e-07
4.11144e-07
4.12166e-07
4.13187e-07
4.14207e-07
4.15227e-07
4.16245e-07
4.17264e-07
4.18281e-07
4.19297e-07
4.20313e-07
4.21327e-07
4.22341e-07
4.23355e-07
4.24367e-07
4.25378e-07
4.2639e-07
4.27399e-07
4.28408e-07
4.29417e-07
4.30424e-07
4.31431e-07
4.32437e-07
4.33442e-07
4.34445e-07
4.36221e-07
9.81728e-07
9.81868e-07
9.81917e-07
9.81924e-07
9.31494e-07
8.01956e-08
1.8334e-07
5.04897e-07
5.06386e-07
5.07526e-07
5.08664e-07
5.09801e-07
5.10937e-07
5.1207e-07
5.13202e-07
5.14333e-07
5.15461e-07
5.16589e-07
5.17715e-07
5.18839e-07
5.19961e-07
5.21083e-07
5.22201e-07
5.23319e-07
5.24435e-07
5.25549e-07
5.26662e-07
5.27774e-07
5.28882e-07
5.29991e-07
5.31097e-07
5.32201e-07
5.33304e-07
5.34406e-07
5.35504e-07
5.36603e-07
5.37699e-07
5.38793e-07
5.39886e-07
5.40978e-07
5.42067e-07
5.43155e-07
5.44241e-07
5.45325e-07
5.46409e-07
5.4749e-07
5.48569e-07
5.49647e-07
5.50724e-07
5.53038e-07
9.81706e-07
9.81859e-07
9.81913e-07
9.81944e-07
9.32115e-07
7.63716e-07
1.83344e-07
5.04897e-07
5.06386e-07
5.07526e-07
5.08663e-07
5.09801e-07
5.10936e-07
5.1207e-07
5.13202e-07
5.14333e-07
5.15461e-07
5.16589e-07
5.17715e-07
5.18839e-07
5.19961e-07
5.21083e-07
5.22201e-07
5.23319e-07
5.24435e-07
5.25549e-07
5.26662e-07
5.27774e-07
5.28882e-07
5.29991e-07
5.31097e-07
5.32201e-07
5.33304e-07
5.34406e-07
5.35504e-07
5.36603e-07
5.37699e-07
5.38793e-07
5.39886e-07
5.40978e-07
5.42067e-07
5.43155e-07
5.44241e-07
5.45325e-07
5.46409e-07
5.4749e-07
5.48569e-07
5.49647e-07
5.50724e-07
5.53038e-07
9.81721e-07
9.81866e-07
9.81926e-07
9.8196e-07
9.32326e-07
7.75702e-07
1.83241e-07
5.04895e-07
5.06384e-07
5.07525e-07
5.08663e-07
5.098e-07
5.10936e-07
5.12069e-07
5.13202e-07
5.14333e-07
5.15461e-07
5.16589e-07
5.17715e-07
5.18839e-07
5.19961e-07
5.21083e-07
5.22201e-07
5.23319e-07
5.24435e-07
5.25549e-07
5.26662e-07
5.27774e-07
5.28882e-07
5.29991e-07
5.31097e-07
5.32201e-07
5.33304e-07
5.34405e-07
5.35504e-07
5.36603e-07
5.37699e-07
5.38793e-07
5.39886e-07
5.40978e-07
5.42067e-07
5.43155e-07
5.44241e-07
5.45325e-07
5.46409e-07
5.4749e-07
5.48569e-07
5.49647e-07
5.50724e-07
5.53038e-07
9.81726e-07
9.81871e-07
9.81926e-07
9.81968e-07
9.32506e-07
7.76126e-07
5.18643e-08
5.04893e-07
5.06383e-07
5.07524e-07
5.08663e-07
5.098e-07
5.10936e-07
5.12069e-07
5.13202e-07
5.14333e-07
5.15461e-07
5.16589e-07
5.17715e-07
5.18838e-07
5.19961e-07
5.21083e-07
5.22201e-07
5.23319e-07
5.24436e-07
5.25549e-07
5.26662e-07
5.27774e-07
5.28882e-07
5.29991e-07
5.31097e-07
5.32201e-07
5.33304e-07
5.34406e-07
5.35504e-07
5.36603e-07
5.37699e-07
5.38793e-07
5.39886e-07
5.40978e-07
5.42067e-07
5.43155e-07
5.44241e-07
5.45325e-07
5.46409e-07
5.4749e-07
5.48569e-07
5.49647e-07
5.50724e-07
5.53038e-07
9.81727e-07
9.8187e-07
9.81914e-07
9.81949e-07
9.31653e-07
7.73705e-07
6.55541e-08
5.04895e-07
5.06383e-07
5.07524e-07
5.08662e-07
5.098e-07
5.10936e-07
5.12069e-07
5.13202e-07
5.14333e-07
5.15461e-07
5.16589e-07
5.17715e-07
5.18838e-07
5.19961e-07
5.21083e-07
5.22201e-07
5.23319e-07
5.24435e-07
5.25549e-07
5.26662e-07
5.27774e-07
5.28882e-07
5.29991e-07
5.31097e-07
5.32201e-07
5.33304e-07
5.34406e-07
5.35504e-07
5.36603e-07
5.37699e-07
5.38793e-07
5.39886e-07
5.40978e-07
5.42067e-07
5.43155e-07
5.44241e-07
5.45325e-07
5.46409e-07
5.4749e-07
5.48569e-07
5.49647e-07
5.50724e-07
5.53038e-07
9.81712e-07
9.81869e-07
9.81925e-07
9.81948e-07
9.32041e-07
7.65264e-07
7.03606e-08
5.04887e-07
5.06381e-07
5.07523e-07
5.08662e-07
5.098e-07
5.10936e-07
5.12069e-07
5.13202e-07
5.14333e-07
5.15461e-07
5.16589e-07
5.17715e-07
5.18838e-07
5.19961e-07
5.21083e-07
5.22201e-07
5.23319e-07
5.24435e-07
5.25549e-07
5.26662e-07
5.27774e-07
5.28882e-07
5.29991e-07
5.31097e-07
5.32201e-07
5.33304e-07
5.34406e-07
5.35504e-07
5.36603e-07
5.37699e-07
5.38793e-07
5.39886e-07
5.40978e-07
5.42067e-07
5.43155e-07
5.44241e-07
5.45325e-07
5.46409e-07
5.4749e-07
5.48569e-07
5.49647e-07
5.50724e-07
5.53038e-07
9.81726e-07
9.81859e-07
9.81925e-07
9.81942e-07
9.32374e-07
7.75533e-07
5.77515e-08
5.04892e-07
5.06382e-07
5.07524e-07
5.08662e-07
5.098e-07
5.10936e-07
5.12069e-07
5.13202e-07
5.14333e-07
5.15461e-07
5.16589e-07
5.17715e-07
5.18839e-07
5.19961e-07
5.21083e-07
5.22201e-07
5.23319e-07
5.24435e-07
5.25549e-07
5.26662e-07
5.27774e-07
5.28882e-07
5.29991e-07
5.31097e-07
5.32201e-07
5.33304e-07
5.34406e-07
5.35504e-07
5.36603e-07
5.37699e-07
5.38793e-07
5.39886e-07
5.40978e-07
5.42067e-07
5.43155e-07
5.44241e-07
5.45325e-07
5.46409e-07
5.4749e-07
5.48569e-07
5.49647e-07
5.50724e-07
5.53038e-07
9.81723e-07
9.81865e-07
9.81926e-07
9.81971e-07
9.30903e-07
7.75955e-07
5.17998e-08
5.04894e-07
5.06384e-07
5.07525e-07
5.08663e-07
5.098e-07
5.10936e-07
5.12069e-07
5.13202e-07
5.14333e-07
5.15461e-07
5.16589e-07
5.17715e-07
5.18838e-07
5.19961e-07
5.21083e-07
5.22201e-07
5.23319e-07
5.24435e-07
5.25549e-07
5.26662e-07
5.27774e-07
5.28882e-07
5.29991e-07
5.31097e-07
5.32201e-07
5.33304e-07
5.34406e-07
5.35504e-07
5.36603e-07
5.37699e-07
5.38793e-07
5.39886e-07
5.40978e-07
5.42067e-07
5.43155e-07
5.44241e-07
5.45325e-07
5.46409e-07
5.4749e-07
5.48569e-07
5.49647e-07
5.50724e-07
5.53038e-07
9.81694e-07
9.81846e-07
9.81924e-07
9.81934e-07
9.32374e-07
7.76912e-07
1.83342e-07
5.04897e-07
5.06385e-07
5.07526e-07
5.08663e-07
5.09801e-07
5.10936e-07
5.12069e-07
5.13202e-07
5.14333e-07
5.15461e-07
5.16589e-07
5.17715e-07
5.18838e-07
5.19961e-07
5.21083e-07
5.22201e-07
5.23319e-07
5.24435e-07
5.25549e-07
5.26662e-07
5.27774e-07
5.28882e-07
5.29991e-07
5.31097e-07
5.32201e-07
5.33304e-07
5.34406e-07
5.35504e-07
5.36603e-07
5.37699e-07
5.38793e-07
5.39886e-07
5.40978e-07
5.42067e-07
5.43155e-07
5.44241e-07
5.45325e-07
5.46409e-07
5.4749e-07
5.48569e-07
5.49647e-07
5.50724e-07
5.53038e-07
9.81731e-07
9.81871e-07
9.81937e-07
9.81986e-07
9.3194e-07
5.0634e-07
1.83343e-07
5.04897e-07
5.06386e-07
5.07526e-07
5.08664e-07
5.09801e-07
5.10937e-07
5.1207e-07
5.13202e-07
5.14333e-07
5.15461e-07
5.16589e-07
5.17715e-07
5.18838e-07
5.19961e-07
5.21083e-07
5.22201e-07
5.23319e-07
5.24435e-07
5.25549e-07
5.26662e-07
5.27774e-07
5.28882e-07
5.29991e-07
5.31097e-07
5.32201e-07
5.33304e-07
5.34406e-07
5.35504e-07
5.36603e-07
5.37699e-07
5.38793e-07
5.39886e-07
5.40978e-07
5.42067e-07
5.43155e-07
5.44241e-07
5.45325e-07
5.46409e-07
5.4749e-07
5.48569e-07
5.49647e-07
5.50724e-07
5.53038e-07
9.73298e-07
9.7346e-07
9.73518e-07
9.73552e-07
9.31959e-07
8.01309e-08
1.83345e-07
3.9242e-07
3.93663e-07
3.94696e-07
3.9573e-07
3.96762e-07
3.97794e-07
3.98825e-07
3.99856e-07
4.00885e-07
4.01915e-07
4.02943e-07
4.0397e-07
4.04998e-07
4.06024e-07
4.07049e-07
4.08074e-07
4.09098e-07
4.10121e-07
4.11144e-07
4.12166e-07
4.13187e-07
4.14207e-07
4.15227e-07
4.16245e-07
4.17263e-07
4.1828e-07
4.19297e-07
4.20313e-07
4.21327e-07
4.22341e-07
4.23355e-07
4.24367e-07
4.25378e-07
4.26389e-07
4.27399e-07
4.28408e-07
4.29417e-07
4.30424e-07
4.31431e-07
4.32437e-07
4.33442e-07
4.34445e-07
4.36221e-07
9.73242e-07
9.73444e-07
9.73538e-07
9.73628e-07
9.32231e-07
7.6215e-07
1.83348e-07
3.9242e-07
3.93663e-07
3.94696e-07
3.9573e-07
3.96762e-07
3.97794e-07
3.98825e-07
3.99856e-07
4.00885e-07
4.01915e-07
4.02943e-07
4.0397e-07
4.04998e-07
4.06024e-07
4.07049e-07
4.08074e-07
4.09098e-07
4.10121e-07
4.11144e-07
4.12166e-07
4.13187e-07
4.14207e-07
4.15227e-07
4.16245e-07
4.17263e-07
4.1828e-07
4.19297e-07
4.20313e-07
4.21327e-07
4.22341e-07
4.23355e-07
4.24367e-07
4.25378e-07
4.26389e-07
4.27399e-07
4.28408e-07
4.29417e-07
4.30424e-07
4.31431e-07
4.32437e-07
4.33442e-07
4.34445e-07
4.36221e-07
9.73287e-07
9.73457e-07
9.73549e-07
9.7364e-07
9.32415e-07
7.76589e-07
1.83244e-07
3.92419e-07
3.93662e-07
3.94696e-07
3.9573e-07
3.96762e-07
3.97794e-07
3.98825e-07
3.99856e-07
4.00885e-07
4.01915e-07
4.02943e-07
4.0397e-07
4.04998e-07
4.06024e-07
4.07049e-07
4.08074e-07
4.09098e-07
4.10121e-07
4.11144e-07
4.12166e-07
4.13187e-07
4.14207e-07
4.15227e-07
4.16245e-07
4.17263e-07
4.1828e-07
4.19297e-07
4.20313e-07
4.21327e-07
4.22341e-07
4.23355e-07
4.24367e-07
4.25378e-07
4.26389e-07
4.27399e-07
4.28408e-07
4.29417e-07
4.30424e-07
4.31431e-07
4.32437e-07
4.33442e-07
4.34445e-07
4.36221e-07
9.73299e-07
9.73459e-07
9.73556e-07
9.73616e-07
9.32352e-07
7.76293e-07
5.18587e-08
3.92419e-07
3.93662e-07
3.94696e-07
3.9573e-07
3.96762e-07
3.97794e-07
3.98825e-07
3.99856e-07
4.00885e-07
4.01915e-07
4.02943e-07
4.0397e-07
4.04998e-07
4.06024e-07
4.07049e-07
4.08074e-07
4.09098e-07
4.10121e-07
4.11144e-07
4.12166e-07
4.13187e-07
4.14207e-07
4.15227e-07
4.16245e-07
4.17263e-07
4.1828e-07
4.19297e-07
4.20313e-07
4.21327e-07
4.22341e-07
4.23355e-07
4.24367e-07
4.25378e-07
4.26389e-07
4.27399e-07
4.28408e-07
4.29417e-07
4.30424e-07
4.31431e-07
4.32437e-07
4.33442e-07
4.34445e-07
4.36221e-07
9.73296e-07
9.73454e-07
9.73518e-07
9.73595e-07
9.32104e-07
7.74165e-07
6.50641e-08
3.92419e-07
3.93662e-07
3.94696e-07
3.95729e-07
3.96762e-07
3.97794e-07
3.98825e-07
3.99856e-07
4.00885e-07
4.01915e-07
4.02943e-07
4.0397e-07
4.04998e-07
4.06024e-07
4.07049e-07
4.08074e-07
4.09098e-07
4.10121e-07
4.11144e-07
4.12166e-07
4.13187e-07
4.14207e-07
4.15227e-07
4.16245e-07
4.17263e-07
4.1828e-07
4.19297e-07
4.20313e-07
4.21327e-07
4.22341e-07
4.23355e-07
4.24367e-07
4.25378e-07
4.26389e-07
4.27399e-07
4.28408e-07
4.29417e-07
4.30424e-07
4.31431e-07
4.32437e-07
4.33442e-07
4.34445e-07
4.36221e-07
9.73261e-07
9.73447e-07
9.73551e-07
9.7363e-07
9.32625e-07
7.74607e-07
7.03245e-08
3.92417e-07
3.93661e-07
3.94695e-07
3.95729e-07
3.96762e-07
3.97794e-07
3.98825e-07
3.99856e-07
4.00885e-07
4.01915e-07
4.02943e-07
4.0397e-07
4.04998e-07
4.06024e-07
4.07049e-07
4.08074e-07
4.09098e-07
4.10121e-07
4.11144e-07
4.12166e-07
4.13187e-07
4.14207e-07
4.15227e-07
4.16245e-07
4.17263e-07
4.1828e-07
4.19297e-07
4.20313e-07
4.21327e-07
4.22341e-07
4.23355e-07
4.24367e-07
4.25378e-07
4.26389e-07
4.27399e-07
4.28408e-07
4.29417e-07
4.30424e-07
4.31431e-07
4.32437e-07
4.33442e-07
4.34445e-07
4.36221e-07
9.73296e-07
9.73456e-07
9.73556e-07
9.73628e-07
9.3251e-07
7.73765e-07
5.75867e-08
3.92418e-07
3.93662e-07
3.94696e-07
3.95729e-07
3.96762e-07
3.97794e-07
3.98825e-07
3.99856e-07
4.00885e-07
4.01915e-07
4.02943e-07
4.0397e-07
4.04998e-07
4.06024e-07
4.07049e-07
4.08074e-07
4.09098e-07
4.10121e-07
4.11144e-07
4.12166e-07
4.13187e-07
4.14207e-07
4.15227e-07
4.16245e-07
4.17263e-07
4.1828e-07
4.19297e-07
4.20313e-07
4.21327e-07
4.22341e-07
4.23355e-07
4.24367e-07
4.25378e-07
4.26389e-07
4.27399e-07
4.28408e-07
4.29417e-07
4.30424e-07
4.31431e-07
4.32437e-07
4.33442e-07
4.34445e-07
4.36221e-07
9.73299e-07
9.73455e-07
9.73549e-07
9.73633e-07
9.314e-07
7.76855e-07
5.17994e-08
3.92419e-07
3.93662e-07
3.94696e-07
3.9573e-07
3.96762e-07
3.97794e-07
3.98825e-07
3.99856e-07
4.00885e-07
4.01915e-07
4.02943e-07
4.0397e-07
4.04998e-07
4.06024e-07
4.07049e-07
4.08074e-07
4.09098e-07
4.10121e-07
4.11144e-07
4.12166e-07
4.13187e-07
4.14207e-07
4.15227e-07
4.16245e-07
4.17263e-07
4.1828e-07
4.19297e-07
4.20313e-07
4.21327e-07
4.22341e-07
4.23355e-07
4.24367e-07
4.25378e-07
4.26389e-07
4.27399e-07
4.28408e-07
4.29417e-07
4.30424e-07
4.31431e-07
4.32437e-07
4.33441e-07
4.34445e-07
4.36221e-07
9.73244e-07
9.73411e-07
9.73555e-07
9.73601e-07
9.32747e-07
7.76157e-07
1.83346e-07
3.9242e-07
3.93663e-07
3.94696e-07
3.9573e-07
3.96762e-07
3.97794e-07
3.98825e-07
3.99856e-07
4.00885e-07
4.01915e-07
4.02943e-07
4.0397e-07
4.04998e-07
4.06024e-07
4.07049e-07
4.08074e-07
4.09098e-07
4.10121e-07
4.11144e-07
4.12166e-07
4.13187e-07
4.14207e-07
4.15227e-07
4.16245e-07
4.17263e-07
4.1828e-07
4.19297e-07
4.20313e-07
4.21327e-07
4.22341e-07
4.23355e-07
4.24367e-07
4.25378e-07
4.26389e-07
4.27399e-07
4.28408e-07
4.29417e-07
4.30424e-07
4.31431e-07
4.32437e-07
4.33442e-07
4.34445e-07
4.36221e-07
9.73299e-07
9.73457e-07
9.73547e-07
9.73627e-07
9.32168e-07
5.15428e-07
1.83347e-07
3.9242e-07
3.93663e-07
3.94696e-07
3.9573e-07
3.96762e-07
3.97794e-07
3.98825e-07
3.99856e-07
4.00885e-07
4.01915e-07
4.02943e-07
4.0397e-07
4.04998e-07
4.06024e-07
4.07049e-07
4.08074e-07
4.09098e-07
4.10121e-07
4.11144e-07
4.12166e-07
4.13187e-07
4.14207e-07
4.15227e-07
4.16245e-07
4.17263e-07
4.1828e-07
4.19297e-07
4.20313e-07
4.21327e-07
4.22341e-07
4.23355e-07
4.24367e-07
4.25378e-07
4.26389e-07
4.27399e-07
4.28408e-07
4.29417e-07
4.30424e-07
4.31431e-07
4.32437e-07
4.33442e-07
4.34445e-07
4.36221e-07
3.51425e-08
4.31707e-07
3.51425e-08
8.01319e-08
5.17846e-08
4.99138e-07
5.17851e-08
3.51426e-08
7.00276e-07
3.51586e-08
7.64845e-07
5.17854e-08
7.76663e-07
5.1821e-08
3.52294e-08
7.00303e-07
4.5132e-08
7.756e-07
5.20547e-08
7.75732e-07
6.67405e-08
6.08719e-08
6.92373e-07
3.40368e-07
7.76279e-07
8.88482e-08
7.75441e-07
4.17758e-07
6.1714e-07
7.00812e-07
6.78453e-07
7.7396e-07
6.39644e-07
7.73942e-07
7.11487e-07
6.8761e-07
7.00834e-07
6.4346e-07
7.65385e-07
7.62369e-07
7.68657e-07
6.65323e-07
3.44086e-07
6.9287e-07
6.10979e-08
7.76797e-07
4.21564e-07
7.7618e-07
8.91673e-08
4.50062e-08
7.0091e-07
3.52307e-08
7.7475e-07
6.6716e-08
7.76471e-07
5.20579e-08
3.51584e-08
6.92185e-07
3.51426e-08
7.76536e-07
5.18202e-08
7.63777e-07
5.17854e-08
3.51425e-08
5.42782e-08
3.51425e-08
5.09339e-07
5.17852e-08
7.94526e-08
5.17846e-08
5.17844e-08
4.94956e-07
5.1785e-08
8.01817e-08
5.17844e-08
4.94311e-07
5.17851e-08
5.17853e-08
7.76979e-07
5.18212e-08
7.65295e-07
5.17853e-08
7.76387e-07
5.18211e-08
5.2078e-08
7.74767e-07
6.69415e-08
7.75798e-07
5.20779e-08
7.73625e-07
6.68141e-08
8.89125e-08
7.74358e-07
4.13393e-07
7.76029e-07
8.89038e-08
7.75704e-07
4.11768e-07
6.36235e-07
7.75427e-07
7.08077e-07
7.71318e-07
6.4912e-07
7.76774e-07
6.95827e-07
7.46628e-07
7.65466e-07
6.48968e-07
7.75381e-07
7.51552e-07
7.68292e-07
6.54088e-07
4.16506e-07
7.75929e-07
8.92238e-08
7.74139e-07
4.18425e-07
7.75501e-07
8.92207e-08
6.68302e-08
7.7514e-07
5.2082e-08
7.76762e-07
6.67442e-08
7.7417e-07
5.20816e-08
5.18203e-08
7.6448e-07
5.17853e-08
7.76807e-07
5.18203e-08
7.64709e-07
5.17854e-08
5.1785e-08
7.95055e-08
5.17844e-08
5.09115e-07
5.1785e-08
7.94863e-08
5.17844e-08
5.17845e-08
4.98381e-07
5.17851e-08
5.47412e-08
3.51424e-08
4.35829e-07
3.51424e-08
5.17853e-08
7.76259e-07
5.18208e-08
6.90022e-07
3.51425e-08
7.00453e-07
3.51585e-08
5.20539e-08
7.74364e-07
6.6675e-08
7.00632e-07
3.52288e-08
6.99869e-07
4.50882e-08
8.88197e-08
7.7615e-07
4.13091e-07
6.96035e-07
6.0845e-08
6.9513e-07
3.30551e-07
6.70739e-07
7.76707e-07
7.17968e-07
7.00864e-07
6.58155e-07
6.98887e-07
6.53909e-07
7.53396e-07
7.68636e-07
6.6507e-07
6.99687e-07
6.86889e-07
6.99581e-07
6.50233e-07
4.23308e-07
7.75662e-07
8.91531e-08
6.96333e-07
3.44907e-07
6.97624e-07
6.10754e-08
6.65016e-08
7.74586e-07
5.20582e-08
7.00819e-07
4.49534e-08
7.00511e-07
3.52306e-08
5.182e-08
7.65261e-07
5.17854e-08
7.00679e-07
3.51583e-08
6.91438e-07
3.51425e-08
5.17851e-08
7.94205e-08
5.17845e-08
4.50541e-07
3.51424e-08
5.4255e-08
3.51424e-08
6.88236e-07
9.02606e-07
7.00313e-07
9.31754e-07
7.64166e-07
9.32239e-07
7.7596e-07
5.1715e-08
3.50697e-08
6.23778e-08
7.99879e-08
9.08008e-08
3.50913e-08
5.16631e-08
1.29657e-07
1.29269e-07
1.29658e-07
1.83345e-07
1.84015e-07
1.83347e-07
1.84016e-07
9.03048e-07
9.03047e-07
9.03197e-07
9.32561e-07
9.32072e-07
9.32383e-07
9.32614e-07
2.14785e-07
6.05477e-08
6.98188e-07
7.64126e-07
8.80917e-08
7.73936e-07
1.55413e-07
1.29658e-07
1.29269e-07
1.29658e-07
1.83348e-07
1.84017e-07
1.83346e-07
1.84016e-07
9.03148e-07
9.031e-07
9.03196e-07
9.32634e-07
9.3259e-07
9.32711e-07
9.32647e-07
7.74073e-07
6.91455e-07
7.00737e-07
7.76991e-07
7.66149e-07
7.77093e-07
6.9824e-07
1.29658e-07
3.51612e-08
1.29566e-07
1.83244e-07
1.84016e-07
5.18004e-08
1.83831e-07
9.02784e-07
9.02678e-07
9.02479e-07
9.32643e-07
9.32532e-07
9.32607e-07
9.32114e-07
7.76079e-07
7.00153e-07
6.98415e-07
7.72663e-07
7.75994e-07
7.76216e-07
6.98721e-07
1.29566e-07
3.88212e-08
1.29567e-07
5.1859e-08
1.8383e-07
5.75011e-08
1.83833e-07
9.02856e-07
9.02545e-07
9.02601e-07
9.3211e-07
9.32066e-07
9.32253e-07
9.32363e-07
7.72721e-07
6.97505e-07
6.86866e-07
7.69991e-07
7.72886e-07
7.6841e-07
6.89245e-07
1.29567e-07
4.79633e-08
1.29566e-07
6.5455e-08
1.83833e-07
7.1113e-08
1.83832e-07
9.033e-07
9.03012e-07
9.03138e-07
9.32268e-07
9.32692e-07
9.32303e-07
9.3257e-07
7.75549e-07
7.0071e-07
7.00735e-07
7.76446e-07
7.77549e-07
7.76807e-07
6.965e-07
1.29566e-07
4.42028e-08
1.29566e-07
7.03222e-08
1.83828e-07
6.5574e-08
1.8383e-07
9.02471e-07
9.0282e-07
9.03154e-07
9.32555e-07
9.32363e-07
9.32561e-07
9.32558e-07
7.72414e-07
6.93357e-07
7.00888e-07
7.75776e-07
7.74652e-07
7.76035e-07
6.91677e-07
1.29567e-07
3.51853e-08
1.29566e-07
5.76253e-08
1.83832e-07
5.18635e-08
1.8383e-07
9.02788e-07
9.02947e-07
9.02068e-07
9.31935e-07
9.31767e-07
9.32241e-07
9.32038e-07
7.75381e-07
7.0044e-07
6.87685e-07
7.6861e-07
7.75654e-07
7.69586e-07
7.00004e-07
1.29566e-07
1.29217e-07
1.29658e-07
5.18007e-08
1.83831e-07
1.83244e-07
1.84016e-07
9.03241e-07
9.0315e-07
9.03104e-07
9.32607e-07
9.327e-07
9.32611e-07
9.32254e-07
4.02257e-07
6.89057e-07
7.00091e-07
7.7654e-07
7.6304e-07
7.75661e-07
3.17143e-07
1.29657e-07
1.29269e-07
1.29658e-07
1.83346e-07
1.84016e-07
1.83348e-07
1.84017e-07
7.00301e-07
9.02279e-07
6.90173e-07
9.31971e-07
7.7568e-07
9.32079e-07
7.60391e-07
5.30496e-08
4.13066e-08
1.3543e-07
5.2426e-07
6.09751e-08
1.89506e-07
3.59879e-08
1.29658e-07
1.29268e-07
1.29657e-07
1.83347e-07
1.84016e-07
1.83345e-07
1.84015e-07
7.6171e-07
9.32075e-07
7.76107e-07
9.31517e-07
7.6411e-07
9.32048e-07
7.75674e-07
5.17582e-08
5.16665e-08
9.10924e-08
8.02141e-08
5.17597e-08
9.10825e-08
5.16611e-08
1.8401e-07
1.83343e-07
1.84011e-07
1.8334e-07
1.8401e-07
1.83343e-07
1.84011e-07
9.32267e-07
9.32112e-07
9.32533e-07
9.31838e-07
9.32294e-07
9.32075e-07
9.3253e-07
2.13822e-07
8.83236e-08
7.73569e-07
7.6394e-07
2.1433e-07
8.82346e-08
7.73602e-07
1.84012e-07
1.83342e-07
1.84011e-07
1.83344e-07
1.84012e-07
1.83342e-07
1.84011e-07
9.32014e-07
9.32532e-07
9.32447e-07
9.32138e-07
9.31579e-07
9.32466e-07
9.32412e-07
7.7322e-07
7.63031e-07
7.73544e-07
7.74543e-07
7.73602e-07
7.60282e-07
7.75775e-07
1.84011e-07
5.18001e-08
1.83826e-07
1.83241e-07
1.84011e-07
5.18006e-08
1.83826e-07
9.32413e-07
9.32576e-07
9.32026e-07
9.3236e-07
9.32341e-07
9.32543e-07
9.32115e-07
7.73332e-07
7.76254e-07
7.68764e-07
7.75942e-07
7.74366e-07
7.76678e-07
7.65921e-07
1.83825e-07
5.7623e-08
1.83828e-07
5.18641e-08
1.83825e-07
5.76479e-08
1.83828e-07
9.3201e-07
9.32229e-07
9.32084e-07
9.31499e-07
9.32206e-07
9.32319e-07
9.31971e-07
7.75041e-07
7.76181e-07
7.7461e-07
7.71929e-07
7.75887e-07
7.76001e-07
7.74111e-07
1.83828e-07
7.11296e-08
1.83826e-07
6.52939e-08
1.83828e-07
7.14408e-08
1.83826e-07
9.32359e-07
9.31921e-07
9.32328e-07
9.32162e-07
9.32097e-07
9.32084e-07
9.32289e-07
7.75747e-07
7.74434e-07
7.74076e-07
7.70724e-07
7.7651e-07
7.7479e-07
7.75236e-07
1.83822e-07
6.57429e-08
1.83824e-07
7.05496e-08
1.83823e-07
6.57541e-08
1.83825e-07
9.32019e-07
9.32425e-07
9.3246e-07
9.32285e-07
9.32086e-07
9.32345e-07
9.32509e-07
7.6317e-07
7.70244e-07
7.59809e-07
7.74692e-07
7.666e-07
7.67236e-07
7.65648e-07
1.83827e-07
5.18693e-08
1.83825e-07
5.77066e-08
1.83828e-07
5.18694e-08
1.83825e-07
9.31646e-07
9.32239e-07
9.32266e-07
9.30257e-07
9.3193e-07
9.32286e-07
9.32381e-07
7.75406e-07
7.76504e-07
7.75421e-07
7.76168e-07
7.75532e-07
7.75984e-07
7.75186e-07
1.83826e-07
1.8324e-07
1.84011e-07
5.18011e-08
1.83826e-07
1.83241e-07
1.84011e-07
9.32426e-07
9.32331e-07
9.32344e-07
9.32367e-07
9.32132e-07
9.32233e-07
9.32527e-07
3.93463e-07
7.6177e-07
7.74961e-07
7.7697e-07
3.94433e-07
7.61278e-07
7.75122e-07
1.84011e-07
1.83344e-07
1.84012e-07
1.83342e-07
1.84011e-07
1.83344e-07
1.84012e-07
7.76571e-07
9.32057e-07
7.6023e-07
9.31939e-07
7.76163e-07
9.32223e-07
7.6063e-07
5.3186e-08
6.1384e-08
1.8987e-07
5.04218e-07
5.31771e-08
6.14077e-08
1.89328e-07
1.84011e-07
1.8334e-07
1.8401e-07
1.83343e-07
1.84011e-07
1.8334e-07
1.8401e-07
7.6318e-07
9.32412e-07
7.75414e-07
9.02865e-07
6.89194e-07
9.02973e-07
7.00224e-07
5.17313e-08
5.16667e-08
9.10179e-08
8.00449e-08
5.17505e-08
9.0872e-08
5.16616e-08
1.84015e-07
1.83347e-07
1.84016e-07
1.29268e-07
1.29658e-07
1.29269e-07
1.29658e-07
9.32145e-07
9.32364e-07
9.3253e-07
9.03058e-07
9.03025e-07
9.02785e-07
9.02411e-07
2.14815e-07
8.82916e-08
7.73546e-07
7.62986e-07
2.14728e-07
8.81875e-08
7.73633e-07
1.84017e-07
1.83346e-07
1.84015e-07
1.29269e-07
1.29658e-07
1.29269e-07
1.29658e-07
9.31783e-07
9.32607e-07
9.32594e-07
9.02983e-07
9.02539e-07
9.02931e-07
9.03166e-07
7.7367e-07
7.66789e-07
7.76273e-07
7.76653e-07
7.73664e-07
7.65475e-07
7.75232e-07
1.84015e-07
5.1799e-08
1.83831e-07
1.29218e-07
1.29658e-07
3.51611e-08
1.29566e-07
9.3254e-07
9.32696e-07
9.32428e-07
9.0251e-07
9.03146e-07
9.03164e-07
9.03158e-07
7.74785e-07
7.75569e-07
7.69601e-07
7.76027e-07
7.74137e-07
7.76112e-07
7.69384e-07
1.8383e-07
5.75959e-08
1.83832e-07
3.51841e-08
1.29566e-07
3.89398e-08
1.29567e-07
9.32502e-07
9.32521e-07
9.32128e-07
9.0312e-07
9.0314e-07
9.03079e-07
9.02459e-07
7.75673e-07
7.73129e-07
7.76068e-07
7.76482e-07
7.73756e-07
7.73912e-07
7.76687e-07
1.83832e-07
7.11828e-08
1.83831e-07
4.37596e-08
1.29567e-07
4.84237e-08
1.29567e-07
9.32045e-07
9.32512e-07
9.32554e-07
9.03135e-07
9.01971e-07
9.02957e-07
9.03173e-07
7.76679e-07
7.76126e-07
7.77002e-07
7.72427e-07
7.75632e-07
7.7699e-07
7.77166e-07
1.83829e-07
6.55473e-08
1.8383e-07
4.79279e-08
1.29566e-07
4.41505e-08
1.29566e-07
9.32392e-07
9.32577e-07
9.32693e-07
9.03059e-07
9.03182e-07
9.03114e-07
9.03197e-07
7.70521e-07
7.70564e-07
7.6374e-07
7.74434e-07
7.67863e-07
7.71681e-07
7.64864e-07
1.83832e-07
5.18634e-08
1.8383e-07
3.8868e-08
1.29567e-07
3.51851e-08
1.29566e-07
9.32191e-07
9.32436e-07
9.32423e-07
9.02873e-07
9.03034e-07
9.02941e-07
9.02355e-07
7.75647e-07
7.75687e-07
7.7234e-07
7.77174e-07
7.75283e-07
7.75809e-07
7.72928e-07
1.83831e-07
1.83244e-07
1.84016e-07
3.5161e-08
1.29566e-07
1.29217e-07
1.29658e-07
9.31871e-07
9.32225e-07
9.32576e-07
9.03111e-07
9.01854e-07
9.02136e-07
9.03014e-07
4.0172e-07
7.60999e-07
7.75859e-07
7.76441e-07
3.98331e-07
7.61347e-07
7.76263e-07
1.84015e-07
1.83348e-07
1.84017e-07
1.29269e-07
1.29658e-07
1.29269e-07
1.29658e-07
7.76348e-07
9.32353e-07
7.5781e-07
9.01778e-07
7.00289e-07
9.0295e-07
6.90361e-07
5.30948e-08
6.11995e-08
1.89411e-07
5.23422e-07
5.31492e-08
6.10153e-08
1.89345e-07
1.84016e-07
1.83345e-07
1.84015e-07
1.29269e-07
1.29658e-07
1.29269e-07
1.29658e-07
5.16848e-08
3.50845e-08
3.51425e-08
5.17914e-08
5.17914e-08
3.50845e-08
5.16848e-08
5.32284e-08
1.35022e-07
4.12632e-08
5.13214e-07
1.89383e-07
6.09e-08
3.61144e-08
5.16878e-08
3.51425e-08
3.50906e-08
5.17917e-08
5.17917e-08
5.16991e-08
3.50857e-08
5.17318e-08
8.00712e-08
5.16669e-08
9.10423e-08
9.09327e-08
5.17509e-08
5.16617e-08
5.16842e-08
5.17906e-08
5.16777e-08
5.17845e-08
5.17905e-08
5.16776e-08
5.16842e-08
5.32804e-08
5.06135e-07
1.89407e-07
6.12297e-08
1.8949e-07
6.10639e-08
5.33288e-08
5.16876e-08
5.1791e-08
5.17851e-08
5.16927e-08
5.1791e-08
5.16988e-08
5.16812e-08
5.37315e-08
3.51177e-08
3.51441e-08
5.17918e-08
5.17603e-08
5.17953e-08
3.64535e-08
4.05385e-07
7.00052e-07
6.87216e-07
7.75972e-07
7.75733e-07
7.61935e-07
3.21256e-07
5.72898e-08
3.51464e-08
5.67216e-08
5.18266e-08
5.18005e-08
8.2713e-08
3.88161e-08
2.14434e-07
7.63102e-07
8.82886e-08
7.73965e-07
8.81461e-08
7.73744e-07
2.14633e-07
5.37788e-08
5.17912e-08
5.17801e-08
5.17891e-08
5.17748e-08
5.1795e-08
5.38294e-08
4.02166e-07
7.76319e-07
7.74836e-07
7.63131e-07
7.7543e-07
7.62753e-07
3.98111e-07
5.74165e-08
5.18262e-08
5.17942e-08
8.2875e-08
5.17996e-08
8.2781e-08
5.75573e-08
2.23305e-07
6.78661e-08
3.70016e-08
5.19814e-08
9.84245e-08
5.45693e-08
1.61742e-07
7.76054e-07
7.01019e-07
7.00798e-07
7.77174e-07
7.77361e-07
7.75082e-07
7.00161e-07
4.22174e-07
3.87978e-08
6.64015e-07
6.66085e-08
5.72219e-08
7.45542e-07
3.3408e-07
7.73285e-07
7.75886e-07
7.64396e-07
7.72944e-07
7.66598e-07
7.753e-07
7.73099e-07
2.23026e-07
5.20267e-08
9.86778e-08
5.46763e-08
9.85323e-08
5.46243e-08
2.23016e-07
7.75832e-07
7.76634e-07
7.75504e-07
7.74518e-07
7.76425e-07
7.74209e-07
7.75555e-07
4.19255e-07
6.67762e-08
5.73243e-08
6.90015e-07
5.73142e-08
7.22876e-07
4.20942e-07
7.63751e-07
6.9076e-07
7.28093e-08
8.86535e-08
7.65629e-07
1.05438e-07
6.92665e-07
7.74046e-07
7.00607e-07
6.93646e-07
7.75062e-07
7.7328e-07
7.74105e-07
6.95113e-07
7.74576e-07
1.7823e-07
7.00265e-07
4.29095e-07
2.43549e-07
7.76723e-07
6.98858e-07
7.75318e-07
7.75308e-07
7.76173e-07
7.7265e-07
7.75202e-07
7.75481e-07
7.75169e-07
7.66096e-07
8.87498e-08
7.66003e-07
1.05711e-07
7.65788e-07
1.0558e-07
7.66202e-07
7.72513e-07
7.76073e-07
7.64333e-07
7.73659e-07
7.65538e-07
7.75131e-07
7.71861e-07
7.74508e-07
4.23788e-07
2.42941e-07
7.76104e-07
2.43678e-07
7.76035e-07
7.74016e-07
7.74877e-07
7.00875e-07
6.71e-07
6.84864e-07
7.76611e-07
6.89008e-07
6.98728e-07
7.75508e-07
6.98781e-07
7.00885e-07
7.7607e-07
7.77103e-07
7.7588e-07
6.92889e-07
7.74112e-07
6.68256e-07
6.99249e-07
7.111e-07
7.07009e-07
7.75297e-07
6.98179e-07
7.7555e-07
7.70522e-07
7.75851e-07
7.75153e-07
7.73848e-07
7.73285e-07
7.7611e-07
7.72456e-07
6.53814e-07
7.75461e-07
6.93795e-07
7.74437e-07
6.69814e-07
7.7237e-07
7.77165e-07
7.73904e-07
7.76714e-07
7.72887e-07
7.77135e-07
7.73211e-07
7.76612e-07
7.74549e-07
6.92704e-07
7.21157e-07
7.75842e-07
7.02194e-07
7.75775e-07
7.73219e-07
7.72797e-07
7.00355e-07
6.13997e-07
7.60585e-07
7.77179e-07
7.13147e-07
6.99168e-07
7.70771e-07
7.00847e-07
7.00513e-07
7.74443e-07
7.7694e-07
7.75343e-07
6.80575e-07
7.71054e-07
5.52549e-07
7.0097e-07
7.08894e-07
6.59301e-07
7.77097e-07
6.97928e-07
7.75609e-07
7.72047e-07
7.74412e-07
7.73381e-07
7.76474e-07
7.7481e-07
7.75866e-07
7.71226e-07
7.61894e-07
7.74906e-07
6.70443e-07
7.76428e-07
7.0322e-07
7.7191e-07
7.75745e-07
7.70766e-07
7.76553e-07
7.7257e-07
7.76653e-07
7.73508e-07
7.7606e-07
7.69022e-07
6.78975e-07
6.13198e-07
7.75964e-07
6.49078e-07
7.76347e-07
7.69768e-07
7.74223e-07
7.00337e-07
1.78743e-07
4.32359e-07
7.76654e-07
2.44086e-07
6.98668e-07
7.75862e-07
7.00839e-07
7.00485e-07
7.74478e-07
7.75795e-07
7.76459e-07
6.99952e-07
7.6322e-07
7.27791e-08
6.90957e-07
8.89715e-08
1.05332e-07
7.6652e-07
6.90955e-07
7.70758e-07
7.77461e-07
7.72487e-07
7.61096e-07
7.74939e-07
7.69365e-07
7.6846e-07
7.74061e-07
4.2698e-07
7.7646e-07
2.43684e-07
7.76336e-07
2.43927e-07
7.73567e-07
7.74862e-07
7.76287e-07
7.72821e-07
7.76464e-07
7.73201e-07
7.76239e-07
7.75119e-07
7.64851e-07
8.9072e-08
1.05663e-07
7.65075e-07
1.05475e-07
7.65771e-07
7.66406e-07
4.1404e-07
6.76599e-07
3.88999e-08
6.6293e-08
7.33951e-07
5.73812e-08
3.27739e-07
7.73594e-07
6.94362e-07
6.91028e-07
7.77687e-07
7.7545e-07
7.63965e-07
6.98237e-07
2.30827e-07
3.69584e-08
6.80761e-08
5.19838e-08
5.44957e-08
9.868e-08
1.67997e-07
7.75203e-07
7.70083e-07
7.74829e-07
7.75472e-07
7.7463e-07
7.73281e-07
7.75385e-07
4.09038e-07
6.65217e-08
6.9584e-07
5.76902e-08
7.17061e-07
5.75317e-08
4.03957e-07
7.73336e-07
7.77171e-07
7.76086e-07
7.66512e-07
7.76354e-07
7.66029e-07
7.73911e-07
2.29995e-07
5.20301e-08
5.46252e-08
9.89467e-08
5.45646e-08
9.87508e-08
2.30077e-07
5.73278e-08
5.6508e-08
3.51465e-08
5.18262e-08
8.23963e-08
5.18004e-08
3.88648e-08
2.14994e-07
6.98024e-07
6.06484e-08
7.64096e-07
7.73334e-07
8.825e-08
1.55943e-07
5.36245e-08
3.5144e-08
3.51182e-08
5.17918e-08
5.17952e-08
5.17616e-08
3.6372e-08
3.99052e-07
7.76568e-07
7.63738e-07
7.75167e-07
7.63061e-07
7.75286e-07
3.96478e-07
5.74493e-08
5.18256e-08
8.25745e-08
5.17939e-08
8.24659e-08
5.17999e-08
5.75769e-08
2.14611e-07
7.65397e-07
7.72372e-07
8.84267e-08
7.72969e-07
8.83213e-08
2.14679e-07
5.36813e-08
5.17912e-08
5.17891e-08
5.17822e-08
5.17946e-08
5.17764e-08
5.37515e-08
5.16876e-08
3.50906e-08
3.51425e-08
5.17917e-08
5.16995e-08
5.17917e-08
3.50856e-08
5.17276e-08
6.32342e-08
3.50695e-08
7.9279e-08
9.19788e-08
3.50969e-08
5.16626e-08
5.16848e-08
3.51425e-08
3.50845e-08
5.17914e-08
5.17914e-08
3.50845e-08
5.16848e-08
5.3092e-08
5.16513e-07
6.13184e-08
1.89757e-07
6.11473e-08
1.89622e-07
5.31539e-08
5.16871e-08
5.1791e-08
5.16937e-08
5.17851e-08
5.16983e-08
5.1791e-08
5.16812e-08
5.17485e-08
7.93591e-08
9.22409e-08
5.16664e-08
9.20783e-08
5.17713e-08
5.16612e-08
5.16842e-08
5.17906e-08
5.17845e-08
5.16777e-08
5.17905e-08
5.16777e-08
5.16842e-08
5.16823e-08
5.16771e-08
5.17843e-08
5.17889e-08
5.1677e-08
5.17888e-08
5.16823e-08
5.33496e-08
1.89064e-07
6.13262e-08
4.93081e-07
5.33576e-08
1.89012e-07
6.13545e-08
5.16862e-08
5.1785e-08
5.16927e-08
5.17896e-08
5.1681e-08
5.17895e-08
5.16977e-08
5.17583e-08
8.02158e-08
5.16666e-08
9.11036e-08
9.10448e-08
5.17595e-08
5.16612e-08
5.16824e-08
5.17889e-08
5.16772e-08
5.17843e-08
5.17888e-08
5.16771e-08
5.16824e-08
5.33412e-08
4.91668e-07
1.89224e-07
6.13315e-08
1.89017e-07
6.13747e-08
5.33438e-08
5.16864e-08
5.17896e-08
5.1785e-08
5.16922e-08
5.17895e-08
5.16986e-08
5.16809e-08
5.38486e-08
5.17875e-08
5.17895e-08
5.17899e-08
5.38558e-08
5.17954e-08
5.17936e-08
3.92905e-07
7.74942e-07
7.64349e-07
7.76565e-07
3.96092e-07
7.74863e-07
7.63272e-07
5.76904e-08
5.17941e-08
8.29141e-08
5.18259e-08
5.76337e-08
5.17987e-08
8.28713e-08
2.13646e-07
7.65413e-07
8.83075e-08
7.73619e-07
8.82411e-08
7.72808e-07
2.14291e-07
5.38496e-08
5.17899e-08
5.1787e-08
5.17889e-08
5.17958e-08
5.17942e-08
5.38328e-08
3.91585e-07
7.76839e-07
7.75626e-07
7.6261e-07
7.74775e-07
7.63156e-07
3.9347e-07
5.77102e-08
5.18258e-08
5.17938e-08
8.2906e-08
5.17993e-08
8.28713e-08
5.76726e-08
2.21361e-07
9.87331e-08
5.4718e-08
5.20954e-08
2.22476e-07
9.85997e-08
5.47451e-08
7.74859e-07
7.74646e-07
7.75533e-07
7.73891e-07
7.74354e-07
7.74132e-07
7.73838e-07
4.19538e-07
5.73446e-08
6.86579e-07
6.73425e-08
4.20285e-07
5.73574e-08
6.95025e-07
7.73635e-07
7.75481e-07
7.64479e-07
7.76609e-07
7.63916e-07
7.76403e-07
7.73402e-07
2.209e-07
5.20953e-08
9.87367e-08
5.477e-08
9.86787e-08
5.47742e-08
2.21024e-07
7.75425e-07
7.73319e-07
7.74779e-07
7.74149e-07
7.74195e-07
7.74448e-07
7.76295e-07
4.22792e-07
6.72232e-08
5.7164e-08
6.8277e-07
5.73135e-08
6.97862e-07
4.30199e-07
7.64464e-07
7.65716e-07
1.05773e-07
8.89388e-08
7.66461e-07
7.66814e-07
1.05628e-07
7.71066e-07
7.67736e-07
7.71728e-07
7.7401e-07
7.71942e-07
7.67113e-07
7.714e-07
7.73713e-07
2.42394e-07
7.75207e-07
4.13085e-07
7.74035e-07
2.41913e-07
7.75709e-07
7.73121e-07
7.75983e-07
7.7644e-07
7.69726e-07
7.76801e-07
7.6671e-07
7.73481e-07
7.63107e-07
8.89319e-08
7.65434e-07
1.0575e-07
7.66332e-07
1.05624e-07
7.63725e-07
7.69713e-07
7.74525e-07
7.62128e-07
7.71219e-07
7.64491e-07
7.7079e-07
7.69121e-07
7.74528e-07
4.08624e-07
2.42321e-07
7.75582e-07
2.42035e-07
7.74275e-07
7.74728e-07
7.73562e-07
7.75811e-07
6.75578e-07
6.44818e-07
7.73433e-07
7.75698e-07
6.34222e-07
7.75015e-07
7.76285e-07
7.74405e-07
7.7635e-07
7.75825e-07
7.75932e-07
7.75633e-07
7.73321e-07
7.12155e-07
7.73832e-07
6.83192e-07
7.72014e-07
6.93847e-07
7.74373e-07
7.74502e-07
7.70658e-07
7.7312e-07
7.7471e-07
7.74622e-07
7.73987e-07
7.73789e-07
7.74091e-07
6.44503e-07
7.75986e-07
6.66229e-07
7.74642e-07
6.36341e-07
7.7122e-07
7.74218e-07
7.76798e-07
7.75437e-07
7.75899e-07
7.75975e-07
7.7605e-07
7.7331e-07
7.72423e-07
6.76909e-07
7.08327e-07
7.72724e-07
6.88376e-07
7.73751e-07
7.72099e-07
7.72127e-07
7.75732e-07
6.65585e-07
7.30112e-07
7.73023e-07
7.76358e-07
6.77472e-07
7.75885e-07
7.75683e-07
7.72086e-07
7.65557e-07
7.76004e-07
7.75816e-07
7.72255e-07
7.71943e-07
6.0419e-07
7.75761e-07
6.45988e-07
7.71048e-07
6.16742e-07
7.75921e-07
7.75094e-07
7.74568e-07
7.75398e-07
7.76215e-07
7.75037e-07
7.75711e-07
7.75526e-07
7.72818e-07
7.40614e-07
7.75856e-07
6.68361e-07
7.76864e-07
6.79652e-07
7.73426e-07
7.76258e-07
7.67957e-07
7.76525e-07
7.72746e-07
7.75927e-07
7.72633e-07
7.76672e-07
7.71894e-07
6.52732e-07
6.08729e-07
7.74798e-07
6.16285e-07
7.75538e-07
7.72628e-07
7.74095e-07
7.75868e-07
2.4314e-07
4.1617e-07
7.74298e-07
7.76061e-07
2.42112e-07
7.75511e-07
7.73538e-07
7.7679e-07
7.75851e-07
7.75501e-07
7.72985e-07
7.76202e-07
7.64714e-07
1.05735e-07
7.64364e-07
8.92514e-08
7.65773e-07
1.05618e-07
7.66886e-07
7.62583e-07
7.75278e-07
7.69309e-07
7.68925e-07
7.67206e-07
7.70661e-07
7.654e-07
7.73653e-07
4.14438e-07
7.75651e-07
2.41375e-07
7.7533e-07
2.41349e-07
7.73724e-07
7.75547e-07
7.75783e-07
7.7239e-07
7.75532e-07
7.72528e-07
7.76063e-07
7.75912e-07
7.63207e-07
8.92489e-08
1.05725e-07
7.66069e-07
1.05572e-07
7.66276e-07
7.64093e-07
3.98155e-07
6.86004e-07
5.77845e-08
6.6894e-08
4.00724e-07
6.86822e-07
5.78462e-08
7.7373e-07
7.7541e-07
7.61781e-07
7.75014e-07
7.73474e-07
7.75666e-07
7.5968e-07
2.29572e-07
5.4661e-08
9.90143e-08
5.20989e-08
2.29844e-07
5.46556e-08
9.89177e-08
7.74825e-07
7.76395e-07
7.76235e-07
7.74118e-07
7.75868e-07
7.74745e-07
7.75494e-07
3.9546e-07
6.68602e-08
7.0024e-07
5.78567e-08
6.96338e-07
5.78955e-08
3.96791e-07
7.73419e-07
7.7351e-07
7.76412e-07
7.66504e-07
7.75963e-07
7.59593e-07
7.73813e-07
2.29307e-07
5.20996e-08
5.46474e-08
9.90029e-08
5.4655e-08
9.88392e-08
2.30104e-07
5.76537e-08
8.26185e-08
5.17945e-08
5.1825e-08
5.76451e-08
8.25756e-08
5.17983e-08
2.13894e-07
7.72491e-07
8.84448e-08
7.65023e-07
2.14639e-07
7.72185e-07
8.83716e-08
5.38028e-08
5.1789e-08
5.17893e-08
5.17899e-08
5.37862e-08
5.17938e-08
5.17976e-08
3.9227e-07
7.77147e-07
7.6393e-07
7.75624e-07
7.62316e-07
7.74517e-07
3.95333e-07
5.76698e-08
5.1825e-08
8.26011e-08
5.17936e-08
8.25728e-08
5.17994e-08
5.76067e-08
2.13277e-07
7.64125e-07
7.72962e-07
8.84437e-08
7.72367e-07
8.8353e-08
2.13578e-07
5.38069e-08
5.17899e-08
5.17891e-08
5.17894e-08
5.17939e-08
5.17977e-08
5.38096e-08
5.16862e-08
5.16919e-08
5.1785e-08
5.17896e-08
5.16804e-08
5.16989e-08
5.17895e-08
5.1782e-08
9.22813e-08
5.16661e-08
7.95021e-08
5.1782e-08
9.2286e-08
5.16606e-08
5.16824e-08
5.17843e-08
5.16771e-08
5.17889e-08
5.16771e-08
5.17889e-08
5.16823e-08
5.31836e-08
5.06541e-07
6.1339e-08
1.89557e-07
6.13738e-08
1.89561e-07
5.31819e-08
5.16859e-08
5.17896e-08
5.16932e-08
5.1785e-08
5.16974e-08
5.17896e-08
5.16809e-08
5.17818e-08
7.9494e-08
9.22971e-08
5.16661e-08
9.23203e-08
5.17823e-08
5.16606e-08
5.16825e-08
5.17889e-08
5.17844e-08
5.16772e-08
5.17889e-08
5.16772e-08
5.16824e-08
5.16841e-08
5.16776e-08
5.17844e-08
5.17906e-08
5.16775e-08
5.17905e-08
5.16841e-08
5.32521e-08
1.89377e-07
6.12453e-08
5.07385e-07
5.33119e-08
1.89142e-07
6.10369e-08
5.16873e-08
5.1785e-08
5.16932e-08
5.1791e-08
5.16812e-08
5.1791e-08
5.16982e-08
5.17148e-08
7.99603e-08
3.50698e-08
6.23648e-08
9.0741e-08
3.50913e-08
5.16632e-08
5.16849e-08
5.17916e-08
3.50846e-08
3.51424e-08
5.17915e-08
3.50846e-08
5.1685e-08
5.31941e-08
5.17489e-07
1.35171e-07
4.12164e-08
1.88981e-07
6.08273e-08
3.60882e-08
5.16879e-08
5.17918e-08
3.51424e-08
3.50907e-08
5.17918e-08
5.16992e-08
3.50858e-08
5.37382e-08
5.178e-08
5.17894e-08
5.17912e-08
5.38045e-08
5.17741e-08
5.17945e-08
3.97593e-07
7.75805e-07
7.63535e-07
7.76283e-07
3.94893e-07
7.75844e-07
7.62871e-07
5.7502e-08
5.17947e-08
8.28567e-08
5.18262e-08
5.76299e-08
5.17994e-08
8.27427e-08
2.15095e-07
7.63989e-07
6.05411e-08
6.97879e-07
8.80935e-08
7.73846e-07
1.55983e-07
5.36795e-08
5.1792e-08
3.51176e-08
3.5144e-08
5.17603e-08
5.17956e-08
3.64032e-08
3.99684e-07
7.76493e-07
7.00047e-07
6.89436e-07
7.76262e-07
7.63386e-07
3.15667e-07
5.74016e-08
5.18267e-08
3.51464e-08
5.66937e-08
5.18011e-08
8.26677e-08
3.88944e-08
2.20479e-07
9.86753e-08
5.47606e-08
5.20257e-08
2.20953e-07
9.84708e-08
5.47363e-08
7.76392e-07
7.74773e-07
7.733e-07
7.74065e-07
7.76179e-07
7.74457e-07
7.71945e-07
4.5092e-07
5.69891e-08
6.95838e-07
6.68122e-08
4.37925e-07
5.67383e-08
7.30494e-07
7.7334e-07
7.76913e-07
6.91089e-07
7.00343e-07
7.65074e-07
7.75424e-07
6.97514e-07
2.1986e-07
5.19805e-08
6.78642e-08
3.71205e-08
9.83988e-08
5.47227e-08
1.58802e-07
7.76653e-07
7.74277e-07
6.98749e-07
7.00512e-07
7.7453e-07
7.74053e-07
7.00142e-07
4.72775e-07
6.66707e-08
3.81235e-08
6.53366e-07
5.63675e-08
7.41632e-07
3.91566e-07
7.66419e-07
7.65252e-07
1.05661e-07
8.87509e-08
7.66161e-07
7.64844e-07
1.0544e-07
7.73629e-07
7.62037e-07
7.71785e-07
7.76787e-07
7.69482e-07
7.69542e-07
7.72973e-07
7.7442e-07
2.42861e-07
7.75642e-07
4.15274e-07
7.74585e-07
2.42991e-07
7.76123e-07
7.76237e-07
7.75026e-07
7.00236e-07
7.00757e-07
7.76359e-07
7.74e-07
7.00734e-07
7.65959e-07
8.86475e-08
6.91499e-07
7.27695e-08
7.64292e-07
1.05333e-07
6.92189e-07
7.7715e-07
7.7613e-07
6.99461e-07
6.93074e-07
7.76119e-07
7.73831e-07
7.00852e-07
7.74575e-07
4.168e-07
1.77789e-07
7.00288e-07
2.43097e-07
7.76063e-07
6.98656e-07
7.72478e-07
7.76236e-07
6.83863e-07
7.1e-07
7.71854e-07
7.7593e-07
6.63476e-07
7.72659e-07
7.74961e-07
7.75742e-07
7.76379e-07
7.72802e-07
7.75257e-07
7.76277e-07
7.7634e-07
7.3057e-07
7.74447e-07
7.11031e-07
7.73454e-07
7.33798e-07
7.75017e-07
7.75323e-07
7.7715e-07
7.00574e-07
6.94829e-07
7.75575e-07
7.75573e-07
6.93956e-07
7.73818e-07
7.33019e-07
7.00785e-07
6.57323e-07
7.76329e-07
6.78634e-07
6.97808e-07
7.73453e-07
7.7654e-07
7.00698e-07
7.00884e-07
7.76681e-07
7.77211e-07
6.99475e-07
7.75856e-07
7.09218e-07
6.79359e-07
6.98279e-07
7.34032e-07
7.74243e-07
6.99505e-07
7.71942e-07
7.76024e-07
6.67968e-07
7.52401e-07
7.72477e-07
7.76343e-07
6.85194e-07
7.76054e-07
7.75746e-07
7.73643e-07
7.70607e-07
7.76205e-07
7.72503e-07
7.74646e-07
7.71493e-07
6.12638e-07
7.75978e-07
6.75912e-07
7.71896e-07
6.35457e-07
7.76397e-07
7.7762e-07
7.73183e-07
7.00796e-07
7.00537e-07
7.77264e-07
7.76993e-07
7.01e-07
7.73672e-07
7.5546e-07
6.99944e-07
6.07465e-07
7.76775e-07
6.96892e-07
6.9974e-07
7.7439e-07
7.73191e-07
6.9692e-07
6.99994e-07
7.71935e-07
7.75243e-07
6.89872e-07
7.73097e-07
7.03701e-07
5.57132e-07
7.00572e-07
6.49885e-07
7.77074e-07
6.98972e-07
7.74483e-07
7.75563e-07
2.41482e-07
4.26761e-07
7.73889e-07
7.76013e-07
2.413e-07
7.76465e-07
7.72088e-07
7.75217e-07
7.76177e-07
7.75852e-07
7.73633e-07
7.75375e-07
7.66711e-07
1.05646e-07
7.66901e-07
8.90607e-08
7.65503e-07
1.05431e-07
7.66423e-07
7.74191e-07
7.74482e-07
6.97012e-07
7.00145e-07
7.73283e-07
7.7208e-07
7.00266e-07
7.74086e-07
4.33789e-07
7.00238e-07
1.76259e-07
7.76351e-07
2.40992e-07
6.98504e-07
7.76117e-07
7.75775e-07
6.97332e-07
7.00278e-07
7.75301e-07
7.7598e-07
7.00658e-07
7.64191e-07
8.89518e-08
7.27548e-08
6.92317e-07
1.05308e-07
7.65157e-07
6.91784e-07
3.97692e-07
7.13031e-07
5.78367e-08
6.63157e-08
3.96217e-07
7.28179e-07
5.77678e-08
7.74237e-07
7.76768e-07
7.64057e-07
7.75162e-07
7.74049e-07
7.77182e-07
7.61771e-07
2.30326e-07
5.46267e-08
9.89396e-08
5.20294e-08
2.30243e-07
5.45583e-08
9.86881e-08
7.75725e-07
7.77424e-07
7.00476e-07
6.96339e-07
7.76218e-07
7.74928e-07
6.99943e-07
3.98895e-07
6.61438e-08
6.86847e-07
3.9124e-08
7.44704e-07
5.7684e-08
3.12421e-07
7.74202e-07
7.75641e-07
7.00946e-07
6.90179e-07
7.77584e-07
7.61238e-07
6.9828e-07
2.30463e-07
5.19839e-08
3.6959e-08
6.80397e-08
5.4506e-08
9.85844e-08
1.67812e-07
5.73949e-08
8.25543e-08
5.17944e-08
5.18255e-08
5.75247e-08
8.24452e-08
5.17993e-08
2.14234e-07
7.73612e-07
8.83986e-08
7.63715e-07
2.1413e-07
7.73225e-07
8.82652e-08
5.37476e-08
5.17893e-08
5.17824e-08
5.17912e-08
5.37935e-08
5.17947e-08
5.17764e-08
4.0579e-07
7.76289e-07
6.88541e-07
7.00019e-07
7.61037e-07
7.76388e-07
3.21535e-07
5.72484e-08
5.18262e-08
5.64758e-08
3.51463e-08
8.23621e-08
5.18007e-08
3.87853e-08
2.14082e-07
7.64558e-07
6.98029e-07
6.06256e-08
7.73129e-07
8.82141e-08
1.55041e-07
5.37076e-08
5.1792e-08
3.5144e-08
3.51182e-08
5.17956e-08
5.17618e-08
3.64278e-08
5.16872e-08
5.16921e-08
5.17851e-08
5.1791e-08
5.16807e-08
5.16989e-08
5.1791e-08
5.17486e-08
9.21521e-08
5.16663e-08
7.93407e-08
5.1771e-08
9.20782e-08
5.16611e-08
5.16841e-08
5.17845e-08
5.16776e-08
5.17906e-08
5.16776e-08
5.17905e-08
5.16841e-08
5.30489e-08
5.3389e-07
4.12393e-08
1.35205e-07
6.08187e-08
1.89461e-07
3.59831e-08
5.16876e-08
5.17918e-08
3.50907e-08
3.51424e-08
5.16988e-08
5.17919e-08
3.50857e-08
5.17276e-08
7.92563e-08
6.32053e-08
3.50696e-08
9.19763e-08
3.50969e-08
5.16627e-08
5.16849e-08
5.17916e-08
3.51424e-08
3.50846e-08
5.17915e-08
3.50846e-08
5.1685e-08
3.53114e-08
5.18373e-08
5.20929e-08
5.18834e-08
3.52156e-08
5.1883e-08
3.52157e-08
4.58835e-08
6.50529e-08
6.70261e-08
5.19037e-08
3.52239e-08
5.19014e-08
3.52253e-08
4.76165e-08
7.00703e-08
7.05939e-08
5.19062e-08
3.52266e-08
5.19067e-08
3.52261e-08
3.7395e-08
5.7334e-08
5.51216e-08
5.18888e-08
3.52196e-08
5.18919e-08
3.52181e-08
5.2264e-08
5.18608e-08
5.22792e-08
5.18816e-08
5.18865e-08
5.18872e-08
5.18807e-08
6.80707e-08
6.56546e-08
6.78231e-08
5.19016e-08
5.19073e-08
5.1908e-08
5.19e-08
7.0313e-08
7.0431e-08
7.09768e-08
5.19055e-08
5.19095e-08
5.19093e-08
5.1905e-08
5.53302e-08
5.77504e-08
5.53563e-08
5.18874e-08
5.18976e-08
5.18931e-08
5.18901e-08
5.22249e-08
5.18459e-08
5.21652e-08
5.18826e-08
5.18872e-08
5.18878e-08
5.18821e-08
6.79777e-08
6.48858e-08
6.70759e-08
5.1903e-08
5.19059e-08
5.19082e-08
5.18995e-08
7.03501e-08
6.99955e-08
7.06173e-08
5.19053e-08
5.19109e-08
5.19104e-08
5.19058e-08
5.53577e-08
5.74777e-08
5.52878e-08
5.18882e-08
5.18974e-08
5.18938e-08
5.18914e-08
6.91677e-07
7.6192e-07
7.66632e-07
7.76455e-07
6.99917e-07
7.00053e-07
7.75787e-07
6.96782e-07
7.7647e-07
7.72871e-07
7.75869e-07
6.88817e-07
7.71974e-07
6.9993e-07
7.63648e-07
7.64271e-07
7.65888e-07
7.75471e-07
7.75164e-07
7.75068e-07
7.74947e-07
7.76134e-07
7.72192e-07
7.72066e-07
7.75434e-07
7.76701e-07
7.75423e-07
7.74856e-07
3.73948e-08
5.72299e-08
5.51298e-08
5.18889e-08
3.52196e-08
5.18915e-08
3.52181e-08
5.18461e-08
5.22256e-08
5.21654e-08
5.18827e-08
5.18873e-08
5.18823e-08
5.18879e-08
5.73647e-08
5.52787e-08
5.52063e-08
5.18882e-08
5.18957e-08
5.18924e-08
5.18939e-08
4.79424e-08
7.00499e-08
6.96016e-08
5.19065e-08
3.52266e-08
5.19067e-08
3.52268e-08
6.54028e-08
6.78895e-08
6.73789e-08
5.19045e-08
5.19067e-08
5.19025e-08
5.19085e-08
7.05249e-08
7.04454e-08
6.96541e-08
5.19049e-08
5.19121e-08
5.19073e-08
5.19107e-08
4.58193e-08
6.50359e-08
6.81139e-08
5.19033e-08
3.5224e-08
5.19009e-08
3.52248e-08
7.02195e-08
7.02388e-08
7.07261e-08
5.19045e-08
5.19107e-08
5.19057e-08
5.19096e-08
6.53983e-08
6.7833e-08
6.82911e-08
5.19014e-08
5.19062e-08
5.19012e-08
5.19064e-08
3.53129e-08
5.18399e-08
5.20961e-08
5.18834e-08
3.52156e-08
5.1883e-08
3.52157e-08
5.74754e-08
5.52761e-08
5.51954e-08
5.18882e-08
5.18965e-08
5.18922e-08
5.18937e-08
5.18499e-08
5.22297e-08
5.21695e-08
5.18827e-08
5.18874e-08
5.18823e-08
5.18879e-08
6.96876e-07
7.75993e-07
7.72544e-07
7.72904e-07
6.94834e-07
7.74449e-07
6.86826e-07
6.91356e-07
7.6432e-07
7.65925e-07
7.75994e-07
7.001e-07
6.99813e-07
7.76568e-07
7.76201e-07
7.725e-07
7.72568e-07
7.75634e-07
7.7642e-07
7.76091e-07
7.74419e-07
7.64031e-07
7.65807e-07
7.6497e-07
7.74747e-07
7.76552e-07
7.75068e-07
7.766e-07
7.64322e-07
7.62901e-07
7.63782e-07
7.7517e-07
7.74902e-07
7.75234e-07
7.75858e-07
7.7218e-07
7.75839e-07
7.71032e-07
7.74707e-07
7.75862e-07
7.742e-07
7.75491e-07
7.63706e-07
7.63334e-07
7.63937e-07
7.75454e-07
7.75698e-07
7.75615e-07
7.76192e-07
7.75166e-07
7.71415e-07
7.70739e-07
7.75717e-07
7.76329e-07
7.75555e-07
7.76391e-07
5.53189e-08
5.76398e-08
5.53318e-08
5.18877e-08
5.18981e-08
5.18928e-08
5.1889e-08
5.18609e-08
5.22643e-08
5.22788e-08
5.18817e-08
5.18866e-08
5.18808e-08
5.18873e-08
5.77219e-08
5.53269e-08
5.5338e-08
5.18874e-08
5.1895e-08
5.18929e-08
5.18934e-08
7.07091e-08
7.06964e-08
7.00552e-08
5.1904e-08
5.19111e-08
5.19109e-08
5.19047e-08
6.55871e-08
6.85511e-08
6.8106e-08
5.19027e-08
5.1905e-08
5.19013e-08
5.19098e-08
7.08339e-08
7.04506e-08
6.99006e-08
5.19038e-08
5.19126e-08
5.19051e-08
5.1911e-08
6.7908e-08
6.57844e-08
6.86873e-08
5.19026e-08
5.19058e-08
5.19066e-08
5.19008e-08
7.04906e-08
7.04444e-08
7.10108e-08
5.19056e-08
5.19111e-08
5.19046e-08
5.19105e-08
6.57458e-08
6.80742e-08
6.87929e-08
5.19037e-08
5.19072e-08
5.18998e-08
5.19081e-08
5.22686e-08
5.18662e-08
5.22832e-08
5.18816e-08
5.18866e-08
5.18873e-08
5.18807e-08
5.77894e-08
5.53814e-08
5.53757e-08
5.18877e-08
5.18961e-08
5.18921e-08
5.18931e-08
5.18663e-08
5.22682e-08
5.22832e-08
5.18817e-08
5.18867e-08
5.18809e-08
5.18874e-08
7.72152e-07
7.75871e-07
7.72072e-07
7.71647e-07
7.7613e-07
7.729e-07
7.75619e-07
7.64224e-07
7.63482e-07
7.64353e-07
7.75653e-07
7.76265e-07
7.75198e-07
7.75794e-07
7.76454e-07
7.72034e-07
7.72388e-07
7.7064e-07
7.74508e-07
7.75126e-07
7.69324e-07
7.59951e-07
7.64443e-07
7.63411e-07
7.75887e-07
7.74616e-07
7.76014e-07
7.74263e-07
7.64054e-07
7.63178e-07
7.63966e-07
7.76008e-07
7.74817e-07
7.75329e-07
7.76065e-07
7.71813e-07
7.75997e-07
7.72652e-07
7.73747e-07
7.75903e-07
7.76259e-07
7.74958e-07
7.63031e-07
6.90678e-07
7.62746e-07
7.75334e-07
7.00105e-07
7.00141e-07
7.76179e-07
7.7583e-07
6.96938e-07
7.7241e-07
7.70936e-07
6.93531e-07
7.73621e-07
6.96384e-07
5.5287e-08
5.75197e-08
5.52117e-08
5.18883e-08
5.18983e-08
5.18935e-08
5.18906e-08
5.18373e-08
3.53109e-08
5.20926e-08
5.18835e-08
3.52157e-08
5.18831e-08
3.52158e-08
5.7444e-08
3.7406e-08
5.51303e-08
5.18889e-08
3.52197e-08
5.18931e-08
3.52182e-08
7.0291e-08
7.04079e-08
6.96319e-08
5.19053e-08
5.19118e-08
5.19107e-08
5.19056e-08
6.4617e-08
4.62143e-08
6.69946e-08
5.19042e-08
3.52237e-08
5.19012e-08
3.52259e-08
7.03449e-08
4.7552e-08
6.94356e-08
5.19066e-08
3.52272e-08
5.19073e-08
3.52266e-08
6.79144e-08
6.53306e-08
6.83082e-08
5.19031e-08
5.19059e-08
5.19084e-08
5.19018e-08
6.99877e-08
4.76989e-08
7.04544e-08
5.19063e-08
3.52268e-08
5.19069e-08
3.52263e-08
6.50091e-08
4.59324e-08
6.81218e-08
5.19042e-08
3.52241e-08
5.19011e-08
3.52251e-08
5.22292e-08
5.18498e-08
5.21687e-08
5.18826e-08
5.18872e-08
5.18878e-08
5.18822e-08
5.73005e-08
3.74605e-08
5.52179e-08
5.18892e-08
3.52197e-08
5.18923e-08
3.52183e-08
5.18399e-08
3.53123e-08
5.20956e-08
5.18835e-08
3.52157e-08
5.18831e-08
3.52158e-08
7.71959e-07
7.7597e-07
7.72559e-07
7.72498e-07
7.74459e-07
7.69993e-07
7.7473e-07
7.62735e-07
7.62152e-07
7.64462e-07
7.76081e-07
7.73768e-07
7.75476e-07
7.7547e-07
7.76212e-07
6.96997e-07
7.73106e-07
7.74247e-07
6.99464e-07
7.75725e-07
6.99464e-07
7.61366e-07
6.91636e-07
7.64538e-07
7.76225e-07
7.00068e-07
7.00083e-07
7.76368e-07
5.18276e-08
5.17954e-08
5.18208e-08
5.19184e-08
5.18867e-08
5.19243e-08
5.18808e-08
5.18279e-08
5.17951e-08
5.18217e-08
5.19197e-08
5.18873e-08
5.19249e-08
5.18822e-08
5.18269e-08
5.1796e-08
5.18204e-08
5.19185e-08
5.18865e-08
5.19243e-08
5.18807e-08
5.17944e-08
5.18261e-08
5.18208e-08
5.19186e-08
5.18865e-08
5.18808e-08
5.19245e-08
5.1794e-08
5.18268e-08
5.1822e-08
5.19185e-08
5.18867e-08
5.18809e-08
5.19244e-08
3.51762e-08
5.17961e-08
5.18226e-08
5.19205e-08
3.52127e-08
5.1883e-08
3.52328e-08
3.51789e-08
5.17963e-08
5.18224e-08
5.19206e-08
3.52127e-08
5.1883e-08
3.52328e-08
5.17945e-08
5.18264e-08
5.18217e-08
5.19199e-08
5.18873e-08
5.18822e-08
5.19251e-08
5.17944e-08
5.18268e-08
5.18218e-08
5.19199e-08
5.18874e-08
5.18824e-08
5.1925e-08
5.1826e-08
5.17946e-08
5.18205e-08
5.19198e-08
5.18871e-08
5.1925e-08
5.1882e-08
5.17962e-08
3.51781e-08
5.1821e-08
5.19207e-08
3.52128e-08
5.1883e-08
3.52329e-08
5.17958e-08
3.51763e-08
5.18236e-08
5.19206e-08
3.52128e-08
5.18831e-08
3.52329e-08
)
;

boundaryField
{
    inlet
    {
        type            calculated;
        value           nonuniform List<scalar> 
30
(
9.73295e-07
9.73287e-07
9.73285e-07
9.73297e-07
9.73295e-07
9.73287e-07
9.733e-07
9.73281e-07
9.73264e-07
9.73299e-07
9.81728e-07
9.81706e-07
9.81721e-07
9.81726e-07
9.81727e-07
9.81712e-07
9.81726e-07
9.81723e-07
9.81694e-07
9.81731e-07
9.73298e-07
9.73242e-07
9.73287e-07
9.73299e-07
9.73296e-07
9.73261e-07
9.73296e-07
9.73299e-07
9.73244e-07
9.73299e-07
)
;
    }
    outlet
    {
        type            calculated;
        value           nonuniform List<scalar> 
30
(
4.36221e-07
4.36221e-07
4.36221e-07
4.36221e-07
4.36221e-07
4.36221e-07
4.36221e-07
4.36221e-07
4.36221e-07
4.36221e-07
5.53038e-07
5.53038e-07
5.53038e-07
5.53038e-07
5.53038e-07
5.53038e-07
5.53038e-07
5.53038e-07
5.53038e-07
5.53038e-07
4.36221e-07
4.36221e-07
4.36221e-07
4.36221e-07
4.36221e-07
4.36221e-07
4.36221e-07
4.36221e-07
4.36221e-07
4.36221e-07
)
;
    }
    lowerWall
    {
        type            calculated;
        value           nonuniform List<scalar> 
752
(
9.73295e-07
9.73287e-07
9.73285e-07
9.73297e-07
9.73295e-07
9.73287e-07
9.733e-07
9.73281e-07
9.73264e-07
9.73299e-07
9.7346e-07
9.73449e-07
9.73431e-07
9.7345e-07
9.73457e-07
9.73457e-07
9.73428e-07
9.73439e-07
9.73443e-07
9.7346e-07
9.73553e-07
9.73528e-07
9.7356e-07
9.73552e-07
9.73557e-07
9.7354e-07
9.73557e-07
9.73552e-07
9.73544e-07
9.7355e-07
9.7363e-07
9.73554e-07
9.7365e-07
9.73623e-07
9.73633e-07
9.73556e-07
9.73627e-07
9.73637e-07
9.73591e-07
9.73621e-07
9.02565e-07
9.03107e-07
9.03174e-07
9.03045e-07
9.02808e-07
9.02567e-07
9.02811e-07
9.02826e-07
9.03161e-07
9.01708e-07
5.47658e-08
6.90777e-07
6.99967e-07
6.92963e-07
6.98604e-07
7.00841e-07
6.93423e-07
6.97901e-07
7.00586e-07
4.44453e-07
1.29268e-07
1.29269e-07
1.29217e-07
3.51842e-08
4.40887e-08
4.78663e-08
3.88886e-08
3.51611e-08
1.29269e-07
1.29269e-07
3.9242e-07
3.9242e-07
3.92419e-07
3.92419e-07
3.92419e-07
3.92417e-07
3.92418e-07
3.92419e-07
3.9242e-07
3.9242e-07
3.93663e-07
3.93663e-07
3.93662e-07
3.93662e-07
3.93662e-07
3.93661e-07
3.93662e-07
3.93662e-07
3.93663e-07
3.93663e-07
3.94696e-07
3.94696e-07
3.94696e-07
3.94696e-07
3.94696e-07
3.94695e-07
3.94696e-07
3.94696e-07
3.94696e-07
3.94696e-07
3.9573e-07
3.9573e-07
3.9573e-07
3.9573e-07
3.9573e-07
3.95729e-07
3.95729e-07
3.9573e-07
3.9573e-07
3.9573e-07
3.96762e-07
3.96762e-07
3.96762e-07
3.96762e-07
3.96762e-07
3.96762e-07
3.96762e-07
3.96762e-07
3.96762e-07
3.96762e-07
3.97794e-07
3.97794e-07
3.97794e-07
3.97794e-07
3.97794e-07
3.97794e-07
3.97794e-07
3.97794e-07
3.97794e-07
3.97794e-07
3.98825e-07
3.98825e-07
3.98825e-07
3.98825e-07
3.98825e-07
3.98825e-07
3.98825e-07
3.98825e-07
3.98825e-07
3.98825e-07
3.99856e-07
3.99856e-07
3.99856e-07
3.99856e-07
3.99856e-07
3.99856e-07
3.99856e-07
3.99856e-07
3.99856e-07
3.99856e-07
4.00885e-07
4.00885e-07
4.00885e-07
4.00885e-07
4.00885e-07
4.00885e-07
4.00885e-07
4.00885e-07
4.00885e-07
4.00885e-07
4.01915e-07
4.01915e-07
4.01915e-07
4.01915e-07
4.01915e-07
4.01915e-07
4.01915e-07
4.01915e-07
4.01915e-07
4.01915e-07
4.02943e-07
4.02943e-07
4.02943e-07
4.02943e-07
4.02943e-07
4.02943e-07
4.02943e-07
4.02943e-07
4.02943e-07
4.02943e-07
4.03971e-07
4.03971e-07
4.03971e-07
4.03971e-07
4.03971e-07
4.03971e-07
4.03971e-07
4.03971e-07
4.03971e-07
4.03971e-07
4.04998e-07
4.04998e-07
4.04998e-07
4.04998e-07
4.04998e-07
4.04998e-07
4.04998e-07
4.04998e-07
4.04998e-07
4.04998e-07
4.06024e-07
4.06024e-07
4.06024e-07
4.06024e-07
4.06024e-07
4.06024e-07
4.06024e-07
4.06024e-07
4.06024e-07
4.06024e-07
4.07049e-07
4.07049e-07
4.07049e-07
4.07049e-07
4.07049e-07
4.07049e-07
4.07049e-07
4.07049e-07
4.07049e-07
4.07049e-07
4.08074e-07
4.08074e-07
4.08074e-07
4.08074e-07
4.08074e-07
4.08074e-07
4.08074e-07
4.08074e-07
4.08074e-07
4.08074e-07
4.09098e-07
4.09098e-07
4.09098e-07
4.09098e-07
4.09098e-07
4.09098e-07
4.09098e-07
4.09098e-07
4.09098e-07
4.09098e-07
4.10121e-07
4.10121e-07
4.10121e-07
4.10121e-07
4.10121e-07
4.10121e-07
4.10121e-07
4.10121e-07
4.10121e-07
4.10121e-07
4.11144e-07
4.11144e-07
4.11144e-07
4.11144e-07
4.11144e-07
4.11144e-07
4.11144e-07
4.11144e-07
4.11144e-07
4.11144e-07
4.12166e-07
4.12166e-07
4.12166e-07
4.12166e-07
4.12166e-07
4.12166e-07
4.12166e-07
4.12166e-07
4.12166e-07
4.12166e-07
4.13187e-07
4.13187e-07
4.13187e-07
4.13187e-07
4.13187e-07
4.13187e-07
4.13187e-07
4.13187e-07
4.13187e-07
4.13187e-07
4.14207e-07
4.14207e-07
4.14207e-07
4.14207e-07
4.14207e-07
4.14207e-07
4.14207e-07
4.14207e-07
4.14207e-07
4.14207e-07
4.15227e-07
4.15227e-07
4.15227e-07
4.15227e-07
4.15227e-07
4.15227e-07
4.15227e-07
4.15227e-07
4.15227e-07
4.15227e-07
4.16245e-07
4.16245e-07
4.16245e-07
4.16245e-07
4.16245e-07
4.16245e-07
4.16245e-07
4.16245e-07
4.16245e-07
4.16245e-07
4.17264e-07
4.17264e-07
4.17264e-07
4.17264e-07
4.17264e-07
4.17264e-07
4.17264e-07
4.17264e-07
4.17264e-07
4.17264e-07
4.18281e-07
4.18281e-07
4.18281e-07
4.18281e-07
4.18281e-07
4.18281e-07
4.18281e-07
4.18281e-07
4.18281e-07
4.18281e-07
4.19297e-07
4.19297e-07
4.19297e-07
4.19297e-07
4.19297e-07
4.19297e-07
4.19297e-07
4.19297e-07
4.19297e-07
4.19297e-07
4.20313e-07
4.20313e-07
4.20313e-07
4.20313e-07
4.20313e-07
4.20313e-07
4.20313e-07
4.20313e-07
4.20313e-07
4.20313e-07
4.21327e-07
4.21327e-07
4.21327e-07
4.21327e-07
4.21327e-07
4.21327e-07
4.21327e-07
4.21327e-07
4.21327e-07
4.21327e-07
4.22341e-07
4.22341e-07
4.22341e-07
4.22341e-07
4.22341e-07
4.22341e-07
4.22341e-07
4.22341e-07
4.22341e-07
4.22341e-07
4.23355e-07
4.23355e-07
4.23355e-07
4.23355e-07
4.23355e-07
4.23355e-07
4.23355e-07
4.23355e-07
4.23355e-07
4.23355e-07
4.24367e-07
4.24367e-07
4.24367e-07
4.24367e-07
4.24367e-07
4.24367e-07
4.24367e-07
4.24367e-07
4.24367e-07
4.24367e-07
4.25378e-07
4.25378e-07
4.25378e-07
4.25378e-07
4.25378e-07
4.25378e-07
4.25378e-07
4.25378e-07
4.25378e-07
4.25378e-07
4.2639e-07
4.2639e-07
4.2639e-07
4.2639e-07
4.26389e-07
4.2639e-07
4.2639e-07
4.2639e-07
4.2639e-07
4.2639e-07
4.27399e-07
4.27399e-07
4.27399e-07
4.27399e-07
4.27399e-07
4.27399e-07
4.27399e-07
4.27399e-07
4.27399e-07
4.27399e-07
4.28408e-07
4.28408e-07
4.28408e-07
4.28408e-07
4.28408e-07
4.28408e-07
4.28408e-07
4.28408e-07
4.28408e-07
4.28408e-07
4.29417e-07
4.29417e-07
4.29417e-07
4.29417e-07
4.29417e-07
4.29417e-07
4.29417e-07
4.29417e-07
4.29417e-07
4.29417e-07
4.30424e-07
4.30424e-07
4.30424e-07
4.30424e-07
4.30424e-07
4.30424e-07
4.30424e-07
4.30424e-07
4.30424e-07
4.30424e-07
4.31431e-07
4.31431e-07
4.31431e-07
4.31431e-07
4.31431e-07
4.31431e-07
4.31431e-07
4.31431e-07
4.31431e-07
4.31431e-07
4.32437e-07
4.32437e-07
4.32437e-07
4.32437e-07
4.32437e-07
4.32437e-07
4.32437e-07
4.32437e-07
4.32437e-07
4.32437e-07
4.33442e-07
4.33442e-07
4.33442e-07
4.33442e-07
4.33442e-07
4.33442e-07
4.33442e-07
4.33442e-07
4.33442e-07
4.33442e-07
4.34445e-07
4.34445e-07
4.34445e-07
4.34445e-07
4.34445e-07
4.34445e-07
4.34445e-07
4.34445e-07
4.34445e-07
4.34445e-07
4.36221e-07
4.36221e-07
4.36221e-07
4.36221e-07
4.36221e-07
4.36221e-07
4.36221e-07
4.36221e-07
4.36221e-07
4.36221e-07
4.31707e-07
3.51425e-08
3.51425e-08
7.00276e-07
3.51586e-08
3.51426e-08
7.00303e-07
4.5132e-08
3.52294e-08
6.92373e-07
3.40368e-07
6.08719e-08
7.00812e-07
6.78453e-07
6.1714e-07
7.00834e-07
6.4346e-07
6.8761e-07
6.9287e-07
6.10979e-08
3.44086e-07
7.0091e-07
3.52307e-08
4.50062e-08
6.92185e-07
3.51426e-08
3.51584e-08
5.42782e-08
3.51425e-08
3.51425e-08
9.02606e-07
7.00313e-07
6.88236e-07
9.03047e-07
9.03197e-07
9.03048e-07
9.031e-07
9.03196e-07
9.03148e-07
9.02678e-07
9.02479e-07
9.02784e-07
9.02545e-07
9.02601e-07
9.02856e-07
9.03012e-07
9.03138e-07
9.033e-07
9.0282e-07
9.03154e-07
9.02471e-07
9.02947e-07
9.02068e-07
9.02788e-07
9.0315e-07
9.03104e-07
9.03241e-07
9.02279e-07
6.90173e-07
7.00301e-07
6.23778e-08
3.50913e-08
3.50697e-08
6.98188e-07
1.55413e-07
6.05477e-08
7.00737e-07
6.9824e-07
6.91455e-07
6.98415e-07
6.98721e-07
7.00153e-07
6.86866e-07
6.89245e-07
6.97505e-07
7.00735e-07
6.965e-07
7.0071e-07
7.00888e-07
6.91677e-07
6.93357e-07
6.87685e-07
7.00004e-07
7.0044e-07
7.00091e-07
3.17143e-07
6.89057e-07
1.3543e-07
3.59879e-08
4.13066e-08
1.29269e-07
1.29658e-07
1.29657e-07
1.29269e-07
1.29658e-07
1.29658e-07
3.51612e-08
1.29566e-07
1.29658e-07
3.88212e-08
1.29567e-07
1.29566e-07
4.79633e-08
1.29566e-07
1.29567e-07
4.42028e-08
1.29566e-07
1.29566e-07
3.51853e-08
1.29566e-07
1.29567e-07
1.29217e-07
1.29658e-07
1.29566e-07
1.29269e-07
1.29658e-07
1.29657e-07
1.29268e-07
1.29657e-07
1.29658e-07
4.12632e-08
3.61144e-08
1.35022e-07
3.51425e-08
3.50857e-08
3.50906e-08
3.50845e-08
3.50845e-08
3.51425e-08
6.87216e-07
3.21256e-07
7.00052e-07
3.51464e-08
3.88161e-08
5.67216e-08
3.51177e-08
3.64535e-08
3.51441e-08
7.00798e-07
7.00161e-07
7.01019e-07
3.87978e-08
3.3408e-07
6.64015e-07
6.78661e-08
1.61742e-07
3.70016e-08
6.93646e-07
6.95113e-07
7.00607e-07
1.7823e-07
6.98858e-07
7.00265e-07
6.9076e-07
6.92665e-07
7.28093e-08
7.00885e-07
6.92889e-07
6.98781e-07
6.68256e-07
6.98179e-07
6.99249e-07
7.00875e-07
6.98728e-07
6.71e-07
7.00513e-07
6.80575e-07
7.00847e-07
5.52549e-07
6.97928e-07
7.0097e-07
7.00355e-07
6.99168e-07
6.13997e-07
7.00485e-07
6.99952e-07
7.00839e-07
7.27791e-08
6.90955e-07
6.90957e-07
7.00337e-07
6.98668e-07
1.78743e-07
6.91028e-07
6.98237e-07
6.94362e-07
3.69584e-08
1.67997e-07
6.80761e-08
6.76599e-07
3.27739e-07
3.88999e-08
6.06484e-08
1.55943e-07
6.98024e-07
3.5144e-08
3.6372e-08
3.51182e-08
5.6508e-08
3.88648e-08
3.51465e-08
3.50695e-08
3.50969e-08
6.32342e-08
3.51425e-08
3.50845e-08
3.50845e-08
3.50906e-08
3.50856e-08
3.51425e-08
3.53114e-08
3.52157e-08
3.52156e-08
4.58835e-08
3.52253e-08
3.52239e-08
4.76165e-08
3.52261e-08
3.52266e-08
3.7395e-08
3.52181e-08
3.52196e-08
6.96782e-07
6.9993e-07
6.88817e-07
6.99917e-07
7.00053e-07
6.91677e-07
6.91356e-07
6.99813e-07
7.001e-07
6.94834e-07
6.86826e-07
6.96876e-07
3.52196e-08
3.52181e-08
3.73948e-08
3.52266e-08
3.52268e-08
4.79424e-08
3.5224e-08
3.52248e-08
4.58193e-08
3.52156e-08
3.52157e-08
3.53129e-08
3.51762e-08
3.52328e-08
3.52127e-08
3.52127e-08
3.52328e-08
3.51789e-08
)
;
    }
    upperWall
    {
        type            calculated;
        value           nonuniform List<scalar> 
752
(
9.73298e-07
9.73242e-07
9.73287e-07
9.73299e-07
9.73296e-07
9.73261e-07
9.73296e-07
9.73299e-07
9.73244e-07
9.73299e-07
9.7346e-07
9.73444e-07
9.73457e-07
9.73459e-07
9.73454e-07
9.73447e-07
9.73456e-07
9.73455e-07
9.73411e-07
9.73457e-07
9.73518e-07
9.73538e-07
9.73549e-07
9.73556e-07
9.73518e-07
9.73551e-07
9.73556e-07
9.73549e-07
9.73555e-07
9.73547e-07
9.73552e-07
9.73628e-07
9.7364e-07
9.73616e-07
9.73595e-07
9.7363e-07
9.73628e-07
9.73633e-07
9.73601e-07
9.73627e-07
9.02865e-07
9.03058e-07
9.02983e-07
9.0251e-07
9.0312e-07
9.03135e-07
9.03059e-07
9.02873e-07
9.03111e-07
9.01778e-07
5.47412e-08
6.90022e-07
7.00632e-07
6.96035e-07
7.00864e-07
6.99687e-07
6.96333e-07
7.00819e-07
7.00679e-07
4.50541e-07
1.29268e-07
1.29269e-07
1.29218e-07
3.51841e-08
4.37596e-08
4.79279e-08
3.8868e-08
3.5161e-08
1.29269e-07
1.29269e-07
3.9242e-07
3.9242e-07
3.92419e-07
3.92419e-07
3.92419e-07
3.92417e-07
3.92418e-07
3.92419e-07
3.9242e-07
3.9242e-07
3.93663e-07
3.93663e-07
3.93662e-07
3.93662e-07
3.93662e-07
3.93661e-07
3.93662e-07
3.93662e-07
3.93663e-07
3.93663e-07
3.94696e-07
3.94696e-07
3.94696e-07
3.94696e-07
3.94696e-07
3.94695e-07
3.94696e-07
3.94696e-07
3.94696e-07
3.94696e-07
3.9573e-07
3.9573e-07
3.9573e-07
3.9573e-07
3.95729e-07
3.95729e-07
3.95729e-07
3.9573e-07
3.9573e-07
3.9573e-07
3.96762e-07
3.96762e-07
3.96762e-07
3.96762e-07
3.96762e-07
3.96762e-07
3.96762e-07
3.96762e-07
3.96762e-07
3.96762e-07
3.97794e-07
3.97794e-07
3.97794e-07
3.97794e-07
3.97794e-07
3.97794e-07
3.97794e-07
3.97794e-07
3.97794e-07
3.97794e-07
3.98825e-07
3.98825e-07
3.98825e-07
3.98825e-07
3.98825e-07
3.98825e-07
3.98825e-07
3.98825e-07
3.98825e-07
3.98825e-07
3.99856e-07
3.99856e-07
3.99856e-07
3.99856e-07
3.99856e-07
3.99856e-07
3.99856e-07
3.99856e-07
3.99856e-07
3.99856e-07
4.00885e-07
4.00885e-07
4.00885e-07
4.00885e-07
4.00885e-07
4.00885e-07
4.00885e-07
4.00885e-07
4.00885e-07
4.00885e-07
4.01915e-07
4.01915e-07
4.01915e-07
4.01915e-07
4.01915e-07
4.01915e-07
4.01915e-07
4.01915e-07
4.01915e-07
4.01915e-07
4.02943e-07
4.02943e-07
4.02943e-07
4.02943e-07
4.02943e-07
4.02943e-07
4.02943e-07
4.02943e-07
4.02943e-07
4.02943e-07
4.0397e-07
4.0397e-07
4.0397e-07
4.0397e-07
4.0397e-07
4.0397e-07
4.0397e-07
4.0397e-07
4.0397e-07
4.0397e-07
4.04998e-07
4.04998e-07
4.04998e-07
4.04998e-07
4.04998e-07
4.04998e-07
4.04998e-07
4.04998e-07
4.04998e-07
4.04998e-07
4.06024e-07
4.06024e-07
4.06024e-07
4.06024e-07
4.06024e-07
4.06024e-07
4.06024e-07
4.06024e-07
4.06024e-07
4.06024e-07
4.07049e-07
4.07049e-07
4.07049e-07
4.07049e-07
4.07049e-07
4.07049e-07
4.07049e-07
4.07049e-07
4.07049e-07
4.07049e-07
4.08074e-07
4.08074e-07
4.08074e-07
4.08074e-07
4.08074e-07
4.08074e-07
4.08074e-07
4.08074e-07
4.08074e-07
4.08074e-07
4.09098e-07
4.09098e-07
4.09098e-07
4.09098e-07
4.09098e-07
4.09098e-07
4.09098e-07
4.09098e-07
4.09098e-07
4.09098e-07
4.10121e-07
4.10121e-07
4.10121e-07
4.10121e-07
4.10121e-07
4.10121e-07
4.10121e-07
4.10121e-07
4.10121e-07
4.10121e-07
4.11144e-07
4.11144e-07
4.11144e-07
4.11144e-07
4.11144e-07
4.11144e-07
4.11144e-07
4.11144e-07
4.11144e-07
4.11144e-07
4.12166e-07
4.12166e-07
4.12166e-07
4.12166e-07
4.12166e-07
4.12166e-07
4.12166e-07
4.12166e-07
4.12166e-07
4.12166e-07
4.13187e-07
4.13187e-07
4.13187e-07
4.13187e-07
4.13187e-07
4.13187e-07
4.13187e-07
4.13187e-07
4.13187e-07
4.13187e-07
4.14207e-07
4.14207e-07
4.14207e-07
4.14207e-07
4.14207e-07
4.14207e-07
4.14207e-07
4.14207e-07
4.14207e-07
4.14207e-07
4.15227e-07
4.15227e-07
4.15227e-07
4.15227e-07
4.15227e-07
4.15227e-07
4.15227e-07
4.15227e-07
4.15227e-07
4.15227e-07
4.16245e-07
4.16245e-07
4.16245e-07
4.16245e-07
4.16245e-07
4.16245e-07
4.16245e-07
4.16245e-07
4.16245e-07
4.16245e-07
4.17263e-07
4.17263e-07
4.17263e-07
4.17263e-07
4.17263e-07
4.17263e-07
4.17263e-07
4.17263e-07
4.17263e-07
4.17263e-07
4.1828e-07
4.1828e-07
4.1828e-07
4.1828e-07
4.1828e-07
4.1828e-07
4.1828e-07
4.1828e-07
4.1828e-07
4.1828e-07
4.19297e-07
4.19297e-07
4.19297e-07
4.19297e-07
4.19297e-07
4.19297e-07
4.19297e-07
4.19297e-07
4.19297e-07
4.19297e-07
4.20313e-07
4.20313e-07
4.20313e-07
4.20313e-07
4.20313e-07
4.20313e-07
4.20313e-07
4.20313e-07
4.20313e-07
4.20313e-07
4.21327e-07
4.21327e-07
4.21327e-07
4.21327e-07
4.21327e-07
4.21327e-07
4.21327e-07
4.21327e-07
4.21327e-07
4.21327e-07
4.22341e-07
4.22341e-07
4.22341e-07
4.22341e-07
4.22341e-07
4.22341e-07
4.22341e-07
4.22341e-07
4.22341e-07
4.22341e-07
4.23355e-07
4.23355e-07
4.23355e-07
4.23355e-07
4.23355e-07
4.23355e-07
4.23355e-07
4.23355e-07
4.23355e-07
4.23355e-07
4.24367e-07
4.24367e-07
4.24367e-07
4.24367e-07
4.24367e-07
4.24367e-07
4.24367e-07
4.24367e-07
4.24367e-07
4.24367e-07
4.25378e-07
4.25378e-07
4.25378e-07
4.25378e-07
4.25378e-07
4.25378e-07
4.25378e-07
4.25378e-07
4.25378e-07
4.25378e-07
4.26389e-07
4.26389e-07
4.26389e-07
4.26389e-07
4.26389e-07
4.26389e-07
4.26389e-07
4.26389e-07
4.26389e-07
4.26389e-07
4.27399e-07
4.27399e-07
4.27399e-07
4.27399e-07
4.27399e-07
4.27399e-07
4.27399e-07
4.27399e-07
4.27399e-07
4.27399e-07
4.28408e-07
4.28408e-07
4.28408e-07
4.28408e-07
4.28408e-07
4.28408e-07
4.28408e-07
4.28408e-07
4.28408e-07
4.28408e-07
4.29417e-07
4.29417e-07
4.29417e-07
4.29417e-07
4.29417e-07
4.29417e-07
4.29417e-07
4.29417e-07
4.29417e-07
4.29417e-07
4.30424e-07
4.30424e-07
4.30424e-07
4.30424e-07
4.30424e-07
4.30424e-07
4.30424e-07
4.30424e-07
4.30424e-07
4.30424e-07
4.31431e-07
4.31431e-07
4.31431e-07
4.31431e-07
4.31431e-07
4.31431e-07
4.31431e-07
4.31431e-07
4.31431e-07
4.31431e-07
4.32437e-07
4.32437e-07
4.32437e-07
4.32437e-07
4.32437e-07
4.32437e-07
4.32437e-07
4.32437e-07
4.32437e-07
4.32437e-07
4.33442e-07
4.33442e-07
4.33442e-07
4.33442e-07
4.33442e-07
4.33442e-07
4.33442e-07
4.33441e-07
4.33442e-07
4.33442e-07
4.34445e-07
4.34445e-07
4.34445e-07
4.34445e-07
4.34445e-07
4.34445e-07
4.34445e-07
4.34445e-07
4.34445e-07
4.34445e-07
4.36221e-07
4.36221e-07
4.36221e-07
4.36221e-07
4.36221e-07
4.36221e-07
4.36221e-07
4.36221e-07
4.36221e-07
4.36221e-07
3.51424e-08
3.51424e-08
4.35829e-07
3.51425e-08
3.51585e-08
7.00453e-07
3.52288e-08
4.50882e-08
6.99869e-07
6.0845e-08
3.30551e-07
6.9513e-07
6.58155e-07
6.53909e-07
6.98887e-07
6.86889e-07
6.50233e-07
6.99581e-07
3.44907e-07
6.10754e-08
6.97624e-07
4.49534e-08
3.52306e-08
7.00511e-07
3.51583e-08
3.51425e-08
6.91438e-07
3.51424e-08
3.51424e-08
5.4255e-08
6.89194e-07
7.00224e-07
9.02973e-07
9.03025e-07
9.02411e-07
9.02785e-07
9.02539e-07
9.03166e-07
9.02931e-07
9.03146e-07
9.03158e-07
9.03164e-07
9.0314e-07
9.02459e-07
9.03079e-07
9.01971e-07
9.03173e-07
9.02957e-07
9.03182e-07
9.03197e-07
9.03114e-07
9.03034e-07
9.02355e-07
9.02941e-07
9.01854e-07
9.03014e-07
9.02136e-07
7.00289e-07
6.90361e-07
9.0295e-07
3.50698e-08
3.50913e-08
6.23648e-08
6.05411e-08
1.55983e-07
6.97879e-07
6.91089e-07
6.97514e-07
7.00343e-07
7.00236e-07
7.00734e-07
7.00757e-07
7.00574e-07
6.93956e-07
6.94829e-07
7.00796e-07
7.01e-07
7.00537e-07
6.97012e-07
7.00266e-07
7.00145e-07
7.00476e-07
6.99943e-07
6.96339e-07
6.88541e-07
3.21535e-07
7.00019e-07
4.12393e-08
3.59831e-08
1.35205e-07
1.29658e-07
1.29658e-07
1.29269e-07
1.29658e-07
1.29658e-07
1.29269e-07
1.29658e-07
1.29566e-07
3.51611e-08
1.29566e-07
1.29567e-07
3.89398e-08
1.29567e-07
1.29567e-07
4.84237e-08
1.29566e-07
1.29566e-07
4.41505e-08
1.29567e-07
1.29566e-07
3.51851e-08
1.29566e-07
1.29658e-07
1.29217e-07
1.29658e-07
1.29658e-07
1.29269e-07
1.29658e-07
1.29658e-07
1.29269e-07
3.51424e-08
3.50846e-08
3.50846e-08
3.50907e-08
3.50858e-08
3.51424e-08
1.35171e-07
3.60882e-08
4.12164e-08
3.5144e-08
3.64032e-08
3.51176e-08
5.66937e-08
3.88944e-08
3.51464e-08
7.00047e-07
3.15667e-07
6.89436e-07
3.71205e-08
1.58802e-07
6.78642e-08
6.53366e-07
3.91566e-07
3.81235e-08
6.98749e-07
7.00142e-07
7.00512e-07
7.27695e-08
6.92189e-07
6.91499e-07
7.00288e-07
6.98656e-07
1.77789e-07
6.99461e-07
7.00852e-07
6.93074e-07
6.57323e-07
6.97808e-07
7.00785e-07
6.98279e-07
6.99505e-07
6.79359e-07
7.00698e-07
6.99475e-07
7.00884e-07
6.07465e-07
6.9974e-07
6.99944e-07
7.00572e-07
6.98972e-07
5.57132e-07
6.9692e-07
6.89872e-07
6.99994e-07
1.76259e-07
6.98504e-07
7.00238e-07
6.92317e-07
6.91784e-07
7.27548e-08
6.97332e-07
7.00658e-07
7.00278e-07
3.9124e-08
3.12421e-07
6.86847e-07
6.80397e-08
1.67812e-07
3.6959e-08
7.00946e-07
6.9828e-07
6.90179e-07
3.51463e-08
3.87853e-08
5.64758e-08
3.51182e-08
3.64278e-08
3.5144e-08
6.98029e-07
1.55041e-07
6.06256e-08
3.51424e-08
3.50857e-08
3.50907e-08
3.50846e-08
3.50846e-08
3.51424e-08
6.32053e-08
3.50969e-08
3.50696e-08
3.52157e-08
3.52158e-08
3.53109e-08
3.52237e-08
3.52259e-08
4.62143e-08
3.52268e-08
3.52263e-08
4.76989e-08
3.52197e-08
3.52183e-08
3.74605e-08
6.90678e-07
7.00141e-07
7.00105e-07
6.93531e-07
6.96384e-07
6.96938e-07
6.96997e-07
6.99464e-07
6.99464e-07
7.00068e-07
7.00083e-07
6.91636e-07
3.7406e-08
3.52182e-08
3.52197e-08
4.7552e-08
3.52266e-08
3.52272e-08
4.59324e-08
3.52251e-08
3.52241e-08
3.53123e-08
3.52158e-08
3.52157e-08
3.52128e-08
3.52329e-08
3.51763e-08
3.51781e-08
3.52329e-08
3.52128e-08
)
;
    }
    frontWall
    {
        type            cyclic;
    }
    backWall
    {
        type            cyclic;
    }
}


// ************************************************************************* //
