/*--------------------------------*- C++ -*----------------------------------*\
| =========                 |                                                 |
| \\      /  F ield         | OpenFOAM: The Open Source CFD Toolbox           |
|  \\    /   O peration     | Version:  5.0                                   |
|   \\  /    A nd           | Web:      www.OpenFOAM.org                      |
|    \\/     M anipulation  |                                                 |
\*---------------------------------------------------------------------------*/
FoamFile
{
    version     2.0;
    format      ascii;
    class       volScalarField;
    location    "2.6";
    object      p;
}
// * * * * * * * * * * * * * * * * * * * * * * * * * * * * * * * * * * * * * //

dimensions      [1 -1 -2 0 0 0 0];

internalField   nonuniform List<scalar> 
9340
(
93.5179
97.1608
155.498
100.004
102.621
97.2203
95.0098
91.9886
89.7273
87.3271
84.886
82.4257
79.964
77.533
75.1064
72.7043
70.3165
67.96
65.6192
63.3133
61.011
58.7276
56.4743
54.211
51.9723
49.7557
47.5451
45.331
43.1365
40.9662
38.7933
36.6455
34.5265
32.4015
30.2647
28.1621
26.1139
24.099
22.0937
20.0829
18.0998
16.1611
14.2227
12.2606
10.3264
8.43835
6.55371
4.66347
2.79313
0.93389
88.5407
93.804
89.579
6.09477
93.004
93.747
94.2026
91.8445
89.6259
87.2833
84.8649
82.4139
79.9788
77.538
75.1046
72.7103
70.3161
67.9774
65.6564
63.3205
61.0164
58.7292
56.4629
54.2108
51.9648
49.7387
47.5325
45.3322
43.1432
40.9692
38.8084
36.659
34.5233
32.3885
30.2662
28.1679
26.1082
24.084
22.0773
20.0826
18.1065
16.167
14.2322
12.2809
10.3347
8.43084
6.54212
4.66109
2.79386
0.933776
92.3445
106.496
98.0713
153.98
108.45
97.0726
96.0893
92.6775
89.6989
87.3608
84.9041
82.4258
79.9712
77.5404
75.112
72.7004
70.3296
67.9945
65.6631
63.3173
61.0181
58.7329
56.4577
54.2081
51.9667
49.7364
47.5236
45.3391
43.1547
40.9725
38.8133
36.6579
34.5018
32.3779
30.2752
28.183
26.1081
24.0741
22.073
20.0827
18.1155
16.1643
14.2192
12.2789
10.3443
8.42855
6.54019
4.66425
2.79887
0.934198
93.703
97.8059
97.1473
101.199
101.174
98.9313
98.0484
93.4538
89.9477
87.5353
84.9943
82.5057
80.0054
77.5514
75.1248
72.7138
70.3352
67.9911
65.6428
63.32
61.0275
58.7325
56.4619
54.2109
51.9806
49.7478
47.5234
45.3449
43.1486
40.9624
38.8137
36.654
34.4976
32.3739
30.2838
28.2004
26.1152
24.0714
22.0752
20.0942
18.1213
16.1564
14.2033
12.2756
10.3562
8.43311
6.54102
4.67155
2.80499
0.92934
264.71
82.9036
91.2933
98.6104
99.8549
97.5172
98.3028
93.5726
90.0984
87.6492
85.0637
82.5329
80.0372
77.568
75.1456
72.7302
70.352
67.9859
65.624
63.3192
61.0301
58.731
56.4655
54.2124
51.9879
49.7612
47.533
45.3401
43.1369
40.9542
38.8072
36.6448
34.4949
32.3726
30.285
28.2097
26.125
24.0754
22.0781
20.1005
18.1187
16.1354
14.1826
12.2655
10.3532
8.43513
6.54767
4.68645
2.81312
0.927334
93.0374
127.975
97.9698
102.722
102.096
98.6839
98.1834
93.7453
90.2049
87.7256
85.1138
82.5654
80.0599
77.5865
75.1609
72.7424
70.3639
67.9908
65.6232
63.318
61.0283
58.7307
56.4683
54.224
51.9938
49.7782
47.5444
45.3355
43.1304
40.947
38.7984
36.638
34.4865
32.374
30.2876
28.2116
26.1359
24.0869
22.0822
20.1007
18.1132
16.1246
14.167
12.2506
10.345
8.4381
6.56348
4.7099
2.8239
0.930574
120.619
107.585
108.181
100.356
125.162
99.4552
98.6341
93.9664
90.2744
87.7254
85.1342
82.5821
80.0863
77.6063
75.1631
72.745
70.3645
67.9999
65.6277
63.3075
61.0204
58.7308
56.4669
54.2324
52
49.7742
47.5498
45.331
43.1304
40.9562
38.7977
36.6272
34.4807
32.3814
30.2921
28.2065
26.1415
24.1003
22.0843
20.096
18.1069
16.1207
14.1659
12.2495
10.3406
8.43918
6.56891
4.70881
2.82717
0.938803
103.437
106.095
97.2884
93.4664
95.2578
98.7325
98.2377
93.971
90.2636
87.7027
85.109
82.5655
80.0752
77.5981
75.137
72.7447
70.3537
67.987
65.6388
63.3001
61.0099
58.7262
56.4656
54.234
51.9998
49.7798
47.5514
45.3285
43.1415
40.962
38.7932
36.6245
34.4849
32.3881
30.29
28.1958
26.1407
24.111
22.0884
20.0842
18.1003
16.126
14.1761
12.2532
10.3397
8.44118
6.56734
4.69778
2.82504
0.943623
96.7745
101.32
100.518
95.6127
105.254
98.9688
98.1133
92.9382
90.2527
87.6349
85.0693
82.5415
80.0479
77.5778
75.1379
72.737
70.3318
67.9718
65.6357
63.3083
61.0021
58.7185
56.4698
54.2292
52.0022
49.7796
47.5485
45.3278
43.135
40.9612
38.781
36.6249
34.5046
32.3944
30.2825
28.184
26.1343
24.1138
22.0924
20.0844
18.0979
16.1366
14.1924
12.2529
10.3347
8.44193
6.55999
4.68655
2.8137
0.945181
95.489
95.3141
100.135
98.7181
101.645
103.664
97.2213
92.6076
90.0479
87.4891
84.9805
82.4761
79.9903
77.5503
75.121
72.7147
70.3224
67.964
65.6268
63.3116
61.0029
58.7199
56.4726
54.218
51.9906
49.7781
47.55
45.3297
43.133
40.9629
38.7845
36.6316
34.5196
32.3996
30.2716
28.1708
26.1245
24.1094
22.0951
20.0829
18.0989
16.1514
14.2098
12.2551
10.3282
8.44384
6.55994
4.67485
2.80165
0.933751
93.0814
94.4517
153.622
99.3684
97.0556
97.635
94.9984
91.989
89.7272
87.3271
84.8861
82.4257
79.9638
77.533
75.1063
72.7041
70.3165
67.96
65.6194
63.313
61.0109
58.7277
56.4743
54.2109
51.9723
49.7557
47.545
45.3309
43.1364
40.9659
38.7933
36.6456
34.5266
32.4014
30.2647
28.1621
26.1139
24.0991
22.0937
20.0828
18.0997
16.1612
14.2229
12.2607
10.3264
8.4384
6.55362
4.6634
2.79308
0.933963
97.6731
91.8743
90.4291
-30.739
88.6877
93.3916
94.1653
91.8444
89.6257
87.2833
84.8648
82.4139
79.9787
77.5379
75.1046
72.7101
70.316
67.9775
65.6563
63.3204
61.0165
58.7292
56.4628
54.2108
51.9648
49.7387
47.5324
45.3322
43.1432
40.9692
38.8089
36.6591
34.5233
32.3886
30.2662
28.1678
26.1082
24.084
22.0771
20.0822
18.1065
16.1671
14.2321
12.2807
10.3347
8.43087
6.542
4.66115
2.79399
0.933727
100.325
112.363
102.875
172.23
104.698
96.8776
96.1206
92.6772
89.7002
87.3606
84.9041
82.4258
79.9711
77.5404
75.1119
72.7004
70.3297
67.9943
65.6632
63.3172
61.0179
58.7328
56.4575
54.208
51.9667
49.7362
47.5236
45.339
43.1547
40.9725
38.813
36.6578
34.5019
32.3779
30.2754
28.183
26.1081
24.0741
22.073
20.0825
18.1156
16.1644
14.2192
12.2788
10.3443
8.42851
6.54013
4.66429
2.79887
0.934184
93.2425
95.5737
96.2102
103.06
101.07
98.9861
98.0501
93.4516
89.9481
87.5346
84.9944
82.5056
80.0053
77.5514
75.1248
72.7138
70.3352
67.991
65.6427
63.3199
61.0276
58.7325
56.4619
54.211
51.9805
49.7475
47.5235
45.345
43.1487
40.9623
38.8135
36.654
34.4976
32.3739
30.2839
28.2001
26.1151
24.0714
22.0752
20.0942
18.1213
16.1564
14.2032
12.2757
10.3563
8.43318
6.54092
4.67155
2.80499
0.929209
144.185
124.804
93.3062
98.2229
99.6504
97.3556
98.2776
93.5618
90.0987
87.6492
85.0638
82.5329
80.037
77.568
75.1456
72.7303
70.352
67.9859
65.624
63.3193
61.0301
58.7307
56.4655
54.2124
51.9877
49.7612
47.5331
45.3401
43.1364
40.9541
38.8073
36.6448
34.4949
32.3725
30.285
28.2097
26.1251
24.0753
22.0782
20.1006
18.1186
16.1355
14.1825
12.2654
10.3533
8.43512
6.54759
4.68639
2.81301
0.927378
88.3788
98.051
100.321
104.453
102.672
98.368
98.1434
93.7344
90.2051
87.7256
85.1138
82.5652
80.06
77.5865
75.1608
72.7423
70.3639
67.9909
65.623
63.3178
61.0286
58.7303
56.4682
54.2241
51.994
49.7783
47.5444
45.3354
43.1303
40.9471
38.7984
36.6375
34.4863
32.3739
30.2876
28.2115
26.136
24.0869
22.0822
20.1006
18.1132
16.1245
14.167
12.2506
10.345
8.43808
6.56346
4.70998
2.82362
0.930547
103.417
103.739
106.2
97.0897
100.155
99.3774
98.6307
93.9579
90.2749
87.7252
85.1342
82.5822
80.0863
77.6063
75.1631
72.7449
70.3645
67.9998
65.6276
63.3075
61.0204
58.7307
56.4669
54.2323
51.9997
49.7741
47.5497
45.331
43.1304
40.9561
38.7979
36.6271
34.4806
32.3814
30.2921
28.2064
26.1415
24.1003
22.0843
20.096
18.1068
16.1205
14.166
12.2495
10.3405
8.43916
6.56925
4.70889
2.82711
0.938926
102.553
104.576
107.852
95.1249
97.246
98.4848
98.2054
93.9681
90.2644
87.7025
85.109
82.5654
80.0752
77.598
75.137
72.7447
70.354
67.9869
65.6392
63.3001
61.0098
58.7262
56.4657
54.234
51.9998
49.7798
47.5516
45.3282
43.1413
40.962
38.7931
36.6245
34.4849
32.3881
30.29
28.1958
26.1407
24.1109
22.0883
20.0842
18.1002
16.126
14.1761
12.2532
10.3396
8.44116
6.56733
4.69776
2.82498
0.943714
95.8776
94.5924
98.6338
95.0566
108.049
99.0961
98.1052
92.9388
90.2528
87.6349
85.0692
82.5415
80.0479
77.5778
75.1379
72.7372
70.332
67.9717
65.6357
63.3084
61.0021
58.7184
56.4699
54.2292
52.0021
49.7796
47.5484
45.3277
43.1351
40.9613
38.7811
36.6249
34.505
32.3945
30.2822
28.184
26.1344
24.1137
22.0923
20.0843
18.098
16.1366
14.1923
12.2528
10.3347
8.44188
6.55995
4.68652
2.81373
0.945174
95.664
95.4297
105.849
100.934
103.57
100.352
97.216
92.6081
90.0479
87.4891
84.9806
82.4761
79.9902
77.5504
75.121
72.715
70.3224
67.964
65.6269
63.3114
61.0028
58.7199
56.4726
54.218
51.9907
49.7781
47.55
45.3297
43.1331
40.9629
38.7843
36.6316
34.5197
32.3993
30.2715
28.171
26.1246
24.1094
22.095
20.0829
18.0989
16.1514
14.2098
12.255
10.3281
8.44385
6.5597
4.67485
2.80175
0.933743
93.4142
94.0916
98.9754
110.12
95.0757
95.9939
95.0106
91.989
89.7272
87.327
84.8861
82.4257
79.9635
77.5332
75.1063
72.7038
70.3164
67.9602
65.6194
63.3127
61.0107
58.7281
56.4741
54.2107
51.9723
49.7557
47.5448
45.3309
43.1361
40.9658
38.7933
36.6456
34.5265
32.4012
30.2646
28.162
26.1138
24.0991
22.0937
20.0827
18.0995
16.1612
14.223
12.2608
10.3264
8.43842
6.55348
4.66329
2.79298
0.933929
91.3843
92.0361
117.956
91.1547
93.9445
92.9381
94.1791
91.844
89.6257
87.283
84.8648
82.4138
79.9786
77.5379
75.1045
72.7099
70.316
67.9776
65.656
63.3203
61.0167
58.7293
56.4622
54.2108
51.9648
49.7386
47.5323
45.3321
43.1434
40.9692
38.8089
36.659
34.5231
32.3885
30.2661
28.1677
26.1081
24.0845
22.0769
20.0818
18.1065
16.1672
14.2319
12.28
10.3348
8.43088
6.54185
4.66109
2.79396
0.933536
104.987
106.305
102.853
187.197
99.3216
96.853
96.1098
92.6784
89.7001
87.3607
84.904
82.4257
79.971
77.5403
75.1119
72.7003
70.3296
67.994
65.6631
63.3171
61.0176
58.7327
56.4574
54.2086
51.9667
49.7361
47.5236
45.339
43.1547
40.9725
38.8129
36.6575
34.502
32.378
30.2754
28.183
26.1079
24.0741
22.0729
20.0824
18.1156
16.1645
14.2192
12.2785
10.3445
8.42841
6.54002
4.66426
2.79885
0.934068
92.8144
98.0982
95.7799
105.662
101.817
99.0861
98.0496
93.454
89.9476
87.5345
84.9942
82.5058
80.0053
77.5513
75.1247
72.7137
70.3352
67.9907
65.6427
63.3197
61.0276
58.7324
56.4619
54.2111
51.9804
49.7474
47.5236
45.3449
43.1487
40.9622
38.8134
36.6539
34.4975
32.3738
30.2839
28.2
26.115
24.0715
22.0753
20.0941
18.1212
16.1564
14.2029
12.2759
10.3564
8.43324
6.54083
4.67154
2.80486
0.928885
142.071
147.565
104.609
112.684
100.112
100.451
98.2944
93.5661
90.098
87.6495
85.0637
82.5324
80.0367
77.5679
75.1457
72.7302
70.3519
67.9858
65.6239
63.3193
61.0302
58.73
56.4655
54.2124
51.9874
49.7612
47.5332
45.34
43.1362
40.9539
38.8073
36.6447
34.4941
32.3725
30.285
28.2096
26.1254
24.0753
22.0781
20.1008
18.1185
16.1355
14.1825
12.2653
10.3533
8.43505
6.54773
4.68628
2.81295
0.927288
87.621
98.3959
99.6852
101.525
102.11
98.4023
98.1288
93.7381
90.2044
87.7258
85.1135
82.5651
80.0605
77.5864
75.1604
72.7421
70.3638
67.991
65.6229
63.3177
61.0285
58.7298
56.4681
54.224
51.994
49.7782
47.5442
45.3352
43.1303
40.9471
38.7986
36.6373
34.4862
32.3748
30.2877
28.2114
26.136
24.0868
22.0821
20.1006
18.1131
16.1243
14.1669
12.2506
10.3448
8.43801
6.56348
4.70998
2.82319
0.930506
104.001
111.932
105.155
94.7202
101.83
99.0938
98.5794
93.9595
90.2744
87.7253
85.1341
82.5821
80.0862
77.6062
75.163
72.7448
70.3644
67.9996
65.6275
63.3076
61.0204
58.7307
56.4668
54.2323
51.9995
49.774
47.5496
45.3313
43.1308
40.9561
38.7979
36.6269
34.4805
32.3813
30.292
28.2063
26.1414
24.1002
22.0842
20.0959
18.1067
16.1202
14.1659
12.2495
10.3404
8.43909
6.56928
4.70873
2.82651
0.938886
117.578
92.4682
110.878
113.338
98.7285
99.5183
98.2241
93.9681
90.2639
87.7026
85.1089
82.5654
80.0751
77.598
75.1368
72.7446
70.3542
67.9866
65.6393
63.3001
61.0098
58.7262
56.4659
54.2339
51.9998
49.7798
47.5515
45.3281
43.1413
40.962
38.793
36.6244
34.4849
32.388
30.2899
28.196
26.1407
24.1107
22.0883
20.0842
18.1001
16.126
14.1761
12.2532
10.3395
8.4411
6.56727
4.69772
2.82497
0.94373
93.8984
90.3994
95.922
99.7155
104.283
98.6406
98.1117
92.9383
90.2532
87.6348
85.0692
82.5414
80.0478
77.5777
75.1378
72.7374
70.3321
67.9715
65.6358
63.3084
61.002
58.7183
56.4698
54.2291
52.0017
49.7795
47.548
45.3276
43.1354
40.9614
38.7809
36.6248
34.5051
32.3945
30.282
28.184
26.1344
24.1135
22.0922
20.0842
18.098
16.1366
14.1922
12.2526
10.3346
8.44179
6.55981
4.68645
2.81384
0.945089
95.3025
95.6458
100.077
102.7
93.4555
99.107
97.2249
92.6079
90.0478
87.4891
84.9806
82.4759
79.9899
77.5504
75.1209
72.7152
70.3223
67.9635
65.6269
63.3113
61.0027
58.7197
56.4725
54.218
51.9907
49.778
47.5499
45.3298
43.1333
40.9628
38.7839
36.6317
34.5201
32.3988
30.2713
28.171
26.1246
24.1093
22.095
20.0829
18.0988
16.1513
14.2097
12.2548
10.3281
8.4438
6.55953
4.6746
2.80173
0.933669
96.6338
94.5187
94.7487
97.8852
96.51
94.2817
94.6064
94.9557
95.7011
95.8906
93.3879
94.8491
95.6525
95.9035
96.6095
98.6971
97.8825
97.0014
96.6143
98.6723
97.8709
98.1317
98.6902
98.4831
98.9617
98.1111
98.7187
98.5076
98.325
98.4272
98.0269
97.4569
98.3593
98.4495
97.943
98.2613
99.2835
98.475
98.9894
98.2319
99.4305
98.4651
98.6769
98.3943
98.4271
99.3742
98.9314
98.5786
98.3989
98.3612
99.7766
98.7834
98.4919
98.3903
99.7447
98.7881
98.6023
98.5884
98.6765
98.9015
98.6116
98.2358
98.7053
98.3879
96.3405
97.2134
98.4587
98.3038
97.2719
97.0414
96.5674
94.3098
94.6075
95.9051
96.4404
93.608
94.6369
94.8437
95.6257
95.9093
93.0309
94.819
95.6908
95.9266
96.6121
98.7808
97.9462
96.8469
96.6078
98.9031
97.8549
98.1566
98.6299
98.3328
98.93
98.1291
98.7404
98.4226
98.3116
98.417
98.051
100.593
98.3434
98.4892
98.0112
98.22
99.3539
98.512
98.0484
98.2427
99.1042
98.4671
98.8598
98.5629
98.3686
99.173
98.632
98.3886
98.3787
98.3372
99.7984
98.79
99.0839
98.3619
100.048
98.7911
98.6109
98.6114
98.7088
98.8476
98.6101
99.4862
98.709
98.2909
97.4941
97.037
99.1332
98.3222
99.8784
97.1048
96.4077
93.6232
94.6294
96.7164
96.5696
93.4918
94.7852
94.822
95.6065
95.925
93.7345
94.9437
96.1316
95.9013
96.6078
98.6515
97.9979
97.4449
96.6001
98.7811
97.9065
98.1971
98.8399
98.2845
98.9865
98.1308
98.7702
98.3576
98.4405
98.4826
98.0318
100.453
98.3172
98.5743
98.0005
98.2164
99.7725
98.4992
97.7921
98.2668
99.2765
98.475
98.6439
98.5598
98.3551
99.2155
98.5259
98.4867
98.3649
98.3833
100.011
98.7894
99.1554
98.3528
100.278
98.7792
98.6104
99.5404
98.7019
98.7405
98.6039
99.7673
98.6731
98.2987
99.6143
97.1247
109.865
98.3887
103.423
97.2296
96.8317
95.028
92.6906
107.379
97.5073
94.2757
93.9851
96.7473
97.2957
96.4023
97.4122
96.3824
96.744
97.2946
93.9488
94.2515
93.5567
95.0032
93.9563
94.2474
93.5664
92.3525
107.377
96.1973
96.614
91.7619
94.7804
95.9614
94.0993
93.8129
93.9492
93.3177
93.8158
94.0577
94.4128
93.4046
95.5787
93.5857
94.1647
93.4134
95.4653
93.5934
98.7513
100.019
98.8705
98.796
100.176
99.9168
98.8201
97.4259
96.6196
98.0214
97.0549
96.6113
97.9714
97.4416
93.6915
97.7028
94.4332
96.1214
93.7001
97.6747
94.4371
100.312
100.712
98.7994
101.657
100.215
101.276
98.9831
98.7992
98.8889
100.58
98.9579
98.6393
100.576
99.7254
94.7514
98.5864
95.3989
98.0557
94.7519
98.4366
95.3034
102.501
100.01
98.5882
99.6715
102.584
100.235
99.1221
98.0847
98.5646
98.5217
97.5114
98.563
98.5925
98.0865
95.6995
98.0525
96.0623
98.3555
95.6112
97.984
95.9707
108.351
103.217
98.5731
102.143
107.549
101.207
98.5143
98.1963
98.5318
99.2458
98.7064
98.5365
99.2229
98.2988
96.1469
98.3721
95.7727
98.2393
96.0677
98.3455
95.6798
102.074
102.558
99.129
101.199
101.175
100.166
99.6786
99.0471
98.8608
100.065
99.4481
98.8463
100.016
99.1019
95.5898
98.4021
95.3617
98.5841
95.5029
98.4045
95.3646
97.0428
101.53
99.9626
98.4127
97.0237
101.266
100.156
98.626
98.408
98.7701
98.558
98.3931
98.6087
98.7059
95.1995
98.4755
95.2646
98.2139
95.2041
98.5234
95.2762
97.3471
100.208
105.21
118.889
99.0157
100.399
101.129
99.4569
99.0364
101.66
99.063
98.8855
101.107
99.4737
95.2944
97.507
95.2011
98.1038
95.3022
97.3954
95.2112
104.403
104.594
119.824
102.161
104.605
102.924
103.997
99.5877
99.8362
105.282
106.373
100.31
104.439
99.6757
94.9746
95.9162
94.5399
97.2148
94.9845
95.9044
94.5503
96.9528
97.9148
91.604
94.1619
96.9349
94.501
91.4907
96.7717
97.2785
96.3057
98.5159
96.7663
96.1057
97.2594
93.9556
94.2418
93.5667
95.0047
93.9554
94.2319
93.5665
91.7393
93.1214
95.722
88.8211
96.6177
92.7204
95.3707
93.9677
93.8012
93.5949
93.6576
94.0581
93.8179
95.2056
93.4133
95.4512
93.5927
94.1832
93.4127
95.438
93.5929
97.2334
100.366
98.9112
99.9441
97.1996
101.882
99.1314
97.4064
96.5696
97.8525
96.9897
97.4414
96.5587
97.8704
93.6986
97.6649
94.4328
96.1104
93.6984
97.6562
94.4325
100.304
101.111
99.3689
101.112
100.641
99.3089
99.5672
98.734
99.9004
101.026
99.018
98.7855
98.9876
101.107
94.7506
98.4306
95.2997
98.0487
94.7517
98.4089
95.2973
102.569
100.229
98.7511
100.045
100.469
104.491
94.1166
98.0777
98.5712
98.9017
97.3074
98.0793
98.5717
98.9579
95.6023
98.1122
95.9608
98.3036
95.602
98.0548
95.9616
102.392
102.973
100.256
102.203
100.839
102.109
98.0848
98.3079
98.4972
98.7677
98.2494
98.2747
98.493
98.8246
96.0614
98.391
95.673
98.1274
96.0615
98.3868
95.6712
101.394
100.182
99.4037
101.147
100.008
101.475
99.4123
99.165
98.8965
99.741
99.6102
99.1343
98.8417
99.8776
95.4968
98.4047
95.3613
98.5388
95.4963
98.4049
95.3613
96.9905
101.751
100.062
96.9083
96.8326
101.66
100.847
98.6365
98.407
98.5359
98.4734
98.5338
98.4037
98.578
95.1996
98.5178
95.2743
98.2154
95.1998
98.4937
95.2734
102.625
100.89
108.619
102.438
101.243
104.84
108.756
99.5795
98.889
102.818
98.7659
99.5703
98.9016
102.909
95.2998
97.3909
95.211
98.1089
95.2995
97.3903
95.2109
104.356
98.7038
100.386
93.4885
103.547
98.7384
107.256
100.49
99.212
104.697
99.9619
99.7879
99.2652
103.73
94.9842
95.9033
94.5506
97.225
94.9839
95.9038
94.5506
93.9348
97.0167
93.1775
103.137
93.8567
94.4955
94.3342
96.8532
97.2077
97.7012
96.1878
96.8194
101.045
97.2
93.9566
94.2509
93.566
95.0106
93.9491
94.2502
93.5561
92.3275
97.4668
95.4429
98.2084
92.457
94.7872
101.023
94.2088
93.8329
94.018
93.7818
93.9652
93.8365
94.1
93.4122
95.4501
93.5946
94.2028
93.4027
95.5699
93.5874
97.3695
100.406
99.3099
99.2564
97.4635
100.422
99.0432
97.3902
96.7324
97.9493
96.8501
97.4037
97.2869
98.1327
93.7002
97.6679
94.4369
96.0773
93.6916
97.6828
94.433
100.404
99.6761
98.5954
101.478
103.167
99.8981
98.7109
98.6385
98.4371
101.001
98.9303
98.6507
98.437
100.976
94.7538
98.4118
95.3045
98.0464
94.753
98.5157
95.3902
101.408
103.032
97.0509
100.913
100.322
110.601
98.4315
98.0147
98.605
94.6053
100.476
98.03
98.6432
95.03
95.6085
98.1365
95.9744
98.307
95.7037
98.0767
96.0538
99.7017
101.796
98.1534
98.3952
100.554
103.093
99.7615
99.0126
98.4883
101.981
107.693
98.6556
98.4844
103.689
96.0699
98.436
95.6788
98.1538
96.152
98.4399
95.7706
99.9133
98.3946
98.9541
97.9797
99.8243
100.483
99.2666
99.0086
98.8583
99.5274
99.1071
99.0001
98.8931
99.5081
95.4985
98.4081
95.3638
98.5157
95.5887
98.4037
95.3615
97.2982
101.791
100.421
99.2497
97.4664
104.284
101.077
98.4383
98.4066
99.4205
99.0049
98.409
98.3899
99.4158
95.204
98.4797
95.2752
98.2453
95.1991
98.4853
95.2629
103.317
99.0993
98.8341
103.891
102.054
97.8451
100.165
99.5311
98.8999
100.846
98.7346
99.5317
99.0017
100.635
95.3017
97.3969
95.2113
98.1159
95.2937
97.5051
95.2014
102.866
98.4783
102.037
98.6235
109.729
99.411
104.839
100.099
99.4071
102.83
123.074
99.8801
99.4384
102.478
94.984
95.9081
94.5505
97.226
94.974
95.9141
94.5402
96.4015
96.3307
95.9361
96.56
95.8642
96.3805
96.3204
95.0736
96.0246
94.1101
94.5061
95.8942
94.1055
95.0881
94.7578
95.094
94.3965
94.6861
94.9894
94.4223
94.8038
96.7497
97.8669
97.2855
96.3392
96.3663
96.7564
97.2901
96.4149
96.5139
96.304
95.8152
95.8244
96.4226
96.3105
95.0443
94.6241
95.6554
94.1068
95.7823
94.1027
95.0851
94.7644
94.6299
94.9901
94.4402
94.972
94.4379
94.8078
94.2029
94.2065
94.7211
94.8389
94.1765
94.744
94.1907
94.8678
94.8924
95.6444
95.7065
94.9311
95.6404
94.8467
94.6962
95.1778
95.5356
95.8912
95.189
95.538
94.6899
94.1179
93.3678
93.793
93.5474
93.8058
96.7662
94.0623
94.2052
94.8398
94.2014
94.7604
94.1878
94.7578
94.1982
94.8223
95.6454
94.9905
95.5896
94.9525
95.7008
94.7967
94.6947
95.898
95.218
95.5362
95.2064
95.5356
94.6919
97.2192
96.4533
97.1961
96.6172
96.4541
97.2055
97.2316
97.7914
98.0666
98.3298
98.7047
98.0323
98.3367
97.8175
97.941
97.6541
98.1214
97.8633
97.6119
98.1452
98.1363
97.4606
97.0359
96.6132
97.8947
96.6145
97.9739
97.4242
97.2325
96.6155
96.4706
97.1969
96.4963
97.2047
97.2201
97.7853
98.6788
98.0261
98.3231
98.0311
98.34
97.8086
97.8609
98.006
97.5855
98.1297
97.6398
98.15
97.9791
98.7719
98.3387
98.3294
98.1551
98.3104
98.3355
98.6019
98.5623
98.7538
98.6644
98.6935
98.7613
98.631
98.8768
98.4495
98.3536
98.3964
98.5083
98.3275
98.352
98.5608
100.778
98.9084
98.6467
100.738
98.6426
100.538
99.3961
98.6315
98.1616
98.4653
98.3421
98.3989
98.3445
98.5792
98.7271
98.7123
98.9384
98.5804
98.881
98.6201
98.6427
98.453
98.498
98.2803
98.382
98.4323
98.3565
98.4506
98.2187
98.3392
98.2465
98.3225
98.3078
98.246
98.4366
97.8997
98.7065
98.0476
98.4056
98.661
97.9723
97.906
98.0845
98.0468
98.2336
98.0151
98.0312
98.2412
98.2328
98.0932
97.4956
98.5802
98.4641
98.5664
98.463
98.0801
98.2081
98.4073
98.3088
98.1826
98.3078
98.3844
98.2181
97.8639
98.4501
98.7186
97.9818
98.6002
97.9761
97.8559
98.0818
98.1224
98.0324
98.2179
98.2179
98.3324
98.126
98.2933
98.4227
98.1832
98.2324
98.407
98.183
98.4114
98.9685
104.976
98.6916
99.2496
100.694
98.6984
98.962
98.6133
98.4699
98.6578
98.4836
98.3948
98.6466
98.6265
98.1821
98.6303
98.4869
99.3363
98.6327
99.0436
98.1769
98.2923
98.3134
98.4038
98.12
98.4271
98.3212
98.2906
98.9607
99.3852
101.145
98.6788
101.244
98.677
98.9531
98.652
98.4706
98.406
98.6459
98.3915
98.6435
98.585
98.6038
99.0604
98.4478
98.7623
98.9565
98.4517
98.5963
98.6277
98.949
98.5156
98.3515
98.9412
98.4623
98.6613
98.5945
98.5463
98.4602
98.379
98.5609
98.4586
98.5897
99.0401
99.4312
98.8889
99.7881
98.8505
99.7718
99.2109
98.5836
98.5788
98.8625
98.4353
99.0235
98.437
98.5821
98.6173
98.349
99.2103
98.4888
98.9401
98.4789
98.6209
98.5972
98.3736
98.5552
98.4473
98.6079
98.4521
98.5901
100.175
98.5039
98.6682
98.3605
98.5359
98.4764
99.2803
98.9318
99.5398
99.3709
99.7748
99.3982
99.3435
99.7079
100.023
98.5666
98.5376
98.7875
98.5598
98.5023
100.982
98.5712
98.5299
98.3973
98.5306
98.3922
98.5751
98.5702
101.833
98.3802
98.4679
98.5724
98.4855
98.403
102.734
98.9162
99.7795
99.2606
99.3155
99.3232
99.3369
99.0174
100.091
98.7856
98.5528
98.3594
98.5528
98.4703
100.055
99.1989
98.804
98.8614
98.6116
98.8045
98.8739
99.1964
98.215
91.1218
99.497
98.6245
93.3128
99.4974
98.0859
98.4147
98.0783
99.2668
98.6891
98.1007
99.2786
98.4088
99.449
98.9886
98.8915
100.99
98.9135
100.955
99.6057
99.1997
98.6116
98.7986
98.8851
98.8003
98.8807
99.1938
98.6003
99.1061
102.979
99.4474
110.496
99.4799
97.7476
98.4119
98.6994
98.0939
99.2796
98.1071
99.2792
98.4114
98.6552
98.811
98.5288
98.352
98.819
98.5034
98.6383
99.2402
107.982
98.0739
97.1728
113.496
98.9305
98.0831
97.982
98.3026
97.5055
97.0799
98.2104
97.6909
97.5967
99.5019
98.7637
99.1312
104.873
99.1496
104.018
99.6754
98.6633
98.3231
98.8399
98.5063
98.8294
98.4873
98.6453
98.0767
97.6034
104.998
98.1442
104.346
98.1978
98.114
98.0297
97.0434
97.9781
97.6441
98.2075
97.3039
97.6164
96.4494
96.3306
95.8464
96.5981
96.4402
95.8547
96.3217
95.034
95.4473
94.1094
93.9534
95.0418
95.5815
94.085
94.7859
94.9669
94.426
94.6236
94.8095
94.9978
94.4339
96.8074
98.6142
97.22
96.6367
95.8134
96.8027
97.2373
96.5161
96.5795
96.2433
95.8638
95.8736
96.515
96.3179
95.0282
93.7502
94.9817
94.0502
95.2512
94.092
95.1778
94.7226
94.6515
95.3422
94.4521
94.9415
94.4533
95.3021
94.1909
94.2045
94.7592
94.8335
94.1928
94.2055
94.7535
94.6543
94.8991
95.5389
95.6496
94.7183
95.0709
95.5439
94.697
95.2256
95.5419
95.9169
94.6925
95.2299
95.5482
93.9233
93.217
93.7982
94.5282
93.8103
94.6412
93.9386
94.188
94.8244
94.2057
94.734
94.2045
94.7453
94.1872
94.8002
95.6971
94.5631
95.6055
94.6023
95.5653
94.7831
94.7036
95.9241
95.2564
95.5502
95.25
95.5523
94.7096
97.1909
96.4454
97.1921
96.6093
97.1645
96.4496
97.1898
97.7954
97.9991
98.3333
98.7272
97.8136
98.0042
98.3491
97.9067
97.5896
98.1177
97.8519
98.0217
97.6012
98.1084
97.3972
96.8608
96.4444
97.9312
96.5237
97.8925
97.3857
97.1971
96.6083
96.4
97.1799
96.4278
97.1849
97.1724
97.7716
98.7486
97.9968
98.3134
98.0001
98.3184
97.7871
97.9156
97.929
97.5733
98.1212
97.6578
98.107
97.9218
98.575
98.2741
98.3792
98.1305
98.5765
98.2315
98.337
98.6638
98.9526
98.5988
98.6991
98.6592
98.9751
98.5853
98.4712
98.3272
98.3717
98.3351
98.4571
98.3267
98.3735
98.732
98.9465
98.5497
101.063
98.8277
101.086
98.7278
98.5716
98.1462
98.2365
98.2848
98.1988
98.3075
98.5752
98.6615
98.8636
98.9983
98.5818
98.9613
98.5929
98.6613
98.4694
98.5199
98.3603
98.4012
98.3173
98.4126
98.5162
98.2026
98.3195
98.2058
98.3068
98.2124
98.2986
98.1689
97.8302
98.6819
97.9985
98.4447
97.8442
98.498
97.9565
98.0946
98.0373
98.2269
97.9742
98.0982
97.9706
98.214
98.0845
108.968
98.5839
96.8038
98.5655
107.689
98.0461
98.2075
98.3163
98.3234
98.1727
98.3053
98.1916
98.1813
97.801
98.4357
98.8535
97.9026
98.8304
97.9074
97.7784
98.0814
97.9607
97.9673
98.2326
98.0141
98.2154
98.0788
98.2905
98.398
98.1128
98.2171
98.2884
98.3871
98.1664
99.1848
100.99
98.6912
99.3323
99.1154
100.84
98.6896
98.599
98.391
98.6462
98.4907
98.5892
98.3879
98.6306
98.3033
98.0956
98.4921
100.252
98.4922
100.797
98.086
98.2791
98.2175
98.3749
98.1382
98.3778
98.1074
98.3792
99.1729
99.2047
100.57
98.6917
100.646
98.6869
98.8448
98.5924
98.4641
98.3867
98.62
98.3884
98.628
98.6023
98.6132
98.7185
98.4619
98.6319
98.6021
98.701
98.4408
98.6266
98.7777
98.4926
98.3154
98.6198
99.0316
98.511
98.5916
98.5735
98.4455
98.367
98.6123
98.5562
98.4451
99.1515
99.182
98.8854
99.6007
98.8402
99.6504
99.0839
98.6002
98.5233
98.6415
98.4384
98.8594
98.4426
98.6055
98.6218
98.3568
98.7646
98.4922
99.1204
98.4787
98.7252
98.5973
98.3672
98.5289
98.4487
98.5818
98.4474
98.5954
97.6017
98.4491
98.3957
98.3283
103.215
98.4324
98.4265
99.0336
99.3845
99.2958
99.8641
99.0351
99.5358
99.2736
100.089
98.5562
99.6135
98.783
100.06
98.5521
100.606
98.4168
101.243
98.3986
103.914
98.3997
100.486
98.4199
97.6694
98.3473
98.4168
98.3765
98.4217
98.3743
97.6887
99.0467
100.859
99.8051
99.2811
99.8594
99.2609
99.0497
99.9931
98.789
98.5518
99.9612
98.5535
99.8114
99.9925
99.1959
98.7994
98.8864
98.6096
99.19
98.8038
98.8859
98.472
105.579
99.4403
100.705
98.0169
103.45
99.4732
98.4052
98.0934
99.2783
98.7128
98.4071
98.0982
99.2737
99.5409
100.948
98.9076
98.8399
98.9069
98.8942
99.5321
99.2
98.6092
98.806
98.8944
98.8058
98.8908
99.2058
97.9139
99.2715
102.518
99.4426
102.541
99.4449
98.4413
98.4011
98.7135
98.1227
99.2745
98.1102
99.2717
98.3919
98.602
98.8503
98.4898
98.301
98.4807
98.8615
98.3775
98.6018
97.9756
98.1832
98.2802
98.865
98.3415
98.2347
97.3387
98.5136
97.6624
97.0698
98.0166
98.0694
97.645
99.7559
99.6361
99.3824
103.2
99.3461
103.188
99.8877
99.0491
98.327
98.8667
98.6608
98.8663
99.2211
98.8598
98.6982
97.9799
98.198
98.3809
97.7005
98.6765
98.3022
97.4065
97.0815
97.9843
97.6602
97.9981
97.4254
97.6448
96.5202
96.2842
95.804
96.5077
96.4742
95.7827
96.358
94.9367
94.824
94.0535
94.1944
94.9182
94.8077
94.0649
95.0184
94.9213
94.4667
94.6693
94.8831
95.1545
94.4458
96.799
96.2054
97.2044
98.2891
94.8158
96.8364
97.2037
96.4999
96.5419
96.3062
95.9035
95.8358
96.4797
96.3328
94.946
93.507
95.1308
94.0721
96.0761
94.0702
94.943
94.7737
94.7159
95.046
94.4079
94.9729
94.4248
94.8247
94.1988
94.206
94.7244
94.8327
94.189
94.2
94.7243
94.6978
94.7573
95.6253
95.4916
94.759
94.7346
95.6297
94.7248
95.2525
95.5481
95.9204
94.7146
95.2426
95.5567
94.1492
94.3867
93.868
94.9902
93.8701
94.2687
94.1843
94.2058
94.838
94.1921
94.7165
94.1802
94.7205
94.2
94.6529
95.4676
95.1305
95.6217
94.4482
95.629
94.847
94.7328
95.911
95.2011
95.5622
95.2232
95.5613
94.7318
97.178
96.4024
97.1811
96.6076
97.1398
96.3918
97.1829
97.7325
97.9899
98.3209
98.6552
97.7772
97.9844
98.3083
97.8962
97.5816
98.1776
97.8905
97.9002
97.5814
98.1118
97.3898
97.9816
96.6852
98.1122
96.7982
98.4423
97.3775
97.26
96.6083
96.4075
97.1772
96.3914
97.1857
97.2221
97.753
98.6508
98.0153
98.3121
97.9772
98.3059
97.8369
97.94
97.8842
97.6161
98.0878
97.5944
98.0903
97.9289
98.5905
98.2666
98.336
98.1323
98.5858
98.2868
98.2993
98.622
99.0005
98.5847
98.7443
98.6867
98.9375
98.5725
98.5215
98.3783
98.4158
98.3309
98.5219
98.3341
98.4183
98.6324
98.9933
98.3484
104.828
98.3495
101.053
98.7743
98.5971
98.1306
98.289
98.3711
98.2897
98.4184
98.5992
98.6209
98.7538
99.2265
98.6011
98.8948
98.5758
98.8188
98.5134
98.386
98.3202
98.4388
98.3218
98.4254
98.5671
98.1728
98.3303
98.188
98.3091
98.1748
98.3415
98.1796
97.7553
98.7954
97.9075
98.5034
97.7651
98.8585
97.9427
98.078
98.0209
98.2264
97.99
98.0788
97.9892
98.2414
98.0163
100.473
98.6382
95.104
98.6256
95.0893
98.0342
98.169
98.3008
98.3523
98.2117
98.3462
98.1801
98.2899
97.7573
98.4897
99.0221
98.1461
98.9376
97.9925
97.7505
98.1378
97.9939
98.0434
98.2452
97.9915
98.2507
98.109
98.3014
98.368
98.1725
98.2679
98.308
98.3605
98.1368
98.6906
106.128
98.6888
99.2909
100.518
97.5275
98.6875
98.5872
98.3837
98.6163
98.4846
98.5898
98.3921
98.6287
99.2531
98.3338
98.5078
100.772
98.5086
104.042
98.8795
98.3453
98.2504
98.3679
98.1513
98.358
98.1408
98.321
98.6811
99.2914
98.3385
98.7415
97.9658
98.6914
99.0807
98.5954
98.474
98.4288
98.627
98.4029
98.6266
98.6163
98.6368
98.5915
98.441
98.5644
98.6162
98.5651
98.4736
98.6325
98.6657
98.527
98.4389
98.6426
98.6714
98.513
98.5837
98.5693
98.451
98.3714
98.6028
98.5129
98.4468
98.8391
99.1058
98.9247
99.5796
98.8504
99.5729
98.8556
98.7241
98.7558
98.5986
98.4568
98.6201
98.4537
98.7043
98.6237
98.4994
98.743
98.5784
98.7481
98.5154
98.6321
98.583
98.3675
98.5461
98.4512
98.5191
98.4478
98.6026
97.2742
98.4273
98.309
98.3711
98.8764
98.4175
98.2945
99.0309
99.7912
99.5897
99.8839
99.0066
99.7812
99.2273
100.116
98.5541
99.3247
98.7854
100.178
98.5556
99.2732
98.6034
99.4683
98.4182
99.6561
98.3786
99.874
98.5449
98.0093
98.3539
98.4075
98.3448
98.403
98.3553
97.608
99.0699
100.029
99.8549
99.4393
99.7979
99.1437
99.0623
96.3414
98.7872
98.5401
99.5795
98.551
99.2434
96.7521
99.2238
98.8057
98.8917
98.6111
99.213
98.8093
98.8797
98.3674
97.8546
99.4295
99.7322
98.4645
97.7278
99.4114
98.3893
98.1234
99.279
98.6942
98.3835
98.111
99.2835
99.5174
98.7531
99.0483
99.3179
99.1314
99.1139
99.5876
99.2264
98.6125
98.8094
98.8743
98.8139
98.8667
99.2251
98.3779
99.7317
97.598
99.4664
97.8124
99.4211
98.6439
98.3967
98.6851
98.076
99.2751
98.0955
99.2851
98.3925
98.6576
98.8667
98.3603
98.3041
98.4409
98.8643
98.5145
98.6599
99.6348
98.4576
104.154
98.6665
98.3382
98.5328
97.3456
97.8777
97.6196
97.1419
97.3331
97.8822
97.5837
100.21
105.046
99.5409
102.768
99.5004
102.696
100.198
98.7013
98.3413
98.8458
98.6097
98.8592
98.5614
98.676
98.6476
104.079
99.1721
98.5748
98.793
98.6263
98.5778
97.3604
97.1561
98.0474
97.5644
97.9237
97.3891
97.5581
98.2216
98.0513
98.2167
98.0386
97.8377
97.8616
98.0549
98.1804
98.2645
98.1785
98.0761
98.1028
98.108
98.0703
98.1704
98.134
98.1438
98.0708
98.0687
98.0707
98.0643
98.443
98.5069
98.4228
98.1886
98.1225
98.1277
98.1787
98.2235
98.0481
98.2251
98.057
97.8696
98.0509
97.8645
98.1641
98.309
98.1964
98.0679
98.1049
98.0681
98.1039
98.1428
98.1328
98.175
98.0656
98.0695
98.065
98.0714
98.4186
98.5265
98.435
98.1952
98.1199
98.1948
98.1209
98.2232
98.0553
98.2464
98.0435
97.8646
98.051
97.8621
98.1548
98.3373
98.2011
98.0687
98.1049
98.068
98.1087
98.156
98.1416
98.1671
98.068
98.0721
98.0687
98.0781
98.4101
98.5105
98.4163
98.1916
98.1212
98.1952
98.124
98.3117
98.492
98.2736
98.1313
98.1726
98.1791
98.1211
98.0502
98.2343
98.2184
98.0338
97.8666
97.8578
98.0452
98.5404
98.2263
98.3072
98.1342
98.1758
98.1766
98.1345
98.0996
98.0281
98.0828
98.0202
97.9997
98.003
98.0136
98.2673
98.1987
98.1659
98.0726
98.1069
98.1055
98.0694
98.0763
98.0711
98.1384
98.0202
98.0017
98.008
98.0142
98.3226
98.3387
98.3036
98.1662
98.1432
98.1483
98.1599
98.1432
98.223
98.1484
98.0687
98.0695
98.0688
98.0658
98.3811
98.3037
98.3499
98.1646
98.1448
98.1485
98.1609
98.4135
98.4044
98.4059
98.1549
98.1618
98.1756
98.1996
98.529
98.4174
98.417
98.1918
98.1205
98.1246
98.1939
98.4072
98.4134
98.4266
98.1669
98.1953
98.1874
98.1729
98.4634
98.5624
98.2806
98.1357
98.1761
98.1352
98.1748
98.0482
98.2193
98.2271
98.0596
97.8634
97.8674
98.0589
98.5572
98.288
98.2716
98.136
98.1744
98.1736
98.1355
98.1801
98.0098
98.0751
98.0124
97.9979
98.0124
97.9979
98.2135
98.1988
98.1684
98.0674
98.1034
98.1033
98.0687
98.0489
98.0778
98.1479
98.0131
98
98.0008
98.0137
98.3291
98.3448
98.3187
98.1601
98.1438
98.1602
98.1458
98.1245
98.1758
98.1695
98.0666
98.0716
98.0707
98.0673
98.4274
98.32
98.3425
98.1602
98.1471
98.146
98.1605
98.4202
98.4041
98.4138
98.1799
98.1967
98.1796
98.2001
98.5534
98.411
98.4079
98.1955
98.1212
98.1245
98.1956
98.4056
98.4112
98.4224
98.181
98.197
98.1969
98.1749
98.3473
98.4291
98.2573
98.1317
98.1752
98.1346
98.1753
98.0486
98.2172
98.2186
98.0308
97.8323
97.845
98.0578
98.4398
98.2665
98.2568
98.1293
98.1713
98.1776
98.1186
98.2029
98.0313
98.0948
98.0116
98.0026
98.0144
97.9993
98.2605
98.193
98.1558
98.0765
98.1021
98.1078
98.0716
98.0284
98.1452
98.0865
98.0182
97.9994
98.0014
98.0156
98.3455
98.3559
98.3079
98.1606
98.1471
98.1611
98.1487
98.1258
98.2
98.1416
98.0712
98.0705
98.0717
98.0703
98.3554
98.3478
98.3058
98.1674
98.1474
98.1521
98.1637
98.4267
98.4042
98.3987
98.1545
98.1921
98.1714
98.1816
98.5062
98.4225
98.402
98.188
98.1214
98.1282
98.1777
98.4042
98.4131
98.3973
98.1689
98.1603
98.174
98.1889
98.4681
98.2041
98.4715
97.9213
97.9841
97.9352
97.9866
98.4623
98.2386
98.4621
97.9262
97.9745
97.9157
97.9584
97.5268
97.6567
97.5239
96.9168
97.3143
96.9245
97.3161
97.6587
97.5211
97.5238
96.914
97.3105
97.3142
96.9124
98.2072
98.4582
98.4744
97.9187
97.9819
97.9864
97.9123
98.4847
98.2425
98.4976
97.9874
97.9287
97.9466
98.0135
97.5187
97.7066
97.5287
96.9602
97.2783
97.2893
96.977
97.6968
97.5266
97.53
96.9458
97.3123
97.3036
96.9307
98.2311
98.4691
98.4924
97.9655
97.9717
97.9616
97.9502
97.5214
97.6768
97.5186
96.9303
97.3022
96.9195
97.2977
97.6848
97.5061
97.5157
96.9445
97.2691
97.2873
96.9615
98.2508
98.4585
98.462
97.942
97.9222
97.9383
97.9631
98.5197
98.3166
98.3325
97.5371
97.164
97.1728
97.5415
98.3382
98.5016
98.3165
97.5236
97.1653
97.5368
97.1724
98.5026
98.3366
98.3425
97.5031
97.1983
97.1833
97.4882
98.3118
98.484
98.2839
97.5288
97.2225
97.4969
97.2339
98.3795
98.5015
98.3714
97.5713
97.292
97.2095
97.6886
98.4942
98.2316
98.2382
97.5924
97.3419
97.2511
97.6696
96.925
96.1158
96.9227
96.0555
95.1565
96.062
95.1528
96.9206
96.1063
96.9201
96.0716
95.1568
96.065
95.159
96.1213
96.9258
96.9222
96.09
95.1609
95.1664
96.0712
96.1143
96.9238
96.924
96.0557
95.153
95.1541
96.053
96.9021
96.1095
96.9132
96.115
95.2875
95.1917
96.1866
96.0967
96.9101
96.9197
96.0946
95.2853
95.1868
96.1766
87.6502
103.098
99.725
98.7626
87.2487
102.34
113.586
108.802
107.315
99.2437
105.389
130.052
101.195
105.962
124.002
101.247
103.944
105.053
147.507
102.081
104.445
100.423
105.461
104.635
106.375
101.91
99.7132
102.091
103.618
104.095
101.256
107.042
103.83
104.093
100.352
118.519
97.2512
97.7143
110.409
113.925
97.8738
103.328
102.239
108.026
99.8192
102.723
104.559
106.432
102.946
102.709
100.176
104.919
98.643
102.555
99.652
98.3235
98.6625
113.188
101.239
163.68
98.697
117.504
121.238
88.274
113.935
87.4757
83.0291
103.581
115.815
120.736
101.108
105.241
101.963
99.1437
100.653
112.633
92.2964
125.481
97.8545
99.3647
103.871
123.77
100.18
102.108
101.093
88.8626
100.797
96.7758
101.106
86.8191
101.911
102.283
90.671
104.922
93.9964
103.635
99.4077
102.125
101.003
99.2602
95.1439
104.515
100.946
95.7084
95.5462
106.536
110.013
106.504
99.26
104.846
103.532
104.407
104.639
119.646
101.668
95.0788
110.157
98.6567
103.99
114.167
102.543
103.232
101.005
104.149
100.251
102.177
92.7875
93.8142
92.7615
93.7342
92.7873
93.8138
92.7613
97.857
97.8563
95.9134
96.0654
97.8543
97.8594
95.9149
97.857
96.0604
97.8566
95.9167
97.8582
95.9157
97.8552
92.7776
93.8261
92.7495
93.7389
92.7874
93.8184
92.762
92.7872
93.8175
92.7617
93.7443
92.7771
93.8251
92.7489
97.8467
96.0661
97.8516
95.9209
97.8437
95.9298
97.8519
97.8423
97.8548
95.9266
96.0968
97.8499
97.8637
95.9297
92.6287
93.6868
92.7133
93.5615
92.6284
93.6859
92.7136
97.845
95.9273
97.8233
95.9619
97.8395
95.9234
97.8254
97.8432
95.9644
95.9267
97.8259
95.9271
97.8276
97.844
92.628
93.69
92.7135
93.5714
92.6178
93.699
92.7004
97.8251
95.9401
97.8233
95.9647
97.8351
95.9456
97.8115
92.6183
93.6999
92.7012
93.5669
92.6284
93.691
92.7137
97.8356
95.9949
95.9349
97.8291
95.9514
97.8334
97.8381
97.8453
97.829
96.0007
96.0876
97.8361
95.9564
97.8211
97.8302
96.0813
97.833
96.0296
97.8303
95.9497
97.8344
97.8179
95.9902
96.0373
97.7939
95.9702
97.8037
97.8184
97.8301
96.0155
97.7943
95.9939
95.9732
97.8018
97.807
97.9471
98.107
97.9453
96.6161
96.5944
96.6166
96.5935
98.1085
97.947
97.943
96.6186
96.5929
96.5931
96.6194
97.9619
98.1161
97.9755
96.6143
96.5968
96.6191
96.5966
99.6862
97.4156
98.231
89.6246
103.968
96.6151
99.0012
98.1054
97.9508
97.965
96.6202
96.5994
96.5999
96.6207
98.1165
98.0825
97.9946
96.6239
96.6442
96.6154
96.6234
98.0626
98.1073
97.9941
96.6284
96.6463
96.6186
96.6206
95.4346
94.3992
94.3922
94.2063
94.6866
94.6906
94.2065
94.4218
95.4359
94.4086
94.2057
94.694
94.2071
94.6919
97.9005
95.847
97.8743
95.6696
97.8945
95.8443
97.8822
94.4163
95.4595
94.4412
94.2089
94.6893
94.2092
94.6894
97.8875
95.6822
95.8535
97.873
95.8626
97.8706
97.8933
97.8977
95.6729
95.8466
97.8784
95.8453
97.8768
97.8986
97.884
95.8553
97.8725
95.6784
97.891
95.8595
97.8665
97.8818
95.9358
97.8463
95.699
95.8859
97.8558
97.8635
97.8561
97.8214
95.7314
95.6032
97.8516
97.8204
95.7314
97.8543
95.6002
97.8192
95.732
97.8241
95.7307
97.856
95.4863
94.5591
94.4806
94.2125
94.6959
94.6989
94.2056
97.8782
95.7019
95.9591
97.8462
95.8862
97.8563
97.8742
94.5782
95.4926
94.4817
94.2183
94.7014
94.7029
94.2113
95.4732
94.4302
94.4488
94.2135
94.6941
94.6938
94.213
97.8442
95.6057
97.8173
95.7404
97.8108
95.7473
97.8503
97.8391
97.8186
95.7434
95.6139
97.8459
97.8164
95.75
97.839
97.7935
95.8294
95.6302
97.804
95.7762
97.8207
97.8346
95.6292
97.7925
95.8505
97.8031
95.7771
97.8264
105.522
98.4072
100.426
144.458
103.053
98.3129
100.245
103.751
136.287
171.663
106.476
97.8416
137.411
193.369
92.2601
93.5472
92.4457
93.4515
92.2604
93.547
92.4466
97.3058
95.2304
97.7084
95.3025
97.311
95.2321
97.7094
97.3069
95.2992
95.2293
97.7132
95.231
97.7082
97.3132
92.2608
93.5509
92.4469
93.455
92.2513
93.557
92.4347
97.3301
95.2331
97.7069
95.3018
97.3192
95.2329
97.7056
92.2497
93.5558
92.4333
93.4528
92.2595
93.5502
92.4455
97.3273
95.3048
95.2337
97.7081
95.235
97.7005
97.3189
92.7376
94.0303
92.6888
93.9569
92.7381
94.03
92.6884
97.3515
95.5031
97.6812
95.5415
97.681
95.5432
97.3569
92.7264
94.0348
92.6778
93.9618
92.7376
94.031
92.6896
97.3784
95.5013
97.6746
95.5431
97.6715
95.5431
97.3687
97.3509
97.6802
95.5409
95.5007
97.3585
97.6804
95.5437
92.7377
94.0307
92.6888
93.9648
92.7253
94.0339
92.6767
97.3407
95.2524
97.6933
95.3245
95.2437
97.6929
97.355
97.3426
95.3229
95.2524
97.6927
95.2424
97.6995
97.3549
97.3751
97.6807
95.5443
95.5025
97.3642
97.6719
95.5429
97.3936
97.6547
95.5494
95.5244
97.6628
95.5512
97.4123
97.3912
95.5233
97.6535
95.5481
97.6628
95.5496
97.4126
100.854
97.1557
97.744
104.579
101.185
97.9465
96.5629
96.8509
94.7506
96.1748
94.9644
96.166
94.963
96.854
96.9646
95.3287
96.6031
95.3607
96.9714
95.328
96.5951
96.9766
95.3609
95.3256
96.6007
95.3271
96.6016
96.9687
96.8835
96.1846
94.9624
94.7513
96.8667
96.2123
94.9574
96.9793
95.3632
95.3292
96.6079
95.3246
96.6237
96.9675
96.8625
96.1705
94.9591
94.7507
96.864
96.1682
94.9604
96.9529
95.3252
96.6167
95.364
96.9839
95.3278
96.6181
96.8752
94.7579
96.3007
94.9722
96.2253
94.9704
96.9622
96.8657
94.7536
96.1931
94.9585
96.1897
94.959
96.8803
96.9696
95.3389
96.7316
95.3691
95.3366
96.648
97.0619
96.9669
95.3706
95.3369
96.7279
95.3433
96.6488
97.047
96.8719
96.2907
94.9709
94.7612
96.2274
94.9738
96.9564
102.591
84.4888
102.383
95.0563
105.993
91.4928
99.4344
104.829
103.258
100.039
99.7194
108.067
104.899
103.565
102.76
96.5062
100.515
102.74
103.401
99.33
100.405
97.2587
120.142
100.964
94.3208
97.8652
110.741
100.821
103.978
104.75
101.687
103.82
99.2187
100.597
99.8353
98.3987
95.9852
97.2219
99.0788
98.6429
94.0436
97.7852
120.734
95.8074
105.147
102.339
119.856
96.6277
96.9849
97.7703
110.245
101.292
98.6138
99.0648
100.325
102.046
97.8408
99.6028
103.045
99.7539
89.1134
98.172
101.866
97.4264
97.3494
97.296
96.3981
96.4017
96.4127
96.3891
97.3894
97.2266
97.2263
96.3928
96.4033
96.4027
96.3923
97.2486
97.3903
97.2341
96.3954
96.4033
96.397
96.4027
97.2398
97.4031
97.2639
96.3942
96.4074
96.3958
96.408
97.4032
97.2563
97.2599
96.3951
96.4076
96.4075
96.3982
97.3403
97.4276
97.2806
96.4002
96.4025
96.4123
96.3905
99.1373
100.74
99.7799
99.3898
98.3767
109.245
99.877
91.824
101.969
108.001
107.259
92.1314
113.163
106.613
175.615
103.498
102.595
131.26
111.012
92.7114
101.499
93.1971
97.4514
97.2651
98.7202
94.9817
96.2631
96.659
102.159
96.3319
97.2745
98.5277
99.77
96.3102
97.0304
97.6985
140.849
170.341
97.1918
89.3805
102.146
117.244
102.128
98.6205
93.4341
98.2152
101.117
96.9308
93.4682
102.813
100.868
100.346
100.679
103.025
102.449
103.493
91.7445
93.1176
92.0032
92.6773
91.7447
93.1174
92.0038
93.1301
101.266
111.639
106.341
95.5621
100.396
108.504
95.2073
94.453
95.468
94.4324
95.209
94.4536
95.4659
95.2073
94.4319
94.453
95.4678
94.4536
95.4679
95.2093
91.7351
93.1204
91.9914
92.6777
91.7441
93.1176
92.0031
102.68
112.441
102.255
108.658
123.836
102.967
96.3913
94.0215
105.83
80.989
92.4826
90.1674
104.454
80.208
95.211
94.4376
94.4548
95.4738
94.4531
95.4821
95.2104
91.7448
93.1184
92.0041
92.6781
91.7359
93.1212
91.9923
95.2097
94.4548
95.4737
94.4385
95.2096
94.4531
95.4779
95.2146
94.4461
95.5906
94.4428
94.4555
95.5063
95.2222
95.2136
94.4432
94.4461
95.5862
94.4556
95.5059
95.2211
92.6546
93.9048
92.5912
93.9674
92.6551
93.9047
92.5912
96.3827
96.1551
95.5295
95.1991
96.3822
96.1526
95.5304
96.3866
95.1989
96.1546
95.5297
96.1527
95.5304
96.3858
92.6427
93.9068
92.5793
93.969
92.654
93.9047
92.5917
92.6554
93.905
92.592
93.9708
92.6431
93.9071
92.5797
96.3875
95.2049
96.1627
95.5315
96.1703
95.529
96.3866
96.3861
96.1612
95.5315
95.2052
96.3887
96.1696
95.5288
96.3889
96.2822
95.5211
95.2103
96.1973
95.5322
96.389
96.3886
95.2102
96.2831
95.5203
96.1965
95.5316
96.3878
92.5154
102.144
106.301
82.0068
78.977
88.9187
87.8651
104.504
103.578
77.6498
92.6161
105.494
97.191
80.5866
94.1795
94.1126
94.1043
94.0104
94.0983
94.0986
94.0106
94.094
94.1716
94.0974
94.0104
94.0965
94.0112
94.0979
94.1236
94.1729
94.1319
94.0157
94.0999
94.0148
94.0982
94.1672
94.099
94.1089
94.0155
94.0984
94.0979
94.015
94.1827
94.2215
94.1499
94.0195
94.0926
94.1012
94.0096
94.2065
94.1803
94.1341
94.02
94.0931
94.102
94.0107
99.753
113.321
101.472
99.5805
101.795
110.476
110.4
103.799
102.57
103.654
103.846
110.367
105.924
107.151
99.7519
109.514
105.851
98.0464
99.6901
105.867
100.279
119.728
100.21
103.939
101.046
115.316
118.088
80.0366
129.493
105.787
129.498
114.82
121.26
95.864
104.811
98.9272
100.502
99.7266
93.7096
96.4433
100.687
99.7662
105.472
92.0013
121.104
106.273
115.588
120.01
122.628
106.422
95.3596
105.053
106.438
109.344
108.513
112.641
110.715
63.9429
97.1039
173.964
106.534
180.474
130.323
96.9074
97.22
96.8701
96.1472
96.4165
96.1549
96.4172
97.2169
96.9148
96.9168
96.1626
96.4184
96.4156
96.1639
96.9095
97.2189
96.9153
96.1635
96.4075
96.4188
96.1498
96.9324
97.225
96.9612
96.1566
96.4186
96.152
96.4162
97.2242
96.8549
96.8228
96.1437
96.4165
96.4172
96.1444
97.2257
96.9148
96.9418
96.1619
96.4072
96.4189
96.1487
98.2856
102.08
100.693
129.253
100.823
101.655
100.105
96.2137
105.701
97.6613
94.6995
95.194
110.352
97.7813
112.878
101.998
107.548
102.857
120.456
102.111
108.072
103.377
91.7288
98.7188
94.87
98.8856
91.5306
103.487
105.813
101.882
94.7308
113.463
107.548
107.191
96.0409
103.703
102.43
112.878
127.712
101.601
102.036
103.882
102.165
89.4394
106.37
96.3575
93.2765
90.8947
109.754
100.707
92.0267
104.517
106.255
100.588
93.1645
108.435
99.4829
100.097
99.9861
100.468
101.324
100.432
100.624
108.186
97.9205
98.3724
99.7678
96.1239
102.879
98.6524
102.16
101.951
110.103
98.6654
101.8
106.088
113.207
116.753
94.8341
98.6124
88.199
102.599
94.7346
98.3602
100.951
101.428
108.9
103.367
100.844
104.587
104.906
103.578
98.4503
102.604
99.1295
105.673
98.416
104.253
101.12
101.976
102.184
108.589
101.151
107.04
101.119
100.738
97.4657
104.666
102.751
102.778
100.071
100.885
129.298
100.486
103.268
120.205
103.058
115.618
116.986
98.8559
99.4821
99.3205
100.923
100.67
100.518
104.482
97.7513
99.6882
100.557
98.7905
99.939
99.0468
99.7227
97.456
98.0327
98.1715
96.2752
100.692
98.0818
97.1881
96.0296
101.698
96.3268
99.9031
101.519
94.1126
94.1749
97.5932
105.462
104.862
107.448
103.071
109.402
107.991
96.9033
95.9938
95.8229
97.7684
93.098
94.7767
97.7235
98.0681
95.3943
100.153
105.495
102.873
101.412
104.448
91.4394
87.6866
94.1185
107.049
88.6975
83.0655
96.9631
95.7101
97.5006
95.7044
96.1906
93.8567
95.0693
96.5858
104.015
99.4826
101.769
101.712
102.762
104.621
102.345
107.617
102.508
99.4999
101.385
102.053
100.85
96.4858
100.124
101.573
101.795
100.408
100.685
100.943
102.858
98.1095
99.1847
102.254
106.948
95.8739
101.838
103.229
101.673
109.013
105.518
99.6697
112.664
101.431
100.04
103.728
102.001
102.9
98.2539
99.8683
97.3369
98.4327
104.953
104.055
99.3212
100.754
105.214
103.248
99.5734
94.4609
101.276
98.568
108.938
102.875
105.191
100.891
104.823
99.9398
100.848
98.6489
99.8867
100.499
121.684
102.595
102.134
98.2142
96.2496
94.5333
91.9597
98.871
118.528
99.9517
101.627
99.9033
101.631
103.16
105.144
98.2264
102.815
100.368
94.3518
103.852
102.313
94.8587
97.1806
104.003
97.5355
95.0109
103.589
99.0595
103.261
97.9191
96.6324
98.0845
97.0199
104.419
97.6062
105.629
105.83
95.7846
101.148
100.019
96.1571
101.167
125.389
103.197
98.526
105.986
96.3701
102.572
102.163
94.5269
95.5353
101.152
95.1867
101.885
95.5037
101.688
108.413
107.14
99.2687
105.894
99.8211
96.7767
99.2686
108.834
95.1381
107.068
104.365
106.443
105.508
112.496
104.77
104.688
104.968
103.756
99.0134
100.749
106.54
110.184
98.5013
102.476
98.3947
95.6472
92.2937
92.2408
98.3921
114.205
105.895
109.461
109.937
99.6767
103.441
99.7459
100.951
99.7948
98.2951
103.045
100.62
100.049
99.5283
111.856
106.462
103.106
105.552
105.33
99.587
99.6526
97.4248
101.03
104.152
102.68
108.096
104.492
105
106.998
95.6086
106.691
95.6449
108.422
101.284
93.686
108.225
99.9201
103.378
112.875
101.598
113.106
103.842
99.0573
104.815
130.372
138.265
91.5106
103.174
131.257
97.4418
111.464
106.317
103.822
97.0385
111.918
103.671
94.7032
93.6988
94.1626
94.1305
94.1609
94.1313
94.7065
96.1656
95.2732
95.3619
96.0678
95.3595
96.0693
96.1698
94.7026
94.1629
94.1307
93.6992
94.7062
94.1609
94.1315
96.1667
95.3604
96.0657
95.2753
96.1724
95.3619
96.064
96.1658
95.2749
95.3615
96.0659
95.3621
96.0642
96.1719
96.1822
95.3639
96.0681
95.2724
96.1772
95.3616
96.0685
94.7106
93.6977
94.1664
94.1322
94.1708
94.1301
94.7094
94.7091
94.166
94.132
93.6984
94.7082
94.17
94.13
104.322
93.9205
103.873
89.5477
95.132
87.0402
97.4431
96.1706
95.3525
96.0745
95.2765
95.3632
96.0726
96.1837
96.1842
95.2752
95.3527
96.072
95.3644
96.0711
96.1847
112.608
110.412
103.31
104.843
103.532
100.863
104.745
94.7131
94.1738
94.1228
93.7005
94.1736
94.1327
94.7182
94.7128
93.7008
94.1737
94.1228
94.1736
94.1326
94.7185
99.181
100.927
98.6267
100.558
100.645
103.633
101.788
108.204
119.805
98.4908
139.24
99.0076
96.7498
94.7805
94.639
94.2328
94.6443
94.4422
94.0884
94.4432
94.0871
101.471
-31.4707
117.532
96.2418
103.725
-29.7322
121.379
94.2243
94.5991
94.6175
94.4413
94.088
94.0871
94.4417
94.2514
94.6264
94.6248
94.4427
94.0925
94.0919
94.4451
94.6309
94.2548
94.6553
94.4439
94.0921
94.4442
94.0927
94.25
94.6209
94.6386
94.4475
94.0853
94.096
94.4386
99.3089
73.5625
107.898
98.7995
98.0479
58.9337
117.757
94.6387
94.2535
94.6294
94.4448
94.0853
94.0952
94.437
102.873
101.795
113.638
103.66
110.665
103.422
103.306
104.971
96.7734
96.7173
104.129
104.519
104.454
104.43
105.37
100.567
110.788
109.429
114.629
113.479
104.784
98.571
98.6203
100.225
105.566
100.893
101.173
105.635
108.313
102.531
108.237
102.251
103.505
103.175
105.72
106.582
114.053
106.348
106.743
112.187
110.219
116.76
99.1454
103.841
101.4
103.009
104.454
104.433
110.785
99.8079
108.685
97.2052
105.52
103.432
104.053
103.507
117.666
111.884
115.148
113.94
112.759
118.55
120.727
104.424
106.393
105.541
103.746
102.981
123.273
119.343
102.159
98.5661
102.012
108.392
101.446
102.129
106.985
113.79
93.7644
98.9648
99.288
98.6107
94.7232
102.161
92.9163
92.7793
95.4957
93.8396
82.5807
92.8022
95.7384
85.8936
95.796
95.1177
94.0349
92.861
94.5819
97.6857
106.477
96.0255
86.8508
91.8011
122.263
91.4225
81.9118
94.9211
87.5623
88.0004
105.158
91.62
93.2658
87.2421
73.7597
101.104
110.457
88.2377
80.2814
105.837
131.702
82.3901
104.588
116.206
97.9649
88.0701
99.4497
97.874
104.434
105.484
104.593
99.4038
103.208
99.4853
104.363
97.8603
97.9408
99.5524
120.166
117.263
104.008
100.923
96.3108
106.213
102.73
93.8528
94.4783
79.6674
79.4029
129.949
99.9303
101.08
98.2607
130.633
102.288
99.0825
100.813
102.473
102.141
111.677
118.682
103.005
99.5564
153.974
100.359
104.491
102.447
342.999
100.364
99.0582
106.124
91.8503
105.369
94.5705
103.372
104.589
92.0125
90.794
92.1134
100.523
108.366
108.723
109.182
98.1253
110.06
95.6138
100.989
100.872
108.544
105.154
105.678
93.8573
112.097
113.929
127.229
92.0521
141.707
111.838
89.5469
93.9011
80.0998
91.577
88.9089
89.2264
125.946
99.8834
105.465
104.916
124.109
104.634
76.4097
100.162
94.6039
99.5364
139
99.9259
81.094
99.5711
98.1919
99.0266
97.7362
101.993
106.228
98.3691
97.6938
102.597
83.1941
104.429
111.359
102.73
173.811
103.353
117.865
97.1935
115.18
103.803
103.832
109.877
110.963
107.036
93.21
97.3674
121.491
92.6166
93.6239
103.549
123.474
88.6922
132.438
126.125
106.008
103.928
131.861
132.601
106.118
103.873
104.323
107.237
161.584
105.791
134.15
99.7271
105.519
74.3081
105.363
104.519
76.8179
121.649
92.935
94.6233
99.2649
99.498
93.1066
93.6833
121.109
113.572
105.128
97.8823
97.5961
116.876
101.017
125.532
108.12
115.132
103.406
103.76
109.355
111.487
106.934
110.341
98.1733
114.266
99.6908
102.575
102.615
110.486
100.462
83.2744
100.42
99.2268
82.4141
99.436
97.0325
102.772
105.196
103.029
103.917
99.3967
119.678
114.84
98.3386
110.166
107.409
99.1949
102.667
102.979
100.967
119.351
100.769
108.554
103.464
106.766
108.044
103.612
81.3383
148.3
152.478
61.215
58.4584
111.768
113.944
103.226
122.373
120.368
121.891
110.476
99.5895
104.144
92.6686
96.7478
97.7377
91.8056
93.7013
97.0106
97.9114
109.382
103.248
109.649
97.8938
95.233
98.5705
94.5432
104.349
103.94
104.166
99.6595
99.5663
108.782
108.73
77.316
101.267
54.0992
91.8251
73.9837
99.4511
140.758
81.0043
132.734
32.8886
97.3385
89.046
114.996
176.473
103.624
111.424
110.374
179.907
114.527
109.476
102.66
117.926
109.399
110.611
98.7677
100.036
99.2547
99.7899
99.6686
115.452
128.655
96.6099
110.974
103.978
95.1866
98.1621
102.739
97.0973
104.689
101.842
99.1899
99.6017
106.261
99.8048
100.258
102.164
101.977
103.259
104.399
97.4127
97.136
96.857
101.935
98.2189
106.527
103.908
326.812
81.9175
157.924
111.496
123.71
139.89
141.905
98.6713
78.3407
75.364
100.176
102.754
96.6075
97.7781
88.6934
97.4335
97.6203
94.9686
97.1777
97.6024
95.6715
86.2929
82.4521
82.6457
91.798
92.8263
92.5555
91.7011
114.729
41.7025
138.197
99.3105
43.7519
100.399
137.587
90.4901
89.2353
99.7635
95.0852
97.4709
95.0424
97.6185
127.415
112.431
94.4687
93.745
94.2919
89.4763
99.7419
99.1552
98.8114
99.1663
100.897
99.5915
100.503
100.321
155.621
106.672
94.0127
96.9846
120.105
93.3174
96.3615
136.044
117.925
95.1299
93.1459
95.3089
93.6847
117.71
120.725
152.456
100.457
85.5372
104.892
178.704
138.253
76.4125
86.7984
92.303
92.1213
94.823
92.4516
94.0291
12.1834
175.308
27.4557
-18.4641
97.7606
129.18
14.1032
111.684
214.761
118.554
69.6599
113.747
56.5051
97.2142
120.467
90.2277
92.0698
107.48
123.016
88.5575
136.448
99.3431
97.51
101.958
105.97
107.282
120.511
109.96
87.319
114.163
94.3749
101.541
94.7269
112.113
118.501
95.0286
119.747
95.3705
100.881
94.7918
96.151
106.308
122.341
102.624
96.7898
97.9954
100.944
95.7174
95.3476
98.9011
106.701
99.0517
97.5138
98.564
97.4029
101.56
109.318
101.06
82.6097
105.127
117.735
108.209
84.3065
129.045
87.0614
78.891
87.6528
88.7396
118.436
123.608
93.4838
101.863
100.235
123.675
139.582
90.3567
88.2949
86.1808
83.8578
80.9748
97.1665
96.1482
98.2492
101.617
133.427
172.712
91.9172
72.4276
168.981
112.918
132.178
88.5887
88.9977
124.424
92.5103
89.1454
88.6881
95.3947
100.485
103.972
97.5616
84.4004
105.543
85.2141
112.576
100.316
114.452
115.054
107.06
104.834
97.7452
107.292
103.078
100.531
117.558
100.002
102.824
116.175
105.275
111.551
103.266
102.128
98.9688
99.0634
103.151
99.032
95.2917
100.658
100.431
118.043
99.0007
102.781
97.2057
101.027
98.8632
103.059
107.031
101.918
106.161
101.218
116.753
119.935
117.339
69.3689
108.414
103.556
70.652
95.958
101.047
100.508
98.8952
98.3978
98.6945
98.5244
96.3131
97.2762
96.4363
111.785
103.26
95.2512
94.3255
80.4898
95.4405
94.8526
107.668
117.54
116.226
108.979
100.413
108.49
103.497
103.744
101.398
101.443
115.721
101.305
116.456
104.859
102.492
101.974
101.41
106.271
97.1097
102.27
99.4398
103.832
104.551
104.187
104.328
113.486
112.541
112.654
96.4721
94.3403
164.564
153.611
106.129
104.052
97.757
99.779
105.842
99.7902
100.888
102.25
101.543
106.591
97.4212
100.917
95.4332
102.007
112.316
127.555
117.868
95.9252
111.559
106.91
96.2338
106.446
106.06
104.89
102.109
101.42
99.9853
99.5345
96.3651
95.7504
96.1056
128.542
96.4829
95.4552
97.0127
98.5244
95.2845
98.634
96.1262
98.3041
95.1182
97.0402
104.962
83.4086
104.151
103.897
104.618
101.488
99.8248
91.0468
96.3378
94.2447
111.28
107.141
107.525
110.781
126.337
91.1195
91.9014
96.2823
95.9458
108.537
116.715
124.162
96.9212
117.601
92.9234
100.188
92.3954
100.861
93.528
110.445
94.3058
109.01
100.218
101.2
108.576
91.8489
92.1672
118.038
74.2686
131.252
75.546
97.2183
94.199
100.246
100.53
97.2258
95.6162
95.633
107.564
105.263
99.0712
96.9075
100.716
108.191
108.711
100.334
100.239
100.404
98.7155
116.421
114.708
100.493
102.201
103.533
107.969
109.373
120.929
96.8229
106.308
98.9834
96.3857
103.559
99.5984
94.6646
94.7563
96.4281
102.7
93.9661
119.583
123.731
93.7615
101.469
97.71
102.97
104.173
99.0269
99.0535
97.1201
96.5633
100.235
100.873
102.98
107.082
107.533
102.753
102.064
104.926
106.407
109.058
113.903
108.991
117.375
112.632
111.45
110.395
125.611
95.6988
97.3241
94.9537
100.908
96.7469
95.3203
100.971
102.711
100.008
110.619
101.993
101.449
99.9931
106.345
97.4431
104.834
102.079
98.9225
102.351
128.625
119.227
105.896
103.183
103.636
102.794
131.432
107.775
99.5057
98.2618
99.8157
101.423
99.4477
124.635
101.407
90.0048
103.791
127.488
112.134
85.2199
100.206
136.356
108.58
106.812
108.745
106.971
102.547
106.204
105.674
91.4264
98.1576
99.3505
112.2
99.9271
92.1492
94.6695
99.8921
127.903
89.4017
98.7769
100.188
168.583
31.6568
472.863
95.2162
222.645
154.953
250.439
143.027
282.858
250.49
100.946
244.022
144.752
134.581
127.894
139.709
94.9302
124.937
103.293
122.498
142.021
91.8386
123.877
94.3266
105.636
99.3664
95.5652
98.7582
98.6501
96.5373
160.799
100.315
98.8658
99.4313
189.59
106.964
99.2842
118.579
114.07
99.9476
94.4793
114.004
109.018
99.9539
114.908
117.852
119.976
103.64
103.492
99.1799
99.7656
97.4089
113.671
96.8082
98.828
85.3887
100.385
82.2888
98.0418
97.5114
93.5961
92.6871
103.628
102.048
92.9618
95.7755
93.9678
93.8348
111.385
110.607
100.459
112.09
109.468
94.9981
102.45
92.3904
99.9935
102.399
101.916
104.946
104.34
109.996
109.097
112.969
103.195
107.261
102.328
83.1358
97.1231
95.6203
101.197
101.495
83.5676
109.852
103.971
68.4482
93.5378
141.535
57.9024
92.8381
114.135
97.5558
97.9631
94.4062
93.6397
83.4135
94.4146
101.151
118.435
100.43
107.189
94.7792
95.8783
107.632
119.829
109.762
110.479
123.541
81.4266
109.541
107.718
83.5414
101.294
103.035
84.0526
101.989
83.6221
112.339
98.6095
109.549
108.369
106.525
118.675
119.434
107.21
101.553
86.4802
128.045
105.532
107.832
138.547
101.188
108.678
109.579
108.312
110.803
109.486
109.784
109.211
86.6615
138.444
129.821
91.5029
125.526
65.8254
67.4557
96.6466
95.9053
96.6684
95.9024
95.3366
95.905
95.3354
97.8222
97.8413
97.852
96.4147
98.4478
97.8884
99.4079
102.875
125.051
107.256
100.734
106.388
106.477
107.166
99.8496
112.384
90.3705
107.072
106.852
101.755
106.119
95.9045
96.6771
96.6837
95.9024
95.333
95.9045
95.3343
128.18
102.495
131.026
113.741
90.5829
90.0876
123.526
103.089
100.89
100.678
100.778
101.052
97.2613
97.4307
121.662
90.4652
90.4476
99.4797
102.175
98.9701
99.5469
97.6994
109.443
95.1858
101.083
87.3312
100.092
101.537
82.8498
97.6427
103.007
97.7165
82.0978
97.971
99.4958
106.471
68.6976
116.059
93.7818
104.752
71.1451
73.9264
93.2837
126.865
85.3729
89.3251
126.322
122.384
89.6026
96.6661
95.9154
96.6476
95.9127
95.3282
95.9002
95.3387
105.885
114.225
99.4262
73.5297
76.3812
76.9848
74.9967
108.167
91.8591
94.8244
101.937
85.5148
82.3971
100.815
101.1
102.086
107.39
101.179
100.817
97.4493
97.5424
99.8599
106.219
99.1304
100.126
107.577
99.9934
106.535
123.911
60.6501
73.0826
39.455
120.632
44.0952
116.541
102.567
97.7981
103.063
113.144
109.244
103.693
103.228
101.904
105.453
101.737
110.567
110.117
96.202
95.9853
97.2871
102.433
103.484
111.866
109.283
102.806
102.655
106.925
116.272
114.92
104.411
94.7407
96.5538
107.938
97.638
102.284
147.153
119.831
94.5265
120.716
102.134
96.6798
95.9123
96.6812
95.9069
95.3352
95.908
95.3334
103.003
98.8575
107.886
112.361
104.385
108.084
123.961
103.108
101.749
101.558
106.869
106.283
96.2103
96.1656
101.235
106.72
104.127
105.153
103.708
104.134
104.851
93.5204
107.859
101.12
108.855
103.426
107.35
105.239
107.572
98.5893
104.439
126.022
110.051
95.5773
104.52
106.064
123.793
95.5796
96.1668
116.627
101.662
105.15
107.291
102.558
100.304
99.5379
103.677
99.5169
107.821
122.305
99.1821
118.942
115.027
141.253
99.1335
100.682
97.4784
101.903
100.08
87.5673
97.0455
106.468
99.9378
106.824
126.835
105.186
120.312
105.479
120.698
104.63
95.9092
96.6683
96.6702
95.9073
95.3375
95.9083
95.335
103.704
98.5002
100.962
102.839
95.9945
105.154
130.961
134.394
106.506
104.473
105.363
105.11
122.666
125.421
104.836
107.11
99.4137
103.355
110.502
101.107
103.867
104.03
98.6018
108.261
108.317
98.0767
107.489
106.306
105.376
98.3427
97.6205
104.023
104.046
104.917
103.253
104.084
112.897
117.593
105.295
115.16
104.872
122.248
164.324
256.078
98.1164
116.186
110.909
260.181
177.946
93.7787
98.5749
111.383
104.344
94.1928
98.8655
108.863
117.465
104.647
168.032
106.894
107.446
94.2962
104.211
106.669
106.085
119.587
106.348
104.991
106.408
119.634
106.74
95.8558
94.7733
106.025
101.652
95.9494
92.3712
95.9152
96.6803
96.68
95.9099
95.3265
95.8983
95.3374
130.462
102.424
122.329
163.957
146.489
112.294
160.981
107.515
97.9032
103.936
113.042
106.245
106.188
111.775
109.085
116.589
106.614
104.141
106.808
104.594
104.209
106.817
113.373
106.624
114.874
109.402
109.422
117.646
174.044
87.8597
184.351
90.1292
152.718
176.117
91.6687
89.4357
97.6728
87.0547
89.8849
90.5723
97.7143
87.8734
119.078
107.886
114.252
97.703
114.282
126.976
100.762
106.179
103.15
100.423
101.735
103.329
104.798
102.041
98.2738
102.625
97.0597
98.2928
106.176
100.479
107.97
113.986
107.375
99.2456
113.173
104.763
119.859
105.229
100.638
110.936
100.551
98.2125
112.617
100.689
99.8618
100.751
100.942
101.572
116.454
114.907
100.961
100.682
101.85
99.9316
99.6561
114.332
118.114
102.608
102.053
116.043
94.8743
102.583
101.379
105.499
112.161
107.859
114.207
95.4705
122.791
141.795
107.01
112.762
107.846
96.3674
111.085
111.638
101.682
102.007
102.133
103.34
108.525
105.632
104.693
111.43
110.712
111.169
110.004
106.754
156.22
106.472
102.762
102.48
102.16
99.7194
112.27
99.2419
112.509
75.6329
102.132
101.698
77.2685
107.064
110.119
109.078
120.586
111.096
128.729
89.5155
96.733
91.3679
91.259
92.1479
91.8565
92.8483
96.3285
98.1085
92.7164
92.3181
91.6825
92.3918
96.4916
92.781
104.847
97.1217
102.183
102.154
97.7697
100.458
104.794
83.1435
80.578
87.5435
85.4809
105.927
112.319
84.6397
102.817
97.6982
98.2633
105.481
104.765
123.327
110.662
100.213
101.756
106.317
107.021
101.56
102.618
100.117
98.5869
98.435
104.685
103.244
98.7999
114.473
102.927
96.1763
89.0004
97.3086
91.1266
96.6352
97.1919
93.963
99.5229
97.7729
102.772
100.855
103.509
103.367
99.2753
96.363
100.198
93.1829
96.3298
97.2343
96.2358
97.3769
101.069
102.868
98.8503
113.274
110.731
106.537
113.087
109.662
97.7374
111.15
119.747
106.236
107.016
119.059
110.604
98.8134
110.185
102.519
103.595
99.9075
98.135
97.233
103.844
114.078
103.608
99.7863
103.739
111.429
110.329
99.4375
98.1705
105.994
102.999
115.948
100.44
98.3663
105.378
98.7607
103.709
105.453
105.759
103.209
97.443
104.987
103.214
110.832
105.396
97.6779
106.853
96.3822
106.627
112.944
90.3082
94.5493
111.457
106.611
120.412
101.704
166.402
128.454
111.885
104.116
114.469
94.1197
94.5639
102.564
102.851
110.704
100.612
94.5234
101.376
104.068
109.093
98.8256
103.265
106.951
107.016
97.0925
115.83
98.7816
111.454
111.16
99.7076
101.16
109.964
112.256
114.811
110.704
109.168
111.144
112.554
103.385
102.344
123.565
108.727
99.7395
99.341
114.059
79.4329
98.7561
96.3638
96.7217
95.1092
95.9591
81.7758
145.988
62.639
111.626
111.172
81.0351
143.879
63.0731
82.2611
83.0925
82.6331
94.0428
91.5843
90.7467
90.6974
112.687
106.817
100.925
102.958
113.354
99.95
107.132
108.742
93.3181
108.904
156.256
105.534
149.83
105.801
98.1519
102.874
102.295
99.6974
105.246
105.2
101.363
45.2226
102.661
44.9862
101.961
101.146
136.104
135.763
101.835
95.753
99.0885
110.946
110.96
114.198
109.276
89.4982
142.097
89.233
80.8068
77.4459
98.7859
98.1507
96.0352
89.5915
109.397
97.8997
101.146
88.4112
105.968
99.1743
99.3248
104.312
99.3776
99.414
98.8126
103.533
101.938
102.628
97.9635
106.912
108.413
107.812
106.526
96.3764
106.177
94.994
102.722
97.1541
97.8688
104.606
115.093
104.049
104.547
128.011
105.15
121.712
101.488
103.612
107.771
107.912
102.984
104.392
101.956
102.689
99.3857
96.969
102.417
99.3938
99.2501
96.551
102.507
111.404
98.2222
98.6461
103.936
105.064
102.571
123.374
99.5603
99.8365
101.868
97.9381
103.317
106.782
99.1026
103.27
125.74
126.146
96.8982
108.221
118.574
116.941
97.1323
96.9377
97.3668
105.558
100.74
101.351
106.099
116.502
99.7423
99.7676
112.679
102.674
104.72
102.685
109.426
112.346
111.432
98.0492
113.347
98.7587
108.724
107.032
104.36
107.138
101.915
105.124
101.917
103.04
114.871
97.7982
99.2276
111.66
111.874
99.5776
99.3737
103.15
165.96
121.874
99.3384
123.717
110.328
100.556
93.1786
108.292
109.016
149.091
149.048
105.615
105.663
109.059
115.879
123.923
106.633
98.8461
125.397
99.1156
104.275
105.841
99.3254
104.822
105.752
107.002
105.531
99.6664
97.8585
98.778
99.0792
95.9345
103.198
102.515
88.7758
90.2809
97.5908
103.732
98.5009
99.4989
103.844
105.64
102.632
95.7311
94.5928
96.0236
95.3606
102.291
101.72
115.923
101.836
103.323
108.344
102.743
101.798
106.033
107.97
121.143
120.52
104.809
104.765
109.058
105.183
103.693
105.904
102.482
101.891
101.223
101.721
98.4379
104.234
99.1949
103.155
102.763
96.8855
166.204
103.291
110.957
104.065
103.552
103.649
109.721
107.348
104.931
98.8313
98.3893
96.5252
96.2445
99.3653
99.1598
106.068
108.624
109.527
97.129
108.566
109.065
110.017
107.853
89.5627
95.8109
101.757
108.866
139.188
150.599
100.581
112.432
110.147
108.66
99.4496
99.0168
113.107
97.6609
97.1096
96.7024
127.688
98.7346
99.2413
122
99.6478
109.915
95.9177
100.601
94.6993
103.387
103.14
104.763
97.9161
96.3703
107.593
102.628
103.337
102.688
99.3274
99.1939
98.0923
101.156
104.119
124.787
104.024
106.93
104.759
99.1091
103.305
105.876
106.968
105.499
112.066
114.418
106.78
109.252
114.913
122.571
153.203
107.839
114.656
104.661
105.308
102.822
106.775
107.599
103.792
98.209
95.5409
102.146
97.3712
95.5026
107.506
102.616
105.293
114.203
108.209
99.9727
105.728
112.305
125.565
101.555
108.979
110.073
112.564
119.52
95.3626
99.4159
115.408
103.297
100.383
97.9118
112.952
112.327
98.3864
98.3127
99.6761
98.9415
104.846
106.937
95.6573
96.446
100.689
96.4227
94.6629
94.9949
112.535
98.274
111.171
84.1501
103.884
104.889
104.921
101.274
101.47
121.68
99.8613
98.8979
97.1259
94.3872
112.317
105.49
109.148
102.499
112.696
116.922
117.395
109.371
103.292
126.952
109.725
107.244
99.9645
107.117
106.308
98.3876
109.89
113.84
107.955
103.223
102.53
96.9692
97.5264
106.249
120.316
120.815
94.8745
96.0085
115.12
109.487
98.9742
97.9391
97.0119
99.7242
108.004
103.352
101.068
108.669
104.106
105.93
109.236
104.848
105.877
105.259
104.284
108.928
107.396
105.743
105.847
104.936
107.727
103.263
100.967
100.534
96.3493
110.267
125.762
103.455
107.816
106.729
116.485
107.512
117.348
106.274
141.927
111.961
109.702
111.619
86.6656
89.2681
94.7856
100.535
114.913
106.665
118.239
107.88
108.415
107.437
108.468
109.154
102.669
109.467
120.752
125.54
105.113
119.165
99.664
108.047
101.218
106.816
104.021
101.059
100.761
110.268
103.957
109.695
98.8554
99.7999
99.1967
98.7239
78.3173
97.6487
100.014
100.043
94.4905
126.951
110
92.5816
95.0314
98.5952
97.582
90.7847
92.0952
105.648
110.983
82.7163
144.584
67.3852
146.417
63.596
116.528
97.4469
107.332
102.494
80.7154
101.844
96.2204
134.052
103.879
98.9968
103.79
105.694
111.417
105.939
113.358
99.5133
120.987
130.916
92.2137
106.016
109.431
134.477
85.3457
94.5895
171.363
81.5607
82.3782
102.928
98.622
116.304
111.743
111.375
80.3137
133.292
99.9223
105.144
106.246
94.6425
94.9204
104.288
101.041
107.309
101.115
101.382
102.072
103.705
98.9688
97.238
102.17
99.5145
101.412
104.33
104.207
96.4471
103.638
106.917
106.876
87.371
142.553
88.5473
76.2937
99.2116
78.3765
96.7632
104.288
113.939
101.224
100.982
108.092
107.84
104.93
90.9263
115.566
120.421
142.262
119.984
93.0815
95.2291
108.433
98.3622
106.111
112.941
105.354
109.475
108.603
113.905
102.353
116.389
108.16
107.854
105.696
106.16
100.248
98.5877
95.5425
93.6062
99.8607
99.4498
95.4057
102.586
105.025
106.843
96.4827
103.692
98.9383
107.724
106.128
108.435
109.592
98.7932
117.013
99.7306
99.6689
103.288
112.887
109.433
96.5101
105.202
106.174
94.3081
100.496
100.762
103.166
110.192
110.112
99.0675
101.539
111.1
107.692
105.598
105.777
108.511
105.109
108.798
103.282
225.977
87.6464
123.713
88.7099
123.102
197.806
108.323
99.5773
107.727
111.446
106.113
110.046
109.652
98.9068
115.409
98.7223
94.3994
100.086
99.4056
93.8385
103.475
106.753
94.2522
131.682
132.423
108.552
104.95
117.914
99.5778
116.192
102.52
104.915
96.8458
96.3896
107.61
113.735
98.2963
105.358
126.311
97.7623
106.16
113.432
105.41
148.442
111.5
106.544
105.407
111.777
107.527
104.537
102.166
104.832
99.2772
107.477
99.0842
117.517
80.2342
108.593
137.207
112.244
94.7524
115.858
101.679
106.087
111.518
108.645
100.004
101.149
105.107
102.866
107.526
101.357
100.719
106.918
98.7295
99.2173
95.6868
91.1561
96.5628
87.6839
93.7144
97.0574
91.8856
87.5672
93.1061
86.7985
114.622
133.315
132.24
112.97
122.257
65.74
65.538
27.7796
53.2229
113.735
113.48
134.326
105.569
112.244
92.9404
105.455
111.042
134.474
120.013
98.4566
126.99
102.473
103.589
95.5844
92.3365
88.8433
92.9485
95.5158
87.3022
94.6748
129.786
128.701
112.472
138.135
115.151
94.4685
115.212
106.927
99.6228
177.834
63.2871
65.5568
161.728
160.894
82.1911
83.607
112.941
91.5617
139.136
96.9928
86.9695
91.9761
143.307
170.307
62.9011
159.593
82.44
64.2188
160.459
82.3959
104.204
104.328
85.0497
118.458
125.921
104.281
104.101
119.041
79.247
108.671
86.2071
146.964
185.574
142.321
119.607
92.4304
115.341
109.875
114.4
95.9018
109.796
128.237
59.7724
49.9427
33.8656
126.354
57.2689
131.123
268.85
120.951
147.262
-61.2589
40.7538
151.531
212.837
178.138
125.585
153.906
106.881
43.0852
97.9373
43.3923
103.396
101.808
109.183
104.681
106.964
105.73
105.165
83.4619
108.2
141.838
139.21
137.884
109.965
68.3183
87.1427
94.9234
115.795
94.4731
115.185
101.576
73.3023
91.6669
97.2048
84.1878
146.613
82.9307
95.5411
151.725
57.086
160.436
82.6314
508.167
52.6987
201.485
267.358
118.708
90.5897
90.686
101.859
99.1478
114.702
108.913
40.7768
123.066
38.6958
131.092
122.336
33.3987
47.0962
123.383
39.0065
129.522
26.481
127.688
31.7311
73.491
95.7373
106.414
103.225
104.686
104.857
106.127
102.523
30.6706
129.84
885.339
68.5428
55.669
186.64
235.424
97.0274
108.978
100.256
106.006
103.327
130.873
143.762
103.294
91.3237
102.861
86.6648
77.8604
124.359
135.515
131.913
40.0263
45.5791
21.2171
35.2614
158.804
166.384
91.0085
94.2498
91.3217
93.2953
90.8115
94.2217
92.6852
108.493
97.0711
100.886
104.754
119.145
97.2275
99.5648
131.672
103.516
115.179
152.925
132.806
115.157
139.73
90.8818
109.232
95.6376
104.581
94.4712
115.049
90.1543
138.368
126.52
137.046
127.606
127.885
113.849
123.245
99.0608
93.3638
95.1891
100.738
114.272
106.538
113.897
129.973
351.511
84.8529
117.989
91.643
119.717
176.09
100.944
105.572
107.287
102.2
102.894
91.5853
91.4677
104.443
150.122
107.287
122.099
87.6119
93.4851
127.902
85.7114
93.0912
90.8696
108.625
111.012
134.773
310.315
93.9898
95.3384
95.2891
95.9705
94.8655
94.3527
93.7986
102.731
108.179
116.187
110.012
113.861
114.902
100.717
107.053
103.593
99.3399
94.1183
110.872
94.4735
98.9056
128.715
110.051
92.5948
100.76
147.481
109.193
94.8916
109.369
102.706
105.997
100.857
109.446
101.143
115.123
125.716
146.575
149.988
84.1059
129.485
117.701
41.9744
107.029
102.46
136.892
126.026
98.7669
185.16
103.344
115.398
104.917
97.0107
84.0194
84.4662
164.142
73.4272
100.826
113.387
108.846
99.2308
98.3667
99.3087
108.551
118.813
123.707
116.009
109.973
110.257
120.278
120.314
170.708
173.309
168.037
175.916
235.783
74.1124
152.754
126.406
83.7572
109.079
149.831
108.606
164.412
117.272
97.1394
117.622
122.027
103.603
109.986
107.982
114.661
135.705
86.7287
101.196
160.581
105.43
159.234
176.43
94.8101
152.587
165.863
156.854
181.168
139.272
123.311
110.764
143.342
116.357
112.963
112.777
136.878
114.881
178.13
132.564
189.968
-63.5258
-74.554
205.234
206.251
177.52
172.804
301.421
315.481
-42.1175
219.47
-13.9327
94.8006
87.1657
91.7172
109.036
90.9604
105.896
93.0284
97.8088
59.5276
35.9781
94.7875
98.0008
57.5288
35.9949
243.638
81.9699
161.981
104.623
90.6981
166.014
165.047
121.516
119.086
121.314
108.627
193.96
68.7615
104.049
109.941
325.78
239.787
-18.3962
269.673
-25.8267
213.619
142.63
225.028
219.894
-7.46905
203.962
197.903
201.255
97.1953
103.569
102.008
103.028
109.648
103.139
106.683
105.875
100.914
99.6761
110.201
109.368
100.489
107.49
132.156
182.228
125.805
88.4351
95.3397
101.688
88.4552
81.3845
138.391
80.9262
264.303
150.692
59.9747
154.257
138.518
84.9132
132.169
85.759
122.673
79.4291
69.8829
23.555
75.5954
123.086
147.886
146.026
126.197
118.183
90.3813
116.757
112.837
53.6037
65.7555
142.08
161.003
211.51
167.45
373.918
150.399
709.018
165.829
232.161
186.74
170.62
169.193
-89.3966
-79.9606
209.891
209.568
122.159
251.166
130.318
100.347
100.565
221.133
282.325
120.399
250.18
172.066
390.888
161.443
557.156
198.929
419.422
174.324
91.1794
197.531
92.543
193.638
375.011
135.696
116.003
128.805
127.163
166.427
161.178
126.642
120.661
123.657
83.504
88.267
120.824
91.0613
91.6064
116.075
106.777
114.673
131.421
104.177
103.007
132.511
92.4722
134.122
148.744
110.885
92.4298
136.309
159.513
92.5327
108.973
121.858
92.9653
202.218
175.877
89.8333
99.0873
85.2216
127.518
91.557
97.9058
117.869
100.465
99.2237
103.837
105.637
115.474
115.753
145.012
130.436
101.32
77.3815
86.1315
106.056
161.87
85.451
188.932
149.19
91.9605
95.3096
91.0703
136.953
137.504
90.6556
67.9244
23.9947
49.1511
135.858
133.642
141.721
127.032
117.727
123.722
126.139
157.19
127.762
158.956
127.243
100.043
83.6079
72.9089
200.649
107.926
170.055
140.01
131.067
117.371
129.03
98.5626
118.631
69.8525
65.0334
147.694
89.8725
151.138
234.151
74.6843
146.032
105.045
71.9506
119.729
107.311
97.6213
68.1796
110.215
106.657
88.3365
83.9126
82.9026
53.2818
57.8654
89.5241
102.197
122.345
126.798
108.523
105.329
99.5996
104.007
160.831
111.154
100.632
101.704
126.059
100.846
120.874
102.602
99.4304
87.9575
114.561
100.351
87.6968
95.4492
136.82
97.895
88.1695
111.72
89.0283
97.6959
100.451
106.221
122.774
113.301
111.401
94.9757
148.647
93.9021
168.127
183.256
76.8356
101.708
58.529
218.806
156.846
56.0786
154.855
112.826
32.6462
98.2013
138.133
117.722
70.3443
98.9638
131.818
106.827
103.25
125.007
128.275
109.58
124.669
159.747
125.584
41.5045
16.2605
40.4117
204.422
107.65
97.9798
104.232
98.894
138.649
124.82
107.257
94.7073
106.713
110.257
126.545
100.305
128.159
99.6132
106.021
93.5095
122.748
60.0514
1.64814
97.4212
159.15
77.7735
112.416
139.433
158.704
94.0896
100.438
178.215
115.969
102.986
108.332
203.954
100.844
212.775
102.466
100.946
80.4627
67.7688
96.5663
140.748
83.2883
99.1373
141.29
96.1733
103.365
169.017
119.805
82.8294
191.944
202.3
133.892
173.792
197.572
113.389
126.145
172.083
159.032
164.139
175.966
1109.26
488.735
168.389
217.941
269.658
248.446
589.568
66.9971
224.332
96.2345
175.128
4.71518
94.5853
112.267
394.996
529.199
236.907
300.094
107.543
100.753
99.8888
92.0033
97.6766
90.4727
138.625
202.013
192.675
151.062
173.674
86.5396
227.533
217.099
102.427
122.285
106.092
104.619
105.864
110.177
127.098
85.3572
100.083
108.205
139.198
108.122
133.931
83.0959
89.4938
153.817
112.75
214.276
81.3406
79.1333
82.4959
103.309
84.0646
95.8427
146.073
102.639
97.7113
142.82
125.272
108.843
78.9807
28.8312
139.946
100.035
102.23
89.8544
106.553
98.4421
53.1115
167.243
107.126
97.0115
97.9063
78.4489
80.1203
117.152
95.3688
80.5402
116.448
159.644
55.2127
96.308
125.23
220.59
93.4802
164.573
158.033
132.706
124.207
75.1832
228.481
183.432
112.455
124.167
82.5332
88.1873
158.779
162.446
153.057
216.923
181.93
81.4811
146.059
143.979
222.187
229.216
434.139
5.82017
124.958
44.4082
190.049
167.724
302.704
36.2571
196.68
114.04
91.5957
83.3792
86.5761
90.7171
91.5586
97.8605
130.058
74.9614
66.5859
81.1613
105.465
108.18
115.983
129.931
102.047
101.399
114.192
127.064
113.641
158.586
56.5025
152.281
44.5222
118.68
91.9046
40.9992
120.594
76.4773
101.846
96.6285
95.824
114.108
115.702
102.597
-104.819
60.4895
118.688
117.154
211.428
226.786
420.248
65.878
402.025
76.2897
24.7126
38.4446
35.3083
100.851
38.5495
77.3256
52.0901
552.413
743.634
-48.2804
104.61
117.047
230.584
437.723
554.844
160.988
99.7682
)
;

boundaryField
{
    inlet
    {
        type            calculated;
        value           nonuniform List<scalar> 
192
(
95.5832
81.361
92.585
94.0058
298.577
87.686
37.7849
96.438
98.6121
98.8957
93.0195
95.4705
96.1078
93.2468
141.088
88.5805
103.417
102.618
95.9544
89.4919
89.5912
90.6182
104.774
92.5136
122.552
87.0766
101.832
110.093
94.7388
95.8455
109.223
101.522
101.855
73.0982
101.551
100.843
97.0544
81.1897
74.4565
88.135
94.709
95.5036
137.994
62.5662
75.772
103.423
108.835
108.725
107.048
103.372
97.6302
94.0416
88.6179
92.1801
101.776
98.6518
73.0926
103.264
98.6374
20.1001
102.11
141.346
4.06683
85.7005
85.3169
90.2892
102.746
90.4028
104.687
60.672
107.084
180.621
104.079
95.7184
102.787
112.248
97.7371
101.748
67.8606
103.616
95.5711
91.413
73.55
47.0529
108.043
109.193
109.463
72.9658
88.3892
100.161
93.7848
71.699
77.07
99.3338
104.475
105.289
96.4703
93.6733
101.568
121.085
104.539
104.151
105.168
104.956
122.517
104.154
100.133
105.877
88.914
97.4461
102.777
89.0189
57.8935
79.0811
103.778
105.918
103.928
109.136
112.294
70.459
74.3759
125.43
100.839
97.8452
106.994
95.7154
87.2614
88.5408
96.4981
103.715
104.068
105.223
88.8285
107.544
95.0022
115.419
122.571
95.8377
34.3746
99.6478
94.7941
86.4411
91.0555
87.6757
92.588
136.128
134.265
138.32
136.909
93.4142
142.435
100.135
110.118
96.2074
90.4988
97.2315
79.6101
141.989
-44.6717
135.32
78.9856
101.172
84.9918
63.4843
33.5972
76.9087
126.642
127.172
127.48
127.303
125.17
98.9089
-52.5833
105.057
125.606
146.017
143.031
80.6351
99.6779
111.243
77.1633
81.1659
34.1234
-143.383
-36.8335
66.9598
85.6362
14.1932
39.8605
27.5704
40.4897
65.4441
)
;
    }
    outlet
    {
        type            calculated;
        value           uniform 0;
    }
    lowerWall
    {
        type            calculated;
        value           nonuniform List<scalar> 
1151
(
93.5179
88.5407
92.3445
93.703
264.71
93.0374
120.619
103.437
96.7745
95.489
97.1608
93.804
106.496
97.8059
82.9036
127.975
107.585
106.095
101.32
95.3141
155.498
89.579
98.0713
97.1473
91.2933
97.9698
108.181
97.2884
100.518
100.135
100.004
6.09477
153.98
101.199
98.6104
102.722
100.356
93.4664
95.6127
98.7181
102.621
93.004
108.45
101.174
99.8549
102.096
125.162
95.2578
105.254
101.645
97.2203
93.747
97.0726
98.9313
97.5172
98.6839
99.4552
98.7325
98.9688
103.664
95.0098
94.2026
96.0893
98.0484
98.3028
98.1834
98.6341
98.2377
98.1133
97.2213
91.9886
91.8445
92.6775
93.4538
93.5726
93.7453
93.9664
93.971
92.9382
92.6076
89.7273
89.6259
89.6989
89.9477
90.0984
90.2049
90.2744
90.2636
90.2527
90.0479
87.3271
87.2833
87.3608
87.5353
87.6492
87.7256
87.7254
87.7027
87.6349
87.4891
84.886
84.8649
84.9041
84.9943
85.0637
85.1138
85.1342
85.109
85.0693
84.9805
82.4257
82.4139
82.4258
82.5057
82.5329
82.5654
82.5821
82.5655
82.5415
82.4761
79.964
79.9788
79.9712
80.0054
80.0372
80.0599
80.0863
80.0752
80.0479
79.9903
77.533
77.538
77.5404
77.5514
77.568
77.5865
77.6063
77.5981
77.5778
77.5503
75.1064
75.1046
75.112
75.1248
75.1456
75.1609
75.1631
75.137
75.1379
75.121
72.7043
72.7103
72.7004
72.7138
72.7302
72.7424
72.745
72.7447
72.737
72.7147
70.3165
70.3161
70.3296
70.3352
70.352
70.3639
70.3645
70.3537
70.3318
70.3224
67.96
67.9774
67.9945
67.9911
67.9859
67.9908
67.9999
67.987
67.9718
67.964
65.6192
65.6564
65.6631
65.6428
65.624
65.6232
65.6277
65.6388
65.6357
65.6268
63.3133
63.3205
63.3173
63.32
63.3192
63.318
63.3075
63.3001
63.3083
63.3116
61.011
61.0164
61.0181
61.0275
61.0301
61.0283
61.0204
61.0099
61.0021
61.0029
58.7276
58.7292
58.7329
58.7325
58.731
58.7307
58.7308
58.7262
58.7185
58.7199
56.4743
56.4629
56.4577
56.4619
56.4655
56.4683
56.4669
56.4656
56.4698
56.4726
54.211
54.2108
54.2081
54.2109
54.2124
54.224
54.2324
54.234
54.2292
54.218
51.9723
51.9648
51.9667
51.9806
51.9879
51.9938
52
51.9998
52.0022
51.9906
49.7557
49.7387
49.7364
49.7478
49.7612
49.7782
49.7742
49.7798
49.7796
49.7781
47.5451
47.5325
47.5236
47.5234
47.533
47.5444
47.5498
47.5514
47.5485
47.55
45.331
45.3322
45.3391
45.3449
45.3401
45.3355
45.331
45.3285
45.3278
45.3297
43.1365
43.1432
43.1547
43.1486
43.1369
43.1304
43.1304
43.1415
43.135
43.133
40.9662
40.9692
40.9725
40.9624
40.9542
40.947
40.9562
40.962
40.9612
40.9629
38.7933
38.8084
38.8133
38.8137
38.8072
38.7984
38.7977
38.7932
38.781
38.7845
36.6455
36.659
36.6579
36.654
36.6448
36.638
36.6272
36.6245
36.6249
36.6316
34.5265
34.5233
34.5018
34.4976
34.4949
34.4865
34.4807
34.4849
34.5046
34.5196
32.4015
32.3885
32.3779
32.3739
32.3726
32.374
32.3814
32.3881
32.3944
32.3996
30.2647
30.2662
30.2752
30.2838
30.285
30.2876
30.2921
30.29
30.2825
30.2716
28.1621
28.1679
28.183
28.2004
28.2097
28.2116
28.2065
28.1958
28.184
28.1708
26.1139
26.1082
26.1081
26.1152
26.125
26.1359
26.1415
26.1407
26.1343
26.1245
24.099
24.084
24.0741
24.0714
24.0754
24.0869
24.1003
24.111
24.1138
24.1094
22.0937
22.0773
22.073
22.0752
22.0781
22.0822
22.0843
22.0884
22.0924
22.0951
20.0829
20.0826
20.0827
20.0942
20.1005
20.1007
20.096
20.0842
20.0844
20.0829
18.0998
18.1065
18.1155
18.1213
18.1187
18.1132
18.1069
18.1003
18.0979
18.0989
16.1611
16.167
16.1643
16.1564
16.1354
16.1246
16.1207
16.126
16.1366
16.1514
14.2227
14.2322
14.2192
14.2033
14.1826
14.167
14.1659
14.1761
14.1924
14.2098
12.2606
12.2809
12.2789
12.2756
12.2655
12.2506
12.2495
12.2532
12.2529
12.2551
10.3264
10.3347
10.3443
10.3562
10.3532
10.345
10.3406
10.3397
10.3347
10.3282
8.43835
8.43084
8.42855
8.43311
8.43513
8.4381
8.43918
8.44118
8.44193
8.44384
6.55371
6.54212
6.54019
6.54102
6.54767
6.56348
6.56891
6.56734
6.55999
6.55994
4.66347
4.66109
4.66425
4.67155
4.68645
4.7099
4.70881
4.69778
4.68655
4.67485
2.79313
2.79386
2.79887
2.80499
2.81312
2.8239
2.82717
2.82504
2.8137
2.80165
0.93389
0.933776
0.934198
0.92934
0.927334
0.930574
0.938803
0.943623
0.945181
0.933751
94.5187
94.7487
96.6338
95.7011
95.8906
94.9557
98.6971
97.8825
96.6095
98.6902
98.4831
98.1317
98.4272
98.0269
98.325
99.2835
98.475
98.2613
98.3943
98.4271
98.6769
99.7766
98.7834
98.3612
98.5884
98.6765
98.6023
96.3405
97.2134
98.3879
95.028
92.6906
96.8317
107.377
96.1973
92.3525
100.019
98.8705
98.7513
100.712
98.7994
100.312
100.01
98.5882
102.501
103.217
98.5731
108.351
102.558
99.129
102.074
101.53
99.9626
97.0428
100.208
105.21
97.3471
104.594
119.824
104.403
96.4023
96.744
97.2957
93.9492
94.4128
93.8129
98.0214
97.4416
96.6196
100.58
99.7254
98.8889
98.5217
98.0865
98.5646
99.2458
98.2988
98.5318
100.065
99.1019
98.8608
98.7701
98.7059
98.408
101.66
99.4737
99.0364
105.282
99.6757
99.8362
94.2515
93.5567
93.9488
95.5787
93.5857
93.4046
97.7028
94.4332
93.6915
98.5864
95.3989
94.7514
98.0525
96.0623
95.6995
98.3721
95.7727
96.1469
98.4021
95.3617
95.5898
98.4755
95.2646
95.1995
97.507
95.2011
95.2944
95.9162
94.5399
94.9746
94.1101
95.0881
96.0246
95.094
94.8038
94.3965
96.3307
96.3805
95.9361
95.6444
94.8467
94.8924
95.1778
94.6899
95.5356
94.2065
94.1907
94.7211
98.3298
97.8175
98.0666
97.6541
98.1363
98.1214
96.4533
97.2316
97.1961
98.6644
98.8768
98.7538
98.3536
98.5608
98.3964
98.3387
98.6019
98.3294
98.0476
97.906
98.7065
98.0468
98.2328
98.2336
98.3392
98.4366
98.2465
98.6916
98.962
104.976
98.4699
98.6265
98.6578
98.4227
98.4114
98.1832
98.5156
98.6613
98.949
98.5463
98.5897
98.4602
99.0604
98.5963
98.4478
99.3709
99.7079
99.5398
98.5666
100.982
98.5376
98.5039
99.2803
98.6682
99.497
98.0859
91.1218
98.0783
98.4088
99.2668
98.804
99.1964
98.8614
98.0739
98.9305
107.982
98.3026
97.6909
97.5055
98.811
98.6383
98.5288
98.2216
98.0549
97.8377
98.1804
98.0703
98.1028
98.1704
98.0643
98.0687
98.443
98.1787
98.1225
98.1726
98.1211
98.3117
97.9997
98.0136
98.0996
98.1432
98.1599
98.3226
98.1618
98.1996
98.4135
98.4847
98.0135
97.9287
97.2783
96.977
97.5187
97.292
97.6886
98.3795
96.9021
96.1866
95.2875
103.098
99.725
87.6502
107.315
99.2437
108.802
104.095
101.256
103.618
100.176
104.919
102.709
113.935
87.4757
88.274
88.8626
100.797
101.093
110.013
106.504
106.536
93.8261
92.7495
92.7776
93.6999
92.7012
92.6183
97.829
97.8211
96.0007
96.0155
97.807
97.7943
97.4156
98.231
99.6862
98.0626
96.6206
96.6463
95.9358
97.8635
97.8463
94.7014
94.2113
94.5782
97.7935
97.8207
95.8294
98.4072
100.426
105.522
136.287
171.663
103.751
93.5558
92.4333
92.2497
94.0348
92.6778
92.7264
95.2524
97.355
97.6933
97.6547
97.4123
95.5494
95.3389
97.0619
96.7316
96.2907
96.9564
94.9709
84.4888
102.383
102.591
120.142
100.964
97.2587
104.75
101.687
103.978
96.4025
96.3905
97.3403
97.4514
97.2651
93.1971
98.6205
93.4341
102.128
93.1204
91.9914
91.7351
94.4461
95.2222
95.5906
93.9068
92.5793
92.6427
96.2822
96.389
95.5211
94.2065
94.0107
94.0931
63.9429
97.1039
110.715
96.9095
96.1498
96.4075
101.998
107.548
112.878
92.0267
104.517
100.707
94.8341
98.6124
116.753
101.148
125.389
95.7846
103.197
94.5269
102.572
95.5037
108.413
95.5353
107.068
104.77
105.508
105.894
108.834
99.2687
92.2937
98.3921
98.5013
104.815
130.372
99.0573
111.464
106.317
97.4418
104.322
97.4431
95.132
95.3525
96.1837
96.0745
104.843
104.745
110.412
94.1738
94.7182
94.1228
99.181
101.788
100.558
-31.4707
117.532
101.471
73.5625
107.898
99.3089
94.0853
94.437
94.6387
108.237
105.72
102.531
106.348
116.76
114.053
104.454
110.785
99.1454
104.424
119.343
103.746
113.94
120.727
117.666
102.159
106.985
101.446
93.7644
98.9648
113.79
106.213
79.4029
93.8528
99.9303
101.08
129.949
103.372
92.0125
106.124
92.1134
98.1253
108.366
104.429
111.359
83.1941
97.7362
101.993
99.0266
74.3081
121.649
105.519
100.42
97.0325
83.2744
102.772
114.84
99.3967
102.575
110.486
110.341
96.7478
97.7377
92.6686
101.267
54.0992
77.316
175.308
27.4557
12.1834
97.5114
92.9618
93.5961
109.762
110.479
119.829
97.6427
103.007
82.8498
68.6976
116.059
106.471
126.322
89.6026
93.2837
95.3282
95.9002
96.6661
105.885
74.9967
73.5297
85.5148
100.815
108.167
101.1
97.5424
102.086
102.433
102.655
111.866
106.869
96.1656
101.749
152.718
91.6687
174.044
97.6728
87.0547
89.4357
119.078
100.762
114.282
102.132
77.2685
112.27
92.1479
96.3285
91.3679
80.578
84.6397
105.927
98.435
104.685
98.5869
106.317
100.117
101.756
105.246
101.363
102.874
45.2226
135.763
101.961
89.5915
109.397
96.0352
80.8068
98.1507
89.4982
99.7423
102.685
102.674
165.96
100.556
123.717
111.66
99.3737
114.871
149.091
105.663
108.292
105.752
105.531
104.275
97.8585
102.515
99.6664
110.957
107.348
103.291
103.155
166.204
98.4379
95.5409
107.506
98.209
96.446
98.274
94.6629
111.171
101.47
104.889
121.68
105.49
97.1259
120.815
109.487
120.316
97.9391
101.068
108.004
114.913
108.468
107.88
101.218
101.059
108.047
110.268
99.1967
99.7999
125.54
119.165
109.154
98.5877
95.5425
100.248
111.446
109.652
108.323
132.423
104.95
103.475
87.5672
112.97
133.315
65.74
113.48
27.7796
112.472
99.6228
115.212
63.2871
83.607
161.728
88.8433
128.701
92.9485
101.859
108.913
90.5897
123.066
47.0962
38.6958
106.414
102.523
104.686
178.13
206.251
-63.5258
132.169
69.8829
84.9132
67.9244
127.032
135.858
98.5626
65.0334
131.067
151.138
105.045
89.8725
394.996
300.094
94.5853
420.248
35.3083
24.7126
)
;
    }
    upperWall
    {
        type            calculated;
        value           nonuniform List<scalar> 
1106
(
93.4142
92.5103
104.754
94.7875
139.21
87.5673
103.76
113.463
93.8984
95.3025
94.0349
92.6166
97.5961
98.7769
139.24
99.5805
108.658
92.4826
90.3994
95.6458
91.8011
97.9649
99.4313
95.0788
101.046
103.846
131.26
106.341
95.922
99.1295
105.158
69.6599
94.4793
101.005
104.515
110.409
94.6995
129.253
99.0788
99.0134
103.137
98.2084
99.2564
101.478
100.913
98.3952
97.9797
99.2497
103.891
98.6235
96.7164
93.7345
97.4449
98.9865
100.453
97.7921
99.2155
99.1554
98.7405
109.865
95.0106
94.2028
96.0773
98.0464
98.307
98.1538
98.5157
98.2453
98.1159
97.226
91.989
91.844
92.6781
93.455
93.5714
93.7443
93.9648
93.9708
92.9383
92.6079
89.7272
89.6257
89.7001
89.9476
90.098
90.2044
90.2744
90.2639
90.2532
90.0478
87.327
87.283
87.3607
87.5345
87.6495
87.7258
87.7253
87.7026
87.6348
87.4891
84.8861
84.8648
84.904
84.9942
85.0637
85.1135
85.1341
85.1089
85.0692
84.9806
82.4257
82.4138
82.4257
82.5058
82.5324
82.5651
82.5821
82.5654
82.5414
82.4759
79.9635
79.9786
79.971
80.0053
80.0367
80.0605
80.0862
80.0751
80.0478
79.9899
77.5332
77.5379
77.5403
77.5513
77.5679
77.5864
77.6062
77.598
77.5777
77.5504
75.1063
75.1045
75.1119
75.1247
75.1457
75.1604
75.163
75.1368
75.1378
75.1209
72.7038
72.7099
72.7003
72.7137
72.7302
72.7421
72.7448
72.7446
72.7374
72.7152
70.3164
70.316
70.3296
70.3352
70.3519
70.3638
70.3644
70.3542
70.3321
70.3223
67.9602
67.9776
67.994
67.9907
67.9858
67.991
67.9996
67.9866
67.9715
67.9635
65.6194
65.656
65.6631
65.6427
65.6239
65.6229
65.6275
65.6393
65.6358
65.6269
63.3127
63.3203
63.3171
63.3197
63.3193
63.3177
63.3076
63.3001
63.3084
63.3113
61.0107
61.0167
61.0176
61.0276
61.0302
61.0285
61.0204
61.0098
61.002
61.0027
58.7281
58.7293
58.7327
58.7324
58.73
58.7298
58.7307
58.7262
58.7183
58.7197
56.4741
56.4622
56.4574
56.4619
56.4655
56.4681
56.4668
56.4659
56.4698
56.4725
54.2107
54.2108
54.2086
54.2111
54.2124
54.224
54.2323
54.2339
54.2291
54.218
51.9723
51.9648
51.9667
51.9804
51.9874
51.994
51.9995
51.9998
52.0017
51.9907
49.7557
49.7386
49.7361
49.7474
49.7612
49.7782
49.774
49.7798
49.7795
49.778
47.5448
47.5323
47.5236
47.5236
47.5332
47.5442
47.5496
47.5515
47.548
47.5499
45.3309
45.3321
45.339
45.3449
45.34
45.3352
45.3313
45.3281
45.3276
45.3298
43.1361
43.1434
43.1547
43.1487
43.1362
43.1303
43.1308
43.1413
43.1354
43.1333
40.9658
40.9692
40.9725
40.9622
40.9539
40.9471
40.9561
40.962
40.9614
40.9628
38.7933
38.8089
38.8129
38.8134
38.8073
38.7986
38.7979
38.793
38.7809
38.7839
36.6456
36.659
36.6575
36.6539
36.6447
36.6373
36.6269
36.6244
36.6248
36.6317
34.5265
34.5231
34.502
34.4975
34.4941
34.4862
34.4805
34.4849
34.5051
34.5201
32.4012
32.3885
32.378
32.3738
32.3725
32.3748
32.3813
32.388
32.3945
32.3988
30.2646
30.2661
30.2754
30.2839
30.285
30.2877
30.292
30.2899
30.282
30.2713
28.162
28.1677
28.183
28.2
28.2096
28.2114
28.2063
28.196
28.184
28.171
26.1138
26.1081
26.1079
26.115
26.1254
26.136
26.1414
26.1407
26.1344
26.1246
24.0991
24.0845
24.0741
24.0715
24.0753
24.0868
24.1002
24.1107
24.1135
24.1093
22.0937
22.0769
22.0729
22.0753
22.0781
22.0821
22.0842
22.0883
22.0922
22.095
20.0827
20.0818
20.0824
20.0941
20.1008
20.1006
20.0959
20.0842
20.0842
20.0829
18.0995
18.1065
18.1156
18.1212
18.1185
18.1131
18.1067
18.1001
18.098
18.0988
16.1612
16.1672
16.1645
16.1564
16.1355
16.1243
16.1202
16.126
16.1366
16.1513
14.223
14.2319
14.2192
14.2029
14.1825
14.1669
14.1659
14.1761
14.1922
14.2097
12.2608
12.28
12.2785
12.2759
12.2653
12.2506
12.2495
12.2532
12.2526
12.2548
10.3264
10.3348
10.3445
10.3564
10.3533
10.3448
10.3404
10.3395
10.3346
10.3281
8.43842
8.43088
8.42841
8.43324
8.43505
8.43801
8.43909
8.4411
8.44179
8.4438
6.55348
6.54185
6.54002
6.54083
6.54773
6.56348
6.56928
6.56727
6.55981
6.55953
4.66329
4.66109
4.66426
4.67154
4.68628
4.70998
4.70873
4.69772
4.68645
4.6746
2.79298
2.79396
2.79885
2.80486
2.81295
2.82319
2.82651
2.82497
2.81384
2.80173
0.933929
0.933536
0.934068
0.928885
0.927288
0.930506
0.938886
0.94373
0.945089
0.933669
96.5696
94.7852
93.4918
94.9437
95.9013
96.1316
96.6001
97.9065
98.7811
98.1308
98.3576
98.7702
98.3172
98.0005
98.5743
98.2668
98.475
99.2765
98.5259
98.3649
98.4867
98.3528
98.7792
100.278
98.6039
98.6731
99.7673
98.3887
97.2296
103.423
93.8567
94.3342
94.4955
92.457
101.023
94.7872
97.4635
99.0432
100.422
103.167
98.7109
99.8981
100.322
98.4315
110.601
100.554
99.7615
103.093
99.8243
99.2666
100.483
97.4664
101.077
104.284
102.054
100.165
97.8451
109.729
104.839
99.411
97.2044
96.8364
98.2891
93.868
94.1843
94.9902
96.6852
97.3775
98.1122
98.3484
98.7743
104.828
98.6382
98.0342
95.104
98.5078
98.8795
100.772
98.9247
98.8556
99.5796
98.4182
98.5449
99.6561
99.0483
99.5876
99.3179
99.5409
100.198
102.768
93.9491
93.5561
94.2502
93.4027
93.5874
95.5699
93.6916
94.433
97.6828
94.753
95.3902
98.5157
95.7037
96.0538
98.0767
96.152
95.7706
98.4399
95.5887
95.3615
98.4037
95.1991
95.2629
98.4853
95.2937
95.2014
97.5051
94.974
94.5402
95.9141
95.9035
96.4797
96.3062
94.4079
94.8247
95.046
95.1308
94.943
94.0721
94.7165
94.2
94.1921
95.5622
94.7318
95.2011
95.1305
94.847
95.6217
97.1772
97.2221
96.4075
98.0878
97.9289
97.6161
98.0153
97.8369
98.3121
98.3711
98.5992
98.289
98.4388
98.5671
98.3202
99.2265
98.8188
98.6011
98.2117
98.2899
98.3523
98.2452
98.109
98.0434
99.0221
97.7505
98.1461
98.1513
98.321
98.3679
98.627
98.6163
98.4288
98.3385
99.0807
98.7415
98.4568
98.7043
98.5986
98.4512
98.6026
98.5461
98.743
98.6321
98.5784
98.3448
97.608
98.4075
99.5795
96.7521
98.5401
99.8549
99.0623
99.4393
98.8743
99.2251
98.8094
99.2751
98.3925
98.076
97.598
98.6439
99.4664
98.6097
98.676
98.8458
97.5644
97.3891
98.0474
99.1721
98.6263
98.5748
97.8323
98.0578
98.2172
98.1021
98.0716
98.193
98.0705
98.0703
98.2
98.1214
98.1777
98.4225
98.2665
98.1186
98.1713
98.1452
98.0156
97.9994
98.3478
98.1637
98.1474
98.4131
98.1889
98.1603
97.9222
97.9631
98.4585
97.5061
96.9615
97.2691
98.2316
97.6696
97.3419
95.2853
96.1766
96.9101
113.925
103.328
97.8738
100.946
95.5462
95.7084
110.157
103.99
98.6567
104.149
102.177
100.251
92.7771
92.7489
93.8251
92.6178
92.7004
93.699
96.0296
97.8344
97.833
97.7939
97.8184
96.0373
96.6442
96.6234
98.0825
94.5591
94.2056
94.6959
97.8462
97.8742
95.9591
95.8505
97.8264
97.7925
92.2513
92.4347
93.557
92.7253
92.6767
94.0339
97.6927
97.3549
95.2524
95.5481
97.4126
97.6535
94.9722
96.9622
96.3007
96.7279
97.047
95.3369
98.6429
97.7852
94.0436
97.3494
96.3891
96.4017
111.012
101.499
92.7114
95.5621
108.504
100.396
123.836
96.3913
102.967
90.1674
80.208
104.454
91.7359
91.9923
93.1212
95.5862
95.2211
94.4461
92.6431
92.5797
93.9071
95.5203
96.3878
96.2831
94.0926
94.0096
94.2215
101.795
110.4
110.476
110.367
107.151
105.924
115.316
80.0366
118.088
96.4072
96.1487
96.9148
100.823
100.105
101.655
95.194
97.7813
110.352
107.548
96.0409
107.191
100.097
100.624
101.324
105.673
104.253
98.416
104.666
100.885
102.751
100.67
104.482
99.4821
103.268
116.986
120.205
100.557
99.7227
98.7905
98.0327
97.1881
100.692
107.448
107.991
105.462
95.3943
104.448
102.873
100.749
110.184
106.54
96.072
96.1847
95.3527
94.1228
94.7185
94.1737
99.0076
94.7805
96.7498
94.6209
94.4386
94.0853
92.861
97.6857
94.5819
122.263
81.9118
91.4225
91.62
87.2421
93.2658
88.0701
97.874
99.4497
93.6239
123.474
103.549
109.355
106.934
111.487
116.876
125.532
101.017
113.747
97.2142
56.5051
87.0614
123.608
87.6528
89.1454
95.3947
88.6881
84.4004
112.576
97.5616
100.431
97.2057
118.043
103.059
101.218
107.031
119.935
70.652
108.414
111.785
94.3255
97.2762
98.8952
98.5244
101.047
107.668
108.979
95.4405
112.541
153.611
96.4721
127.555
96.2338
111.559
101.42
99.5345
106.06
107.141
110.781
96.3378
96.2823
116.715
91.1195
95.6162
107.564
100.246
118.038
97.2183
74.2686
99.0269
100.873
97.1201
99.5984
96.4281
94.6646
119.583
97.71
101.469
100.908
95.3203
95.6988
100.188
31.6568
168.583
189.59
99.2842
106.964
114.004
99.9539
109.018
103.035
112.339
84.0526
118.675
107.21
109.549
112.384
106.119
107.072
125.051
107.166
106.388
102.558
107.821
103.677
97.0455
99.9378
106.468
117.593
122.248
105.295
96.6803
95.8983
95.3265
102.564
94.5234
102.851
96.8982
116.941
125.74
100.74
106.099
96.9377
109.915
103.14
95.9177
101.757
150.599
89.5627
97.9161
102.688
107.593
104.119
124.787
99.1939
105.308
107.599
114.656
114.913
153.203
114.418
109.702
100.535
86.6656
107.117
98.3876
109.725
113.84
97.5264
103.223
105.743
107.727
108.928
100.967
125.762
110.267
117.348
141.927
106.729
95.0314
105.648
90.7847
67.3852
116.528
144.584
120.987
134.477
92.2137
96.4471
106.876
104.33
137.884
68.3183
109.965
119.145
99.5648
97.2275
95.6376
90.1543
104.581
105.572
91.4677
102.2
87.6119
127.902
150.122
117.622
114.661
109.986
98.0008
35.9949
57.5288
115.474
130.436
103.837
76.8356
56.0786
218.806
95.3688
116.448
78.4489
38.5495
-48.2804
552.413
437.723
99.7682
117.047
)
;
    }
    frontWall
    {
        type            cyclic;
    }
    backWall
    {
        type            cyclic;
    }
}


// ************************************************************************* //
