/*--------------------------------*- C++ -*----------------------------------*\
| =========                 |                                                 |
| \\      /  F ield         | OpenFOAM: The Open Source CFD Toolbox           |
|  \\    /   O peration     | Version:  5.0                                   |
|   \\  /    A nd           | Web:      www.OpenFOAM.org                      |
|    \\/     M anipulation  |                                                 |
\*---------------------------------------------------------------------------*/
FoamFile
{
    version     2.0;
    format      ascii;
    class       volScalarField;
    location    "5";
    object      p_rgh;
}
// * * * * * * * * * * * * * * * * * * * * * * * * * * * * * * * * * * * * * //

dimensions      [1 -1 -2 0 0 0 0];

internalField   nonuniform List<scalar> 
9655
(
91.5245
93.042
93.549
111.648
100.237
97.2293
96.7365
93.8492
90.2685
87.7257
85.1382
82.5959
80.0789
77.6086
75.1607
72.744
70.3427
67.9791
65.636
63.3218
61.0091
58.7198
56.4617
54.1966
51.9556
49.7372
47.5223
45.3074
43.1109
40.9413
38.7679
36.6197
34.5027
32.3749
30.2415
28.1401
26.0919
24.08
22.0763
20.0662
18.0845
16.1481
14.215
12.2517
10.3181
8.43261
6.54933
4.6598
2.79167
0.933219
95.4941
93.6589
93.4723
98.7259
100.838
98.9174
97.0636
93.8527
90.2304
87.6891
85.115
82.5771
80.0876
77.6109
75.1552
72.7441
70.3401
67.9916
65.6574
63.3234
61.0165
58.7243
56.4539
54.1983
51.9477
49.721
47.5135
45.3101
43.1195
40.945
38.7838
36.6344
34.499
32.3681
30.2452
28.1468
26.0877
24.0639
22.0577
20.0652
18.0895
16.1509
14.2166
12.2684
10.3246
8.42133
6.53477
4.65625
2.79049
0.932747
100.829
97.16
88.7371
116.21
104.271
97.6398
97.0452
94.3064
90.1805
87.6014
85.0704
82.5333
80.0465
77.5936
75.1503
72.7278
70.3503
68.0101
65.6721
63.3199
61.0136
58.7259
56.4463
54.1927
51.9491
49.7172
47.5028
45.3164
43.1296
40.9462
38.7877
36.6332
34.4789
32.355
30.2528
28.1614
26.0879
24.0546
22.0545
20.0666
18.0998
16.1506
14.2076
12.2687
10.3353
8.42023
6.53326
4.65927
2.79591
0.933127
112.843
102.998
102.622
112.83
109.093
98.451
96.0645
95.0123
90.7863
87.3736
84.9993
82.5135
80.0258
77.5723
75.1432
72.7288
70.3463
67.9982
65.6491
63.3231
61.0264
58.7261
56.451
54.1961
51.9636
49.7284
47.5021
45.3223
43.1271
40.9371
38.7877
36.6262
34.4724
32.3496
30.2602
28.1779
26.0938
24.0503
22.0548
20.0729
18.1038
16.1378
14.1853
12.2611
10.3437
8.42382
6.53403
4.66686
2.80203
0.928455
112.313
88.7702
105.458
86.2512
88.6605
91.5323
94.7082
95.185
90.6365
87.3076
84.9693
82.473
80.0178
77.5638
75.1458
72.7338
70.3586
67.9906
65.6285
63.3272
61.0296
58.7251
56.4559
54.1991
51.971
49.7429
47.5116
45.3168
43.1115
40.9284
38.7821
36.6204
34.4697
32.3482
30.2611
28.187
26.1041
24.0557
22.0599
20.0839
18.1032
16.1226
14.1669
12.2512
10.3414
8.42571
6.54026
4.68135
2.81012
0.926345
95.0437
145.572
107.784
100.003
93.2875
90.7998
93.8482
94.7367
90.6044
87.3352
84.98
82.4814
80.0236
77.5751
75.1658
72.7516
70.3716
67.9972
65.6245
63.3105
61.0254
58.7225
56.4565
54.2089
51.9761
49.756
47.5218
45.3115
43.1049
40.922
38.774
36.6141
34.4628
32.3502
30.2643
28.1886
26.1138
24.066
22.0624
20.0837
18.0971
16.109
14.1543
12.2397
10.3355
8.42946
6.55663
4.70433
2.82068
0.929252
93.3802
103.876
73.1144
96.6937
94.9694
94.839
95.2953
95.1278
90.7172
87.3927
85.017
82.511
80.0572
77.5981
75.1668
72.7537
70.3733
68.0065
65.6305
63.3042
61.0113
58.7204
56.4552
54.218
51.9829
49.7558
47.5284
45.3078
43.1036
40.9288
38.7719
36.6028
34.4564
32.3566
30.2677
28.1831
26.119
24.079
22.0643
20.0753
18.0897
16.1059
14.1525
12.2389
10.3318
8.43106
6.56234
4.704
2.82454
0.938405
93.9981
131.263
146.984
99.1095
97.7825
102.289
96.7307
95.034
90.2724
87.6621
85.0972
82.5643
80.0853
77.6135
75.1543
72.7615
70.3694
67.9979
65.6464
63.2987
61.0031
58.7163
56.4533
54.2189
51.9825
49.7591
47.5296
45.3052
43.1215
40.9417
38.7676
36.5995
34.4615
32.3638
30.2659
28.1721
26.1188
24.089
22.0692
20.068
18.0845
16.1127
14.1636
12.2407
10.3292
8.43274
6.5607
4.69343
2.82337
0.942322
90.4546
84.3236
49.5712
106.796
99.2172
96.0071
96.8859
93.9159
90.3298
87.752
85.1525
82.6089
80.1026
77.6213
75.1716
72.7634
70.3458
67.9781
65.6353
63.3059
60.9954
58.7077
56.4569
54.2136
51.9834
49.7592
47.5249
45.3052
43.1115
40.9369
38.7572
36.5991
34.475
32.3683
30.2579
28.1616
26.1137
24.0946
22.0738
20.0671
18.0825
16.1227
14.181
12.2431
10.3255
8.43426
6.55344
4.68157
2.81015
0.943065
85.8121
86.5202
94.8842
102.56
106.64
97.9046
96.9391
93.8746
90.3197
87.7493
85.158
82.6042
80.0809
77.6208
75.1694
72.7464
70.3441
67.9765
65.6308
63.3064
60.9987
58.7127
56.4612
54.2033
51.9736
49.7563
47.5296
45.3068
43.1087
40.9381
38.7596
36.607
34.4936
32.3737
30.2464
28.1467
26.1017
24.0889
22.0764
20.0656
18.0831
16.137
14.1981
12.2446
10.32
8.43733
6.5548
4.67026
2.79708
0.933539
90.8228
92.0153
85.0053
132.075
100.249
97.135
96.7372
93.8468
90.2689
87.7256
85.1383
82.5959
80.0787
77.6087
75.1606
72.7438
70.3427
67.9791
65.6361
63.3217
61.0091
58.7199
56.4618
54.1965
51.9557
49.7372
47.5222
45.3074
43.1107
40.9413
38.7679
36.6197
34.5027
32.3749
30.2415
28.1401
26.0918
24.08
22.0762
20.0661
18.0844
16.1482
14.215
12.2518
10.3181
8.43268
6.54925
4.65974
2.79163
0.933303
96.2029
94.3035
95.0923
99.3048
96.0826
98.8542
97.0636
93.8512
90.2308
87.689
85.115
82.577
80.0875
77.6109
75.1552
72.7439
70.34
67.9917
65.6572
63.3233
61.0166
58.7244
56.4537
54.1983
51.9477
49.721
47.5133
45.3101
43.1195
40.945
38.7843
36.6345
34.4989
32.3681
30.2452
28.1467
26.0876
24.0639
22.0576
20.0652
18.0895
16.151
14.2165
12.2681
10.3246
8.42132
6.53466
4.65624
2.79067
0.932699
100.591
97.2517
83.0294
122.795
105.298
97.6626
97.0196
94.2959
90.1819
87.6013
85.0703
82.5332
80.0464
77.5936
75.1503
72.7277
70.3503
68.0099
65.6725
63.3199
61.0135
58.7259
56.4461
54.1925
51.9491
49.7171
47.5028
45.3164
43.13
40.9463
38.7875
36.6332
34.479
32.355
30.2528
28.1614
26.0877
24.0546
22.0545
20.0666
18.0998
16.1508
14.2075
12.2686
10.3353
8.42019
6.53323
4.65931
2.79588
0.93312
112.561
106.321
98.4828
112.244
105.763
97.0296
96.0646
94.9787
90.786
87.3739
84.9991
82.5135
80.0258
77.5723
75.1432
72.7288
70.3463
67.9981
65.649
63.323
61.0264
58.7261
56.4511
54.1962
51.9635
49.7282
47.5022
45.3224
43.1273
40.9369
38.7875
36.6261
34.4723
32.3496
30.2603
28.1779
26.0936
24.0503
22.0548
20.073
18.1038
16.1378
14.1852
12.2612
10.3438
8.42381
6.53393
4.66707
2.80202
0.928322
116.191
95.906
103.345
104.329
87.0042
91.9928
94.7217
95.1944
90.6355
87.3084
84.9692
82.4729
80.0177
77.5638
75.1459
72.7339
70.3586
67.9905
65.6285
63.3272
61.0296
58.725
56.4555
54.1992
51.9708
49.743
47.5117
45.3168
43.1113
40.9283
38.782
36.6203
34.4696
32.3482
30.2611
28.187
26.1042
24.0557
22.06
20.0839
18.1031
16.1226
14.1668
12.2514
10.3414
8.42569
6.54018
4.68128
2.81012
0.926392
108.678
112.002
116.734
99.8316
88.5563
90.0732
93.8452
94.7411
90.6012
87.3359
84.9797
82.4814
80.0237
77.5751
75.1658
72.7516
70.3716
67.9973
65.6244
63.3105
61.0254
58.7223
56.4562
54.2089
51.9762
49.756
47.5218
45.3114
43.1049
40.922
38.7739
36.614
34.4627
32.3501
30.2644
28.1886
26.1138
24.0659
22.0623
20.0837
18.0971
16.109
14.1543
12.2397
10.3353
8.42944
6.5566
4.70449
2.82041
0.929215
99.2209
149.284
106.838
96.3343
95.0086
94.7251
95.2773
95.1385
90.7151
87.3931
85.0169
82.511
80.0572
77.598
75.1668
72.7537
70.3733
68.0064
65.6305
63.3043
61.0113
58.7204
56.4553
54.218
51.9827
49.7557
47.5284
45.3078
43.1037
40.9287
38.7722
36.6026
34.4563
32.3566
30.2677
28.183
26.119
24.079
22.0643
20.0753
18.0896
16.1057
14.1526
12.2391
10.3317
8.43104
6.56253
4.70407
2.82447
0.938532
93.5555
115.499
152.363
96.9759
98.5228
102.464
96.6768
94.9227
90.273
87.6618
85.0972
82.5643
80.0853
77.6135
75.1543
72.7614
70.3697
67.9977
65.6469
63.2987
61.0031
58.7163
56.4533
54.2189
51.9825
49.7593
47.5295
45.3051
43.1213
40.9417
38.7675
36.5993
34.4615
32.3638
30.2658
28.1721
26.1187
24.0889
22.0692
20.0679
18.0844
16.1128
14.1636
12.2407
10.3292
8.43272
6.5607
4.69342
2.82329
0.942348
97.7992
87.6361
112.076
116.915
101.607
96.1311
96.8958
93.9082
90.3305
87.7518
85.1525
82.6088
80.1026
77.6213
75.1716
72.7636
70.346
67.9781
65.6353
63.306
60.9954
58.7077
56.4569
54.2136
51.9833
49.7592
47.5247
45.3052
43.1116
40.9369
38.7574
36.599
34.4751
32.3684
30.2578
28.1616
26.1138
24.0945
22.0737
20.0671
18.0826
16.1229
14.1809
12.2429
10.3254
8.43432
6.5534
4.68154
2.81023
0.943065
85.8901
82.5146
99.1025
107.184
106.149
98.1968
96.9417
93.8723
90.3202
87.749
85.1581
82.6039
80.0807
77.6208
75.1694
72.7466
70.3441
67.9761
65.6308
63.3064
60.9984
58.7126
56.4612
54.2033
51.9736
49.7563
47.5294
45.3068
43.1088
40.938
38.7594
36.607
34.4941
32.3736
30.2461
28.1468
26.1017
24.0888
22.0763
20.0656
18.0831
16.1369
14.1982
12.2445
10.3201
8.43734
6.55466
4.67025
2.79714
0.933526
91.7448
92.1393
86.0339
127.785
118.818
97.1071
96.7176
93.8499
90.2684
87.7256
85.1383
82.596
80.0784
77.6087
75.1606
72.7434
70.3427
67.9794
65.6361
63.3215
61.009
58.7198
56.4615
54.1963
51.9558
49.7373
47.522
45.3073
43.1105
40.9413
38.7679
36.6197
34.5027
32.3748
30.2414
28.14
26.0917
24.08
22.0762
20.066
18.0842
16.1482
14.215
12.2519
10.3181
8.43261
6.54911
4.65963
2.79158
0.933301
95.7677
96.5759
95.3622
100.151
103.399
99.1728
97.0613
93.852
90.2303
87.689
85.1149
82.577
80.0874
77.6108
75.1551
72.7437
70.3405
67.9919
65.6571
63.3231
61.0166
58.7244
56.4535
54.1976
51.9479
49.7209
47.5131
45.31
43.1195
40.9454
38.7843
36.6344
34.4988
32.3681
30.2452
28.1467
26.0875
24.0644
22.0574
20.0651
18.0894
16.151
14.2164
12.2678
10.3247
8.42136
6.53451
4.65619
2.79079
0.93251
100.683
97.2109
96.04
112.658
110.196
98.5376
96.9953
94.2988
90.1818
87.6013
85.0701
82.5332
80.0462
77.5935
75.1502
72.7277
70.3502
68.0096
65.6723
63.3199
61.0133
58.7258
56.446
54.1924
51.9491
49.717
47.503
45.3163
43.13
40.9463
38.7872
36.6327
34.479
32.3551
30.2528
28.1614
26.0875
24.0546
22.0544
20.0664
18.0998
16.1509
14.2076
12.2682
10.3353
8.42011
6.53303
4.65948
2.79584
0.932799
113.66
105.711
98.9699
114.484
138.899
95.388
96.0628
94.9821
90.7869
87.3728
84.9992
82.5134
80.0257
77.5722
75.1431
72.7287
70.3462
67.9979
65.649
63.3228
61.0264
58.726
56.4511
54.1963
51.9634
49.728
47.5023
45.3223
43.1272
40.9369
38.7874
36.626
34.4722
32.3495
30.2603
28.1778
26.0935
24.0503
22.0549
20.073
18.1037
16.1375
14.1851
12.2611
10.3438
8.42373
6.53383
4.66701
2.8019
0.927991
118.181
106.374
109.297
84.0118
118.215
96.7526
94.6898
95.1834
90.6363
87.3082
84.9693
82.4727
80.0173
77.5637
75.1459
72.7339
70.3585
67.9905
65.6284
63.3272
61.0296
58.7247
56.4554
54.1992
51.9706
49.743
47.5118
45.3167
43.1112
40.9282
38.7817
36.6203
34.4695
32.3482
30.261
28.1869
26.1041
24.0556
22.0599
20.0841
18.1029
16.1228
14.167
12.2517
10.3413
8.42562
6.54031
4.68117
2.80985
0.926302
94.0809
117.179
91.7561
106.31
92.5304
90.0865
93.8374
94.7425
90.6019
87.3354
84.9796
82.4813
80.0238
77.575
75.1657
72.7515
70.3715
67.9973
65.6242
63.3104
61.0254
58.722
56.4561
54.2094
51.9762
49.7558
47.5217
45.3112
43.1048
40.9227
38.7742
36.6137
34.4625
32.3509
30.2644
28.1885
26.1138
24.0658
22.0623
20.0837
18.097
16.1085
14.1545
12.2397
10.3352
8.42937
6.55663
4.70443
2.81997
0.929191
96.7857
94.7694
108.548
95.4829
95.7366
94.7523
95.2833
95.1357
90.7149
87.3926
85.0169
82.5109
80.0571
77.598
75.1667
72.7536
70.3732
68.0062
65.6304
63.3043
61.0112
58.7203
56.4552
54.2179
51.9825
49.7556
47.5283
45.308
43.104
40.9287
38.772
36.6025
34.4563
32.3565
30.2677
28.1828
26.1189
24.0789
22.0643
20.0753
18.0895
16.1055
14.1525
12.2392
10.3315
8.43097
6.56258
4.70387
2.82396
0.93848
97.6688
98.1836
92.928
90.803
104.851
101.982
96.6754
94.9301
90.2727
87.6619
85.0971
82.5643
80.0852
77.6134
75.1543
72.7614
70.3699
67.9975
65.647
63.2987
61.003
58.7163
56.4535
54.2188
51.9823
49.7595
47.5294
45.305
43.1213
40.9417
38.7675
36.5992
34.4615
32.3637
30.2657
28.1721
26.1187
24.0888
22.0691
20.0678
18.0842
16.1128
14.1635
12.2406
10.329
8.43265
6.56064
4.69337
2.8233
0.942351
86.3503
86.7358
87.1009
111.351
103.613
96.8472
96.8668
93.9099
90.3302
87.7519
85.1524
82.6088
80.1025
77.6212
75.1715
72.7638
70.346
67.9781
65.6354
63.306
60.9953
58.7077
56.4569
54.2135
51.9831
49.7591
47.5246
45.3051
43.1117
40.937
38.7575
36.5989
34.475
32.3683
30.2577
28.1616
26.1138
24.0943
22.0736
20.067
18.0826
16.123
14.1808
12.2427
10.3254
8.43425
6.5533
4.68146
2.81039
0.942974
85.7879
84.7343
112.979
101.841
96.9438
97.4458
96.9434
93.872
90.3196
87.7491
85.1581
82.6038
80.0804
77.6208
75.1693
72.7468
70.344
67.976
65.6308
63.3064
60.9982
58.7125
56.4612
54.2032
51.9736
49.7563
47.5293
45.3068
43.1091
40.9379
38.7592
36.6068
34.4942
32.3735
30.246
28.1469
26.1017
24.0888
22.0763
20.0655
18.083
16.1369
14.198
12.2444
10.3201
8.43729
6.55448
4.67003
2.79714
0.933457
96.8728
98.0262
97.2523
97.0576
96.8701
97.9324
97.2495
97.388
98.5859
97.3978
98.8672
97.3859
98.5843
97.3938
97.3147
99.6981
96.7916
97.6354
97.319
99.7846
96.6511
96.3056
95.4208
95.0826
103.353
96.2951
95.2449
94.9319
94.4692
89.7674
93.1006
92.0685
94.4183
100.981
93.057
92.864
98.4232
94.4168
90.0796
92.8585
96.7567
94.408
94.7401
98.1721
96.5331
94.7826
94.6312
98.093
96.5288
96.9543
94.0586
96.7061
102.211
96.9369
93.8438
96.6879
96.9277
98.5147
97.1648
96.146
96.9143
98.4472
97.1597
97.2187
98.2576
96.8756
99.0509
97.1802
97.9151
96.8706
96.871
98.2146
97.2576
97.2092
96.8723
98.0202
97.2558
97.3765
98.5793
97.4151
98.7701
97.3751
98.4834
97.4166
97.3089
99.7303
96.6948
98.6772
97.3043
99.2626
96.6606
96.3067
95.114
94.9207
95.7264
96.2847
95.2887
94.9081
94.4216
102.633
93.0488
96.7295
94.4415
89.248
93.0522
92.8449
94.7317
94.4167
90.1102
92.8504
94.2755
94.4113
95.0169
98.1013
96.5366
94.6869
94.8629
98.1371
96.519
96.9324
93.6745
96.6777
102.254
96.9472
110.179
96.7103
96.9081
98.4803
97.1646
96.7248
96.9507
98.1352
97.1405
97.2452
97.6668
96.8743
97.4586
97.1764
97.5645
96.8695
96.8794
98.0197
97.2549
97.2807
96.8769
97.9982
97.2763
97.3922
98.438
97.4086
98.9959
97.3813
98.5146
97.3989
97.3355
99.1753
96.6835
99.4618
97.3052
100.391
96.9117
96.3081
95.3605
94.9009
97.5034
96.2919
95.4091
94.9096
94.4782
89.0109
93.0524
92.3043
94.402
90.1559
93.0942
92.8482
96.5612
94.4234
90.8245
92.8496
93.2364
94.4217
94.8333
98.2955
96.5163
94.6497
95.2569
98.2769
96.5243
96.9433
104.002
96.7264
101.695
96.9488
102.168
96.7262
96.9288
98.6589
97.1431
99.7127
96.9149
98.5136
97.2148
97.1807
97.5898
96.8759
97.4606
97.1956
97.8405
96.8749
95.1747
92.5648
96.5749
100.262
95.0441
92.18
96.3245
97.0278
97.1133
97.4492
97.1905
97.3684
97.1429
97.1072
95.0246
96.9385
95.1056
96.7123
95.0297
96.9497
95.1128
99.709
101.076
100.363
98.6694
99.4773
98.2361
99.7904
98.3176
98.2984
99.9649
98.9439
98.3019
99.4478
98.0849
95.086
97.1255
95.375
97.0679
95.0884
97.1419
95.2704
96.3043
104.094
95.5784
104.613
94.5414
103.154
95.9722
97.2266
98.0211
96.8921
97.6321
98.0456
97.0124
97.2817
95.5517
96.6337
96.0301
97.0814
95.4512
96.6297
96.0584
97.417
100.666
98.9251
105.785
122.129
104.503
98.0804
96.74
96.2282
96.1242
97.719
96.2302
94.9392
96.8481
95.9961
95.464
95.4906
96.0616
96.0094
95.4546
95.4887
94.1019
79.3313
96.2226
87.0719
101.873
79.4052
115.035
94.8387
93.2665
95.9734
91.7794
93.2594
96.1438
94.8186
94.9702
93.8223
94.6044
94.7056
94.931
93.8196
94.5472
123.402
95.4106
91.3474
88.4596
114.315
90.6686
96.4989
91.9965
91.4873
91.4045
90.4032
91.47
91.416
92.0081
94.5848
94.3952
94.8342
93.8419
94.5314
94.3917
94.8092
96.3916
95.2719
100.448
94.951
96.4348
95.8778
96.6494
95.4556
94.8298
95.4239
94.7819
94.7845
96.7554
95.4777
95.299
96.0348
95.962
95.2732
95.2961
96.036
95.9783
102.885
111.464
101.641
97.6746
102.702
111.533
101.951
97.6609
98.6103
99.1014
102.134
98.5762
97.129
97.6153
96.0317
96.7048
95.7403
96.6906
96.0497
96.6946
95.6245
100.52
99.0779
99.8635
105.59
99.8771
101.244
99.7218
97.2115
97.0767
100.365
96.0194
97.1482
97.4805
97.4891
95.5021
96.9973
95.1139
96.9251
95.3756
97.0011
95.1182
100.788
99.7332
99.3242
105.617
102.616
99.8805
98.2673
97.4827
97.4176
97.7148
97.9453
97.4347
97.7093
97.508
95.0542
96.7056
94.9643
96.9427
95.0586
96.6862
94.9698
95.116
92.5174
96.4339
103.461
95.1864
94.9755
96.5535
97.0297
97.0791
97.4964
97.2314
97.0228
97.5146
97.0716
95.0276
96.9507
95.1102
96.7271
95.0258
96.9492
95.1101
99.5142
98.3089
99.8577
98.2788
99.5797
103.523
100.006
98.2234
98.1708
99.5602
98.8313
98.1904
98.1709
99.6239
95.0851
97.1422
95.2624
97.0603
95.0837
97.143
95.2625
99.603
111.006
94.5228
147.871
119.237
137.778
90.31
97.2535
97.9924
97.0688
97.6322
97.2471
98.0162
97.0073
95.439
96.6252
96.0639
97.0175
95.443
96.6298
96.0624
96.9387
95.0976
99.6197
138.846
94.1883
100.907
91.9138
96.1359
96.2093
102.96
96.7044
97.5896
96.1886
100.306
96.0095
95.4541
95.4927
96.0616
96.0016
95.4575
95.493
103.765
79.753
96.6696
128.58
75.9111
81.2271
98.7444
95.1265
93.2188
96.1908
91.8996
95.0254
93.2331
96.3034
94.9733
93.8156
94.5347
94.7042
94.9474
93.816
94.5417
114.716
90.2927
97.9405
95.5756
106.323
90.2016
97.2526
91.9659
91.3025
91.4683
90.1982
91.9741
91.1895
91.4077
94.5314
94.3938
94.8111
93.8572
94.483
94.3973
94.8128
96.5225
102.724
96.788
95.5533
95.3848
96.9876
96.1918
95.4594
94.7969
95.7249
94.7057
95.4614
94.7916
95.6224
95.3013
96.0339
95.98
95.2735
95.2998
96.034
95.9802
102.745
103.427
106.236
102.713
107.873
101.086
106.076
98.6824
98.5985
97.6698
104.109
97.7451
98.5784
115.388
96.0567
96.6901
95.6143
96.7068
96.054
96.7056
95.6122
99.4382
101.757
98.7777
99.5185
98.9311
101.468
98.7193
98.0005
97.2878
98.0966
96.3995
97.0792
97.1538
98.0547
95.3637
97.0004
95.114
96.8514
95.3641
96.9986
95.1134
100.04
100.103
98.237
114.985
98.6164
101.21
98.2419
97.5703
97.4465
97.6676
100.394
97.5652
97.5832
100.417
95.0547
96.6987
94.9678
96.9421
95.055
96.6993
94.967
95.2704
101.893
96.8284
114.866
98.2663
132.268
100.797
97.0388
97.0126
97.6832
97.0827
97.0383
97.7265
97.0044
95.0288
96.9471
95.1128
96.7316
95.0245
96.933
95.1051
101.107
104.603
99.7991
104.945
100.355
100.844
100.04
98.4056
98.1128
99.8473
98.9601
98.3461
98.1224
99.997
95.0865
97.1923
95.2707
97.0577
95.083
97.1525
95.3759
104.422
136.579
102.839
100.968
96.8091
128.007
64.0485
97.3037
98.0405
99.7837
104.32
97.2942
98.1252
98.1706
95.4482
96.6273
96.059
97.0516
95.5593
96.6295
96.0286
94.748
103.63
92.9084
77.3358
91.2877
93.6231
92.1691
95.684
96.1069
99.8009
97.5267
97.058
96.0676
99.0093
95.9978
95.4517
95.4986
96.0721
95.9852
95.4511
95.4928
77.4096
91.7631
100.23
119.5
74.3921
81.2489
95.9976
95.9172
93.3356
96.0459
93.4976
95.7611
93.3965
114.177
94.9383
93.8156
94.5682
94.7093
94.9858
93.8174
94.6192
121.469
90.8246
102.283
96.1255
63.1189
93.8572
111.084
91.9272
90.7454
91.088
92.6315
91.9534
90.5815
91.6665
94.4879
94.3961
94.8086
93.8453
94.5261
94.3945
94.8268
99.8407
96.3672
96.1701
95.8558
92.8181
97.2124
96.1634
95.5036
94.7785
95.666
94.8919
95.499
94.7754
95.6676
95.3029
96.0355
95.9792
95.2938
95.2999
96.0331
95.9639
107.74
100.742
114.602
94.1577
106.988
101.72
104.431
98.6218
98.5769
106.013
101.608
97.2862
98.7002
104.396
96.0515
96.7356
95.626
96.7002
96.0321
96.7129
95.733
99.4473
101.054
98.8123
97.9145
101.554
101.523
99.3891
97.6171
97.1287
97.4165
96.6259
97.6374
97.0732
98.4478
95.3762
96.9983
95.1173
96.8645
95.5027
96.9946
95.1132
98.5941
100.917
100.882
103.366
98.9846
99.287
99.682
97.3313
97.4436
98.9305
97.417
97.2691
97.4332
98.9048
95.0586
96.69
94.9699
96.939
95.0538
96.6999
94.9648
97.0134
96.951
96.9119
96.8707
96.8993
97.0177
96.9518
97.3687
100.872
97.6892
97.9118
98.1637
97.6851
97.3481
97.187
97.0438
97.4226
97.2462
97.0408
97.3964
97.3059
97.0178
97.0883
97.0996
97.4307
97.4609
97.0216
97.1139
97.0122
96.8743
96.9453
96.905
96.9081
96.9981
96.9554
97.3555
97.9326
98.146
97.6698
98.1447
97.6913
97.3529
97.1836
97.2444
97.0453
97.3813
97.0615
97.4105
97.1966
97.6945
97.6924
97.4827
97.3836
97.6827
97.4223
97.7225
98.3739
99.0396
98.1047
98.5975
99.2433
98.1083
98.6726
97.7681
97.5527
97.7152
97.3954
97.509
97.7174
97.8403
98.1351
98.8839
98.1889
99.4892
98.2439
99.4463
98.1556
97.7139
97.3845
97.6785
97.4336
97.6844
97.4433
97.6384
98.3514
98.6227
98.8025
98.1217
98.7256
98.1258
98.3696
97.7775
97.4515
97.5172
97.725
97.5274
97.722
97.7581
97.5062
97.614
97.1792
97.3104
97.6407
97.1832
97.5031
98.4983
98.4061
96.8896
99.7049
95.9436
96.8856
98.0648
97.6213
97.2631
97.1028
96.656
97.1541
97.0976
97.6028
97.2518
97.6366
98.0094
97.1966
98.0402
97.3657
97.2471
97.4866
97.3609
97.607
97.1704
97.6157
97.2143
97.4628
97.7426
99.7434
100.571
96.9387
100.342
96.949
98.2843
97.6893
96.6644
97.3236
97.1021
97.1799
97.0868
97.6768
96.1563
96.3585
95.9217
96.314
96.35
95.9468
96.1508
95.6002
98.6338
95.1105
95.2456
98.2118
95.0466
95.794
95.4877
95.4713
94.8595
94.9319
95.4346
94.8511
95.4887
96.4697
97.4682
96.2186
93.74
96.2251
94.4073
96.4759
96.1474
96.2993
96.3407
95.9315
96.3586
95.9568
96.1479
95.6215
95.4994
98.1913
95.0856
98.073
95.0636
95.5967
95.4821
94.9314
95.462
94.8528
95.4264
94.8433
95.4776
94.3432
94.1177
94.2414
94.4351
94.094
94.2377
94.3429
92.1464
88.1457
90.4115
88.2736
88.0871
90.6612
92.2489
92.2674
93.3853
92.1079
93.0477
93.366
92.1147
92.3133
94.8923
92.0387
93.2329
96.0898
93.2639
95.7909
94.9967
94.3488
94.45
94.1058
94.2364
94.0998
94.2378
94.3603
92.4572
105.134
88.4963
91.4906
88.1403
91.6449
92.2202
92.2645
93.0379
93.3454
92.1325
93.3628
92.1259
92.3134
92.6174
92.2485
93.3023
92.8714
92.2547
93.2961
92.6304
93.3197
93.0395
93.9067
93.7184
93.0417
93.8998
93.3383
93.3492
93.6587
94.0921
94.4131
93.6505
94.0898
93.3538
91.9914
90.1081
91.39
91.3832
91.4348
91.4548
91.9888
92.6161
92.8701
92.2635
93.2956
92.2713
93.294
92.62
93.3164
93.7953
93.0152
93.8969
93.1257
93.8863
93.2905
93.363
94.4205
93.6505
94.0611
93.6701
94.1547
93.3353
95.4153
95.2854
95.4471
94.7939
94.8113
95.4437
95.4492
96.2571
98.0125
97.88
98.1196
97.3671
97.8476
96.2641
96.1218
95.9817
97.0226
96.5309
96.0004
97.0168
96.1153
95.4803
94.7876
94.7982
95.125
94.7961
96.1479
95.4803
95.3799
94.6917
94.6654
95.4394
94.7898
95.439
95.4019
96.1776
98.1
96.9265
97.8587
97.0361
97.9164
96.1879
96.1066
96.5299
95.9862
97.0212
96.0119
97.0167
96.1185
97.3172
98.1296
96.9455
96.9421
98.1274
96.9011
97.3434
98.5717
97.2921
96.6981
94.5605
97.3987
96.5926
99.9629
97.6706
97.087
97.2584
96.665
97.0729
97.183
97.6483
97.6533
102.137
98.6671
97.5246
98.5767
97.3396
97.6936
97.3051
96.9467
98.1386
96.897
98.1385
96.9022
97.3106
98.7191
94.0753
97.0834
96.5489
97.1909
96.6852
98.8263
97.6187
96.6661
97.0676
97.2634
97.0726
97.2051
97.6252
96.9991
97.0809
96.8186
96.9295
97.0837
96.8136
97.0247
96.7149
101.954
98.2625
98.541
100.998
97.7426
103.139
99.9214
97.8684
97.4296
97.1628
97.1063
97.3836
100.828
96.9779
96.0068
97.4939
97.8121
97.189
97.8419
97.7266
96.9626
96.9835
97.1209
96.8315
97.1186
96.8106
96.9952
97.3488
98.5049
106.961
99.4602
106.567
97.8987
96.9898
99.5583
97.1644
97.8183
97.4199
97.2101
97.2543
99.9824
97.1302
97.3156
97.0651
97.1758
97.3233
97.0334
97.1543
97.5646
99.4297
97.3054
98.2936
99.5137
97.6964
97.2625
97.1022
96.9976
96.9047
96.8664
96.9706
97.1094
96.9053
97.7306
98.4312
97.6375
97.5744
97.4248
97.746
97.5719
97.1327
97.2055
97.3239
97.0412
97.3032
97.0553
97.1431
97.5819
97.9944
98.7632
97.2421
98.9184
97.6317
97.2573
97.1033
96.8769
96.9739
96.9046
97.0167
97.1099
96.9037
96.9877
96.9589
96.911
96.8707
97.0175
96.9069
96.9272
97.3172
99.7495
97.6696
97.979
97.3934
97.8187
97.6547
97.1879
97.0526
97.3825
97.2532
97.192
97.047
97.3863
97.0516
97.2495
97.033
97.6856
97.701
97.0354
97.049
96.9865
96.8742
96.924
96.908
96.9118
96.9682
96.9264
97.3309
98.0372
98.0253
97.6564
98.0234
97.6469
97.3268
97.2004
97.2598
97.0492
97.3786
97.0506
97.3828
97.1672
97.6506
97.6862
97.4773
97.3805
97.6324
97.667
97.4243
98.2894
98.8111
98.0924
98.5724
98.275
98.4857
98.0973
97.7397
97.5709
97.7024
97.3906
97.7448
97.5082
97.6946
98.2459
98.7754
98.1259
99.7223
98.1503
99.6769
98.3039
97.6604
97.3797
97.5801
97.4518
97.6218
97.4451
97.6655
98.3062
98.5455
98.6694
98.1217
98.495
98.1093
98.3136
97.7351
97.3853
97.4865
97.6951
97.5065
97.7699
97.7308
97.446
97.6364
97.2328
97.2832
97.459
97.6078
97.0892
98.3128
100.792
97.0075
99.8444
98.062
101.545
96.883
97.7606
97.5601
97.0961
96.6662
97.7127
97.4995
97.097
97.2731
102.309
98.0862
97.6626
98.0548
97.174
97.2823
97.4319
97.317
97.5566
97.1631
97.6063
97.1556
97.4131
98.4408
99.7898
103.377
96.8792
105.316
96.833
98.4051
97.7812
96.688
97.233
97.0549
97.4153
97.064
97.7644
96.179
96.335
95.9767
96.2859
96.1508
96.3322
95.9427
95.3518
98.8447
95.1043
95.6053
95.4494
99.1244
95.1187
95.4556
95.4141
94.8734
94.9233
95.4668
95.4389
94.8549
97.7014
96.0504
96.1329
101.734
96.1649
98.6581
96.6353
96.1631
96.2983
96.3196
95.9201
96.3205
95.9307
96.1554
95.3079
95.2181
95.7874
95.0802
93.623
95.096
95.4392
95.4647
94.9177
95.4057
94.8924
95.4179
94.8616
95.4573
94.397
94.1137
94.2128
94.4066
94.39
94.1316
94.2312
92.2461
88.3896
92.2823
101.702
92.2793
91.983
93.2423
92.3077
93.3407
92.1403
93.0598
92.295
93.3653
92.1308
95.2849
99.0579
93.3338
96.4735
93.2075
96.4945
95.4988
94.4242
94.3805
94.1517
94.2363
94.1404
94.2394
94.4576
92.2895
89.3793
98.2787
91.5217
92.2896
91.3642
92.3543
92.3376
93.0467
93.3538
92.0975
93.3436
92.1176
92.3643
92.6208
92.2615
93.2928
92.8471
92.6165
92.2574
93.3023
93.2457
93.0364
93.9113
93.7288
93.2776
93.0562
93.9256
93.3295
93.659
94.0619
94.4144
93.3411
93.6398
94.1324
91.9348
90.2475
90.9082
91.1784
91.053
91.3324
91.932
92.6133
92.8431
92.2388
93.2937
92.2478
93.286
92.6214
93.2344
95.0709
92.9868
93.9272
93.0134
93.9343
93.2293
93.339
94.4126
93.644
94.0668
93.6677
94.0793
93.3069
95.4194
94.7345
95.4413
94.8933
95.4158
94.8013
95.4489
96.2968
96.9369
98.0323
98.1306
96.2085
96.994
97.9616
96.1382
96
97.0521
96.5203
96.142
96.0018
97.0858
95.4679
94.7449
94.7814
95.6614
94.7883
95.6299
95.4763
95.4183
95.0619
94.7185
95.4419
94.8159
95.4476
95.4313
96.3391
98.1235
97.0664
97.9007
97.0051
97.9338
96.3194
96.1331
96.515
95.9779
97.0394
96.0094
97.0486
96.1332
97.3372
98.1507
96.8883
96.932
97.3238
98.1492
96.9466
98.7893
97.1251
96.663
109.635
98.7512
97.167
96.788
97.6384
97.078
97.258
96.7021
97.6368
97.0655
97.3119
98.877
102.016
98.5756
105.459
98.5898
102.596
99.3208
97.3335
96.9356
98.153
96.914
98.1589
96.9094
97.3208
98.5952
103.474
98.2095
97.4381
97.9781
97.0484
98.3595
97.6147
96.6866
97.0666
97.3794
97.0758
97.3669
97.5968
96.9076
97.0716
96.8589
96.9137
96.9176
97.0776
96.8345
99.7725
112.419
99.2915
98.2977
98.1492
94.2345
97.6309
97.9155
97.1119
97.3853
97.1595
97.8675
97.1307
97.3225
97.8475
96.4927
97.143
97.4671
97.1537
97.9665
97.4077
96.9098
96.9125
97.2199
96.9148
97.1033
97.0208
96.9507
98.5715
98.1178
94.1997
97.7244
94.2126
97.7064
98.9467
96.0769
97.1639
97.1976
97.2806
97.2033
97.2984
96.1778
97.1336
97.3429
97.0739
97.1692
97.1317
97.283
97.0311
97.5743
98.5662
97.2421
97.6307
97.5907
98.4662
97.2042
97.1127
96.9974
96.9017
96.8692
97.1048
96.9767
96.9035
97.3852
97.4433
97.4354
98.6528
97.4319
98.9992
97.2733
97.1432
97.1978
97.2799
97.0304
97.2753
97.0662
97.1394
97.4434
97.6118
99.3969
97.0591
98.4224
97.4419
97.1365
97.1556
96.8704
96.9706
96.9101
96.9716
97.1109
96.9074
96.9443
96.9258
96.9128
96.8681
96.9659
96.9009
96.9085
97.3186
98.0291
97.6611
97.9968
97.3175
98.056
97.6597
97.1821
97.0653
97.376
97.2593
97.1696
97.035
97.4135
97.0474
97.1047
97.0949
97.8163
97.7625
97.0409
96.9902
96.929
96.8694
96.9572
96.9086
96.9021
96.9518
96.9001
97.3154
97.9828
98.0251
97.6475
98.0334
97.6526
97.3103
97.2089
97.2522
97.0535
97.4145
97.0399
97.4159
97.2048
97.6655
97.569
97.4715
97.3765
97.6572
97.5621
97.4402
98.388
98.7196
98.1161
98.4664
98.3364
98.6029
98.1133
97.7437
97.4881
97.7245
97.3863
97.7309
97.4653
97.7031
98.4168
98.9986
98.3393
101.02
98.1659
100.172
98.4184
97.6829
97.3875
97.5756
97.4478
97.5724
97.4365
97.6862
98.389
98.5352
98.9591
98.3527
98.5966
98.119
98.4663
97.7427
97.395
97.5072
97.7433
97.4654
97.7061
97.7866
97.435
97.5509
97.1709
97.2972
97.4191
97.5475
97.1479
99.3799
103.307
96.8302
105.55
98.3767
103.847
96.8318
97.7701
97.2819
97.1113
96.6283
97.8004
97.2714
97.0968
97.2988
99.687
98.22
98.6653
98.1282
98.3847
97.3137
97.4336
97.2979
97.5595
97.1999
97.5601
97.1521
97.4552
98.013
99.7531
104.867
96.8556
104.92
96.8494
98.2361
97.7614
96.7506
97.0101
97.0663
97.1114
97.056
97.7388
96.1716
96.3587
95.9079
96.3055
96.164
96.313
95.9578
95.1912
94.3339
95.0976
95.4427
95.4244
94.5499
95.0776
95.4979
95.4937
94.915
94.8888
95.4601
95.4248
94.9115
95.8458
96.5982
96.1813
103.527
96.0084
106.617
95.8075
96.1847
96.2888
96.3175
95.9436
96.3162
95.9346
96.1893
96.5074
95.3786
96.5275
95.0659
94.6988
95.0744
95.9206
95.4432
94.9037
95.443
94.9209
95.4344
94.916
95.4401
94.5149
94.1539
94.2355
94.4322
94.4784
94.1373
94.2453
92.563
98.3484
91.5595
89.0534
92.4527
109.702
91.4307
92.3923
93.3548
92.0759
93.0561
92.384
93.3561
92.0729
96.0651
100.217
93.4846
98.5944
93.4089
102.11
96.2103
94.5304
94.4002
94.1233
94.2474
94.123
94.2472
94.5471
92.2594
88.7927
101.509
91.421
98.1928
91.3333
92.3192
92.4025
93.0576
93.3673
92.0802
93.3568
92.074
92.4114
92.6119
92.2383
93.2934
92.8529
92.6106
92.2245
93.2921
93.157
93.1211
93.9236
96.4713
93.2283
93.1166
93.9448
93.2902
93.6588
94.1069
94.4162
93.31
93.6517
94.1067
91.9758
90.5528
90.547
91.096
90.4884
90.4826
92.0479
92.6249
92.8489
92.2208
93.2964
92.2231
93.2975
92.6235
93.1199
93.1661
92.9426
93.9198
92.9801
93.9287
93.5377
93.2879
94.4186
93.6609
94.127
93.6514
94.0709
93.3346
95.4496
94.7615
95.4338
94.7126
95.4435
94.8792
95.4449
96.3624
97.2229
98.0026
98.2231
96.3241
97.2203
97.9549
96.1423
95.9856
97.0524
96.5141
96.1448
95.9816
97.0103
95.5346
94.6728
94.7804
95.8718
94.7721
95.7001
95.5285
95.4391
95.09
94.9137
95.4624
95.0298
95.4573
95.4571
96.3691
98.2423
97.2847
97.9544
97.2773
97.9534
96.3546
96.1584
96.5316
95.9947
97.051
95.9878
97.0282
96.156
97.305
98.1597
96.9195
96.9424
97.3146
98.1528
96.9199
100.798
98.5586
97.4056
101.585
98.504
105.024
97.1881
97.621
97.0787
97.3859
96.7186
97.6004
97.0977
97.4163
97.5293
101.713
98.632
100.042
98.6164
99.7708
97.4884
97.3489
96.9439
98.1593
96.9425
98.1547
96.9115
97.3469
98.541
101.138
116.137
97.3819
104.477
97.1885
98.2673
97.6181
96.716
97.2024
97.462
97.0732
97.3867
97.6192
96.8633
97.0774
97.0315
96.9174
96.8496
97.0732
96.9889
99.2207
100.084
97.8888
97.9764
99.0047
96.2086
97.9049
96.5461
97.1911
97.3419
97.2219
96.7167
97.2091
97.3115
97.6894
97.1385
97.2451
100.022
97.0315
98.3906
97.7791
97.0107
96.917
97.0454
97.0261
97.063
96.9616
96.9515
99.239
97.958
96.3206
97.9154
97.2924
97.9175
99.3469
96.627
97.1884
97.2158
97.5196
97.2114
97.3208
96.6243
97.1283
97.2819
97.0567
97.1665
97.1476
97.2928
97.0294
97.5715
98.4336
97.047
97.7285
97.4312
98.0742
97.0554
97.0599
97.0046
96.9226
96.8676
97.0766
96.9573
96.9097
97.2728
97.4466
97.5197
98.8241
97.4385
98.7959
97.3574
97.1625
97.1618
97.3018
97.0485
97.2871
97.0323
97.1929
97.4643
97.8172
100.51
97.0416
98.7219
97.4446
97.05
97.0618
96.8689
96.9937
96.9378
96.9569
97.123
96.8976
96.7608
96.893
96.8892
96.9296
96.781
96.7836
96.9411
96.8657
96.6896
96.8657
96.9739
96.7824
96.996
96.7839
96.6998
96.857
96.8744
96.9555
96.7844
96.7848
96.9382
96.8698
96.7018
96.8855
96.9115
96.7854
96.96
96.7805
96.9103
96.7123
96.8884
96.9259
96.7767
96.777
96.9826
96.7039
96.8785
96.8761
96.9211
96.7786
96.7788
96.984
97.0072
97.0241
97.0103
96.9921
96.9604
97.0437
96.9587
96.9936
97.0507
97.0304
96.9358
96.9558
96.9724
96.9576
97.0192
97.0414
97.0073
96.9839
96.9651
96.9616
97.0291
96.99
96.9907
96.9738
96.9768
96.9568
96.9571
96.9519
97.0153
97.0202
97.0229
96.9839
96.9619
96.9633
97.0691
97.0088
97.0083
96.9936
96.935
96.9567
96.9571
97.0281
105.832
102.528
101.716
111.764
99.9142
104.247
104.468
91.7016
95.0163
91.9366
94.7417
91.7015
95.0111
91.9366
91.6994
95.0054
91.9324
94.7425
91.7056
95.0039
91.9409
91.7053
95.0072
91.9407
94.7363
91.6988
95.0052
91.9317
91.8964
94.7477
91.702
95.1895
91.8957
94.7472
91.7017
91.9004
94.7477
91.7049
95.1843
91.8923
94.7414
91.7002
91.8931
94.7422
91.701
95.1835
91.9014
94.7486
91.7056
96.8418
96.8945
96.8708
96.8561
96.7907
96.8551
96.7908
96.8734
96.8714
96.8535
96.857
96.7912
96.791
96.8575
96.8872
96.9298
96.8486
96.8586
96.792
96.8581
96.7928
96.8856
96.8355
96.8332
96.8526
96.7912
96.792
96.8538
96.8628
96.8458
96.8475
96.8578
96.7867
96.7956
96.8466
96.8316
96.8806
96.8321
96.8511
96.7863
96.7951
96.8371
97.164
97.1373
97.1419
96.8633
96.8986
96.9
96.8635
97.1429
97.1154
97.1443
96.8618
96.9103
96.8601
96.9041
97.1407
97.1412
97.1332
96.8445
96.9033
96.8616
96.9032
97.1319
97.1419
97.1322
96.8461
96.8978
96.9033
96.8747
97.1436
97.1317
97.1382
96.8538
96.9124
96.917
96.8727
97.1614
97.1438
97.1389
96.8518
96.9153
96.9171
96.8601
92.2414
95.3684
91.9505
94.9772
92.2415
95.3754
91.9512
95.5125
95.6782
95.3828
95.4907
95.5078
95.6794
95.354
95.4991
95.4927
95.6802
95.2927
95.6795
95.3792
95.4688
92.2437
95.3728
91.9532
95.0118
92.2465
95.3603
91.9438
95.5396
95.6811
95.3042
95.4871
95.4812
95.6777
95.287
92.2452
95.3604
91.9422
94.9848
92.2427
95.364
91.9518
95.5396
95.4897
95.679
95.43
95.6785
95.2674
95.5635
92.002
95.0906
92.2905
95.1422
92.0013
95.0913
92.2903
95.3828
95.3022
95.1071
95.5298
95.1017
95.5291
95.383
91.9936
95.106
92.2942
95.1303
92.0036
95.0945
92.2926
95.4076
95.2962
95.1042
95.528
95.125
95.5293
95.3921
95.3816
95.0973
95.5289
95.298
95.3909
95.1212
95.5285
92.0026
95.0929
92.2916
95.129
91.9924
95.1058
92.2931
95.5913
95.678
95.2942
95.4861
95.6789
95.2638
95.5545
95.6122
95.4866
95.6773
95.3236
95.6778
95.2854
95.5687
95.4138
95.1522
95.5316
95.2934
95.3834
95.1502
95.5277
95.4366
95.1064
95.526
95.2923
95.1069
95.5251
95.406
95.4374
95.2896
95.1211
95.5258
95.1305
95.5257
95.404
95.8227
96.0059
96.0792
95.8459
96.1054
95.849
95.8548
95.7713
95.7648
96.0435
95.9797
95.7689
95.7656
96.0413
95.7742
95.9797
95.7657
96.0395
95.7655
96.0406
95.7665
95.8613
96.0898
95.8427
95.9955
95.9182
96.0313
95.842
95.7747
95.9774
95.7652
96.0442
95.7666
96.0305
95.776
95.8233
96.158
95.8432
96.0064
95.8834
96.1201
95.8475
95.7715
95.7666
96.0405
95.9783
95.7735
95.7671
96.0305
95.8667
95.9948
96.0424
95.838
96.029
95.8451
95.9414
95.8006
96.0075
96.1549
95.8411
96.0713
95.8399
95.9016
95.7746
95.7587
96.0334
95.9749
95.7679
96.0301
95.7734
95.7754
95.9764
95.7597
96.0349
95.7687
96.0309
95.7765
95.8231
96.0795
95.8355
96.0059
96.069
95.8425
95.9105
97.2942
109.496
111.092
108.854
100.741
104.463
80.6808
111.115
116.516
107.112
110.291
116.017
118.506
107.865
119.14
104.571
100.968
90.7298
128.426
114.704
109.489
96.9998
96.9559
96.9581
96.8437
96.9246
96.9459
96.8257
96.9991
96.9619
96.9654
96.851
96.9732
96.9753
96.8558
96.9782
96.9998
96.9704
96.8459
96.9754
96.84
96.9763
96.9599
96.999
96.9586
96.8515
96.9676
96.8562
96.959
97.0039
96.9853
96.9912
96.8238
96.9736
96.965
96.8329
96.9965
97.0043
96.9956
96.8104
96.9268
96.9506
96.8091
78.0313
88.4999
37.1446
98.7301
78.7271
501.877
163.795
92.4343
94.8181
92.3709
94.2968
92.4345
94.8199
92.3714
96.6189
95.8386
96.3644
96.0616
96.6183
95.8416
96.3628
96.6194
96.0604
95.8388
96.3618
95.8404
96.3627
96.6202
92.4255
94.9421
92.3619
94.297
92.4345
94.8337
92.3718
96.6186
96.0535
95.8335
96.3651
95.8251
96.3641
96.6175
92.4352
94.835
92.3725
94.3078
92.4263
94.9443
92.3628
96.6226
95.8347
96.3629
96.0541
96.6207
95.8253
96.3619
96.6203
95.7986
96.3634
96.0511
95.812
96.3643
96.6149
96.6242
96.0484
95.7988
96.3618
95.8118
96.3624
96.6192
92.6091
94.3836
92.6017
94.9223
92.6093
94.3842
92.6017
96.5659
96.3538
96.0497
96.055
96.5668
96.3531
96.0526
96.5658
96.0539
96.3522
96.0504
96.3535
96.0523
96.5669
92.5982
94.396
92.5898
94.9348
92.6089
94.3846
92.6018
92.6097
94.384
92.6019
95.0349
92.5984
94.3966
92.5899
96.5672
96.0467
96.3552
96.047
96.3529
96.0396
96.5668
96.5685
96.3519
96.047
96.0485
96.5665
96.3515
96.0387
96.568
96.3533
96.0071
96.055
96.3532
96.0285
96.5628
96.5679
96.0535
96.3529
96.0064
96.3525
96.0279
96.5626
97.0614
97.1581
97.1596
96.8313
96.9623
96.9647
96.8318
97.1591
97.0617
97.1586
96.8289
96.9555
96.8274
96.9607
97.157
97.0623
97.1552
96.8232
96.9584
96.8275
96.953
97.0661
97.1584
97.1556
96.8207
96.9538
96.9427
96.8224
97.0639
97.1506
97.1551
96.8139
96.9317
96.9441
96.7974
97.1512
97.0666
97.155
96.8174
96.933
96.9296
96.8
111.134
106.121
102.154
89.2989
107.563
103.524
102.941
96.8015
96.9407
96.8016
96.8331
96.9419
96.8354
96.9429
96.9445
96.8017
96.8012
96.848
96.9392
96.9366
96.84
96.7906
96.9467
96.8011
96.8562
96.9192
96.9308
96.8676
96.8004
96.9448
96.8006
96.8472
96.9389
96.8388
96.9343
96.9414
96.8006
96.8008
96.8328
96.9418
96.9429
96.8342
96.947
96.7897
96.8
96.8555
96.9203
96.9293
96.8667
84.8528
95.6113
95.7843
99.7119
82.6262
95.6755
96.5325
105.41
88.6462
72.9141
92.1467
108.823
62.8193
107.15
92.5966
82.5593
77.3071
103.03
85.4497
85.963
103.28
108.581
101.277
84.305
101.214
101.606
101.735
81.9446
96.6971
95.4359
96.5734
95.6722
96.5734
95.6658
96.6956
96.6943
95.6393
95.9314
96.624
95.9342
96.6176
96.6944
96.6968
96.5752
95.6707
95.4383
96.6939
96.5727
95.6651
96.6957
95.93
96.6289
95.6083
96.6947
95.9307
96.6308
96.6953
95.61
95.9308
96.6302
95.93
96.6302
96.6951
96.6929
95.93
96.6251
95.631
96.6942
95.9322
96.6173
96.688
95.4566
96.5744
95.6855
96.5711
95.7051
96.6911
96.6898
96.5727
95.6837
95.4655
96.6932
96.5698
95.7042
96.6925
95.9393
96.6013
95.6566
95.9363
96.6065
96.6813
96.6916
95.6545
95.9381
96.5991
95.9336
96.6121
96.6804
96.6827
96.5558
95.7753
95.4874
96.5699
95.7373
96.6714
96.6854
95.4873
96.5542
95.7727
96.5637
95.7344
96.6732
96.7711
96.9508
96.7713
97.0802
96.8668
97.0821
96.8629
96.9502
96.7669
96.7736
97.0806
96.8656
96.8626
97.0741
96.949
96.7564
96.7507
97.0602
96.871
96.8789
97.0643
96.7593
96.9445
96.7529
97.06
96.8674
97.0624
96.8726
96.94
96.7608
96.7667
97.1059
96.8854
96.8764
97.1606
96.7607
96.9457
96.7676
97.1084
96.8868
96.8802
97.1587
96.7654
96.7046
96.7648
96.8867
96.9776
96.8925
96.9717
96.7047
96.7638
96.7641
96.8875
96.97
96.8935
96.976
96.7397
96.6437
96.7538
96.9715
97.096
97.0093
96.9573
96.7615
96.6646
96.7579
96.9377
96.9761
96.911
96.9429
96.6668
96.764
96.7595
96.9396
96.9703
96.9116
96.9702
96.6644
96.7378
96.7521
96.9712
97.0818
97.011
96.9596
113.968
94.3519
92.3022
87.2867
76.2198
75.6652
87.9781
96.7248
96.7424
96.7234
97.1713
97.127
97.1768
97.1366
94.7914
94.7406
94.791
94.581
94.6147
94.583
94.6144
96.6952
96.6961
96.6767
97.14
97.1116
97.1556
97.1002
94.7412
94.7919
94.7914
94.5807
94.6139
94.6142
94.5829
94.7921
94.7438
94.7929
94.6129
94.5852
94.5875
94.6106
94.7439
94.7923
94.7933
94.6127
94.5855
94.5884
94.6129
94.8734
94.7474
94.8726
94.6254
94.6276
94.6559
94.6583
94.7474
94.8727
94.8725
94.6313
94.6253
94.656
94.6576
96.7044
96.6617
96.6629
97.1135
97.1143
97.1592
97.0516
96.7434
96.7125
96.7257
97.1683
97.1303
97.1581
97.1342
94.873
94.7488
94.8738
94.6256
94.6267
94.6563
94.6588
94.75
94.8748
94.8761
94.6281
94.6289
94.6567
94.6614
96.6747
96.7223
96.6682
97.1336
97.2318
97.2769
97.0872
96.7462
96.6726
96.6463
97.1199
97.2389
97.3155
97.0887
94.7839
94.7452
94.7937
94.5952
94.6085
94.6131
94.6
94.7451
94.7833
94.7934
94.5932
94.6069
94.6099
94.5977
94.7504
94.8651
94.875
94.6238
94.6273
94.6651
94.6697
94.8668
94.7513
94.8767
94.6258
94.6308
94.6672
94.6707
94.8643
95.0157
94.8654
94.357
94.3466
94.3604
94.3582
95.0199
94.8652
94.866
94.3559
94.3497
94.3537
94.3629
95.0008
94.8626
94.8601
94.3349
94.3724
94.3894
94.3153
94.8625
95.0038
94.8594
94.3264
94.3707
94.3875
94.3099
94.997
95.1937
94.9973
94.474
94.4729
94.4812
94.4747
89.227
88.3341
93.6045
82.7031
94.7614
82.8948
88.4909
95.1969
94.9963
94.9973
94.4747
94.4675
94.4848
94.482
94.9948
95.1861
94.9926
94.4461
94.4906
94.5063
94.433
95.1866
94.9962
94.9944
94.4365
94.4912
94.507
94.4349
94.8411
95.0185
94.8552
94.4181
94.4189
94.3536
94.4503
95.0129
94.8413
94.8552
94.4158
94.4161
94.3521
94.4491
94.9792
95.1994
94.9908
94.5326
94.5326
94.4849
94.5634
95.199
94.9772
94.9892
94.5321
94.5332
94.4761
94.5629
97.707
103.044
99.4794
108.969
96.8837
103.781
99.3971
97.2016
112.402
99.8254
157.625
97.2322
111.282
99.8853
95.5076
95.3684
95.5069
94.1172
94.1171
93.8368
93.8264
95.3707
95.516
95.5081
94.1154
94.1103
93.8346
93.8314
95.5083
95.3559
95.497
94.1394
94.1372
93.8549
93.844
95.3595
95.5034
95.4989
94.13
94.1444
93.8411
93.8428
95.141
95.3443
95.3399
94.0092
94.0152
93.7812
93.781
95.3378
95.1386
95.3394
94.0181
94.0078
93.7798
93.7851
95.3556
95.4753
95.493
94.2272
94.1598
93.8772
93.9515
95.4742
95.3481
95.4949
94.2403
94.1621
93.877
93.9483
95.1235
95.332
95.3296
94.0214
94.0348
93.7954
93.8027
95.3388
95.1194
95.3274
94.0337
94.0322
93.8026
93.7915
95.3111
95.1154
95.3162
94.1346
94.0547
93.813
93.9107
95.1116
95.3082
95.3241
94.1327
94.0439
93.8116
93.8992
92.661
94.0429
92.5951
93.9072
92.6617
94.0432
92.5952
96.2697
96.5251
95.1961
95.3639
96.2728
96.5233
95.1969
96.2696
95.3643
96.5237
95.1955
96.5229
95.1967
96.273
92.6492
94.045
92.5836
93.9108
92.6606
94.0422
92.5958
92.6617
94.0432
92.596
93.9155
92.6495
94.0459
92.5837
96.2831
95.3862
96.5208
95.2007
96.5151
95.2026
96.2779
96.2819
96.5193
95.2
95.3873
96.2772
96.5119
95.2021
96.2861
96.4805
95.2468
95.4234
96.501
95.2198
96.2911
96.2858
95.4245
96.4792
95.2466
96.498
95.2192
96.2934
77.3856
92.7902
79.0794
103.075
92.3887
86.5531
103.743
107.342
118.296
106.159
107.319
107.218
119.617
107.661
92.547
93.8099
92.5373
93.8513
92.5469
93.8094
92.5377
96.3564
95.1883
96.4848
95.2652
96.3503
95.1863
96.4878
96.3563
95.2656
95.1885
96.4844
95.187
96.4863
96.3498
92.5384
93.8177
92.5261
93.8522
92.547
93.8127
92.5375
92.5467
93.812
92.5373
93.8523
92.5379
93.8172
92.5256
96.3483
95.2739
95.1903
96.4788
95.1925
96.4685
96.3573
96.3444
95.1888
96.4797
95.2723
96.3627
95.1922
96.4719
96.3646
95.2021
96.4372
95.3027
95.2024
96.4518
96.4477
96.3618
95.3007
95.2039
96.4369
95.2039
96.4545
96.4527
95.3391
94.9772
95.3404
93.4877
93.4547
93.4861
93.4543
94.9764
95.337
95.3385
93.4884
93.4556
93.4547
93.4859
95.334
94.9895
95.329
93.4602
93.4965
93.4984
93.4584
94.9914
95.3325
95.3265
93.4582
93.4967
93.4981
93.4562
95.3048
94.9993
95.3161
93.5285
93.4733
93.4663
93.5979
94.9987
95.306
95.3182
93.5286
93.4751
93.4681
93.5984
95.0928
95.3717
95.3713
93.5109
93.4741
93.4719
93.5061
95.3726
95.0922
95.3722
93.5104
93.4738
93.5062
93.4739
95.0985
95.3684
95.3645
93.4771
93.5124
93.5111
93.4746
95.3684
95.0964
95.3636
93.4753
93.5154
93.5113
93.473
95.3363
95.1003
95.3543
93.5464
93.5161
93.4923
93.6188
95.1006
95.3345
95.3513
93.5469
93.5127
93.489
93.6179
96.7256
103.537
111.557
107.908
99.7107
103.194
105.654
106.641
104.274
109.86
97.8686
99.9369
97.1518
108.077
96.1845
95.1697
95.9082
95.1131
96.1975
95.1707
95.9049
96.1783
95.1128
95.1723
95.9134
95.171
95.9069
96.1761
96.2226
95.1177
95.1705
95.92
95.1691
95.941
96.2145
96.2006
95.175
95.9279
95.1183
96.1847
95.1745
95.946
96.2403
95.1765
96.0665
95.1234
95.1787
95.9774
96.3304
96.2349
95.1237
95.1739
96.0656
95.1817
95.9851
96.3113
94.5126
94.9218
94.5086
93.6078
93.6063
93.5915
93.5917
94.9265
94.511
94.5097
93.6052
93.6043
93.5908
93.591
94.5169
94.9345
94.5304
93.6071
93.6076
93.5952
93.5956
94.9384
94.5178
94.5275
93.6077
93.6073
93.596
93.5969
94.6546
94.962
94.5626
93.6108
93.6205
93.6044
93.5938
94.9612
94.6547
94.564
93.6103
93.62
93.6039
93.5937
94.3529
94.8193
94.349
93.4988
93.4961
93.34
93.3406
94.8225
94.3548
94.3528
93.4971
93.4937
93.3375
93.3383
94.8433
94.3649
94.3778
93.4993
93.4991
93.3423
93.3436
94.363
94.8422
94.3776
93.4998
93.5019
93.3449
93.3466
94.4926
94.8784
94.4086
93.5019
93.5094
93.3517
93.3441
94.8792
94.4941
94.4098
93.5023
93.5105
93.3526
93.3447
88.6789
106.29
106.259
115.286
89.6899
115.263
105.356
88.2232
113.41
90.2795
86.8807
76.6182
76.1019
86.6238
96.1609
95.9786
95.1614
95.0843
96.1627
95.9713
95.1598
96.1623
95.0835
95.9717
95.1618
95.9685
95.1593
96.1602
96.1868
95.9798
95.1645
95.0873
96.1714
95.9902
95.1647
96.1886
95.0892
95.989
95.1641
95.9837
95.1653
96.1773
96.2201
95.0911
96.0923
95.1603
96.0151
95.1687
96.2947
96.2252
96.1052
95.1616
95.0936
96.0015
95.1708
96.2916
108.395
119.471
108.571
111.728
108.017
124.02
116.745
92.956
114.455
92.8108
93.6395
76.1772
88.0053
72.7482
113.83
108.113
125.979
117.24
112.028
107.918
126.278
92.5687
93.947
92.5079
93.8714
92.5694
93.9497
92.5053
95.6699
95.6791
95.0711
95.0544
95.6712
95.6758
95.071
95.6698
95.0542
95.6783
95.0709
95.6755
95.0709
95.6711
92.5575
93.9488
92.4963
93.8727
92.5683
93.9487
92.5059
92.5695
93.95
92.5055
93.8743
92.5579
93.9489
92.4967
95.6779
95.059
95.6884
95.0741
95.697
95.0738
95.6743
95.678
95.6871
95.0738
95.0594
95.6739
95.6976
95.0734
95.6899
95.8019
95.0673
95.064
95.7225
95.0776
95.7234
95.6897
95.0639
95.8011
95.0666
95.7229
95.077
95.7223
118.2
101.277
100.59
91.314
116.292
104.561
105.628
92.0978
105.011
90.0567
107.596
90.1685
107.033
91.3225
95.2609
88.4214
89.1675
90.4638
114.649
115.722
90.705
91.2417
109.526
107.502
103.612
112.73
111.149
103.186
90.3975
94.8744
89.1088
90.6986
118.799
116.399
91.0487
85.0966
95.6282
95.5056
108.376
89.471
96.3584
97.933
120.255
108.039
102.778
97.5392
108.337
109.725
103.718
107.692
93.0711
107.378
103.897
112.977
111.074
104.13
104.373
95.8454
95.0622
106.791
96.7174
95.3844
96.3299
104.654
94.3177
92.7148
89.7326
84.241
81.5635
91.296
94.3453
94.3833
94.3448
93.6139
93.755
93.6143
93.7555
94.385
94.3477
94.3465
93.6118
93.7544
93.7538
93.6119
94.3866
94.3495
94.3564
93.7559
93.6169
93.6151
93.7523
94.3498
94.3868
94.3544
93.7563
93.617
93.6171
93.7539
87.2323
94.4995
113.871
88.4255
114.374
92.1689
113.406
97.1326
115.341
101.51
97.2801
97.2277
102.701
95.7329
94.4166
94.3912
94.3727
93.6216
93.7489
93.7595
93.6119
94.3944
94.4162
94.3724
93.6222
93.7477
93.7586
93.6119
107.902
104.403
124.237
105.469
99.1257
104.267
103.752
99.5644
100.31
102.022
102.562
106.947
101.773
107.728
101.774
105.223
105.868
103.674
98.1033
103.823
104.714
133.069
97.6233
96.0878
116.681
106.204
109.333
103.329
108.649
97.0888
110.963
101.998
120.736
102.937
126.607
92.4631
93.8444
92.5522
93.8492
92.4606
93.844
92.5527
95.8584
95.1372
95.8999
95.1103
95.8603
95.1364
95.8984
95.8585
95.1102
95.1372
95.8997
95.1363
95.8982
95.8611
92.4522
93.8468
92.541
93.8487
92.4612
93.8446
92.5522
95.8812
95.112
95.1408
95.9023
95.1409
95.9038
95.8676
92.4608
93.8447
92.5527
93.849
92.4524
93.8471
92.5413
95.8822
95.1406
95.9032
95.112
95.8684
95.1407
95.9054
89.563
90.5635
89.4738
90.6356
89.5629
90.5633
89.4736
92.4672
91.7018
92.4669
92.4725
91.6979
92.4742
91.6973
91.7017
92.467
92.4674
92.4733
91.6974
91.6971
92.4739
89.4836
90.7077
89.5667
90.6007
89.484
90.7076
89.5666
89.5626
90.5636
89.4742
90.6363
89.5528
90.5662
89.462
92.4709
92.4566
91.7575
91.7013
92.4715
92.4556
91.7577
92.4704
91.7052
92.4717
91.7015
92.4759
92.4767
91.7016
89.5533
90.5668
89.4625
90.6365
89.5631
90.5641
89.4746
92.4707
91.7012
92.4565
91.7573
92.456
91.7575
92.4711
92.4719
91.7059
92.4727
91.7021
92.4782
92.4781
91.7023
89.4834
90.7074
89.5671
90.6043
89.4714
90.7097
89.5546
92.4595
91.7608
92.4727
92.4744
91.7053
92.4619
91.7606
89.472
90.7103
89.5552
90.6023
89.4836
90.7079
89.5675
95.8916
95.1346
95.9421
95.1152
95.1433
95.9112
95.8882
95.8915
95.1149
95.1339
95.9425
95.1428
95.9122
95.8869
92.46
91.7613
92.4736
92.475
91.7058
92.4617
91.7611
91.7103
92.5466
92.4865
92.4923
91.6947
91.7049
92.5471
92.5482
91.711
92.4867
92.4923
91.6957
91.7058
92.5484
92.489
91.7101
92.5407
91.7538
92.4784
91.7652
92.5381
92.4891
92.5409
91.7546
91.7106
92.478
91.7659
92.5386
94.5643
94.2955
94.5648
93.6622
93.4758
93.6615
93.4762
94.2955
94.5634
94.5642
93.6625
93.4756
93.4761
93.662
94.5641
94.3003
94.5655
93.4785
93.6648
93.6626
93.4769
104.912
112.262
108.297
130.238
108.696
106.025
105.977
94.3007
94.5644
94.5656
93.4787
93.6641
93.6616
93.4766
98.0995
101.766
97.8383
99.9872
98.5324
99.7146
96.704
98.3542
102.738
101.687
99.8438
103.278
102.708
99.2379
97.874
97.4425
108.13
101.273
97.5637
97.1858
106.455
100.33
99.491
100.323
101.558
100.318
100.959
100.419
99.2785
98.9521
99.2088
99.998
108.519
103.906
109.602
94.563
94.305
94.5645
93.6636
93.4689
93.4793
93.6529
94.3039
94.5639
94.5652
93.6646
93.4695
93.4799
93.6538
92.7049
92.5888
91.9379
91.8951
92.7056
92.5834
91.9385
92.7044
91.8948
92.587
91.9377
92.5824
91.9387
92.705
92.5988
91.9401
92.7055
92.7048
91.9002
92.617
91.9383
92.6017
91.9405
92.7061
92.706
91.9011
92.6185
91.9385
92.6537
91.9741
92.5073
91.9362
92.6544
91.9749
92.504
92.6548
91.936
91.974
92.5072
91.9751
92.5041
92.6559
92.708
91.904
92.619
91.9296
92.6264
91.9414
92.719
92.7088
92.6198
91.9305
91.9049
92.6263
91.942
92.7202
91.9766
92.5149
92.6564
92.6574
91.9401
91.9743
92.5289
91.9763
92.5154
92.6556
92.6546
91.9399
91.9741
92.5301
92.6579
91.9657
92.5359
91.944
91.9777
92.5386
92.6656
92.6564
91.9436
91.9648
92.536
91.977
92.5391
92.6644
98.9779
97.1534
98.8491
96.4381
100.146
97.1372
100.742
95.9183
95.2841
95.6805
94.9675
95.9224
95.2846
95.6803
95.9186
94.9685
95.2843
95.6802
95.2848
95.9245
95.6796
95.5843
104.034
135.298
81.3925
105.694
97.0154
91.9471
98.0017
101.382
96.7519
105.704
96.9118
105.385
97.9652
101.89
97.3826
114.447
104.358
111.535
104.345
120.595
102.386
103.011
94.881
116.2
102.69
102.104
93.7178
95.2876
105.452
118.613
137.161
113.7
103.191
111.095
95.9252
94.9701
95.286
95.6807
95.2837
95.9256
95.6813
98.845
105.344
100.275
101.12
101.361
101.834
108.591
98.8914
99.3424
99.4973
99.9429
130.422
104.535
101.484
95.9244
95.2862
95.6811
94.9699
95.9272
95.2842
95.6888
95.9223
95.2757
95.7164
94.9735
95.2862
95.9209
95.6979
95.9218
94.9741
95.2757
95.7125
95.2863
95.9209
95.7025
96.9883
95.7123
95.6968
94.564
97.0988
100.369
94.4214
97.8522
93.1866
95.6656
102.003
96.2861
96.5918
89.3117
95.8862
94.9926
95.7124
93.93
105.161
93.7472
95.0323
93.9489
103.603
92.5661
95.3933
96.7162
101.681
97.0088
97.7894
95.5457
95.8725
92.8998
101.204
109.594
93.6793
94.2661
97.8274
92.893
93.5533
96.8675
92.4877
96.7963
96.3154
98.7558
96.6928
94.6535
96.8596
94.6731
92.0216
93.076
87.9069
92.6294
96.8737
114.702
95.8389
99.7985
116.274
96.0427
100.564
99.4353
96.8281
96.7339
101.274
102.678
94.2248
95.0244
93.2623
98.5313
94.5849
100.954
92.6161
96.1658
95.9141
94.7492
94.018
97.6642
94.7083
95.6734
95.7331
94.9995
95.0267
95.6746
95
95.7309
95.6768
95.0272
95.73
95.0011
95.0004
95.6788
95.7303
95.6786
95.0304
95.7349
95.0023
95.0025
95.6769
95.7365
95.6869
95.7313
95.0047
95.0292
95.6784
95.005
95.7441
127.382
101.693
99.7701
120.767
130.874
98.8536
95.2234
95.6949
95.7702
94.9974
95.033
95.0065
95.7201
95.7538
95.7033
95.0328
95.7687
94.9979
95.0078
95.7155
95.7613
96.5277
100.216
107.923
95.1954
99.208
97.9877
105.618
93.1641
90.5824
106.383
103.195
90.8501
106.234
94.7202
89.5683
90.6255
89.5272
90.7869
89.5779
90.6234
89.5382
89.7752
93.701
85.0672
87.7173
94.1643
83.0243
90.0015
89.5776
90.6223
89.5383
90.7861
89.5775
90.6214
89.539
98.3222
98.6576
105.916
97.5631
97.6721
100.814
104.767
94.5344
96.4902
98.5273
95.1516
94.6602
96.5739
98.3423
89.5754
90.8341
89.5837
90.7142
89.576
90.834
89.5837
89.5778
90.6224
89.539
90.7865
89.5682
90.6253
89.5271
110.005
106.326
121.447
113.774
86.3054
105.072
119.051
110.613
120.747
106.248
108.018
110.37
103.697
108.816
104.354
60.4836
66.2186
79.304
59.1683
65.4233
103.965
88.6193
91.5323
129.051
90.1786
89.8707
91.3932
84.8414
87.745
89.917
91.3358
87.2228
90.8375
89.4445
87.1675
94.5654
95.262
95.7206
97.6905
96.3829
97.8757
94.6915
92.5902
91.952
92.5888
92.5591
91.9153
92.5625
91.9164
91.9521
92.5932
92.5921
92.5608
91.9157
91.9164
92.5646
92.5898
91.951
92.5923
91.9185
92.5645
92.5676
91.916
92.5913
91.9498
92.5903
91.9178
92.5646
92.5677
91.915
92.5307
92.0029
92.5287
92.4966
91.9843
92.4994
91.9858
92.0029
92.5331
92.5299
92.4974
91.984
91.9857
92.5002
104.935
106.589
105.56
113.153
99.2994
100.924
100.716
98.6582
88.9787
89.8271
87.8963
101.128
98.2332
84.608
91.9543
92.6069
92.6001
92.5736
91.9075
91.9181
92.5748
92.6065
91.953
92.5952
92.5725
91.9065
91.9171
92.5733
99.9326
97.4875
100.43
102.762
101.251
113.92
104.085
89.5639
90.8369
89.5723
90.7156
89.5753
90.8345
89.5847
89.5761
90.8344
89.5846
90.7172
89.5638
90.8366
89.5722
92.5326
92.0017
92.533
91.9863
92.5004
92.5017
91.9839
92.5307
92.0004
92.5292
91.986
92.4993
92.5013
91.9834
75.0383
92.2508
100.036
113.403
74.1075
91.2777
101.041
110.543
107.056
118.546
102.826
103.158
107.362
101.334
115.563
107.818
126.179
112.248
110.365
122.001
134.22
106.539
126.367
112.936
108.659
112.801
106.903
133.669
142.426
124.901
98.7564
104.033
90.6982
105.24
95.3753
100.363
97.4309
101.25
99.9079
109.491
102.309
101.256
118.336
128.666
148.385
124.969
105.395
-52.2113
60.7749
92.5471
92.0052
92.5374
92.5074
91.9762
91.9875
92.5139
92.0038
92.5461
92.5362
92.5074
91.9753
91.9867
92.5115
104.435
101.759
96.0981
105.959
105.387
101.985
97.746
95.6981
95.0791
111.203
89.9747
96.4532
93.7486
123.884
108.465
94.5094
103.572
99.329
96.6059
96.3123
88.6823
105.724
99.5495
99.8113
101.73
104.005
98.9406
99.6907
103.059
101.477
104.536
100.349
106.844
100.21
98.78
82.3129
112.986
84.2008
118.189
139.512
122.155
137.496
103.028
102.509
102.634
99.7683
99.8969
99.8751
99.9571
102.459
118.498
103.361
121.494
117.344
118.867
118.201
93.4554
91.8858
92.071
103.909
93.1211
100.457
91.9825
100.676
107.574
105.901
103.772
105.149
101.682
99.9538
99.8157
112.914
105.041
113.071
105.221
99.0934
130.451
81.7975
96.8414
103.393
95.3197
92.7662
96.2215
103.746
103.261
113.539
94.1685
103.085
99.7617
99.2754
102.606
82.5224
93.1257
95.0645
87.0961
103.183
102.596
88.3945
94.4294
95.0204
96.5935
95.8243
97.2144
95.7786
94.5339
109.702
106.974
107.034
102.615
102.689
99.6599
99.8829
100.527
97.1855
98.4629
99.4584
99.4059
104.854
107.567
99.2784
99.9459
97.1676
98.449
99.683
109.101
109.19
102.876
97.9255
94.2273
99.112
102.589
102.7
99.3499
109.111
94.1333
108.946
106.274
110.626
108.102
99.9979
103.38
102.793
102.635
99.8593
100.575
99.4915
100.377
113.587
94.3299
108.677
107.16
99.8727
100.119
102.37
107.78
103.279
102.602
105.797
103.183
100.594
111.344
95.2066
96.5321
97.5947
95.7986
95.0726
95.289
97.7007
95.2848
95.855
95.5067
97.9637
95.5475
97.8183
95.4105
98.2158
102.364
105.206
99.9858
99.0161
98.4743
104.971
97.171
101.191
132.743
114.404
97.4235
130.149
99.7331
88.1045
97.6431
99.6583
113.458
137.359
132.524
116.388
109.278
89.2837
102.889
105.128
110.244
89.0724
104.012
96.7417
109.912
109.58
103.559
106.152
101.655
103.861
97.1037
99.1195
100.493
91.7798
97.141
103.412
95.2117
95.1789
98.7543
101.223
105.298
99.7142
101.082
106.993
104.838
139.069
102.006
89.1356
104.996
107.899
108.601
108.365
83.7407
107.879
92.9717
108.265
93.2999
102.995
102.939
104.088
102.865
103.439
114.888
103.681
103.092
49.4555
99.8423
97.9986
115.96
335.483
103.206
271.156
105.958
110.074
107.021
98.255
97.2118
153.864
105.248
46.3499
100.196
103.184
112.732
45.8824
99.9613
101.938
-20.6547
101.683
141.202
120.655
94.0606
102.11
151.08
101.349
101.529
95.1788
97.3154
97.3649
88.0328
88.1696
103.174
106.82
106.17
104.953
110.527
109.241
105.896
109.619
100.215
127.525
107.86
107.047
97.6556
107.541
98.9397
100.533
100.558
102.573
98.9395
98.6511
101.794
102.534
107.779
105.243
99.6422
103.4
100.717
99.3886
98.8004
101.627
102.82
102.074
97.9018
95.6694
100.078
81.6035
97.9618
85.4458
123.471
83.6255
103.277
81.8846
101.211
98.7376
100.692
102.08
99.0058
101.793
98.9313
104.014
97.0085
117.476
85.4243
117.974
86.4873
103.88
107.577
125.007
138.499
103.865
94.6273
92.4512
108.331
100.176
109.889
105.804
96.1542
104.314
101.136
98.9076
106.597
106.7
102.97
99.1178
99.592
118.7
101.381
105.364
100.336
108.067
96.0074
101.973
100.784
98.7382
96.6536
101.952
102.276
108.145
101.011
100.671
98.1564
98.3655
101.046
99.9717
99.8452
99.9966
99.7424
99.7242
99.8539
103.316
103.407
101.013
98.5388
98.4623
101.541
96.1634
146.828
105.02
81.847
98.094
116.497
104.302
102.495
100.144
102.554
99.9363
97.943
97.7944
110.898
108.491
110.267
100.63
100.889
138.474
102.868
130.138
149.623
108.147
107.336
96.9559
104.91
105.444
93.9469
99.4176
99.0659
108.92
107.733
100.157
95.2991
107.719
97.7971
132.099
112.734
84.6843
93.8651
26.4534
119.141
94.3152
29.4079
131.05
112.591
110.251
181.207
122.22
88.6756
105.141
126.556
111.165
89.3542
185.457
117.462
137.348
106.694
117.688
106.107
104.463
104.878
108.431
94.3183
76.2337
110.524
107.327
98.3231
98.1967
70.5748
105.841
110.142
115.531
145.038
104.323
93.798
97.101
108.342
95.6007
104.889
95.5496
97.1981
103.096
144.87
103.268
108.249
101.073
101.404
103.748
110.497
97.3241
102.655
117.835
102.166
100.04
104.59
101.116
104.696
100.338
100.128
107.045
106.508
99.0595
92.3172
107.639
147.848
109.178
95.9347
98.6003
172.804
110.206
94.9519
142.758
134.463
216.302
114.927
281.379
130.279
297.61
103.512
99.1603
100.603
110.864
103.142
98.8609
108.551
94.5652
123.292
95.2256
92.2925
105.178
73.9517
97.9041
94.4945
106.242
98.6079
114.98
105.911
121.952
105.969
99.8327
99.9805
102.648
103.221
108.868
102.549
101.538
108.878
96.6506
92.1016
108.042
133.515
109.638
129.627
105.002
96.238
92.3321
101.87
101.383
104.086
95.336
108.462
532.953
258.262
104.12
101.879
101.336
225.409
104.275
104.289
103.944
103.253
103.045
93.4677
91.8808
120.53
204.087
144.487
151.954
193.749
194.829
165.073
102.692
102.177
102.127
110.965
111.597
101.523
101.988
100.203
95.8688
111.171
98.8528
104.464
99.6986
102.42
102.378
150.019
63.3235
82.1707
99.6535
132.901
27.0603
107.706
108.987
134.792
106.681
131.171
107.652
112.054
111.262
88.461
164.562
90.6712
147.496
116.86
117.938
110.408
95.4381
90.0822
118.519
127.876
125.694
118.852
111.47
104.941
117.811
121.086
92.9696
104.155
100.389
140.885
108.343
132.168
105.51
109.325
108.287
104.772
91.4254
89.8963
93.9421
115.687
148.177
98.0192
100.899
96.8896
131.842
124.246
101.349
138.217
138.462
132.184
73.9016
91.2781
100.365
126.092
136.849
129.515
100.666
103.895
96.8071
98.6639
95.4454
98.3371
97.1968
97.4502
99.4661
98.1437
102.763
112.487
102.262
95.3739
101.528
106.91
116.883
98.2052
115.064
115.406
140.324
104.668
114.184
139.742
114.187
81.4668
80.5463
110.725
116.421
109.487
109.219
108.754
105.908
108.875
106.872
110.558
101.619
100.243
105.284
96.8854
97.0772
87.9283
89.3464
114.138
123.489
106.995
120.568
106.01
126.355
106.319
108.159
127.025
98.8507
138.653
130.857
130.67
140.527
121.236
104.294
104.201
120.309
110.63
105.348
121.674
110.694
98.654
88.0376
93.8565
96.6526
88.1061
110.229
86.3795
93.4696
82.5194
88.6901
87.4393
94.481
82.5088
117.541
140.089
140.584
237.746
123.248
132.332
278.115
112.31
74.9707
87.3504
80.3114
121.563
74.0639
93.7249
108.811
99.7799
99.5385
102.927
102.753
128.443
128.677
106.152
86.3667
85.6057
123.964
111.412
136.466
129.78
102.05
108.632
107.451
109.937
98.9558
104.194
98.4841
149.699
81.567
108.567
110.055
91.4964
94.442
121.58
116.424
101.701
102.919
89.5748
110.306
110.971
84.3464
110.675
112.752
106.294
104.301
107.45
104.595
125.663
96.257
91.19
111.048
101.44
97.5247
94.3615
100.28
95.0261
93.2655
92.8635
107.001
103.703
88.5617
95.2621
103.975
104.414
103.351
108.081
102.642
89.6905
92.2055
108.633
105.486
99.9254
112.694
108.966
105.609
99.9092
99.394
126.401
32.5926
86.3412
121.094
121.523
50.5323
134.292
91.5317
109.236
96.2581
90.8768
109.182
137.158
103.691
112.271
101.604
103.403
105.658
109.306
105.967
95.6056
86.1184
101.872
114.291
121.704
138.131
92.7122
104.417
102.43
95.7609
114.655
107.558
107.363
122.959
109.433
110.042
110.614
108.894
104.501
109.009
107.833
123.152
93.8164
125.626
97.0745
93.2902
96.7303
95.8128
119.717
101.227
141.81
101.618
104.822
101.394
102.82
100.713
107.156
99.9035
86.2404
90.1828
100.114
98.9434
107.606
110.707
111.964
111.242
106.737
106.71
107.808
110.098
108.572
123.043
103.73
108.261
107.536
104.503
86.2789
103.192
100.362
100.828
100.303
95.6073
97.3633
88.7057
96.6124
90.1014
86.8359
86.9305
97.4507
89.6621
89.2914
151.1
90.5591
77.8537
103.102
83.9878
103.99
108.288
107.312
108.198
109.84
104.343
103.105
106.662
93.7744
116.194
125.904
93.7572
92.4595
94.7562
94.315
72.3767
155.179
85.3663
137.186
72.921
195.215
193.53
108.588
105.756
105.981
100.074
108.182
100.778
108.579
80.7889
63.4736
145.007
182.017
233.476
120.536
198.589
137.056
99.4076
138.856
97.8914
90.6582
145.447
145.191
88.2887
87.062
95.5803
90.5118
94.9206
92.2962
87.0998
125.903
81.8753
76.2065
84.2376
79.3823
84.9194
133.05
107.645
98.7881
99.0908
99.9024
135.595
97.6055
136.261
104.253
102.756
107.959
100.463
101.513
104.002
107.732
106.493
134.825
122.705
102.56
109.455
108.354
101.313
96.3511
99.1635
96.7288
97.7698
94.4449
92.8644
96.9728
113.241
81.9771
136.122
129.586
119.185
70.8829
115.126
87.0027
134.056
99.0718
89.022
98.0961
89.5077
83.6661
98.243
116.638
95.9778
101.017
100.245
101.155
94.3974
120.333
87.7672
99.6391
92.5633
100.268
103.107
86.5641
95.8468
101.166
98.9636
116.334
116.528
118.657
120.162
38.6405
123.403
38.0308
39.4006
44.251
290.646
271.326
109.429
105.784
105.441
110.841
111.417
104.306
104.599
85.5311
134.403
135.581
75.1011
71.001
192.4
202.004
97.6081
97.1925
89.5059
93.7156
94.2999
99.0553
88.0035
114.245
81.784
133.593
115.519
117.819
82.3368
137.512
108.85
97.6634
90.362
93.4531
102.731
108.949
81.4721
98.3831
81.228
83.5447
99.1396
147.895
114.159
99.1788
110.386
88.082
105.98
107.698
115.373
124.661
126.529
95.3357
93.6795
103.382
128.543
126.479
98.9509
92.7396
131.19
99.2592
142.817
125.703
103.007
113.16
131.268
115.772
138.351
120.083
148.01
111.588
441.467
98.8091
92.8875
116.198
92.5226
104.928
99.6503
105.56
100.121
89.633
149.344
98.8361
101.889
89.5387
125.785
97.5512
92.4033
99.4283
91.4049
98.2599
103.741
96.967
105.834
105.236
105.479
106.581
120.03
120.231
120.427
119.193
105.923
111.82
118.408
132.726
149.708
122.996
124.487
112.084
101.643
110.58
103.271
114.915
102.936
105.169
108.248
113.447
110.911
111.057
104.617
104.818
117.625
116.489
101.544
100.981
111.359
106.354
107.726
92.434
125.876
115.145
123.392
102.946
103.13
103.21
103.059
109.543
113.65
122.094
90.8361
117.215
131.124
92.5711
116.688
108.491
99.6301
100.498
118.471
106.287
99.6123
127.917
111.339
116.167
113.686
116.647
169.838
116.558
152.703
71.689
114.665
85.9899
132.847
74.5771
103.32
103.298
107.633
108.619
102.767
104.04
114.403
108.029
100.726
90.5124
100.903
105.039
136.727
99.7387
134.374
124.404
107.305
111.836
101.623
123.792
105.838
116.157
97.344
99.7358
97.4729
106.477
97.8128
105.626
96.6294
102.572
109.071
101.145
104.405
128.41
133.795
114.368
137.087
117.494
117.384
135.359
115.448
87.9589
111.348
105.043
118.651
111.116
116.287
113.611
120.582
119.67
101.452
100.135
106.397
95.3119
95.7123
107.4
104.608
106.573
99.189
96.4345
98.9571
96.2609
166.507
98.4245
122.522
103.654
113.344
107
114.563
118.561
122.892
99.634
100.387
100.932
95.5288
98.1595
125.033
104.515
122.411
114.164
130.217
106.405
94.0939
107.493
121.509
117.558
112.378
116.368
105.42
116.722
113.617
116.848
117.169
92.818
118.367
89.0906
119.859
135.239
112.573
116.44
90.6902
92.8748
105.251
98.4347
99.373
104.434
105.591
93.7974
94.9617
98.3795
102.843
93.6783
94.206
193.434
144.276
137.018
151.228
53.1292
90.1225
110.95
116.618
72.4449
134.908
84.5909
118.753
72.9416
130.872
95.755
128.404
104.999
45.5303
96.6914
129.079
109.466
115.826
111.708
98.7103
113.172
119.361
113.32
104.445
104.363
95.7615
103.027
110.332
98.6205
98.4821
101.748
105.285
127.187
85.6301
118.411
109.576
126.035
82.6224
124.394
103.408
78.8738
112.254
127.177
103.818
80.8518
109.606
107.815
112.314
109.925
115.327
109.745
107.901
100.713
103.255
104.301
109.282
100.742
100.458
102.892
109.217
80.3485
150.562
110.744
109.545
155.922
151.849
103.975
114.803
104.236
103.859
113.266
98.8551
112.01
90.4436
93.6221
107.242
101.623
98.6855
130.156
133.6
113.538
103.569
103.821
95.0267
95.8612
111.978
112.636
105.917
110.419
111.393
80.7409
87.12
121.763
144.671
101.543
111.488
101.082
109.373
97.9229
101.862
101.675
125.171
136.794
116.005
101.558
108.158
110.256
129.969
84.3454
119.034
135.211
142.755
111.091
85.0487
119.748
98.0842
116.174
100.407
125.506
115.706
115.762
134.19
144.625
110.622
91.3174
122.04
110.753
94.0921
122.397
111.191
99.2333
100.021
90.8875
108.77
91.4932
106.931
107.453
116.562
116.591
114.971
82.4518
107.434
144.433
117.858
100.75
126.999
110.966
87.465
129.883
117.853
98.9333
100.165
112.819
102.502
98.1144
102.079
112.124
96.0589
105.694
98.6282
87.3696
112.367
110.848
108.963
104.467
106.075
108.939
110.595
106.116
108.984
105.937
101.216
101.383
127.553
98.6865
128.853
101.808
116.163
125.937
101.07
103.657
140.069
104.873
121.762
124.771
99.795
105.141
100.19
102.288
100.763
102.349
150.382
111.723
109.72
100.304
100.631
110.363
109.573
108.007
115.198
122.51
116.961
112.642
120.278
114.826
120.196
102.852
107.749
109.942
107.573
116.347
109.661
113.662
97.6838
100.429
95.4912
103.055
97.0754
90.4469
93.2893
93.707
96.2856
172.528
102.623
94.7148
96.877
158.133
87.9016
99.6942
99.9873
129.749
115.478
116.979
155.618
101.881
128.16
104.506
127.385
94.066
93.7025
146.074
91.7412
97.161
133.989
129.572
97.8233
127.947
91.536
107.643
104.448
101.218
111.981
107.918
123.684
101.907
105.129
97.5439
100.149
99.3547
100.53
114.347
109.71
92.0402
105.759
106.667
110.32
95.9475
94.1586
100.712
96.0556
93.1671
95.9486
91.5576
94.3786
96.4955
91.3576
116.331
96.6948
100.176
87.9035
99.1694
111.427
84.4927
98.5787
87.3467
95.1305
93.7841
105.464
91.1254
116.762
98.3112
100.81
102.582
110.239
109.64
83.5946
85.896
112.034
73.2887
111.156
111.044
116.503
109.205
109.55
114.167
88.8668
91.6045
86.4413
114.969
90.0243
92.1999
111.08
113.857
112.796
120.15
109.968
98.0196
106.178
135.174
139.235
135.261
46.2955
55.8067
75.395
83.5151
100.474
95.172
102.353
96.5124
101.191
96.0124
102.241
89.9003
92.7989
86.4936
77.0572
96.7993
88.9268
85.2423
101.024
96.7556
93.0224
89.806
85.7696
86.1815
85.5327
95.3996
87.597
89.7698
94.8807
99.3661
88.3619
89.1116
332.897
70.5839
101.514
87.3269
166.093
69.9139
108.219
96.4971
96.474
108.858
102.135
96.307
95.5873
110.27
95.7862
94.6228
95.9184
99.5077
92.8742
100.295
104.886
113.645
98.5899
101.862
108.25
101.118
99.9943
101.705
99.1697
93.6703
93.4173
107.906
109.528
108.429
102.888
115.069
107.05
114.332
108.887
114.77
109.213
115.147
104.352
91.2152
127.928
87.9058
131.367
83.8367
110.88
106.792
120.144
109.485
110.305
116.108
115.756
111.203
123.195
101.916
105.657
80.6647
103.919
85.2415
129.716
105.536
107.302
100.781
103.14
149.27
121.912
113.162
93.6733
100.23
112.837
106.209
117.245
103.822
123.032
108.981
102.223
108.373
99.0529
100.783
109.315
108.588
102.406
119.173
127.592
109.865
101.272
92.1231
89.9442
125.496
111.562
119.944
101.816
111.734
117.768
103.937
118.315
102.694
103.869
124.998
132.119
174.14
117.282
98.4587
117.456
107.078
124.325
108.134
104.424
124.988
108.841
99.1845
98.5028
112.15
106.82
96.8726
87.7956
88.4314
106.169
96.1664
102.274
102.798
96.7898
95.7671
92.8071
93.4364
139.004
90.0946
142.845
143.35
140.681
79.2523
115.271
108.788
127.82
80.5162
124.469
111.168
117.227
89.4787
129.016
84.3336
73.2986
112.572
119.464
106.599
95.8655
124.375
119.504
88.3821
125.702
107.299
87.4965
122.116
108.364
110.465
164.252
88.6304
120.447
103.248
94.5405
94.8235
95.1814
95.0299
94.2102
94.0234
79.391
97.7483
99.6264
92.3141
89.5794
92.1102
91.9441
103.112
102.483
103.963
96.223
106.352
96.8102
106.021
102.285
106.249
105.337
105.871
97.0587
95.9187
106.315
84.3165
82.6855
78.3858
92.6502
85.8089
81.9745
79.795
93.2761
104.705
121.476
142.225
110.211
123.323
39.5697
108.44
101.639
101.748
128.605
119.321
111.382
109.519
99.6782
104.979
116.094
107.861
80.4366
66.4066
112.875
88.4887
191.892
139.526
91.8433
101.262
171.335
112.539
101.271
141.478
101.998
130.616
106.041
115.711
130.192
96.7482
100.058
102.78
90.8659
103.303
102.819
107.588
92.5025
99.8456
91.8853
88.667
100.567
97.1557
108.617
96.2474
90.898
88.8172
90.7586
100.741
100.504
90.5964
104.363
103.781
113.588
108.243
107.641
107.279
118.487
99.4585
104.896
106.732
104.56
108.121
104.222
106.617
93.2123
97.1038
95.4937
91.0892
118.858
119.889
107.058
136.471
260.693
136.266
264.421
174.309
119.957
439.699
99.5583
99.6954
98.4708
113.802
98.3155
99.5333
101.339
97.6065
86.0522
86.674
83.9296
105.216
80.5095
86.4962
100.685
122.526
110.746
103.519
87.556
100.103
108.638
152.461
113.916
142.942
139.007
121.286
97.6379
164.602
104.082
118.444
100.853
97.537
114.365
106.587
118.994
99.8278
109.474
99.16
97.4502
111.372
98.8838
100.117
95.1145
134.904
126.167
120.153
119.762
109.952
111.175
155.632
291.483
161.894
160.856
150.778
134.051
159.384
100.763
96.1734
95.3122
96.8623
96.905
94.8516
98.4734
228.094
36.7319
255.036
85.3368
81.885
177.671
171.882
135.124
143.735
149.06
101.264
92.1708
143.509
170.804
112.144
99.8116
118.531
84.64
107.117
140.178
84.8949
95.511
93.3721
95.3241
105.864
113.388
92.4882
107.434
98.5549
94.3157
99.6839
108.392
95.0857
105.956
105.306
113.661
113.166
113.874
97.7122
122.135
123.456
130.366
96.1596
92.5279
89.971
84.3309
95.8715
95.6347
111.446
102.993
103.188
103.485
127.063
103.339
102.51
102.67
102.3
86.9452
86.9889
82.9853
121.854
105.867
89.2319
92.0376
91.8472
96.5661
95.6843
91.7491
90.3694
95.097
328.505
101.528
137.162
168.116
80.4777
177.97
120.468
200.055
108.526
161.769
96.0204
163.465
107.306
167.248
91.0333
94.0964
117.411
104.154
99.9998
93.2777
118.025
125.124
136.321
142.032
90.7686
111.683
171.384
162.868
99.3929
145.486
95.0916
123.659
225.217
94.1109
138.766
100.564
102.178
104.859
105.604
110.238
101.305
99.456
104.59
114.894
99.0831
102.272
99.1599
98.4079
99.7572
115.585
116.17
103.938
103.804
108.785
102.189
100.674
99.17
95.6908
96.2546
95.8592
107.885
105.205
105.041
96.9381
104.002
101.13
99.0425
100.079
104.955
107.335
131.24
135.258
104.039
130.411
96.3024
98.989
103.143
119.642
121.809
119.216
95.6141
109.573
103.715
108.1
111.83
117.055
118.563
127.455
121.557
123.352
119.579
110.762
86.7594
96.0747
107.061
108.831
104.52
129.058
94.8597
72.4091
94.5441
103.889
98.7996
99.3825
78.0333
168.557
241.586
187.448
383.42
217.771
467.518
77.5805
93.9869
125.672
121.395
119.114
104.331
105.092
94.9545
123.557
43.3608
39.4334
52.6645
48.0358
254.796
253.254
64.8672
165.617
145.705
65.1287
60.5555
171.826
175.07
111.832
176.147
161.09
900.685
154.214
354.714
34.9402
106.185
224.32
90.3102
87.8482
176.148
89.6323
125.413
107.619
88.8979
97.0749
87.2256
127.343
124.541
88.0822
95.6135
116.961
119.025
147.34
102.821
111.445
69.6598
90.1894
134.266
94.9111
142.596
129.937
137.502
140.997
112.017
152.391
83.9553
137.159
145.824
93.7387
102.267
116.985
100.321
103.933
97.2389
117.272
108.226
126.503
97.3632
123.402
146.568
132.957
72.3409
158.081
78.3617
90.0608
114.418
86.2448
80.0844
118.008
77.9632
85.4022
110.264
97.1661
88.9507
93.8639
92.0807
97.0899
89.3508
92.011
89.5491
94.8963
95.7413
93.2537
92.8034
96.7096
87.4711
92.2796
154.658
129.015
88.8578
109.804
89.42
98.2992
135.632
90.9567
100.599
97.574
130.646
116.724
153.14
166.504
215.092
108.374
82.4139
154.918
684.155
99.182
80.9444
91.7821
83.8269
95.5586
77.2597
88.4587
110.724
118.553
109.847
102.274
98.2606
98.468
98.6556
84.6781
89.3023
108.893
82.8854
99.4576
82.7549
83.2293
100.538
107.294
102.43
104.525
111.583
104.796
118.841
99.5298
109.635
100.602
104.653
102.737
102.482
108.818
139.071
78.9684
211.291
216.633
131.144
243.667
184.571
97.359
119.236
116.382
104.424
92.6326
125.32
128.15
120.207
132.555
154.945
93.2984
138.74
155.127
89.1308
132.503
181.206
149.149
126.749
126.405
110.396
108.73
113.625
90.0794
90.2144
108.516
108.04
103.702
98.9942
112.467
88.5201
88.954
116.927
102.051
119.071
110.995
130.515
164.154
423.714
229.784
138.455
225.624
245.969
104.673
107.828
104.275
111.828
99.4975
106.246
114.63
200.304
150.287
112.814
100.102
185.726
181.8
131.433
99.8857
134.827
133.492
82.2907
145.881
79.8444
146.165
125.253
109.984
108.857
100.228
97.0623
95.0686
101.456
105.445
97.3841
101.592
106.169
111.431
85.6506
86.2969
96.1383
96.9775
98.1541
105.404
106.295
87.0519
90.1619
115.964
97.1026
96.1104
98.6746
99.5747
91.7499
91.6342
89.7488
112.866
113.451
118.123
109.195
102.508
162.898
86.7684
108.897
108.994
154.619
76.8858
108.905
84.35
80.5491
114.119
114.69
87.3426
88.0758
110.42
83.8914
126.926
95.5943
97.0551
130.856
143.077
97.5859
99.1219
108.573
99.1451
94.3041
122.802
170.815
132.513
122.764
42.3815
113.319
83.7883
133.079
144.257
99.6387
160.715
98.1877
58.0718
71.3003
152.219
151.906
60.1299
50.2132
91.9832
91.9803
97.3782
92.8405
92.1035
92.102
95.4196
152.744
115.92
112.662
257.703
406.685
113.612
112.617
90.3214
99.5011
104.952
114.71
96.3484
125.425
105.325
74.0046
119.899
91.5205
104.178
109.602
104.753
95.3955
125.836
109.227
97.8596
98.5796
104.774
135.632
95.7173
133.333
170.767
77.0154
109.255
105.622
107.571
122.963
185.434
229.158
286.222
278.58
117.245
238.557
85.7581
64.5501
85.3254
124.474
168.735
169.838
115.963
47.6556
109.33
154.72
134.467
115.445
123.806
83.2856
116.565
168.422
95.5836
122.787
171.214
110.782
153.287
174.154
61.9717
107.498
129.925
119.488
136.268
135.929
122.527
77.7826
115.521
103.351
108.778
101.823
100.27
123.916
115.971
144.037
126.68
139.99
79.2456
109.274
138.777
41.8921
110.535
136.007
194.179
143.307
154.612
181.985
136.938
58.2978
92.3552
158.291
144.417
108.345
55.3523
246.291
222.435
320.678
246.368
286.731
230.878
325.154
111.215
128.966
113.173
126.501
106.636
112.232
102.619
141.825
52.4634
110.764
138.82
146.009
57.858
104.575
101.262
98.9832
102.688
137.408
132.087
116.401
76.9615
162.429
92.3203
97.8632
153.88
98.13
125.401
68.6601
187.36
100.203
232.302
145.929
33.3271
31.9928
238.215
120.85
107.175
114.693
134.658
122.287
130.748
118.84
100.966
119.966
113.907
77.5853
64.9254
79.3087
76.2629
131.941
149.798
126.087
113.324
310.752
550.797
187.341
101.658
108.103
93.9306
107.084
167.242
140.613
107.458
96.6312
97.653
96.7519
99.6183
97.1405
96.0866
98.8655
105.681
91.0679
104.637
92.3253
101.699
106.188
107.625
93.5363
143.099
93.7491
85.9994
96.8349
99.5
100.046
119.12
118.082
109.472
112.296
118.934
119.691
108.298
77.9102
106.129
101.766
242.086
97.9944
120.982
102.432
99.9857
94.9145
105.261
115.296
105.181
108.67
138.731
82.3977
140.849
142.448
121.203
92.6875
123.778
55.6215
136.707
114.738
58.2771
121.071
100.197
85.9149
132.721
132.723
122.192
76.7115
112.682
63.9853
118.485
145.437
74.3996
145.981
186.581
212.044
98.9239
58.7611
260.628
111.697
95.1283
109.773
120.776
92.0332
97.1362
99.1506
88.7902
106.69
112.142
124.784
122.585
94.8102
95.187
14.1228
118.105
176.443
170.482
112.119
221.171
22.8026
97.4866
106.437
86.5293
83.4218
139.821
137.68
82.0943
47.9461
131.059
121.405
45.2806
122.52
41.0521
40.6177
-24.2922
131.601
131.345
212.244
164.656
186.504
250.266
89.5331
75.6717
100.804
570.038
423.142
1303
564.151
109.687
162.634
147.377
207.623
114.119
114.734
168.379
157.377
112.627
103.771
307.175
139.542
123.517
134.256
89.8069
209.753
381.608
94.9388
142.928
558.913
115.027
245.076
142.052
160.488
466.397
24.1267
19.8136
300.849
154.191
75.0801
112.179
522.668
424.91
296.495
438.869
134.361
35.918
30.6532
25.8949
31.3388
300.718
293.808
158.709
85.5385
86.9732
131.06
162.332
81.7123
78.5352
1219.28
142.855
151.34
86.2453
108.789
121.341
262.918
98.2959
91.9508
92.2197
70.2077
96.0139
93.1509
95.6133
138.249
117.275
209.332
168.673
156.723
91.0338
78.7708
139.752
98.1427
198.813
117.279
236.796
104.996
167.546
103.58
98.3485
99.7824
98.2113
102.701
98.3558
102.646
93.8983
124.324
116.275
91.3489
129.629
157.719
93.1364
119.235
122.642
109.541
118.15
123.576
119.114
104.851
82.8863
79.4812
104.078
208
122.677
202.745
85.474
122.194
228.685
117.482
-36.9103
61.762
64.406
128.124
99.7868
109.591
108.51
101.964
101.648
115.477
108.781
111.598
88.7155
101.854
93.9243
111.072
88.6953
101.821
106.554
105.346
95.4004
95.302
113.225
106.312
97.7484
188.6
102.854
71.981
98.1861
108.669
166.656
116.927
103.734
114.206
96.6577
106.012
110.714
120.775
114.924
53.5892
183.326
202.694
62.4671
182.009
221.865
68.1766
80.9619
97.4116
96.1905
119.44
100.385
136.951
96.0433
82.8299
108.002
99.327
89.9979
122.696
122.041
121.75
81.6982
101.281
224.467
96.7424
101.218
214.07
66.6497
41.8363
104.248
35.4642
38.0721
471.292
36.4262
674.463
65.0279
-19.7409
-108.392
130.073
210.24
378.629
410.582
131.41
275.812
311.304
252.385
286.111
43.7546
35.9929
109.684
99.8417
128.682
109.517
106.611
95.8101
96.6947
94.4517
99.392
100.087
126.348
95.3267
107.131
131.008
-57.5981
170.257
124.955
121.077
-95.9854
-64.1145
154.569
117.052
48.9148
196.705
91.9488
111.537
70.6372
281.12
146.765
94.5477
93.3907
197.461
271.075
110.394
146.725
4.4242
-10.8001
-8.75105
526.415
373.571
506.519
480.359
146.309
88.6039
86.5508
126.793
108.871
145.605
172.171
129.556
19.0112
51.9306
65.1711
68.3022
-32.5628
-85.7621
141.063
105.434
165.074
233.291
215.934
206.597
174.497
127.552
68.1985
52.463
143.531
43.9762
131.789
131.718
90.0958
176.322
184.554
85.3086
158.26
166.63
134.778
96.8143
235.366
193.555
90.1931
85.3421
-39.4143
-159.386
134.025
75.3285
149.788
90.1372
132.961
126.336
136.025
146.603
157.595
177.006
16.2844
457.679
-87.7496
210.564
153.843
139.951
112.446
-113.158
-70.1786
268.909
234.955
115.457
195.046
252.211
30.0737
31.4393
50.4432
132.159
122.143
65.7241
97.3566
26.2648
27.8879
104.569
150.341
)
;

boundaryField
{
    inlet
    {
        type            fixedFluxPressure;
        gradient        nonuniform List<scalar> 
87
(
-2824.04
490.127
-1478.75
1671.5
-2498.88
-76942.9
-15177.1
-8645.88
1244.44
508.062
-163.551
-2746.12
108.695
-18096.8
0
579.211
1503.23
-2546.11
-21658.9
-1509.44
1059.2
774.15
823.078
-10.495
-115.447
-5382.24
-1573.25
-2597.93
-123.864
453.049
-22868.7
10.8359
514.658
-212.536
-5592.23
-5229.33
-2151.19
-1570.65
-49126.3
-51.7287
-15494
216.06
-532.678
1225.5
2138.85
-5061.82
6469.24
-7458.94
-50141.1
-132995
-6850.17
-164437
-23717.6
600.754
2978.35
-916.788
-1.7877
-26848.6
1536.1
37876.4
222.652
4972.83
3816.86
-366.513
-51457
-4289.85
-1132.43
37.722
-17942
496.354
3301.11
16.3466
1721.31
-81.7323
-7075.69
-11439.7
-7083.05
84.3203
5391.2
4501.18
-178.704
-10581.7
-3408.54
-31146.3
9157.43
-10265
-621.752
)
;
        value           nonuniform List<scalar> 
87
(
85.8745
96.4747
97.8702
116.187
109.813
56.5623
78.198
85.3494
91.6995
86.8286
90.4956
90.7088
100.809
94.4578
116.191
109.257
100.725
91.0085
76.1332
82.8703
93.8639
97.3165
102.33
113.649
118.066
88.6969
93.6382
95.07
86.1025
86.6943
82.2518
89.0832
89.7985
91.5672
97.8179
93.8885
91.8958
92.5144
59.1712
115.908
87.707
100.058
112.199
101.187
102.336
115.591
108.582
94.2214
79.8637
33.864
89.5431
33.4346
89.0356
91.7258
98.4247
96.2797
96.8053
80.4267
88.8744
106.981
93.9383
104.03
101.011
93.0865
57.4751
93.3721
88.6732
86.2192
78.8076
95.3772
91.6641
87.6133
94.3721
81.8927
75.6074
93.0782
95.8395
72.4512
117.689
124.194
117.903
107.564
115.705
91.4856
103.085
78.4268
88.0936
)
;
    }
    outlet
    {
        type            fixedValue;
        value           uniform 0;
    }
    lowerWall
    {
        type            fixedFluxPressure;
        gradient        uniform 0;
        value           nonuniform List<scalar> 
1091
(
91.5245
95.4941
100.829
112.843
112.313
95.0437
93.3802
93.9981
90.4546
85.8121
93.042
93.6589
97.16
102.998
88.7702
145.572
103.876
131.263
84.3236
86.5202
93.549
93.4723
88.7371
102.622
105.458
107.784
73.1144
146.984
49.5712
94.8842
111.648
98.7259
116.21
112.83
86.2512
100.003
96.6937
99.1095
106.796
102.56
100.237
100.838
104.271
109.093
88.6605
93.2875
94.9694
97.7825
99.2172
106.64
97.2293
98.9174
97.6398
98.451
91.5323
90.7998
94.839
102.289
96.0071
97.9046
96.7365
97.0636
97.0452
96.0645
94.7082
93.8482
95.2953
96.7307
96.8859
96.9391
93.8492
93.8527
94.3064
95.0123
95.185
94.7367
95.1278
95.034
93.9159
93.8746
90.2685
90.2304
90.1805
90.7863
90.6365
90.6044
90.7172
90.2724
90.3298
90.3197
87.7257
87.6891
87.6014
87.3736
87.3076
87.3352
87.3927
87.6621
87.752
87.7493
85.1382
85.115
85.0704
84.9993
84.9693
84.98
85.017
85.0972
85.1525
85.158
82.5959
82.5771
82.5333
82.5135
82.473
82.4814
82.511
82.5643
82.6089
82.6042
80.0789
80.0876
80.0465
80.0258
80.0178
80.0236
80.0572
80.0853
80.1026
80.0809
77.6086
77.6109
77.5936
77.5723
77.5638
77.5751
77.5981
77.6135
77.6213
77.6208
75.1607
75.1552
75.1503
75.1432
75.1458
75.1658
75.1668
75.1543
75.1716
75.1694
72.744
72.7441
72.7278
72.7288
72.7338
72.7516
72.7537
72.7615
72.7634
72.7464
70.3427
70.3401
70.3503
70.3463
70.3586
70.3716
70.3733
70.3694
70.3458
70.3441
67.9791
67.9916
68.0101
67.9982
67.9906
67.9972
68.0065
67.9979
67.9781
67.9765
65.636
65.6574
65.6721
65.6491
65.6285
65.6245
65.6305
65.6464
65.6353
65.6308
63.3218
63.3234
63.3199
63.3231
63.3272
63.3105
63.3042
63.2987
63.3059
63.3064
61.0091
61.0165
61.0136
61.0264
61.0296
61.0254
61.0113
61.0031
60.9954
60.9987
58.7198
58.7243
58.7259
58.7261
58.7251
58.7225
58.7204
58.7163
58.7077
58.7127
56.4617
56.4539
56.4463
56.451
56.4559
56.4565
56.4552
56.4533
56.4569
56.4612
54.1966
54.1983
54.1927
54.1961
54.1991
54.2089
54.218
54.2189
54.2136
54.2033
51.9556
51.9477
51.9491
51.9636
51.971
51.9761
51.9829
51.9825
51.9834
51.9736
49.7372
49.721
49.7172
49.7284
49.7429
49.756
49.7558
49.7591
49.7592
49.7563
47.5223
47.5135
47.5028
47.5021
47.5116
47.5218
47.5284
47.5296
47.5249
47.5296
45.3074
45.3101
45.3164
45.3223
45.3168
45.3115
45.3078
45.3052
45.3052
45.3068
43.1109
43.1195
43.1296
43.1271
43.1115
43.1049
43.1036
43.1215
43.1115
43.1087
40.9413
40.945
40.9462
40.9371
40.9284
40.922
40.9288
40.9417
40.9369
40.9381
38.7679
38.7838
38.7877
38.7877
38.7821
38.774
38.7719
38.7676
38.7572
38.7596
36.6197
36.6344
36.6332
36.6262
36.6204
36.6141
36.6028
36.5995
36.5991
36.607
34.5027
34.499
34.4789
34.4724
34.4697
34.4628
34.4564
34.4615
34.475
34.4936
32.3749
32.3681
32.355
32.3496
32.3482
32.3502
32.3566
32.3638
32.3683
32.3737
30.2415
30.2452
30.2528
30.2602
30.2611
30.2643
30.2677
30.2659
30.2579
30.2464
28.1401
28.1468
28.1614
28.1779
28.187
28.1886
28.1831
28.1721
28.1616
28.1467
26.0919
26.0877
26.0879
26.0938
26.1041
26.1138
26.119
26.1188
26.1137
26.1017
24.08
24.0639
24.0546
24.0503
24.0557
24.066
24.079
24.089
24.0946
24.0889
22.0763
22.0577
22.0545
22.0548
22.0599
22.0624
22.0643
22.0692
22.0738
22.0764
20.0662
20.0652
20.0666
20.0729
20.0839
20.0837
20.0753
20.068
20.0671
20.0656
18.0845
18.0895
18.0998
18.1038
18.1032
18.0971
18.0897
18.0845
18.0825
18.0831
16.1481
16.1509
16.1506
16.1378
16.1226
16.109
16.1059
16.1127
16.1227
16.137
14.215
14.2166
14.2076
14.1853
14.1669
14.1543
14.1525
14.1636
14.181
14.1981
12.2517
12.2684
12.2687
12.2611
12.2512
12.2397
12.2389
12.2407
12.2431
12.2446
10.3181
10.3246
10.3353
10.3437
10.3414
10.3355
10.3318
10.3292
10.3255
10.32
8.43261
8.42133
8.42023
8.42382
8.42571
8.42946
8.43106
8.43274
8.43426
8.43733
6.54933
6.53477
6.53326
6.53403
6.54026
6.55663
6.56234
6.5607
6.55344
6.5548
4.6598
4.65625
4.65927
4.66686
4.68135
4.70433
4.704
4.69343
4.68157
4.67026
2.79167
2.79049
2.79591
2.80203
2.81012
2.82068
2.82454
2.82337
2.81015
2.79708
0.933219
0.932747
0.933127
0.928455
0.926345
0.929252
0.938405
0.942322
0.943065
0.933539
98.0262
97.2523
96.8728
98.5859
97.3978
97.388
99.6981
96.7916
97.3147
95.4208
95.0826
96.3056
89.7674
93.1006
94.4692
98.4232
94.4168
92.864
98.1721
96.5331
94.7401
94.0586
96.7061
96.9543
98.5147
97.1648
96.9277
98.2576
96.8756
97.2187
92.5648
96.5749
95.1747
101.076
100.363
99.709
104.094
95.5784
96.3043
100.666
98.9251
97.417
79.3313
96.2226
94.1019
95.4106
91.3474
123.402
95.2719
100.448
96.3916
111.464
101.641
102.885
99.0779
99.8635
100.52
99.7332
99.3242
100.788
97.4492
97.1429
97.1133
99.9649
98.0849
98.2984
96.8921
97.2817
98.0211
96.1242
96.8481
96.2282
95.9734
94.8186
93.2665
91.4045
92.0081
91.4873
95.4239
95.4777
94.8298
99.1014
97.6153
98.6103
100.365
97.4891
97.0767
97.7148
97.508
97.4176
96.9385
95.1056
95.0246
97.1255
95.375
95.086
96.6337
96.0301
95.5517
95.464
95.4906
95.9961
93.8223
94.6044
94.9702
94.3952
94.8342
94.5848
96.0348
95.962
95.299
96.7048
95.7403
96.0317
96.9973
95.1139
95.5021
96.7056
94.9643
95.0542
97.6892
97.3481
100.872
97.0438
97.3059
97.4226
96.951
97.0177
96.9119
98.1047
98.6726
99.0396
97.5527
97.8403
97.7152
97.6924
97.7225
97.4827
96.8896
98.0648
98.4061
97.2631
97.6028
97.1028
97.614
97.5031
97.1792
95.1105
95.794
98.6338
95.4713
95.4887
94.8595
96.3585
96.1508
95.9217
90.4115
92.2489
88.1457
93.3853
92.3133
92.1079
94.1177
94.3429
94.2414
93.9067
93.3383
93.0395
93.6587
93.3538
94.0921
92.2485
92.6304
93.3023
97.88
96.2641
98.0125
95.9817
96.1153
97.0226
95.2854
95.4492
95.4471
96.6981
99.9629
97.2921
97.087
97.6483
97.2584
98.1296
97.3434
96.9455
98.2625
103.139
101.954
97.8684
100.828
97.4296
97.0809
97.0247
96.8186
97.3054
97.6964
99.4297
96.9976
97.1094
96.9047
97.3156
97.1543
97.0651
96.7767
96.9826
96.9103
97.0153
97.0691
96.9619
95.0054
91.9324
91.6994
94.7422
91.701
91.8931
96.8316
96.8371
96.7863
96.9124
96.8727
97.1436
95.3604
91.9422
92.2452
95.106
92.2942
91.9936
95.678
95.5545
95.2942
95.1064
95.406
95.526
95.7587
95.7734
96.0334
96.0795
95.9105
95.8355
96.9268
96.8091
96.9965
88.4999
37.1446
78.0313
94.9421
92.3619
92.4255
95.7986
96.6149
96.3634
94.396
92.5898
92.5982
96.3533
96.5628
96.0071
97.1512
96.8
96.933
96.7906
96.8676
96.9192
95.6113
95.7843
84.8528
95.9393
96.6813
96.6013
96.5558
96.6714
95.7753
96.8868
97.1587
96.7607
97.096
97.0093
96.7397
96.7462
97.3155
97.2389
94.7839
94.6
94.6085
94.6258
94.6707
94.8668
94.4189
94.4503
94.8411
94.9792
94.5634
94.5326
112.402
99.8254
97.2016
94.2403
93.9483
95.4742
95.3111
93.9107
94.1346
94.045
92.5836
92.6492
96.4805
96.2911
95.2468
77.3856
103.743
92.3887
118.296
106.159
107.342
93.8177
92.5261
92.5384
95.2021
96.4477
96.4372
95.3048
93.5979
93.4733
93.5161
93.6188
95.3363
95.1765
96.3304
96.0665
94.6546
93.5938
93.6108
93.5019
93.3441
94.4926
76.6182
86.6238
88.2232
96.1052
96.2916
95.1616
108.113
125.979
113.83
93.9488
92.4963
92.5575
95.8019
95.7234
95.0673
90.3975
91.0487
118.799
112.977
104.13
107.692
93.7489
93.6119
94.4166
93.8468
92.541
92.4522
90.5668
89.4625
89.5533
90.7103
89.5552
89.472
95.1346
95.8882
95.9421
91.6957
92.5484
92.5482
92.5409
92.5386
91.7546
94.563
93.6529
93.4689
92.6198
92.7202
91.9305
91.9657
92.6656
92.5359
97.1534
98.8491
98.9779
105.452
118.613
95.2876
103.011
94.881
102.386
95.2757
95.9209
95.7164
93.076
99.7985
114.702
101.693
99.7701
127.382
95.7702
95.7201
94.9974
106.383
94.7202
90.5824
85.0672
90.0015
93.701
90.6255
89.5272
89.5683
66.2186
103.965
60.4836
91.9065
92.5733
92.6065
90.8369
89.5723
89.5639
92.2508
100.036
75.0383
92.5471
92.5139
91.9762
101.759
96.0981
104.435
103.183
88.3945
93.1257
100.527
107.567
99.4584
97.9255
99.3499
102.589
107.16
102.37
113.587
100.575
100.377
103.38
102.602
111.344
103.279
99.1195
100.493
97.1037
83.7407
107.879
108.365
139.069
102.006
104.838
100.196
103.184
46.3499
101.973
98.7382
105.364
102.495
110.898
97.943
104.463
108.431
137.348
102.177
101.988
110.965
100.243
89.3464
105.284
88.0376
110.229
98.654
97.1925
89.5059
97.6081
81.784
133.593
114.245
138.351
120.083
115.772
108.491
99.6301
116.688
112.378
116.848
116.722
72.4449
134.908
116.618
128.404
104.999
95.755
116.005
129.969
136.794
126.999
117.853
100.75
100.165
112.819
98.9333
115.478
155.618
99.6942
94.066
146.074
101.881
88.8668
92.1999
114.969
109.968
106.178
111.08
46.2955
83.5151
135.174
95.172
102.353
100.474
92.8742
104.886
95.7862
125.496
103.937
111.734
118.315
117.282
132.119
98.4587
124.988
108.134
112.15
87.7956
99.1845
129.016
119.464
89.4787
95.8655
107.299
124.375
82.6855
78.3858
84.3165
99.8456
108.617
91.8853
100.058
107.588
103.303
106.732
106.617
104.56
103.781
118.487
107.641
94.3157
99.6839
98.5549
94.8597
78.0333
98.7996
97.1661
88.9507
110.264
167.242
107.458
101.658
97.653
96.7519
96.6312
65.7241
150.341
26.2648
)
;
    }
    upperWall
    {
        type            fixedFluxPressure;
        gradient        uniform 0;
        value           nonuniform List<scalar> 
1214
(
91.7448
95.7677
100.683
112.296
120.655
93.9243
96.7857
94.8807
86.3503
85.7879
92.1393
96.5759
97.2109
106.508
81.847
115.286
95.1954
102.767
87.3269
83.8269
83.9296
95.6843
89.9747
98.6003
113.774
89.2989
107.908
92.2925
112.591
112.487
142.225
99.329
124.969
104.033
86.3412
106.791
97.2801
91.314
111.728
101.214
114.866
104.945
100.968
77.3358
119.5
96.1255
95.8558
94.1577
97.9145
103.366
97.2807
98.9959
99.4618
97.5034
92.3043
90.8245
94.6497
101.695
99.7127
97.4606
96.7316
97.0577
97.0516
96.0721
94.7093
93.8453
95.2938
96.7002
96.8645
96.939
93.849
93.8523
94.3078
95.0118
95.1843
94.7363
95.129
95.0349
93.9155
93.8743
90.2684
90.2303
90.1818
90.7865
90.6363
90.6043
90.7172
90.2727
90.3302
90.3196
87.7256
87.689
87.6013
87.3728
87.3082
87.3354
87.3926
87.6619
87.7519
87.7491
85.1383
85.1149
85.0701
84.9992
84.9693
84.9796
85.0169
85.0971
85.1524
85.1581
82.596
82.577
82.5332
82.5134
82.4727
82.4813
82.5109
82.5643
82.6088
82.6038
80.0784
80.0874
80.0462
80.0257
80.0173
80.0238
80.0571
80.0852
80.1025
80.0804
77.6087
77.6108
77.5935
77.5722
77.5637
77.575
77.598
77.6134
77.6212
77.6208
75.1606
75.1551
75.1502
75.1431
75.1459
75.1657
75.1667
75.1543
75.1715
75.1693
72.7434
72.7437
72.7277
72.7287
72.7339
72.7515
72.7536
72.7614
72.7638
72.7468
70.3427
70.3405
70.3502
70.3462
70.3585
70.3715
70.3732
70.3699
70.346
70.344
67.9794
67.9919
68.0096
67.9979
67.9905
67.9973
68.0062
67.9975
67.9781
67.976
65.6361
65.6571
65.6723
65.649
65.6284
65.6242
65.6304
65.647
65.6354
65.6308
63.3215
63.3231
63.3199
63.3228
63.3272
63.3104
63.3043
63.2987
63.306
63.3064
61.009
61.0166
61.0133
61.0264
61.0296
61.0254
61.0112
61.003
60.9953
60.9982
58.7198
58.7244
58.7258
58.726
58.7247
58.722
58.7203
58.7163
58.7077
58.7125
56.4615
56.4535
56.446
56.4511
56.4554
56.4561
56.4552
56.4535
56.4569
56.4612
54.1963
54.1976
54.1924
54.1963
54.1992
54.2094
54.2179
54.2188
54.2135
54.2032
51.9558
51.9479
51.9491
51.9634
51.9706
51.9762
51.9825
51.9823
51.9831
51.9736
49.7373
49.7209
49.717
49.728
49.743
49.7558
49.7556
49.7595
49.7591
49.7563
47.522
47.5131
47.503
47.5023
47.5118
47.5217
47.5283
47.5294
47.5246
47.5293
45.3073
45.31
45.3163
45.3223
45.3167
45.3112
45.308
45.305
45.3051
45.3068
43.1105
43.1195
43.13
43.1272
43.1112
43.1048
43.104
43.1213
43.1117
43.1091
40.9413
40.9454
40.9463
40.9369
40.9282
40.9227
40.9287
40.9417
40.937
40.9379
38.7679
38.7843
38.7872
38.7874
38.7817
38.7742
38.772
38.7675
38.7575
38.7592
36.6197
36.6344
36.6327
36.626
36.6203
36.6137
36.6025
36.5992
36.5989
36.6068
34.5027
34.4988
34.479
34.4722
34.4695
34.4625
34.4563
34.4615
34.475
34.4942
32.3748
32.3681
32.3551
32.3495
32.3482
32.3509
32.3565
32.3637
32.3683
32.3735
30.2414
30.2452
30.2528
30.2603
30.261
30.2644
30.2677
30.2657
30.2577
30.246
28.14
28.1467
28.1614
28.1778
28.1869
28.1885
28.1828
28.1721
28.1616
28.1469
26.0917
26.0875
26.0875
26.0935
26.1041
26.1138
26.1189
26.1187
26.1138
26.1017
24.08
24.0644
24.0546
24.0503
24.0556
24.0658
24.0789
24.0888
24.0943
24.0888
22.0762
22.0574
22.0544
22.0549
22.0599
22.0623
22.0643
22.0691
22.0736
22.0763
20.066
20.0651
20.0664
20.073
20.0841
20.0837
20.0753
20.0678
20.067
20.0655
18.0842
18.0894
18.0998
18.1037
18.1029
18.097
18.0895
18.0842
18.0826
18.083
16.1482
16.151
16.1509
16.1375
16.1228
16.1085
16.1055
16.1128
16.123
16.1369
14.215
14.2164
14.2076
14.1851
14.167
14.1545
14.1525
14.1635
14.1808
14.198
12.2519
12.2678
12.2682
12.2611
12.2517
12.2397
12.2392
12.2406
12.2427
12.2444
10.3181
10.3247
10.3353
10.3438
10.3413
10.3352
10.3315
10.329
10.3254
10.3201
8.43261
8.42136
8.42011
8.42373
8.42562
8.42937
8.43097
8.43265
8.43425
8.43729
6.54911
6.53451
6.53303
6.53383
6.54031
6.55663
6.56258
6.56064
6.5533
6.55448
4.65963
4.65619
4.65948
4.66701
4.68117
4.70443
4.70387
4.69337
4.68146
4.67003
2.79158
2.79079
2.79584
2.8019
2.80985
2.81997
2.82396
2.8233
2.81039
2.79714
0.933301
0.93251
0.932799
0.927991
0.926302
0.929191
0.93848
0.942351
0.942974
0.933457
96.8769
97.2763
97.9982
97.3813
97.3989
98.5146
97.3052
96.9117
100.391
96.2919
94.9096
95.4091
94.402
93.0942
90.1559
92.8496
94.4217
93.2364
95.2569
96.5243
98.2769
96.9488
96.7262
102.168
96.9149
97.2148
98.5136
97.1956
96.8749
97.8405
98.2663
100.797
132.268
100.355
100.04
100.844
96.8091
64.0485
128.007
91.2877
92.1691
93.6231
74.3921
95.9976
81.2489
63.1189
111.084
93.8572
92.8181
96.1634
97.2124
106.988
104.431
101.72
101.554
99.3891
101.523
98.9846
99.682
99.287
97.0949
97.0409
97.8163
98.3393
98.4184
101.02
98.22
97.3137
98.6653
96.1813
95.8075
103.527
93.4846
96.2103
98.5944
90.547
92.0479
91.096
94.7804
95.5285
95.8718
98.632
97.4884
100.042
97.2451
97.7791
100.022
97.5197
97.3574
98.8241
95.0245
95.1051
96.933
95.083
95.3759
97.1525
95.5593
96.0286
96.6295
95.9852
95.4928
95.4511
94.9858
94.6192
93.8174
94.5261
94.8268
94.3945
95.2999
95.9639
96.0331
96.0321
95.733
96.7129
95.5027
95.1132
96.9946
95.0538
94.9648
96.6999
96.9086
96.9518
96.9572
97.4145
97.2048
97.0535
98.0251
97.3103
97.6475
97.4478
97.6862
97.5756
97.7433
97.7866
97.5072
98.9591
98.4663
98.3527
97.1999
97.4552
97.5595
97.0663
97.7388
97.0101
104.867
98.2361
96.8556
95.9436
96.1893
96.3175
94.9209
95.4401
95.443
96.5275
95.9206
95.0659
94.2474
94.5471
94.1233
92.0802
92.4114
93.3673
101.509
92.3192
91.421
93.2964
92.6235
92.2208
94.127
93.3346
93.6609
92.9426
93.5377
93.9198
95.4624
95.4571
94.9137
97.051
96.156
95.9947
97.2847
96.3546
97.9544
96.9425
97.3469
98.1593
97.462
97.6192
97.2024
116.137
98.2673
97.3819
97.0261
96.9515
97.0454
97.5196
96.6243
97.2158
96.3206
99.3469
97.9154
97.0485
97.1929
97.3018
96.9378
97.123
96.9937
100.51
97.4446
97.0416
96.8785
96.984
96.7786
96.9567
97.0281
97.0083
91.6988
91.9317
95.0052
91.8923
91.7002
94.7414
96.7867
96.8466
96.8458
97.1419
96.8747
96.8978
92.2465
91.9438
95.3603
91.9924
92.2931
95.1058
95.3236
95.5687
95.6773
95.5258
95.404
95.1211
95.838
95.9414
96.0424
96.0349
95.7765
95.7597
96.9559
96.8257
96.9246
92.4263
92.3628
94.9443
96.3618
96.6192
95.7988
92.5984
92.5899
94.3966
96.0064
96.5626
96.3529
96.9317
96.7974
97.1506
107.563
102.941
103.524
96.9203
96.8667
96.7897
101.606
81.9446
101.735
96.5991
96.6804
95.9381
95.7727
96.6732
96.5542
96.7608
97.1606
96.8854
96.7378
97.011
97.0818
97.2318
97.2769
96.7223
94.6069
94.5977
94.7833
94.8651
94.6697
94.6238
94.8413
94.4491
94.4161
94.5332
94.5629
94.9772
95.4753
93.9515
94.2272
94.1327
93.8992
95.3082
92.6495
92.5837
94.0459
95.2466
96.2934
96.4792
92.5379
92.5256
93.8172
96.4369
96.4527
95.2039
93.4751
93.5984
95.306
95.3345
93.6179
93.5127
99.7107
105.654
103.194
96.0656
96.3113
95.1739
93.6103
93.5937
94.6547
94.4941
93.3447
93.5023
89.6899
105.356
115.263
95.1603
96.2947
96.0923
108.017
116.745
124.02
92.5579
92.4967
93.9489
95.0666
95.7223
95.8011
116.292
105.628
104.561
96.7174
96.3299
95.3844
97.2277
95.7329
102.701
94.4162
93.6119
93.7477
92.4524
92.5413
93.8471
89.5528
89.462
90.5662
89.4714
89.5546
90.7097
95.9425
95.8869
95.1339
92.5466
92.5471
91.6947
91.7538
92.5381
92.5407
93.4695
93.6538
94.5639
91.9296
92.719
92.619
92.536
92.6644
91.9648
114.447
120.595
104.358
96.7519
97.9652
105.704
101.361
108.591
105.344
99.3424
101.484
130.422
95.7125
95.9209
95.2757
98.5313
100.954
94.2248
96.1658
94.7083
94.018
94.9979
95.7155
95.7687
99.208
105.618
97.9877
86.3054
119.051
105.072
89.5682
89.5271
90.6253
92.6069
92.5748
91.9075
89.5638
89.5722
90.8366
90.6982
95.3753
105.24
105.395
60.7749
-52.2113
91.9753
92.5115
92.5461
96.4532
123.884
93.7486
96.6059
88.6823
96.3123
95.5067
95.4105
97.9637
94.0606
151.08
102.11
106.82
105.896
104.953
103.4
99.3886
107.779
102.074
100.078
101.627
117.476
103.88
85.4243
125.007
108.331
94.6273
98.094
104.302
116.497
110.251
122.22
181.207
99.0595
107.639
92.3172
172.804
94.9519
110.206
105.178
97.9041
73.9517
88.461
117.938
164.562
102.262
101.528
95.3739
81.4668
116.421
139.742
127.025
140.527
130.857
110.63
121.674
104.294
99.7799
128.677
102.927
123.964
129.78
86.3667
93.2655
95.2621
107.001
104.414
92.2055
108.081
101.604
105.967
103.403
121.094
50.5323
121.523
114.291
92.7122
101.872
107.558
122.959
102.43
110.707
107.808
106.737
108.261
104.503
108.572
116.194
94.315
93.7572
99.6391
86.5641
92.5633
101.166
120.162
116.528
75.1011
202.004
134.403
104.04
108.029
114.403
101.623
133.6
93.6221
103.569
112.636
95.0267
109.373
101.675
111.488
80.7409
144.671
110.419
93.7841
116.762
87.3467
110.239
85.896
100.81
99.3661
89.1116
88.3619
166.093
108.219
69.9139
127.928
110.88
87.9058
120.144
111.203
116.108
149.27
113.162
107.302
105.657
129.716
80.6647
119.173
89.9442
109.865
110.211
39.5697
123.323
104.979
112.875
80.4366
105.216
86.4962
80.5095
143.735
170.804
101.264
91.7491
95.097
90.3694
100.321
126.503
117.272
121.809
108.1
109.573
65.1287
175.07
165.617
52.6645
253.254
43.3608
95.5586
88.4587
77.2597
119.236
128.15
104.424
95.5943
99.1219
130.856
133.079
160.715
113.319
170.815
122.764
99.1451
152.219
50.2132
58.0718
97.8596
135.632
98.5796
122.787
174.154
171.214
77.0154
122.963
109.255
123.806
116.565
154.72
124.474
47.6556
168.735
107.498
122.527
136.268
194.179
181.985
110.535
118.934
108.298
119.691
162.634
168.379
147.377
121.405
40.6177
45.2806
176.443
22.8026
170.482
76.7115
145.437
112.682
58.2771
132.721
121.071
145.981
260.628
98.9239
106.437
82.0943
139.821
164.656
250.266
131.601
111.072
101.821
88.6953
165.074
174.497
233.291
96.1905
96.0433
119.44
182.009
68.1766
183.326
108.002
121.75
122.696
252.385
35.9929
275.812
-10.8001
480.359
373.571
126.793
172.171
88.6039
65.1711
-85.7621
19.0112
52.463
131.718
143.531
158.26
134.778
176.322
235.366
-159.386
90.1931
139.951
234.955
-113.158
31.4393
132.159
195.046
)
;
    }
    frontWall
    {
        type            cyclic;
    }
    backWall
    {
        type            cyclic;
    }
}


// ************************************************************************* //
