/*--------------------------------*- C++ -*----------------------------------*\
| =========                 |                                                 |
| \\      /  F ield         | OpenFOAM: The Open Source CFD Toolbox           |
|  \\    /   O peration     | Version:  5.0                                   |
|   \\  /    A nd           | Web:      www.OpenFOAM.org                      |
|    \\/     M anipulation  |                                                 |
\*---------------------------------------------------------------------------*/
FoamFile
{
    version     2.0;
    format      ascii;
    class       volScalarField;
    location    "4.2";
    object      p;
}
// * * * * * * * * * * * * * * * * * * * * * * * * * * * * * * * * * * * * * //

dimensions      [1 -1 -2 0 0 0 0];

internalField   nonuniform List<scalar> 
7877
(
100.784
102.289
98.7258
105.343
108.784
94.8959
97.7159
94.0806
91.5987
89.1172
86.602
84.0862
81.5728
79.0884
76.6186
74.1708
71.7394
69.3368
66.9584
64.6044
62.2571
59.9293
57.6311
55.3255
53.044
50.7822
48.5273
46.2698
44.0306
41.8193
39.6035
37.4133
35.2524
33.0818
30.9064
28.7618
26.6712
24.6146
22.5679
20.5145
18.4895
16.5097
14.5335
12.5296
10.5521
8.62368
6.69881
4.76595
2.85497
0.954346
98.5712
101.449
97.8554
101.043
99.8395
98.0755
97.4414
94.5622
91.4191
89.0748
86.5818
84.0787
81.5907
79.1009
76.6208
74.1809
71.7408
69.3544
66.9828
64.6091
62.2624
59.9325
57.6257
55.3268
53.0347
50.7676
48.5164
46.2717
44.0383
41.8228
39.62
37.4282
35.2502
33.0768
30.9108
28.7685
26.6658
24.5991
22.5498
20.5133
18.4947
16.5122
14.537
12.5452
10.5591
8.61408
6.68535
4.76279
2.85523
0.953958
101.486
100.735
89.4625
99.9128
110.253
93.338
96.9727
94.5722
91.5381
89.1257
86.6233
84.0918
81.5874
79.1064
76.6298
74.172
71.7548
69.3755
66.9989
64.6077
62.2625
59.9339
57.6123
55.3204
53.0372
50.7633
48.5072
46.28
44.0556
41.8268
39.6248
37.4274
35.2302
33.0642
30.9174
28.783
26.6661
24.5898
22.5461
20.5143
18.5028
16.5147
14.528
12.545
10.5694
8.61112
6.6795
4.76415
2.85783
0.953844
103.05
101.775
99.8272
82.4746
106.927
91.9174
97.8441
95.4463
91.775
89.2744
86.7032
84.1657
81.6177
79.1153
76.6406
74.1832
71.7589
69.3703
66.9795
64.6128
62.2773
59.9359
57.6191
55.3224
53.0486
50.7732
48.506
46.2846
44.0446
41.815
39.6244
37.4213
35.2239
33.0581
30.9251
28.7995
26.6721
24.5866
22.5486
20.5255
18.5139
16.503
14.5066
12.5401
10.578
8.61439
6.68037
4.7714
2.86423
0.949259
102.455
102.826
101.048
102.541
102.592
100.285
98.7949
97.5569
92.0429
89.3845
86.7737
84.1873
81.6468
79.1289
76.6563
74.1959
71.7755
69.3645
66.9599
64.6145
62.2807
59.936
57.624
55.3271
53.0581
50.7891
48.5162
46.28
44.0334
41.8076
39.6182
37.413
35.2204
33.0562
30.9259
28.8082
26.6809
24.5908
22.5512
20.5314
18.5084
16.4838
14.4875
12.526
10.5746
8.61553
6.68774
4.78599
2.87302
0.947252
101.266
122.472
111.501
101.924
99.0772
96.7832
98.9335
98.1731
92.1302
89.4537
86.8143
84.214
81.6623
79.1457
76.6795
74.2162
71.7902
69.3728
66.96
64.609
62.2842
59.9332
57.6255
55.3375
53.0631
50.8021
48.5265
46.2746
44.0264
41.8017
39.6107
37.4081
35.2138
33.058
30.9292
28.8104
26.6931
24.599
22.5538
20.5318
18.5036
16.4721
14.4706
12.5153
10.5674
8.61901
6.70369
4.80976
2.88367
0.950356
98.6158
107
104.876
103.728
100.923
99.781
99.0514
97.6914
92.0595
89.4328
86.8117
84.2186
81.682
79.1599
76.6738
74.2135
71.7887
69.379
66.9616
64.594
62.2552
59.9291
57.6241
55.3459
53.0698
50.8012
48.5327
46.2705
44.0244
41.8078
39.6094
37.397
35.2073
33.0643
30.9324
28.8045
26.6965
24.6104
22.5554
20.5258
18.4943
16.4664
14.4695
12.5127
10.5629
8.62052
6.70967
4.80915
2.8872
0.958842
102.124
101.614
100.771
106.403
102.719
101.947
98.8571
96.2404
91.9765
89.3876
86.7695
84.1933
81.6668
79.1508
76.6493
74.2126
71.7774
69.3671
66.9743
64.587
62.2515
59.925
57.6221
55.3472
53.0697
50.8051
48.5342
46.2681
44.043
41.8206
39.6058
37.3939
35.212
33.0716
30.9307
28.7939
26.6985
24.6294
22.5618
20.5148
18.4889
16.4737
14.4812
12.5171
10.5624
8.62279
6.70795
4.79833
2.88559
0.963344
101.167
100.78
100.548
101.988
99.7002
100.72
99.3972
95.6082
91.8494
89.3184
86.7228
84.1689
81.6405
79.1311
76.6491
74.206
71.7544
69.3488
66.9678
64.5983
62.2462
59.9183
57.6269
55.3426
53.0718
50.806
48.531
46.2685
44.0323
41.8155
39.5922
37.3932
35.2288
33.0759
30.9232
28.7838
26.6913
24.6295
22.5657
20.5155
18.4875
16.4853
14.5016
12.5201
10.5582
8.62443
6.70089
4.78764
2.87504
0.964405
101.081
100.888
102.355
107.124
75.3223
102.721
99.5058
94.4245
91.768
89.2087
86.6596
84.1157
81.5872
79.1105
76.6334
74.1798
71.7457
69.3454
66.961
64.6005
62.2478
59.9216
57.6305
55.3316
53.0598
50.8016
48.5326
46.2691
44.0295
41.8166
39.5955
37.3999
35.2445
33.0831
30.9122
28.7699
26.6816
24.6247
22.5685
20.5142
18.4883
16.4991
14.5168
12.5186
10.5533
8.62793
6.70412
4.77609
2.86018
0.954513
100.82
99.6272
97.9987
105.262
108.649
94.5064
97.624
94.0806
91.5987
89.1169
86.6021
84.0862
81.5726
79.0885
76.6185
74.1706
71.7393
69.337
66.9585
64.6041
62.2571
59.9294
57.6311
55.3253
53.044
50.7823
48.5273
46.2697
44.0303
41.8193
39.6035
37.4134
35.2525
33.0818
30.9064
28.7617
26.6711
24.6146
22.5678
20.5144
18.4894
16.5098
14.5337
12.5296
10.5521
8.62369
6.69873
4.76593
2.85493
0.954433
99.7912
100.599
94.1165
104.184
100.722
98.2747
97.4751
94.5622
91.4195
89.0746
86.5818
84.0787
81.5906
79.1009
76.6207
74.1808
71.7407
69.3546
66.9827
64.609
62.2624
59.9327
57.6256
55.3267
53.0346
50.7675
48.5163
46.2717
44.0381
41.8228
39.6206
37.4283
35.2502
33.0767
30.9108
28.7685
26.6658
24.5991
22.5496
20.5134
18.4947
16.5123
14.5369
12.545
10.5591
8.61411
6.68525
4.76291
2.85542
0.95391
101.087
100.813
95.578
98.776
109.588
93.8602
96.9602
94.5691
91.5394
89.1255
86.6233
84.0918
81.5874
79.1064
76.6298
74.172
71.7548
69.3753
66.999
64.6077
62.2623
59.9339
57.6122
55.3203
53.0372
50.7632
48.5072
46.2799
44.0558
41.8269
39.6246
37.4273
35.2303
33.0642
30.9175
28.783
26.666
24.5898
22.5461
20.5142
18.5029
16.5148
14.5279
12.545
10.5695
8.61095
6.67948
4.76418
2.85792
0.953839
104.393
102.215
107.209
133.483
129.752
91.1712
97.8409
95.3311
91.7756
89.2741
86.7032
84.1657
81.6176
79.1153
76.6406
74.1832
71.7589
69.3702
66.9794
64.6127
62.2773
59.9359
57.6191
55.3225
53.0484
50.7731
48.5061
46.2847
44.0448
41.8149
39.6243
37.4215
35.2239
33.0581
30.9251
28.7995
26.6721
24.5866
22.5486
20.5255
18.5139
16.503
14.5065
12.5401
10.578
8.61437
6.68026
4.77138
2.86421
0.949122
101.857
101.962
101.135
97.0928
98.6926
99.5146
98.7633
97.5274
92.043
89.3846
86.7737
84.1873
81.6467
79.1289
76.6564
74.1959
71.7754
69.3645
66.9597
64.6146
62.2808
59.9359
57.6238
55.3272
53.0579
50.7892
48.5163
46.2799
44.0333
41.8075
39.6182
37.413
35.2204
33.0561
30.9259
28.8081
26.6809
24.5907
22.5513
20.5317
18.5083
16.4838
14.4874
12.526
10.5746
8.61551
6.68767
4.78594
2.87301
0.947302
115.298
102.316
100.107
99.3044
99.4921
99.785
98.8798
98.2016
92.1304
89.4538
86.8142
84.2139
81.6625
79.1457
76.6795
74.2162
71.7902
69.3729
66.9599
64.6088
62.284
59.9328
57.6254
55.3375
53.0632
50.8022
48.5264
46.2745
44.0264
41.8018
39.6107
37.408
35.2137
33.0581
30.9292
28.8103
26.6931
24.599
22.5537
20.5318
18.5035
16.472
14.4706
12.5153
10.5672
8.61899
6.70367
4.80979
2.88339
0.950328
103.723
108.685
105.85
104.029
101.038
99.8232
99.0246
97.5927
92.0602
89.4327
86.8117
84.2185
81.6819
79.1599
76.6738
74.2134
71.7886
69.3789
66.9616
64.5941
62.2552
59.929
57.6241
55.3459
53.0697
50.8012
48.5326
46.2705
44.0246
41.8078
39.6097
37.3969
35.2072
33.0645
30.9324
28.8041
26.6965
24.6104
22.5554
20.5258
18.4943
16.4662
14.4695
12.5126
10.5628
8.6205
6.70976
4.80924
2.88712
0.958948
102.221
104.628
99.3278
100.574
102.821
99.8992
98.8104
96.2087
91.9772
89.3874
86.7695
84.1932
81.6668
79.1508
76.6492
74.2126
71.7776
69.3669
66.9746
64.5869
62.2514
59.9252
57.6221
55.3472
53.0697
50.8053
48.5344
46.268
44.0427
41.8206
39.6057
37.3936
35.212
33.0716
30.9307
28.7939
26.6985
24.6293
22.5618
20.5147
18.4888
16.4737
14.4812
12.5171
10.5623
8.62277
6.70795
4.79831
2.88566
0.963466
101.207
100.837
100.569
100.822
100.819
100.422
99.4009
95.6049
91.85
89.3182
86.7228
84.1689
81.6405
79.131
76.6492
74.2062
71.7545
69.3486
66.9679
64.5984
62.2462
59.9183
57.6269
55.3426
53.0717
50.806
48.5309
46.2686
44.0323
41.8155
39.5922
37.3931
35.2288
33.0759
30.9231
28.7838
26.6913
24.6294
22.5655
20.5155
18.4876
16.4854
14.5015
12.52
10.5582
8.62438
6.70083
4.7876
2.87512
0.964406
101.003
100.904
102.061
104.712
102.993
102.612
99.5334
94.4249
91.7681
89.2087
86.6597
84.1156
81.587
79.1105
76.6334
74.1801
71.7456
69.3453
66.9611
64.6004
62.2477
59.9216
57.6304
55.3316
53.0599
50.8015
48.5325
46.2691
44.0294
41.8165
39.5953
37.3999
35.2447
33.0831
30.9121
28.77
26.6816
24.6247
22.5684
20.5142
18.4883
16.499
14.5168
12.5185
10.5533
8.62795
6.70398
4.77607
2.86025
0.954501
100.838
100.809
103
105.336
108.743
94.4081
97.6382
94.081
91.5986
89.1168
86.6023
84.0864
81.5724
79.0884
76.6185
74.1703
71.7393
69.337
66.9585
64.6039
62.2569
59.9294
57.631
55.3251
53.0441
50.7822
48.527
46.2697
44.0302
41.8193
39.6036
37.4134
35.2525
33.0815
30.9063
28.7617
26.671
24.6146
22.5678
20.5143
18.4893
16.5098
14.5338
12.5297
10.5521
8.62362
6.6986
4.76585
2.85483
0.954437
101.354
97.4286
96.7637
101.375
99.7079
98.1704
97.4711
94.5624
91.4189
89.0747
86.5817
84.0786
81.5906
79.1008
76.6207
74.1806
71.7407
69.3547
66.9826
64.6088
62.263
59.9327
57.6249
55.3261
53.0345
50.7674
48.5162
46.2716
44.038
41.8227
39.6206
37.4282
35.25
33.0766
30.9107
28.7684
26.6657
24.5996
22.5494
20.5124
18.4946
16.5123
14.5368
12.5443
10.5592
8.6141
6.68516
4.76283
2.85548
0.953715
101.047
99.8043
115.041
103.331
111.363
94.8343
96.9538
94.5713
91.5394
89.1256
86.6232
84.0917
81.5873
79.1063
76.6297
74.1719
71.7547
69.375
66.999
64.6076
62.2621
59.9338
57.6121
55.3202
53.0372
50.7631
48.5072
46.2799
44.0558
41.8269
39.6244
37.4269
35.2303
33.0643
30.9175
28.7829
26.6658
24.5898
22.546
20.5141
18.5029
16.5149
14.528
12.5447
10.5694
8.61086
6.67937
4.76414
2.85787
0.953522
102.848
103.605
103.573
107.56
89.4769
93.0308
97.8341
95.3389
91.775
89.2735
86.7031
84.1656
81.6176
79.1152
76.6405
74.1831
71.7588
69.37
66.9793
64.6125
62.2774
59.9358
57.6192
55.3229
53.0481
50.7729
48.5062
46.2847
44.0448
41.8148
39.6242
37.4214
35.2238
33.058
30.9251
28.7993
26.672
24.5866
22.5486
20.5254
18.5139
16.5029
14.5063
12.5402
10.578
8.61429
6.68016
4.77134
2.86415
0.948788
101.598
101.981
101.582
94.4358
98.8258
99.2848
98.7683
97.5315
92.0423
89.3848
86.7737
84.1872
81.6465
79.1288
76.6565
74.1959
71.7754
69.3644
66.9596
64.6146
62.2808
59.9359
57.6232
55.3275
53.0576
50.7891
48.5164
46.2799
44.0332
41.8073
39.6182
37.413
35.2203
33.0561
30.9258
28.8081
26.6809
24.5907
22.5512
20.5319
18.5083
16.4838
14.4874
12.5261
10.5745
8.61544
6.68782
4.78584
2.87277
0.947201
107.058
101.331
99.7979
100.478
99.9004
99.9095
98.8991
98.1959
92.1296
89.4539
86.814
84.2138
81.6628
79.1456
76.6794
74.2161
71.7901
69.3729
66.9597
64.6086
62.2842
59.9325
57.6253
55.3374
53.0632
50.8021
48.5263
46.2743
44.0263
41.8024
39.6108
37.4079
35.2135
33.0589
30.9292
28.8102
26.693
24.5989
22.5535
20.532
18.5034
16.4717
14.4706
12.5154
10.567
8.61891
6.70368
4.80978
2.88296
0.950293
107.104
118.343
102.571
104.551
102.914
99.6856
99.0049
97.5723
92.0596
89.4327
86.8116
84.2184
81.6819
79.1598
76.6737
74.2134
71.7885
69.3787
66.9615
64.594
62.2554
59.929
57.624
55.3458
53.0695
50.8011
48.5325
46.2707
44.0246
41.8079
39.6095
37.3967
35.2072
33.0644
30.9324
28.804
26.6965
24.6103
22.5553
20.5258
18.4942
16.466
14.4694
12.5125
10.5626
8.62043
6.70998
4.80893
2.8866
0.959061
103.619
104.023
101.192
100.905
101.419
99.8985
98.8285
96.2087
91.9768
89.3874
86.7694
84.1932
81.6667
79.1507
76.6491
74.2125
71.7778
69.3666
66.9746
64.587
62.2514
59.9251
57.6223
55.3471
53.0695
50.8054
48.5343
46.2678
44.0427
41.8205
39.6055
37.3935
35.2119
33.0716
30.9306
28.7938
26.6985
24.6292
22.5617
20.5146
18.4887
16.4737
14.4812
12.517
10.5622
8.6227
6.70789
4.79827
2.88562
0.963473
103.862
101.205
100.581
100.447
100.502
102.561
99.4025
95.6052
91.8497
89.3182
86.7227
84.1688
81.6404
79.131
76.6479
74.2064
71.7546
69.3484
66.968
64.5983
62.2461
59.9185
57.6269
55.3425
53.0716
50.8059
48.5306
46.2686
44.033
41.8157
39.5921
37.393
35.2286
33.0758
30.9229
28.7838
26.6913
24.6293
22.5655
20.5154
18.4876
16.4855
14.5014
12.5198
10.5581
8.62429
6.70073
4.78753
2.87505
0.964313
100.676
102.312
99.7713
98.7663
103.958
102.803
99.5284
94.4248
91.7679
89.2087
86.6597
84.1154
81.5867
79.1105
76.6334
74.1803
71.7455
69.3452
66.9611
64.6003
62.2476
59.9214
57.6304
55.3316
53.0599
50.8015
48.5324
46.2691
44.0293
41.8164
39.5949
37.4001
35.245
33.0829
30.9119
28.7701
26.6817
24.6246
22.5684
20.5141
18.4882
16.499
14.5166
12.5184
10.5533
8.6279
6.70378
4.77599
2.86028
0.954434
97.0673
98.5229
97.4997
94.5243
97.0904
98.4737
97.5079
97.3904
96.8175
96.576
98.2994
97.3917
96.9232
96.5486
96.8243
96.9378
96.8355
93.5653
96.7139
96.1561
96.8282
97.4536
99.1791
98.7433
92.2639
97.3244
100.304
98.5538
98.8844
99.517
99.0907
99.6353
98.8271
103.055
99.0571
99.1063
100.691
99.1011
100.055
99.0922
100.954
99.107
99.057
101.81
99.0603
99.7329
99.0941
101.099
99.0623
98.9986
99.957
99.384
99.858
98.9957
99.8992
99.375
99.6801
102.184
100.153
100.723
99.6782
102.199
100.155
100.027
88.7272
97.5009
102.673
100.027
88.8735
97.5099
97.0921
98.4841
97.5063
94.4256
97.0942
98.4643
97.5041
97.3906
96.448
96.5717
98.1997
97.3833
97.9865
96.5704
96.8238
95.9521
96.7871
94.7567
96.7343
95.6705
96.8425
97.2073
100.299
98.6436
92.8652
97.239
98.1506
98.4764
98.8276
101.272
99.0295
99.6444
98.8812
99.7811
99.0997
99.077
100.311
99.1254
99.9023
99.0944
100.23
99.1127
99.7573
100.994
99.0719
99.5794
99.1343
100.453
99.0788
98.997
99.8595
99.3729
100.219
98.9976
99.6412
99.3754
99.68
102.224
100.155
102.763
99.6861
102.299
100.157
100.025
89.053
97.5096
102.526
100.02
89.0764
97.5122
97.0925
98.4408
97.5053
94.3823
97.0705
98.4779
97.5015
97.383
97.9532
96.5842
98.159
97.3811
98.3336
96.5763
96.84
95.6428
96.9068
95.0377
96.7968
95.7783
96.8898
97.191
98.2742
98.5473
107.603
97.3511
98.6336
98.4171
98.9079
99.8069
99.0476
99.4815
98.8487
100.286
99.0647
99.0821
100.207
99.1352
99.9479
99.1003
102.719
99.1152
99.0335
98.4552
99.0502
99.6031
98.8971
98.747
99.0658
98.9972
99.8213
99.3801
99.9107
98.9929
99.5788
99.3783
99.6819
102.319
100.159
104.2
99.6909
102.304
100.157
100.02
89.2304
97.5131
102.879
100.02
89.337
97.5038
99.3092
102.601
99.4669
108.71
99.0299
101.756
99.2854
97.0546
95.9619
97.0178
94.5112
97.0896
97.1038
95.8318
96.0432
97.6949
95.7828
97.6395
96.0514
97.71
95.7891
97.9969
108.029
103.978
99.9037
99.265
108.561
109.293
97.3851
97.7014
99.9443
97.9791
97.6924
98.032
97.3233
95.7218
96.9551
95.4124
97.4723
95.7323
96.959
95.4154
86.1329
114.441
99.8159
109.609
83.6393
113.006
105.234
96.1671
96.4358
97.5888
93.476
96.3388
97.1886
95.8285
95.6209
97.1282
96.6946
96.9655
95.6201
97.0894
96.6086
21.3754
97.0888
101.002
120.812
126.979
99.1927
97.3419
97.9407
95.6823
103.129
93.4247
95.6837
103.454
97.9033
97.2166
98.4731
98.2666
97.849
97.256
98.4772
98.2462
100.325
98.9085
101.46
98.7239
99.4112
98.8191
105.579
99.4704
99.1412
98.6285
99.5989
99.1348
97.4798
100.003
98.3144
98.9327
98.5622
98.7689
98.3246
98.9049
98.5672
99.2198
100.951
102.568
99.2189
105.289
99.8127
100.701
99.2165
99.4999
99.8176
97.9584
99.2056
99.2782
99.2138
98.6017
98.983
98.6261
98.9004
98.6049
98.9682
98.6384
98.4955
103.457
99.9187
100.527
97.1176
100.79
100.016
98.9004
99.6103
101.859
99.7947
99.5705
102.931
98.8733
98.7099
98.9873
98.3034
99.0425
98.6838
98.9821
98.3421
98.9058
115.885
103.563
102.04
99.0994
107.213
101.021
99.1023
98.9361
98.5281
99.6723
98.9264
98.6133
99.1988
98.044
99.1814
97.179
98.8244
97.9609
99.1656
97.1929
98.0463
95.8109
102.017
100.434
118.784
95.2486
102.07
100.279
100.042
103.788
100.91
100.042
101.068
100.273
97.0021
99.6955
96.7104
99.4003
97.0056
99.7195
96.7205
104.598
89.94
55.7924
74.5955
105.049
134.456
63.6247
101.257
101.412
102.933
102.713
101.413
102.92
101.33
96.5292
97.9723
96.115
99.5328
96.5335
97.9561
96.1209
99.3764
101.923
99.3042
108.748
99.1817
102.063
99.3527
96.9882
95.7936
96.8309
94.4861
96.9986
96.884
95.7869
96.05
97.7148
95.7859
97.6211
96.0497
97.7207
95.7855
102.697
108.021
98.5715
99.7222
99.6684
106.692
99.1265
97.3067
97.6769
99.0218
98.2864
97.2601
97.7044
98.9878
95.7306
96.9587
95.4114
97.4734
95.73
96.9562
95.412
127.206
116.703
105.002
110.261
100.743
114.929
99.7496
96.1922
96.3207
96.7986
94.2215
95.4456
96.3146
96.5541
95.6191
97.0878
96.596
96.9522
95.6192
97.0746
96.5932
103.852
99.3798
101.346
90.6628
98.9788
89.5534
99.723
97.9508
95.937
106.509
95.0513
97.947
96.0015
100.138
97.2608
98.5026
98.2517
97.8336
97.259
98.5598
98.2474
99.7817
98.9747
103.738
98.7421
98.6879
98.9905
102.599
99.846
99.1119
101.393
99.6397
99.2679
99.0762
101.211
98.3268
98.9152
98.5656
98.8197
98.3242
98.9117
98.565
100.394
100.51
99.9078
99.4973
99.9754
99.8739
100.013
99.2314
99.4204
99.5019
100.396
99.2239
99.7899
99.4547
98.6057
98.9738
98.6397
98.9383
98.6042
98.9673
98.6367
97.458
100.831
99.7796
98.1095
99.8397
101.652
99.6205
98.7423
99.6398
101.388
99.7113
98.762
99.6134
104.428
98.6916
98.977
98.3481
99.0159
98.6861
98.9835
98.3468
99.0846
101.622
101.467
101.116
99.5465
102.76
100.99
99.1652
99.0265
98.878
99.9925
99.1439
99.0178
99.0619
97.9534
99.1984
97.183
98.825
97.9549
99.1655
97.183
112.906
136.435
102.684
100.451
115.498
112.973
102.196
100.792
100.116
101.112
105.554
100.538
100.113
101.218
97.0032
99.7262
96.7188
99.4023
97.0035
99.7269
96.7198
105.994
135.644
53.5207
104.329
107.112
99.4006
62.2283
101.307
101.397
103.142
102.573
101.287
101.422
103.197
96.529
97.9519
96.1179
99.531
96.5289
97.9531
96.1179
91.0069
101.387
99.4145
110.288
90.8264
101.775
99.4206
96.8782
95.827
96.7549
94.3989
96.87
96.9316
95.7874
96.051
97.7152
95.7883
97.7174
96.0428
97.693
95.782
99.3255
103.821
100.832
100.504
99.5268
103.477
102.191
97.602
97.6783
98.7494
98.1743
97.5489
97.6759
98.7932
95.7311
96.9559
95.4163
97.4381
95.7197
96.9525
95.4133
99.6638
145.804
101.753
104.068
98.0769
94.8095
98.7424
95.6343
96.2821
96.7527
94.9482
95.9595
96.3157
96.9181
95.6213
97.0771
96.6042
96.9575
95.6228
97.1114
96.6916
102.169
95.7364
99.5228
90.4848
99.3513
97.6401
100.36
98.1392
96.0232
108.52
108.375
98.0765
96.124
108.485
97.254
98.5241
98.2439
97.8347
97.2173
98.5037
98.273
99.0571
99.0139
102.032
98.7596
99.5548
99.793
104.678
99.2358
99.0222
100.355
99.2538
99.2358
99.0155
100.347
98.3224
98.9037
98.5675
98.7758
98.3119
98.9454
98.5614
99.8872
99.7862
99.7691
100.009
99.4785
98.2939
100.431
99.357
99.5712
99.5643
100.127
99.3857
99.5335
101.278
98.6069
98.9928
98.636
98.8987
98.6019
99.0045
98.6241
99.7165
101.322
99.6093
105.368
102.998
102.562
100.02
99.049
99.4412
97.4239
99.7642
98.3811
99.4414
97.0154
98.6817
98.9781
98.341
99.0244
98.7082
98.9861
98.304
99.8593
98.6636
100.965
100.297
99.3863
98.8017
101.762
99.1971
98.961
100.244
99.8815
99.1491
98.9995
99.451
97.9537
99.1941
97.1919
98.8628
98.0416
99.1883
97.1779
114.941
104.007
102.164
101.112
120.349
103.785
102.005
100.723
100.14
104.231
102.655
100.618
100.138
103.869
97.0057
99.7245
96.7219
99.4006
97.0018
99.6955
96.7107
108.645
103.064
64.4838
104.693
102.134
106.145
69.5577
101.368
101.392
103.551
102.421
101.366
101.4
103.658
96.5329
97.9593
96.121
99.5059
96.5285
97.9725
96.1151
96.947
96.4163
97.2864
97.0824
97.3008
96.9992
96.4133
97.4111
97.7547
97.8418
98.4741
97.7409
97.8412
97.4205
97.2746
97.2956
97.5983
97.5081
97.3071
97.6036
97.2781
97.0442
94.4099
95.806
96.8174
96.8455
97.0195
95.825
96.9531
97.0873
96.4092
97.3073
97.3057
96.9645
96.4099
97.4093
98.4816
97.737
97.8404
97.7398
97.8401
97.4127
97.279
97.5079
97.307
97.5965
97.3068
97.5931
97.2798
97.2864
97.5001
97.2411
97.3957
97.4985
97.2369
97.2787
97.5481
98.5972
95.5319
97.2123
98.8351
95.5205
97.498
97.2885
97.076
96.4688
96.5425
97.0452
96.4299
97.3984
97.2069
98.0564
97.6698
99.7558
97.6848
97.8596
97.2191
97.3166
97.3949
97.5018
97.2361
97.4986
97.2359
97.2569
97.7362
103.104
98.8592
95.7047
98.2971
95.5535
97.552
97.3126
96.5739
97.0472
96.4484
97.087
96.4293
97.3294
96.5195
96.7862
96.5018
96.7937
96.7822
96.5026
96.527
95.7254
100.663
95.9917
97.0555
110.731
96.0679
95.688
97.2412
97.1273
96.8526
96.819
96.9361
96.8534
97.1886
95.5495
93.3423
96.2799
97.4163
96.3537
97.2336
95.4467
96.5069
96.8667
96.7842
96.4515
96.8123
96.4493
96.5313
96.0308
96.9479
98.8144
95.9545
97.4422
95.9552
96.0596
97.1623
96.9675
96.8504
96.8707
96.8298
96.855
97.1916
98.24
97.1162
98.0472
97.4184
97.0103
97.821
98.2421
99.5493
106.302
98.7669
99.2319
104.481
98.7602
99.3968
99.0063
98.5324
98.6999
98.5717
98.3551
98.6785
99.0241
97.9611
90.7608
95.8615
104.332
95.811
106.917
97.989
98.2353
97.3232
97.0228
97.7551
97.0133
97.8399
98.2273
99.4577
100.108
105.75
98.7011
105.928
98.7355
99.638
98.99
98.5725
98.3775
98.6951
98.3926
98.6655
98.9926
99.2072
99.0267
98.9282
98.8793
99.0062
98.9058
99.2113
99.6429
101.049
99.4743
99.5007
100.82
99.4754
99.6366
99.4104
99.0973
99.2969
99.0381
99.0588
99.2738
99.4697
99.7321
99.4875
99.1142
101.336
99.1208
102.234
99.793
99.2014
98.9638
99.0043
98.8909
99.007
98.9057
99.2055
99.6363
99.4506
101.288
99.5504
100.94
99.4621
99.6523
99.4084
99.0341
99.0565
99.2703
99.0657
99.2751
99.4616
99.0458
99.1656
99.0294
99.0841
99.1724
99.0167
99.0459
99.4217
100.558
99.6974
100.732
100.273
99.6138
99.4054
99.2262
99.0853
99.1405
99.0992
99.1089
99.1425
99.2209
99.1697
103.258
99.4728
99.5493
99.1878
99.4604
99.22
99.0434
99.071
99.1967
99.0305
99.1922
99.0148
99.0432
99.3772
100.45
100.172
99.5295
100.269
99.5754
99.3787
99.2141
99.104
99.08
99.152
99.1209
99.1519
99.2099
99.0909
99.4066
99.1162
99.119
99.4378
99.1081
99.09
100.006
104.151
99.3685
102.406
101.803
99.3732
99.5982
99.0552
99.1072
99.2493
99.0808
99.1309
99.2377
99.0906
98.7866
99.7049
99.5829
105.09
99.5612
102.322
98.7618
99.0863
99.3546
99.3546
99.0932
99.3605
99.0864
99.0933
99.2422
101.425
102.065
99.2493
101.849
99.5588
99.302
99.0873
99.0747
99.1061
99.2194
99.116
99.2216
99.0822
99.1862
99.0903
99.1458
98.9968
99.0443
99.1446
99.2026
99.4953
99.3777
99.5626
99.9433
99.5852
99.5608
99.4959
99.329
99.1793
99.4066
99.3746
99.1813
99.4162
99.3275
99.1012
99.822
98.9923
98.7141
98.9258
98.6111
99.1196
99.1802
98.9986
99.0536
99.1436
99.0412
99.1483
99.1815
99.4901
99.9242
99.1893
99.555
99.1668
99.5629
99.4837
99.3247
99.3741
99.1794
99.4109
99.1835
99.4229
99.3108
100.065
99.6321
99.8815
99.6787
99.6353
99.8677
100.2
98.8034
102.202
101.794
102.187
102.107
101.412
101.088
100.873
100.014
100.591
100.155
100.021
100.489
101.178
100.33
100.454
100.175
101.164
100.043
101.159
100.337
100.068
99.6942
99.6296
99.8871
99.6324
99.8678
100.134
105.252
102.184
102.196
101.392
102.253
101.405
103.831
100.756
100.155
99.9934
100.589
99.9728
100.482
100.78
100.161
100.444
99.6051
100.031
100.445
99.6121
100.161
99.8926
99.4494
94.506
88.7677
99.6292
99.88
94.5064
98.8429
98.7171
96.5269
97.5101
98.7264
98.854
96.514
101.273
102.691
101.388
103.083
101.448
103.099
101.267
100.182
100.029
100.45
99.6084
100.451
99.6095
100.138
99.9571
88.8514
102.312
94.5105
100.15
100.012
94.5607
98.8381
97.5103
98.7256
96.451
98.726
98.8333
96.5927
96.9671
96.4232
97.3081
97.094
96.9671
97.3082
96.4102
97.4138
97.762
97.8641
98.4913
97.4146
97.7848
97.8733
97.2744
97.3069
97.5924
97.5041
97.2801
97.3078
97.5911
96.9671
94.4427
95.7989
96.9563
96.8709
96.9513
95.7855
96.9683
97.0946
96.4013
97.3068
97.308
96.9685
96.4186
97.4105
98.5098
97.7639
97.8333
97.7922
97.8399
97.4052
97.2743
97.5037
97.3094
97.5921
97.3079
97.5981
97.2742
97.2255
97.5004
97.2371
97.3876
97.2444
97.4972
97.2396
97.5329
98.8317
95.6379
96.3539
97.5243
98.636
95.9929
97.3138
97.0594
96.4461
96.5624
97.3269
97.065
96.4402
97.362
98.0985
97.6872
98.5965
97.7129
98.5424
97.5707
97.2184
97.3857
97.4986
97.2452
97.4984
97.2434
97.2667
97.5319
100.913
99.5519
95.9319
98.4954
95.9635
97.5452
97.3156
96.5691
97.0559
96.4609
97.0613
96.4568
97.292
96.7009
96.7729
96.4125
96.828
96.5302
96.7668
96.4295
96.4336
98.9396
96.2333
96.8879
95.4076
93.3976
96.2952
97.2777
96.7547
96.8715
96.8067
97.2428
96.7949
96.8797
95.8677
94.5317
96.2898
96.6031
96.3091
96.3646
95.7845
96.4652
96.7528
96.7175
96.4104
96.7434
96.4183
96.4572
96.5878
97.1707
93.989
96.2821
94.0042
96.4005
96.65
97.4775
96.8266
96.8838
96.8739
96.8197
96.8693
97.4194
98.2044
97.0452
97.7546
97.2044
98.219
97.0568
97.755
99.3756
105.126
98.6533
104.697
99.4772
106.42
98.6045
99.0172
98.3692
98.8085
98.5529
98.9892
98.2908
98.7305
97.9753
99.8494
96.0372
99.803
96.0177
99.9332
98.0743
98.1954
97.3083
97.0773
97.7168
97.0763
97.815
98.191
99.3335
102.115
99.0289
98.4769
105.89
98.5348
99.2641
98.9479
98.5662
98.3333
98.7266
98.4238
98.6972
98.9404
99.2002
99.0035
98.8931
98.8496
99.2006
99.0144
98.8992
99.5349
103.631
99.5048
101.475
99.5455
100.564
99.5157
99.4376
99.0544
99.2738
99.0686
99.424
99.097
99.2857
99.5545
99.6581
99.038
100.265
99.0585
100.395
99.5185
99.2041
98.8885
99.016
98.9054
99.0038
98.8821
99.2006
99.5257
101.62
99.3595
99.5608
101.393
99.531
99.5293
99.4331
99.0381
99.0933
99.3038
99.0583
99.2931
99.4499
99.0355
99.2203
99.0171
99.0846
99.0371
99.1948
99.0275
99.3856
100.19
99.5043
100.177
99.3892
99.8933
99.3488
99.2438
99.1057
99.1534
99.1193
99.2513
99.0968
99.1549
99.2289
100.335
99.4653
99.4565
99.4844
99.452
99.2506
99.0297
99.086
99.2366
99.0245
99.2206
99.0141
99.0256
99.3606
100.32
99.7306
99.5449
99.7232
99.3132
99.4099
99.2648
99.1107
99.1005
99.1336
99.1178
99.1609
99.2468
99.0757
99.3332
99.0954
99.3404
99.1622
99.3331
99.1034
99.3571
101.758
99.2207
100.888
99.3151
101.458
99.1988
99.0865
99.141
99.2114
99.057
99.086
99.1251
99.193
98.6488
99.7
99.4455
98.0162
99.478
97.2103
98.6667
99.0931
99.6091
99.343
99.105
99.3871
99.108
99.0766
99.1256
101.879
101.985
99.1862
101.437
99.1902
99.3601
99.1151
99.0605
99.0992
99.1618
99.1182
99.1656
99.0958
99.1786
99.0549
99.1394
98.9964
99.1886
99.0581
99.1425
99.48
99.1923
99.5372
99.7911
99.4869
99.3687
99.5238
99.302
99.1801
99.4071
99.3764
99.304
99.1807
99.4188
99.1746
99.9974
98.9669
99.9289
98.9816
99.5224
99.1784
99.1735
99.0038
99.0507
99.141
99.0524
99.1416
99.1714
99.4699
99.5011
99.1987
99.5191
99.2353
99.5138
99.499
99.2949
99.3742
99.1844
99.4078
99.1911
99.4309
99.2811
100.254
99.6358
99.8614
99.6745
100.11
99.649
99.8613
102.926
102.211
101.69
102.264
102.721
102.302
102.013
101.13
99.9836
100.733
100.159
101.019
100.027
100.814
100.713
102.66
100.141
106.171
100.125
101.615
100.458
100.095
99.6753
99.6747
99.8694
99.6637
99.9176
100.188
102.72
102.276
102.356
102.092
102.628
101.321
103.676
101.351
100.158
100.02
100.627
100.022
100.551
101.417
100.151
100.441
99.607
100.021
100.216
100.423
99.6081
100.178
102.515
94.5083
93.2256
100.072
106.392
94.5283
98.8383
98.7254
96.4543
97.5105
98.8545
98.7264
96.512
101.313
102.581
101.471
103.68
101.401
103.23
101.397
100.151
100.02
100.438
99.6101
100.423
99.6095
100.135
100.27
89.0757
103.381
94.5336
102.625
100.349
94.5317
98.8735
97.5112
98.7287
96.4613
98.7273
98.8539
96.4362
96.9378
96.402
97.3054
97.0896
96.9732
97.3036
96.3966
97.3986
97.7696
97.8397
98.4619
97.3964
97.8016
97.8451
97.2682
97.3096
97.5896
97.5073
97.2753
97.3116
97.5813
96.8779
94.3844
95.8881
96.9355
96.7579
96.8768
95.7756
96.937
97.0851
96.408
97.2875
97.3014
96.9938
96.3937
97.3969
98.4712
97.7915
97.8749
97.7983
97.865
97.4222
97.2675
97.5105
97.301
97.5874
97.3128
97.5797
97.2732
97.236
97.5025
97.2491
97.3832
97.2178
97.492
97.2454
97.5751
98.5274
95.9186
97.8475
97.5638
98.5446
95.8809
97.2873
97.07
96.4789
96.5692
97.297
97.0479
96.4949
97.607
98.1566
97.694
99.025
97.6815
98.9267
97.6108
97.2547
97.386
97.4975
97.2451
97.4906
97.2455
97.2849
97.5904
97.8384
98.6007
95.8619
98.6032
95.8263
97.6633
97.2869
96.5673
97.0828
96.5072
97.058
96.5059
97.3119
96.4821
96.7096
96.4106
96.7937
96.4607
96.7238
96.4913
96.395
97.6057
96.6137
101.92
99.2272
98.1254
96.2583
97.2985
96.7212
96.8863
96.8469
97.3398
96.7699
96.8968
95.6058
95.0142
96.283
96.9309
96.2803
96.4638
95.7117
96.4886
96.7795
96.7433
96.495
96.7297
96.4545
96.4916
96.7119
95.8649
101.791
96.2561
104.059
96.2324
96.6112
97.3663
96.8418
96.9831
96.8938
96.862
96.8737
97.4421
98.1789
97.0883
97.7262
97.168
98.1878
97.0986
97.7263
99.2641
99.3137
98.4086
98.4582
99.2595
99.4799
98.3851
98.9178
98.3351
98.8273
98.4437
98.9389
98.3355
98.7786
98.1911
102.041
96.4076
104.892
96.5324
104.427
98.2139
98.1793
97.326
97.1039
97.8975
97.093
97.7273
98.1914
99.2672
98.6358
99.6561
98.3952
99.4456
98.3988
99.2508
98.9261
98.5026
98.437
98.7716
98.34
98.7484
98.9221
99.205
99.0087
98.8917
98.8436
99.2044
99.0152
98.9052
99.5545
100.33
99.5584
100.404
99.5285
98.7871
99.5831
99.4045
99.0677
99.2984
99.0537
99.4168
99.076
99.3013
99.2338
99.3189
99.1632
100.277
99.0129
100.277
99.6965
99.1647
98.8406
99.0091
98.9264
98.9969
98.8891
99.3163
99.5233
100.471
98.9572
99.9772
99.2829
99.5804
99.5151
99.3981
99.0678
99.0882
99.3018
99.0693
99.2997
99.4652
99.061
99.2142
99.0118
99.1026
99.0471
99.2094
99.0244
99.3535
100.1
99.3322
100.184
99.4391
100.074
99.4301
99.2204
99.1173
99.1357
99.1083
99.2386
99.0998
99.1555
99.2577
99.9836
99.5497
100.129
99.562
100.107
99.2755
99.0281
99.087
99.2053
99.0212
99.2074
99.0115
99.0331
99.3937
102.823
100.847
99.4625
99.7147
99.3112
99.4619
99.2664
99.1066
99.1268
99.1447
99.101
99.1591
99.2563
99.2039
99.341
99.1014
98.7997
99.0836
99.3423
99.1135
99.1069
100.743
99.2497
100.173
99.5085
99.7347
99.2797
99.1509
99.0918
99.1675
99.0568
99.1563
99.0896
99.1697
99.465
99.5544
99.4468
97.6924
99.4334
97.1243
99.067
99.2002
99.0774
99.3443
99.1151
99.3454
99.1118
99.1744
99.9874
98.74
99.6391
99.3628
99.7619
99.7065
99.6991
99.1861
99.051
99.1029
99.198
99.1096
99.2694
99.1331
99.1665
99.0507
99.151
98.9989
99.1764
99.0548
99.1476
99.4406
99.2718
99.5107
99.2692
99.4502
99.1735
99.5296
99.2881
99.1829
99.405
99.3765
99.2797
99.1859
99.4151
99.2435
99.8558
99.0862
99.9835
99.0675
99.5582
99.2339
99.1634
98.9957
99.0604
99.1451
99.0588
99.1457
99.1658
99.4423
99.1567
99.1973
99.5235
99.1871
99.5192
99.4406
99.2949
99.3762
99.1859
99.412
99.1883
99.4192
99.2925
100.135
99.6825
99.8795
99.6816
100.157
99.6888
99.8713
104.555
102.385
101.524
102.272
104.059
102.58
101.399
102.564
99.9961
100.589
100.159
101.291
99.988
100.596
100.505
101.353
100.156
103.621
100.15
104.999
100.535
100.034
99.6842
99.689
99.8735
99.6913
99.875
100.076
104.46
102.256
102.396
102.07
102.349
101.351
106.861
100.905
100.159
99.991
100.564
99.986
100.563
102.577
100.12
100.434
99.6124
100.02
100.144
100.418
99.6141
100.448
104.275
94.5387
89.2309
100.41
104.263
94.5846
98.8548
98.7305
96.5634
97.5147
98.8723
98.7326
96.5572
101.378
102.42
101.375
103.854
101.382
103.467
101.389
100.116
100.023
100.439
99.6105
100.412
99.617
100.124
100.465
89.3959
104.273
94.5717
104.262
100.473
94.5749
98.8779
97.5139
98.7272
96.5559
98.735
98.9327
96.5322
99.0016
98.8113
99.0115
99.3628
99.1526
99.3642
99.1527
98.9959
98.848
99.0041
99.3319
99.1445
99.3416
99.1385
97.1781
97.1021
97.1899
97.5877
97.4042
97.5898
97.4084
97.1121
97.1643
97.1613
97.5905
97.4003
97.4091
97.5832
98.8126
98.9974
99.0019
99.3586
99.1539
99.1538
99.3509
99.0355
98.8427
99.0342
99.353
99.1336
99.1075
99.3457
97.4537
97.1259
97.2918
97.5845
97.3919
97.3913
97.5766
97.1302
97.2036
97.1933
97.5884
97.4036
97.3953
97.5874
98.8345
99.013
99.0279
99.3589
99.1589
99.1299
99.3631
97.2187
97.1038
97.1682
97.5736
97.3972
97.5779
97.3869
97.1094
97.1803
97.1686
97.5771
97.383
97.3831
97.5729
98.8536
99.0192
99.0075
99.3244
99.1265
99.1022
99.3174
99.1916
99.041
99.064
99.3505
99.3763
99.3731
99.353
99.063
99.1663
99.047
99.3532
99.3779
99.3537
99.3794
99.1747
99.0405
99.0673
99.3536
99.3791
99.3796
99.354
99.0608
99.163
99.0424
99.3514
99.378
99.3536
99.375
99.0675
99.1673
99.0508
99.3506
99.3566
99.3677
99.3408
99.1635
99.0758
99.0434
99.3513
99.357
99.3695
99.3412
96.9414
96.9576
96.9747
97.2086
97.2649
97.2153
97.2638
96.9428
96.9573
96.9669
97.1939
97.2584
97.2016
97.2505
96.9665
96.9855
96.9357
97.2128
97.2603
97.2554
97.2139
96.9538
96.9774
96.9479
97.2074
97.2609
97.2638
97.2018
96.9794
96.9686
96.9309
97.2105
97.2382
97.2536
97.2008
96.9556
97.0353
96.9506
97.1911
97.2363
97.2391
97.1791
103.749
99.2078
102.96
99.7821
98.3332
99.6059
102.323
101.968
101.064
101.082
101.968
101.806
100.481
100.537
99.6635
100.238
99.7196
101.67
99.6392
99.9998
99.8653
102.739
99.6784
99.9082
102.571
102.996
104.667
101.471
98.8687
97.2102
99.744
95.7483
98.0214
97.6885
99.4088
94.1249
97.8641
94.2844
98.2009
94.1249
97.8655
94.2843
98.7642
98.7789
98.6209
98.6033
98.7572
98.7543
98.6211
98.8121
98.6025
98.6702
98.6212
98.7625
98.62
98.6991
94.1255
97.9022
94.2803
98.1969
94.1291
97.8699
94.2877
94.1288
97.8707
94.2874
98.1727
94.125
97.9021
94.2797
98.7075
98.6073
98.7921
98.6209
98.6786
98.6226
98.7812
98.6986
98.6834
98.6231
98.6078
98.718
98.6529
98.6242
94.07
98.1597
94.0606
97.528
94.07
98.1595
94.0608
98.653
98.5292
98.6768
98.5643
98.6854
98.5294
98.7296
98.6792
98.5635
98.5305
98.6652
98.5299
98.7499
98.6314
94.0728
98.1555
94.0645
97.5568
94.0667
98.1336
94.0588
98.5815
98.5307
98.679
98.5683
98.6783
98.5318
98.6362
94.0674
98.1358
94.0596
97.533
94.0733
98.1553
94.065
98.6323
98.5697
98.5298
98.6893
98.5317
98.6465
98.696
98.7059
98.7008
98.6163
98.6098
98.6655
98.6257
98.8096
98.7044
98.6101
98.6821
98.6182
98.648
98.6273
98.8027
98.5873
98.5707
98.5258
98.6482
98.5343
98.6237
98.6982
98.6365
98.5254
98.6716
98.5717
98.534
98.6402
98.7363
99.6157
99.4013
99.6165
99.4409
99.267
99.4319
99.269
99.402
99.6164
99.6171
99.4467
99.2671
99.2698
99.4447
99.616
99.4043
99.6167
99.4263
99.2623
99.4374
99.2553
99.4003
99.6154
99.6163
99.4176
99.2615
99.2528
99.424
99.4043
99.6107
99.6174
99.4078
99.2355
99.2476
99.3836
99.6115
99.4006
99.6183
99.4041
99.235
99.2466
99.3827
96.9572
97.158
97.1591
96.9996
96.8315
96.832
97.0019
97.1604
96.9562
97.1602
97.0007
96.8322
97.0039
96.831
98.761
98.6487
98.7701
98.6396
98.7639
98.6496
98.7706
97.1567
96.9579
97.1549
97.0167
96.8293
97.0073
96.8241
98.7341
98.639
98.649
98.7798
98.6511
98.7464
98.7656
98.7771
98.6362
98.6491
98.7805
98.6486
98.7927
98.7456
98.7017
98.648
98.7825
98.636
98.764
98.6484
98.7455
98.7519
98.6434
98.7732
98.6376
98.6531
98.7477
98.8035
98.5235
98.4374
98.4183
98.3264
98.5387
98.4244
98.4195
98.5198
98.3236
98.4443
98.4198
98.4389
98.4189
98.4461
96.9601
97.14
97.1522
97.0277
96.7947
96.8141
97.0415
98.7413
98.6355
98.6417
98.771
98.6512
98.747
98.8052
97.1442
96.9623
97.1564
97.0306
96.7961
96.8107
97.0425
96.9602
97.1603
97.1586
97.0202
96.8283
96.8211
97.01
98.4888
98.3254
98.4497
98.4206
98.3266
98.4232
98.5654
98.4407
98.4655
98.4213
98.3234
98.4978
98.3328
98.4227
98.5026
98.3545
98.4161
98.3261
98.3247
98.4261
98.6109
98.4725
98.3235
98.3595
98.4146
98.3285
98.4246
98.5957
93.8575
97.0813
94.0202
95.333
93.8577
97.082
94.0208
98.0598
98.0944
98.2328
98.2572
98.0561
98.1035
98.2297
98.0607
98.2547
98.0772
98.2171
98.0905
98.2254
98.0481
93.8584
97.0752
94.023
95.4486
93.8489
97.1815
94.0137
98.0591
98.087
98.2286
98.2338
98.0482
98.0924
98.2373
93.8477
97.1745
94.0122
95.3368
93.8575
97.0908
94.0216
98.053
98.2248
98.0805
98.2409
98.0658
98.2057
98.0566
94.3406
96.3354
94.3059
97.5832
94.3413
96.3368
94.3057
98.7476
98.6956
98.7186
98.6807
98.7288
98.6829
98.7488
94.3341
96.4566
94.2965
97.5931
94.3423
96.3437
94.3069
98.7463
98.6684
98.7233
98.6731
98.7252
98.6636
98.7489
98.7468
98.7232
98.6787
98.6936
98.7469
98.7239
98.6826
94.343
96.3419
94.3063
97.6858
94.3337
96.4565
94.2956
98.0585
98.0556
98.2098
98.2324
98.0559
98.2062
98.0595
98.0662
98.2357
98.057
98.2183
98.0736
98.2145
98.0593
98.7483
98.7179
98.6795
98.6773
98.7463
98.7193
98.6784
98.7494
98.7246
98.6557
98.6605
98.7177
98.6506
98.7531
98.7522
98.6748
98.7281
98.6537
98.7195
98.6625
98.7517
97.9587
97.8401
99.1932
93.7147
99.1898
97.2714
99.3166
97.8365
97.259
97.6308
97.7335
97.6314
97.7388
97.8384
98.7964
98.6332
98.8503
98.3489
98.7969
98.6354
98.8501
98.7964
98.3481
98.6316
98.8509
98.6344
98.8505
98.7963
97.8398
97.6315
97.7239
97.2449
97.8389
97.6328
97.721
98.7983
98.3362
98.6283
98.8515
98.6197
98.8531
98.7973
97.8363
97.6328
97.7319
97.2599
97.8366
97.6326
97.7327
98.7984
98.6254
98.8518
98.3345
98.7971
98.6158
98.8534
97.843
97.2321
97.6275
97.6911
97.6357
97.709
97.8357
97.8378
97.2491
97.6338
97.7293
97.6353
97.7223
97.8372
98.8006
98.5867
98.8479
98.3242
98.6076
98.8534
98.7952
98.8009
98.3239
98.5865
98.8489
98.6056
98.8542
98.7955
97.8407
97.629
97.6893
97.2346
97.6365
97.7087
97.8343
100.455
102.298
99.3486
102.116
92.254
102.301
145.008
101.052
100.158
104.308
100.788
101.278
102.712
103.596
100.966
99.7114
101.745
103.514
100.4
100.576
104.999
100.268
99.5492
100.378
99.1474
100.409
100.185
100.313
101.16
100.386
104.246
100.403
100.574
100.971
106.995
99.7083
99.5973
99.5532
99.2339
99.1145
99.0431
99.3558
99.7304
99.5777
99.5889
99.273
98.9811
98.9747
99.2411
99.5627
99.7311
99.5556
99.2356
98.9948
99.2153
98.98
99.5665
99.7195
99.5486
99.2222
98.9938
99.2383
99.0112
99.7114
99.5803
99.5723
99.2287
99.0097
99.0156
99.2209
99.5854
99.7028
99.5653
99.2417
99.1173
99.043
99.3454
102.027
100.43
100.86
103.462
102.067
100.318
101.606
101.575
99.657
106.357
98.9452
104.983
97.9149
99.1004
93.5788
95.2349
93.6305
94.5693
93.579
95.2367
93.6309
97.2547
95.9579
97.3984
96.6037
97.2574
95.9585
97.3973
97.2576
96.6042
95.962
97.3989
95.9643
97.399
97.2612
93.5692
95.2557
93.6195
94.5705
93.5785
95.2356
93.6307
97.2511
96.5963
95.9701
97.3953
95.9912
97.3895
97.263
93.5792
95.2376
93.6313
94.573
93.57
95.2555
93.6202
97.2401
95.9756
97.3976
96.5976
97.2554
95.9982
97.3921
97.2384
96.0957
97.3937
96.6185
96.0149
97.3935
97.2204
97.2342
96.6242
96.1324
97.3925
96.0304
97.3927
97.2364
94.1886
95.606
94.3451
96.2081
94.189
95.606
94.3452
98.8979
98.8462
97.5437
97.9537
98.8985
98.8488
97.5396
98.8985
97.9534
98.844
97.5433
98.8477
97.5407
98.8962
94.1789
95.6134
94.3333
96.2071
94.1889
95.6082
94.3454
94.1898
95.6087
94.3455
96.2406
94.1793
95.6139
94.3335
98.886
97.9443
98.8398
97.5537
98.8275
97.5705
98.896
98.8828
98.8385
97.5548
97.9436
98.8935
98.8275
97.57
98.877
98.8641
97.6725
97.9461
98.8237
97.6044
98.8514
98.873
97.9455
98.8642
97.6753
98.8236
97.6034
98.8497
97.477
97.3014
97.3029
97.0587
96.9708
96.9692
97.0632
97.3049
97.4771
97.3034
97.0548
96.9692
97.0554
96.965
97.2995
97.4662
97.2903
97.0888
96.9814
97.0786
96.9968
97.4686
97.3029
97.297
97.0844
96.9821
96.9989
97.0653
97.4561
97.2708
97.28
97.1226
97.1389
97.031
97.2114
97.2829
97.4555
97.2936
97.1194
97.1347
97.0283
97.2083
100.158
116.162
103.932
101.623
98.2609
107.272
99.6814
99.3016
99.5316
99.3025
98.2498
98.6445
98.249
98.6434
99.5258
99.301
99.2984
98.2651
98.6543
98.6703
98.2572
99.2815
99.5182
99.291
98.2908
98.7467
98.7034
98.3554
99.3003
99.5247
99.298
98.2579
98.6562
98.2574
98.6655
99.5316
99.3017
99.3033
98.2502
98.645
98.6434
98.25
99.5186
99.2807
99.2919
98.287
98.7487
98.6995
98.3546
100.425
103.382
103.577
99.2083
101.498
100.627
101.148
102.135
98.9097
99.1339
102.996
98.7337
99.7021
97.5951
106.24
134.792
115.913
93.1424
112.177
113.026
96.5986
117.48
102.508
181.123
99.0156
109.097
103.88
167.974
96.7824
95.6182
96.5433
95.5276
96.5371
95.5268
96.7807
98.6373
97.1944
97.1759
98.3978
97.1809
98.4264
98.6455
96.7821
96.541
95.529
95.6189
96.7787
96.5402
95.5268
98.6549
97.1676
98.3829
97.1781
98.6519
97.1674
98.3817
98.6547
97.1776
97.1669
98.381
97.167
98.3855
98.6527
98.6363
97.1747
98.392
97.1929
98.6455
97.1801
98.4241
96.7832
95.6206
96.5559
95.5341
96.5562
95.5306
96.779
96.7859
96.5514
95.534
95.6173
96.7782
96.5706
95.5321
98.6258
97.2909
98.4876
97.1946
97.2104
98.4573
98.6164
98.6247
97.1934
97.2883
98.4872
97.2094
98.4574
98.6148
96.7762
96.6438
95.6158
95.629
96.5816
95.5543
96.7646
96.7823
95.6244
96.6551
95.6179
96.5858
95.5528
96.7613
97.6531
97.7173
97.6508
96.8547
96.9396
96.8548
96.9338
97.7208
97.6504
97.6496
96.8546
96.9343
96.9319
96.8544
97.7107
97.655
97.6591
96.859
96.9453
96.9429
96.8588
97.6541
97.7105
97.6597
96.8577
96.9407
96.8575
96.9448
97.7021
97.665
97.6619
96.8782
97.0577
96.9753
96.9199
97.6645
97.7074
97.6601
96.8781
97.051
96.9731
96.9239
106.745
106.746
104.117
105.564
106.831
106.684
104.204
98.7315
97.9513
98.7307
97.7706
97.0824
97.7687
97.0809
97.9508
98.7323
98.732
97.7705
97.0791
97.7705
97.0808
98.7249
97.9668
98.73
97.7927
97.1305
97.8497
97.0989
98.7332
97.9674
98.7333
97.7694
97.0819
97.7736
97.0796
97.9633
98.7325
98.7353
97.773
97.0835
97.773
97.0835
97.9696
98.7263
98.7305
97.7913
97.1285
97.8477
97.0965
104.183
100.879
101.394
114.757
96.6974
97.614
117.189
97.7145
97.6167
97.7109
96.968
97.0228
96.9679
97.0241
98.2007
98.205
98.2017
95.7464
95.7591
95.744
95.7551
97.6602
97.7226
97.7355
96.9709
97.025
96.9717
97.0243
98.2069
98.2018
98.2039
95.7419
95.7576
95.7522
95.7432
98.1946
98.1919
98.1906
95.7669
95.7548
95.7461
95.7565
98.1919
98.1955
98.1909
95.7618
95.7503
95.7476
95.7584
98.0949
98.1654
98.0927
95.7262
95.7257
95.6428
95.6372
98.1625
98.0931
98.0926
95.7297
95.7216
95.6419
95.6377
97.7206
97.6612
97.7337
96.9699
97.0264
96.9723
97.0211
97.6161
97.7132
97.7104
96.9683
97.0265
96.969
97.0249
98.0865
98.1509
98.0835
95.7325
95.7264
95.6471
95.6413
98.1528
98.0889
98.0853
95.7343
95.7255
95.6449
95.6443
97.6861
97.7658
97.7473
96.9824
97.023
96.9982
97.0262
97.7637
97.6849
97.7468
96.9833
97.0232
96.9982
97.0282
98.1755
98.185
98.1833
95.7714
95.8589
95.782
95.8479
98.1848
98.1733
98.182
95.7699
95.8569
95.781
95.8468
98.1447
98.0652
98.076
95.8283
95.752
95.6698
95.7426
98.0665
98.146
98.0777
95.8335
95.753
95.6722
95.7442
98.1014
97.8626
98.1015
95.6751
95.7315
95.6724
95.7323
97.8637
98.1016
98.1023
95.6723
95.7313
95.7302
95.6723
97.8795
98.0977
98.0945
95.7348
95.6764
95.674
95.7323
98.0974
97.8794
98.0942
95.7317
95.6762
95.6729
95.7294
97.8533
97.5263
97.8517
95.4908
95.425
95.4874
95.4248
101.511
99.1622
99.7242
105.91
98.9843
102.644
100.393
97.5259
97.8515
97.8519
95.4905
95.4243
95.4244
95.4887
97.846
97.5391
97.8452
95.427
95.4947
95.4893
95.4229
97.5389
97.8494
97.8476
95.4278
95.4931
95.4908
95.4245
98.0871
97.8906
98.0894
95.6981
95.7623
95.7465
95.7583
97.8908
98.0852
98.0882
95.6977
95.7597
95.7436
95.7565
97.8413
97.5464
97.8436
95.5115
95.4614
95.4379
95.5746
97.5476
97.8381
97.8408
95.5102
95.4599
95.436
95.5735
99.4594
99.7442
100.282
101.667
98.881
101.329
100.259
100.448
99.638
100.443
99.9276
100.573
100.184
99.9304
98.0221
101.416
99.4212
106.737
98.3608
99.2943
102.689
119.788
109.094
151.388
106.702
140.63
109.507
151.657
96.3849
97.0998
96.3785
95.1958
95.1923
95.0512
95.0512
97.1018
96.3859
96.4061
95.192
95.1881
95.0394
95.041
96.3836
97.0491
96.4266
95.1974
95.2029
95.0563
95.0535
97.0522
96.4144
96.4191
95.1943
95.197
95.0458
95.0423
97.6036
97.0746
97.0685
95.5908
95.59
95.5432
95.5419
97.0791
97.5942
97.07
95.5962
95.5942
95.5449
95.5438
97.0711
96.5395
96.4888
95.2173
95.2175
95.0511
95.048
96.5338
97.066
96.4629
95.2175
95.2175
95.0496
95.0486
97.5785
97.0903
97.0958
95.5962
95.5948
95.5461
95.5447
97.0752
97.5591
97.0948
95.5989
95.6038
95.5479
95.5478
97.217
97.5709
97.1188
95.6198
95.6134
95.5541
95.5516
97.58
97.2087
97.1318
95.6147
95.6158
95.5532
95.5474
94.2262
95.423
94.1203
95.6042
94.2268
95.4231
94.1203
97.9196
98.1598
96.8785
97.0029
97.9199
98.1543
96.8776
97.9195
97.003
98.1605
96.8782
98.1538
96.8774
97.9192
94.2146
95.4255
94.1089
95.6059
94.2259
95.4229
94.1206
94.2269
95.4231
94.1208
95.6082
94.2148
95.4258
94.1091
97.9369
97.0051
98.1716
96.8826
98.1847
96.8834
97.9282
97.9353
98.1721
96.8822
97.0042
97.9264
98.1861
96.883
97.9656
98.2708
96.8788
97.0109
98.2093
96.8886
98.0537
97.9643
97.0101
98.2702
96.8785
98.2072
96.8882
98.053
109.063
106.114
116.251
93.7594
123.88
115.808
97.3797
98.663
98.8952
98.4313
108.168
98.325
107.951
99.5832
104.203
103.323
102.783
107.86
103.568
103.49
103.974
92.7814
95.3185
100.17
95.8945
88.346
97.6351
101.158
138.067
67.0421
132.315
221.688
118.227
224.184
109.634
94.8989
95.6487
99.6736
98.1343
93.3703
95.2015
99.4378
107.109
102.701
103.314
101.492
110.088
103.039
102.932
107.185
107.916
104.749
105.161
106.345
106.779
104.654
100.868
100.041
100.113
100.488
101.467
100.249
99.6688
102.253
100.226
106.24
103.719
95.0532
103.469
101.567
104.397
112.718
105.666
101.07
102.615
101.094
102.555
93.5452
94.5992
93.4772
94.5621
93.545
94.5985
93.4776
96.1658
95.6775
96.0716
95.4108
96.167
95.678
96.0687
96.1662
95.4111
95.6779
96.0704
95.6782
96.0681
96.1682
102.332
115.327
100.284
101.065
101.707
104.682
99.5931
93.5356
94.6015
93.4661
94.5626
93.5453
94.5991
93.4779
93.5448
94.5984
93.4778
94.5618
93.535
94.601
93.4656
96.1733
95.4163
95.6801
96.0804
95.6787
96.0945
96.1699
96.1749
95.6806
96.0787
95.4175
96.1711
95.6795
96.0905
96.1852
95.672
96.216
95.4221
95.6817
96.1266
96.2127
96.1873
95.4234
95.6732
96.2131
95.6828
96.1259
96.2142
95.8727
95.334
95.8732
94.8824
94.6352
94.883
94.6345
95.3349
95.877
95.8682
94.8828
94.6352
94.6346
94.8827
95.8875
95.3442
95.8936
94.6404
94.8882
94.8891
94.6414
95.3422
95.8798
95.891
94.6398
94.8878
94.8875
94.6404
96.0149
95.3669
95.9218
94.8922
94.6342
94.645
94.8828
98.0474
103.957
103.536
101.077
102.077
101.832
101.132
95.369
96.0203
95.9249
94.8933
94.6356
94.6462
94.8838
121.806
114.759
238.465
152.001
230.188
125.302
211.689
96.3378
96.7011
96.7002
95.4528
95.3694
95.367
95.4534
96.6982
96.3354
96.6983
95.4538
95.3705
95.4559
95.3689
96.3478
96.7049
96.7182
95.3737
95.4595
95.4589
95.3735
96.7068
96.3457
96.7189
95.3729
95.4591
95.4603
95.3733
100.386
98.241
105.014
119.926
99.9237
102.346
103.356
96.8402
96.3676
96.7514
95.4667
95.3735
95.382
95.4595
96.3684
96.8376
96.7522
95.4664
95.3707
95.3794
95.458
102.797
100.406
106.561
102.024
101.791
100.458
115.343
102.489
101.676
99.2022
99.5278
115.639
99.5662
114.805
99.3761
107.29
99.146
122.748
99.4021
126.577
99.4742
100.961
101.573
100.486
99.7733
115.738
115.511
99.6438
99.5148
102.141
99.4564
100.108
117.583
115.428
100.751
115.139
98.3447
102.878
101.215
103.729
102.989
101.243
116.58
99.1845
101.253
126.755
114.222
82.9419
102.462
94.8936
100.094
101.549
104.918
95.0493
100.204
101.858
98.7927
102.755
100.846
103.161
98.6336
101.398
100.76
101.782
117.762
98.62
118.568
103.184
219.855
100.187
100.765
100.107
86.0067
107.233
98.5552
100.085
85.9935
101.825
103.151
104.002
102.136
102.674
105.175
100.667
106.506
100.027
102.9
97.6824
101.46
102.56
97.9961
124.526
104.714
98.9596
103.764
105.687
98.6305
104.586
104.695
115.041
105.406
101.149
102.76
101.136
103.107
114.439
104.816
104.797
101.102
102.75
104.145
101.185
115.274
104.91
104.964
101.056
102.763
102.063
101.103
100.304
99.1076
99.0074
98.6844
110.621
108.635
98.7616
97.7531
96.8039
97.5505
96.7199
97.778
96.8017
97.5513
97.7406
96.7203
96.7984
97.5555
96.7995
97.5532
97.7525
97.778
96.7185
96.8089
97.5512
96.8085
97.5542
97.7823
97.768
96.8022
97.5565
96.72
97.7617
96.8032
97.5572
97.7854
96.7987
97.5657
96.7215
96.8108
97.5599
97.8025
97.7838
96.7224
96.7976
97.5662
96.8075
97.5612
97.8033
106.019
107.055
106.157
105.114
107.711
106.278
104.854
101.719
99.0015
98.929
102.39
111.857
113.793
99.1458
100.039
100.291
100.153
101.593
100.06
100.259
99.9605
99.7293
103.018
104.72
103.036
102.317
104.444
103.662
99.7981
100.881
100.847
99.3634
106.482
99.219
104.863
99.6454
106.696
107.375
108.04
106.681
105.641
106.195
100.404
101.774
100.466
102.741
102.61
102.521
102.66
99.9568
100.948
100.952
100.457
100.735
100.555
113.894
108.886
107.455
110.011
165.715
109.647
109.123
151.968
69.6455
134.112
133.152
220.493
108.561
234.403
108.651
96.171
96.2088
96.1695
95.3886
95.389
95.4542
95.4536
96.2079
96.171
96.1694
95.3876
95.3885
95.4537
95.4528
96.1728
96.2122
96.1759
95.3901
95.3899
95.4548
95.4526
96.2108
96.1728
96.176
95.3915
95.3908
95.456
95.4537
96.1809
96.2238
96.1792
95.3858
95.3962
95.4582
95.4473
96.2244
96.1813
96.179
95.386
95.3962
95.458
95.4473
94.9616
95.2341
94.9583
94.6661
94.6663
94.5041
94.5032
95.2358
94.9637
94.9601
94.6656
94.6644
94.5017
94.5006
95.2443
94.9652
94.9668
94.6676
94.6647
94.5029
94.5005
94.9642
95.2456
94.9631
94.6691
94.6677
94.5046
94.5029
94.9724
95.253
94.97
94.6616
94.6705
94.5061
94.4966
95.2543
94.974
94.967
94.6627
94.6722
94.507
94.4969
96.3277
111.15
108.196
104.755
97.0571
118.673
132.624
99.81
101.173
101.113
107.926
104.982
104.837
108.311
98.4458
98.872
102.398
98.8822
99.0224
101.25
100.415
102.174
102.989
102.926
103.293
105.067
103.459
103.045
99.0018
100.889
99.0165
98.8714
111.836
98.368
112.845
102.926
102.232
102.916
102.898
105.401
102.658
103.606
102.438
102.87
102.869
103.87
105.257
103.778
103.455
186.97
104.325
97.2003
96.2904
89.812
96.3533
189.899
101.81
109.919
109.04
148.744
97.0531
96.472
150.244
102.11
101.981
103.014
101.673
105.221
103.006
106.07
91.6176
117.629
118.135
136.963
137.97
91.9926
89.5819
99.5271
98.2847
100.848
99.0783
99.023
99.9977
100.652
95.4747
100.165
95.2462
114.598
105.019
97.5586
114.822
96.0542
96.0906
95.6233
95.7316
96.0569
96.0881
95.6236
96.0537
95.7313
96.0897
95.6218
96.0874
95.6226
96.0552
106.853
101.495
101.639
104.397
106.978
101.471
100.947
96.0589
96.0922
95.6236
95.7281
96.0562
96.0943
95.6218
167.473
110.966
111.202
84.078
82.38
96.034
87.6492
101.516
100.8
100.993
100.398
103.189
100.891
101.578
102.812
100.932
110.575
102.646
113.149
102.689
102.793
96.0608
95.7292
96.0932
95.6261
96.0953
95.6243
96.0588
112.965
98.1128
106.388
109.826
108.378
100.023
101.601
101.055
102.316
107.033
108.328
108.845
105.057
102.425
99.9405
101.119
105.139
103.788
104.54
101.033
104.423
96.0634
95.7304
96.0996
95.6145
96.0974
95.6249
96.0691
96.0661
96.1018
95.6172
95.7321
96.0993
95.6277
96.0715
114.365
117.806
104.375
131.549
120.582
114.875
146.269
98.2049
90.7834
98.3224
102.15
107.318
103.164
104.938
101.742
107.05
107.041
105.452
104.96
109.948
109.485
102.196
100.563
100.232
102.356
102.421
102.042
101.092
99.25
107.811
101.447
100.813
101.475
105.706
99.4378
100.314
122.179
102.754
100.906
101.674
102.617
113.068
100.529
102.661
102.948
102.549
101.526
102.755
100.557
114.095
107.729
98.6229
96.9339
94.8352
113.951
102.06
90.9544
99.2133
99.6768
101.756
103.625
101.978
104.405
101.071
100.257
100.547
111.606
100.527
102.318
100.524
102.52
101.508
103.782
100.552
103.002
100.557
102.449
100.172
117.801
108.419
105.968
103.672
102.16
116.678
100.235
101.143
100.669
98.8716
100.479
100.556
97.3407
99.947
106.694
109.581
101.228
101.042
103.293
106.245
101.485
105.963
101.482
109.586
110.933
109.255
116.855
108.119
100.625
104.672
103.902
101.165
102.874
103.313
103.083
101.295
102.269
99.9912
100.857
101.617
99.4106
100.652
100.349
102.032
101.077
100.92
99.5852
101.986
101.942
102.501
102.401
104.864
105.647
103.577
108.736
105.955
101.909
105.076
109.771
103.382
98.6244
98.5687
101.734
101.04
100.574
100.594
101.699
100.721
100.449
100.368
105.856
109.849
116.387
103.854
101.779
104.841
99.0304
99.0531
101.546
102.816
99.2096
103.225
100.749
99.1067
102.029
96.8612
99.6587
102.261
96.9242
99.0894
101.379
101.395
100.415
100.198
104.272
100.971
100.383
99.7882
99.9149
138.604
106.53
99.8037
111.654
99.6407
99.8679
104.624
102.626
102.062
104.487
103.223
99.8313
101.084
99.0978
99.4081
99.6604
101.863
104.092
99.7085
103.561
120.265
97.8365
106.798
102.109
125.634
98.8099
108.473
104.145
126.854
111.489
122.047
111.12
107.199
98.9291
101.812
99.0041
111.83
115.355
104.551
109.946
103.128
106.291
108.866
99.5891
131.3
108.539
104.212
99.3135
99.0627
99.2291
103.765
103.119
103.243
103.606
108.283
100.875
114.768
105.093
100.359
110.417
100.683
104.876
100.536
99.1763
100.195
100.375
103.443
102.811
115.285
105.094
114.489
103.129
91.057
125.362
104.239
165.863
110.185
102.491
102.614
105.442
106.048
103.125
97.6594
108.803
118.494
100.951
102.03
125.228
98.8628
96.2012
99.514
96.5534
97.7055
98.2517
123.499
100.154
169.098
131.242
111.424
88.9628
85.6676
102.514
82.923
96.51
101.469
100.383
103.921
95.4895
109.584
103.584
109.322
100.29
102.568
103.705
105.183
105.194
110.108
98.6402
121.789
100.594
100.828
114.801
104.841
104.474
112.16
109.314
103.859
95.3047
94.7399
105.543
104.624
114.568
99.5824
107.703
104.454
102.182
100.043
99.7629
99.3769
102.904
99.3485
103.969
105.443
103.425
103.267
101.909
102.311
101.557
130.834
115.756
102.248
109.946
100.187
99.7804
98.223
97.6714
105.992
98.2214
97.5144
110.03
113.727
114.016
109.713
106.657
108.94
103.971
101.447
100.628
101.41
112.226
110.679
100.664
113.03
100.05
99.334
100.112
96.096
105.772
122.608
106.763
102.876
99.4233
97.697
101.083
100.934
97.7633
103.28
104.647
104.557
105.988
88.2943
108.22
88.6022
103.128
97.7208
98.403
102.859
98.962
97.605
98.2987
109.707
69.6878
131.992
133.12
258.371
108.978
232.615
158.747
99.6429
99.9797
100.042
96.6978
104.358
104.199
97.2659
99.8326
100.87
100.951
99.0137
99.6208
101.136
100.717
102.634
102.039
102.785
100.519
103.327
100.664
102.962
99.7099
99.5224
99.5455
97.9848
106.106
97.6018
100.239
99.6006
102.307
99.8978
109.063
97.1908
101.238
99.0657
100.724
103.044
100.462
103.319
103.366
101.25
101.04
155.671
105.746
118.761
161.022
71.9589
100.81
164.264
104.729
114.96
102.523
101.868
99.8085
105.188
108.168
98.8078
101.263
100.864
93.4852
105.784
103.893
109.368
103.313
100.242
106.81
104.843
116.483
101.168
101.684
109.847
100.318
113.683
113.546
113.404
92.0195
112.99
117.332
94.0693
136.262
118.711
93.017
93.4367
137.536
100.642
107.21
105.993
108.458
105.071
105.366
105.758
99.9835
107.101
99.7859
119.9
102.114
102.235
108.921
100.104
98.8089
96.0311
100.613
100.386
98.4515
96.7838
98.071
102.376
101.029
104.553
98.2887
104.307
101.071
99.8944
101.031
103.896
102.611
101.452
100.89
101.415
118.1
97.134
116.718
104.288
107.031
102.468
108.311
101.556
97.6227
97.5656
111.686
106.467
102.335
110.068
101.253
98.4336
100.882
100.462
130.282
98.2034
102.14
93.4703
97.0384
95.1602
100.4
91.8929
101.458
93.7385
95.7708
115.762
116.655
93.534
127.949
98.5788
139.035
116.6
102.948
105.012
98.4235
103.367
101.003
114.811
93.9057
95.3939
94.178
100.394
130.035
100.531
119.06
109.477
99.0952
113.059
113.257
109.75
96.0981
88.033
101.861
98.6072
102.355
100.837
114.628
99.6014
114.643
94.3951
94.8516
95.0082
100.873
101.676
139.061
129.754
99.1986
114.423
113.433
109.338
109.295
86.4454
85.5782
103.697
105.251
102.912
102.256
101.715
105.242
102.353
101.258
100.756
102.357
100.711
101.749
100.97
101.02
101.444
104.799
103.125
100.503
103.953
108.422
102.694
98.3413
97.6052
101.447
101.766
99.4148
97.7912
101.939
99.7846
101.973
104.255
101.799
104.464
102.033
99.7974
106.423
106.821
109.842
102.261
102.421
107.837
103.548
102.88
97.4477
102.944
105.21
96.5035
105.244
98.4263
96.7058
133.046
116.824
103.043
105.727
104.361
99.7054
90.391
143.234
118.76
178.807
139.067
85.7372
82.6536
101.517
107.441
107.887
102.449
102.25
102.179
102.537
102.253
116.347
112.145
107.254
102.671
102.934
102.905
106.855
101.419
102.752
102.08
106.876
102.286
103.441
99.0516
99.669
99.5486
99.7347
103.354
103.272
99.8588
97.3239
103.237
102.895
105.274
105.238
97.1212
97.1529
97.1207
102.838
105.131
105.73
96.2597
95.9636
103.695
97.1243
93.1571
93.046
99.9995
100.102
94.3719
94.3714
100.836
111.587
111.391
100.804
138.201
106.126
103.106
102.42
101.406
111.962
106.955
102.736
100.436
94.8651
103.403
99.0484
99.0831
107.132
103.102
100.659
93.8923
98.2224
94.9982
97.3075
123.563
95.9977
126.548
97.0087
92.6204
100.511
97.1188
140.186
142.54
104.791
97.6832
108.922
95.5677
103.899
108.507
110.483
97.2475
122.987
94.9353
99.8433
97.0747
123.026
122.911
97.1309
98.0708
99.2241
114.498
106.137
102.654
102.027
103.957
104.125
102.149
98.1215
101.972
125.796
125.43
104.156
113.393
102.418
97.5905
127.25
100.857
111.848
101.61
108.451
97.6653
106.604
102.488
102.557
103.091
106.034
105.905
121.788
91.4017
97.7355
103.122
141.391
91.4383
99.8008
102.158
100.431
101.8
104.556
101.986
100.888
101.032
101.513
102.907
101.213
104.141
99.1177
109.16
109.085
103.147
109.191
112.219
98.2537
99.4608
77.3453
93.7255
100.707
100.39
100.872
101.439
101.524
103.155
103.301
99.693
98.3254
104.103
112.807
104.74
98.7553
117.236
125.729
104.873
107.26
96.7878
91.3885
91.4942
122.503
100.493
100.758
97.038
107.89
102.711
100.881
117.213
101.775
100.697
100.636
100.568
102.27
100.231
102.481
100.212
100.117
99.8236
101.48
101.32
102.895
101.81
99.9478
97.6065
100.147
98.517
98.7682
115.433
110.785
100.151
99.8222
99.7827
100.999
101.341
103.689
104.18
97.9117
98.7384
101.658
98.2266
108.586
99.0029
107.849
96.9263
100.792
96.8833
103.993
97.7658
92.8521
97.1284
101.885
101.599
100.594
115.67
102.181
101.944
100.083
102.923
111.93
100.27
107
104.185
104.979
100.509
114.96
93.7018
102.487
120.255
94.7285
135.012
131.56
97.9132
114.303
117.542
94.1351
93.8282
130.464
136.524
93.2438
100.708
109.503
95.6542
93.2201
98.1182
105.483
102.912
114.448
115.406
95.419
95.2387
130.969
129.676
102.089
100.1
102.134
99.4022
99.3456
107.518
113.286
103.367
91.2213
99.2954
92.3293
103.639
91.6031
101.08
99.5899
103.78
101.454
101.336
99.8376
102.904
101.316
97.6754
93.2984
99.2394
108.861
102.554
95.0965
97.1826
99.8439
99.0743
99.813
100.038
99.8962
99.9118
99.9069
101.671
103.602
102.961
99.6757
101.18
104.321
106.57
101.067
103.624
102.991
104.738
105.278
96.7868
103.055
124.803
97.8526
118.008
110.811
105.62
108.055
102.509
100.669
99.3773
98.7743
104.009
105.037
108.431
100.21
100.74
100.835
107.115
101.464
99.3232
101.453
106.98
108.443
102.959
101.559
107.416
102.291
107.083
103.862
103.471
105.177
103.74
103.396
104.585
103.358
104.629
98.0655
118.524
118.126
105.653
104.895
113.083
108.531
103.05
108.597
102.115
99.163
103.589
108.039
104.453
106.162
103.853
103.469
102.789
124.749
105.895
104.275
106.33
107.136
102.879
100.258
99.1313
103.336
106.288
102.215
103.071
102.981
101.812
109.979
109.831
102.988
101.524
103.659
103.912
104.101
104.428
101.335
102.898
98.1344
100.723
98.3353
103.284
107.419
105.282
102.388
104.362
100.47
100.73
99.5461
99.9282
102.001
101.14
105.123
101.053
102.439
108.108
104.411
103.383
109.618
101.963
105.825
106.114
110.035
97.1861
105.155
105.577
99.7349
103.182
100.655
104.986
102.094
100.212
102.128
102.749
103.064
101.174
106.127
100.087
101.975
106.673
119.609
107.11
105.98
97.5485
119.264
105.913
110.687
107.933
106.763
102.745
104.083
98.7964
98.4366
107.911
98.3978
106.329
104.697
106.266
103.178
103.501
112.714
109.45
102.969
105.436
99.8282
99.9884
101.901
100.861
101.112
101.588
100.637
100.271
100.982
99.8296
101.188
100.245
103.821
103.47
105.733
101.394
102.032
102.981
106.216
107.166
101.577
98.0026
101.271
97.7548
105.088
108.184
110.648
105.562
106.724
109.089
115.118
111.897
103.815
99.981
110.19
107.075
104.971
100.026
111.864
97.4998
108.703
98.687
100.419
99.5442
101.009
103.924
107.061
101.373
102.461
103.687
102.646
101.532
100.36
106.562
98.1762
101.591
101.162
103.86
101.92
104.093
97.2385
104.843
96.9021
99.0243
102.428
100.071
102.386
93.761
99.9535
98.441
106.985
100.482
98.1121
92.3095
83.7217
96.4424
96.2442
100.906
100.33
99.6645
99.1926
98.854
86.451
100.861
100.927
102.753
99.4399
100.334
106.32
111.334
114.007
108.539
108.084
118.237
118.708
85.5455
141.196
102.869
114.875
141.474
108.708
91.6201
98.6447
102.496
99.4897
117.144
129.127
110.987
110.645
108.061
104.368
105.656
105.806
104.495
104.681
105.512
94.0969
159.489
158.359
130.498
100.888
104.322
142.579
83.9794
112.616
146.715
112.997
141.295
107.833
83.4158
102.71
106.769
102.254
103.523
100.199
103.052
102.312
98.4927
100.579
100.917
100.993
104.048
104.198
100.881
102.203
111.006
102.32
104.019
102.86
104.582
99.6863
103.346
96.2708
97.0376
108.684
100.302
101.043
98.55
100.741
102.046
100.084
116.881
102.891
103.885
116.73
79.0998
114.334
217.516
112.391
149.423
108.119
217.093
101.018
91.2173
101.334
139.584
102.275
106.821
103.045
80.0263
140.585
115.516
116.522
82.1741
141.73
102.843
98.9154
103.026
99.2754
100.756
106.082
100.845
98.7026
99.0106
98.5517
97.5349
98.8007
100.112
101.295
99.86
99.4048
98.8184
99.3905
100.967
99.8604
97.8589
99.4126
105.253
102.44
114.229
103.364
103.355
105.292
104.771
106.113
108.399
105.297
104.415
109.502
104.578
105.298
109.263
99.1863
99.6749
100.73
126.366
127.299
105.613
111.873
99.1504
103.694
101.277
100.107
99.1516
117.202
109.188
103.501
94.6474
102.667
139.619
118.56
109.495
105.324
113.177
110.88
119.351
115.225
133.009
155.598
103.593
109.808
107.196
107.107
104.528
122.244
122.849
102.849
102.261
96.1727
119.028
181.671
163.734
178.234
105.839
102.579
105.206
106.271
106.018
102.399
105.73
96.5887
99.4105
130.941
101.776
257.287
97.5365
169.137
120.135
105.421
113.405
115.68
109.938
109.518
111.589
101.327
120.584
102.23
114.102
170.486
130.236
110.076
107.79
102.361
108.346
103.121
105.863
103.479
105.217
103.393
101.847
105.827
103.416
104.337
133.356
123.891
106.884
102.734
108.356
120.16
109.43
110.459
103.751
105.8
102.865
110.535
104.407
108.467
102.393
108.545
116.137
110.605
140.513
105.749
-156.935
105.376
72.6406
106.099
134.119
212.877
142.263
140.189
143.05
58.4534
116.394
125.897
115.785
119.335
109.321
120.26
110.115
122.281
102.065
99.4845
100.722
104.259
103.062
105.775
99.5225
126.15
101.993
122.225
122.248
111.613
112.482
107.046
104.432
107.148
108.872
109.064
118.845
147.538
119.784
109.329
103.449
118.805
127.355
109.983
110.567
305.838
90.6919
145.301
46.4862
226.192
1030.36
89.2422
107.879
102.139
105.556
102.554
106.244
102.708
105.329
121.259
126.741
117.637
135.327
108.163
111.856
132.127
122.111
101.519
115.532
99.601
115.414
100.867
107.849
109.851
111.852
110.553
115.604
113.416
100.444
100.36
161.242
60.9299
73.2136
108.434
173.255
67.7822
79.4096
192.376
100.061
112.486
106.718
224.645
88.5332
95.2722
109.683
110.527
112.292
87.077
85.7378
118.165
88.2686
152.44
171.05
111.536
86.3404
88.116
88.8561
73.9498
330.188
281.346
109.794
529.034
5.85304
22.9085
515.758
102.961
96.7946
103.17
87.4448
102.136
97.4502
106.999
107.905
123.485
97.5893
155.469
116.095
119.345
81.4523
131.887
111.983
150.719
92.5885
123.606
95.1658
140.992
154.054
211.322
198.749
206.354
132.812
330.423
114.543
86.2643
102.922
91.8713
104.486
119.877
109.735
118.099
123.53
84.6715
82.7582
120.285
101.026
105.567
106.813
108.45
116.645
104.131
101.828
102.428
100.776
105.516
120.079
237.846
138.875
112.686
542.709
233.011
84.0681
143.769
81.9605
102.102
79.9329
72.3354
54.2402
85.4184
100.841
102.524
104.903
106.233
105.352
108.161
98.2305
109.876
104.769
109.199
104.061
114.224
104.071
108.961
159.314
19.1011
187.584
128.773
100.168
120.25
114.273
100.805
135.083
127.616
112.823
102.226
112.507
111.66
80.6131
96.4081
228.005
84.3129
208.299
89.6405
85.2499
196.494
62.8617
133.808
264.646
128.456
313.137
110.314
119.047
57.0504
86.1067
131.397
124.472
14.4704
84.6189
123.739
107.142
116.533
144.879
187.875
152.567
122.011
100.325
103.335
91.8436
108.992
97.5671
105.834
100.138
133.735
191.153
108.8
119.351
272.559
15.2072
475.393
141.281
202.749
193.769
143.797
163.025
156.458
127.742
-71.715
-40.9754
-72.9368
415.67
371.346
537.086
296.104
)
;

boundaryField
{
    inlet
    {
        type            calculated;
        value           nonuniform List<scalar> 
48
(
98.6337
95.2245
103.306
99.8607
99.9132
94.3087
100.886
98.8634
104.726
103.66
98.1797
96.0482
100.129
105.537
102.096
109.459
85.4409
105.082
101.237
97.5619
103.923
103.636
98.533
98.9096
102.675
93.2639
105.079
100.839
94.6425
99.6594
106.162
102.082
102.998
101.565
96.272
80.3481
105.992
104.184
103.882
105.136
102.903
98.3692
101.639
101.042
94.5553
108.226
94.9995
113.702
)
;
    }
    outlet
    {
        type            calculated;
        value           uniform 0;
    }
    lowerWall
    {
        type            calculated;
        value           nonuniform List<scalar> 
1052
(
100.784
98.5712
101.486
103.05
102.455
101.266
98.6158
102.124
101.167
101.081
102.289
101.449
100.735
101.775
102.826
122.472
107
101.614
100.78
100.888
98.7258
97.8554
89.4625
99.8272
101.048
111.501
104.876
100.771
100.548
102.355
105.343
101.043
99.9128
82.4746
102.541
101.924
103.728
106.403
101.988
107.124
108.784
99.8395
110.253
106.927
102.592
99.0772
100.923
102.719
99.7002
75.3223
94.8959
98.0755
93.338
91.9174
100.285
96.7832
99.781
101.947
100.72
102.721
97.7159
97.4414
96.9727
97.8441
98.7949
98.9335
99.0514
98.8571
99.3972
99.5058
94.0806
94.5622
94.5722
95.4463
97.5569
98.1731
97.6914
96.2404
95.6082
94.4245
91.5987
91.4191
91.5381
91.775
92.0429
92.1302
92.0595
91.9765
91.8494
91.768
89.1172
89.0748
89.1257
89.2744
89.3845
89.4537
89.4328
89.3876
89.3184
89.2087
86.602
86.5818
86.6233
86.7032
86.7737
86.8143
86.8117
86.7695
86.7228
86.6596
84.0862
84.0787
84.0918
84.1657
84.1873
84.214
84.2186
84.1933
84.1689
84.1157
81.5728
81.5907
81.5874
81.6177
81.6468
81.6623
81.682
81.6668
81.6405
81.5872
79.0884
79.1009
79.1064
79.1153
79.1289
79.1457
79.1599
79.1508
79.1311
79.1105
76.6186
76.6208
76.6298
76.6406
76.6563
76.6795
76.6738
76.6493
76.6491
76.6334
74.1708
74.1809
74.172
74.1832
74.1959
74.2162
74.2135
74.2126
74.206
74.1798
71.7394
71.7408
71.7548
71.7589
71.7755
71.7902
71.7887
71.7774
71.7544
71.7457
69.3368
69.3544
69.3755
69.3703
69.3645
69.3728
69.379
69.3671
69.3488
69.3454
66.9584
66.9828
66.9989
66.9795
66.9599
66.96
66.9616
66.9743
66.9678
66.961
64.6044
64.6091
64.6077
64.6128
64.6145
64.609
64.594
64.587
64.5983
64.6005
62.2571
62.2624
62.2625
62.2773
62.2807
62.2842
62.2552
62.2515
62.2462
62.2478
59.9293
59.9325
59.9339
59.9359
59.936
59.9332
59.9291
59.925
59.9183
59.9216
57.6311
57.6257
57.6123
57.6191
57.624
57.6255
57.6241
57.6221
57.6269
57.6305
55.3255
55.3268
55.3204
55.3224
55.3271
55.3375
55.3459
55.3472
55.3426
55.3316
53.044
53.0347
53.0372
53.0486
53.0581
53.0631
53.0698
53.0697
53.0718
53.0598
50.7822
50.7676
50.7633
50.7732
50.7891
50.8021
50.8012
50.8051
50.806
50.8016
48.5273
48.5164
48.5072
48.506
48.5162
48.5265
48.5327
48.5342
48.531
48.5326
46.2698
46.2717
46.28
46.2846
46.28
46.2746
46.2705
46.2681
46.2685
46.2691
44.0306
44.0383
44.0556
44.0446
44.0334
44.0264
44.0244
44.043
44.0323
44.0295
41.8193
41.8228
41.8268
41.815
41.8076
41.8017
41.8078
41.8206
41.8155
41.8166
39.6035
39.62
39.6248
39.6244
39.6182
39.6107
39.6094
39.6058
39.5922
39.5955
37.4133
37.4282
37.4274
37.4213
37.413
37.4081
37.397
37.3939
37.3932
37.3999
35.2524
35.2502
35.2302
35.2239
35.2204
35.2138
35.2073
35.212
35.2288
35.2445
33.0818
33.0768
33.0642
33.0581
33.0562
33.058
33.0643
33.0716
33.0759
33.0831
30.9064
30.9108
30.9174
30.9251
30.9259
30.9292
30.9324
30.9307
30.9232
30.9122
28.7618
28.7685
28.783
28.7995
28.8082
28.8104
28.8045
28.7939
28.7838
28.7699
26.6712
26.6658
26.6661
26.6721
26.6809
26.6931
26.6965
26.6985
26.6913
26.6816
24.6146
24.5991
24.5898
24.5866
24.5908
24.599
24.6104
24.6294
24.6295
24.6247
22.5679
22.5498
22.5461
22.5486
22.5512
22.5538
22.5554
22.5618
22.5657
22.5685
20.5145
20.5133
20.5143
20.5255
20.5314
20.5318
20.5258
20.5148
20.5155
20.5142
18.4895
18.4947
18.5028
18.5139
18.5084
18.5036
18.4943
18.4889
18.4875
18.4883
16.5097
16.5122
16.5147
16.503
16.4838
16.4721
16.4664
16.4737
16.4853
16.4991
14.5335
14.537
14.528
14.5066
14.4875
14.4706
14.4695
14.4812
14.5016
14.5168
12.5296
12.5452
12.545
12.5401
12.526
12.5153
12.5127
12.5171
12.5201
12.5186
10.5521
10.5591
10.5694
10.578
10.5746
10.5674
10.5629
10.5624
10.5582
10.5533
8.62368
8.61408
8.61112
8.61439
8.61553
8.61901
8.62052
8.62279
8.62443
8.62793
6.69881
6.68535
6.6795
6.68037
6.68774
6.70369
6.70967
6.70795
6.70089
6.70412
4.76595
4.76279
4.76415
4.7714
4.78599
4.80976
4.80915
4.79833
4.78764
4.77609
2.85497
2.85523
2.85783
2.86423
2.87302
2.88367
2.8872
2.88559
2.87504
2.86018
0.954346
0.953958
0.953844
0.949259
0.947252
0.950356
0.958842
0.963344
0.964405
0.954513
98.5229
97.4997
97.0673
96.8175
96.576
97.3904
96.9378
96.8355
96.8243
99.1791
98.7433
97.4536
99.517
99.0907
98.8844
100.691
99.1011
99.1063
101.81
99.0603
99.057
99.957
99.384
98.9986
102.184
100.153
99.6801
88.7272
97.5009
100.027
102.601
99.4669
99.3092
108.029
103.978
97.9969
114.441
99.8159
86.1329
97.0888
101.002
21.3754
98.9085
101.46
100.325
100.951
102.568
99.2198
103.457
99.9187
98.4955
115.885
103.563
98.9058
95.8109
102.017
98.0463
89.94
55.7924
104.598
97.0178
97.1038
95.9619
99.9443
97.3233
97.7014
97.5888
95.8285
96.4358
103.129
97.9033
95.6823
98.6285
100.003
99.1412
99.8176
99.2138
99.4999
101.859
98.8733
99.6103
98.5281
99.1988
98.9361
103.788
100.273
100.042
102.933
101.33
101.412
97.6949
95.7828
96.0432
96.9551
95.4124
95.7218
97.1282
96.6946
95.6209
98.4731
98.2666
97.2166
98.9327
98.5622
98.3144
98.983
98.6261
98.6017
98.9873
98.3034
98.7099
99.1814
97.179
98.044
99.6955
96.7104
97.0021
97.9723
96.115
96.5292
97.8418
97.4205
97.7547
97.2956
97.2781
97.5983
96.4163
96.9992
97.2864
95.5319
97.498
98.5972
97.076
97.3984
96.4688
97.5001
97.2787
97.2411
95.9917
95.688
100.663
97.1273
97.1886
96.8526
96.7862
96.527
96.5018
98.7669
99.3968
106.302
98.5324
99.0241
98.6999
97.1162
98.2421
98.0472
99.4743
99.6366
101.049
99.0973
99.4697
99.2969
99.0267
99.2113
98.9282
99.6974
99.4054
100.558
99.0853
99.2209
99.1405
99.1656
99.0459
99.0294
99.3685
99.5982
104.151
99.1072
99.0906
99.2493
99.4066
99.09
99.1162
99.5626
99.4959
99.3777
99.1793
99.3275
99.4066
99.0903
99.2026
99.1458
101.794
101.088
102.202
100.014
101.178
100.591
99.6321
100.2
99.8815
94.506
99.88
99.4494
98.7171
98.854
96.5269
100.444
100.161
99.6051
99.0355
99.3457
99.1336
97.3919
97.5766
97.4537
99.3566
99.3408
99.0675
96.9794
97.2008
97.2382
97.9022
94.2803
94.1255
98.1358
94.0596
94.0674
98.7008
98.8096
98.6163
98.5254
98.7363
98.6716
99.6115
99.3827
99.235
98.6434
98.8035
98.7732
96.7961
97.0425
97.1442
98.3545
98.6109
98.4161
97.1745
94.0122
93.8477
96.4566
94.2965
94.3341
98.0556
98.0595
98.2098
98.7246
98.7531
98.6557
98.5867
98.7952
98.8479
97.629
97.8343
97.6893
99.7114
101.745
100.966
99.1173
99.3454
99.5854
99.657
106.357
101.575
95.2557
93.6195
93.5692
96.0957
97.2204
97.3937
95.6134
94.3333
94.1789
98.8641
98.8514
97.6725
97.2829
97.2083
97.1347
99.2815
98.3554
98.7467
103.382
103.577
100.425
97.2909
98.6164
98.4876
96.6438
96.7646
95.6158
97.051
96.9239
97.6645
97.1305
97.8497
98.7249
97.7637
96.9982
97.0232
98.1755
95.8479
95.8589
95.8335
95.7442
98.0665
95.7623
95.7583
98.0871
97.8413
95.5746
95.4614
101.416
99.4212
98.0221
95.2175
95.0486
96.5338
97.217
95.5516
95.6198
95.4255
94.1089
94.2146
98.2708
98.0537
96.8788
109.063
97.3797
123.88
95.6487
99.6736
94.8989
100.041
100.113
100.868
100.226
106.24
102.253
115.327
100.284
102.332
94.6015
93.4661
93.5356
95.672
96.2127
96.216
96.0149
94.8828
94.6342
98.241
105.014
100.386
95.3735
95.4595
96.8402
100.406
106.561
102.797
99.5148
100.751
117.583
103.729
101.243
115.139
100.107
86.0067
100.765
103.151
104.002
101.825
104.714
104.586
105.687
96.7987
97.8025
97.5657
107.055
106.157
106.019
96.1809
95.4473
95.3858
94.6616
94.4966
94.9724
102.398
100.415
98.872
100.848
100.652
98.2847
105.019
114.822
95.4747
101.495
101.639
106.853
96.1018
96.0715
95.6172
101.485
116.855
110.933
100.857
99.4106
103.083
104.864
108.736
102.501
105.955
98.5687
109.771
105.856
109.849
100.368
96.8612
99.0894
102.029
138.604
99.6407
99.9149
102.626
99.8313
104.624
101.863
99.7085
101.084
120.265
97.8365
103.561
118.494
98.8628
108.803
112.16
104.624
95.3047
104.454
99.7629
114.568
102.904
103.267
103.969
130.834
109.946
101.909
105.992
97.5144
100.187
101.447
113.03
110.679
97.697
103.28
99.4233
109.063
99.0657
99.6006
100.724
101.04
103.319
101.868
108.168
114.96
107.21
105.758
108.458
99.9835
108.921
119.9
98.8089
96.0311
100.104
102.376
101.029
98.071
111.686
110.068
97.6227
127.949
98.5788
115.762
101.861
99.6014
114.628
94.3951
129.754
100.873
109.338
85.5782
114.423
100.756
102.357
101.258
105.251
102.912
103.697
107.441
102.537
102.25
107.254
102.905
116.347
91.2213
99.2954
103.367
103.602
102.961
101.671
99.8282
100.861
109.45
98.441
92.3095
99.9535
102.753
100.334
98.854
114.007
118.708
111.334
102.869
91.6201
141.196
104.368
105.512
104.495
102.139
105.556
107.879
108.163
132.127
121.259
111.852
100.36
115.604
96.7946
103.17
102.961
100.168
114.273
159.314
)
;
    }
    upperWall
    {
        type            calculated;
        value           nonuniform List<scalar> 
1031
(
100.838
101.354
101.047
102.848
101.598
104.407
105.749
104.061
103.862
100.676
100.809
97.4286
99.8043
103.605
102.356
104.755
126.755
107
101.205
102.312
101.766
95.6542
108.861
109.826
101.593
101.623
103.161
104.556
100.581
99.7713
105.564
99.163
100.258
107.132
95.7483
99.9276
104.843
100.905
101.077
99.0156
110.288
100.504
104.068
90.4848
98.7596
100.009
105.368
100.297
101.112
104.693
94.3823
98.159
95.0377
107.603
99.4815
99.9479
99.6031
99.9107
104.2
102.879
97.7174
97.4381
96.9575
97.8347
98.7758
98.8987
99.0244
98.8628
99.4006
99.5059
94.081
94.5618
94.573
95.4486
97.5568
98.1727
97.6858
96.2406
95.6082
94.4248
91.5986
91.4189
91.5394
91.775
92.0423
92.1296
92.0596
91.9768
91.8497
91.7679
89.1168
89.0747
89.1256
89.2735
89.3848
89.4539
89.4327
89.3874
89.3182
89.2087
86.6023
86.5817
86.6232
86.7031
86.7737
86.814
86.8116
86.7694
86.7227
86.6597
84.0864
84.0786
84.0917
84.1656
84.1872
84.2138
84.2184
84.1932
84.1688
84.1154
81.5724
81.5906
81.5873
81.6176
81.6465
81.6628
81.6819
81.6667
81.6404
81.5867
79.0884
79.1008
79.1063
79.1152
79.1288
79.1456
79.1598
79.1507
79.131
79.1105
76.6185
76.6207
76.6297
76.6405
76.6565
76.6794
76.6737
76.6491
76.6479
76.6334
74.1703
74.1806
74.1719
74.1831
74.1959
74.2161
74.2134
74.2125
74.2064
74.1803
71.7393
71.7407
71.7547
71.7588
71.7754
71.7901
71.7885
71.7778
71.7546
71.7455
69.337
69.3547
69.375
69.37
69.3644
69.3729
69.3787
69.3666
69.3484
69.3452
66.9585
66.9826
66.999
66.9793
66.9596
66.9597
66.9615
66.9746
66.968
66.9611
64.6039
64.6088
64.6076
64.6125
64.6146
64.6086
64.594
64.587
64.5983
64.6003
62.2569
62.263
62.2621
62.2774
62.2808
62.2842
62.2554
62.2514
62.2461
62.2476
59.9294
59.9327
59.9338
59.9358
59.9359
59.9325
59.929
59.9251
59.9185
59.9214
57.631
57.6249
57.6121
57.6192
57.6232
57.6253
57.624
57.6223
57.6269
57.6304
55.3251
55.3261
55.3202
55.3229
55.3275
55.3374
55.3458
55.3471
55.3425
55.3316
53.0441
53.0345
53.0372
53.0481
53.0576
53.0632
53.0695
53.0695
53.0716
53.0599
50.7822
50.7674
50.7631
50.7729
50.7891
50.8021
50.8011
50.8054
50.8059
50.8015
48.527
48.5162
48.5072
48.5062
48.5164
48.5263
48.5325
48.5343
48.5306
48.5324
46.2697
46.2716
46.2799
46.2847
46.2799
46.2743
46.2707
46.2678
46.2686
46.2691
44.0302
44.038
44.0558
44.0448
44.0332
44.0263
44.0246
44.0427
44.033
44.0293
41.8193
41.8227
41.8269
41.8148
41.8073
41.8024
41.8079
41.8205
41.8157
41.8164
39.6036
39.6206
39.6244
39.6242
39.6182
39.6108
39.6095
39.6055
39.5921
39.5949
37.4134
37.4282
37.4269
37.4214
37.413
37.4079
37.3967
37.3935
37.393
37.4001
35.2525
35.25
35.2303
35.2238
35.2203
35.2135
35.2072
35.2119
35.2286
35.245
33.0815
33.0766
33.0643
33.058
33.0561
33.0589
33.0644
33.0716
33.0758
33.0829
30.9063
30.9107
30.9175
30.9251
30.9258
30.9292
30.9324
30.9306
30.9229
30.9119
28.7617
28.7684
28.7829
28.7993
28.8081
28.8102
28.804
28.7938
28.7838
28.7701
26.671
26.6657
26.6658
26.672
26.6809
26.693
26.6965
26.6985
26.6913
26.6817
24.6146
24.5996
24.5898
24.5866
24.5907
24.5989
24.6103
24.6292
24.6293
24.6246
22.5678
22.5494
22.546
22.5486
22.5512
22.5535
22.5553
22.5617
22.5655
22.5684
20.5143
20.5124
20.5141
20.5254
20.5319
20.532
20.5258
20.5146
20.5154
20.5141
18.4893
18.4946
18.5029
18.5139
18.5083
18.5034
18.4942
18.4887
18.4876
18.4882
16.5098
16.5123
16.5149
16.5029
16.4838
16.4717
16.466
16.4737
16.4855
16.499
14.5338
14.5368
14.528
14.5063
14.4874
14.4706
14.4694
14.4812
14.5014
14.5166
12.5297
12.5443
12.5447
12.5402
12.5261
12.5154
12.5125
12.517
12.5198
12.5184
10.5521
10.5592
10.5694
10.578
10.5745
10.567
10.5626
10.5622
10.5581
10.5533
8.62362
8.6141
8.61086
8.61429
8.61544
8.61891
8.62043
8.6227
8.62429
8.6279
6.6986
6.68516
6.67937
6.68016
6.68782
6.70368
6.70998
6.70789
6.70073
6.70378
4.76585
4.76283
4.76414
4.77134
4.78584
4.80978
4.80893
4.79827
4.78753
4.77599
2.85483
2.85548
2.85787
2.86415
2.87277
2.88296
2.8866
2.88562
2.87505
2.86028
0.954437
0.953715
0.953522
0.948788
0.947201
0.950293
0.959061
0.963473
0.964313
0.954434
97.0705
97.5015
98.4779
97.3811
96.5763
98.3336
96.7968
96.8898
95.7783
97.3511
98.4171
98.6336
98.8487
99.0647
100.286
99.1003
99.1152
102.719
98.8971
99.0658
98.747
98.9929
99.3783
99.5788
99.6909
100.157
102.304
100.02
97.5038
89.337
90.8264
99.4206
101.775
99.5268
102.191
103.477
98.0769
98.7424
94.8095
99.3513
100.36
97.6401
99.5548
104.678
99.793
99.4785
100.431
98.2939
102.998
100.02
102.562
99.3863
101.762
98.8017
120.349
102.005
103.785
102.134
69.5577
106.145
95.8881
96.8768
96.9355
97.694
97.6108
99.025
96.283
95.7117
96.9309
96.4076
98.2139
104.892
99.1632
99.6965
100.277
99.5497
99.2755
100.129
99.4468
99.067
97.6924
99.0862
99.2339
99.9835
100.156
100.535
103.621
101.375
101.389
103.854
96.0428
95.782
97.693
95.7197
95.4133
96.9525
95.6228
96.6916
97.1114
97.2173
98.273
98.5037
98.3119
98.5614
98.9454
98.6019
98.6241
99.0045
98.7082
98.304
98.9861
98.0416
97.1779
99.1883
97.0018
96.7107
99.6955
96.5285
96.1151
97.9725
97.2875
96.9938
96.408
97.5874
97.2732
97.301
97.7915
97.4222
97.8749
97.2451
97.2849
97.4975
96.5072
97.3119
97.0828
98.6007
97.6633
95.8619
96.495
96.4916
96.7433
96.8938
97.4421
96.9831
101.791
96.6112
96.2561
97.8975
98.1914
97.1039
98.7716
98.9221
98.437
99.6561
99.2508
98.3952
98.9264
99.3163
99.0091
99.3018
99.4652
99.0882
98.9572
99.5151
99.9772
99.0212
99.0331
99.2053
99.1447
99.2563
99.1268
100.847
99.4619
99.4625
99.1151
99.1744
99.3443
99.198
99.1331
99.1029
99.6391
99.6991
99.3628
99.1451
99.1658
99.0604
99.412
99.2925
99.1859
99.1973
99.4406
99.5235
99.8735
100.076
99.689
100.564
102.577
99.991
102.396
106.861
102.07
99.6105
100.124
100.439
96.5559
98.9327
98.7272
104.273
100.473
94.5717
99.1265
99.3174
99.0192
97.1803
97.5729
97.383
99.0758
99.3412
99.357
97.2363
97.1791
97.0353
98.0214
99.4088
97.6885
94.125
94.2797
97.9021
94.0667
94.0588
98.1336
98.6182
98.8027
98.6821
98.6482
98.6982
98.5258
99.2355
99.3836
99.6107
97.14
97.0415
96.7947
98.771
98.8052
98.6417
98.4146
98.5957
98.3595
93.8489
94.0137
97.1815
94.3337
94.2956
96.4565
98.2183
98.0593
98.057
98.6537
98.7517
98.7281
97.6911
97.8357
97.6275
98.8489
98.7955
98.5865
99.5973
99.3558
99.1145
93.57
93.6202
95.2555
97.3925
97.2364
96.1324
94.1793
94.3335
95.6139
97.6753
98.8497
98.8642
97.1389
97.2114
97.2708
98.2609
99.6814
107.272
98.7487
98.3546
99.2807
109.097
167.974
103.88
98.4872
98.6148
97.2883
95.6179
96.7613
96.6551
97.665
96.9199
97.0577
106.831
104.204
106.684
98.7263
97.8477
97.1285
97.023
96.9982
97.7658
95.8569
95.8468
98.1733
98.0652
95.7426
95.8283
98.0852
95.7565
95.7597
95.4599
95.5735
97.8381
100.573
99.9304
100.184
96.5395
95.048
95.2173
95.6147
95.5474
97.2087
94.2148
94.1091
95.4258
96.8785
98.053
98.2702
93.535
93.4656
94.601
96.2131
96.2142
95.6732
94.6356
94.8838
96.0203
96.8376
95.458
95.3707
114.222
102.462
82.9419
98.6336
100.76
101.398
104.91
101.103
102.763
110.621
98.7616
99.1076
97.5662
97.8033
96.7976
100.06
99.9605
100.259
110.011
109.123
165.715
108.561
234.403
134.112
95.386
95.4473
96.1813
94.974
94.4969
94.6627
97.0571
132.624
118.673
97.2003
189.899
96.2904
105.257
103.455
102.87
109.919
150.244
97.0531
108.378
101.601
100.023
95.6145
96.0691
96.0996
102.421
101.092
102.042
98.6229
113.951
96.9339
99.2133
101.978
103.625
103.782
102.449
100.552
117.801
116.678
103.672
101.228
106.245
106.694
100.479
97.3407
101.143
100.92
101.986
99.5852
85.6676
102.514
131.242
106.657
103.971
113.727
116.483
101.684
101.168
99.4148
101.939
97.7912
105.274
97.1529
103.237
103.102
93.8923
100.659
99.8433
98.0708
123.026
114.498
104.125
102.654
102.557
105.905
106.604
109.191
93.7255
98.2537
101.986
101.032
100.888
100.39
103.301
101.439
107.26
122.503
96.7878
104.103
117.236
112.807
100.758
117.213
102.711
104.185
100.509
104.979
93.2201
105.483
98.1182
114.448
129.676
95.419
99.4022
113.286
100.1
102.554
97.1826
95.0965
103.589
104.453
108.039
99.1313
106.288
103.336
106.127
106.673
101.174
106.763
107.911
98.7964
105.733
102.981
103.821
103.178
112.714
106.329
159.489
142.579
130.498
103.694
117.202
101.277
108.467
108.545
102.393
-156.935
72.6406
105.376
126.15
112.482
122.225
108.872
147.538
104.432
118.805
110.567
109.329
81.9605
85.4184
72.3354
114.224
108.961
104.071
-40.9754
296.104
371.346
)
;
    }
    frontWall
    {
        type            cyclic;
    }
    backWall
    {
        type            cyclic;
    }
}


// ************************************************************************* //
