/*--------------------------------*- C++ -*----------------------------------*\
| =========                 |                                                 |
| \\      /  F ield         | OpenFOAM: The Open Source CFD Toolbox           |
|  \\    /   O peration     | Version:  5.0                                   |
|   \\  /    A nd           | Web:      www.OpenFOAM.org                      |
|    \\/     M anipulation  |                                                 |
\*---------------------------------------------------------------------------*/
FoamFile
{
    version     2.0;
    format      ascii;
    class       volScalarField;
    location    "3.2";
    object      p_rgh;
}
// * * * * * * * * * * * * * * * * * * * * * * * * * * * * * * * * * * * * * //

dimensions      [1 -1 -2 0 0 0 0];

internalField   nonuniform List<scalar> 
8024
(
108.65
125.266
176.271
98.0497
110.44
97.9293
96.3541
91.7704
89.276
86.7292
84.2011
81.6941
79.2102
76.7688
74.352
71.9647
69.5917
67.2513
64.9367
62.6508
60.3689
58.1049
55.8712
53.6319
51.4163
49.2198
47.0299
44.8375
42.6644
40.5167
38.3672
36.2394
34.1404
32.0347
29.9229
27.8426
25.8151
23.8233
21.8399
19.8503
17.8891
15.972
14.0573
12.1169
10.2048
8.34014
6.4783
4.60871
2.7608
0.923034
75.6641
128.643
249.726
70.9189
94.4524
94.1037
94.6787
91.1943
88.8859
86.4951
84.0601
81.6066
79.1778
76.7488
74.3318
71.9545
69.5824
67.2641
64.9595
62.6525
60.3721
58.1073
55.864
53.6338
51.4072
49.2064
47.019
44.8396
42.6717
40.5189
38.3789
36.2519
34.138
32.029
29.9272
27.8491
25.8109
23.8073
21.8217
19.8494
17.8948
15.9773
14.0661
12.1367
10.2126
8.33033
6.46466
4.60554
2.76104
0.922656
89.6743
94.5869
86.2398
91.9422
93.2766
93.6351
94.3005
91.4814
88.578
86.3298
83.9527
81.5273
79.1139
76.7167
74.318
71.9341
69.5891
67.2792
64.9745
62.6502
60.373
58.1092
55.8556
53.6266
51.4091
49.1999
47.0088
44.8452
42.6825
40.5219
38.3843
36.2515
34.1187
32.0167
29.9342
27.8638
25.8101
23.7977
21.8183
19.8513
17.9033
15.9732
14.0536
12.1363
10.2223
8.32726
6.45898
4.60689
2.76369
0.922527
97.603
95.7755
96.5867
91.4289
97.5158
95.0564
94.5463
91.5068
88.5735
86.3163
83.9244
81.5304
79.1002
76.698
74.3116
71.9351
69.5872
67.2716
64.9499
62.6517
60.3821
58.1093
55.8609
53.6292
51.4208
49.2108
47.0081
44.8512
42.6764
40.5116
38.3844
36.2457
34.1122
32.0106
29.9418
27.8801
25.8162
23.7935
21.8186
19.8571
17.908
15.9608
14.0309
12.1259
10.2293
8.33011
6.45994
4.61431
2.77009
0.917912
98.3153
94.2065
101.322
100.034
99.588
94.924
94.5399
92.2554
88.6403
86.3482
83.9435
81.5241
79.1128
76.7016
74.3212
71.944
69.6011
67.2635
64.9286
62.6518
60.3848
58.108
55.8636
53.6333
51.4296
49.2258
47.0182
44.8465
42.6646
40.5038
38.3789
36.2397
34.1102
32.0093
29.9429
27.8891
25.8259
23.7961
21.8228
19.8676
17.9074
15.9482
14.014
12.1177
10.2276
8.33181
6.46715
4.62902
2.77901
0.915982
88.332
103.742
109.244
106.178
109.429
92.4454
94.391
92.0298
88.7001
86.44
84.0123
81.5745
79.1456
76.7309
74.3535
71.9702
69.619
67.2733
64.9305
62.6465
60.3841
58.1052
55.8652
53.6435
51.4351
49.2393
47.0287
44.8414
42.6576
40.4941
38.37
36.2306
34.1015
32.0105
29.9456
27.8907
25.8372
23.812
21.8272
19.8685
17.9011
15.9364
13.9986
12.1049
10.2211
8.33552
6.48329
4.65204
2.78935
0.9189
102.093
104.922
104.424
104.326
100.185
88.8667
94.2266
92.3338
89.0332
86.6343
84.1489
81.6649
79.2192
76.7792
74.3696
71.9804
69.6254
67.2845
64.9357
62.6365
60.3701
58.1052
55.8653
53.6524
51.4416
49.2381
47.0347
44.8377
42.6594
40.5075
38.3687
36.2203
34.0952
32.0171
29.9492
27.8857
25.8426
23.8229
21.8282
19.8587
17.894
15.9272
13.9963
12.1035
10.2162
8.33691
6.48917
4.65189
2.79307
0.927847
107.663
106.833
107.553
105.493
106.364
102.409
97.8139
93.3704
89.5668
86.9396
84.3062
81.7558
79.2725
76.8098
74.3675
71.9946
69.6231
67.2777
64.9517
62.6323
60.3626
58.1011
55.8631
53.6535
51.4413
49.2417
47.0359
44.8349
42.6693
40.5117
38.3643
36.2173
34.0991
32.0235
29.9469
27.8739
25.8419
23.8346
21.834
19.8532
17.89
15.9398
14.0082
12.1051
10.2154
8.33909
6.48753
4.641
2.79135
0.931954
106.033
106.139
102.367
142.072
113.915
104.507
100.618
94.053
89.8322
87.0932
84.3974
81.8148
79.2973
76.8219
74.3871
72.0002
69.6098
67.268
64.9488
62.6421
60.3563
58.095
55.8678
53.6486
51.4424
49.2422
47.0327
44.8335
42.6632
40.5113
38.3528
36.2178
34.1182
32.0284
29.9398
27.8645
25.8372
23.8373
21.8377
19.8517
17.8878
15.9486
14.0243
12.1074
10.2117
8.34039
6.48047
4.63025
2.78079
0.933033
107.546
107.627
107.501
108.22
103.884
102.492
99.6979
92.6995
89.7649
86.9909
84.3514
81.7756
79.2547
76.8095
74.3775
71.9782
69.6023
67.2634
64.941
62.6434
60.3563
58.0962
55.8709
53.6377
51.4314
49.2374
47.0336
44.8356
42.6611
40.5124
38.3546
36.224
34.1339
32.0359
29.9291
27.8496
25.8254
23.8325
21.8405
19.8503
17.8884
15.9633
14.0435
12.1095
10.2042
8.34341
6.48362
4.61883
2.76601
0.923286
110.71
125.957
110.005
97.1976
94.7708
97.3175
96.2735
91.771
89.2759
86.7291
84.2012
81.6941
79.21
76.7689
74.3519
71.9645
69.5917
67.2514
64.9368
62.6504
60.3688
58.105
55.8712
53.6318
51.4164
49.2199
47.0298
44.8375
42.6643
40.5167
38.3671
36.2394
34.1405
32.0346
29.9229
27.8426
25.815
23.8233
21.8399
19.8503
17.889
15.9721
14.0576
12.117
10.2048
8.34036
6.47822
4.60865
2.76076
0.923111
82.8753
125.247
117.004
62.3033
93.6865
94.1153
94.5646
91.1944
88.8858
86.4951
84.0601
81.6066
79.1777
76.7488
74.3317
71.9544
69.5824
67.2642
64.9593
62.6524
60.3722
58.1074
55.8636
53.6335
51.4072
49.2064
47.0189
44.8396
42.6717
40.5188
38.3794
36.2519
34.138
32.029
29.9272
27.849
25.8108
23.8074
21.8216
19.8487
17.8948
15.9774
14.066
12.1364
10.2127
8.33035
6.46455
4.60553
2.76122
0.922609
88.7028
95.1113
116.587
88.042
92.998
93.4698
94.3108
91.4804
88.5794
86.3296
83.9527
81.5273
79.114
76.7167
74.318
71.934
69.5891
67.2791
64.9747
62.6502
60.3728
58.1092
55.8555
53.6266
51.4091
49.1998
47.0088
44.8452
42.6825
40.522
38.384
36.2514
34.1188
32.0167
29.9343
27.8638
25.8099
23.7977
21.8183
19.8511
17.9033
15.9733
14.0536
12.1362
10.2225
8.32722
6.45887
4.60693
2.76371
0.922523
96.1085
100.278
95.1987
98.1261
96.4939
94.8478
94.6298
91.5004
88.574
86.3156
83.9244
81.5307
79.1002
76.698
74.3116
71.9351
69.5872
67.2714
64.9498
62.6516
60.3821
58.1093
55.8609
53.6293
51.4206
49.2106
47.0083
44.8513
42.6766
40.5114
38.3844
36.2456
34.1122
32.0106
29.9418
27.88
25.8161
23.7935
21.8186
19.857
17.908
15.9608
14.0307
12.1259
10.2294
8.3301
6.45984
4.61432
2.77007
0.917774
97.4677
93.5635
98.5976
102.506
103.093
95.0687
94.5492
92.2557
88.6403
86.3483
83.9436
81.5234
79.1127
76.7016
74.3213
71.9441
69.6011
67.2635
64.9286
62.6518
60.3849
58.1079
55.8636
53.6334
51.4295
49.2259
47.0183
44.8464
42.6641
40.5038
38.379
36.2397
34.1102
32.0093
29.9429
27.8891
25.8259
23.7961
21.8229
19.8676
17.9074
15.9478
14.0139
12.1179
10.2276
8.33179
6.46707
4.62898
2.77893
0.916034
104.674
107.67
108.999
105.516
110.357
92.3352
94.3667
91.9337
88.6998
86.44
84.0121
81.5744
79.1457
76.7309
74.3535
71.9701
69.619
67.2734
64.9304
62.6466
60.384
58.1052
55.8651
53.6436
51.4352
49.2393
47.0286
44.8412
42.6575
40.4942
38.37
36.2304
34.1013
32.0104
29.9458
27.8907
25.8373
23.812
21.8272
19.8685
17.901
15.936
13.9986
12.105
10.2209
8.3355
6.48327
4.65207
2.78907
0.918867
102.07
106.688
106.08
104.228
99.5248
89.808
94.0349
92.3168
89.0335
86.6342
84.1489
81.6649
79.2192
76.7792
74.3696
71.9804
69.6253
67.2844
64.9357
62.6365
60.3701
58.1052
55.8653
53.6524
51.4414
49.238
47.0346
44.8377
42.6594
40.5074
38.3689
36.2202
34.0952
32.0171
29.9492
27.8856
25.8426
23.8229
21.8282
19.8587
17.8939
15.9271
13.9963
12.1035
10.2161
8.3369
6.48924
4.65195
2.79299
0.927962
105.928
106.547
107.02
105.2
106.284
101.882
97.7769
93.3652
89.5675
86.9395
84.3063
81.7558
79.2724
76.8098
74.3674
71.9946
69.6234
67.2775
64.9519
62.6323
60.3626
58.1011
55.8631
53.6535
51.4412
49.2419
47.0358
44.8349
42.6691
40.512
38.3642
36.2172
34.0991
32.0235
29.9469
27.8739
25.8418
23.8346
21.834
19.8531
17.8899
15.9398
14.0081
12.1051
10.2153
8.33906
6.48751
4.64098
2.79129
0.931919
105.879
107.727
114.591
122.111
111.169
104.513
100.654
94.0494
89.8329
87.0931
84.3974
81.8148
79.2973
76.8219
74.3871
72.0003
69.6099
67.2672
64.9488
62.6421
60.3563
58.095
55.8678
53.6486
51.4422
49.2421
47.0326
44.8334
42.6632
40.5114
38.3528
36.2176
34.1186
32.0283
29.9396
27.8645
25.8373
23.8372
21.8376
19.8516
17.8879
15.9488
14.0243
12.1072
10.2117
8.34034
6.48043
4.63022
2.78086
0.933032
107.605
104.558
110.815
111.934
103.217
102.973
99.5485
92.7005
89.7647
86.9909
84.3515
81.7755
79.2545
76.8094
74.3775
71.9785
69.6023
67.2633
64.9411
62.6434
60.3562
58.0962
55.8709
53.6377
51.4314
49.2373
47.0334
44.8356
42.6612
40.5123
38.3546
36.224
34.134
32.0358
29.9287
27.8498
25.8254
23.8324
21.8405
19.8503
17.8883
15.9633
14.0434
12.1093
10.2042
8.34337
6.48349
4.61881
2.76608
0.923275
114.482
120.551
114.2
91.2923
94.5866
97.3385
96.3016
91.7707
89.2759
86.7291
84.2013
81.6941
79.2098
76.7688
74.3521
71.9643
69.5916
67.2514
64.9368
62.6502
60.3687
58.1049
55.871
53.6316
51.4165
49.22
47.0296
44.8374
42.6642
40.5167
38.3672
36.2394
34.1405
32.0344
29.9226
27.8425
25.8149
23.8233
21.8399
19.8503
17.8888
15.9721
14.0576
12.117
10.2047
8.34028
6.47808
4.60854
2.76066
0.923095
86.4628
159.139
106.416
72.3824
93.4498
93.9472
94.5766
91.1939
88.8857
86.4951
84.06
81.6065
79.1776
76.7487
74.3317
71.9538
69.5823
67.2644
64.9593
62.6522
60.3722
58.1076
55.8634
53.6329
51.4071
49.2063
47.0187
44.8395
42.6718
40.5188
38.3794
36.2519
34.1379
32.029
29.9272
27.8489
25.8108
23.8078
21.8214
19.8487
17.8948
15.9774
14.0659
12.1356
10.2127
8.33036
6.46448
4.60548
2.7613
0.922417
88.4055
93.1832
90.853
90.3457
89.7345
93.3244
94.3009
91.4817
88.5793
86.3297
83.9526
81.5272
79.114
76.7166
74.3179
71.934
69.589
67.2785
64.9745
62.6501
60.3726
58.1091
55.8554
53.6265
51.4091
49.1997
47.0088
44.8451
42.6825
40.5221
38.3839
36.251
34.1189
32.0168
29.9343
27.8638
25.8097
23.7978
21.8182
19.851
17.9033
15.9733
14.0531
12.1359
10.2225
8.32715
6.45867
4.60689
2.76368
0.922421
96.07
98.2812
96.114
97.7526
97.885
94.4463
94.4517
91.5041
88.5735
86.3155
83.9243
81.5306
79.1001
76.6979
74.3115
71.935
69.5872
67.2712
64.9497
62.6514
60.3821
58.1093
55.861
53.6294
51.4204
49.2104
47.0084
44.8513
42.6766
40.5113
38.3843
36.2456
34.1121
32.0106
29.9419
27.8799
25.816
23.7935
21.8187
19.857
17.9079
15.9607
14.0307
12.1258
10.2295
8.33002
6.45974
4.6143
2.76997
0.917445
97.5127
94.605
108.425
100.452
101.075
95.3566
94.5443
92.2573
88.6397
86.3486
83.9435
81.5233
79.1125
76.7015
74.3212
71.9441
69.601
67.2634
64.9285
62.6517
60.3849
58.1078
55.8631
53.6334
51.4292
49.2259
47.0184
44.8464
42.664
40.5037
38.379
36.2396
34.1101
32.0092
29.9429
27.889
25.8258
23.796
21.8228
19.8678
17.9072
15.9471
14.0138
12.1182
10.2275
8.33173
6.46721
4.62892
2.77882
0.915935
97.7386
103.61
108.237
105.382
112.253
92.0751
94.3349
91.9416
88.6995
86.4401
84.0119
81.5744
79.1458
76.7308
74.3534
71.9701
69.6189
67.2734
64.9303
62.6467
60.3838
58.1052
55.865
53.6436
51.4352
49.2392
47.0285
44.8411
42.6575
40.495
38.3703
36.2302
34.1011
32.0113
29.9457
27.8906
25.8373
23.8119
21.8272
19.8685
17.9009
15.9356
13.9987
12.1049
10.2208
8.33543
6.48329
4.65207
2.78865
0.918843
105.237
108.397
107.081
106.516
121.725
92.0802
94.0287
92.32
89.0332
86.6342
84.1488
81.6648
79.2191
76.7791
74.3695
71.9803
69.6253
67.2842
64.9356
62.6365
60.3701
58.1051
55.8652
53.6523
51.4412
49.238
47.0345
44.838
42.6598
40.5074
38.3689
36.2201
34.0952
32.0171
29.9492
27.8855
25.8426
23.8228
21.8281
19.8587
17.8938
15.927
13.9962
12.1034
10.216
8.33683
6.48928
4.65175
2.79256
0.927909
107.164
107.048
106.83
105.122
106.617
101.733
97.796
93.3663
89.5671
86.9395
84.3061
81.7557
79.2723
76.8097
74.3673
71.9945
69.6236
67.2772
64.952
62.6322
60.3625
58.101
55.8634
53.6534
51.4411
49.242
47.0358
44.8348
42.669
40.5121
38.3642
36.2171
34.099
32.0234
29.9467
27.8741
25.8418
23.8343
21.8339
19.8531
17.8896
15.9398
14.008
12.1051
10.2151
8.339
6.48747
4.64093
2.79128
0.931831
106.085
106.629
102.607
102.172
110.864
104.078
100.648
94.0503
89.8325
87.0932
84.3973
81.8147
79.2972
76.8218
74.387
72.0005
69.61
67.2671
64.9488
62.6421
60.3562
58.095
55.8677
53.6485
51.4421
49.242
47.0325
44.8333
42.6632
40.5115
38.3527
36.2175
34.1193
32.0283
29.9395
27.8645
25.8373
23.837
21.8375
19.8515
17.8879
15.9488
14.0242
12.107
10.2116
8.34025
6.48034
4.63015
2.7808
0.932939
107.404
105.952
102.62
98.6162
99.4977
100.954
99.569
92.6998
89.7648
86.9908
84.3515
81.7753
79.2542
76.8093
74.3774
71.9787
69.6022
67.2632
64.9412
62.6433
60.356
58.0961
55.8708
53.6377
51.4314
49.2372
47.0333
44.8356
42.6612
40.5122
38.3545
36.2242
34.1344
32.0357
29.9282
27.8498
25.8253
23.8324
21.8405
19.8502
17.8883
15.9632
14.0432
12.1092
10.2041
8.34327
6.48331
4.61873
2.76611
0.923208
97.4725
97.0945
95.4617
97.2997
97.4924
96.0755
95.4982
94.8354
93.832
94.2459
94.0962
94.8754
93.6643
94.2504
94.1514
95.6359
94.1928
93.4945
94.155
95.3017
94.2032
94.2298
93.8344
94.4673
94.9569
94.2387
93.4791
94.3396
94.6369
94.7071
94.9115
95.014
94.5537
94.7507
94.6791
94.2227
95.2682
93.6502
92.3854
94.2772
95.2605
93.7086
93.0981
99.9287
97.1141
89.6394
93.2061
99.849
97.0996
98.3371
104.307
100.869
102.027
98.3306
104.295
100.88
101.42
103.822
100.852
104.985
101.421
104.229
100.877
100.501
100.069
98.7016
102.926
100.539
99.2487
98.6765
97.4764
98.0541
95.5005
97.2915
97.4584
95.043
95.5022
94.8794
93.6648
94.2497
93.9449
94.8773
93.6747
94.2493
94.1518
95.2174
94.1427
93.2802
94.1472
95.5682
94.1526
94.2271
93.3559
94.33
94.4398
94.2385
97.1531
94.3157
94.4397
94.727
94.8655
95.257
94.4733
94.7102
94.7104
94.1646
94.0485
93.8284
91.9931
94.325
93.5871
93.8377
93.2116
99.8085
97.1243
100.408
93.1223
99.6071
97.1123
98.3408
104.038
100.882
101.635
98.3226
103.975
100.891
101.419
105.079
100.884
104.22
101.421
102.025
100.891
100.545
99.245
98.6704
104.496
100.536
99.4417
98.6718
97.4527
95.0305
95.5056
97.6746
97.452
95.2985
95.4857
94.873
93.6721
94.2501
94.0351
94.8273
93.706
94.2434
94.1476
96.2147
94.3151
93.5861
94.1396
95.4855
94.2019
94.3138
96.135
94.3901
94.669
94.2362
95.5792
94.2778
94.4008
94.7971
94.3764
95.5807
94.6474
94.6349
94.811
94.1333
92.7869
93.8799
92.5295
94.4396
78.0144
93.7835
93.1081
99.4879
97.1162
96.7145
93.0064
99.5882
97.1247
98.3261
104.311
100.916
101.794
98.3407
104.096
100.888
101.423
101.314
100.888
104.188
101.422
101.376
100.857
100.53
99.6082
98.6836
101.573
100.489
99.9205
98.7083
95.4258
93.2552
95.9372
94.343
95.6591
94.0892
93.3896
96.5397
98.4365
97.7523
97.5547
97.3718
96.3511
99.0562
94.133
95.0662
93.4518
96.2691
94.1421
94.927
93.4607
92.9426
94.5346
93.3632
93.8059
93.0321
94.2891
93.176
93.9652
94.3491
94.0396
94.074
94.3482
93.5468
93.9278
93.0773
94.2763
92.6536
94.5736
93.0847
94.3147
92.6591
91.4896
95.9801
96.6726
92.665
91.6246
96.8689
99.2029
93.9322
93.698
95.4924
93.6156
93.7213
94.0389
93.9896
92.6275
94.3978
92.3598
94.3116
92.6372
94.3694
92.3467
94.9703
93.5129
96.4923
99.4928
94.9894
93.7688
96.3397
96.618
93.6238
97.5663
95.0429
93.9786
97.4811
95.8479
92.4707
94.9194
93.6655
94.6584
92.3861
94.8578
93.5401
97.8288
104.008
95.7836
98.372
97.6939
104.839
100.231
95.0021
94.3982
96.357
94.947
94.4023
96.2951
94.9987
94.0085
94.5601
94.1703
94.5371
93.9065
94.5204
94.1681
89.1122
124.373
99.6554
110.258
87.875
124.892
95.208
95.5036
93.6775
98.2641
92.4712
93.6845
96.6899
95.4961
94.0973
94.2147
93.8405
94.3434
94.1061
94.1923
93.7512
54.5168
104.425
103.475
99.2728
55.6792
105.943
103.88
90.4253
89.2372
91.0408
89.0317
89.2094
91.9884
90.4215
93.7057
96.8895
94.3765
94.0453
93.5961
96.8877
94.2829
108.317
109.712
105.538
106.388
106.093
107.831
105.467
101.661
100.15
103.688
102.418
100.153
103.688
102.208
94.6651
100.161
95.9224
97.7918
94.6483
100.157
95.9313
107.074
111.684
106.136
116.242
108.806
110.455
106.939
104.84
103.034
104.715
104.14
103.061
105.469
103.076
96.0556
100.171
96.5088
100.652
96.0675
100.03
96.5079
104.862
103.805
102.34
103.398
103.726
104.37
102.168
100.265
101.167
102.234
102.491
101.187
102.223
100.34
95.735
97.2101
94.9099
99.5621
95.7446
97.1431
94.9196
95.4132
92.3009
93.3436
94.5982
95.3405
92.3083
93.3697
96.2452
97.3655
98.1856
97.3052
96.5371
96.4287
97.0909
94.141
94.9241
93.4596
96.2936
94.1409
94.9202
93.4593
92.86
92.9107
93.2092
93.5548
92.8594
96.2925
93.2369
94.0866
94.3228
93.5613
94.1871
94.0379
94.3358
93.5605
93.0833
94.3183
92.6558
94.5654
93.0831
94.315
92.6559
92.6571
96.5396
94.6075
93.6163
95.2237
95.8349
104.708
93.8666
93.7193
94.0008
95.2616
93.9038
93.749
94.2745
92.6359
94.3623
92.3437
94.3021
92.6357
94.3564
92.344
95.1406
93.4052
99.7766
97.3239
95.9198
93.9866
97.5221
97.0709
94.3453
101.526
95.1884
97.0654
94.3558
102.148
92.3797
94.7754
93.5102
94.5558
92.3805
94.7658
93.5144
99.1836
104.145
97.5993
103.224
99.1554
104.089
96.4588
95.0199
94.3854
96.3507
95.124
94.9971
94.3934
96.3597
93.8874
94.5548
94.1713
94.5316
93.8895
94.535
94.1707
87.8302
127.091
103.294
111.286
84.4023
159.603
156.761
95.4656
93.6214
98.3159
92.2689
95.4474
93.6305
97.4079
94.1135
94.1934
93.7417
94.3604
94.1127
94.223
93.7402
58.6029
103.196
108.274
104.631
226.23
103.261
103.788
90.003
89.1986
92.9525
90.9918
90.0451
89.1683
95.7683
93.602
96.9001
94.2775
94.0235
93.6061
96.8821
94.2766
106.111
107.856
105.361
106.243
106.186
108.172
105.371
101.676
100.121
103.659
101.754
101.675
100.127
103.454
94.6481
100.157
95.9274
97.7887
94.6495
100.157
95.9278
106.345
110.807
105.966
110.798
104.299
107.569
101.673
105.514
102.985
104.751
104.728
102.701
102.959
103.188
96.0657
100.029
96.5065
100.654
96.0657
100.036
96.5066
104.267
103.694
102.065
109.999
101.733
101.104
102.309
100.061
101.16
102.807
103.148
100.184
101.319
102.696
95.7426
97.1394
94.9183
99.5563
95.7423
97.1402
94.9184
95.3576
92.3582
93.3782
96.6187
95.5788
92.4344
93.676
96.4817
97.3444
96.3564
97.4349
96.4669
96.3387
97.4124
94.1419
94.9242
93.4602
96.3846
94.1326
95.0578
93.4512
92.871
95.4107
93.5531
94.393
93.2743
98.8988
94.0121
94.2303
94.3524
93.5962
94.0004
94.1304
94.6024
93.5959
93.0843
94.3091
92.6597
94.6761
93.0757
94.2718
92.6547
95.3046
95.0111
102.889
93.2454
97.16
96.5526
102.099
93.9283
93.7538
94.5447
93.5869
93.8969
93.7267
94.4505
92.6377
94.368
92.3452
94.2882
92.6281
94.3842
92.3589
95.8148
91.1154
97.0909
97.8601
96.5952
93.3329
98.7945
91.8418
95.1188
94.4619
94.2016
100.619
94.6938
94.0848
92.3867
94.742
93.4819
94.5494
92.4735
94.7938
93.6458
99.4212
104.445
97.3426
108.09
99.7987
107.269
97.4028
95.2806
94.4008
96.2275
95.6404
95.2217
94.4713
96.2844
93.9013
94.5199
94.1667
94.5527
94.0097
94.5797
94.1704
83.1975
172.082
87.2875
108.644
83.418
28.0969
150.145
95.4745
93.711
96.2582
92.9544
95.4657
93.7075
96.9258
94.1071
94.19
93.7516
94.3822
94.0985
94.1997
93.8392
115.836
105.017
107.416
79.1909
132.076
102.831
105.188
90.0626
89.1703
86.1915
103.661
89.8726
89.3738
87.4018
93.6074
96.9001
94.2825
94.0391
93.6925
96.9105
94.3741
106.341
108.079
105.552
106.433
108.666
108.609
105.516
101.358
100.064
103.609
101.845
101.362
99.9835
103.777
94.65
100.156
95.9316
97.8261
94.6667
100.158
95.9223
105.212
107.713
101.57
110.681
103.825
108.47
101.537
104.151
102.878
106.898
104.159
104.312
102.87
115.372
96.0678
100.046
96.508
100.616
96.0552
100.189
96.5088
100.779
94.6963
101.684
100.065
101.447
112.554
102.47
100.102
101.145
100.075
101.036
100.089
101.068
100.19
95.7439
97.1399
94.9198
99.701
95.7342
97.2071
94.9102
96.6295
97.5558
96.8927
97.4723
96.8917
96.6195
97.5522
96.1533
105.178
94.8625
96.0825
101.037
94.847
96.9948
96.0498
95.9296
95.1296
95.4709
95.8986
95.139
96.0497
96.8669
97.6285
97.3339
97.64
96.8261
96.6552
97.7211
96.6373
97.485
97.5552
96.8773
96.8942
96.636
97.5547
96.1343
97.302
99.6228
94.8731
100.045
94.888
95.8391
96.044
95.4853
95.8721
95.1406
95.911
95.1403
96.0351
94.1489
94.6344
94.4502
94.8608
94.6387
94.4524
94.1436
94.1204
93.728
93.8504
93.6311
93.6909
93.8315
94.0896
94.0657
94.2919
94.0706
94.2525
94.3005
94.0707
94.0643
93.9691
94.3236
94.3157
93.5386
94.3332
93.5357
93.9905
94.1538
94.8731
94.6401
94.4645
94.6401
94.4559
94.1477
94.124
93.6444
93.6773
93.8861
93.7168
93.8844
93.9906
94.1207
94.2507
94.3011
94.0906
94.3003
94.0899
94.0844
94.2777
94.0897
94.2274
94.1539
94.1059
94.2129
94.3143
93.6757
100.531
94.4363
94.7885
96.2992
94.3993
94.9371
94.4613
94.3212
94.431
94.1843
94.3832
94.4302
94.5164
93.9675
93.6556
93.6959
93.9121
93.6894
93.8997
93.9457
94.2787
94.1572
94.1016
94.205
94.1301
94.2727
94.316
94.1998
95.0003
96.5114
94.4959
96.3937
94.5215
94.137
94.6804
94.4395
94.2286
94.4227
94.238
94.4472
94.608
94.726
94.565
94.2626
94.2124
94.7478
94.2944
94.5264
93.1171
108.407
94.0763
93.6809
103.224
94.0347
93.3165
93.9003
94.217
94.4203
94.417
94.2286
94.4056
93.9351
97.8319
95.0441
95.3544
102.141
94.1769
97.3999
97.2009
94.4666
94.2434
94.3955
94.2285
94.3505
94.2409
94.6535
93.8907
94.2662
105.167
94.0451
103.965
94.043
94.8677
94.0425
94.395
94.1808
94.3876
94.2061
94.3971
93.926
94.8225
94.4002
94.6829
94.5746
94.4112
94.6293
94.9198
94.8423
96.4685
94.8146
94.701
95.2294
94.7796
94.9511
94.5528
94.4177
94.7335
94.702
94.3634
94.6203
94.6613
94.9995
94.9917
94.419
96.5534
94.4214
96.5821
95.035
94.7936
94.5815
94.3623
94.6439
94.5094
94.6516
94.8055
94.8349
94.7324
95.2464
94.7343
95.2522
94.7575
94.8364
94.5348
94.7075
94.4434
94.6413
94.6485
94.5848
94.6291
94.5728
94.0135
94.5254
94.2989
93.9802
94.5201
94.6535
96.4181
103.601
91.7055
95.7517
105.839
91.6576
96.6167
94.5892
94.4901
92.7894
93.8024
94.3852
92.843
94.6176
95.505
92.3904
93.6321
96.7128
93.6527
96.5946
95.6618
94.5724
94.2632
94.0098
94.5264
93.9821
94.5389
94.5841
96.4512
94.8881
100.829
91.4653
100.603
91.5681
96.7421
94.622
93.7215
94.3983
92.6763
94.4183
92.8957
94.6223
92.7674
92.1187
94.0731
93.0852
91.9224
94.0626
92.7972
95.6517
97.7838
98.1272
99.942
97.5105
98.1078
95.0331
95.1882
95.5472
97.4962
97.1024
95.5546
97.5303
95.2049
90.3615
89.3879
89.1889
91.7153
89.1856
90.2808
90.3873
92.7723
93.0865
91.62
94.0466
91.8559
94.0536
92.7765
95.4228
99.8857
98.0377
98.1278
97.1039
98.1302
95.3908
95.216
97.1409
95.5219
97.4941
95.556
97.6119
95.2208
100.249
99.0093
99.4894
98.3229
99.0092
99.4915
100.617
102.361
103.975
102.599
104.247
103.78
102.62
102.364
101.127
100.223
101.584
100.867
100.224
101.593
101.145
101.699
102.131
100.132
103.583
100.134
103.643
101.711
100.342
98.3461
99.0142
99.4641
99.0111
99.4857
100.327
102.346
104.205
103.681
102.583
103.763
102.587
102.295
101.132
100.922
100.213
101.58
100.227
101.597
101.134
103.28
102.047
101.744
101.422
102.053
101.749
102.92
102.029
105.361
101.607
103.19
104.373
101.601
104.076
102.174
101.785
101.408
100.864
101.798
101.412
102.211
101.816
104.058
102.974
106.071
102.989
105.977
103.281
103.457
101.423
102.028
101.748
102.072
101.751
103.461
103.505
105.236
104.133
101.83
104.875
101.802
102.014
102.166
100.87
101.805
101.404
101.802
101.41
102.394
100.088
100.97
99.7256
100.517
100.972
99.7377
100.081
99.7714
102.374
99.1179
99.2595
100.27
100.755
98.6666
99.341
99.0879
98.5734
98.691
99.0945
99.3345
98.5858
100.285
102.854
101.184
101.45
101.205
102.081
100.172
100.086
100.529
100.966
99.755
100.97
99.7552
100.08
100.199
99.2247
99.8511
98.7586
99.8399
99.3478
98.7043
99.3391
98.6856
99.103
98.5892
99.0977
99.3343
98.587
96.6398
97.5511
96.8647
97.4658
96.6367
96.8632
97.5521
95.8717
99.4272
94.8548
95.2679
95.9181
99.2961
94.9103
96.0414
95.9576
95.1405
95.5042
96.05
95.9443
95.1399
96.2941
97.2822
97.2958
96.3339
96.4135
96.3955
97.264
96.6419
97.4586
97.5525
96.8724
96.8675
96.6435
97.5508
96.2455
95.0694
101.28
94.7029
99.3461
94.7172
96.1214
96.0543
95.4994
95.935
95.1466
95.9315
95.1416
96.067
94.1502
94.6405
94.4721
94.8796
94.1471
94.6408
94.4754
93.9794
93.7032
93.8504
93.668
94.027
93.7024
93.8542
94.0756
94.3016
94.0637
94.2486
94.0709
94.3007
94.0641
94.1006
94.0621
94.3082
93.5783
94.3433
93.5709
94.1419
94.1505
94.8782
94.643
94.4761
94.6422
94.4768
94.1533
94.0049
93.6883
93.6953
93.8803
93.6985
93.8582
94.2145
94.077
94.2495
94.2982
94.0608
94.2999
94.0648
94.0781
94.2481
94.0862
94.2466
94.1504
94.2676
94.0856
94.2121
94.1439
96.695
94.5146
96.3845
94.1541
96.6507
94.5098
94.6697
94.2607
94.4684
94.1457
94.6383
94.2149
94.4315
93.8721
93.3967
93.7522
94.5075
93.7517
94.3584
93.8942
94.2526
94.1503
94.0452
94.1784
94.0609
94.2123
94.2254
94.1157
95.3459
97.3417
94.4727
96.8149
94.498
94.0922
94.6822
94.1299
94.2226
94.5359
94.256
94.4307
94.6359
94.5835
94.4547
94.2709
94.1981
94.6577
94.3792
94.191
94.7904
105.95
94.0183
96.4594
94.8172
105.55
93.9773
93.9604
94.2068
94.3863
94.3199
93.9526
94.1745
94.3838
105.822
96.8284
95.3058
94.74
94.5199
94.8301
97.8168
94.652
94.2175
94.4084
94.1189
94.3728
94.144
94.3101
94.7889
95.1699
105.63
94.1212
105.473
94.0282
94.6345
93.9686
94.3125
94.2117
94.4257
94.191
94.4
93.9774
94.8244
94.3615
94.7282
94.4162
94.806
94.3732
94.6541
94.8189
95.25
94.7359
94.7982
94.8229
95.2577
94.7449
94.5759
94.472
94.6147
95.2682
94.574
94.4762
94.6082
95.0646
95.1332
94.4157
96.2702
94.4924
96.28
95.1465
94.8226
94.4966
94.41
94.6812
94.3639
94.6764
94.8235
94.8203
94.7174
95.4082
94.813
95.282
94.7636
94.8227
94.5714
95.4201
94.5444
94.6302
94.7065
94.6182
94.577
94.6311
93.9953
94.5461
94.173
94.5966
93.9767
94.5126
96.2834
101.565
91.3111
95.2681
96.2586
102.138
91.1297
94.6124
94.4452
92.6648
94.2026
94.5961
94.4183
92.6357
95.4869
92.1361
93.7367
96.368
93.6385
96.857
95.4556
94.6087
94.4271
93.9811
94.5283
93.9741
94.5425
94.5618
96.3331
94.2647
103.153
90.6548
103.567
90.9014
95.9507
94.6607
94.0551
94.4183
92.604
94.4001
92.6018
94.602
92.8072
91.6927
94.07
93.0737
92.7784
91.6314
94.0598
96.416
95.935
98.1379
99.7641
96.6312
98.7328
98.1927
95.2447
95.5162
97.4777
97.0965
95.2213
95.5441
97.4819
89.9351
89.9802
89.1282
85.9754
89.1055
90.1457
89.8712
92.8184
92.9883
91.5595
94.065
91.6699
94.073
92.8189
95.4639
99.6894
97.0566
98.1006
97.5614
98.0944
95.8242
95.2343
97.1184
95.4981
97.4833
95.5287
97.463
95.2354
100.287
99.0148
99.4737
98.3253
100.327
99.0141
99.4969
102.145
103.628
102.583
104.023
102.233
103.615
102.588
101.12
100.213
101.587
100.885
101.126
100.274
101.598
101.404
101.638
100.077
103.352
100.09
103.342
101.366
100.288
98.3401
99.0153
99.5125
99.0156
99.5149
100.301
102.13
103.981
103.813
102.585
103.638
102.593
102.134
101.144
100.889
100.209
101.601
100.212
101.618
101.113
103.389
102.043
101.749
101.419
102.702
102.018
101.753
102.515
103.621
101.52
102.933
103.972
116.802
101.598
101.785
101.806
101.394
100.891
102.274
101.806
101.38
109.264
104.294
102.898
104.135
102.926
104.233
108.608
101.456
101.419
102.018
101.776
102.025
101.765
101.501
107.832
102.632
113.429
101.561
112.941
101.848
106.248
104.421
100.893
101.811
101.36
101.806
101.367
101.68
100.071
100.96
99.7592
100.543
100.076
100.954
99.7641
99.7855
99.776
98.8662
99.2536
99.92
99.7416
98.9097
99.3328
99.1033
98.59
98.6663
99.3335
99.1115
98.5917
100.111
103.156
101.157
104.148
101.103
104.095
100.118
100.065
100.539
100.942
99.771
100.948
99.7694
100.058
99.6623
99.3106
99.819
98.9533
99.7768
99.5421
98.9347
99.3322
98.6657
99.1112
98.5942
99.1136
99.3315
98.5928
96.6448
97.5555
96.8785
97.4543
96.6445
96.8863
97.5572
96.1592
93.0361
94.9676
95.0238
95.9981
93.2273
94.9815
96.0779
95.9886
95.1518
95.5011
96.0812
96.0348
95.1515
96.5196
97.5633
97.5843
96.5094
96.3323
96.5085
97.498
96.6448
97.4487
97.5494
96.901
96.8922
96.6339
97.5553
95.822
95.1443
94.5946
95.5347
93.4798
94.9642
96.5081
96.0754
95.4915
96.0177
95.1521
96.0341
95.1548
96.0671
94.1648
94.6454
94.4762
94.8578
94.1567
94.6454
94.4734
94.1806
93.6945
93.8863
93.6836
94.2124
93.6964
93.8854
94.0902
94.2984
94.0683
94.2495
94.0868
94.2979
94.0677
94.1294
93.9772
94.4825
93.6026
94.3627
93.6026
94.1398
94.1716
94.8462
94.6438
94.4563
94.6453
94.463
94.1711
94.1705
93.7194
93.6536
93.9492
93.6318
93.8894
94.4911
94.1002
94.2505
94.2887
94.078
94.2978
94.0737
94.155
94.2424
94.0459
94.2088
94.1434
94.2354
94.0438
94.208
94.7768
98.5569
94.447
95.7455
94.047
98.0773
94.4695
94.6502
94.2305
94.4598
94.1985
94.6236
94.2551
94.4595
94.0026
93.5497
93.8564
94.6309
93.6836
94.3641
93.9755
94.2802
94.1412
94.0459
94.1923
94.052
94.1983
94.2699
93.6847
95.5581
97.9227
94.3749
97.9304
94.3645
94.1951
94.6648
94.1965
94.2449
94.4462
94.2882
94.4509
94.6312
95.1205
94.4083
94.1061
94.2282
94.7649
94.4134
94.0684
98.7147
106.18
94.1608
96.0241
97.0604
105.549
94.0097
93.9749
94.2206
94.4312
94.2961
93.9842
94.1998
94.4397
94.818
94.4645
94.6005
95.8449
94.6354
95.04
88.7862
94.3052
94.2288
94.4545
94.0483
94.4332
94.0507
94.6226
94.6252
100.665
127.198
94.3174
104.803
94.0559
93.4244
93.9563
94.2884
94.2185
94.497
94.2058
94.512
94.0691
94.8855
94.3913
94.6889
94.3917
94.8161
94.3817
94.769
94.8136
95.2967
94.7462
94.5863
94.819
95.278
94.7376
94.5787
94.5455
94.6374
94.3878
94.5823
94.5228
94.6203
95.2789
95.524
94.4561
97.4251
94.4185
96.4982
95.4641
94.8111
94.653
94.3865
94.8285
94.3805
94.6598
94.828
94.8273
94.6399
95.3753
94.8147
95.3692
94.9607
94.825
94.632
94.3924
94.5641
94.6247
94.5243
94.6139
94.6232
94.7113
94.0091
94.5404
94.1722
94.5521
93.9684
94.5205
95.8916
103.532
90.6091
126.604
95.8696
103.805
92.5405
94.6049
94.4383
92.5763
93.8675
94.604
94.4117
92.5561
95.5565
92.8658
93.7303
99.4634
93.7055
98.0457
95.4719
94.6565
94.169
94.0274
94.5562
93.9749
94.5199
94.7202
95.9534
84.3219
105.839
90.4687
105.283
91.047
95.9328
94.5968
93.9028
94.5524
92.5553
94.4702
92.5508
94.5948
92.7988
91.6818
94.097
93.0738
92.8102
91.6405
94.0694
95.692
97.2767
98.0943
99.4454
96.2343
97.4266
98.1285
95.2636
95.4688
97.4738
97.1016
95.2389
95.5108
97.4763
89.6271
102.54
89.3309
89.6589
89.3072
87.9214
89.4891
92.7995
93.0869
91.8954
94.0872
91.81
94.0745
92.7965
95.389
99.442
99.3227
98.1187
97.6232
98.044
95.4358
95.2561
97.1029
95.6045
97.4959
95.5087
97.4836
95.2758
100.311
99.0144
99.5262
98.3387
100.306
99.016
99.5243
102.176
103.972
102.6
104.085
102.142
104.341
102.656
101.134
100.321
101.601
100.88
101.117
100.291
101.617
101.313
101.795
99.9674
103.895
99.9451
103.804
101.506
100.307
98.3309
99.0231
99.5399
99.0216
99.5151
100.31
102.159
104.128
104.077
102.663
104.384
102.643
102.2
101.145
100.88
100.299
101.612
100.294
101.628
101.443
101.659
102.008
101.786
101.423
101.56
102.009
101.794
103.848
115.131
101.567
101.361
103.969
116.564
101.516
102.134
101.814
101.353
100.882
102.081
101.814
101.35
104.729
104.176
102.864
107.861
102.859
107.365
104.372
101.666
101.425
102.089
101.793
102.005
101.799
101.667
104.077
101.38
116.425
101.826
116.46
101.703
104.854
102.166
100.872
101.796
101.345
101.808
101.348
102.168
100.056
100.938
99.7681
100.52
100.056
100.936
99.7624
99.3582
99.8691
98.9591
99.7244
100.301
99.9219
98.9799
99.3374
99.1037
98.595
98.6957
99.3319
99.1017
98.5961
100.1
101.108
101.386
100.369
101.119
100.125
100.212
100.059
100.507
100.93
99.736
100.935
99.751
100.052
99.5062
99.7461
101.454
99.1
99.8856
99.6683
98.9469
99.3392
98.7008
99.0648
98.5837
99.0817
99.3347
98.5939
94.5707
94.523
94.5364
94.4927
94.4916
94.4992
94.4861
94.6685
94.0528
94.6691
94.992
94.2872
94.2891
94.9873
94.5225
94.5346
94.5088
94.4832
94.4962
94.4852
94.495
94.6572
94.0222
94.662
94.9894
94.2847
94.9902
94.2863
94.4652
94.6015
94.6371
94.4816
94.4947
94.483
94.4962
94.6376
94.0466
94.6391
94.9893
94.2855
94.9907
94.2852
94.3634
94.8527
94.3693
94.4606
94.587
94.5694
94.4528
94.5329
94.5865
94.5494
94.4904
94.4982
94.498
94.487
94.9051
94.3752
94.5222
94.4604
94.5839
94.589
94.4529
95.6914
96.8885
95.6931
95.7693
96.8435
96.8505
95.763
94.0102
94.659
94.6635
94.9907
94.2835
94.2912
94.9907
96.8989
95.6891
95.7222
95.7654
96.8472
96.8486
95.7644
94.419
94.9526
94.2786
94.4522
94.5867
94.4544
94.5997
94.4276
94.4823
94.5015
94.4828
94.4954
94.4943
94.4824
94.8293
94.3868
94.4191
94.4541
94.5728
94.6081
94.4528
95.721
96.893
95.6843
95.7635
96.8466
95.7648
96.846
94.0305
94.6461
94.6549
94.9924
94.2872
94.2885
94.9888
96.9057
95.682
95.7128
95.7652
96.8455
96.8456
95.7644
94.4885
94.7333
94.3566
94.451
94.5727
94.4561
94.5932
94.5216
94.527
94.516
94.486
94.4875
94.4953
94.4804
94.747
94.3655
94.3591
94.4547
94.6139
94.6105
94.4604
95.7016
96.8867
95.6866
95.7659
96.8462
95.7654
96.8468
94.0012
94.6443
94.6415
94.9918
94.2859
94.2862
94.9939
96.8869
95.6934
95.6931
95.7705
96.8419
96.8484
95.7659
98.9501
97.7762
98.9531
98.7801
97.8134
98.7796
97.8211
98.9487
97.8202
98.9548
98.7403
97.8068
98.7596
97.7951
94.4878
94.3557
94.486
94.6728
94.4728
94.6789
94.474
94.3555
94.4859
94.4876
94.6716
94.4665
94.4723
94.6696
97.7785
98.941
98.9557
98.7779
97.818
97.8195
98.77
98.9795
97.8048
98.9827
98.7323
97.8067
97.7911
98.7086
94.4908
94.3954
94.4969
94.6433
94.4672
94.45
94.617
94.3937
94.4888
94.4933
94.6615
94.4642
94.4574
94.6707
97.796
98.9506
98.9772
98.7555
97.8043
97.7877
98.7745
94.4883
94.3727
94.4888
94.6519
94.4557
94.6606
94.4457
94.3777
94.4847
94.4895
94.6326
94.4505
94.4398
94.603
97.818
98.9681
98.9635
98.7176
97.8107
97.7806
98.6907
100.162
99.6582
99.668
99.0627
99.2869
99.2867
99.0749
99.6557
100.156
99.6543
99.0803
99.29
99.08
99.294
100.156
99.6522
99.6539
99.0819
99.2878
99.292
99.0795
99.6549
100.159
99.662
99.0644
99.2838
99.0756
99.2881
99.6662
100.169
99.6731
99.0532
99.3691
99.3153
99.0379
100.166
99.6606
99.6661
99.0542
99.3689
99.3171
99.0377
94.4269
94.3062
94.4243
94.1596
94.0038
94.1598
94.0013
94.4298
94.2991
94.4364
94.1339
94.0058
94.1468
94.006
94.3087
94.4294
94.433
94.1481
94.0089
94.0238
94.1539
94.3054
94.4256
94.4257
94.1589
93.9998
94.0039
94.1512
94.4281
94.3007
94.4355
94.1374
94.1053
94.0362
94.1253
94.2989
94.4368
94.4437
94.1204
94.0955
94.0278
94.1092
107.679
107.119
109.023
107.201
107.228
106.777
108.08
104.416
107.807
109.21
106.252
103.016
107.722
109.407
112.643
106.15
113.327
108.815
108.508
100.15
107.882
107.781
104.622
107.756
109.302
104.201
104.534
107.907
94.3385
96.1944
100.345
93.576
94.3255
96.334
101.779
100.685
105.824
103.697
100.123
109.729
104.468
105.185
96.6862
99.5865
96.0801
95.6787
95.0637
112.576
103.543
99.9593
103.991
104.181
102.758
111.797
106.062
106.822
98.5431
100.075
104.544
94.4696
104.193
98.7846
102.09
98.4784
127.725
94.8894
103.027
95.3981
110.941
96.4878
90.723
92.4284
90.8772
91.9348
90.7229
92.4289
90.877
94.3042
94.3315
93.9894
94.1099
94.3037
94.3306
93.9944
94.3046
94.1099
94.3323
93.9933
94.3316
93.9915
94.3048
90.7128
92.4197
90.8652
91.942
90.7224
92.4294
90.8767
90.7221
92.4293
90.8762
92.0288
90.7123
92.4204
90.8644
94.3042
94.1056
94.3326
93.9878
94.3332
93.9878
94.3047
94.3048
94.3335
93.9912
94.1068
94.3052
94.3341
93.9909
90.7216
91.9781
90.6524
92.2564
90.7214
91.9791
90.6525
94.4399
94.1736
94.3938
94.1668
94.4402
94.1771
94.3941
94.4401
94.1666
94.1763
94.3945
94.1736
94.3945
94.4406
90.7207
91.985
90.6519
92.2547
90.7105
92.0695
90.6405
94.4416
94.1723
94.3941
94.1695
94.4408
94.1734
94.3937
90.7114
92.0711
90.6413
92.2571
90.7214
91.9856
90.6523
94.4405
94.1702
94.1721
94.3928
94.1743
94.3925
94.4402
94.305
94.3229
93.9884
94.1031
94.3338
93.986
94.2932
94.3059
94.1044
94.3248
93.9901
94.3353
93.9896
94.2947
94.4443
94.1714
94.1724
94.383
94.1715
94.3941
94.4339
94.444
94.1715
94.3823
94.1717
94.1704
94.3939
94.4329
100.632
100.654
100.613
98.972
99.3054
98.9547
99.3008
100.654
100.601
100.598
98.9774
99.3076
99.3023
98.9772
100.602
100.64
100.6
98.9917
99.3251
98.9833
99.3457
100.643
100.648
100.659
98.9701
99.3203
99.3459
98.9523
100.631
100.582
100.595
99.0185
99.439
99.3818
99.103
100.616
100.632
100.64
99.0065
99.4428
99.3788
99.0908
94.3184
94.3726
94.3734
93.5234
93.6503
93.6508
93.5237
94.3747
94.3197
94.3742
93.5239
93.6535
93.5247
93.6486
94.2448
93.7057
94.3941
93.7364
94.2443
93.7062
94.3961
94.3694
94.3016
94.367
93.5301
93.662
93.5275
93.6723
94.2407
93.7698
93.7103
94.3906
93.7174
94.3861
94.2428
94.2447
93.736
93.7105
94.3941
93.7048
94.3962
94.2439
94.2396
93.7136
94.389
93.7703
94.2413
93.7199
94.3839
94.238
93.7463
94.3608
93.803
93.7293
94.3771
94.2239
94.3888
94.4351
93.9644
93.8769
94.3883
94.4361
93.964
94.3895
93.8794
94.4348
93.9678
94.4364
93.9608
94.3891
94.2888
94.3509
94.36
93.5525
93.7926
93.7119
93.5949
94.2383
93.8006
93.7464
94.3589
93.7303
94.3758
94.2242
94.3552
94.2958
94.3619
93.5546
93.7942
93.7138
93.5973
94.3073
94.3748
94.3711
93.5324
93.6619
93.6742
93.5295
94.3873
93.9315
94.4338
93.9715
94.4305
93.9805
94.3882
94.387
94.4314
93.9716
93.9252
94.3877
94.4272
93.981
94.3865
94.409
94.0173
93.9669
94.4243
93.9951
94.3738
94.3872
93.9649
94.4058
94.0168
94.4215
93.9954
94.3741
90.5921
91.9077
90.5337
91.5001
90.5925
91.8945
90.5343
94.4331
93.0114
94.5373
93.5025
94.4328
93.0025
94.5456
94.4345
93.537
93.006
94.5231
93.0036
94.5439
94.4344
90.5928
91.9104
90.5347
91.5083
90.584
91.9281
90.524
94.4156
93.0244
94.5169
93.5034
94.4269
93.0302
94.5262
90.5827
91.9324
90.5229
91.5034
90.5919
91.8953
90.5337
94.4296
93.5308
93.0069
94.5279
93.0303
94.514
94.4345
91.0017
92.7487
91.5039
92.3195
91.002
92.7486
91.5034
95.0847
93.6124
94.4425
93.7829
94.4477
93.7876
95.0801
90.9912
92.7572
91.4935
92.3249
91.0015
92.7512
91.5048
95.0765
93.6085
94.443
93.7859
94.4497
93.7994
95.0852
95.084
94.443
93.7815
93.618
95.0845
94.4474
93.7843
91.0012
92.7503
91.5037
92.337
90.9903
92.7561
91.4921
94.44
93.1122
94.5652
93.496
93.0657
94.4804
94.3999
94.406
93.5355
93.1377
94.5501
93.0567
94.5123
94.4137
95.0734
94.4392
93.7911
93.6148
95.0769
94.4345
93.7925
95.077
94.434
93.8744
93.6334
94.4344
93.8253
95.0433
95.0581
93.6067
94.4337
93.9117
94.4203
93.8252
95.0617
99.8668
104.895
107.024
100.159
100.528
103.421
106.604
94.3614
92.382
94.0659
92.7162
94.0669
92.7169
94.3631
95.5352
93.9063
96.2206
94.2785
95.5322
93.9032
96.222
95.536
94.2785
93.9023
96.2208
93.9053
96.2224
95.534
94.3469
94.0635
92.7275
92.3894
94.3542
94.0556
92.7329
95.5159
94.2854
93.9096
96.2162
93.9164
96.2039
95.5271
94.3633
94.0686
92.7183
92.3807
94.3594
94.0675
92.7164
95.5196
93.9115
96.2152
94.2823
95.5268
93.9151
96.2077
94.3345
92.4085
94.0244
92.844
94.0419
92.7647
94.3231
94.348
92.3873
94.0616
92.7271
94.0552
92.7367
94.358
95.5101
94.0099
96.1712
94.3077
93.9483
96.1865
95.4906
95.5074
94.3054
94.0282
96.1689
93.9421
96.1901
95.4947
94.3426
94.0252
92.8265
92.4089
94.0427
92.7696
94.3205
110.555
117.884
106.633
112.782
107.554
110.38
101.688
118.197
93.195
120.03
125.198
117.593
142.305
110.464
110.069
93.1902
110.507
105.188
108.456
92.4592
110.328
117.754
90.5986
122.854
68.7411
126.943
92.1374
119.47
105.626
107.411
109.908
106.695
105.601
107.51
113.122
108.579
94.9479
110.852
105.31
108.456
114.102
111.241
100.088
100.911
100.875
98.9924
98.0971
98.1037
98.988
100.032
100.775
100.761
99.0005
98.09
98.0897
98.9991
100.801
100.032
100.774
98.9959
98.0904
98.9886
98.0891
100.806
100.057
100.84
98.9861
98.0941
98.9951
98.0942
100.041
100.829
100.854
98.9799
98.0982
98.1014
98.9858
100.917
100.08
100.883
98.9894
98.0998
98.1106
98.9878
105.448
108.299
119.315
106.882
106.865
110.606
121.062
101.109
101.777
102.542
99.3385
100.984
101.291
102.462
90.2474
96.9897
93.5284
99.8704
91.6742
107.837
97.384
90.6176
91.5447
90.5066
91.4803
90.6178
91.5445
90.5073
106.376
111.047
141.427
107.893
106.87
107.807
107.414
93.1144
92.3987
93.6863
92.3434
93.1143
92.3974
93.6826
93.1144
92.3433
92.3988
93.685
92.3976
93.6865
93.1142
90.6082
91.5489
90.4957
91.4814
90.6173
91.5451
90.5071
93.1411
92.3449
92.4021
93.6851
92.4026
93.6885
93.1251
90.6179
91.5457
90.5079
91.4823
90.6089
91.5495
90.4965
93.1393
92.4023
93.6922
92.3449
93.1244
92.4031
93.6878
93.1762
92.3989
93.78
92.3561
92.4072
93.6951
93.2424
93.1753
92.3575
92.3987
93.7752
92.4077
93.6957
93.2383
91.9263
93.8651
92.3684
93.3648
91.9268
93.865
92.3684
96.9028
96.605
95.1919
94.6482
96.9106
96.6094
95.1913
96.9026
94.6476
96.6075
95.1924
96.6052
95.1912
96.9045
91.9142
93.8686
92.356
93.3668
91.9257
93.8658
92.3685
91.9269
93.8659
92.3687
93.37
91.9145
93.8687
92.3561
96.943
94.6522
96.6166
95.1955
96.593
95.1948
96.9233
96.9304
96.6079
95.1961
94.6464
96.9155
96.6163
95.1956
96.9795
96.6873
95.1926
94.6683
96.609
95.2003
97.0422
96.9661
94.6615
96.6961
95.1932
96.6072
95.2017
97.037
94.5636
94.5068
94.5068
93.6815
93.8108
93.8091
93.6827
94.515
94.5616
94.5098
93.682
93.8104
93.6824
93.8094
94.5117
94.5991
94.5335
93.6883
93.8152
93.69
93.8155
94.5882
94.5233
94.5253
93.6845
93.8133
93.8132
93.6836
94.6288
94.6434
94.5635
93.6909
93.8108
93.8201
93.6888
94.6288
94.6133
94.5464
93.6974
93.8124
93.8202
93.693
108.543
100.415
105.87
108.295
109.499
103.542
104.867
113.492
112.185
103.116
104.357
105.302
108.557
107.338
109.554
104.387
105.089
94.3714
107.417
106.333
105.455
98.5879
99.5465
98.5832
97.0018
97.7521
97.0026
97.7504
99.5864
98.5958
98.6064
97.0066
97.7568
97.756
97.0071
98.7286
99.6218
98.6262
97.0127
97.7501
97.7614
97.0019
98.5907
99.5814
98.6035
97.0061
97.7534
97.0064
97.7537
99.5509
98.581
98.5779
97.0019
97.7496
97.7497
97.0024
99.6152
98.716
98.6302
97.012
97.7502
97.7603
97.0011
105.378
108.265
109.998
105.521
105.595
108.667
110.054
106.847
104.185
107.195
107.835
102.673
103.738
108.402
96.3519
98.5684
98.3877
100.709
104.956
119.388
104.754
101.93
108.704
101.794
99.0193
99.7658
107.535
106.125
92.8501
92.6363
93.0778
92.2681
93.0754
92.2674
92.8518
97.0095
95.9301
95.4064
97.2828
95.4076
97.2942
97.0004
92.8502
93.0798
92.268
92.6367
92.853
93.0758
92.2675
96.9918
95.4014
97.2744
95.9275
96.9928
95.4008
97.2703
96.9914
95.9272
95.4019
97.2759
95.4006
97.2708
96.9933
97.0094
95.4065
97.284
95.9311
97.0004
95.4084
97.294
92.8651
92.6348
93.0817
92.2722
93.0804
92.2731
92.8585
92.8639
93.0801
92.2724
92.6358
92.8568
93.0827
92.2735
97.038
95.4034
97.3022
95.9339
95.414
97.3021
97.1284
97.0393
95.9342
95.4035
97.3017
95.4143
97.3015
97.1287
92.887
93.0953
92.269
92.6374
93.0859
92.278
92.9526
92.887
92.6381
93.0936
92.2692
93.089
92.2783
92.9522
88.9866
104.476
106.815
93.7096
91.3578
98.2694
102.418
95.3415
94.9258
95.3458
94.4832
94.057
94.4832
94.0559
94.9224
95.3595
95.3632
94.4849
94.0573
94.0562
94.4854
94.9328
95.377
95.4149
94.487
94.0622
94.0641
94.4866
95.3587
94.9332
95.3329
94.4865
94.0624
94.487
94.0639
94.9599
95.4541
95.3389
94.4913
94.0604
94.0695
94.4834
95.4552
94.9669
95.392
94.4921
94.0607
94.0701
94.4837
97.0675
92.1749
85.3562
93.9275
95.6312
93.0101
85.6039
114.638
100.083
99.0779
100.421
93.1099
124.689
100.882
95.8284
101.445
100.716
134.134
132.44
97.4879
102.473
104.42
93.9626
94.1049
140.154
126.22
118.173
103.187
104.809
103.607
103.608
106.243
104.55
114.225
115.831
97.8653
97.1398
97.8593
96.4396
95.912
96.4405
95.9101
97.1404
97.8488
97.8507
96.4398
95.9091
96.4406
95.9093
97.9747
97.1624
97.8869
96.4502
95.9078
96.4395
95.918
97.856
97.1406
97.863
96.4453
95.9127
96.4448
95.9124
97.1468
97.8697
97.8669
96.4453
95.9143
96.445
95.9136
97.1588
97.9711
97.8844
96.4509
95.9067
96.4401
95.9169
103.096
121.324
122.341
111.612
103.848
110.413
106.926
93.3126
104.87
98.5359
102.069
96.3632
108.028
111.062
98.8767
100.949
98.9922
100.528
107.179
99.886
100.186
88.2473
92.4421
95.9747
163.468
101.18
101.613
166.866
95.8123
96.2791
95.8118
94.9509
95.2399
94.951
95.2396
91.995
91.9387
91.9918
91.4561
91.3863
91.4567
91.3851
96.2741
95.8118
95.8134
94.9543
95.2448
94.9544
95.2474
91.9393
91.9928
91.993
91.4559
91.3857
91.385
91.4563
91.9952
91.9404
91.9985
91.3904
91.4611
91.4617
91.392
91.9422
91.9981
91.9992
91.3912
91.4616
91.4624
91.3925
91.9945
91.9831
91.9916
91.3931
91.3919
91.4597
91.4604
91.9846
91.9941
91.9948
91.3914
91.3894
91.4567
91.4572
95.8117
96.299
95.8136
94.9547
95.2462
94.9549
95.246
96.2858
95.8099
95.8104
94.9513
95.2432
94.9515
95.2405
91.9959
91.985
91.9997
91.3955
91.3972
91.4637
91.4651
91.988
91.9996
92.0009
91.3957
91.3961
91.4626
91.4635
96.3097
95.8662
95.827
94.9584
95.2396
94.9481
95.2499
95.8701
96.2982
95.8301
94.9585
95.2426
94.9484
95.2516
92.0685
91.9595
92.0155
91.4663
91.387
91.3969
91.4566
91.9579
92.0653
92.0134
91.4655
91.3864
91.3964
91.4557
102.324
102.028
99.449
124.715
99.0612
110.447
101.452
92.0032
92.0826
92.0197
91.3941
91.4043
91.4704
91.4615
92.0845
92.0052
92.0213
91.395
91.4044
91.4706
91.4625
98.4617
93.6207
108.271
95.248
101.261
96.214
102.88
113.283
84.2313
105.565
101.328
110.589
134.244
104.026
160.823
118.737
257.159
101.203
145.659
119.389
208.716
151.569
109.13
123.6
101.345
132.998
106.151
122.174
104.71
107.872
106.242
103.837
102.873
103.117
102.051
105.398
103.839
103.794
111.665
103.797
103.211
111.116
123.004
114.781
108.664
110.868
109.6
121.492
128.23
107.781
102.688
105.046
106.896
158.007
108.82
152.967
104.893
104.005
103.631
111.868
103.46
104.234
114.131
103.334
108.53
107.251
109.094
108.925
143.738
142.479
92.037
92.4301
92.0355
91.497
91.8867
91.4981
91.8871
92.4317
92.0366
92.0371
91.4948
91.8857
91.8854
91.4948
110.921
100.132
129.738
122.268
106.539
125.179
112.57
92.4303
92.0401
92.0439
91.8876
91.501
91.4997
91.8842
92.036
92.43
92.0396
91.8872
91.4997
91.5002
91.8849
92.0173
92.2571
92.0158
91.4837
91.7762
91.484
91.7765
100.472
109.799
108.394
99.0572
109.637
99.145
99.889
98.7563
110.13
125.342
121.835
129.933
87.254
101.231
92.2574
92.016
92.0164
91.4839
91.7754
91.7764
91.4838
92.0177
92.2585
92.0227
91.7778
91.4882
91.4877
91.775
92.2597
92.0203
92.0251
91.779
91.4888
91.4882
91.7759
92.0701
92.4258
92.0522
91.5057
91.8818
91.8904
91.4975
92.4274
92.0692
92.0506
91.5051
91.8797
91.8888
91.4965
92.0597
92.259
92.0365
91.492
91.767
91.7784
91.4808
92.2577
92.0579
92.0345
91.4912
91.7659
91.7774
91.4798
103.634
93.809
87.0231
113.947
86.4263
152.36
135.648
108.465
112.447
111.47
105.549
110.653
120.571
111.542
98.4744
172.453
174.983
100.348
97.3095
87.7756
88.6203
-2.92932
24.4545
250.591
167.575
103.061
24.9439
20.1142
168.671
125.55
163.47
101.335
96.0471
89.2771
90.1748
107.006
108.28
106.259
105.051
106.803
110.897
105.988
108.331
111.278
109.732
104.991
109.06
109.834
115.83
114.958
109.602
129.021
109.653
85.3872
115.745
109.399
99.7101
181.565
132.632
99.1418
178.451
64.6919
66.1865
89.5307
89.4518
104.235
137.752
100.708
188.189
98.409
107.873
105.241
107.732
107.254
113.633
106.281
108.135
124.073
89.008
117.965
87.0396
117.024
109.694
113.257
118.77
161.478
161.624
99.2479
96.1572
90.8004
91.7025
111.635
104.147
115.54
106.895
111.581
105.483
114.283
116.837
103.42
133.983
100.978
98.0463
92.7784
113.921
104.543
107.32
107.316
107.766
111.833
107.365
107.542
130.923
99.0953
99.1927
183.622
178.844
67.4146
68.5527
97.6581
96.1081
97.6137
100.911
105.034
103.801
105.254
105.876
108.393
108.235
104.654
105.316
108.8
106.919
108.666
106.75
107.685
107.391
110.048
109.526
107.671
95.8147
128.108
104.512
143.501
93.4069
129.843
101.058
154.388
101.689
182.51
110.756
129.341
60.1348
66.3109
91.9736
91.9076
91.9726
91.435
91.4357
91.5664
91.5654
91.895
91.9761
91.9757
91.4355
91.4342
91.5642
91.5631
91.9746
91.9153
91.9756
91.4392
91.4392
91.5667
91.5644
91.8914
91.9773
91.9806
91.4354
91.4327
91.5655
91.5626
92.3141
92.7427
92.7418
91.7464
91.7476
92.2509
92.2498
94.3075
94.6477
96.372
98.3549
94.2305
97.7035
96.4656
92.7449
92.3132
92.7418
91.7493
91.7488
92.252
92.2518
114.389
101.64
140.553
99.6962
108.31
99.3816
108.174
101.445
114.147
108.312
100.283
108.295
108.227
101.723
91.9171
91.9868
91.981
91.4341
91.4444
91.5687
91.5579
91.9828
91.9079
91.986
91.4312
91.4392
91.5676
91.5574
113.971
95.5838
93.934
98.3467
92.1859
108.803
108.952
92.3288
92.7475
92.7496
91.7532
91.7533
92.2547
92.2532
92.7449
92.3182
92.7468
91.7495
91.7501
92.2517
92.2501
122.459
103.859
107.341
104.4
110.877
103.311
110.338
104.109
118.319
108.433
104.309
124.3
110.591
110.108
92.7532
92.328
92.7531
91.7485
91.7588
92.2568
92.247
92.3266
92.7543
92.7477
91.7469
91.7562
92.2553
92.2456
107.653
107.168
107.629
107.914
109.528
107.048
104.585
92.5037
94.3432
92.4968
94.0494
92.5044
94.3431
92.4968
97.1922
97.2821
96.0287
96.0668
97.1942
97.2787
96.0296
97.1923
96.0668
97.2814
96.0284
97.2786
96.0294
97.1947
92.4913
94.3441
92.4843
94.0503
92.5032
94.3427
92.4973
92.5043
94.3428
92.4974
94.0528
92.4915
94.3442
92.4845
97.2013
96.0648
97.2842
96.0309
97.2857
96.0279
97.1976
97.2001
97.2828
96.0303
96.0651
97.1972
97.286
96.0273
97.2039
97.2941
96.0178
96.0681
97.2893
96.0311
97.2053
97.2027
96.0679
97.2926
96.0171
97.29
96.0303
97.2041
108.007
108.094
119.529
104.221
108.352
105.001
120.135
105.401
107.812
113.141
105.842
103.507
107.831
109.258
98.3706
95.6675
98.3748
100.633
105.218
108.578
103.946
85.4613
88.8082
86.0797
163.511
105.104
102.757
163.432
91.6761
107.782
105.264
91.1065
94.4685
99.6441
103.423
100.972
110.123
102.683
109.531
114.822
99.4968
101.737
96.0987
99.6225
97.7122
97.9449
96.3186
98.6702
95.6185
94.4495
98.3225
94.9043
96.0525
97.9888
94.737
96.5921
102.339
115.39
117.368
101.454
162.78
117.416
96.051
105.579
119.637
106.881
106.33
119.32
111.494
119.435
122.247
103.478
108.586
106.596
114.161
122.122
109.611
109.585
156.241
117.037
124.419
152.068
209.33
57.7883
97.7523
100.539
96.9383
103.347
104.029
103.24
103.935
89.6323
101.143
90.9007
91.5744
95.7291
100.537
90.9841
89.893
101.334
89.2971
93.6666
86.5855
102.719
90.9727
96.4992
96.4062
97.1631
101.238
97.289
95.2799
96.347
95.5601
97.5365
120.875
94.6223
95.7746
97.8297
104.771
98.196
101.613
97.876
109.424
97.8349
104.746
98.0326
95.9968
98.0032
102.486
99.6418
98.701
93.7976
96.7874
104.053
118.783
115.598
89.0415
152.153
154.176
85.6323
106.499
102.19
99.4889
104.204
108.565
98.7499
105.604
100.452
97.4936
97.4005
101.947
106.055
103.698
102.868
98.069
92.5797
99.595
93.6254
89.9418
92.6824
95.6453
99.8652
108.305
100.071
110.346
100.317
108.421
98.0492
95.387
95.5484
98.6751
99.3337
95.1181
95.8096
97.4565
108.061
104.267
106.277
126.163
103.605
103.192
108.151
96.0475
98.1781
97.5656
105.141
106.883
106.37
102.324
98.8037
97.218
96.9166
94.8932
108.376
107.346
97.5188
101.895
131.407
99.7907
101.388
98.9805
101.265
131.648
99.9718
100.131
99.9842
105.651
105.294
101.742
102.528
106.445
129.687
89.0381
100.331
99.5641
108.216
107.947
99.2507
125.502
116.398
93.6938
113.492
104.388
93.5316
101.365
110.164
90.9703
90.1874
110.934
105.648
103.782
101.859
92.1882
105.134
102.671
101.253
92.4269
105.929
100.009
100.886
99.8901
113.931
101.812
108.704
101.899
104.675
106.991
108.506
108.14
108.727
107.051
103.808
107.724
105.746
105.807
108.316
107.573
107.608
107.219
95.5106
102.463
87.6654
98.9758
92.4182
127.894
115.652
104.649
90.8068
103.697
100.404
97.8809
136.312
90.573
123.981
93.3027
110.603
92.2938
100.046
122.491
100.21
109.667
88.4918
95.303
93.9972
89.4806
101.394
99.2764
99.3888
99.3987
99.4172
103.086
95.5071
95.2092
102.565
127.074
98.1149
102.115
124.664
127.599
92.6365
109.885
62.9986
86.4326
99.8788
108.047
88.019
89.6412
101.456
90.0776
97.5177
98.3421
99.1161
91.6546
95.4821
96.2613
97.6598
110.577
108.992
96.2037
108.652
97.0387
98.7079
85.1682
98.7032
102.804
156.728
113.792
149.027
128.696
106.928
100.303
115.624
106.019
108.087
100.552
119.377
98.8894
97.5043
96.4099
102.158
106.574
100.976
105.976
125.788
97.982
101.766
124.647
128.457
98.8354
103.655
107.692
87.1503
97.2317
136.954
106.101
87.2951
94.2
89.3394
105.054
91.676
87.9962
89.8618
101.304
92.2717
87.3957
89.5641
94.9809
87.5999
87.6038
95.7847
95.4663
105.192
92.5158
106.326
101.4
109.232
93.075
106.538
94.2807
109.636
98.3919
113.329
96.8332
110.581
93.8015
99.4076
99.1734
99.4718
103.499
96.69
104.333
96.1999
105.577
102.292
92.4348
106.14
92.6324
106.378
105.378
125.95
128.984
130.42
110.277
107.042
114.584
100.491
106.601
107.034
100.142
112.176
100.756
113.1
111.073
98.5496
81.6471
97.188
112.247
113.39
134.307
81.5582
101.361
100.765
101.425
100.49
100.438
102.698
102.359
104.211
107.804
104.273
103.469
103.534
104.083
101.159
96.7305
74.6155
81.5469
83.3892
202.908
74.2526
83.5301
134.885
147.387
168.088
172.181
102.755
122.45
556.538
99.1245
100.746
102.184
102.918
95.4658
103.327
96.4284
106.331
100.801
95.6976
113.153
96.3817
106.1
107.822
130.357
428.726
129.086
250.888
142.931
210.563
134.534
100.302
101.879
101.837
100.692
100.649
103.016
102.452
106.309
104.609
104.917
103.212
102.869
103.61
102.793
87.934
118.722
91.6203
82.2717
86.5965
102.034
91.8171
91.945
91.7514
99.6531
108.619
99.5969
112.603
93.5258
99.9307
99.9664
98.5721
102.66
96.4642
96.5197
102.504
102.124
103.879
101.797
105.201
103.107
105.359
102.99
101.159
101.914
100.709
110.386
109.175
101.783
102.735
102.095
103.496
102.493
102.991
102.425
102.585
102.476
103.808
107.339
102.621
105.367
105.48
102.956
106.337
106.701
104.281
104.227
104.018
103.764
112.091
107.342
97.8026
100.184
92.8603
100.688
100.53
99.4116
94.745
101.317
100.046
100.387
95.8605
109.041
101.282
96.0576
93.4019
106.988
92.8506
76.7142
88.8285
107.832
93.423
130.074
93.8411
108.207
138.984
128.455
98.1815
103.053
94.3143
102.001
97.7783
103.641
85.5709
108.079
98.6726
87.7141
86.5505
95.3813
87.7338
91.732
87.9109
95.6993
97.0488
101.156
96.8339
99.6886
121.739
104.908
104.029
126.667
114.724
110.176
108.068
126.919
114.289
109.783
96.1388
87.0507
87.0697
101.743
100.029
92.5709
93.0533
102.492
99.8911
102.278
100.149
100.546
101.929
102.099
104.402
105.721
104.714
102.63
101.65
101.531
102.627
79.6996
116.785
120.113
130.82
55.0742
121.283
137.103
185.898
74.8411
84.6081
87.9066
231.281
75.3177
90.1841
123.025
107.331
116.424
110.756
113.441
110.565
126.243
101.402
114.795
113.826
103.76
108.468
109.187
99.287
112.922
117.755
106.964
103.817
102.755
108.51
113.932
114.35
106.298
102.329
109.632
114.686
103.674
116.787
85.6953
121.597
95.4094
99.984
50.7371
115.936
101.209
85.4427
97.0972
91.4287
73.3659
85.7521
101.42
91.143
110.985
111.175
110.43
111.553
111.259
111.105
110.066
107.838
110.883
111.234
119.845
111.39
116.915
115.786
106.628
120.781
137.519
102.542
111.085
111.198
103.09
111.664
110.737
112.004
103.705
111.152
110.844
111.855
128.736
108.642
114.605
110.278
114.18
110.716
135.27
102.544
106.527
107.012
116.037
107.14
107.557
103.951
110.361
93.2277
92.4052
123.34
119.973
99.761
101.754
119.368
126.222
127.185
121.71
126.789
122.473
118.596
99.8529
107.285
82.936
98.801
111.925
86.8046
88.0402
105.53
109.969
108.864
105.85
107.483
113.223
108.834
104.309
102.455
105.641
100.918
102.425
101.091
102.829
118.408
114.646
121.968
155.385
89.9193
84.7188
155.068
121.397
106.269
106.246
107.763
107.031
119.485
121.01
89.9016
94.3747
101.76
104.724
90.7208
106.076
101.314
102.349
98.1155
110.312
90.3371
104.996
97.9311
109.501
96.8633
95.4353
97.8769
118.406
97.4248
99.423
96.6293
100.836
93.2215
93.1188
98.1732
105.244
103.888
97.9169
95.8882
96.0472
96.3038
94.4915
97.105
97.5996
94.1697
91.4385
124.361
123.347
108.402
106.991
107.253
107.911
169.31
110.191
78.5521
110.441
74.4303
107.369
167.042
97.2397
102.581
109.223
96.5131
97.0994
98.8849
112.95
77.319
114.117
104.101
112.309
78.3184
116.126
103.537
82.7305
112.592
166.815
164.221
106.404
85.8376
114.936
93.2499
101.768
93.4125
95.284
105.208
95.9873
105.112
124.24
109.461
124.281
109.038
109.126
108.398
109.476
108.794
106.527
105.902
102.262
108.649
106.494
105.819
91.9961
105.066
106.289
105.132
109.654
107.745
105.045
93.4318
95.4071
94.5333
93.6125
94.8246
93.7379
93.4447
95.1724
92.9435
92.8708
93.3412
92.1048
92.0256
93.2578
125.211
84.4396
124.739
108.162
109.101
108.4
108.363
92.0766
110.679
91.6862
104.878
99.999
107.864
108.022
103.415
103.737
103.666
110.584
105.181
104.801
105.176
105.457
106.446
107.758
109.361
105.663
105.39
107.713
103.583
104.828
105.194
104.597
106.064
105.098
105.11
107.652
106.5
106.023
103.463
106.45
108.894
105.482
106.331
178.697
107.981
107.48
106.16
115.666
108.341
127.17
107.08
117.114
112.467
119.685
109.197
115.863
94.6251
94.7099
113.121
89.6181
93.6301
94.4122
100.979
105.69
107.797
109.603
107.334
104.87
108.902
109.671
93.4782
95.4423
94.8781
94.2874
92.3143
93.8168
92.4424
95.5288
89.4676
98.824
108.606
94.6095
100.354
96.4053
95.5068
94.3479
94.5303
98.5248
94.2628
92.5109
96.2902
102.382
96.1637
97.4885
112.313
104.827
104.96
98.2926
97.0579
95.6537
95.9482
95.3896
97.42
96.7879
94.7002
107.911
105.838
105.224
102.45
107.872
113.331
105.183
122.767
103.006
115.017
99.4569
107.907
102.892
107.69
110.384
116.024
114.752
110.521
115.696
115.45
110.204
109.654
120.827
114.924
109.992
115.93
115.399
109.783
108.686
108.447
108.406
107.905
107.658
110.35
110.385
108.561
108.075
108.204
107.81
107.636
110.469
111.955
112.826
112.643
113.705
97.7973
99.5759
111.052
106.667
110.622
101.851
106.157
105.127
105.488
105.159
106.81
106.356
105.815
112.524
107.423
113.899
107.826
106.52
110.033
128.014
126.506
110.365
106.932
107.652
108.949
102.088
103.018
104.273
104.872
111.337
94.1824
95.0137
113.974
111.065
113.308
101.918
106.173
109.985
104.512
97.5471
93.4455
193.203
182.556
80.1427
96.7345
86.0913
78.4381
128.848
123.419
125.545
71.9216
122.797
123.079
119.041
122.125
125.32
166.709
125.02
136.258
118.898
122.961
120.012
123.596
124.951
117.877
126.709
124.8
113.315
103.69
127.229
108.928
113.577
103.85
127.992
79.7089
121.812
144.535
117.555
81.1999
119.066
118.724
124.773
100.352
116.779
116.624
131.225
124.596
95.5891
112.413
101.648
100.05
92.3173
131.362
101.383
112.544
124.544
100.768
99.3105
113.702
108.033
108.836
112.39
139.839
129.75
120.326
119.139
129.787
127.451
114.598
78.1198
110.683
105.933
106.022
83.6914
108.644
128.336
118.825
117.762
117.895
118.218
114.74
114.891
117.593
120.482
121.883
121.563
117.348
124.855
124.708
116.407
59.2809
126.694
91.3623
112.37
69.6059
146.579
94.2231
110.762
109.734
109.329
104.78
113.001
110.042
108.379
135.711
99.2212
180.481
127.474
100.304
135.85
102.241
112.324
109.573
112.495
105.591
121.108
109.559
106.004
127.106
106.925
119.273
106.384
122.417
106.619
119.999
96.5885
105.47
114.077
92.4562
94.8044
109.01
105.135
115.813
113.048
110.796
104.406
115.109
105.26
110.878
116.192
129.517
126.551
103.722
127.795
94.1767
116.222
120.667
128.712
124.928
130.513
124.053
112.227
119.25
105.911
79.2402
78.8204
106.31
119.517
102.813
106.608
152.71
104.478
89.8336
116.301
94.0735
115.854
158.518
77.6182
170.19
146.638
151.273
146.728
175.317
156.303
113.82
118.64
110.654
124.056
114.224
124.761
114.489
178.261
149.651
147.802
146.659
83.4247
167.375
148.553
118.325
123.283
118.54
125.334
114.411
116.057
129.662
117.544
125.208
117.677
113.95
129.996
114.572
127.882
130.124
114.881
122.678
131.37
138.572
139.033
128.804
126.85
119.963
120.063
112.258
110.088
125.187
132.455
100.931
109.3
114.694
111.089
102.879
107.549
115.674
118.849
107.631
118.906
106.988
119.039
107.551
119.91
123.959
101.648
107.412
99.5495
109.939
111.852
109.672
101.556
100.766
110.244
98.1287
109.093
97.9341
89.4695
108.155
90.219
92.9296
93.6631
91.585
94.0493
108.7
92.4146
98.8613
98.8007
100.513
114.301
112.53
107.523
96.3876
98.4899
97.6032
92.978
92.6845
95.3957
94.8946
101.379
92.0362
87.475
107.385
97.2445
96.9013
106.75
66.8183
146.552
199.67
220.298
167.766
209.186
155.684
98.3616
172.339
175.539
137.359
138.22
104.01
104.367
117.597
112.186
110.547
126.891
126.087
112.805
112.602
113.041
112.174
108.786
127.998
117.139
144.502
110.445
136.323
126.992
97.5796
113.756
138.83
137.381
141.242
117.184
113.484
117.463
123.164
113.496
122.401
113.969
98.9219
121.475
88.7639
96.7035
94.3614
93.1189
88.2374
111.064
107.285
136.322
99.8427
112.274
106.729
120.881
123.689
103.058
123.782
107.78
108.207
108.39
110.997
101.011
104.059
104.489
95.993
91.611
89.4158
116.472
90.4666
96.2497
96.6699
95.7946
98.1728
96.5704
99.992
98.9756
99.7352
89.4527
105.825
114.453
109.848
108.391
93.1762
94.7144
95.5971
94.4864
95.5889
112.717
117.851
111.597
113.779
107.225
119.507
130.885
110.345
110.592
96.5479
94.3143
107.122
90.4803
95.4221
94.3467
104.507
102.461
100.698
128.031
102.454
126.6
105.325
102.278
101.663
111.644
110.736
103.544
105.381
113.155
107.752
116.082
103.259
117.614
106.938
103.294
106.903
103.623
84.1386
91.1924
90.0104
102.448
87.4566
103.343
86.1081
100.931
97.6152
89.3978
86.2869
87.9034
87.214
104.326
129.996
127.327
126.994
116.632
116.133
128.575
127.157
103.328
100.77
103.572
101.917
109.526
103.349
112.653
94.4331
100.07
100.327
94.5503
113.052
99.7378
112.224
101.339
103.71
110.528
101.451
104.471
112.325
112.324
100.135
98.7783
94.5373
105.345
99.9112
112.097
116.643
130.729
126.123
117.669
126.177
131.84
116.775
126.742
108.171
105.409
105.558
108.289
105.507
109.455
110.448
106.02
118.403
118.649
110.364
106.816
104.768
97.1021
130.255
126.217
125.913
132.984
119.089
130.971
124.796
110.749
115.112
115.067
119.613
109.847
111.941
122.053
147.339
146.511
170.843
85.4997
172.482
147.702
146.619
125.38
120.338
129.978
128.6
125.47
119.781
121.191
134.648
223.265
131.315
113.957
137.697
102.573
138.017
64.3909
134.945
140.002
229.746
240.9
100.907
82.5317
57.4714
76.5623
75.0747
424.135
253.777
77.3418
93.8927
140.899
123.209
117.863
114.924
138.153
129.783
118.887
157.167
113.332
114.945
125.976
121.732
113.204
117.406
100.748
97.1025
101.675
149.984
88.8907
79.4554
78.6081
97.1044
194.238
69.1709
107.305
98.7169
193.693
83.0834
97.4625
97.3668
124.462
105.521
103.022
88.1607
110.329
55.893
131.632
131.577
67.9051
212.851
80.4467
208.944
100.491
91.8481
107.386
110.458
103.357
86.4219
85.4369
61.6615
92.7678
198.812
68.3985
101.709
277.318
68.9504
100.391
104.253
109.199
109.962
113.705
86.423
87.3718
84.2319
100.374
86.3475
97.4775
96.272
85.0026
82.194
67.1835
161.573
212.267
83.8948
76.6228
162.128
154.657
104.876
99.7401
91.0059
99.6002
112.508
91.9987
104.374
102.793
114.331
104.414
113.039
102.874
112.975
106.08
156.86
69.236
89.8982
68.3211
164.609
143.897
156.854
105.474
125.179
235.935
98.3358
137.883
155.899
109.307
150.225
91.1769
90.9493
214.552
98.7245
148.003
160.027
153.449
94.4265
157.904
89.2176
150.191
98.658
56.9157
87.0262
87.6734
85.3222
82.193
114.182
82.3648
86.199
91.9348
98.0566
92.6305
84.2108
88.4031
122.044
89.4065
91.0317
90.1171
91.1733
99.9611
83.0882
108.913
87.6185
168.496
96.6918
124.704
152.063
141.509
110.151
125.811
69.8167
52.6734
73.062
143.526
169.788
186.928
136.965
174.204
290.043
201.59
112.625
224.357
228.21
110.377
95.5248
112.778
95.0922
91.337
90.31
111.609
131.124
87.798
84.9288
86.7774
103.512
105.2
105.474
100.9
95.4818
107.604
89.4664
89.2708
96.1042
124.509
137.276
89.8642
145.616
95.8878
138.99
96.1447
62.1495
93.0734
130.658
72.311
219.078
135.507
104.936
66.892
212.949
95.3781
111.384
113.361
119.563
91.2806
107.156
105.695
103.432
22.826
18.8183
303.685
35.8869
73.6827
308.289
86.6486
86.203
85.3435
98.9646
105.146
94.2107
101.153
105.831
97.5266
85.9144
107.933
106.489
89.33
98.5802
95.4941
93.1701
205.749
52.4471
215.854
54.3344
89.7974
97.8703
99.1271
90.0161
134.621
141.043
75.0721
56.4147
95.7738
97.6487
97.401
91.7276
91.9287
100.446
150.557
92.3831
106.227
92.6229
99.5214
92.656
98.8254
99.3472
87.6238
93.641
98.2236
89.0291
91.1948
92.5519
100.107
117.503
58.3545
104.896
133.201
117.684
208.661
105.68
514.538
123.801
786.818
215.478
149.399
1215.28
109.074
29.0571
117.321
32.6839
1043.57
201.712
318.587
175.61
842.304
496.335
623.864
160.743
199.378
123.134
691.518
261.374
49.66
239.114
193.838
39.9465
119.362
150.341
107.79
165.726
122.639
95.97
106.038
128.299
116.077
107.375
93.5183
98.2608
108.653
97.9599
102.656
92.5845
94.0275
72.7305
93.4225
100.019
99.4606
125.896
98.7451
95.0439
94.4952
99.6226
87.8613
87.3176
87.9837
104.376
6.28946
56.1188
144.879
304.642
81.1515
130.616
-37.3102
112.716
103.944
120.255
106.543
111.791
104.009
115.646
109.384
147.624
106.642
122.393
111.82
95.8347
191.61
98.7164
104.16
104.745
106.592
98.8873
104.187
109.803
226.297
98.1347
59.4285
104.032
203.667
90.1272
49.5548
23.5044
41.5413
87.0947
196.601
77.18
18.6701
97.5106
118.301
177.249
256.752
243.617
169.651
227.118
231.614
115.315
47.0447
58.553
136.547
606.249
793.232
0.152685
115.407
-48.0826
-12.5908
-4.79938
386.759
127.062
318.216
47.1765
139.315
-11.8829
183.135
120.647
275.464
229.222
89.4426
215.845
93.756
144.212
321.194
167.996
181.508
101.343
241.046
135.185
109.986
411.599
159.04
95.6324
100.326
121.384
95.6063
114.028
109.964
218.409
141.495
245.34
56.2059
317.737
-50.1652
152.355
330.381
279.902
103.068
374.913
94.7342
697.74
186.38
275.601
395.953
198.128
192.442
357.427
190.157
214.831
284.698
195.761
209.88
120.814
187.874
267.947
231.676
211.018
-8.05589
238.67
50.1438
196.816
176.659
115.139
119.991
-42.1602
)
;

boundaryField
{
    inlet
    {
        type            fixedFluxPressure;
        gradient        nonuniform List<scalar> 
63
(
2295.71
464.358
1231.13
20.8328
907.979
1621.82
-1673.17
-2978.79
1013.88
-2300.59
-13690.2
-8583.76
-12540.1
-66.8275
-103.909
-25361.5
84.3294
-14.1046
-23.763
2153.5
3214.11
-8335.92
7932.33
-1731.88
-2195.04
457.852
625.692
-55.4743
-1638.06
-1052.9
-3256.46
-34410.4
-1668.62
-6790.46
-26.9959
-4724.93
-5781.34
5065.1
-268.418
4441.94
-561.224
-26.4236
-832.103
-190.891
1408.84
-65.1919
32.0972
499.115
-3255
-8562.24
-11165.8
6077.86
4951.14
729.301
-6750.78
-13188
-433.468
-5212.82
-13344.2
237.555
1762.69
1970.06
-4765.22
)
;
        value           nonuniform List<scalar> 
63
(
110.946
76.5931
92.1374
97.6447
100.132
89.9544
100.419
101.704
108.062
102.943
97.0152
74.2887
76.1585
95.9748
97.2598
79.3043
102.154
105.9
105.831
111.913
117.698
78.1241
96.3405
92.6051
93.1212
98.6546
106.489
107.053
102.808
105.297
84.3424
61.3629
87.8949
76.5964
74.2256
69.889
81.9505
92.9777
86.282
92.35
74.7563
74.8147
108.799
103.483
107.707
90.2719
97.9632
98.6148
93.257
90.3198
91.4116
108.342
111.447
107.256
96.7095
95.702
106.066
107.253
95.8488
107.318
110.691
105.82
98.9235
)
;
    }
    outlet
    {
        type            fixedValue;
        value           uniform 0;
    }
    lowerWall
    {
        type            fixedFluxPressure;
        gradient        uniform 0;
        value           nonuniform List<scalar> 
977
(
108.65
75.6641
89.6743
97.603
98.3153
88.332
102.093
107.663
106.033
107.546
125.266
128.643
94.5869
95.7755
94.2065
103.742
104.922
106.833
106.139
107.627
176.271
249.726
86.2398
96.5867
101.322
109.244
104.424
107.553
102.367
107.501
98.0497
70.9189
91.9422
91.4289
100.034
106.178
104.326
105.493
142.072
108.22
110.44
94.4524
93.2766
97.5158
99.588
109.429
100.185
106.364
113.915
103.884
97.9293
94.1037
93.6351
95.0564
94.924
92.4454
88.8667
102.409
104.507
102.492
96.3541
94.6787
94.3005
94.5463
94.5399
94.391
94.2266
97.8139
100.618
99.6979
91.7704
91.1943
91.4814
91.5068
92.2554
92.0298
92.3338
93.3704
94.053
92.6995
89.276
88.8859
88.578
88.5735
88.6403
88.7001
89.0332
89.5668
89.8322
89.7649
86.7292
86.4951
86.3298
86.3163
86.3482
86.44
86.6343
86.9396
87.0932
86.9909
84.2011
84.0601
83.9527
83.9244
83.9435
84.0123
84.1489
84.3062
84.3974
84.3514
81.6941
81.6066
81.5273
81.5304
81.5241
81.5745
81.6649
81.7558
81.8148
81.7756
79.2102
79.1778
79.1139
79.1002
79.1128
79.1456
79.2192
79.2725
79.2973
79.2547
76.7688
76.7488
76.7167
76.698
76.7016
76.7309
76.7792
76.8098
76.8219
76.8095
74.352
74.3318
74.318
74.3116
74.3212
74.3535
74.3696
74.3675
74.3871
74.3775
71.9647
71.9545
71.9341
71.9351
71.944
71.9702
71.9804
71.9946
72.0002
71.9782
69.5917
69.5824
69.5891
69.5872
69.6011
69.619
69.6254
69.6231
69.6098
69.6023
67.2513
67.2641
67.2792
67.2716
67.2635
67.2733
67.2845
67.2777
67.268
67.2634
64.9367
64.9595
64.9745
64.9499
64.9286
64.9305
64.9357
64.9517
64.9488
64.941
62.6508
62.6525
62.6502
62.6517
62.6518
62.6465
62.6365
62.6323
62.6421
62.6434
60.3689
60.3721
60.373
60.3821
60.3848
60.3841
60.3701
60.3626
60.3563
60.3563
58.1049
58.1073
58.1092
58.1093
58.108
58.1052
58.1052
58.1011
58.095
58.0962
55.8712
55.864
55.8556
55.8609
55.8636
55.8652
55.8653
55.8631
55.8678
55.8709
53.6319
53.6338
53.6266
53.6292
53.6333
53.6435
53.6524
53.6535
53.6486
53.6377
51.4163
51.4072
51.4091
51.4208
51.4296
51.4351
51.4416
51.4413
51.4424
51.4314
49.2198
49.2064
49.1999
49.2108
49.2258
49.2393
49.2381
49.2417
49.2422
49.2374
47.0299
47.019
47.0088
47.0081
47.0182
47.0287
47.0347
47.0359
47.0327
47.0336
44.8375
44.8396
44.8452
44.8512
44.8465
44.8414
44.8377
44.8349
44.8335
44.8356
42.6644
42.6717
42.6825
42.6764
42.6646
42.6576
42.6594
42.6693
42.6632
42.6611
40.5167
40.5189
40.5219
40.5116
40.5038
40.4941
40.5075
40.5117
40.5113
40.5124
38.3672
38.3789
38.3843
38.3844
38.3789
38.37
38.3687
38.3643
38.3528
38.3546
36.2394
36.2519
36.2515
36.2457
36.2397
36.2306
36.2203
36.2173
36.2178
36.224
34.1404
34.138
34.1187
34.1122
34.1102
34.1015
34.0952
34.0991
34.1182
34.1339
32.0347
32.029
32.0167
32.0106
32.0093
32.0105
32.0171
32.0235
32.0284
32.0359
29.9229
29.9272
29.9342
29.9418
29.9429
29.9456
29.9492
29.9469
29.9398
29.9291
27.8426
27.8491
27.8638
27.8801
27.8891
27.8907
27.8857
27.8739
27.8645
27.8496
25.8151
25.8109
25.8101
25.8162
25.8259
25.8372
25.8426
25.8419
25.8372
25.8254
23.8233
23.8073
23.7977
23.7935
23.7961
23.812
23.8229
23.8346
23.8373
23.8325
21.8399
21.8217
21.8183
21.8186
21.8228
21.8272
21.8282
21.834
21.8377
21.8405
19.8503
19.8494
19.8513
19.8571
19.8676
19.8685
19.8587
19.8532
19.8517
19.8503
17.8891
17.8948
17.9033
17.908
17.9074
17.9011
17.894
17.89
17.8878
17.8884
15.972
15.9773
15.9732
15.9608
15.9482
15.9364
15.9272
15.9398
15.9486
15.9633
14.0573
14.0661
14.0536
14.0309
14.014
13.9986
13.9963
14.0082
14.0243
14.0435
12.1169
12.1367
12.1363
12.1259
12.1177
12.1049
12.1035
12.1051
12.1074
12.1095
10.2048
10.2126
10.2223
10.2293
10.2276
10.2211
10.2162
10.2154
10.2117
10.2042
8.34014
8.33033
8.32726
8.33011
8.33181
8.33552
8.33691
8.33909
8.34039
8.34341
6.4783
6.46466
6.45898
6.45994
6.46715
6.48329
6.48917
6.48753
6.48047
6.48362
4.60871
4.60554
4.60689
4.61431
4.62902
4.65204
4.65189
4.641
4.63025
4.61883
2.7608
2.76104
2.76369
2.77009
2.77901
2.78935
2.79307
2.79135
2.78079
2.76601
0.923034
0.922656
0.922527
0.917912
0.915982
0.9189
0.927847
0.931954
0.933033
0.923286
97.0945
95.4617
97.4725
93.832
94.2459
94.8354
95.6359
94.1928
94.1514
93.8344
94.4673
94.2298
94.7071
94.9115
94.6369
95.2682
93.6502
94.2227
99.9287
97.1141
93.0981
104.307
100.869
98.3371
103.822
100.852
101.42
100.069
98.7016
100.501
93.2552
95.9372
95.4258
94.5346
93.3632
92.9426
95.9801
96.6726
91.4896
93.5129
96.4923
94.9703
104.008
95.7836
97.8288
124.373
99.6554
89.1122
104.425
103.475
54.5168
109.712
105.538
108.317
111.684
106.136
107.074
103.805
102.34
104.862
97.7523
96.3511
98.4365
94.0396
93.9278
94.3491
95.4924
93.9896
93.698
97.5663
95.8479
93.6238
96.357
94.9987
94.3982
98.2641
95.4961
93.6775
91.0408
90.4215
89.2372
103.688
102.208
100.15
104.715
103.076
103.034
102.234
100.34
101.167
95.0662
93.4518
94.133
94.2763
92.6536
93.0773
94.3978
92.3598
92.6275
94.9194
93.6655
92.4707
94.5601
94.1703
94.0085
94.2147
93.8405
94.0973
96.8895
94.3765
93.7057
100.161
95.9224
94.6651
100.171
96.5088
96.0556
97.2101
94.9099
95.735
94.8625
96.9948
105.178
95.9296
96.0497
95.1296
97.5558
96.6195
96.8927
93.8504
94.0896
93.728
94.2919
94.0643
94.0706
94.6344
94.1436
94.4502
94.4363
94.9371
100.531
94.3212
94.5164
94.431
94.0897
94.3143
94.2274
94.0763
93.3165
108.407
94.217
93.9351
94.4203
94.565
94.5264
94.2626
94.8146
94.9511
96.4685
94.4177
94.6613
94.7335
94.4002
94.9198
94.6829
91.7055
96.6167
103.601
94.4901
94.6176
92.7894
94.0135
94.6535
94.5254
98.1272
95.0331
97.7838
95.5472
95.2049
97.4962
92.1187
92.7972
94.0731
102.599
102.364
103.975
100.223
101.145
101.584
99.0093
100.617
99.4894
101.607
104.076
105.361
101.785
102.211
101.408
102.047
102.92
101.744
99.1179
100.755
102.374
99.0879
99.3345
98.5734
100.97
100.081
99.7256
94.5707
94.4861
94.4916
94.6685
94.9873
94.2872
94.587
94.4528
94.3634
96.8435
95.763
95.6914
98.9795
98.7086
97.8067
94.4672
94.617
94.4908
99.3691
99.0379
99.6662
94.4281
94.1253
94.1053
107.119
109.023
107.679
104.622
107.756
107.781
92.4197
90.8652
90.7128
92.0711
90.6413
90.7114
94.3229
94.2932
93.9884
94.1715
94.4329
94.3823
100.616
99.0908
99.4428
93.7463
94.2239
94.3608
93.7942
93.5973
94.3552
94.409
94.3738
94.0173
91.9324
90.5229
90.5827
92.7572
91.4935
90.9912
93.1122
94.3999
94.5652
94.434
95.0433
93.8744
94.0099
95.4906
96.1712
94.0252
94.3205
92.8265
93.1902
110.507
110.069
98.0998
98.9878
100.917
101.777
102.542
101.109
91.5489
90.4957
90.6082
92.3989
93.2424
93.78
93.8686
92.356
91.9142
96.6873
97.0422
95.1926
94.6288
93.693
93.8124
98.7286
97.0019
97.7501
108.265
109.998
105.378
95.4034
97.1284
97.3022
93.0953
92.9526
92.269
94.0607
94.4837
95.4552
95.9078
96.4395
97.9747
95.8701
94.9484
95.2426
92.0685
91.4566
91.387
91.395
91.4625
92.0845
84.2313
105.565
113.283
91.8818
91.4975
92.0701
92.0597
91.4808
91.767
108.393
108.235
105.876
91.4312
91.5574
91.9828
92.7532
92.247
91.7485
94.3441
92.4843
92.4913
97.2941
97.2053
96.0178
107.812
113.141
105.401
98.3706
103.946
105.218
105.104
163.432
85.4613
102.683
101.737
110.123
115.39
117.368
102.339
99.4889
105.604
102.19
97.982
101.766
125.788
87.1503
97.2317
107.692
105.054
91.676
89.3394
106.988
92.8506
93.4019
107.285
82.936
99.8529
98.1155
110.312
102.349
106.527
105.902
108.794
109.654
105.045
91.9961
125.211
108.363
109.101
104.878
108.022
92.0766
103.415
105.176
110.584
116.024
110.204
115.696
107.905
110.385
108.447
128.848
123.419
78.4381
103.69
127.229
113.315
109.734
109.329
110.762
126.694
91.3623
59.2809
107.631
118.906
118.849
125.913
130.971
126.217
146.511
147.702
170.843
134.648
102.573
137.697
138.153
118.887
140.899
157.167
117.406
125.976
212.851
80.4467
131.632
114.331
104.414
102.793
152.063
125.811
168.496
52.6734
136.965
169.788
95.8878
93.0734
145.616
205.749
89.7974
52.4471
134.621
56.4147
97.8703
93.641
98.2236
87.6238
58.3545
104.896
117.503
92.6229
98.8254
106.227
144.879
-37.3102
56.1188
)
;
    }
    upperWall
    {
        type            fixedFluxPressure;
        gradient        uniform 0;
        value           nonuniform List<scalar> 
1097
(
112.467
87.9066
87.7338
96.07
97.5127
97.7386
105.237
107.164
106.085
107.404
117.555
138.984
92.3173
99.3337
93.7096
105.85
107.334
107.254
106.895
105.952
112.309
103.641
99.1161
94.4696
94.3714
108.295
107.081
107.893
101.345
102.62
93.9275
73.3659
93.6666
103.027
102.758
104.991
106.592
105.549
68.7411
99.0193
96.6187
94.393
93.2454
97.8601
108.09
108.644
79.1909
106.433
110.681
100.065
97.6746
94.0351
93.5861
94.669
95.5807
92.5295
96.7145
101.794
104.188
101.573
96.3846
94.6761
94.2882
94.5494
94.5527
94.3822
94.0391
97.8261
100.616
99.701
91.7707
91.1939
91.4823
91.5083
92.2547
92.0288
92.337
93.37
94.0528
92.6998
89.2759
88.8857
88.5793
88.5735
88.6397
88.6995
89.0332
89.5671
89.8325
89.7648
86.7291
86.4951
86.3297
86.3155
86.3486
86.4401
86.6342
86.9395
87.0932
86.9908
84.2013
84.06
83.9526
83.9243
83.9435
84.0119
84.1488
84.3061
84.3973
84.3515
81.6941
81.6065
81.5272
81.5306
81.5233
81.5744
81.6648
81.7557
81.8147
81.7753
79.2098
79.1776
79.114
79.1001
79.1125
79.1458
79.2191
79.2723
79.2972
79.2542
76.7688
76.7487
76.7166
76.6979
76.7015
76.7308
76.7791
76.8097
76.8218
76.8093
74.3521
74.3317
74.3179
74.3115
74.3212
74.3534
74.3695
74.3673
74.387
74.3774
71.9643
71.9538
71.934
71.935
71.9441
71.9701
71.9803
71.9945
72.0005
71.9787
69.5916
69.5823
69.589
69.5872
69.601
69.6189
69.6253
69.6236
69.61
69.6022
67.2514
67.2644
67.2785
67.2712
67.2634
67.2734
67.2842
67.2772
67.2671
67.2632
64.9368
64.9593
64.9745
64.9497
64.9285
64.9303
64.9356
64.952
64.9488
64.9412
62.6502
62.6522
62.6501
62.6514
62.6517
62.6467
62.6365
62.6322
62.6421
62.6433
60.3687
60.3722
60.3726
60.3821
60.3849
60.3838
60.3701
60.3625
60.3562
60.356
58.1049
58.1076
58.1091
58.1093
58.1078
58.1052
58.1051
58.101
58.095
58.0961
55.871
55.8634
55.8554
55.861
55.8631
55.865
55.8652
55.8634
55.8677
55.8708
53.6316
53.6329
53.6265
53.6294
53.6334
53.6436
53.6523
53.6534
53.6485
53.6377
51.4165
51.4071
51.4091
51.4204
51.4292
51.4352
51.4412
51.4411
51.4421
51.4314
49.22
49.2063
49.1997
49.2104
49.2259
49.2392
49.238
49.242
49.242
49.2372
47.0296
47.0187
47.0088
47.0084
47.0184
47.0285
47.0345
47.0358
47.0325
47.0333
44.8374
44.8395
44.8451
44.8513
44.8464
44.8411
44.838
44.8348
44.8333
44.8356
42.6642
42.6718
42.6825
42.6766
42.664
42.6575
42.6598
42.669
42.6632
42.6612
40.5167
40.5188
40.5221
40.5113
40.5037
40.495
40.5074
40.5121
40.5115
40.5122
38.3672
38.3794
38.3839
38.3843
38.379
38.3703
38.3689
38.3642
38.3527
38.3545
36.2394
36.2519
36.251
36.2456
36.2396
36.2302
36.2201
36.2171
36.2175
36.2242
34.1405
34.1379
34.1189
34.1121
34.1101
34.1011
34.0952
34.099
34.1193
34.1344
32.0344
32.029
32.0168
32.0106
32.0092
32.0113
32.0171
32.0234
32.0283
32.0357
29.9226
29.9272
29.9343
29.9419
29.9429
29.9457
29.9492
29.9467
29.9395
29.9282
27.8425
27.8489
27.8638
27.8799
27.889
27.8906
27.8855
27.8741
27.8645
27.8498
25.8149
25.8108
25.8097
25.816
25.8258
25.8373
25.8426
25.8418
25.8373
25.8253
23.8233
23.8078
23.7978
23.7935
23.796
23.8119
23.8228
23.8343
23.837
23.8324
21.8399
21.8214
21.8182
21.8187
21.8228
21.8272
21.8281
21.8339
21.8375
21.8405
19.8503
19.8487
19.851
19.857
19.8678
19.8685
19.8587
19.8531
19.8515
19.8502
17.8888
17.8948
17.9033
17.9079
17.9072
17.9009
17.8938
17.8896
17.8879
17.8883
15.9721
15.9774
15.9733
15.9607
15.9471
15.9356
15.927
15.9398
15.9488
15.9632
14.0576
14.0659
14.0531
14.0307
14.0138
13.9987
13.9962
14.008
14.0242
14.0432
12.117
12.1356
12.1359
12.1258
12.1182
12.1049
12.1034
12.1051
12.107
12.1092
10.2047
10.2127
10.2225
10.2295
10.2275
10.2208
10.216
10.2151
10.2116
10.2041
8.34028
8.33036
8.32715
8.33002
8.33173
8.33543
8.33683
8.339
8.34025
8.34327
6.47808
6.46448
6.45867
6.45974
6.46721
6.48329
6.48928
6.48747
6.48034
6.48331
4.60854
4.60548
4.60689
4.6143
4.62892
4.65207
4.65175
4.64093
4.63015
4.61873
2.76066
2.7613
2.76368
2.76997
2.77882
2.78865
2.79256
2.79128
2.7808
2.76611
0.923095
0.922417
0.922421
0.917445
0.915935
0.918843
0.927909
0.931831
0.932939
0.923208
97.452
95.4857
95.2985
94.8273
94.2434
93.706
94.1396
94.2019
95.4855
94.2362
94.2778
95.5792
94.6474
94.811
94.6349
94.4396
93.7835
78.0144
93.0064
97.1247
99.5882
98.3407
100.888
104.096
101.422
100.857
101.376
100.489
98.7083
99.9205
95.5788
93.676
92.4344
93.2743
94.0121
98.8988
97.16
102.099
96.5526
96.5952
98.7945
93.3329
99.7987
97.4028
107.269
83.418
150.145
28.0969
132.076
105.188
102.831
108.666
105.516
108.609
103.825
101.537
108.47
101.447
102.47
112.554
97.5843
96.5085
96.5094
94.4825
94.1398
93.6026
93.8564
93.9755
94.6309
94.6005
88.7862
95.8449
94.4561
95.4641
97.4251
93.7303
95.4719
99.4634
89.3309
89.4891
89.6589
99.9674
101.506
103.895
102.864
104.372
107.861
101.386
100.212
100.369
94.1326
93.4512
95.0578
93.0757
92.6547
94.2718
92.6281
92.3589
94.3842
92.4735
93.6458
94.7938
94.0097
94.1704
94.5797
94.0985
93.8392
94.1997
93.6925
94.3741
96.9105
94.6667
95.9223
100.158
96.0552
96.5088
100.189
95.7342
94.9102
97.2071
96.901
96.6339
97.5494
95.1521
96.0671
96.0177
94.5946
96.5081
95.5347
94.4563
94.1711
94.6438
94.078
94.155
94.2887
93.6536
94.4911
93.9492
94.1923
94.2699
94.0459
94.4462
94.6312
94.2449
97.9227
94.1951
94.3749
94.0483
94.6226
94.4545
94.497
94.0691
94.2185
127.198
93.4244
94.3174
94.8285
94.828
94.3865
94.6247
94.6232
94.5641
95.3753
94.825
94.8147
94.5562
94.7202
94.0274
92.5553
94.5948
94.5524
105.839
95.9328
90.4687
94.0872
92.7965
91.8954
97.4959
95.2758
95.6045
99.3227
95.4358
98.1187
99.5399
100.31
99.0231
101.612
101.443
100.299
104.077
102.2
102.663
101.793
101.667
102.089
101.345
102.168
101.796
116.425
104.854
101.826
99.736
100.052
100.93
98.5837
99.3347
99.0648
101.454
99.6683
99.1
94.4875
94.4804
94.527
94.2859
94.9939
94.6443
94.3655
94.4604
94.6139
95.6934
95.7659
96.8419
97.8107
98.6907
98.9681
94.4847
94.603
94.4505
99.6606
99.0377
99.3689
94.0955
94.1092
94.4368
111.797
106.822
106.062
104.193
102.09
98.7846
95.3981
96.4878
110.941
90.7123
90.8644
92.4204
90.7105
90.6405
92.0695
93.9901
94.2947
94.3248
94.383
94.4339
94.1724
99.439
99.103
100.582
94.3509
93.5949
93.7926
94.3589
94.2242
93.7464
94.0168
94.3741
94.4058
90.584
90.524
91.9281
90.9903
91.4921
92.7561
94.5501
94.4137
93.1377
93.9117
95.0617
94.4337
92.844
94.3231
94.0244
96.1689
95.4947
94.0282
126.943
119.47
92.1374
100.911
98.988
98.0971
106.87
107.414
107.807
90.6089
90.4965
91.5495
93.7752
93.2383
92.3987
91.9145
92.3561
93.8687
95.1932
97.037
96.6961
93.8108
93.6888
94.6434
109.499
104.867
103.542
107.417
105.455
106.333
97.7502
97.0011
98.716
99.7658
106.125
107.535
97.3017
97.1287
95.4035
92.2692
92.9522
93.0936
91.3578
102.418
98.2694
95.4541
94.4834
94.0604
95.6312
85.6039
93.0101
93.9626
103.187
140.154
106.243
115.831
103.607
97.9711
96.4401
95.9067
103.848
110.413
121.324
102.069
111.062
104.87
95.2396
94.9481
95.8662
91.3864
91.4557
92.0653
92.0826
91.4615
91.3941
132.998
122.174
106.151
108.53
142.479
109.094
129.738
112.57
122.268
125.342
87.254
121.835
92.0692
91.4965
91.8797
91.7659
91.4798
92.0579
110.653
111.542
120.571
109.06
115.83
109.834
113.633
108.135
106.281
117.965
113.257
89.008
99.2479
91.7025
161.478
111.581
114.283
105.483
99.0953
68.5527
183.622
108.295
101.723
114.147
91.9868
91.5579
91.4341
118.319
110.108
124.3
91.7469
92.2456
92.7543
92.4915
92.4845
94.3442
96.0171
97.2041
97.2926
86.5855
90.9727
102.719
102.486
96.7874
99.6418
97.876
98.0326
109.424
97.4936
102.868
106.055
95.1181
97.4565
95.8096
125.502
93.5316
113.492
101.388
131.648
99.7907
107.573
107.219
105.746
91.6546
96.2613
95.4821
100.142
111.073
112.176
95.6976
107.822
113.153
101.914
102.735
110.386
99.6531
93.5258
108.619
99.9664
102.504
96.4642
103.496
102.476
102.991
104.018
107.342
104.281
105.367
106.337
107.339
91.732
95.6993
87.9109
128.455
103.053
98.1815
85.5709
98.6726
108.079
121.739
104.029
101.156
101.743
93.0533
87.0507
231.281
90.1841
75.3177
85.7521
91.143
101.42
112.004
111.855
103.705
114.605
135.27
110.278
107.14
107.557
106.527
123.34
101.754
93.2277
107.483
108.834
113.223
114.646
155.068
89.9193
107.763
121.01
106.269
78.3184
103.537
116.126
119.685
115.863
109.197
104.87
109.671
108.902
98.824
96.4053
108.606
94.3479
96.2902
94.2628
104.827
98.2926
96.1637
95.6537
94.7002
97.42
104.872
95.0137
103.018
81.1999
118.724
119.066
131.362
112.544
101.383
126.551
116.222
103.722
89.8336
158.518
116.301
130.513
119.25
124.928
79.2402
106.608
119.517
119.963
132.455
112.258
97.2445
106.75
92.0362
94.7144
117.851
95.5971
95.7946
99.992
96.2497
91.611
116.472
104.059
114.453
108.391
99.7352
113.779
110.592
119.507
89.3978
104.326
86.2869
90.0104
86.1081
102.448
98.7783
116.643
105.345
101.451
112.324
103.71
118.403
97.1021
110.364
98.8873
109.803
104.187
169.651
231.614
177.249
47.0447
0.152685
606.249
)
;
    }
    frontWall
    {
        type            cyclic;
    }
    backWall
    {
        type            cyclic;
    }
}


// ************************************************************************* //
