/*--------------------------------*- C++ -*----------------------------------*\
| =========                 |                                                 |
| \\      /  F ield         | OpenFOAM: The Open Source CFD Toolbox           |
|  \\    /   O peration     | Version:  5.0                                   |
|   \\  /    A nd           | Web:      www.OpenFOAM.org                      |
|    \\/     M anipulation  |                                                 |
\*---------------------------------------------------------------------------*/
FoamFile
{
    version     2.0;
    format      ascii;
    class       volScalarField;
    location    "1.7";
    object      p_rgh;
}
// * * * * * * * * * * * * * * * * * * * * * * * * * * * * * * * * * * * * * //

dimensions      [1 -1 -2 0 0 0 0];

internalField   nonuniform List<scalar> 
8409
(
101.571
99.5564
98.904
104.795
97.4864
97.4379
95.2602
92.259
89.9681
87.55
85.1017
82.6359
80.1695
77.7304
75.3034
72.8992
70.5076
68.1462
65.8103
63.4953
61.1871
58.9008
56.6426
54.3771
52.1351
49.913
47.697
45.4784
43.2792
41.1046
38.9265
36.7728
34.647
32.514
30.373
28.2655
26.2097
24.1904
22.1806
20.1611
18.171
16.2259
14.2829
12.3109
10.369
8.47443
6.58228
4.68314
2.8052
0.937846
108.529
96.9249
94.3308
93.9318
96.2842
97.3651
94.842
92.0389
89.8123
87.4566
85.047
82.6013
80.1696
77.7293
75.2959
72.8999
70.5035
68.1602
65.8293
63.4989
61.1942
58.9039
56.6348
54.3778
52.1263
49.8989
47.686
45.4805
43.2874
41.1089
38.9413
36.7863
34.6448
32.5068
30.376
28.2717
26.2061
24.1741
22.1583
20.159
18.1754
16.2292
14.2897
12.3304
10.3753
8.4642
6.56896
4.67996
2.80491
0.937502
101.04
102.719
110.343
132.165
97.1272
97.5291
95.4378
92.1799
89.8575
87.468
85.059
82.5953
80.1516
77.7261
75.2999
72.8886
70.5178
68.1815
65.8488
63.4991
61.1969
58.9068
56.6269
54.3736
52.1291
49.8939
47.6762
45.4864
43.2962
41.1076
38.9454
36.7855
34.6251
32.4957
30.387
28.2872
26.2053
24.1647
22.1565
20.1608
18.1846
16.226
14.2743
12.3326
10.3894
8.46262
6.56407
4.682
2.80967
0.937974
102.026
105.089
101.923
98.5955
98.3098
97.6605
97.3152
93.028
89.9324
87.5944
85.125
82.6667
80.1828
77.7361
75.3118
72.9013
70.5219
68.177
65.8287
63.5036
61.205
58.9068
56.6318
54.3749
52.1404
49.9045
47.6757
45.4926
43.2916
41.0995
38.9461
36.7809
34.6197
32.4903
30.3942
28.3041
26.2124
24.1614
22.1581
20.1695
18.1897
16.2142
14.2568
12.3191
10.3934
8.46508
6.56552
4.68887
2.81554
0.932678
104.892
105.635
102.754
95.2356
99.1672
98.9607
98.0412
93.6118
90.2373
87.7709
85.2302
82.7121
80.2273
77.76
75.3346
72.9188
70.5417
68.1736
65.8099
63.5078
61.2105
58.9065
56.6365
54.3793
52.1495
49.9198
47.6858
45.4877
43.2794
41.0921
38.9408
36.7729
34.6167
32.4887
30.3939
28.3132
26.2225
24.1666
22.1618
20.1756
18.1881
16.2005
14.2358
12.3083
10.3906
8.46589
6.5726
4.70336
2.82339
0.930705
70.3709
97.3694
113.441
97.5023
98.5655
96.0208
99.1594
94.29
90.5109
87.9459
85.3356
82.7794
80.2693
77.7933
75.3677
72.9447
70.5594
68.1815
65.8089
63.4947
61.2079
58.9036
56.6381
54.3897
52.1553
49.9338
47.6965
45.483
43.2727
41.0854
38.9348
36.7672
34.6092
32.4908
30.399
28.3153
26.2327
24.1767
22.1652
20.1771
18.1825
16.188
14.2231
12.2987
10.3849
8.47002
6.58719
4.72784
2.83297
0.933761
62.4858
103.143
100.72
97.6222
99.5688
99.0488
99.7864
94.4473
90.6115
88.0036
85.3926
82.821
80.3124
77.8233
75.3733
72.9489
70.5625
68.1921
65.8133
63.4866
61.1938
58.9026
56.6361
54.3977
52.1612
49.9315
47.7025
45.4794
43.2737
41.094
38.9284
36.7536
34.6017
32.4961
30.4006
28.3092
26.2383
24.1912
22.1671
20.1691
18.1753
16.1792
14.2185
12.2958
10.3809
8.472
6.59495
4.7275
2.83917
0.942587
109.162
134.82
95.8909
115.253
101.113
100.771
99.0974
93.6116
90.7592
88.0311
85.3991
82.821
80.3112
77.8207
75.3503
72.9509
70.555
68.1815
65.8261
63.4804
61.1858
58.8983
56.6342
54.3989
52.1605
49.9363
47.704
45.4768
43.2851
41.1004
38.9244
36.7507
34.6059
32.5033
30.3992
28.2984
26.2381
24.2003
22.1722
20.1632
18.1706
16.1921
14.232
12.3013
10.3801
8.47436
6.59323
4.71654
2.8366
0.947364
107.873
102.982
116.052
97.8021
104.998
98.1532
97.5739
93.431
90.6365
87.952
85.3468
82.7925
80.2824
77.7995
75.3497
72.9426
70.5273
68.1623
65.8224
63.4914
61.1802
58.892
56.6389
54.3941
52.1626
49.9353
47.7008
45.4748
43.2778
41.0987
38.913
36.7517
34.6246
32.5077
30.3917
28.288
26.2335
24.2047
22.1764
20.1616
18.1687
16.1992
14.2467
12.3016
10.3761
8.47563
6.58624
4.70532
2.82478
0.948537
103.76
102.011
119.804
126.717
102.84
111.278
96.8487
92.8959
90.3306
87.7554
85.2284
82.7079
80.2102
77.7669
75.3273
72.9129
70.5179
68.1583
65.8145
63.4946
61.1834
58.895
56.643
54.3834
52.1515
49.9315
47.7006
45.4767
43.2755
41.1004
38.916
36.7576
34.6403
32.515
30.38
28.2723
26.218
24.1981
22.1788
20.1601
18.1694
16.2153
14.2642
12.3039
10.3695
8.47795
6.58707
4.6939
2.81259
0.937805
101.415
99.7691
98.4047
103.303
100.874
97.6372
95.2514
92.2596
89.9681
87.55
85.1018
82.6359
80.1693
77.7305
75.3034
72.8988
70.5076
68.1462
65.8105
63.495
61.187
58.901
56.6427
54.377
52.1352
49.913
47.6969
45.4784
43.2791
41.1044
38.9265
36.773
34.647
32.5139
30.373
28.2654
26.2097
24.1904
22.1805
20.161
18.1709
16.226
14.283
12.311
10.369
8.47449
6.5822
4.68308
2.80515
0.937925
99.4828
95.7157
100.778
94.221
97.8886
97.0481
94.8353
92.039
89.8122
87.4566
85.047
82.6013
80.1696
77.7293
75.2958
72.8996
70.5034
68.1603
65.8292
63.4988
61.1942
58.904
56.6347
54.3778
52.1263
49.8989
47.6859
45.4805
43.2874
41.1089
38.9418
36.7864
34.6448
32.5068
30.376
28.2716
26.206
24.1741
22.1583
20.1583
18.1754
16.2293
14.2895
12.3302
10.3754
8.4642
6.56891
4.67995
2.80507
0.937451
100.697
102.953
112.231
96.5695
97.0034
97.321
95.2842
92.1807
89.8579
87.468
85.059
82.5952
80.1516
77.7261
75.2999
72.8885
70.5177
68.1814
65.849
63.4991
61.1967
58.9068
56.6268
54.3735
52.1291
49.8938
47.6763
45.4864
43.2962
41.1077
38.9451
36.7854
34.6252
32.4958
30.3871
28.2873
26.2052
24.1647
22.1564
20.1607
18.1847
16.2259
14.2743
12.3324
10.3894
8.46249
6.564
4.68204
2.80981
0.937963
103.201
100.642
99.1429
98.4522
103.293
97.5347
97.3427
93.0284
89.9328
87.5941
85.125
82.6667
80.1827
77.7361
75.3118
72.9013
70.5219
68.1768
65.8287
63.5035
61.2051
58.9068
56.6318
54.375
52.1402
49.9043
47.6758
45.4927
43.2917
41.0993
38.946
36.781
34.6197
32.4903
30.3942
28.3041
26.2123
24.1614
22.1581
20.1696
18.1897
16.2141
14.2568
12.3193
10.3937
8.46508
6.56545
4.68878
2.81553
0.932564
108.197
107.582
125.062
95.7972
99.9734
98.9645
98.047
93.6107
90.2375
87.771
85.2302
82.7121
80.2268
77.76
75.3346
72.9189
70.5417
68.1735
65.8099
63.5078
61.2106
58.9064
56.6362
54.3794
52.1493
49.9198
47.6859
45.4877
43.2789
41.0919
38.9407
36.7729
34.6167
32.4886
30.3939
28.3132
26.2225
24.1666
22.1618
20.176
18.188
16.2001
14.2358
12.3083
10.3906
8.46588
6.5726
4.7033
2.8233
0.930748
53.3953
104.874
100.285
96.8243
98.419
94.9421
99.1595
94.2885
90.5111
87.9459
85.3355
82.7793
80.2694
77.7932
75.3677
72.9446
70.5594
68.1815
65.8088
63.4948
61.2078
58.9035
56.638
54.3898
52.1554
49.9339
47.6964
45.4829
43.2727
41.0856
38.9349
36.7667
34.609
32.4908
30.399
28.3153
26.2328
24.1766
22.1651
20.1771
18.1824
16.1875
14.2231
12.2987
10.3848
8.46999
6.58715
4.72784
2.83267
0.933736
35.0343
106.17
124.082
97.6968
104.459
99.1792
99.7844
94.4443
90.6121
88.0035
85.3926
82.821
80.3124
77.8232
75.3733
72.9488
70.5625
68.192
65.8133
63.4866
61.1938
58.9026
56.6361
54.3977
52.1609
49.9314
47.7025
45.4794
43.2738
41.0941
38.9286
36.7533
34.6017
32.496
30.4006
28.3091
26.2383
24.1911
22.1671
20.1692
18.1752
16.179
14.2185
12.2958
10.3808
8.47198
6.59511
4.72758
2.83904
0.942688
108.33
110.625
122.987
96.7941
96.0807
97.0301
99.1162
93.6123
90.7595
88.0311
85.3991
82.821
80.3112
77.8207
75.3503
72.9509
70.5553
68.1812
65.8263
63.4804
61.1858
58.8983
56.6342
54.3989
52.1604
49.9363
47.704
45.4767
43.2849
41.1004
38.9243
36.7504
34.606
32.5033
30.3992
28.2984
26.2381
24.2003
22.1722
20.1632
18.1706
16.1921
14.232
12.3013
10.38
8.47434
6.59322
4.71652
2.83654
0.947542
107.165
101.628
115.931
97.8373
99.4812
95.2983
97.4945
93.4314
90.6367
87.9519
85.3467
82.7925
80.2824
77.7995
75.3497
72.9428
70.5274
68.1622
65.8224
63.4914
61.1802
58.8921
56.639
54.3941
52.1625
49.9353
47.7008
45.4747
43.2779
41.0988
38.9131
36.7515
34.6251
32.5077
30.3916
28.288
26.2335
24.2046
22.1763
20.1616
18.1688
16.1992
14.2467
12.3014
10.3761
8.47568
6.5862
4.70528
2.8248
0.948533
103.227
103.589
99.6103
106.012
97.1684
110.629
96.8472
92.8965
90.3305
87.7552
85.2284
82.7079
80.2101
77.767
75.3273
72.9131
70.5179
68.1583
65.8145
63.4945
61.1833
58.895
56.643
54.3834
52.1516
49.9314
47.7004
45.4767
43.2756
41.1004
38.9158
36.7576
34.6404
32.515
30.3799
28.2725
26.2181
24.1981
22.1788
20.1601
18.1694
16.2153
14.2642
12.3038
10.3694
8.47811
6.5869
4.6939
2.81268
0.937795
101.441
99.8778
108.418
101.408
98.4766
97.6652
95.2385
92.2594
89.968
87.5499
85.1019
82.6361
80.169
77.7304
75.3033
72.8985
70.5075
68.1462
65.8105
63.4948
61.1868
58.901
56.6426
54.3768
52.1351
49.913
47.6967
45.4784
43.2788
41.1043
38.9265
36.773
34.647
32.5138
30.3729
28.2654
26.2096
24.1904
22.1805
20.1609
18.1708
16.226
14.283
12.3111
10.369
8.47446
6.58204
4.68297
2.80505
0.937907
100.158
96.0751
97.0065
94.7338
95.8689
98.4151
94.841
92.0384
89.8122
87.4565
85.0469
82.6012
80.1695
77.7292
75.2958
72.8994
70.5033
68.1606
65.8291
63.4986
61.1941
58.904
56.6345
54.3771
52.1263
49.8988
47.6858
45.4805
43.2875
41.1089
38.9419
36.7864
34.6447
32.5067
30.3759
28.2715
26.206
24.1745
22.1581
20.1583
18.1755
16.2294
14.2894
12.3296
10.3754
8.46431
6.56883
4.6799
2.80517
0.937257
100.835
102.092
101.611
97.1836
97.3779
97.7925
95.2882
92.1808
89.8583
87.4679
85.0589
82.5952
80.1515
77.726
75.2998
72.8884
70.5177
68.1811
65.8489
63.499
61.1965
58.9067
56.6267
54.3734
52.1291
49.8937
47.6762
45.4863
43.2962
41.1077
38.945
36.785
34.6252
32.4959
30.3871
28.2872
26.205
24.1647
22.1564
20.1606
18.1847
16.2259
14.274
12.3322
10.3895
8.46238
6.56373
4.682
2.80976
0.93763
101.795
100.842
98.5969
99.0795
91.2587
97.5768
97.3499
93.0298
89.9323
87.5939
85.1249
82.6666
80.1826
77.736
75.3117
72.9012
70.5218
68.1766
65.8287
63.5033
61.2052
58.9067
56.6318
54.375
52.14
49.9041
47.6759
45.4927
43.2916
41.0993
38.9459
36.781
34.6196
32.4902
30.3941
28.304
26.2122
24.1614
22.1582
20.1695
18.1897
16.2141
14.2565
12.3194
10.3937
8.465
6.56532
4.68867
2.81539
0.932242
101.481
105.828
99.4877
94.3515
99.9074
98.4614
98.0451
93.6112
90.2368
87.7713
85.2302
82.7121
80.2266
77.7599
75.3346
72.919
70.5416
68.1735
65.8098
63.5077
61.2106
58.9064
56.6358
54.3794
52.149
49.9198
47.686
45.4877
43.2787
41.0918
38.9405
36.7729
34.6165
32.4886
30.3939
28.3131
26.2227
24.1665
22.1617
20.1761
18.1879
16.1996
14.236
12.3082
10.3905
8.46581
6.57275
4.70318
2.82322
0.930656
80.7587
94.1979
109.546
98.0343
105.633
99.8321
99.1651
94.2891
90.5103
87.946
85.3352
82.7793
80.2695
77.7932
75.3673
72.9445
70.5593
68.1816
65.8087
63.4947
61.2077
58.9033
56.6378
54.3897
52.1555
49.9338
47.6963
45.4827
43.2726
41.0859
38.935
36.7665
34.6089
32.4907
30.3991
28.3152
26.2328
24.1766
22.1651
20.1772
18.1823
16.1871
14.2231
12.2986
10.3846
8.46992
6.5871
4.72788
2.83219
0.933706
86.0828
105.551
100.843
95.3776
97.4937
99.7593
99.7834
94.4436
90.6115
88.0035
85.3925
82.8209
80.3123
77.8232
75.3732
72.9487
70.5624
68.1918
65.8132
63.4866
61.1939
58.9025
56.636
54.3976
52.1607
49.9314
47.7024
45.4797
43.2741
41.094
38.9284
36.7532
34.6016
32.496
30.4001
28.3089
26.2383
24.191
22.167
20.1692
18.1751
16.1789
14.2185
12.2958
10.3806
8.47191
6.59515
4.7273
2.83896
0.942643
109.072
101.424
132.667
108.165
92.4058
105.806
99.1305
93.6119
90.7596
88.0311
85.399
82.8209
80.3111
77.8206
75.3502
72.9508
70.5555
68.181
65.8263
63.4804
61.1857
58.8983
56.6345
54.3989
52.1604
49.9362
47.7038
45.4766
43.2849
41.1005
38.9242
36.7503
34.6059
32.5032
30.3991
28.2983
26.238
24.2001
22.1721
20.1633
18.1704
16.1921
14.232
12.3012
10.3799
8.47428
6.59317
4.71647
2.83653
0.947566
110.161
102.129
87.5188
100.936
98.0637
110.099
97.5142
93.4311
90.6368
87.9519
85.3466
82.7924
80.2823
77.7994
75.3496
72.9429
70.5273
68.1621
65.8226
63.4914
61.1801
58.892
56.6389
54.394
52.1623
49.9352
47.7007
45.4746
43.2779
41.0989
38.9129
36.7514
34.6255
32.5076
30.3914
28.288
26.2334
24.2044
22.1762
20.1615
18.1688
16.1992
14.2466
12.3012
10.376
8.47567
6.58609
4.70521
2.82488
0.948445
103.598
104.441
89.8395
101.228
85.7325
92.2235
96.8519
92.8962
90.3305
87.7551
85.2285
82.7078
80.2098
77.7669
75.3272
72.9133
70.5178
68.1583
65.815
63.4944
61.1831
58.8949
56.6429
54.3834
52.1515
49.9313
47.7003
45.4767
43.2758
41.1003
38.9154
36.7576
34.6407
32.5149
30.3799
28.2725
26.2181
24.198
22.1788
20.1601
18.1693
16.2151
14.2641
12.3037
10.3694
8.47804
6.58673
4.69368
2.81266
0.937721
96.5346
97.6146
95.3076
97.5619
96.5619
97.4613
95.2944
96.0258
96.857
95.9702
97.0117
95.9661
96.8541
96.0698
96.6374
96.9368
97.137
97.2309
96.6751
96.9553
97.1345
97.4367
98.2094
97.6749
97.5358
97.4383
97.8468
97.6729
98.0107
98.564
98.5894
98.801
98.0086
98.4866
98.5799
99.0694
99.1225
99.5813
93.6138
99.1566
99.0897
99.5922
99.4647
99.9774
99.4393
99.025
99.5396
100.395
99.4339
99.1448
112.927
99.8918
96.9486
99.1457
123.22
99.9236
98.8157
104.436
99.9588
99.7515
98.8613
114.091
99.8791
98.0878
97.6663
96.9139
110.848
98.0537
97.7005
96.9238
96.5182
97.6026
95.293
97.6549
96.5175
98.1366
95.2987
95.992
96.8611
96.0293
98.2063
96.0165
96.734
96.003
96.6914
96.9359
97.13
97.6642
96.6709
96.8973
97.1382
97.4378
98.3723
97.6607
97.7028
97.4496
99.6842
97.6924
98.0128
98.48
98.6346
98.5754
98.028
98.7402
98.6071
99.144
99.117
99.6755
104.694
99.0108
99.5556
99.5352
99.4962
101.517
99.4322
99.795
99.1967
97.6
99.4254
99.1424
115.406
99.8318
105.51
99.144
94.6516
99.9857
98.88
111.574
99.8698
113.961
98.8715
102.852
99.8077
98.0326
97.7682
96.9222
91.613
98.2021
97.8872
96.9178
96.4277
98.3109
95.3032
98.3775
96.5591
98.8493
95.3111
96.0017
96.717
95.9683
98.7229
96.0408
96.9501
95.9384
96.6666
96.928
97.1421
97.867
96.6554
97.0105
97.1382
97.4539
98.2077
97.6317
97.6251
97.4528
96.7578
97.6196
97.9871
98.7858
98.663
98.9282
97.9897
98.5175
98.6407
99.1748
99.3833
99.5591
100.263
99.0909
99.3419
99.5551
99.2824
97.2859
99.4302
99.9541
99.1354
97.8739
99.4267
99.1472
94.6746
99.9384
103.794
99.1478
97.0855
99.8268
98.8745
102.72
99.7837
122.412
98.8371
103.752
99.8468
98.2414
97.9235
96.9202
92.889
98.1511
97.9707
96.9143
95.4662
97.3987
98.9644
97.9431
96.5802
96.8704
97.3037
97.5286
96.9794
96.5227
97.4481
96.6877
97.5181
97.0721
94.2275
95.1314
93.8632
95.2592
94.2356
95.1329
93.8713
96.7115
96.5651
96.3862
96.0719
97.043
96.3966
96.3442
96.7531
96.5391
99.4933
97.2688
96.5619
97.5667
96.7372
93.8348
95.0191
93.6623
94.8379
93.8426
94.9697
93.6703
100.494
95.3371
96.247
97.1971
97.8946
95.4447
96.0309
96.7523
97.095
97.2939
97.3779
96.8714
97.3262
96.7506
93.9244
96.8224
93.8019
95.3011
93.9316
96.8148
93.8053
100.442
100.615
100.805
97.5233
98.8203
98.2385
99.8395
98.8403
97.6189
99.3211
97.5199
97.2185
98.531
101.287
94.1261
97.8114
94.3461
97.3422
94.1362
97.823
94.3501
101.145
100.97
98.4689
102.198
98.5121
102.184
98.6231
98.3249
97.9796
100.326
98.8564
97.9673
100.238
98.326
94.6363
98.727
95.1776
98.0494
94.6388
98.7274
95.1764
95.4194
103.019
95.3455
98.7391
92.9737
107.639
94.9984
101.966
98.3039
102.844
94.4773
98.3948
100.329
101.945
95.3818
99.771
95.6508
99.162
95.3806
99.7794
95.6542
98.761
102.215
100.723
92.3973
98.2006
98.4386
101.547
99.0128
99.5721
99.3306
99.1211
99.5822
99.4785
98.9311
95.6498
99.7498
95.7601
99.7878
95.6547
99.778
95.7725
101.6
108.695
107.953
98.3602
98.8787
106.974
102.41
99.3213
99.2818
101.173
100.69
99.0812
97.9842
99.2165
95.9159
98.5599
95.9307
99.116
95.9222
98.3479
95.9397
148.666
91.8251
107.729
104.7
132.854
93.72
106.971
101.069
99.9967
98.744
97.8349
99.9961
98.1532
101.08
95.7495
98.2871
95.7184
97.5072
95.7595
98.2895
95.7291
108.288
101.088
93.418
98.9122
104.116
99.3621
92.8226
99.673
101.965
97.08
111.144
101.945
96.9988
99.644
95.1185
96.4106
94.7162
96.8476
95.1268
96.4111
94.7249
99.8426
97.1388
97.0497
98.3124
98.619
97.1401
96.9149
99.7829
96.9354
97.6032
97.6438
95.8997
98.2179
96.9698
94.2349
95.1355
93.8702
95.2421
94.2347
95.1375
93.87
96.2102
96.5525
96.3435
98.1894
96.2393
96.755
96.3601
96.8815
96.4999
101.854
97.5678
96.8078
96.5526
97.597
93.8417
94.9319
93.6696
94.8364
93.8411
94.9641
93.6698
97.5651
98.5968
95.9585
97.6426
97.5857
98.442
95.898
96.6359
97.198
97.6448
97.4287
96.6804
97.2664
97.0346
93.9304
96.8126
93.801
95.2761
93.9303
96.8057
93.801
98.8451
98.3143
101.107
98.7133
98.901
98.4959
99.6912
99.7327
97.4622
97.6812
97.5409
101.186
97.4356
97.5158
94.1344
97.8176
94.3462
97.3529
94.1347
97.8283
94.3458
98.6641
101.234
98.2782
98.2969
95.6457
102.352
98.3065
98.4436
98.0005
100.209
99.6621
98.3336
98.0143
100.116
94.635
98.7277
95.1732
98.0466
94.6346
98.7227
95.1726
93.0637
97.3218
96.6534
101.154
91.7002
97.5497
130.694
102.307
98.3883
102.262
98.0779
102.179
98.4121
110.274
95.378
99.7822
95.6495
99.1616
95.3789
99.786
95.6494
99.9136
98.7827
99.8444
97.5297
98.4239
96.942
99.6953
98.8286
99.4342
99.8746
102.264
98.9488
99.4103
100.545
95.6496
99.7828
95.7701
99.7789
95.6487
99.7827
95.7701
104.994
85.0128
101.347
94.4413
102.133
97.0689
100.921
99.6396
99.3152
106.882
99.3489
99.821
99.2878
98.1385
95.9186
98.4033
95.9374
99.1297
95.9183
98.2826
95.9371
126.475
95.4935
107.227
98.3906
97.8561
102.424
122.945
101.063
100.455
99.0422
94.4417
101.064
100.528
99.1384
95.759
98.2858
95.7295
97.5061
95.7589
98.2848
95.7295
110.885
97.0421
109.004
107.147
113.149
97.6558
103.107
99.7399
101.736
96.3895
110.453
99.7174
101.427
96.0614
95.1254
96.4127
94.724
96.8494
95.1252
96.4141
94.7239
96.8868
97.1593
96.9908
98.4936
97.9695
97.1982
97.192
97.799
98.3026
98.1033
97.6993
97.1615
98.1343
96.7657
94.2354
95.1381
93.8708
95.2436
94.2274
95.1371
93.8626
96.2979
99.0688
96.5254
96.0474
96.6923
97.8468
96.479
96.722
96.5841
97.6928
98.9445
96.6967
96.5872
97.7392
93.8413
94.9614
93.6712
94.8474
93.8328
95.0121
93.6637
96.9406
97.6933
95.7835
97.4687
98.8518
98.0051
97.2894
96.7066
97.2926
97.1196
97.8052
96.6951
97.3868
97.1796
93.9316
96.8096
93.8054
95.4146
93.9245
96.8022
93.8019
99.8389
99.667
99.0532
91.7223
106.192
98.44
108.078
98.7702
97.7719
98.0878
97.5297
98.4484
97.3698
98.4504
94.1366
97.8208
94.3499
97.32
94.126
97.8202
94.3457
97.6713
104.281
107.668
98.8528
102.755
104.843
94.258
98.6525
98.0747
99.9871
98.3531
98.1612
97.9471
100.109
94.6382
98.7265
95.1761
98.0374
94.635
98.7214
95.1755
92.2856
96.021
89.4683
95.8475
94.0374
96.5408
89.0813
102.608
98.3695
106.01
101.962
102.664
98.4108
104.813
95.3822
99.7895
95.6538
99.1632
95.3837
99.7812
95.65
101.449
96.9439
99.6667
97.3795
100.731
115.048
99.6246
99.6116
99.3778
99.6212
99.6795
100.385
99.3046
99.4998
95.6523
99.7739
95.7727
99.771
95.6478
99.7492
95.7601
102.025
83.1429
105.099
100.425
125.029
82.284
100.457
99.0115
99.4737
98.1116
117.459
100.523
99.4571
100.117
95.9217
98.2992
95.9392
99.1075
95.9153
98.4585
95.9305
107.517
102.67
104.393
103.146
101.941
110.28
99.7511
100.745
101.147
106.675
158.456
101.176
101.53
107.64
95.7591
98.2865
95.7291
97.5827
95.7489
98.2886
95.7186
91.9568
97.2813
102.734
96.9396
85.8886
95.6334
104.255
99.9639
101.082
104.63
92.394
99.9351
100.946
104.934
95.1264
96.4134
94.725
96.8515
95.1178
96.4116
94.7163
98.3612
97.8756
96.117
96.5499
96.144
98.4045
97.8688
96.4759
97.2607
96.9527
97.4096
97.2232
96.955
96.5156
96.5386
96.0697
96.1197
95.3057
96.0634
96.1248
96.5918
97.6171
97.4583
97.1145
96.7032
97.4509
96.4371
97.4059
98.4954
96.5753
97.321
96.1219
96.1552
96.9886
98.2217
96.3815
97.4103
96.9714
96.9566
97.29
96.9564
96.3722
96.3402
95.2961
96.1068
96.1092
96.0701
96.1247
96.2484
97.3073
96.6608
95.8603
96.0183
96.6468
95.8276
97.3544
96.8007
97.1958
96.5875
96.8674
96.7686
96.5647
96.8308
97.0486
96.3486
96.7613
96.022
96.3063
96.7587
97.0263
96.738
97.3185
96.6223
95.2164
96.5636
97.7168
96.7565
97.2558
95.9784
96.9082
95.7177
96.6841
95.7479
97.2665
96.8024
96.887
96.8867
96.6101
96.8511
96.6294
96.8667
97.0527
96.0251
96.4459
96.7666
96.2143
96.7474
97.2791
96.9607
96.9246
97.0037
96.6599
96.9391
97.007
96.9593
96.6551
98.0287
97.0052
96.9417
97.8437
97.0101
96.6611
97.2862
97.2165
97.1353
97.1438
97.2248
97.1335
97.3343
96.759
97.3713
97.1559
97.359
96.9853
97.3387
96.8645
96.9611
96.6713
96.934
97.0023
96.9451
97.0077
96.9531
96.6514
96.9895
97.802
96.9957
97.7947
97.0135
96.6458
97.2925
97.1419
97.2062
97.1506
97.2186
97.1286
97.3292
97.606
97.4674
97.5892
97.4388
97.4175
97.6052
97.8252
96.5671
100.005
97.4862
98.1151
99.6621
97.415
96.5886
97.6445
97.5844
97.5026
97.6675
97.5816
97.502
97.6569
101.551
97.5085
97.2234
98.3749
96.9913
98.6537
99.1579
97.3526
97.4398
97.3382
97.5864
97.416
97.6072
97.2642
96.7785
98.1219
99.4631
97.7366
99.5591
97.3943
97.5349
97.6855
97.6719
97.5806
97.5194
97.5801
97.5554
97.8186
98.1357
97.9261
98.0661
98.0111
97.9263
98.0668
98.1596
99.2869
99.0436
98.9728
98.5786
99.4764
99.0655
98.8527
98.2981
98.4111
98.7162
98.6106
98.4228
98.7442
98.3309
98.3536
98.7935
97.9721
100.072
97.9569
100.271
98.3868
98.1374
98.0015
97.8914
98.0523
97.9459
98.0861
98.126
98.6318
98.8801
99.1773
98.8227
98.8799
99.0298
98.6272
98.3005
98.6062
98.3971
98.7048
98.4081
98.8517
98.3025
100.524
99.0143
99.6985
99.0555
99.0127
99.7087
100.573
101.286
102.072
99.5481
99.0868
102.068
99.5535
101.29
100.473
99.7448
99.7811
99.6084
99.7444
99.7711
100.504
101.983
95.1873
98.3818
102.584
98.1967
100.256
102.182
100.47
99.2597
99.001
99.7026
98.9815
99.809
100.583
101.29
99.0844
102.876
99.5283
102.203
99.6025
101.339
100.447
99.5574
99.7127
99.7749
99.7463
99.7757
100.444
99.4611
99.4474
99.3647
99.6102
99.4404
99.3181
99.4518
99.8529
100.015
99.2972
99.6817
99.9163
99.316
99.4627
99.5705
99.5198
99.7159
99.4354
99.4216
99.7165
99.5491
98.7886
99.0179
99.5067
100.055
99.7045
99.2599
98.8791
99.503
99.3881
99.4447
99.3174
99.4405
99.3728
99.3971
99.0801
100.354
99.7946
99.2546
99.8256
99.2539
99.0543
99.5517
99.4438
99.4406
99.7014
99.4921
99.7011
99.4576
100.364
99.8221
99.6871
99.1502
99.8249
99.6975
100.361
93.1804
121.571
101.437
124.609
104.031
100.737
93.6925
99.1849
98.8106
100.046
99.9072
98.8348
100.056
99.1473
99.4058
103.597
99.2884
113.317
99.1742
98.7463
100.089
100.38
99.1499
99.8691
99.7001
99.8429
99.7021
100.39
94.4443
118.843
103.913
101.041
103.828
100.781
95.726
99.2596
99.9397
98.8968
100.039
98.8656
100.045
99.3811
100.457
100.11
100.003
98.8383
100.114
99.9561
100.444
101.629
97.4007
103.043
104.996
97.0008
103.032
101.598
99.9745
99.4162
100.705
99.9114
99.2799
100.66
99.9628
101.097
97.0055
100.103
99.5135
100.068
99.3031
101.061
100.462
98.8506
100.114
99.9021
100.115
99.926
100.462
101.683
115.511
96.3355
102.991
96.5796
102.989
101.706
99.9664
99.8891
99.2284
100.74
99.2246
100.679
99.9021
98.8682
100.157
97.833
98.0359
100.173
97.8451
98.9345
98.4731
97.9941
97.1247
97.667
98.0037
98.3682
97.1252
98.4541
97.5757
97.7681
96.9247
97.5647
98.4086
97.7453
99.6769
111.243
101.77
96.6804
101.88
96.9267
99.6948
98.7916
97.9973
100.101
97.8494
100.199
97.8489
98.7488
98.3832
97.6713
98.0122
97.1222
98.0069
98.5023
97.1032
98.2654
96.9238
97.6083
97.699
97.5875
98.3079
97.7361
99.4378
97.601
96.0527
96.5425
97.1584
96.0373
98.18
96.5888
96.9921
96.9592
97.8005
96.5513
97.1546
96.9641
96.4662
96.1343
96.0975
95.2977
96.4348
96.1261
96.0927
97.3433
97.6458
96.4967
98.1055
98.0972
97.0589
96.9824
97.9901
96.5873
97.0843
96.147
96.1159
97.7589
98.9451
96.5941
98.0792
97.2734
96.9572
97.1024
96.9599
96.5511
96.4762
95.2989
96.1058
96.0908
96.0999
96.0926
96.4233
97.355
96.5257
95.7397
96.0377
97.2797
96.4526
95.9042
96.7903
96.8873
96.6192
96.803
96.8515
96.9598
96.62
97.4075
96.3125
96.72
96.2744
97.1377
96.6459
96.8156
96.8852
98.1947
96.5923
97.6799
96.6004
97.6885
96.6471
97.2729
96.0312
96.516
95.6312
96.4977
95.7657
96.8336
96.8656
96.8228
97.0236
96.6306
96.9585
96.6265
96.9344
96.923
95.9906
96.3988
96.7487
96.0451
96.6962
97.0802
96.9303
96.9288
96.9951
96.7041
96.938
96.9252
96.991
96.5698
97.61
96.983
96.8716
96.6267
97.3703
96.9685
97.367
97.1968
97.121
97.1321
97.3312
97.1896
97.1801
96.6592
97.6421
97.2944
97.0391
97.2652
97.0134
96.6796
96.9261
96.6874
96.871
96.9837
96.9041
96.988
96.9162
96.4858
96.8759
97.2547
96.9282
97.2914
96.9538
96.5012
97.441
97.1365
97.1743
97.1176
97.1802
97.1145
97.4265
98.0577
97.5
97.5685
97.4418
98.7111
97.3366
97.5565
97.7694
99.0422
97.4376
102.297
104.214
98.1533
100.39
97.3848
97.5936
97.5219
97.6303
97.4828
97.6072
97.5346
98.912
97.5673
97.5145
98.0162
97.4308
98.5523
98.6423
97.9687
97.4453
97.4072
97.51
97.3603
97.5322
97.7271
101.924
102.31
107.939
98.6426
108.184
98.8816
100.562
97.83
97.6406
97.7587
97.5832
97.5791
97.562
97.7333
98.1094
97.8802
98.0828
97.9753
98.1244
97.9236
98.0407
98.5787
98.8591
98.847
98.5297
98.6226
98.951
98.8537
98.2812
98.4269
98.7323
98.5608
98.2983
98.3982
98.7352
98.0074
98.7446
98.1051
99.981
98.0603
100.033
98.1412
98.1061
98.0083
97.8914
98.0699
97.8933
98.0555
98.0958
98.4839
98.7557
99.3169
98.8585
98.9587
98.8777
98.452
98.2745
98.6867
98.418
98.7437
98.4647
98.7347
98.2472
100.566
98.9787
99.7786
99.0626
100.546
99.0892
99.6919
101.402
102.511
99.4952
99.5087
101.37
102.914
99.5231
100.436
99.7975
99.7766
99.5912
100.455
99.7341
99.7723
102.433
99.5442
98.5844
104.341
98.3011
103.928
102.62
100.672
99.1462
98.9984
99.6821
99.0039
99.7352
100.58
101.429
99.2871
103.6
99.4782
103.926
99.5563
101.451
100.443
99.5585
99.7284
99.7536
99.7445
99.7598
100.441
99.5368
99.4171
99.3836
99.2342
99.4142
99.4101
99.3727
99.3138
99.8629
99.2287
100.14
99.1586
99.8164
99.1512
99.5034
99.4539
99.7202
99.427
99.4588
99.4825
99.7284
99.6438
100.123
99.434
99.6553
99.4263
99.596
99.7892
99.5442
99.2321
99.5016
99.3426
99.5183
99.3702
99.7146
99.3594
111.894
100.295
99.1817
99.9079
99.1341
99.5838
99.4643
99.4283
99.4225
99.7012
99.5173
99.7115
99.4261
100.388
99.8843
99.6968
99.1426
100.394
99.8872
99.6946
118.616
103.307
104.039
127.192
92.3477
102.473
103.037
99.806
98.8495
100.011
99.8752
99.5513
98.9249
100.009
99.7807
108.109
99.4296
97.5747
99.3338
98.3647
100.049
100.389
99.1427
99.9176
99.6841
99.9091
99.6903
100.42
112.901
93.6426
107.404
106.442
133.904
101.41
110.112
100.127
99.8018
98.7441
100.012
98.7177
100.005
100.365
100.458
100.122
99.8722
98.8873
100.462
100.134
99.8585
101.986
121.755
102.953
111.747
101.85
114.094
102.87
99.9543
99.251
100.76
99.9034
99.8159
99.0474
100.868
101.057
115.483
101.418
109.018
100.883
109.146
101.081
100.456
98.8782
100.152
99.8804
100.145
99.8699
100.456
102.043
117.091
123.302
102.581
113.562
102.692
102.172
100.168
99.8519
99.316
100.774
99.1176
100.761
100.256
98.6697
100.238
97.8396
97.9006
98.7207
100.758
97.836
98.5351
98.0578
97.1745
97.7984
98.4669
98.1038
97.2418
98.239
97.5728
97.6473
96.9257
98.1953
97.5621
97.6785
99.8051
134.322
101.128
104.433
101.189
112.245
99.8789
98.7541
97.928
99.8239
97.8329
99.8378
97.8333
98.8934
98.4601
97.839
98.1828
97.2036
98.1533
98.4695
97.1989
98.0921
96.9221
97.6144
97.6901
97.5911
98.0858
97.6759
98.5258
99.4653
96.1112
96.4499
97.8641
96.055
97.6005
96.6056
97.2685
96.9564
98.5212
96.5501
97.2792
96.9617
96.5163
96.1383
96.08
95.3106
96.4139
96.1608
96.0632
97.0136
97.6609
97.5793
98.8385
98.149
100.543
96.1371
97.3384
96.5224
98.0567
96.1621
96.0859
101.079
97.1895
96.5496
98.778
97.2781
96.9495
97.283
96.9578
96.6946
96.5221
95.32
96.0797
96.0941
96.1421
96.0672
96.7653
97.119
96.5537
95.8914
95.9979
97.2039
96.5671
95.8265
96.9864
97.0063
96.6322
96.9044
96.9755
96.9924
96.6311
96.9659
96.4631
96.7601
95.9401
97.1892
96.2161
96.7714
96.6518
98.3239
96.6206
100.257
96.5917
97.472
97.3917
96.8416
96.0244
96.635
95.9244
96.5727
95.8273
98.1158
96.9992
96.8741
97.026
96.6323
96.9864
96.6316
96.9975
96.9332
95.9335
96.4021
96.7603
96.2403
96.7719
96.9394
96.9302
96.8624
96.983
96.6652
96.9141
96.875
96.9801
96.4861
97.2102
96.9491
96.9439
96.483
97.1977
96.9942
97.4275
97.1779
97.1164
97.1445
97.3859
97.1875
97.1199
96.7302
97.8372
97.3662
97.497
97.3469
97.1947
96.7488
96.9503
96.6613
96.8782
96.9748
96.8841
96.9772
96.9629
96.5831
97.0708
97.3443
96.9561
97.4188
96.96
96.5301
97.4517
97.1453
97.1857
97.1305
97.196
97.1238
97.4431
97.8033
97.3932
97.5042
97.4557
97.7583
97.4093
97.5175
97.153
97.9897
98.1418
98.526
103.131
98.4128
98.1457
97.7517
97.5286
97.6018
97.6196
97.6787
97.5439
97.6206
98.9505
97.6829
97.2858
98.7985
97.5711
98.7949
98.5189
97.6603
97.4563
97.4292
97.5141
97.4666
97.5217
98.8886
97.17
96.3704
102.017
98.1931
99.0343
98.1517
98.0269
97.7529
97.6333
97.5521
97.6417
97.5527
97.613
97.7413
98.0611
97.9045
98.1033
97.996
98.0696
97.9004
98.096
98.532
99.4707
98.8566
98.5708
98.5379
99.5152
98.8542
98.2615
98.5352
98.7612
98.6112
98.2465
98.4113
98.7449
98.4057
98.5328
97.905
101.939
97.912
100.55
98.3905
98.0579
97.9913
97.9082
98.0644
97.9042
98.0639
98.0593
98.5094
98.3857
99.9946
98.8945
100.109
98.9039
98.5062
98.2597
98.6066
98.4577
98.7573
98.4133
98.7343
98.2573
100.598
99.0106
99.7482
99.0392
100.597
99.0162
99.7082
101.44
103.742
99.4243
99.3883
101.475
103.818
99.3526
100.443
99.7545
99.779
99.5346
100.445
99.7362
99.7762
102.641
100.188
98.4795
106.026
98.4678
105.636
102.634
100.601
99.0456
99.0755
99.7472
99.0334
99.7103
100.718
101.426
99.3515
104.003
99.7378
103.956
99.3519
101.571
100.444
99.5395
99.7776
99.8106
99.7392
99.749
100.565
99.4368
99.4418
99.3597
99.06
99.7619
99.3654
99.3253
100.32
110.61
99.182
97.7444
99.5673
110.119
99.1852
99.4986
99.4506
99.7785
99.4202
99.4313
99.4114
99.7457
99.7691
101.025
99.3607
102.546
99.9185
99.5917
99.7928
99.4151
99.23
99.5863
99.3908
99.6931
99.3313
99.4781
99.3592
97.9305
112.324
99.2735
109.334
99.1423
99.4707
99.4683
99.4195
99.5023
99.8413
99.4044
99.694
99.4372
100.409
99.9267
99.6816
99.1507
100.458
99.9265
99.6822
111.087
109.158
100.916
99.3269
113.163
109.798
101.121
100.67
98.8249
100.017
99.8472
100.548
98.8429
100.034
99.8225
101.873
99.4572
97.1798
99.4486
96.9155
99.3416
100.416
99.1521
99.9456
99.6683
99.9189
99.6797
100.411
109.738
95.7971
117.322
99.2642
106.924
100.608
110.083
100.738
99.9218
98.7897
100.046
98.7997
100.06
100.765
100.466
100.172
99.8737
98.8663
100.462
100.193
99.8919
102.28
109.704
102.533
106.602
102.235
109.416
102.503
100.163
99.3327
100.75
99.7615
100.204
99.428
100.812
100.869
118.57
101.458
102.11
101.4
109.23
100.543
100.457
98.8502
100.222
99.9664
100.216
99.9378
100.43
102.306
103.704
113.204
102.479
109.225
102.496
102.289
100.216
99.7632
99.4462
100.897
99.4392
100.947
100.21
98.9508
99.3651
97.8311
98.1199
98.9449
99.2508
97.829
98.5186
98.233
97.2351
97.9498
98.5413
98.2618
97.2662
98.2691
97.6345
97.6927
96.9196
98.196
97.6186
97.7032
99.9799
92.8891
100.898
105.161
100.935
105.009
99.9725
98.967
98.1166
99.4431
97.8255
99.4106
97.836
99.0063
98.5557
97.9656
98.2804
97.2816
98.2723
98.4701
97.2953
98.3777
96.9226
97.5677
97.7725
97.5797
98.3096
97.7242
97.3207
97.3246
97.2823
96.3848
96.2022
96.1327
96.5222
98.1452
98.0513
98.1502
97.9636
97.7996
97.8155
97.9443
99.6133
99.1629
99.6205
99.121
98.8913
98.9075
99.102
99.689
99.7848
99.7023
98.8234
99.041
99.0449
98.8469
97.3473
97.3454
97.349
96.4057
96.0839
96.4097
96.0833
98.1453
98.0474
98.147
97.9819
97.8382
97.9798
97.8386
99.6308
99.1594
99.6329
99.1424
98.9264
99.142
98.9288
99.7025
99.7733
99.7045
98.7806
99.0401
98.7889
99.0515
97.3336
97.3441
97.3328
96.383
96.0853
96.3727
96.0962
98.1508
98.0461
98.1542
97.9717
97.8342
97.9801
97.826
99.6359
99.1714
99.6396
99.1369
98.9203
99.1375
98.9202
99.6853
99.7773
99.6855
98.8061
99.0299
98.7968
99.0294
97.5412
97.8285
97.5499
97.1619
97.2906
97.3038
97.1526
97.3361
97.3536
97.3068
96.3905
96.0855
96.1016
96.4497
97.8265
97.5455
97.5472
97.1747
97.3218
97.314
97.179
98.497
98.7313
98.5017
98.3581
98.5172
98.5278
98.3421
98.0516
98.1466
98.1464
97.9709
97.8325
97.8248
97.9764
98.7352
98.4987
98.5032
98.3779
98.5477
98.5549
98.3747
99.7664
99.7795
99.7749
99.2778
99.2155
99.2304
99.2594
99.1594
99.6264
99.6211
99.1292
98.9228
98.9091
99.1386
99.7788
99.7742
99.7765
99.2926
99.2354
99.2367
99.2966
99.6328
99.7622
99.6513
98.4779
98.1373
98.0591
98.5283
99.7794
99.7008
99.7024
98.8062
99.0325
99.0255
98.7968
99.7701
99.6677
99.6595
98.4356
97.9951
98.0298
98.4011
97.5436
97.8262
97.5409
97.1702
97.3283
97.1731
97.3296
97.3504
97.3349
97.3454
96.3974
96.0776
96.0803
96.3743
97.8295
97.5249
97.5326
97.1694
97.3235
97.3268
97.1683
98.5012
98.7263
98.5016
98.383
98.5513
98.381
98.5537
98.0476
98.1501
98.149
97.9825
97.8367
97.838
97.981
98.7253
98.5023
98.5018
98.3833
98.552
98.5545
98.3848
99.7738
99.7847
99.773
99.3012
99.2373
99.2986
99.2447
99.1583
99.6348
99.6335
99.1435
98.9257
98.9278
99.1408
99.7848
99.774
99.7734
99.3005
99.242
99.2444
99.3005
99.6721
99.7875
99.6717
98.3702
97.9761
98.3774
97.964
99.7756
99.6928
99.7009
98.7801
99.0352
99.083
98.7873
99.7871
99.6654
99.6686
98.3778
97.9731
97.9636
98.375
97.5218
97.8263
97.5265
97.1627
97.3189
97.1655
97.3118
97.3359
97.3388
97.3259
96.4119
96.1929
96.126
96.5108
97.832
97.5187
97.5274
97.1572
97.2876
97.3012
97.1517
98.5065
98.7238
98.505
98.3658
98.5518
98.3821
98.5374
98.046
98.149
98.1557
97.9559
97.7969
97.8125
97.9408
98.726
98.4998
98.506
98.3555
98.5144
98.5313
98.3377
99.7762
99.7892
99.775
99.2896
99.2378
99.2973
99.2355
99.1667
99.6298
99.6368
99.1194
98.8955
98.8976
99.1043
99.7909
99.7693
99.7775
99.2819
99.2173
99.232
99.2585
99.6628
99.7666
99.6547
98.432
98.0015
98.3902
98.0181
99.7772
99.6709
99.6847
98.8224
99.026
99.0387
98.8456
99.7673
99.6246
99.6443
98.4799
98.1303
98.06
98.5308
99.5735
99.1176
99.5999
97.5788
97.417
97.5804
97.4159
99.5739
99.1292
99.5729
97.5514
97.4223
97.5588
97.4307
96.513
96.8084
96.5121
95.2051
95.3734
95.2058
95.3709
96.8083
96.5146
96.5139
95.2023
95.3702
95.3706
95.1944
99.1209
99.5712
99.5951
97.5733
97.4169
97.4172
97.5642
99.589
99.1166
99.5957
97.5944
97.5071
97.4565
97.6358
96.4799
96.8315
96.4902
95.2223
95.4738
95.4222
95.2998
96.8308
96.5063
96.5033
95.2072
95.3802
95.3927
95.2109
99.1271
99.5643
99.5862
97.5819
97.4203
97.4275
97.586
96.5039
96.8092
96.4939
95.1996
95.3757
95.2003
95.3837
96.8076
96.479
96.478
95.2069
95.464
95.4161
95.2944
99.1227
99.5626
99.5692
97.5667
97.5026
97.461
97.6005
98.3564
98.0408
98.0505
97.5254
97.5359
97.5287
97.5456
98.0829
98.4818
98.2203
97.5107
97.5259
97.5357
97.5208
98.2843
98.0434
98.0818
97.515
97.5311
97.5283
97.5254
98.0097
98.2684
98.0044
97.516
97.5263
97.5255
97.5265
98.1556
98.4083
98.089
97.5224
97.5217
97.5282
97.5101
98.4191
98.2744
98.0541
97.5232
97.5208
97.537
97.5183
95.8971
95.2741
95.8877
94.9788
94.8869
94.981
94.8852
95.8983
95.3056
95.9179
94.965
94.8885
94.9722
94.8847
95.3218
95.9049
95.9219
94.9771
94.8886
94.8877
94.9802
95.2763
95.8882
95.8888
94.9763
94.8866
94.8867
94.97
95.9789
95.3537
95.9376
94.9825
94.8833
94.8905
94.9773
95.3331
95.9841
95.9435
94.9654
94.8802
94.8874
94.9589
99.0697
108.156
96.8549
103.723
98.7812
105.554
99.1619
119.811
103.442
130.526
98.8195
109.547
102.931
125.167
101.459
131.578
118.031
119.295
100.181
109.633
116.383
99.9812
99.2166
115.647
104.769
101.455
124.7
115.165
107.008
167.549
118.838
100.112
97.9573
136.681
132.881
99.9657
17.8768
127.305
123.292
106.742
146.081
109.473
96.2465
85.0956
95.5464
123.113
88.3339
94.6616
99.2553
104.016
99.1142
97.6322
99.8135
107.7
98.5396
97.4067
95.2257
97.5061
95.3858
100.204
95.5773
94.6215
103.845
102.379
97.4208
100.884
107.75
105.784
98.1077
100.819
100.439
96.7939
90.1846
105.351
101.757
103.602
86.926
101.101
87.5241
86.0936
104.602
100.68
93.9411
90.5443
102.536
101.53
101.184
101.868
101.745
101.552
101.286
100.733
104.353
102.018
100.614
100.618
105.384
101.809
96.1229
94.175
93.0962
105.565
96.0342
93.4574
104.093
102.067
101.714
103.104
101.755
101.912
101.708
101.146
91.0216
94.8841
102.5
103.672
95.1506
94.6537
106.962
101.816
104.1
97.8473
99.1122
99.7901
99.4396
99.3317
99.8678
109.861
96.4514
99.7434
102.138
101.088
97.3998
98.4104
98.082
106.394
95.1498
94.4077
98.1812
108.474
99.6571
102.834
100.655
113.038
102.75
101.327
101.359
98.9526
96.4919
96.5301
97.4829
99.3777
96.7398
96.7677
95.9915
95.902
95.3381
99.1723
95.6498
95.2756
94.2878
116.895
100.095
96.0785
100.011
112.133
100.099
96.3748
103.204
100.274
96.3053
100.334
105.265
103.445
96.6238
97.7094
97.9912
98.5752
102.153
97.8605
99.7661
99.5394
103.904
104.672
86.9204
94.2229
100.208
97.7368
85.0331
92.8051
94.474
92.9405
94.2881
92.8047
94.4735
92.9402
97.13
97.0044
95.5077
95.3777
97.1286
97.0054
95.5074
97.1273
95.3774
97.0082
95.5083
97.0054
95.5076
97.1326
92.7956
94.4768
92.9289
94.2894
92.8053
94.4743
92.9413
92.805
94.4736
92.941
94.2891
92.7951
94.476
92.9283
97.1319
95.3823
97.019
95.511
97.0014
95.5119
97.1417
97.1423
97.0138
95.5119
95.3811
97.1385
97.0258
95.5118
92.3624
94.0039
92.591
93.6105
92.3621
94.0028
92.5912
96.4562
95.0187
96.6895
95.1722
96.4631
95.0178
96.6829
96.4591
95.1723
95.0187
96.6836
95.0182
96.6871
96.4573
92.3621
94.0038
92.5914
93.6108
92.3524
94.0069
92.5791
96.4604
95.0213
96.6989
95.1783
96.4771
95.023
96.6789
92.3531
94.0077
92.5799
93.6116
92.3625
94.0046
92.5916
96.4733
95.1755
95.0218
96.6925
95.022
96.7074
96.4653
97.1582
97.1242
95.5093
95.3906
97.0313
95.5196
97.2536
97.155
95.389
97.1381
95.5108
97.026
95.5195
97.2621
96.4894
95.1853
95.0217
96.8101
95.0302
96.7132
96.5849
96.4814
95.0232
96.8189
95.1838
95.0296
96.7067
96.5876
98.2633
97.4893
98.266
97.6123
96.7763
97.6092
96.7764
97.4954
98.2688
98.2698
97.6137
96.7771
96.7769
97.6131
98.2625
97.5254
98.2599
97.6093
96.7816
97.614
96.7819
95.9121
100.209
92.5115
100.132
99.0117
94.4344
92.7022
97.5185
98.258
98.2561
97.6037
96.7798
96.7792
97.6085
97.5458
98.2566
98.2583
97.6105
96.7745
96.7865
97.5989
98.2616
97.5348
98.2569
97.6059
96.7728
96.7845
97.595
94.9149
95.2294
95.2756
94.7105
94.4327
94.4307
94.7049
95.2583
94.9095
95.2969
94.7145
94.4298
94.7168
94.4287
97.1509
95.6
97.018
95.6486
97.1525
95.5991
97.0147
95.2324
94.9672
95.2646
94.6992
94.4412
94.7014
94.4423
97.1704
95.655
95.6042
97.0232
95.6041
97.0239
97.161
97.151
95.6488
95.6
97.0173
95.5992
97.0139
97.1518
97.1552
95.6037
97.0254
95.6553
97.166
95.6057
97.0175
97.1872
95.6021
97.15
95.6614
95.6113
97.0443
97.2855
95.9199
95.6842
94.746
94.6341
95.919
95.6841
94.7454
95.9164
94.634
95.6849
94.7465
95.6837
94.7453
95.9188
94.9786
95.2802
95.2786
94.7043
94.4325
94.4444
94.6991
97.1872
95.6614
95.6014
97.1445
95.6124
97.0463
97.2793
95.2741
94.9409
95.2778
94.7153
94.4322
94.4409
94.7074
94.9276
95.2372
95.26
94.7137
94.4328
94.4359
94.7178
95.9274
94.6394
95.6934
94.75
95.6961
94.7515
95.9283
95.9382
95.6919
94.7502
94.6386
95.9256
95.6998
94.7504
95.9596
95.8081
94.7477
94.6447
95.7229
94.7575
96.04
95.9595
94.6433
95.812
94.7474
95.7218
94.7556
96.0502
118.66
98.5864
96.9663
95.9029
97.9585
103.692
90.0305
140.789
100.321
97.432
108.556
132.181
100.098
96.0956
117.143
93.2208
99.4028
113.411
106.917
89.0084
100.307
105.574
99.4865
99.2276
100.228
99.5876
105.948
106.188
141.898
99.7985
108.692
109.999
111.127
110.384
98.596
111.688
83.4858
110.803
109.933
96.2999
97.7222
122.23
98.0408
50.3644
121.72
104.113
95.2643
84.4047
111.393
91.9712
93.2663
92.1104
93.0281
91.9715
93.2662
92.1112
95.0271
94.3251
95.1399
94.3459
95.0271
94.3249
95.1369
97.2213
109.292
99.6122
94.2771
95.9746
109.506
100.401
95.8119
105.346
101.02
94.4692
95.5892
97.7059
100.631
95.0283
94.3455
94.3251
95.1424
94.3248
95.1399
95.0294
91.9719
93.267
92.1119
93.0292
91.9625
93.2697
92.1007
95.0318
94.328
95.1444
94.3511
95.0307
94.3281
95.1475
91.9611
93.2684
92.0993
93.0286
91.9707
93.2662
92.1104
95.03
94.3507
94.3281
95.1442
94.3281
95.1419
95.0287
92.979
94.4675
93.0518
94.4431
92.9794
94.4671
93.0514
96.8152
95.6496
96.8235
95.7894
96.8068
95.7897
96.8155
92.968
94.4698
93.0402
94.4456
92.9793
94.4676
93.0528
96.8195
95.6559
96.8231
95.7933
96.7915
95.7924
96.8183
96.8149
96.8315
95.7897
95.6497
96.8158
96.8065
95.7899
92.9794
94.4671
93.052
94.4458
92.9669
94.4683
93.0389
95.0463
94.3223
95.2447
94.3556
94.3314
95.1636
95.0976
95.0486
94.3554
94.3221
95.2484
94.3313
95.1713
95.0989
96.8172
96.8382
95.7926
95.6539
96.8166
96.8031
95.7915
96.8299
96.9245
95.785
95.6616
96.8182
95.7968
96.8609
96.8276
95.6595
96.9322
95.7835
96.8246
95.7955
96.8584
99.9971
109.51
100.804
104.21
98.8011
102.076
95.4319
104.47
83.2484
59.8988
103.914
99.2023
82.6892
76.6788
101.493
97.1906
95.6886
98.1971
100.411
98.3396
99.2095
83.4801
121.475
114.491
96.2956
94.8605
102.798
95.4593
106.953
102.15
100.635
103.818
105.416
100.559
99.4665
101.63
100.986
104.768
100.644
100.567
104.764
101.307
94.7368
108.987
113.455
95.2962
95.372
107.911
99.5394
93.5379
103.299
96.7095
100.584
100.29
103.154
100.548
105.79
121.289
114.063
96.1791
95.0839
110.829
108.907
102.873
97.9954
101.816
99.1017
102.067
115.62
99.8514
95.8644
111.881
110.78
96.422
98.9358
97.3291
107.046
101.004
99.5054
101.02
96.7007
102.5
99.7363
98.6565
94.8762
94.1355
94.7094
94.1356
94.7048
94.1343
94.8833
96.8003
95.9328
96.6455
95.7711
96.8069
95.9327
96.6433
96.796
95.7711
95.9323
96.646
95.9329
96.6441
96.8022
94.891
94.7116
94.1393
94.1344
94.8891
94.7131
94.1392
96.809
95.7695
95.9354
96.6462
95.9325
96.6446
96.8101
94.8768
94.7088
94.13
94.1353
94.8758
94.7045
94.1322
96.8114
95.9352
96.6454
95.7698
96.8112
95.9329
96.6469
94.8963
94.1364
94.7199
94.13
94.7178
94.1415
94.9049
94.8701
94.1341
94.7129
94.1323
94.7134
94.1319
94.8648
96.805
95.9227
96.6528
95.7732
95.9354
96.6483
96.802
96.8068
95.7733
95.9231
96.6519
95.9359
96.6514
96.8029
94.8941
94.7207
94.1281
94.1365
94.7168
94.1362
94.911
96.1508
100.213
103.969
97.9156
97.8391
125.184
101.545
103.249
101.154
106.027
105.391
101.276
102.908
106.255
97.5253
118.858
101.351
98.6251
98.0026
115.939
101.865
93.2251
108.25
93.217
103.465
102.103
101.774
101.735
129.782
102.426
86.3287
99.489
109.409
100.428
99.5334
102.139
101.104
98.367
97.6865
102.005
99.2692
97.1322
99.5554
123.984
90.221
102.227
98.4791
91.7372
94.4648
101.399
84.3428
81.5345
101.946
101.586
105.386
98.4983
97.9187
115.979
108.365
102.565
98.0477
113.869
100.321
93.9972
101.723
101.787
104.351
96.2741
101.81
100.443
100.72
107.065
99.6298
100.885
104.361
102.563
100.333
161.721
107.503
106.26
88.7231
110.008
110.08
89.0013
98.7902
99.0659
99.0804
103.424
100.275
104.221
99.1345
114.805
114.14
107.274
136.171
120.981
107.472
110.733
115.014
144.09
106.654
87.1878
136.526
110.745
90.0118
90.7949
95.7951
95.7347
139.106
137.921
96.4712
108.051
104.097
98.6755
99.5021
97.1256
103.697
100.595
98.4501
116.839
119.078
132.738
132.097
108.596
136.206
142.545
98.0652
121.33
134.764
107.243
103.502
107.457
106.834
101.215
91.0366
103.167
95.8683
100.202
86.0534
98.8406
103.964
97.7456
90.7537
113.936
103.992
101.683
90.7775
106.162
100.222
98.5061
93.3317
107.979
100.57
95.639
110.237
101.528
104.801
123.088
100.253
98.8009
104.224
102.256
99.6196
103.884
105.623
101.051
110.557
105.743
101.526
98.0356
101.588
96.4025
97.4481
96.0438
97.7567
102.14
136.777
120.937
82.1529
131.508
129.266
99.0428
106.28
96.2646
94.8965
105.9
102.13
102.375
114.425
94.545
97.4861
96.6517
97.8261
96.3106
97.2002
99.2207
97.8015
102.148
101.976
97.0319
96.3011
99.7613
100.004
102.59
127.517
109.59
95.4224
106.54
114.041
115.528
108.094
113.742
114.609
88.0857
121.84
100.244
103.738
105.77
118.886
97.5535
111.329
99.1755
108.219
101.945
97.8402
109.413
109.665
106.306
91.9774
93.0707
83.0119
117.31
106.43
109.549
100.121
113.263
106.846
113.6
97.7196
86.1663
68.6134
103.01
103.545
87.5481
105.407
102.358
110.706
101.677
99.6171
101.575
108.516
105.26
101.837
105.455
104.877
84.2817
134.327
82.8737
147.298
106.533
100.186
131.7
102.85
126.539
110.432
100.43
104.491
101.945
101.48
102.157
101.508
102.365
101.419
96.4996
96.4388
96.6493
95.8723
98.1387
98.2226
96.1988
96.5274
94.5556
96.4998
95.8589
96.0467
96.2918
96.3628
97.5755
102.669
96.5733
94.6068
95.0856
103.861
104.137
101.901
101.594
105.283
105.302
102.605
99.5283
101.818
99.7885
102.445
87.3322
99.354
87.4856
76.008
79.1295
95.0207
102.162
102.729
100.165
102.879
99.8363
95.7395
98.2902
97.8251
97.8255
97.0015
97.3957
97.4104
96.9897
102.812
103.778
104.169
106.304
106.928
106.664
107.641
99.9844
105.597
104.155
104.764
98.9688
104.112
102.269
96.6041
117.169
105.348
114.343
97.1003
101.873
104.344
98.2835
97.7837
97.7846
96.9949
97.4085
97.4095
96.9927
103.062
102.894
106.314
106.239
97.9245
104.189
102.041
97.8062
96.5974
97.9369
96.5847
96.5657
97.6112
98.0031
97.8384
98.283
97.8121
96.9989
97.4094
97.0027
97.4098
89.7363
104.687
104.666
120.879
108.218
121.599
95.8853
97.8072
98.2876
97.825
96.9952
97.4106
96.9955
97.4073
95.6779
103.184
100.385
106.72
95.2069
113.199
100.102
104.531
97.3976
115.9
102.522
104.42
102.069
107.07
103.706
106.228
103.979
117.849
102.248
101.991
116.334
108.244
101.632
103.549
103.202
101.337
104.242
107.893
98.2909
97.8443
97.8413
97.007
97.4117
97.4077
97.0085
111.247
104.67
105.041
113.441
109.542
101.066
115.33
102.654
106.343
103.267
102.343
103.226
101.899
101.121
99.18
116.85
102.739
99.4382
102.61
98.6245
100.224
97.8402
98.2919
97.8414
97.0088
97.3965
97.4105
96.9947
111.366
131.622
107.35
95.2237
107.471
89.172
108.566
131.531
100.801
102.453
119.379
101.135
102.861
100.218
100.293
100.478
100.384
110.55
99.7351
100.945
99.6528
117.594
112.706
125.563
108.149
77.0791
122.411
142.907
112.044
98.3375
131.026
54.3224
128.604
119.654
190.939
105.211
115.897
100.93
101.947
105.109
106.293
109.836
88.0561
117.822
122.18
117.098
108.439
120.047
87.6409
100.976
117.205
118.994
138.839
110.834
171.975
112.423
97.5733
101.852
102.644
101.125
105.573
105.679
98.3108
96.7543
96.5685
98.6767
98.1826
97.5674
98.0197
96.5544
105.096
106.682
105.228
103.287
107.458
105.191
102.239
109.334
105.14
110.401
101.899
100.457
100.67
100.963
106.123
99.8367
104.331
102.977
104.422
102.182
116.246
96.0331
114.614
113.662
96.0698
105.165
104.606
95.3066
100.247
101.111
100.754
100.626
100.576
99.285
102.129
96.4646
98.2109
96.5805
98.4331
97.0832
96.4559
98.4234
93.8931
102.467
100.638
98.7123
93.6514
105.773
97.0253
96.3096
122.2
126.763
96.3081
98.9151
115.936
105.831
114.028
91.0035
102.648
96.7521
112.38
90.7118
96.6015
96.0846
105.001
115.488
91.6355
133.144
114.245
91.8961
69.5664
82.7734
107.569
129.314
129.001
170.326
150.568
116.092
90.0306
89.6806
90.6029
126.717
109.895
88.3109
102.333
99.8714
102.145
102.876
100.67
101.346
100.906
103.37
106.997
105.084
102.377
100.498
102.057
100.336
76.296
117.124
75.8139
116.919
123.357
121.216
116.862
125.015
106.151
100.85
125.426
120.763
125.347
127.826
114.138
105.718
108.94
97.2633
119.061
96.4785
121.165
93.8329
96.4206
96.6748
95.1385
95.071
100.912
100.127
106.199
92.1322
126.769
101.863
103.704
92.3023
122.932
94.3993
98.5273
98.6381
104.399
99.8427
121.117
99.7988
95.3069
106.471
92.0703
102.992
138.288
105.051
91.6462
107.155
103.413
97.1764
95.4189
99.5661
113.097
103.046
98.2231
97.5625
96.1708
98.9207
97.707
98.7553
98.2151
130.636
96.8685
113.65
102.21
101.391
102.111
101.947
99.0609
98.2166
103.283
98.5616
103.28
98.1744
101.096
106.468
122.646
111.484
106.062
104.8
100.496
103.525
97.3965
96.2415
98.0025
97.8498
97.8504
98.5111
98.3843
98.9608
99.3897
98.849
97.5446
99.6388
97.7083
99.8093
100.095
98.7045
100.819
106.138
100.038
98.6468
99.846
100.474
100.611
98.8601
98.896
99.7939
98.3505
100.568
94.5527
105.684
104.121
100.396
99.7738
100.467
94.2104
99.3175
101.179
100.419
96.0479
99.0445
100.353
100.441
100.352
91.0805
100.516
100.12
98.5784
100.124
100.341
99.4479
96.415
100.299
100.627
100.52
100.571
99.5531
99.3441
107.772
99.0071
95.3207
117.317
94.8707
114.903
90.4208
93.7793
97.6433
93.5633
120.137
89.1893
120.36
95.9195
120.863
114.556
103.44
98.623
103.809
99.1714
102.155
108.27
103.316
103.418
106.74
99.2065
104.229
188.667
92.9167
155.648
91.7741
98.8126
91.2698
99.1264
92.3854
153.885
174.044
92.0396
113.903
99.1209
102.984
90.7738
93.6491
97.6176
93.6888
119.89
91.6973
119.425
103.231
117.077
109.756
95.7361
119.015
95.7888
120.54
101.039
69.433
73.1138
71.8814
188.238
71.365
211.145
98.6043
97.5119
97.2452
90.1106
128.766
89.2597
131.924
89.4672
143.358
147.63
99.7061
99.712
97.9452
101.833
154.938
89.5171
130.109
101.036
108.572
99.2914
106.711
104.216
65.4053
62.426
315.992
65.6647
67.7399
180.392
117.079
96.1137
106.275
91.9147
135.752
93.1919
137.376
95.5394
97.6081
93.6726
92.0593
91.9447
119.17
118.88
109.491
103.05
123.683
121.314
110.203
118.579
125.746
104.288
124.111
101.945
121.163
126.941
121.303
129.018
94.409
101.203
101.299
111.726
111.012
97.0589
96.0499
95.4357
101.739
91.3683
96.3949
96.7537
121.464
126.925
102.362
99.1341
101.419
87.8957
87.8125
128.831
128.695
98.4579
73.571
78.5826
73.5039
186.328
78.7245
184.068
97.2807
100.206
101.081
92.7134
127.597
90.3021
136.574
100.533
118.509
98.3679
96.8727
100.779
110.588
98.9206
98.8249
103.679
110.482
96.5653
100.012
105.582
98.9324
81.5218
112.884
125.713
97.7788
116.932
116.183
126.469
97.0264
134.171
126.053
111.947
97.3612
139.322
126.829
100.727
101.651
106.835
100.106
101.328
94.8563
100.678
99.0226
97.3052
99.6837
107.349
100.137
107.724
98.8204
100.77
99.29
101.452
96.7227
101.411
95.3109
101.452
88.0921
131.292
130.77
100.951
106.382
106.434
101.907
101.984
101.467
101.531
114.654
117.233
95.5306
95.7803
101.827
105.06
101.367
115.111
99.7848
119.524
97.4762
99.2662
98.8753
98.6479
100.123
100.419
102.16
102.123
101.357
96.9564
101.848
103.987
97.6659
109.421
98.34
99.8953
100.899
100.03
98.5664
98.4242
98.2623
99.1086
103.57
76.3439
76.6612
74.4938
74.0297
183.05
184.542
107.262
87.558
105.904
114.207
106.739
79.0623
108.618
101.606
104.323
101.627
99.1759
110.657
99.8647
101.471
98.4945
100.327
105.763
97.9345
98.9065
99.1499
112.916
105.751
77.8131
108.198
88.8092
104.995
99.843
108.021
104.71
96.8401
111.432
126.442
115.023
150.669
104.216
74.1883
115.503
136.408
82.4679
78.2727
132.439
192.676
102.541
99.6275
106.171
124.759
95.6508
102.945
96.1117
93.7394
115.626
101.688
108.557
109.27
95.7462
95.6218
106.304
101.863
103.689
95.7613
92.2617
119.378
119.213
100.312
98.2222
100.393
99.961
99.3895
98.4836
100.102
95.7846
96.8047
97.5312
103.42
103.954
95.1585
96.8213
93.984
97.5763
102.326
102.677
101.829
97.8285
101.779
128.732
109.668
112.937
67.9585
114.684
136.107
66.7321
122.934
122.581
187.787
120.057
125.684
188.506
75.0998
102.093
105.886
107.043
108.056
110.162
101.26
100.972
100.82
99.6699
98.8974
100.399
99.4877
98.931
98.9319
105.074
99.7288
109.081
91.4182
104.149
100.313
104.751
99.4584
101.025
96.6751
99.2149
104.45
101.089
95.9384
98.5604
98.8319
99.0246
98.6729
103.964
99.1068
102.033
127.676
109.482
127.085
114.309
69.9133
71.7096
113.63
127.896
120.37
148.457
124.908
147.241
118.694
119.035
122.776
138.891
124.637
100.789
106.945
169.571
107.778
69.3922
86.3759
74.4296
110.486
96.6191
96.2131
110.299
94.3556
97.4795
97.6813
102.886
101.332
101.954
102.807
102.249
126.268
126.701
98.9629
99.4983
97.2242
96.0094
93.9812
102.499
102.276
97.5467
97.5559
101.856
102.335
104.506
96.3633
101.538
126.575
110.576
99.1246
110.174
97.773
100.982
100.271
98.3207
98.9157
98.3553
100.625
93.8218
111.851
95.0662
98.1371
97.7098
102.214
99.3824
128.17
91.3793
109.999
99.4317
126.907
90.219
111.647
102.722
125.09
145.322
97.0909
102.787
115.104
152.446
105.852
91.7219
105.787
107.416
100.171
104.762
115.867
99.4182
102.276
102.683
80.5286
96.1647
96.231
74.5953
117.782
104.823
109.822
97.0856
115.776
97.0554
115.218
105.776
101.83
101.116
100.565
94.0327
100.677
111.462
105.374
101.022
104.722
100.658
90.8704
92.4338
127.844
106.474
110.774
97.7906
107.456
101.858
103.984
119.972
115.124
100.792
106.861
116.169
114.112
112.137
116.287
121.777
110.048
90.2468
101.976
109.647
90.2377
120.641
107.504
105.493
104.453
100.766
108.605
103.904
102.291
105.44
104.849
103.904
103.723
101.277
103.869
101.946
104.74
124.917
115.65
97.0707
122.796
107.225
98.9291
107.232
77.4361
77.1924
102.66
102.185
108.931
110.954
103.052
106.956
76.5787
76.932
102.514
107.167
103.871
104.078
104.918
76.3484
104.576
75.8206
103.906
103.716
107.567
102.701
103.575
101.643
105.44
102.241
103.637
110.282
106.661
110.133
133.614
123.217
99.356
83.1918
106.946
89.6304
121.068
86.869
114.692
146.966
90.8327
105.383
102.265
104.853
101.654
105.58
102.288
104.893
119.43
141.935
114.506
117.213
102.477
102.403
128.717
97.4646
96.3445
98.688
100.326
99.591
100.377
105.911
96.3639
96.8788
96.1186
99.2632
99.5738
100.817
98.382
97.9888
119.049
102.371
119.183
94.8319
94.3523
104.381
93.5149
138.921
148.295
96.7544
131.819
99.4361
111.355
128.287
132.15
131.509
72.9496
108.66
108.903
73.6076
103.837
103.338
112.396
91.532
88.5263
89.3384
91.4815
94.6379
91.3275
99.515
112.812
97.4224
111.427
96.0736
145.136
132.559
112.195
108.351
100.246
109.333
101.199
106.49
95.5261
98.4908
96.1106
110.763
110.514
95.7855
95.7353
105.312
100.263
93.008
110.263
97.3564
97.6752
110.925
91.3907
138.282
138.356
115.259
90.9329
109.39
97.994
114.182
99.3175
95.1697
102.754
102.805
94.9154
106.095
100.345
76.2391
103.716
102.454
111.618
84.3376
100.711
114.414
100.508
95.5686
103.869
102.745
96.3898
107.481
103.281
108.352
88.3441
92.1657
91.4746
89.1655
128.534
120.914
121.457
153.286
149.262
118.776
121.136
110.278
104.343
116.369
110.557
99.9121
100.483
107.596
102.291
126.925
126.694
101.917
104.739
96.8767
97.696
178.854
128.144
130.311
72.0964
152.583
128.515
125.521
111.255
107.441
123.956
105.924
109.983
105.535
135.792
105.585
105.694
105.109
140.86
105.06
130.192
109.315
105.119
101.582
98.8345
105.586
104.6
109.951
103.871
88.8958
102.822
109.317
113.065
110.869
99.2347
95.4498
100.048
129.929
111.801
113.259
110.814
111.404
115.472
61.5199
120.853
129.075
63.3789
57.7658
127.02
131.688
42.1863
51.5361
77.3821
75.2771
61.2768
69.4311
89.5703
102.461
126.994
123.441
150.861
100.346
128.529
125.953
103.772
101.658
101.738
98.4615
100.593
100.756
102.194
97.9688
102.54
101.381
90.5436
103.043
91.5771
99.4757
124.53
99.4336
108.865
121.432
109.667
145.146
109.579
134.937
114.275
151.336
67.8356
140.056
158.216
71.1708
105.052
122.388
110.347
92.3721
112.763
109.986
86.427
64.8874
193.009
128.181
112.609
136.512
170.708
130.765
46.628
91.7933
94.3101
69.4347
55.3307
95.8897
93.9609
141.936
126.378
124.208
106.658
133.085
115.242
106.558
134.86
57.9424
108.053
89.759
128.836
147.422
128.281
104.392
100.895
106.639
100.622
100.18
104.227
105.578
102.538
110.652
115.521
139.075
116.778
142.387
103.397
155.747
136.055
143.868
115.678
67.4784
61.7077
114.821
76.515
49.9446
88.1968
266.332
216.208
144.207
204.877
125.965
115.606
89.1708
110.799
121.186
118.805
147.313
95.3073
86.2552
87.3796
114.879
132.755
93.2947
91.264
128.014
83.8787
78.8744
145.415
122.876
135.779
143.642
162.331
61.6851
148.901
121.799
117.842
141.233
92.19
110.981
73.5915
84.7006
105.572
129.186
95.6474
76.9263
113.182
125.327
85.5491
105.18
116.577
95.8429
120.33
98.4105
99.0179
99.0176
113.542
104.125
98.9957
101.279
112.533
115.763
104.772
113.14
104.625
100.046
102.491
102.739
107.867
102.957
116.675
117.898
101.819
102.198
135.11
69.0462
147.233
117.159
94.2826
113.664
91.7382
57.0598
206.84
91.2797
95.7093
270.85
138.707
131.913
130.019
87.5571
125.215
97.0129
110.11
106.534
100.556
98.1713
86.1873
95.64
89.1564
101.293
89.6027
98.2208
106.241
115.235
109.581
110.277
83.8804
101.4
117.628
69.756
179.857
120.275
123.06
105.366
109.102
129.439
110.002
87.2206
119.132
102.537
120.345
99.2855
111.414
205.336
107.782
112.032
142.162
123.012
190.562
118.71
110.688
112.361
107.285
104.45
87.9365
116.184
109.534
98.4396
105.053
109.69
105.102
107.335
102.623
103.112
98.0162
106.924
97.3421
101.047
106.902
100.696
105.346
107.569
99.4689
99.2274
102.486
100.748
106.229
104.787
99.3829
126.729
98.0988
97.7037
96.3117
127.047
93.8385
125.885
159.628
176.362
93.8536
186.681
67.389
149.548
107.143
99.319
104.46
99.5582
98.9857
101.035
100.292
157.6
95.9482
124.531
92.3934
125.566
156.238
90.7574
113.441
99.0629
114.522
93.057
102.847
94.1327
101.247
102.563
110.311
96.6998
94.207
97.3909
97.7626
91.796
98.9224
91.1046
96.2341
137.047
133.459
105.304
91.0727
95.2453
111.419
227.437
115.846
158.597
88.1373
89.6304
97.6729
92.8173
103.187
125.152
133.744
91.7153
95.5772
95.8655
94.2331
116.904
102.104
101.567
102.087
101.651
95.9167
97.5521
94.7555
104.22
101.623
102.393
104.348
97.6087
192.805
93.6375
104.17
103.819
104.274
104.833
97.8764
99.0629
111.36
102.132
101.327
98.9548
102.982
108.915
98.0748
110.856
107.68
103.096
104.583
106.924
102.517
103.111
103.865
106.557
106.419
105.277
124.821
102.812
100.381
99.9825
104.794
104.851
86.244
86.2646
133.359
101.012
131.177
101.253
120.721
104.999
122.954
132.166
113.718
131.593
103.564
179.164
129.306
98.9516
111.792
104.824
100.606
116.06
104.871
100.386
107.056
101.927
98.0161
102.774
104.625
91.1713
109.526
84.8362
100.974
108.698
97.6149
99.2385
98.6137
99.2779
100.744
157.491
101.873
192.31
124.012
93.8378
133.632
105.728
100.719
126.746
99.7828
100.824
102
116.202
99.0904
103.819
102.932
104.255
104.103
94.7704
104.2
99.8194
99.5366
110.806
107.51
96.8451
102.668
101.35
97.5736
108.307
103.811
97.8322
104.638
90.4345
114.736
169.89
101.746
97.555
100.874
137.803
101.953
101.3
98.6903
96.5404
101.109
100.124
116.497
116.015
99.5732
98.1912
103.932
104.785
109.692
104.87
103.854
99.6466
99.2117
105.551
103.264
96.3265
91.3402
97.8764
98.441
96.0889
180.456
151.293
154.106
113.954
69.7121
185.393
88.0761
79.5835
127.756
109.46
288.131
156.219
103.967
93.3229
112.935
95.7202
99.7465
102.121
104.999
95.4783
99.8522
106.777
97.3401
105.575
102.103
102.425
101.766
108.746
110.312
101.093
113.024
98.2086
109.1
124.675
101.164
91.0637
115.25
110.528
89.7581
88.0515
112.892
104.722
86.9911
113.668
118.8
102.082
106.98
124.511
121.076
91.0123
110.768
121.587
121.176
110.364
110.495
93.9835
175.371
372.374
174.362
106.94
179.133
141.248
141.667
108.876
138.606
93.6566
344.579
144.802
115.753
98.9371
87.464
92.9676
93.7036
93.2904
99.1504
96.4614
93.2461
99.5566
115.369
96.2345
108.208
103.203
97.3762
102.766
102.466
90.9198
93.4343
103.957
96.3543
106.716
101.631
108.37
106.78
119.072
112.308
133.127
145.094
103.148
122.536
101.313
116.715
119.075
123.707
101.286
114.642
102.107
101.779
99.7845
132.124
101.932
91.9874
100.499
106.63
115.724
113.078
114.981
97.1934
118.305
96.5994
107.906
98.6416
118.513
152.282
102.244
96.8188
94.5113
106.321
109.938
106.998
110.379
95.6993
94.8142
116.976
98.8112
129.71
132.89
100.247
118.472
126.358
102.315
109.663
109.27
107.548
108.767
117.115
118.857
117.397
100.418
136.476
108.734
102.507
126.771
102.037
103.876
111.582
136.311
76.4152
116.473
107.268
81.4851
129.566
107.683
103.094
100.481
104.711
102.985
102.957
99.0336
99.8544
93.6292
141.544
106.933
98.3523
84.3255
124.512
95.3627
99.8229
95.7719
119.935
84.0892
122.834
99.7641
87.176
97.8489
119.318
114.723
141.453
127.967
82.7989
117.975
136.327
132.289
90.4197
162.381
133.341
142.167
113.035
99.8611
108.565
116.393
115.244
111.212
114.743
138.515
128.317
126.32
101.318
113.356
109.368
101.273
101.855
103.836
99.7304
101.536
92.1855
93.3739
102.496
100.513
97.7216
99.411
97.3328
107.792
107.656
98.8519
101.369
103.664
100.807
107.467
110.996
103.212
103.873
111.635
109.062
107.442
103.182
106.06
100.241
100.826
109.218
109.474
129.433
134.203
132.372
108.97
104.527
104.794
107.235
129.068
107.413
102.916
168.761
103.728
129.359
81.8389
77.7844
154.113
129.147
151.809
131.644
119.224
94.4602
101.55
108.286
95.9896
102.551
119.755
110.092
128.302
107.108
149.842
104.718
112.968
125.943
89.459
97.7549
110.756
124.927
115.545
128.536
87.9416
114.694
100.732
101.515
113.207
114.52
112.883
113.316
108.241
108.138
112.723
105.51
105.107
104.591
107.277
108.138
101.946
107.001
99.7434
99.5327
100.213
99.1988
40.7876
120.237
100.505
60.6967
139.081
76.4655
65.7631
98.9992
98.2949
110.536
109.108
108.396
100.837
98.4738
105.524
125.152
104.771
105.806
105.521
102.073
113.443
123.252
94.7414
126.797
93.1182
133.055
134.591
94.7772
112.956
106.188
108.202
109.449
109.416
107.823
107.175
135.901
79.9919
142.298
92.5458
129.902
138.422
92.0805
137.135
80.0632
182.281
87.8053
133.764
90.0342
146.848
136.042
140.219
133.239
126.552
124.807
140.812
171.205
148.875
59.9901
140.283
235.235
137.588
143.249
256.264
164.428
100.984
107.01
76.0426
124.142
117.237
86.6593
86.6547
134.039
92.6854
123.316
145.977
163.311
123.95
103.991
100.693
101.759
99.5395
100.754
97.5818
101.815
111.122
97.7088
110.89
104.885
99.9649
103.079
113.536
115.658
113.618
104.751
115.389
89.0845
104.743
102.361
138.095
216.287
139.139
136.763
101.888
142.354
196.083
117.185
119.885
113.308
102.677
101.064
131.258
121.392
89.2888
109.456
121.271
97.9897
88.2908
107.475
120.083
102.506
101.608
108.968
102.668
102.28
101.578
105.404
128.025
89.8945
128.426
98.1612
99.7752
148.903
100.278
93.5377
95.214
94.7164
93.9478
166.235
114.318
96.122
97.8349
102.75
101.077
94.4311
94.7039
98.3583
97.3554
108.909
84.9455
111.697
108.412
76.3847
78.0756
103.669
103.102
84.8538
110.842
109.45
91.3304
109.317
104.704
101.307
86.5005
89.5741
107.383
89.4859
107.316
98.716
112.212
102.781
135.975
118.424
176.391
136.057
104.349
128.448
150.785
119.442
133.113
128.287
124.393
140.487
138.389
97.7512
80.4731
79.0216
128.367
80.7007
98.4043
93.554
82.8551
92.919
91.3581
60.9915
90.0601
68.1294
107.871
116.24
110.211
105.844
106.839
104.188
130.631
152.619
105.46
434.595
66.5213
198.059
168.05
277.403
109.226
87.8186
106.946
126.714
88.5639
109.314
126.977
119.491
102.22
122.412
87.3699
127.654
127.316
99.1551
98.692
98.6976
98.8009
121.162
104.21
101.651
128.342
141.767
124.21
127.391
113.153
118.397
137.363
134.923
97.4888
90.9588
97.5223
102.253
93.92
106.008
91.9158
99.7938
102.101
103.201
108.677
105.466
106.07
107.28
108.235
104.559
121.024
108.165
116.381
106.273
111.278
98.059
118.242
120.612
102.441
104.358
114.116
110.909
174.902
111.381
104.368
116.05
99.8475
125.137
76.2306
132.859
96.4603
149.535
106.331
98.1973
106.783
95.808
108.607
117.892
110.228
112.562
108.563
113.323
109.01
92.8068
103.745
88.9294
91.8427
93.8457
88.9594
114.452
121.36
128.305
108.937
95.8631
133.325
139.24
93.7293
109.792
118.699
114.663
131.448
130.605
115.678
137.177
103.501
103.208
100.862
117.988
153.552
117.313
122.445
131.907
133.323
127.149
113.158
119.7
126.243
123.498
96.9278
105.952
104.81
106.59
136.686
119.126
106.295
108.243
114.338
112.557
115.132
109.478
107.982
104.621
132.639
115.335
112.744
112.123
146.977
111.347
121.36
331.072
57.7231
163.704
76.7243
112.775
74.8905
116.351
64.8469
145.044
151.826
85.3651
96.7187
79.072
95.0994
82.7362
94.1517
95.8611
151.681
147.831
112.492
122.582
129.213
119.514
110.326
154.45
138.175
125.247
120.324
113.612
122.476
122.3
135.02
110.89
145.623
114.391
113.903
97.1308
96.9495
99.8732
114.365
102.154
97.9307
101.89
106.181
101.844
110.8
97.7595
104.381
99.1956
103.978
94.0779
95.5312
94.9294
96.8447
101.138
97.4652
121.062
89.7091
95.3256
164.275
64.306
158.682
126.853
97.5525
119.052
117.982
98.5796
105.126
111.979
121.831
102.442
97.9335
97.1227
110.152
111.374
89.9406
108.444
104.818
128.415
118.121
105.401
99.3948
102.421
100.746
98.3577
96.307
109.289
89.4916
108.678
90.7809
116.351
111.664
86.5315
93.2345
75.9327
93.052
77.4932
95.1954
121.391
116.311
110.638
139.265
131.377
111.677
147.992
122.966
119.991
115.725
113.755
117.202
116.928
114.035
120.318
127.523
137.944
130.904
141.179
140.368
124.982
146.313
113.022
112.216
111.487
112.373
76.9393
109.357
113.763
104.727
79.9705
91.236
88.151
92.2774
123.907
124.781
94.301
155
100.613
42.2397
47.6449
91.5689
102.995
90.2051
99.1692
148.27
128.007
91.2143
107.657
130.538
134.854
133.005
101.216
169.318
116.099
146.283
115.972
102.467
134.889
130.182
102.942
105.899
111.668
123.432
101.734
130.563
121.86
100.231
97.0236
105.01
95.5411
103.867
95.115
104.704
113.596
105.935
103.024
124.064
89.8814
85.1263
121.209
116.012
119.457
155.804
114.271
124.952
122.842
97.136
135.855
149.219
118.285
111.296
113.538
111.829
85.2268
78.0077
122.403
114.241
102.106
97.9895
98.0087
105.225
101.197
97.3917
97.5114
101.217
103.919
106.039
102.322
97.659
102.988
105.147
115.653
123.579
117.409
129.362
187.536
112.958
140.691
104.067
124.147
92.4103
90.3613
140.186
149.425
147.882
113.898
125.93
110.777
131.471
103.159
103.754
140.017
95.2028
120.257
133.453
116.09
118.23
104.592
94.8693
119.917
82.9395
108.752
130.835
103.568
95.6384
86.9798
160.423
116.075
141.796
103.332
110.937
88.0407
131.143
109.971
122.765
111.796
103.886
117.403
110.894
126.342
324.886
119.588
74.6501
108.153
169.153
317.768
151.59
111.084
124.229
105.816
132.064
112.085
113.564
117.976
129.466
150.107
157.154
119.405
143.381
98.6151
98.0314
96.4424
106.959
98.6733
97.5571
97.2607
112.643
101.218
187.128
147.977
187.826
145.313
93.0634
108.864
125.247
102.991
101.534
101.459
105.945
105.335
101.593
108.228
110.11
99.2229
95.956
123.627
121.525
122.462
118.307
101.124
97.2435
97.7704
97.0434
101.067
97.2545
99.4371
91.939
111.556
94.7569
97.4108
91.6393
109.761
93.5044
109.222
159.115
109.344
95.1438
123.906
90.7969
131.37
132.952
108.697
122.301
109.417
110.947
110.096
117.779
114.248
123.785
144.698
116.147
115.503
107.428
103.153
88.5902
82.6137
113.466
98.8401
87.2766
85
160.47
125.362
75.2013
110.281
97.6659
109.205
106.558
83.6954
111.843
115.807
90.8367
136.555
96.3866
139.539
99.7745
104.929
124.245
110.269
114.932
163.08
77.9688
100.129
103.935
178.361
100.244
207.937
208.466
124.964
123.87
93.6513
130.888
103.496
115.888
109.563
116.242
145.66
114.996
125.464
99.5884
106.436
116.146
104.831
99.5249
105.773
122.221
136.93
88.7029
113.878
112.369
122.924
99.2405
97.7153
104.012
115.769
93.5355
105.46
102.833
96.5133
123.134
125.167
99.955
119.416
142.045
102.462
108.889
116.196
106.009
116.417
102.822
102.764
111.098
151.682
125.861
146.712
113.826
122.645
111.326
108.92
115.129
110.815
93.012
108.465
113.143
110.703
93.2795
125.945
94.7298
126.043
138.716
246.89
286.275
132.142
115.44
112.93
96.929
96.8707
92.8822
123.585
96.6925
141.324
121.901
158.127
117.613
100.832
112.684
108.887
147.274
52.8593
51.4923
113.301
88.3324
146.101
128.123
123.016
114.601
94.8544
114.141
98.6798
95.4782
96.1988
111
103.804
105.203
108.334
111.177
109.352
125.082
94.4345
114.428
124.281
156.127
125.317
115.991
142.544
110.671
107.854
106.325
99.6826
99.3266
99.4504
99.8037
113.481
91.4073
131.801
99.9085
99.5773
113.547
119.827
101.845
120.299
135.82
79.6226
85.4457
136.263
114.43
76.2545
131.758
305.856
128.039
303.176
144.431
71.2639
126.485
130.34
157.224
158.956
130.127
128.133
158.847
103.02
106.987
97.8176
102.213
97.8031
146.735
97.0359
103.222
127.238
119.783
110.266
109.705
112.92
116.8
115.443
109.396
101.295
125.008
108.587
112.586
134.954
111.294
96.8219
102.836
111.688
114.113
96.5294
101.64
111.47
106.529
104.709
110.102
111.107
106.75
105.218
93.5745
130.277
135.924
105.521
110.765
102.093
100.638
108.746
70.0292
106.529
49.0427
41.0375
153.55
119.348
97.5974
62.0707
136.263
53.8307
137.028
72.9435
73.5984
96.5425
114.969
105.714
114.762
113.244
110.313
104.469
113.01
122.203
157.182
130.459
113.584
115.248
125.274
169.334
97.6122
105.562
231.768
132.302
178.701
196.777
98.5723
121.1
103.144
227.706
179.864
184.272
205.872
131.896
133.155
141.43
178.423
169.734
154.42
196.388
)
;

boundaryField
{
    inlet
    {
        type            fixedFluxPressure;
        gradient        nonuniform List<scalar> 
120
(
-340.479
-5797.32
-2573.63
615.941
-3652.67
3550.8
16985.9
2237.57
178.118
-2056.63
33.7661
-73.1827
179.408
-18070.9
-6209.61
-799.657
0
-343.728
-49.2083
-15.1457
124.734
-2804.79
1232.23
101.95
1178.45
-8224
296.876
2328.59
-2769.34
980.39
-489.644
-4.8866
-61.0529
3964.13
-4737.05
-200.287
-519.691
4496.3
-0.146815
275.332
-7160.16
1945.5
3377.04
-3184.28
-893.213
102.812
-44633.4
-983.261
0
-1323.44
-497.454
0
-2369.43
-11391.8
-4222.74
8188.83
6352.86
-499.55
-7150.43
240.204
471.753
-1193.13
-3781.08
-7206.12
-930.352
-34185.6
-57691
-1566.54
51.8957
26.1104
-11107.1
-582346
-5937.68
-7052.76
4764.81
-7971.27
-15.7483
-90682.6
0
0
-2145.33
-2698.91
-2786.79
-225.573
-217.945
160.837
0
-0.00300944
0.00220608
998.32
-61397.2
52734
-14648.8
-741.231
-4931.79
-42274
-51438.8
-13641.5
-569.748
-173802
-60388.8
-832717
-13535.1
-9300.04
27694.6
-39422.7
-293502
-10402.4
-906.351
-32.04
1211.06
-739.045
-2.02049
-780.732
-4953.92
-6444.25
-1679.97
20725.4
-251014
160.612
)
;
        value           nonuniform List<scalar> 
120
(
100.89
102.73
95.8906
102.642
101.238
73.9229
79.4773
111.4
108.23
99.6458
101.483
99.3364
101.056
85.1243
101.985
52.9954
35.0343
107.986
107.067
103.197
101.69
94.5469
103.3
101.897
102.66
76.6456
86.2312
111.401
107.39
105.56
101.378
101.547
101.468
105.721
96.9691
101.513
103.394
84.9379
83.2483
102.221
98.2236
85.3158
105.535
99.1801
101.051
103.818
66.9696
99.3616
72.0964
127.192
127.646
63.3789
124.65
109.458
73.1652
73.5266
54.7133
150.361
121.376
127.235
69.9066
94.6962
88.0109
99.4497
114.312
92.181
81.9458
117.238
115.658
61.6981
86.6342
-173.406
99.6322
88.5922
75.9745
121.341
120.322
59.82
94.2826
91.7382
67.9731
86.2071
99.1623
96.9001
83.7713
117.709
115.235
112.361
109.534
88.4359
204.528
282.642
52.6627
101.517
193.617
195.145
72.0251
91.5807
80.1881
-20.4151
247.196
18.1288
58.0766
90.4475
110.57
93.0587
-30.4594
52.5198
107.558
110.671
112.027
110.948
96.5274
96.0409
105.146
100.304
104.848
190.229
58.714
98.6527
)
;
    }
    outlet
    {
        type            fixedValue;
        value           uniform 0;
    }
    lowerWall
    {
        type            fixedFluxPressure;
        gradient        uniform 0;
        value           nonuniform List<scalar> 
1067
(
101.571
108.529
101.04
102.026
104.892
70.3709
62.4858
109.162
107.873
103.76
99.5564
96.9249
102.719
105.089
105.635
97.3694
103.143
134.82
102.982
102.011
98.904
94.3308
110.343
101.923
102.754
113.441
100.72
95.8909
116.052
119.804
104.795
93.9318
132.165
98.5955
95.2356
97.5023
97.6222
115.253
97.8021
126.717
97.4864
96.2842
97.1272
98.3098
99.1672
98.5655
99.5688
101.113
104.998
102.84
97.4379
97.3651
97.5291
97.6605
98.9607
96.0208
99.0488
100.771
98.1532
111.278
95.2602
94.842
95.4378
97.3152
98.0412
99.1594
99.7864
99.0974
97.5739
96.8487
92.259
92.0389
92.1799
93.028
93.6118
94.29
94.4473
93.6116
93.431
92.8959
89.9681
89.8123
89.8575
89.9324
90.2373
90.5109
90.6115
90.7592
90.6365
90.3306
87.55
87.4566
87.468
87.5944
87.7709
87.9459
88.0036
88.0311
87.952
87.7554
85.1017
85.047
85.059
85.125
85.2302
85.3356
85.3926
85.3991
85.3468
85.2284
82.6359
82.6013
82.5953
82.6667
82.7121
82.7794
82.821
82.821
82.7925
82.7079
80.1695
80.1696
80.1516
80.1828
80.2273
80.2693
80.3124
80.3112
80.2824
80.2102
77.7304
77.7293
77.7261
77.7361
77.76
77.7933
77.8233
77.8207
77.7995
77.7669
75.3034
75.2959
75.2999
75.3118
75.3346
75.3677
75.3733
75.3503
75.3497
75.3273
72.8992
72.8999
72.8886
72.9013
72.9188
72.9447
72.9489
72.9509
72.9426
72.9129
70.5076
70.5035
70.5178
70.5219
70.5417
70.5594
70.5625
70.555
70.5273
70.5179
68.1462
68.1602
68.1815
68.177
68.1736
68.1815
68.1921
68.1815
68.1623
68.1583
65.8103
65.8293
65.8488
65.8287
65.8099
65.8089
65.8133
65.8261
65.8224
65.8145
63.4953
63.4989
63.4991
63.5036
63.5078
63.4947
63.4866
63.4804
63.4914
63.4946
61.1871
61.1942
61.1969
61.205
61.2105
61.2079
61.1938
61.1858
61.1802
61.1834
58.9008
58.9039
58.9068
58.9068
58.9065
58.9036
58.9026
58.8983
58.892
58.895
56.6426
56.6348
56.6269
56.6318
56.6365
56.6381
56.6361
56.6342
56.6389
56.643
54.3771
54.3778
54.3736
54.3749
54.3793
54.3897
54.3977
54.3989
54.3941
54.3834
52.1351
52.1263
52.1291
52.1404
52.1495
52.1553
52.1612
52.1605
52.1626
52.1515
49.913
49.8989
49.8939
49.9045
49.9198
49.9338
49.9315
49.9363
49.9353
49.9315
47.697
47.686
47.6762
47.6757
47.6858
47.6965
47.7025
47.704
47.7008
47.7006
45.4784
45.4805
45.4864
45.4926
45.4877
45.483
45.4794
45.4768
45.4748
45.4767
43.2792
43.2874
43.2962
43.2916
43.2794
43.2727
43.2737
43.2851
43.2778
43.2755
41.1046
41.1089
41.1076
41.0995
41.0921
41.0854
41.094
41.1004
41.0987
41.1004
38.9265
38.9413
38.9454
38.9461
38.9408
38.9348
38.9284
38.9244
38.913
38.916
36.7728
36.7863
36.7855
36.7809
36.7729
36.7672
36.7536
36.7507
36.7517
36.7576
34.647
34.6448
34.6251
34.6197
34.6167
34.6092
34.6017
34.6059
34.6246
34.6403
32.514
32.5068
32.4957
32.4903
32.4887
32.4908
32.4961
32.5033
32.5077
32.515
30.373
30.376
30.387
30.3942
30.3939
30.399
30.4006
30.3992
30.3917
30.38
28.2655
28.2717
28.2872
28.3041
28.3132
28.3153
28.3092
28.2984
28.288
28.2723
26.2097
26.2061
26.2053
26.2124
26.2225
26.2327
26.2383
26.2381
26.2335
26.218
24.1904
24.1741
24.1647
24.1614
24.1666
24.1767
24.1912
24.2003
24.2047
24.1981
22.1806
22.1583
22.1565
22.1581
22.1618
22.1652
22.1671
22.1722
22.1764
22.1788
20.1611
20.159
20.1608
20.1695
20.1756
20.1771
20.1691
20.1632
20.1616
20.1601
18.171
18.1754
18.1846
18.1897
18.1881
18.1825
18.1753
18.1706
18.1687
18.1694
16.2259
16.2292
16.226
16.2142
16.2005
16.188
16.1792
16.1921
16.1992
16.2153
14.2829
14.2897
14.2743
14.2568
14.2358
14.2231
14.2185
14.232
14.2467
14.2642
12.3109
12.3304
12.3326
12.3191
12.3083
12.2987
12.2958
12.3013
12.3016
12.3039
10.369
10.3753
10.3894
10.3934
10.3906
10.3849
10.3809
10.3801
10.3761
10.3695
8.47443
8.4642
8.46262
8.46508
8.46589
8.47002
8.472
8.47436
8.47563
8.47795
6.58228
6.56896
6.56407
6.56552
6.5726
6.58719
6.59495
6.59323
6.58624
6.58707
4.68314
4.67996
4.682
4.68887
4.70336
4.72784
4.7275
4.71654
4.70532
4.6939
2.8052
2.80491
2.80967
2.81554
2.82339
2.83297
2.83917
2.8366
2.82478
2.81259
0.937846
0.937502
0.937974
0.932678
0.930705
0.933761
0.942587
0.947364
0.948537
0.937805
97.6146
95.3076
96.5346
96.857
95.9702
96.0258
96.9368
97.137
96.6374
98.2094
97.6749
97.4367
98.564
98.5894
98.0107
99.1225
99.5813
99.0694
99.9774
99.4393
99.4647
112.927
99.8918
99.1448
104.436
99.9588
98.8157
97.6663
96.9139
98.0878
97.3987
98.9644
95.4662
96.5651
96.3862
96.7115
95.3371
96.247
100.494
100.615
100.805
100.442
100.97
98.4689
101.145
103.019
95.3455
95.4194
102.215
100.723
98.761
108.695
107.953
101.6
91.8251
107.729
148.666
101.088
93.418
108.288
96.5227
97.5181
96.9794
99.4933
96.7372
96.5391
97.2939
96.7506
97.095
99.3211
101.287
97.6189
100.326
98.326
97.9796
102.844
101.945
98.3039
99.3306
98.9311
99.5721
101.173
99.2165
99.2818
98.744
101.08
99.9967
97.08
99.644
101.965
95.1314
93.8632
94.2275
95.0191
93.6623
93.8348
96.8224
93.8019
93.9244
97.8114
94.3461
94.1261
98.727
95.1776
94.6363
99.771
95.6508
95.3818
99.7498
95.7601
95.6498
98.5599
95.9307
95.9159
98.2871
95.7184
95.7495
96.4106
94.7162
95.1185
96.9527
96.5156
97.2607
96.0697
96.5918
96.1197
97.8756
98.4045
96.117
96.5875
96.8308
97.1958
96.3486
97.0263
96.7613
96.6608
97.3544
95.8603
97.0052
96.6611
98.0287
97.2165
97.3343
97.1353
96.9246
96.9593
97.0037
97.4862
96.5886
100.005
97.5844
97.6569
97.5026
97.4674
97.8252
97.5892
98.9728
98.8527
99.0436
98.4111
98.3309
98.7162
97.9261
98.1596
98.0661
99.5481
101.29
102.072
99.7448
100.504
99.7811
99.0143
100.573
99.6985
99.2972
99.4627
100.015
99.5198
99.5491
99.7159
99.4474
99.4518
99.3647
101.437
93.6925
121.571
98.8106
99.1473
100.046
99.8221
100.361
99.6871
103.043
101.598
97.4007
99.4162
99.9628
100.705
100.11
100.444
100.003
97.1247
98.3682
97.9941
97.5757
98.4086
97.7681
100.157
98.9345
97.833
97.3207
96.5222
96.2022
98.1452
97.9443
97.7996
99.6133
99.102
98.8913
99.689
98.8469
99.041
97.2906
97.1526
97.5412
98.5172
98.3421
98.497
99.2155
99.2594
99.7664
98.1373
98.5283
99.6328
99.589
97.6358
97.5071
95.4738
95.2998
96.4799
97.5217
97.5101
98.1556
95.9789
94.9773
94.8833
103.442
130.526
119.811
131.578
118.031
101.459
17.8768
127.305
99.9657
97.4208
100.884
102.379
87.5241
86.0936
101.101
104.1
97.8473
101.816
102.834
100.655
99.6571
94.4768
92.9289
92.7956
94.0077
92.5799
92.3531
97.1242
97.2536
95.5093
95.0232
96.5876
96.8189
100.209
92.5115
95.9121
98.2616
97.595
96.7728
95.6021
97.2855
97.15
94.4322
94.7074
95.2741
95.8081
96.04
94.7477
98.5864
96.9663
118.66
100.321
97.432
140.789
93.2208
99.4028
117.143
111.688
122.23
96.2999
50.3644
121.72
98.0408
109.292
99.6122
97.2213
93.2684
92.0993
91.9611
94.4698
93.0402
92.968
94.3223
95.0976
95.2447
96.9245
96.8609
95.785
109.51
100.804
99.9971
100.986
104.768
101.63
121.289
114.063
105.79
97.9954
101.816
102.873
99.5054
101.02
101.004
95.9227
96.802
96.6528
94.7207
94.911
94.1281
100.213
103.969
96.1508
102.426
86.3287
129.782
101.104
98.367
102.139
101.723
101.787
93.9972
136.526
90.0118
115.014
101.945
101.48
104.491
97.3965
96.9947
97.8402
102.467
100.638
93.8931
96.3081
105.831
122.2
82.7734
150.568
129.314
126.717
88.3109
90.0306
76.296
116.862
123.357
106.151
127.826
120.763
95.5394
118.88
92.0593
102.362
128.695
87.8957
96.3949
126.925
95.4357
110.482
98.9324
103.679
106.835
100.678
101.651
99.8953
99.1086
98.4242
74.4938
184.542
76.3439
87.558
105.904
107.262
115.626
95.6218
108.557
95.7613
119.213
106.304
108.056
100.972
102.093
96.6191
110.299
69.3922
104.506
110.174
126.575
102.499
102.335
97.5467
100.982
100.625
98.9157
110.048
120.641
90.2468
77.4361
110.954
102.66
102.701
103.575
107.567
108.66
73.6076
128.287
100.345
76.2391
106.095
103.869
96.3898
100.711
107.481
89.1655
92.1657
120.914
121.136
153.286
101.917
97.696
126.925
120.853
129.075
61.5199
91.7933
94.3101
46.628
100.895
105.578
106.639
105.053
103.112
105.102
99.5582
100.292
107.143
137.047
91.0727
98.9224
95.7202
99.7465
112.935
76.4152
129.566
136.311
92.1855
102.496
101.855
101.55
119.755
94.4602
40.7876
65.7631
120.237
123.252
94.7772
133.055
109.449
107.175
106.188
100.693
101.759
103.991
111.122
113.536
99.9649
113.618
102.361
115.658
108.909
103.669
76.3847
103.102
104.704
109.45
105.844
130.631
107.871
119.491
99.1551
127.654
104.559
111.278
108.235
108.677
107.28
99.7938
124.781
91.5689
42.2397
97.9895
98.0087
102.106
106.959
98.6733
96.4424
187.128
125.247
93.0634
132.952
117.779
110.947
110.281
83.6954
97.6659
109.563
145.66
93.6513
110.815
93.012
115.129
246.89
132.142
125.945
125.861
108.92
113.826
100.832
108.887
141.324
88.3324
128.123
52.8593
113.481
119.827
99.9085
96.8219
102.836
111.294
108.746
119.348
49.0427
)
;
    }
    upperWall
    {
        type            fixedFluxPressure;
        gradient        uniform 0;
        value           nonuniform List<scalar> 
1073
(
101.441
100.158
100.835
101.755
101.946
105.572
150.861
110.799
110.102
103.598
99.8778
96.0751
103.818
100.885
94.2229
96.7521
97.0909
89.759
102.322
102.668
104.711
97.4108
100.334
97.4829
99.1723
103.672
111.947
132.097
123.088
95.4224
103.424
94.7338
98.1971
102.153
95.1498
99.8135
95.8683
113.936
102.565
102.227
98.4936
96.0474
97.4687
91.7223
98.8528
95.8475
97.3795
100.425
103.146
96.9396
98.3775
98.7229
97.867
97.6251
98.9282
100.263
99.9541
103.794
122.412
92.889
95.2436
94.8474
95.4146
97.32
98.0374
99.1632
99.771
99.1075
97.5827
96.8515
92.2594
92.0384
92.1808
93.0292
93.6108
94.2891
94.4458
93.6119
93.4311
92.8962
89.968
89.8122
89.8583
89.9323
90.2368
90.5103
90.6115
90.7596
90.6368
90.3305
87.5499
87.4565
87.4679
87.5939
87.7713
87.946
88.0035
88.0311
87.9519
87.7551
85.1019
85.0469
85.0589
85.1249
85.2302
85.3352
85.3925
85.399
85.3466
85.2285
82.6361
82.6012
82.5952
82.6666
82.7121
82.7793
82.8209
82.8209
82.7924
82.7078
80.169
80.1695
80.1515
80.1826
80.2266
80.2695
80.3123
80.3111
80.2823
80.2098
77.7304
77.7292
77.726
77.736
77.7599
77.7932
77.8232
77.8206
77.7994
77.7669
75.3033
75.2958
75.2998
75.3117
75.3346
75.3673
75.3732
75.3502
75.3496
75.3272
72.8985
72.8994
72.8884
72.9012
72.919
72.9445
72.9487
72.9508
72.9429
72.9133
70.5075
70.5033
70.5177
70.5218
70.5416
70.5593
70.5624
70.5555
70.5273
70.5178
68.1462
68.1606
68.1811
68.1766
68.1735
68.1816
68.1918
68.181
68.1621
68.1583
65.8105
65.8291
65.8489
65.8287
65.8098
65.8087
65.8132
65.8263
65.8226
65.815
63.4948
63.4986
63.499
63.5033
63.5077
63.4947
63.4866
63.4804
63.4914
63.4944
61.1868
61.1941
61.1965
61.2052
61.2106
61.2077
61.1939
61.1857
61.1801
61.1831
58.901
58.904
58.9067
58.9067
58.9064
58.9033
58.9025
58.8983
58.892
58.8949
56.6426
56.6345
56.6267
56.6318
56.6358
56.6378
56.636
56.6345
56.6389
56.6429
54.3768
54.3771
54.3734
54.375
54.3794
54.3897
54.3976
54.3989
54.394
54.3834
52.1351
52.1263
52.1291
52.14
52.149
52.1555
52.1607
52.1604
52.1623
52.1515
49.913
49.8988
49.8937
49.9041
49.9198
49.9338
49.9314
49.9362
49.9352
49.9313
47.6967
47.6858
47.6762
47.6759
47.686
47.6963
47.7024
47.7038
47.7007
47.7003
45.4784
45.4805
45.4863
45.4927
45.4877
45.4827
45.4797
45.4766
45.4746
45.4767
43.2788
43.2875
43.2962
43.2916
43.2787
43.2726
43.2741
43.2849
43.2779
43.2758
41.1043
41.1089
41.1077
41.0993
41.0918
41.0859
41.094
41.1005
41.0989
41.1003
38.9265
38.9419
38.945
38.9459
38.9405
38.935
38.9284
38.9242
38.9129
38.9154
36.773
36.7864
36.785
36.781
36.7729
36.7665
36.7532
36.7503
36.7514
36.7576
34.647
34.6447
34.6252
34.6196
34.6165
34.6089
34.6016
34.6059
34.6255
34.6407
32.5138
32.5067
32.4959
32.4902
32.4886
32.4907
32.496
32.5032
32.5076
32.5149
30.3729
30.3759
30.3871
30.3941
30.3939
30.3991
30.4001
30.3991
30.3914
30.3799
28.2654
28.2715
28.2872
28.304
28.3131
28.3152
28.3089
28.2983
28.288
28.2725
26.2096
26.206
26.205
26.2122
26.2227
26.2328
26.2383
26.238
26.2334
26.2181
24.1904
24.1745
24.1647
24.1614
24.1665
24.1766
24.191
24.2001
24.2044
24.198
22.1805
22.1581
22.1564
22.1582
22.1617
22.1651
22.167
22.1721
22.1762
22.1788
20.1609
20.1583
20.1606
20.1695
20.1761
20.1772
20.1692
20.1633
20.1615
20.1601
18.1708
18.1755
18.1847
18.1897
18.1879
18.1823
18.1751
18.1704
18.1688
18.1693
16.226
16.2294
16.2259
16.2141
16.1996
16.1871
16.1789
16.1921
16.1992
16.2151
14.283
14.2894
14.274
14.2565
14.236
14.2231
14.2185
14.232
14.2466
14.2641
12.3111
12.3296
12.3322
12.3194
12.3082
12.2986
12.2958
12.3012
12.3012
12.3037
10.369
10.3754
10.3895
10.3937
10.3905
10.3846
10.3806
10.3799
10.376
10.3694
8.47446
8.46431
8.46238
8.465
8.46581
8.46992
8.47191
8.47428
8.47567
8.47804
6.58204
6.56883
6.56373
6.56532
6.57275
6.5871
6.59515
6.59317
6.58609
6.58673
4.68297
4.6799
4.682
4.68867
4.70318
4.72788
4.7273
4.71647
4.70521
4.69368
2.80505
2.80517
2.80976
2.81539
2.82322
2.83219
2.83896
2.83653
2.82488
2.81266
0.937907
0.937257
0.93763
0.932242
0.930656
0.933706
0.942643
0.947566
0.948445
0.937721
96.5591
95.3111
98.8493
96.0408
95.9384
96.9501
96.6554
97.1382
97.0105
97.4528
97.6196
96.7578
97.9897
98.6407
98.5175
99.0909
99.5551
99.3419
99.1354
99.4267
97.8739
99.1478
99.8268
97.0855
98.8371
99.8468
103.752
98.1511
96.9143
97.9707
97.9695
97.192
97.1982
96.6923
96.479
97.8468
98.8518
97.2894
98.0051
106.192
108.078
98.44
102.755
94.258
104.843
94.0374
89.0813
96.5408
100.731
99.6246
115.048
125.029
100.457
82.284
101.941
99.7511
110.28
85.8886
104.255
95.6334
97.5793
100.543
98.8385
96.6206
97.3917
100.257
97.3662
96.7488
97.497
97.2858
98.5189
98.7985
97.905
98.3905
101.939
98.4795
102.634
106.026
99.3607
99.7928
102.546
99.4572
99.3416
97.1798
101.458
100.543
102.11
100.898
99.9725
105.161
94.2274
93.8626
95.1371
93.8328
93.6637
95.0121
93.9245
93.8019
96.8022
94.126
94.3457
97.8202
94.635
95.1755
98.7214
95.3837
95.65
99.7812
95.6478
95.7601
99.7492
95.9153
95.9305
98.4585
95.7489
95.7186
98.2886
95.1178
94.7163
96.4116
96.1621
101.079
98.0567
96.0941
96.7653
96.0797
97.2781
96.6946
96.9495
95.9244
98.1158
96.635
96.7603
96.9394
96.4021
97.026
96.9975
96.6323
96.9748
96.9629
96.8782
97.1305
97.4431
97.1857
97.3443
96.5301
96.9561
97.5141
98.8886
97.4292
97.6417
97.7413
97.5521
102.017
98.0269
98.1931
98.0644
98.0593
97.9082
98.7573
98.2573
98.4577
99.9946
98.5062
98.8945
99.7472
100.718
99.0755
99.8106
100.565
99.7776
104.003
101.571
99.7378
99.3908
99.4781
99.5863
99.8413
99.4372
99.5023
112.324
99.4707
99.2735
99.6683
100.411
99.9456
100.046
100.765
98.7897
117.322
110.083
99.2642
99.9664
100.43
100.222
100.897
100.21
99.4462
113.204
102.289
102.479
97.8255
99.0063
99.4431
97.7725
98.3096
97.5677
98.2804
98.4701
97.2816
96.1929
96.5108
97.3388
97.7969
97.9408
98.149
98.8955
99.1043
99.6298
99.026
98.8456
99.6709
97.5187
97.1517
97.2876
98.4998
98.3377
98.5144
99.7693
99.2585
99.2173
99.6246
98.5308
98.1303
97.5026
97.6005
99.5626
96.479
95.2944
95.464
98.2744
97.5183
97.5208
94.8802
94.9589
95.9841
107.7
97.4067
98.5396
101.912
101.146
101.708
95.1506
106.962
94.6537
94.4077
108.474
98.1812
99.3777
96.7677
96.7398
95.6498
94.2878
95.2756
105.265
96.6238
103.445
97.8605
99.5394
99.7661
100.208
85.0331
97.7368
92.7951
92.9283
94.476
92.3524
92.5791
94.0069
95.5108
97.2621
97.1381
96.8101
96.5849
95.0217
96.7745
97.5989
98.2566
95.2802
94.6991
94.4325
97.1445
97.2793
95.6014
94.7474
96.0502
95.812
91.9625
92.1007
93.2697
92.9669
93.0389
94.4683
95.2484
95.0989
94.3221
95.7835
96.8584
96.9322
100.411
99.2095
98.3396
105.416
99.4665
100.559
94.13
94.9049
94.7199
96.6519
96.8029
95.9231
98.4791
94.4648
91.7372
101.586
98.4983
105.386
98.0477
100.321
113.869
104.361
100.333
102.563
100.275
99.1345
104.221
108.596
142.545
136.206
100.202
98.8406
86.0534
103.992
90.7775
101.683
100.253
104.224
98.8009
105.9
114.425
96.2646
97.4861
99.2207
97.8261
97.0319
100.004
102.148
113.742
103.738
114.609
106.54
115.528
114.041
97.5535
101.945
111.329
109.413
83.0119
91.9774
103.01
105.407
86.1663
113.263
113.6
106.43
87.3322
79.1295
102.445
97.8251
96.9897
97.3957
105.597
102.269
104.764
106.304
107.641
103.778
104.666
95.8853
120.879
105.573
98.3108
101.852
122.18
87.6409
117.098
98.1826
96.5544
98.6767
102.977
116.246
104.331
114.614
95.3066
105.165
98.2109
98.4234
97.0832
100.626
102.129
101.111
112.38
96.6015
90.7118
105.001
91.8961
133.144
96.4206
100.127
95.1385
103.283
101.096
98.5616
122.646
103.525
104.8
97.8498
98.3843
96.2415
100.516
100.341
100.12
104.121
94.2104
100.396
100.299
99.5531
100.627
106.74
104.229
108.27
153.885
102.984
113.903
97.3612
126.829
139.322
106.382
101.907
131.292
102.787
152.446
115.104
105.787
115.867
107.416
104.722
127.844
100.658
102.276
74.5953
96.1647
94.0327
111.462
101.83
109.822
115.218
97.0856
110.774
119.972
101.858
99.5738
98.382
96.8788
98.688
105.911
100.326
131.819
111.355
138.921
102.371
104.381
119.183
100.346
125.953
128.529
128.836
128.281
147.422
121.186
147.313
118.805
129.186
76.9263
95.6474
102.985
99.0336
102.957
110.536
100.837
109.108
105.806
113.443
125.152
102.28
105.404
101.578
105.952
106.295
136.686
103.208
122.445
153.552
119.7
123.498
133.323
115.132
104.621
114.338
146.977
121.36
115.335
116.311
147.992
131.377
137.944
124.982
130.904
124.952
118.285
135.855
133.005
146.283
101.216
116.012
155.804
89.8814
113.538
114.241
85.2268
97.659
105.147
102.988
116.075
131.143
110.937
130.835
86.9798
108.752
112.085
117.976
124.229
119.405
98.0314
150.107
91.6393
93.5044
109.761
120.299
114.43
79.6226
305.856
71.2639
128.039
121.1
205.872
179.864
111.107
105.218
106.75
169.734
196.388
133.155
)
;
    }
    frontWall
    {
        type            cyclic;
    }
    backWall
    {
        type            cyclic;
    }
}


// ************************************************************************* //
