/*--------------------------------*- C++ -*----------------------------------*\
| =========                 |                                                 |
| \\      /  F ield         | OpenFOAM: The Open Source CFD Toolbox           |
|  \\    /   O peration     | Version:  5.0                                   |
|   \\  /    A nd           | Web:      www.OpenFOAM.org                      |
|    \\/     M anipulation  |                                                 |
\*---------------------------------------------------------------------------*/
FoamFile
{
    version     2.0;
    format      ascii;
    class       volScalarField;
    location    "4";
    object      p_rgh;
}
// * * * * * * * * * * * * * * * * * * * * * * * * * * * * * * * * * * * * * //

dimensions      [1 -1 -2 0 0 0 0];

internalField   nonuniform List<scalar> 
8941
(
102.071
133.427
102.89
106.874
102.732
98.836
97.0975
91.6953
88.9437
86.3188
83.7619
81.2534
78.7786
76.3501
73.947
71.5735
69.216
66.8932
64.5925
62.3167
60.0459
57.7975
55.578
53.3506
51.1484
48.9634
46.7843
44.6031
42.4411
40.3035
38.162
36.0454
33.958
31.8635
29.7609
27.6913
25.6736
23.6927
21.7199
19.7409
17.7902
15.8841
13.9795
12.0496
10.1478
8.29429
6.44263
4.58336
2.74566
0.917984
99.9296
145.493
100.283
100.277
101.049
97.9098
96.7251
92.5736
88.9313
86.393
83.8142
81.2906
78.8234
76.3776
73.9576
71.5846
69.219
66.909
64.6154
62.3212
60.053
57.8
55.5683
53.3501
51.1363
48.9475
46.7752
44.6052
42.4484
40.3066
38.1776
36.0602
33.9558
31.8556
29.7634
27.6952
25.6694
23.6769
21.7019
19.7406
17.7965
15.8893
13.9864
12.0693
10.1563
8.28373
6.4292
4.58012
2.7459
0.917658
96.9821
97.161
97.9425
97.7058
101.73
97.9688
96.5029
92.8111
88.9725
86.3933
83.8246
81.2854
78.8076
76.3769
73.9632
71.5757
69.2339
66.9314
64.6341
62.3216
60.0575
57.8049
55.5638
53.3464
51.1396
48.9411
46.7604
44.61
42.458
40.308
38.1819
36.0594
33.9371
31.8458
29.7748
27.7158
25.6709
23.6683
21.6989
19.742
17.8056
15.8873
13.9774
12.0678
10.1655
8.28092
6.42321
4.58138
2.7485
0.917558
96.4324
97.3986
97.5072
95.9314
97.2283
96.2201
95.7235
93.1301
88.8068
86.3221
83.7733
81.2817
78.7924
76.3582
73.9574
71.5771
69.2318
66.9235
64.6113
62.3233
60.0638
57.8037
55.5664
53.3482
51.1506
48.9526
46.7611
44.6156
42.4524
40.2979
38.1819
36.0538
33.931
31.8399
29.7821
27.7308
25.6771
23.6641
21.6994
19.7481
17.8108
15.8778
13.9532
12.0585
10.1728
8.28393
6.424
4.58848
2.75492
0.9128
95.2538
94.1569
97.6074
101.838
99.9966
96.1465
94.923
93.7792
88.664
86.1947
83.6876
81.2059
78.7605
76.3345
73.9507
71.5762
69.2395
66.9112
64.5879
62.3228
60.0678
57.8028
55.5696
53.3511
51.1598
48.9679
46.7713
44.6108
42.4397
40.2895
38.1755
36.0452
33.9276
31.8382
29.7826
27.7397
25.6873
23.6701
21.7045
19.7596
17.8092
15.8583
13.9373
12.0511
10.171
8.28548
6.43133
4.60332
2.76333
0.910831
86.2351
95.2115
100.765
99.6311
95.8919
93.9781
93.8771
93.4773
88.3963
86.0322
83.5849
81.144
78.7237
76.3182
73.9516
71.5813
69.2452
66.9138
64.5838
62.3139
60.0693
57.7993
55.5709
53.361
51.1644
48.9811
46.7819
44.6061
42.4333
40.283
38.1679
36.0404
33.9208
31.84
29.7856
27.7408
25.697
23.6799
21.7074
19.758
17.8023
15.8442
13.9182
12.038
10.1644
8.2894
6.44753
4.62699
2.77415
0.913832
94.8958
111.676
125.425
94.5544
93.3629
97.6485
93.8091
92.3441
88.1572
85.8798
83.5061
81.1004
78.7111
76.3134
73.9361
71.5731
69.2398
66.9178
64.5847
62.3005
60.0433
57.7958
55.5695
53.3696
51.1711
48.9795
46.7877
44.602
42.4329
40.2919
38.1665
36.0289
33.9141
31.8461
29.7882
27.7351
25.7022
23.6929
21.7091
19.7527
17.7954
15.8424
13.9194
12.0358
10.1595
8.29069
6.45333
4.62642
2.77786
0.922871
111.207
115.402
121.676
89.0214
87.8089
95.6947
93.3187
91.4647
88.1236
85.8639
83.4861
81.0894
78.7056
76.3092
73.9131
71.5739
69.2301
66.9061
64.5976
62.2939
60.0388
57.792
55.5678
53.371
51.1713
48.9838
46.7896
44.6001
42.4479
40.3009
38.1625
36.0258
33.9183
31.8525
29.7861
27.7233
25.7018
23.703
21.713
19.7411
17.7896
15.8484
13.9306
12.0398
10.1586
8.29259
6.45156
4.61541
2.77616
0.926802
127.707
113.785
137.764
115.486
92.8687
94.4569
93.6974
91.1691
88.2611
85.9702
83.5526
81.1368
78.7245
76.3179
73.93
71.5768
69.212
66.8908
64.593
62.3039
60.034
57.7868
55.5729
53.3664
51.1724
48.9842
46.7858
44.5989
42.4393
40.2977
38.1498
36.0254
33.9364
31.8568
29.7782
27.7126
25.695
23.7066
21.7171
19.7412
17.7869
15.858
13.9472
12.0406
10.154
8.29395
6.44458
4.60471
2.76524
0.927873
116.316
121.348
108.7
109.452
98.1123
95.8892
95.0721
91.2771
88.6947
86.1562
83.6664
81.1905
78.7367
76.3381
73.9399
71.5677
69.2126
66.8906
64.5876
62.3074
60.0373
57.7893
55.5769
53.3561
51.1623
48.9806
46.7884
44.6011
42.4373
40.2988
38.153
36.0322
33.9518
31.8637
29.7668
27.6972
25.6832
23.7011
21.7198
19.74
17.7885
15.8738
13.9663
12.0427
10.1496
8.29903
6.44812
4.59367
2.75102
0.918294
109.902
95.8637
102.642
108.651
101.839
98.5163
96.9352
91.6961
88.9436
86.3188
83.762
81.2535
78.7784
76.3502
73.947
71.5729
69.216
66.8934
64.5926
62.3165
60.0458
57.7975
55.578
53.3505
51.1484
48.9634
46.7842
44.6031
42.4408
40.3034
38.1619
36.0455
33.9581
31.8634
29.7609
27.6911
25.6736
23.6927
21.7199
19.7408
17.7901
15.8842
13.9796
12.0496
10.1478
8.29424
6.44255
4.58334
2.74562
0.918057
97.6724
100.286
100.407
101.925
101.445
97.9862
96.765
92.5731
88.9318
86.3929
83.8142
81.2906
78.8234
76.3776
73.9576
71.5845
69.2192
66.9092
64.6153
62.3211
60.0531
57.8001
55.5681
53.35
51.1363
48.9474
46.7751
44.6051
42.4484
40.3068
38.1782
36.0603
33.9557
31.8556
29.7634
27.6952
25.6694
23.6769
21.7018
19.7404
17.7965
15.8894
13.9865
12.069
10.1564
8.28374
6.4291
4.58021
2.74609
0.917611
98.9142
97.7099
98.2221
98.1752
99.696
97.1303
96.4907
92.8101
88.9739
86.3932
83.8246
81.2853
78.8076
76.3769
73.9632
71.5757
69.2338
66.9313
64.6342
62.3215
60.0573
57.8048
55.5636
53.3464
51.1396
48.941
46.7604
44.61
42.4581
40.3083
38.1817
36.0593
33.9371
31.8458
29.7748
27.7158
25.6708
23.6683
21.6989
19.7419
17.8056
15.8874
13.9773
12.0677
10.1657
8.28075
6.42308
4.58144
2.74854
0.917539
96.1388
97.6139
97.1976
95.5265
96.9403
96.1069
95.7463
93.1208
88.8073
86.3217
83.7734
81.2817
78.7924
76.3582
73.9574
71.5771
69.2318
66.9233
64.6112
62.3232
60.0639
57.8037
55.5664
53.3483
51.1505
48.9525
46.7612
44.6157
42.4524
40.2978
38.1818
36.0538
33.931
31.8399
29.7821
27.7305
25.6769
23.6641
21.6994
19.7481
17.8108
15.8777
13.9531
12.0584
10.1729
8.28392
6.4239
4.58846
2.75491
0.912667
96.1246
94.2011
97.4304
100.166
96.6495
95.7828
94.8921
93.7033
88.6641
86.1948
83.6877
81.2059
78.7603
76.3345
73.9509
71.5763
69.2395
66.9112
64.5879
62.3229
60.0678
57.8028
55.5695
53.3513
51.1596
48.968
46.7714
44.6107
42.4392
40.2894
38.1756
36.0452
33.9275
31.8382
29.7826
27.7397
25.6873
23.6701
21.7045
19.7596
17.8092
15.8582
13.9372
12.0511
10.171
8.28546
6.43126
4.60325
2.76331
0.910882
114.203
97.6456
111.72
95.9831
96.4743
93.8887
93.8049
93.4131
88.3963
86.0323
83.5848
81.144
78.7238
76.3182
73.9517
71.5813
69.2452
66.9139
64.5837
62.3139
60.0692
57.799
55.5707
53.3611
51.1645
48.9812
46.7819
44.606
42.4333
40.2832
38.1678
36.0403
33.9207
31.8399
29.7857
27.7408
25.697
23.6798
21.7073
19.758
17.8023
15.8442
13.9183
12.038
10.1643
8.28938
6.4475
4.62701
2.77388
0.913799
108.565
99.3634
120.627
135.331
91.0658
94.2557
93.8057
92.2193
88.1575
85.8797
83.5061
81.1004
78.7111
76.3134
73.9361
71.5731
69.2397
66.9176
64.5846
62.3005
60.0434
57.7957
55.5695
53.3695
51.171
48.9794
46.7877
44.602
42.433
40.2919
38.1667
36.0288
33.914
31.8461
29.7882
27.7348
25.7022
23.6928
21.7091
19.7527
17.7954
15.8423
13.9194
12.0358
10.1594
8.29067
6.45361
4.62649
2.77778
0.922977
115.673
106.595
108.138
94.7663
88.0023
93.1534
93.2625
91.4522
88.1241
85.8638
83.4861
81.0894
78.7055
76.3091
73.9131
71.5739
69.2303
66.9059
64.5978
62.2938
60.0387
57.792
55.5678
53.371
51.1713
48.984
46.7896
44.6
42.4477
40.3009
38.1624
36.0257
33.9183
31.8525
29.7861
27.7233
25.7018
23.703
21.713
19.741
17.7896
15.8484
13.9306
12.0398
10.1585
8.29257
6.45155
4.61539
2.77614
0.926769
129.381
108.255
114.36
119.564
79.2806
97.7212
93.7033
91.1658
88.2617
85.9699
83.5527
81.1368
78.7244
76.3179
73.93
71.577
69.2122
66.8908
64.5931
62.304
60.034
57.7868
55.5729
53.3664
51.1724
48.9841
46.7858
44.5988
42.4394
40.2978
38.1498
36.0253
33.9364
31.8567
29.7781
27.7126
25.695
23.7065
21.717
19.7412
17.787
15.858
13.9472
12.0404
10.154
8.29394
6.44454
4.60468
2.76531
0.927872
117.114
112.698
108.099
103.582
98.0747
95.7979
95.0952
91.2775
88.6947
86.1562
83.6665
81.19
78.7365
76.3381
73.9399
71.568
69.2126
66.8905
64.5876
62.3073
60.0372
57.7892
55.5769
53.3561
51.1626
48.9806
46.7883
44.6012
42.4373
40.2988
38.1529
36.0323
33.952
31.8637
29.7663
27.6973
25.6832
23.7011
21.7198
19.74
17.7885
15.8737
13.9664
12.0426
10.1497
8.29904
6.44799
4.59365
2.7511
0.918281
94.4032
98.9997
102.879
93.6192
102.177
98.1488
96.9326
91.6956
88.9436
86.3187
83.7621
81.2536
78.7781
76.3502
73.9469
71.5726
69.216
66.8934
64.5927
62.3163
60.0457
57.7976
55.5779
53.3503
51.1483
48.9634
46.784
44.603
42.4406
40.3033
38.162
36.0455
33.958
31.8633
29.7609
27.6911
25.6735
23.6927
21.7199
19.7407
17.7899
15.8842
13.9795
12.0498
10.1477
8.29417
6.44242
4.58326
2.74552
0.918018
95.8923
97.7047
102.395
99.6108
99.6879
98.1265
96.7614
92.5735
88.9312
86.3929
83.8141
81.2905
78.8233
76.3775
73.9575
71.5842
69.2191
66.9093
64.6152
62.3209
60.053
57.8001
55.568
53.3499
51.1362
48.9472
46.7749
44.6051
42.4486
40.3069
38.1782
36.0602
33.9556
31.8556
29.7633
27.6951
25.6693
23.6774
21.7016
19.7403
17.7964
15.8895
13.9863
12.0687
10.1564
8.2837
6.42903
4.58015
2.74617
0.917423
96.7465
98.6266
97.946
97.716
103.812
97.3447
96.4876
92.8115
88.9738
86.3932
83.8245
81.2852
78.8075
76.3768
73.9631
71.5756
69.2337
66.931
64.6341
62.3214
60.0571
57.8048
55.5635
53.3463
51.1395
48.9409
46.7604
44.6099
42.4581
40.3083
38.1812
36.0589
33.9372
31.8459
29.7754
27.7157
25.6707
23.6683
21.6988
19.7417
17.8057
15.8874
13.9774
12.0674
10.1657
8.28065
6.42298
4.58144
2.7485
0.917415
96.2828
97.5765
98.8634
95.5214
96.9948
96.2503
95.7205
93.115
88.8067
86.3212
83.7732
81.2816
78.7923
76.3581
73.9573
71.577
69.2317
66.9231
64.6111
62.323
60.064
57.8036
55.5663
53.3483
51.1505
48.9523
46.7613
44.6156
42.4524
40.2977
38.1817
36.0538
33.9309
31.8398
29.7821
27.7305
25.6768
23.664
21.6995
19.7481
17.8108
15.8774
13.9529
12.0583
10.173
8.28384
6.4238
4.58842
2.75478
0.912339
96.1377
93.3943
98.2851
95.8972
96.969
96.0543
94.8941
93.7233
88.6634
86.1951
83.6876
81.2058
78.7601
76.3344
73.9509
71.5763
69.2394
66.9111
64.5878
62.3229
60.0678
57.8027
55.5693
53.3513
51.1593
48.968
46.7715
44.6107
42.4391
40.2893
38.1756
36.0452
33.9274
31.8381
29.7826
27.7396
25.6874
23.67
21.7044
19.7598
17.8091
15.8581
13.9372
12.0509
10.1709
8.28539
6.4314
4.60316
2.7633
0.910787
97.3186
95.569
102.877
96.5057
97.3762
93.6561
93.82
93.4213
88.3957
86.0324
83.5846
81.1439
78.7239
76.3181
73.9517
71.5812
69.2451
66.914
64.5836
62.3139
60.0693
57.7988
55.5706
53.361
51.1645
48.9811
46.7818
44.6058
42.4333
40.2835
38.1681
36.0402
33.9205
31.8407
29.7858
27.7407
25.697
23.6797
21.7071
19.7581
17.8021
15.8441
13.9182
12.038
10.1641
8.28931
6.44752
4.62702
2.77345
0.913778
97.8477
121.678
84.3278
159.274
109.002
95.519
93.8023
92.222
88.1571
85.8797
83.506
81.1003
78.711
76.3133
73.936
71.573
69.2397
66.9174
64.5846
62.3005
60.0432
57.7957
55.5694
53.3695
51.1708
48.9793
46.7876
44.6023
42.4332
40.2919
38.1666
36.0287
33.914
31.846
29.7881
27.7347
25.7022
23.6928
21.709
19.7527
17.7953
15.8419
13.9193
12.0357
10.1592
8.2906
6.45366
4.62624
2.77731
0.922915
117.618
95.4922
97.0567
95.1213
86.9613
93.3418
93.2811
91.4518
88.1239
85.8638
83.486
81.0893
78.7055
76.3091
73.913
71.5738
69.2305
66.9056
64.5979
62.2938
60.0387
57.7919
55.568
53.3709
51.1712
48.9841
46.7895
44.5998
42.4477
40.3009
38.1624
36.0256
33.9182
31.8524
29.786
27.7235
25.7017
23.7029
21.7129
19.7409
17.7894
15.8484
13.9308
12.0397
10.1584
8.29251
6.4515
4.61535
2.77613
0.92673
125.258
110.377
119.399
97.7237
107.048
94.6302
93.7043
91.1657
88.2615
85.97
83.5525
81.1367
78.7244
76.3178
73.9299
71.5772
69.2124
66.8906
64.5931
62.304
60.0339
57.7867
55.5729
53.3663
51.1721
48.984
46.7854
44.5987
42.4394
40.2979
38.1497
36.0252
33.9364
31.8567
29.7779
27.7126
25.6951
23.7064
21.7169
19.7411
17.7871
15.8582
13.9471
12.0402
10.1539
8.29388
6.44439
4.60461
2.76524
0.92778
114.407
115.923
108.051
106.262
99.0966
95.7374
95.0939
91.2773
88.6947
86.1561
83.6665
81.1899
78.7362
76.338
73.9398
71.5682
69.2125
66.8904
64.5878
62.3072
60.0369
57.7891
55.5768
53.3561
51.1625
48.9805
46.7883
44.6011
42.4374
40.2988
38.1524
36.0324
33.9524
31.8636
29.7663
27.6974
25.6832
23.701
21.7197
19.7399
17.7884
15.8737
13.9662
12.0424
10.1497
8.29902
6.44781
4.59359
2.75111
0.918215
96.7065
98.5005
96.8613
98.5654
96.7151
98.3716
96.8676
96.6509
98.3783
96.764
97.8831
96.6571
98.1621
96.752
96.6543
95.9545
96.1977
97.1723
96.5957
96.3706
96.1869
96.4858
95.7107
95.4249
96.1725
96.0716
95.6899
95.64
95.0498
95.2283
94.0553
95.7976
95.1249
95.8343
94.0563
93.7143
93.0618
93.5273
93.698
93.7063
93.4056
93.5249
94.2513
94.5457
93.5487
94.2095
93.7814
93.7538
93.3161
93.2649
92.4667
93.3631
93.312
93.2627
92.4112
93.3554
93.7047
94.7869
94.8923
102.708
93.6855
94.6821
94.8965
95.1345
97.4638
96.4721
95.7711
95.1343
97.4171
96.4962
96.724
98.3478
96.8654
98.243
96.7157
97.8269
96.8612
96.6573
98.129
96.7805
98.0685
96.6569
98.5983
96.7711
96.705
96.2184
96.0758
97.3076
96.5924
95.7489
96.1949
95.7998
95.6696
95.3632
96.0614
95.9924
95.5873
95.6518
95.0088
93.576
94.0227
96.2715
95.0312
97.3545
94.0913
93.6554
93.538
93.5524
93.3589
93.6714
93.0931
93.5316
93.9779
93.608
93.5913
95.6413
93.7823
92.0251
93.5832
93.2605
92.4345
93.3488
93.2697
93.2617
92.3149
93.357
93.6908
94.6998
94.8971
93.1457
93.6982
94.716
94.8991
95.1342
97.3246
96.4996
95.7709
95.131
97.5603
96.5017
96.6961
97.903
96.8611
98.2339
96.701
97.8067
96.8554
96.6583
98.4976
96.8032
99.1912
96.6568
99.5005
96.7799
96.7055
95.839
96.2413
97.5345
96.6542
95.8568
96.2051
95.8992
95.6164
95.3242
96.7969
96.2137
95.6324
95.7233
95.0327
94.6758
94.0444
96.261
95.0397
97.0581
94.0679
93.696
93.0424
93.5366
94.1634
93.6872
92.7962
93.5393
93.703
91.7084
93.3826
95.2608
93.7011
91.6378
93.4955
93.2619
92.3977
93.3554
93.2809
93.2666
92.8688
93.3592
93.6909
94.7074
94.8998
96.0093
93.699
94.7015
94.8937
95.131
97.613
96.4964
95.8679
95.1267
97.9625
96.4699
104.347
99.8067
99.0732
103.669
99.6312
98.5543
98.9902
97.8844
97.6837
100.099
98.7474
99.5092
97.8529
97.6199
93.9494
97.0551
94.1918
96.9348
93.9565
97.0526
94.1986
96.2581
99.957
99.211
97.9747
96.9088
100.062
101.113
97.5473
97.0487
104.279
97.6479
97.0561
101.955
97.6773
93.9169
96.6859
93.9719
96.758
93.9264
96.6915
93.9769
99.3446
95.3937
101.166
99.5439
99.6539
93.3885
97.7596
97.325
97.0247
101.909
97.7533
97.0392
97.6876
97.842
94.0338
95.8569
94.6146
96.4955
94.0357
95.8137
94.4987
100.836
96.5457
95.9031
97.6236
98.503
97.8785
96.9083
95.9376
96.3274
94.8206
96.2134
96.1413
95.4744
95.938
94.7032
95.2576
94.958
95.7281
94.6451
95.259
94.9936
95.8247
97.89
107.21
96.5529
95.7852
97.5138
97.6808
94.9694
95.0459
96.535
95.8276
95.0702
95.7649
95.1201
94.7925
94.3423
94.1294
94.8983
94.7864
94.3114
94.1503
95.2536
86.4903
85.259
96.339
95.0716
88.7576
83.5419
92.544
93.6134
92.5512
93.3736
93.6162
91.7718
92.5447
93.9679
93.8107
93.7901
93.8218
93.9865
93.7726
93.783
96.8911
93.7392
114.951
93.3408
96.0304
92.158
114.34
94.107
94.8226
100.846
96.7385
94.8338
95.2877
94.272
93.7541
93.6907
93.0896
93.8407
93.7866
93.6992
93.0386
107.895
68.6801
87.9347
87.2562
95.1045
78.5598
87.1138
92.1878
92.9093
92.5615
95.7411
92.8673
92.3022
92.3388
92.89
93.4951
92.1268
93.2787
92.7921
93.4904
92.1243
82.7976
96.5377
94.482
81.1388
89.9866
96.7349
94.4355
92.7303
93.4595
76.8271
92.4397
93.4637
77.0634
92.4299
92.0831
94.9394
92.7428
93.7034
92.0862
94.9866
92.7526
97.0905
103.528
104.962
98.6253
97.0846
101.183
97.4824
96.2646
95.7261
96.0865
95.8634
95.6819
96.2248
96.2881
92.9551
96.6808
93.9496
95.0953
92.9608
96.5538
93.9589
98.5147
101.85
98.7206
101.6
98.8006
98.6863
99.011
97.799
97.5901
100.062
98.4632
97.8609
99.1736
97.5994
93.9543
97.0571
94.1957
96.9429
93.9545
97.0561
94.1956
98.188
100.054
99.8932
98.8539
100.695
101.019
99.4086
97.7045
96.9699
101.384
98.1841
97.6987
97.0222
101.33
93.9248
96.6902
93.9731
96.767
93.9242
96.6842
93.9737
99.2001
97.0903
98.3761
111.009
94.6665
99.0531
98.9107
97.4563
96.9867
98.8253
97.6872
97.1226
96.9309
99.0749
94.0336
95.829
94.4855
96.4849
94.0339
95.8061
94.4845
98.2596
96.993
98.4715
97.209
98.4751
96.9644
95.6037
95.9628
96.2592
97.144
96.1222
95.9503
96.25
96.7565
94.6268
95.2863
94.9995
95.7225
94.6346
95.3503
94.999
95.822
97.8466
97.9045
96.7979
95.7865
98.1396
97.0018
95.2461
95.0145
95.9992
95.81
95.1488
95.0734
95.8263
94.7846
94.327
94.1523
94.9421
94.7792
94.3204
94.15
95.905
85.2494
95.8421
97.471
102.719
102.729
91.2309
92.5309
93.55
91.9253
93.8492
92.5305
93.5188
92.1309
93.989
93.7994
93.7819
93.8856
93.9932
93.7773
93.7802
96.3301
96.4278
128.25
107.302
114.153
118.535
65.9703
94.1342
94.8291
94.8012
95.332
94.1553
94.8394
95.56
93.797
93.6915
93.0231
93.7784
93.8018
93.6884
93.0212
90.3361
72.6783
89.302
97.2615
90.0723
106.118
100.762
92.3718
92.8577
92.666
93.2739
92.3204
92.8565
92.4225
92.772
93.4884
92.1213
93.2812
92.7739
93.4883
92.1206
113.74
101.94
95.203
91.4343
109.727
96.1777
95.1845
93.0624
93.4005
74.0213
96.5728
94.0406
94.3714
71.8209
92.0824
94.9916
92.7513
93.7045
92.0828
94.9924
92.7516
96.945
99.7857
97.2924
98.1302
96.9418
98.4268
97.2034
96.2804
95.6264
96.4029
95.8633
96.3174
95.6062
96.2568
92.9573
96.5394
93.9583
95.0949
92.9574
96.5444
93.9584
98.836
99.281
98.7173
103.073
99.8711
101.245
98.1908
97.6542
97.4324
99.3374
98.0539
97.8623
99.3048
97.4014
93.957
97.0551
94.1985
97.0977
93.9497
97.0519
94.1913
99.6976
105.789
99.3355
99.0434
104.03
112.274
106.099
98.2687
97.0769
101.409
98.4416
98.1391
97.1172
102.098
93.9255
96.6843
93.9779
96.7269
93.9151
96.6793
93.9731
96.2336
101.146
98.7768
103.396
95.7794
99.8892
99.637
97.0979
96.9678
96.5098
97.2926
97.2211
97.0252
96.5745
94.0372
95.837
94.4959
96.4934
94.035
95.8469
94.6153
100.237
97.2305
95.6337
96.9824
98.2874
97.1586
95.9563
96.2948
96.3267
96.5817
96.861
96.0169
96.2335
97.2182
94.6522
95.3203
94.9975
95.723
94.7035
95.3182
94.9572
96.0071
97.7353
96.4966
96.7395
96.8328
95.4737
93.4186
95.1489
95.0765
96.93
96.1002
95.1619
95.0734
96.6847
94.7802
94.3061
94.1486
94.9043
94.7935
94.359
94.1278
109.672
90.3019
102.073
92.0364
93.8655
90.6912
94.6239
92.4719
93.5434
92.4164
95.1592
92.5
93.6066
92.5319
93.9913
93.7896
93.7777
93.8335
93.9721
93.8548
93.7958
144.597
135.666
65.6258
102.45
94.868
95.4638
80.1862
94.0224
94.779
98.49
97.2941
94.0132
94.7185
99.88
93.7992
93.6902
93.0341
93.8058
93.7539
93.6867
93.0881
89.9492
94.273
98.5068
85.4896
93.3441
87.3535
98.1957
92.3388
92.828
92.4496
93.2423
92.4052
92.8263
92.4659
92.7869
93.4909
92.1224
93.3296
92.8936
93.4932
92.1242
109.372
95.7198
95.249
92.8836
113.286
94.5866
95.5925
95.7081
93.4683
140.817
93.936
95.1431
93.5175
129.286
92.0866
94.9895
92.7531
93.6999
92.0831
94.9411
92.7433
96.1234
98.727
103.169
98.8025
96.3408
99.9636
100.046
96.2458
95.8068
96.6949
96.0128
96.2717
95.8434
96.9563
92.9608
96.5516
93.9591
95.0728
92.9547
96.6692
93.9498
97.2048
96.9632
96.9126
96.6728
96.8237
97.2128
96.9661
98.0133
102.131
97.9643
98.499
98.6914
97.5324
97.8646
97.3503
96.8467
97.3799
96.8678
96.7752
97.3671
97.355
98.4111
98.5863
97.5891
99.5881
99.189
97.7099
97.6124
97.218
96.7011
96.9638
96.8813
96.8458
97.1984
96.967
97.6859
98.5912
97.9797
97.7026
99.3221
97.6819
97.6943
97.3493
96.8698
96.804
97.3748
96.7819
97.3747
97.3517
96.925
96.9025
96.7842
96.6564
96.9066
96.7875
96.9456
97.826
99.3442
97.554
98.2068
99.5486
97.5451
97.8325
97.047
96.8024
97.0869
96.7403
96.7932
97.0604
97.0587
97.4271
97.7361
96.9433
102.025
96.9927
103.13
97.5325
96.9097
96.6574
96.9133
96.79
96.9001
96.7881
96.8965
97.8947
98.1827
98.9728
97.6644
99.0393
97.5492
97.8111
97.0385
96.7657
96.8034
97.0348
96.8163
97.0308
97.0849
96.8926
96.9017
96.6042
96.622
96.8732
96.6157
97.069
96.2304
95.6749
96.6264
95.9468
96.6043
96.6262
96.2544
96.7634
96.7036
96.2181
96.1548
96.3092
96.2256
96.7523
97.2174
98.4953
97.0086
102.506
97.0242
106.111
98.3621
96.8962
96.691
96.8884
96.4703
96.9291
96.5371
96.8815
96.231
95.8321
103.352
96.6222
94.9007
96.6283
96.308
96.7572
96.3338
96.1229
96.2177
96.1695
96.2203
96.7442
95.8177
96.0872
96.0258
96.1598
95.9579
95.7943
95.8595
95.58
96.3974
95.5122
95.6442
96.4169
95.4557
95.5796
95.4635
95.8107
95.2359
95.9121
95.5124
95.2528
95.4882
95.96
96.2293
96.2026
100.009
96.2051
99.0051
95.9291
95.8324
96.0825
95.9709
95.8145
95.9643
95.8109
95.8298
95.5481
95.64
96.19
95.4888
96.9029
95.4896
95.4563
95.459
96.0619
95.5058
95.1837
95.6981
95.1922
95.4753
94.8799
95.0914
94.7971
95.0326
95.0869
94.7338
94.8895
94.5453
95.0301
94.4021
94.4197
95.0346
94.3951
94.5449
94.4484
94.4344
94.1748
94.0467
94.4042
94.1713
94.5133
95.5453
95.8404
95.0173
95.7926
95.247
95.7809
95.0406
94.8869
95.2116
95.1153
94.7423
95.0985
94.7423
94.8667
94.5516
96.4678
94.8963
94.3789
95.0546
94.3833
94.5572
94.4064
94.0843
94.4017
94.164
94.4379
94.1507
94.4448
93.1726
93.6867
93.3572
93.6867
93.6836
93.3593
93.2084
93.2208
90.4943
92.9354
95.3535
90.66
92.9237
92.4645
93.4136
93.3047
93.4146
93.5216
93.3484
93.3899
93.1514
92.5393
93.3175
93.5869
91.8262
93.6069
91.8029
92.5372
93.1698
93.6682
93.6959
93.3492
93.6933
93.3616
93.1988
92.7469
93.3471
90.3497
92.9561
90.3138
92.955
92.6441
93.1382
93.5228
93.3252
93.4135
93.3544
93.4115
93.1862
93.8856
94.1021
93.8792
94.3865
94.0438
93.7272
93.9214
94.0969
97.6753
94.7919
94.912
96.894
94.9019
94.0986
93.7398
93.7215
93.4342
93.372
93.712
93.3396
93.754
94.1678
96.3356
94.8299
94.6565
94.8322
102.114
94.1632
93.8925
94.682
93.9667
93.6352
93.9765
93.6232
93.944
93.8684
93.9818
102.411
93.5944
96.3781
94.809
95.3738
93.7396
93.3278
93.7449
93.3474
93.7214
93.3604
93.7411
92.7405
93.0574
93.14
93.2642
93.0304
93.1348
92.8011
92.6353
92.1743
92.5272
92.5295
92.1047
92.5295
92.6386
92.9057
93.1871
92.9279
93.3524
93.1837
92.948
92.9288
92.1657
94.0733
92.8646
92.457
92.8678
92.087
92.2336
92.7632
93.2589
93.0304
93.137
93.0261
93.1522
92.7573
92.6356
92.4471
92.0847
92.5313
92.0939
92.5365
92.64
92.9011
93.3704
93.1914
92.9279
93.1859
92.9477
92.8885
93.8241
93.2921
94.0532
93.7014
93.2846
94.0509
93.9035
88.1804
92.4195
94.8906
94.625
92.4843
94.823
90.7919
94.1932
94.2891
94.9237
94.8991
94.2923
94.9532
94.969
92.8065
93.0573
93.4821
75.3024
93.4793
75.9263
93.5065
93.7764
93.763
93.2921
94.0502
93.2868
94.0519
93.7557
97.9353
94.7366
92.3987
94.8223
92.2258
94.8986
97.7761
94.0619
94.8973
94.2923
94.9025
94.2909
94.8973
94.0415
96.0082
95.4241
95.7068
95.1415
95.4278
95.7154
96.0214
96.2484
96.9352
97.2493
97.4083
96.8329
96.2503
97.0588
96.1447
95.7384
96.7655
96.4864
95.7509
96.1591
96.7528
96.3389
95.7687
95.6108
96.0538
95.5996
96.153
96.2913
96.033
95.137
95.4517
95.7133
95.428
95.7137
96.0252
96.2723
97.3926
96.7481
97.0496
96.8091
96.2537
97.0505
96.1503
96.4925
95.7574
96.6906
95.7543
96.1201
96.8757
97.1727
96.9581
96.9007
96.7205
97.2113
96.9012
96.9569
97.6509
100.4
97.6712
98.168
97.7065
98.8682
97.6214
97.3432
96.8184
97.3689
96.8638
97.3573
96.8319
97.3614
97.9299
98.2919
97.5248
99.9189
99.1653
97.9249
97.5592
97.175
96.718
96.9535
96.8992
96.9027
97.1897
96.9532
97.6058
98.216
98.9684
97.7402
98.9887
97.6295
97.8597
97.3375
96.8624
96.8303
97.3542
96.8324
97.3779
97.3615
96.926
96.9107
96.7923
96.6557
96.9053
96.9033
96.7946
97.6975
98.757
97.5341
100.461
97.9379
98.7158
97.5587
97.0261
96.8039
97.0348
96.7595
97.0296
96.7994
97.0357
97.6298
98.9792
97.0711
101.171
97.0676
101.167
97.4334
96.9279
96.6565
96.9174
96.7992
96.9163
96.7979
96.9158
97.6798
100.423
98.6726
97.5775
98.6478
97.5567
97.7198
97.1053
96.783
96.803
97.0104
96.8037
97.0141
97.0125
96.8189
96.8727
96.6054
96.6882
96.8185
96.8737
96.7021
96.3643
100.207
96.631
96.5629
96.371
100.098
96.6128
96.7766
96.2498
96.2299
96.066
96.7529
96.3344
96.2244
97.19
97.3905
96.9718
95.5197
96.9234
95.2014
97.1101
96.8132
96.6073
96.8258
96.6112
96.8523
96.5981
96.7818
96.326
95.757
99.3451
96.578
96.1405
96.6422
96.1069
96.7862
96.1911
96.3175
96.2237
96.1873
96.2272
96.7315
95.8371
95.9964
95.8426
95.8417
95.8256
95.9967
95.8137
95.5725
96.2671
95.498
95.6225
96.3104
96.5595
95.4904
95.4857
95.4816
95.2934
95.3472
95.4695
95.4764
95.2037
95.9703
96.0556
96.2794
96.7036
96.2835
96.7707
96.0413
95.8552
95.9011
96.0195
95.7825
96.0137
95.9461
95.8599
95.6462
95.5604
96.8242
95.436
96.126
95.4552
95.7061
95.4747
95.9128
95.4415
95.2229
95.4848
95.1961
95.4828
94.884
95.0945
94.6953
94.9743
94.8621
95.0585
94.7294
94.5686
94.9397
94.3602
93.2757
94.5663
95.9491
94.3448
94.4068
94.3868
94.1411
94.0402
94.4723
94.4398
94.1244
95.2331
95.871
95.0802
96.9002
95.0654
96.7022
95.1514
94.8705
95.1944
95.0873
94.7441
95.1103
94.7351
94.8749
94.5774
93.5246
94.5737
94.3507
94.5354
94.3448
94.5865
94.4089
94.0627
94.4192
94.1522
94.4331
94.1399
94.4472
93.1836
93.6979
93.3541
93.682
93.1775
93.7063
93.3588
92.9152
93.4687
93.0064
93.5245
92.8541
92.36
93.0699
93.2372
93.3699
93.4238
93.5288
93.246
93.342
93.419
92.5392
93.7988
94.53
92.4589
93.4807
92.1686
92.5372
93.1755
93.6684
93.7317
93.348
93.7145
93.3375
93.1847
92.9904
103.478
101.456
93.0144
92.1443
93.1681
93.0282
93.2615
93.5391
93.3405
93.3809
93.3844
93.4127
93.237
93.9522
93.9442
93.7123
93.8146
93.9272
93.9978
93.7551
94.2623
95.1779
93.508
93.0548
94.1711
97.9927
93.4006
93.7007
93.77
93.3268
93.9232
93.7249
93.7613
93.327
94.0974
95.6805
94.8479
96.5874
94.8415
96.2677
94.0472
93.9507
94.0392
93.9613
93.7243
93.9854
93.6682
93.9725
94.0795
92.3467
94.8647
93.2478
95.8004
93.3114
93.9718
93.7038
93.9047
93.7458
93.3517
93.7554
93.3549
93.709
92.7317
93.0307
93.1309
93.2649
92.7398
93.0329
93.1389
92.6434
92.0925
92.5337
92.2796
92.645
92.1568
92.5632
92.8905
93.1807
92.9313
93.3469
92.8803
93.192
92.9468
92.8567
93.2661
92.8331
92.442
92.8462
92.4437
92.3755
92.7178
93.2628
93.0229
93.1283
93.0284
93.1252
92.7237
92.6447
92.277
92.4844
92.6534
92.3207
92.6153
92.6445
92.8784
93.35
93.2002
92.9547
93.1927
92.9665
92.8677
93.7933
93.3024
94.0507
93.682
93.8252
93.3198
94.0532
95.9643
92.686
94.8028
94.7161
95.5967
93.1057
94.834
94.6594
94.2943
94.8996
94.8982
94.5554
94.3087
94.9131
93.6548
95.1503
93.4304
106.961
93.3793
125.968
94.4981
93.8289
93.6791
93.3495
94.035
93.3379
94.0452
93.8736
96.1494
94.7559
95.7319
94.7811
94.2689
94.9663
96.2111
94.7017
94.8992
94.3069
94.8917
94.3127
94.8998
94.8345
96.0259
95.46
95.7126
95.1328
96.0698
95.3689
95.7144
96.2597
96.7637
97.0673
97.3805
96.2476
96.7618
97.067
96.1446
95.759
96.6938
96.502
96.1211
95.7602
96.7977
96.2673
95.7748
95.695
96.9817
95.6484
96.1452
96.2339
96.0287
95.1317
95.356
95.719
95.3606
95.7166
96.0203
96.2283
97.6521
96.7051
97.0712
96.7548
96.2145
97.0662
96.1215
96.5007
95.7592
96.7065
95.7597
96.1142
96.7045
97.1967
96.9567
96.8817
96.6717
97.1953
96.8512
96.9566
97.4964
98.9153
97.7135
97.8519
97.6532
101.626
97.7172
97.3558
96.8227
97.3658
96.8619
97.362
96.8118
97.353
97.6439
98.0213
97.351
101.566
99.3368
97.8724
97.3767
97.2004
96.6543
96.9577
96.9401
96.8173
97.2074
96.9576
99.1816
97.827
98.2971
97.7212
98.529
97.7445
98.3179
97.7377
96.8631
96.8483
97.3571
96.8038
97.3602
97.5442
96.935
96.9274
96.8034
96.6607
96.9006
96.9295
96.8051
97.9016
98.705
97.5497
98.8604
97.726
99.2277
97.7054
97.0499
96.8151
97.022
96.7695
97.0235
96.8016
97.0286
98.2682
98.6992
97.1791
102.7
97.1404
102.452
98.1839
96.9722
96.664
96.934
96.8045
96.9322
96.808
96.943
97.8928
98.652
100.501
97.4317
99.0632
97.4194
97.8943
97.0362
96.769
96.8103
97.069
96.802
97.0398
97.0355
96.8076
96.8656
96.7698
96.6269
96.7815
96.8512
96.5717
98.3269
97.63
96.7083
95.8751
101
96.1265
96.6104
96.675
96.4049
96.2434
96.1407
96.7539
96.8031
96.2104
97.1621
97.4189
96.9893
96.2476
96.9948
96.158
97.1624
96.8077
96.6222
96.8476
96.4858
96.8517
96.506
96.8051
98.3943
95.8341
96.5155
96.6526
96.1373
96.594
99.0529
96.5964
96.1443
97.0489
96.2308
96.7821
96.2113
96.6987
95.8695
96.1016
95.8289
95.9197
95.8625
96.0474
95.7781
95.7415
96.3646
95.4284
95.6269
95.7404
96.1481
95.4253
95.5064
95.4485
95.2756
95.2244
95.4964
95.4492
95.2035
96.4394
97.0153
96.5451
98.043
96.3032
97.001
96.2089
95.865
96.1542
96.0526
96.0232
96.0538
95.7821
95.881
95.7572
95.6284
96.123
95.5111
96.1215
95.4377
95.7534
95.5439
95.627
95.624
95.2788
95.4584
95.2442
95.5246
94.8952
95.0907
94.7602
95.0212
94.877
95.0896
94.7802
94.5921
94.6579
94.3389
100.046
94.6051
95.0681
94.3245
94.4503
94.4349
94.1538
94.0698
94.4028
94.4058
94.1553
95.0153
96.0975
95.1077
98.2876
95.0964
96.6981
95.1353
94.961
95.0157
95.0997
94.7809
95.1126
94.7561
94.9344
94.5973
94.878
95.0752
94.3146
95.0679
94.3196
94.635
94.4707
94.0737
94.3692
94.1576
94.3646
94.1506
94.44
93.1622
93.691
93.3386
93.6848
93.1629
93.6842
93.3526
93.1013
95.0165
93.0439
92.9683
93.083
94.8068
93.023
93.1945
93.3824
93.42
93.5414
93.242
93.3452
93.4062
92.5005
94.2877
93.639
93.2014
93.6018
93.4692
92.4922
93.1694
93.6859
93.6878
93.3437
93.6738
93.3447
93.1689
93.142
92.6605
95.13
93.0193
94.8885
93.0266
93.1501
93.1914
93.5347
93.4072
93.4051
93.3472
93.4047
93.3202
93.9563
93.9507
93.7383
93.534
93.9773
93.9458
93.7504
93.9735
94.4849
93.212
98.4604
93.8446
95.9411
93.1796
93.6701
93.722
93.3663
93.348
93.71
93.7114
93.3378
93.9427
95.2026
94.7743
97.5415
94.74
97.5786
93.9882
93.9761
93.9307
93.9533
93.98
93.9496
93.9022
93.9742
93.75
91.8325
101.087
93.6737
94.9938
93.1495
93.8893
93.6575
93.4882
93.7313
93.3618
93.7294
93.3762
93.7288
92.7278
93.0192
93.1406
93.267
92.7516
93.0204
93.1371
92.7233
92.2437
92.6775
92.4753
92.6827
92.1704
92.7018
92.8816
93.1838
92.9588
93.3526
92.8705
93.1891
92.9796
92.4394
93.3783
92.9169
92.9003
92.8126
93.1009
92.5201
92.7381
93.2561
93.0285
93.1408
93.0204
93.1418
92.7366
92.7232
92.4898
92.4521
92.7491
92.4165
92.7262
92.7708
92.8959
93.3511
93.2002
92.9796
93.1928
92.9847
92.8921
94.113
93.3623
94.0459
93.6947
93.8335
93.3778
94.0349
96.3718
96.0198
94.8512
94.7227
96.2793
96.031
94.7954
94.2149
94.3083
94.8924
94.8994
94.2286
94.3132
94.8927
96.531
94.5242
93.5715
142.138
93.5602
157.075
96.8214
93.8355
93.6976
93.3885
94.0339
93.3852
94.0346
93.7039
96.5987
94.7221
97.1467
94.995
96.1819
94.6954
100.239
94.2799
94.9002
94.3177
94.9186
94.3133
94.9239
94.3381
96.016
95.3584
95.721
95.1315
96.0238
95.3945
95.7224
96.1679
96.732
97.1216
97.7605
96.2094
96.7281
97.074
96.1204
95.758
96.718
96.4942
96.1333
95.757
96.7136
96.2672
96.1188
95.8845
97.0354
95.9071
96.5181
96.3674
96.0126
95.1325
95.4004
95.7142
95.402
95.7232
96.0285
96.1641
97.5077
96.7043
97.1393
96.7077
96.2042
97.0638
96.1551
96.4867
95.7422
96.749
95.7533
96.1666
96.7168
93.339
93.2714
93.3471
93.9594
93.7939
93.9615
93.7947
93.3311
93.3104
93.352
93.929
93.7916
93.9387
93.7897
96.1937
95.8322
96.1774
96.3914
95.9578
96.3903
95.9597
95.8128
96.1595
96.1323
96.395
95.9561
95.9599
96.3886
93.2527
93.338
93.3399
93.9556
93.7942
93.797
93.9487
93.3732
93.2847
93.3642
93.9533
93.7768
93.7798
93.9407
96.3329
95.8543
96.258
96.3896
95.9491
95.9536
96.3794
95.8787
96.2233
96.2499
96.3925
95.9569
95.9562
96.3895
93.2787
93.3555
93.3543
93.9565
93.7914
93.7862
93.9612
96.3888
95.8256
96.3115
96.3856
95.9516
96.3847
95.9482
95.8373
96.3331
96.2906
96.3874
95.9407
95.9464
96.3761
93.3022
93.357
93.3425
93.9236
93.7746
93.7778
93.9103
93.4974
93.3329
93.3686
93.9596
94.0146
94.0046
93.967
93.3662
93.4867
93.3457
93.9703
94.0205
93.9697
94.0238
93.4865
93.3351
93.371
93.971
94.022
94.0241
93.9703
93.3906
93.49
93.3428
93.964
94.015
93.9681
94.0069
93.3623
93.4961
93.3484
93.9557
93.9858
93.9912
93.9421
93.4924
93.3717
93.3417
93.9593
93.9835
93.9997
93.945
96.4359
96.4859
96.4865
96.4725
96.4368
96.4771
96.4348
96.4366
96.4921
96.4467
96.4554
96.4256
96.4645
96.4167
96.4993
96.453
96.427
96.4688
96.4308
96.4258
96.4729
96.485
96.4625
96.4336
96.4711
96.4288
96.4367
96.467
96.4934
96.503
96.4238
96.4618
96.4021
96.4189
96.4459
96.4947
96.5147
96.4343
96.4452
96.3966
96.4089
96.4293
95.5327
109.627
128.693
103.658
95.0808
120.638
121.411
94.8717
80.4243
86.403
95.6926
96.1911
111.172
68.0336
99.3819
98.5304
101.857
97.8548
102.354
96.3728
101.481
97.7437
99.9004
97.9702
97.3783
97.7831
97.9969
97.8816
99.4132
111.415
102.896
94.4648
101.561
103.76
99.9107
103.182
98.5147
96.9777
95.596
103.667
97.4365
95.8048
90.6521
92.7609
90.2111
93.4128
90.652
92.7634
90.2109
93.8239
93.9677
93.8686
93.9885
93.8262
93.9876
93.8729
93.875
93.9921
93.9098
93.873
93.9688
93.8739
93.7231
90.6452
92.8289
90.2062
93.4227
90.6533
92.7897
90.2142
90.6529
92.7731
90.2137
93.4792
90.6445
92.8341
90.2054
93.7758
93.9839
93.9817
93.8645
93.8935
93.8598
93.8361
93.7307
93.931
93.8692
93.9885
93.7597
93.8683
93.8638
90.8177
93.577
90.8006
93.6986
90.818
93.5776
90.8007
94.3761
94.3396
94.1524
94.1521
94.4359
94.3441
94.2048
94.3701
94.1491
94.3443
94.1542
94.3449
94.2164
94.2995
90.8207
93.5861
90.8017
93.7797
90.8133
93.6493
90.7917
94.2777
94.3421
94.17
94.1459
94.3661
94.3388
94.1017
90.8138
93.6512
90.7925
93.735
90.8206
93.5882
90.8022
94.3791
94.1475
94.3388
94.1727
94.3364
94.0934
94.4244
93.7839
93.9187
93.8381
93.9799
93.8823
93.8531
93.9084
93.7426
93.9841
93.8988
93.8418
93.863
93.8569
93.8636
94.2945
94.1416
94.32
94.1209
94.3333
94.092
94.4272
94.3913
94.3183
94.1249
94.1433
94.3311
94.0897
94.511
94.1247
93.7038
94.1247
94.1279
93.8928
94.1269
93.8945
93.704
94.1234
94.1252
94.127
93.8926
93.8951
94.1278
94.1217
93.706
94.121
94.1276
93.8896
94.1271
93.8787
93.7042
94.123
94.1229
94.1205
93.8879
93.8791
94.1217
93.7064
94.1106
94.1198
94.1255
93.8473
93.8662
94.1203
94.1122
93.7042
94.1218
94.122
93.8455
93.8672
94.1229
96.6862
96.6847
96.687
96.0455
96.1952
96.1942
96.0467
96.6859
96.6859
96.6867
96.0444
96.195
96.0473
96.1929
93.7097
93.7397
93.6972
93.7882
93.7211
93.7363
93.6984
96.6809
96.6857
96.6733
96.0648
96.1928
96.0565
96.1893
93.67
93.7417
93.7227
93.7062
93.7066
93.6837
93.7081
93.7172
93.7909
93.7264
93.6976
93.7407
93.7044
93.6799
93.6519
93.722
93.706
93.747
93.702
93.7107
93.6806
93.7012
93.7406
93.6991
93.7566
93.7122
93.6844
93.7648
94.5765
94.7921
94.4907
94.7918
94.5867
94.7913
94.4894
94.5764
94.7932
94.7886
94.4804
94.795
94.4953
94.5086
96.6877
96.6779
96.6684
96.0865
96.1674
96.1811
96.1544
93.695
93.7524
93.742
93.6971
93.7119
93.68
93.7751
96.6852
96.6937
96.6675
96.084
96.167
96.1792
96.1585
96.6922
96.6816
96.675
96.0677
96.1935
96.19
96.0527
94.5379
94.7436
94.8023
94.4774
94.7661
94.4735
94.5839
94.4886
94.7974
94.4796
94.7456
94.5427
94.764
94.483
94.575
94.7744
94.4806
94.7507
94.7657
94.4747
94.6389
94.5585
94.752
94.7736
94.4826
94.7633
94.4892
94.6571
91.0819
93.3123
90.9934
93.1173
91.0823
93.3164
90.994
95.2336
95.1194
95.0161
95.0005
95.2321
95.1332
95.0166
95.2332
94.9998
95.118
95.017
95.1216
95.0203
95.2325
91.0829
93.3352
90.9951
93.1306
91.0734
93.4294
90.985
95.2363
95.1153
95.0189
94.9875
95.2331
95.1127
95.0177
91.072
93.424
90.9838
93.1175
91.0818
93.3308
90.994
95.2329
94.9863
95.1108
95.0162
95.102
95.0145
95.2325
90.1934
91.6463
90.0161
92.2099
90.1939
91.6476
90.0157
93.6995
93.8046
93.6954
93.7186
93.6964
93.7266
93.6985
90.1844
91.6602
90.0068
92.2379
90.1937
91.646
90.0169
93.6997
93.7823
93.6948
93.7058
93.6985
93.6984
93.7009
93.698
93.6942
93.712
93.8044
93.6983
93.6956
93.7177
90.1942
91.6466
90.0162
92.328
90.1839
91.6613
90.0057
95.2355
95.0786
95.0143
94.985
95.0892
95.0152
95.2319
95.2398
94.9779
95.0781
95.0173
95.0939
95.0167
95.2349
93.6999
93.6957
93.7144
93.8038
93.6987
93.6987
93.7119
93.7029
93.6952
93.6832
93.7599
93.6957
93.6863
93.7019
93.7037
93.7778
93.6948
93.6788
93.6982
93.6928
93.6979
99.5753
101.811
102.28
96.7444
98.4466
107.047
105.868
95.4421
94.6224
95.6287
94.8682
95.6297
94.8707
95.4429
93.7755
93.446
93.7561
93.0134
93.7759
93.4468
93.7576
93.7755
93.0132
93.4447
93.7574
93.4441
93.7582
93.775
95.4457
95.6276
94.8623
94.6683
95.4443
95.626
94.8588
93.7762
93.0515
93.4432
93.7545
93.44
93.7524
93.7757
95.4418
95.6271
94.8686
94.6191
95.4419
95.6284
94.8676
93.7763
93.4407
93.7555
93.0473
93.7756
93.4349
93.7531
95.4487
94.6862
95.6125
94.8392
95.6231
94.8504
95.4412
95.4459
94.6652
95.6275
94.8658
95.6257
94.8593
95.4443
93.7785
93.4137
93.7368
93.0684
93.4285
93.7472
93.7701
93.7791
93.065
93.4142
93.7376
93.4258
93.7478
93.7708
95.4486
95.6125
94.8379
94.685
95.6227
94.85
95.4417
102.791
107.881
99.9635
104.037
102.27
107.484
99.0933
86.5156
102.202
129.775
96.938
85.7358
99.741
101.5
101.376
109.866
74.6923
81.7767
94.9225
115.16
65.7384
98.0694
118.962
76.4421
96.0338
106.874
117.834
35.7973
89.6458
135.729
75.2007
96.0908
90.2273
148.384
79.1908
94.9659
93.9048
93.8731
93.774
94.3742
94.3009
93.9219
94.994
93.9204
93.9269
93.7481
94.2337
94.2289
93.7507
93.9303
94.9942
93.9383
93.7624
94.236
93.7359
94.229
93.9048
94.9815
93.8877
93.7588
94.2442
93.7581
94.2634
94.978
93.9386
93.9404
93.7636
94.2507
94.2674
93.7383
93.912
94.9631
93.924
93.7909
94.3737
94.3026
93.8659
78.4
117.371
114.984
105.936
97.0302
120.831
115.605
99.1281
99.6902
108.942
105.949
99.1295
99.9239
102.024
91.3971
93.0605
91.119
92.8103
91.3974
93.0619
91.1195
95.627
94.0837
95.696
94.4922
95.6261
94.0865
95.6937
95.6312
94.4899
94.0842
95.6967
94.0884
95.6945
95.6342
91.3872
93.0742
91.1087
92.8109
91.3967
93.0629
91.1195
95.6129
94.5024
94.0937
95.6914
94.1101
95.6835
95.6276
91.3974
93.0636
91.1202
92.812
91.388
93.0752
91.1096
95.6072
94.0969
95.6912
94.5042
95.6227
94.1134
95.6815
95.5997
94.2309
95.6562
94.5362
94.1365
95.6755
95.5893
95.5991
94.5383
94.2441
95.6556
94.1367
95.6705
95.6007
89.9338
91.0654
90.1051
91.452
89.9341
91.0654
90.1051
93.628
93.7266
92.3328
92.7666
93.6277
93.7282
92.3311
93.6281
92.7662
93.7236
92.3326
93.7278
92.3317
93.6272
89.9241
91.071
90.094
91.451
89.9339
91.0666
90.1054
89.9348
91.0669
90.1057
91.4655
89.9244
91.0714
90.0943
93.6156
92.793
93.7196
92.3404
93.7115
92.3541
93.6273
93.615
93.7163
92.3409
92.8015
93.6244
93.7096
92.3533
93.607
93.6935
92.4686
92.8142
93.704
92.3859
93.5864
93.6045
92.8149
93.6952
92.4722
93.6982
92.3852
93.5859
96.7711
96.7467
96.7477
95.901
95.693
95.6941
95.9057
96.7515
96.7687
96.7501
95.8982
95.6946
95.901
95.693
96.7434
96.7543
96.7347
95.9385
95.7015
95.9197
95.7151
96.749
96.7506
96.7421
95.9371
95.7038
95.7148
95.9126
96.7429
96.6988
96.7192
95.975
95.8317
95.7404
96.0528
96.7076
96.7367
96.7299
95.9747
95.8305
95.7396
96.0476
97.9643
126.081
124.345
93.4757
97.7315
88.936
126.411
95.7859
95.0941
95.786
94.5014
94.0944
94.5015
94.0956
95.0921
95.7851
95.7847
94.5084
94.0987
94.1074
94.5067
95.7842
95.0847
95.7826
94.529
94.1852
94.1368
94.5775
95.7814
95.0918
95.7827
94.5059
94.0973
94.5064
94.1035
95.0946
95.7828
95.7844
94.5015
94.0916
94.0929
94.5022
95.0849
95.7821
95.7819
94.5274
94.1841
94.1314
94.5737
97.3519
112.987
100.805
94.8617
101.789
152.469
125.184
98.3392
97.9886
96.9703
103.172
96.0071
110.501
98.5717
100.969
99.0485
96.4976
102.545
110.498
110.425
100.763
103.338
107.221
98.972
105.24
103.601
96.4108
100.502
95.4155
94.0334
95.25
94.2427
95.2406
94.236
95.4145
93.3201
92.1212
92.155
93.1854
92.1563
93.2045
93.3157
95.4187
95.2492
94.2442
94.0339
95.4141
95.241
94.236
93.312
92.1503
93.1759
92.1204
93.3137
92.1502
93.1709
93.3112
92.1202
92.1497
93.1739
92.1502
93.1727
93.3144
93.3203
92.1541
93.1876
92.1229
93.316
92.1552
93.1944
95.4645
94.0364
95.2665
94.2525
95.2723
94.2499
95.4301
95.4647
95.2629
94.2514
94.0365
95.4306
95.2812
94.2505
93.3222
92.2018
93.3002
92.1293
92.1737
93.2247
93.3271
93.3239
92.1313
92.2005
93.291
92.1712
93.2215
93.3278
95.4982
95.3615
94.2354
94.0431
95.2991
94.25
95.5284
95.5013
94.0425
95.3673
94.2361
95.3023
94.2502
95.5295
97.2443
97.0593
97.2572
95.4394
95.6748
95.4448
95.6742
97.0583
97.2494
97.266
95.4365
95.6773
95.6765
95.4395
97.055
97.2282
97.2124
95.4538
95.6812
95.6815
95.4518
97.233
97.0574
97.2224
95.4578
95.6781
95.4505
95.6756
97.0556
97.3719
97.2371
95.4715
95.7274
95.6937
95.4755
97.39
97.0507
97.2167
95.4708
95.7286
95.6929
95.4814
97.9006
103.442
99.4332
90.2689
98.1074
103.081
101.987
95.8445
96.5382
95.8403
94.8956
95.1601
94.8964
95.1556
96.5384
95.8435
95.8399
94.8959
95.1501
94.8977
95.1525
95.9384
96.6302
95.9058
94.8975
95.1477
94.8853
95.1608
95.8544
96.5866
95.876
94.8961
95.1588
94.9002
95.1631
96.5815
95.8559
95.8774
94.8964
95.1605
94.8997
95.1559
96.6256
95.9392
95.9055
94.8973
95.1434
94.8854
95.1619
95.8307
90.4831
90.8675
94.8741
95.0414
98.14
95.4121
97.272
96.9342
97.2522
95.408
95.0859
95.4029
95.0855
93.2534
93.4095
93.2469
91.7051
91.7514
91.7041
91.7512
96.9388
97.2688
97.2297
95.4047
95.0883
95.4031
95.0882
93.4083
93.2498
93.2447
91.7054
91.7512
91.7511
91.705
93.2608
93.4354
93.2813
91.7541
91.7076
91.7018
91.7501
93.4361
93.2654
93.284
91.7538
91.7065
91.7009
91.7504
93.6819
93.5736
93.6769
91.8905
91.8904
92.0271
92.0268
93.5741
93.6837
93.6788
91.8893
91.8877
92.024
92.0232
97.2399
96.9154
97.2157
95.4023
95.0847
95.4057
95.0869
96.9399
97.2413
97.2392
95.4113
95.0832
95.4093
95.084
93.6916
93.6015
93.7102
91.8913
91.8879
92.0273
92.0226
93.6042
93.6973
93.7175
91.8915
91.8876
92.0255
92.0196
96.929
97.4431
97.1891
95.4252
95.1071
95.441
95.1039
97.4148
96.9442
97.2087
95.4268
95.108
95.4386
95.102
93.3451
93.4549
93.3117
91.703
91.7567
91.7572
91.6931
93.4548
93.3401
93.3079
91.7033
91.7563
91.7562
91.6929
93.6227
93.7676
93.7376
91.8962
91.8965
92.0273
92.0219
93.7703
93.6248
93.7432
91.8972
91.8979
92.0261
92.0222
93.0236
92.7886
93.0018
91.2998
91.1455
91.2916
91.1414
92.7991
92.9898
93.0183
91.2945
91.1432
91.1368
91.2937
92.7149
92.994
92.9411
91.142
91.2967
91.3127
91.1476
92.9765
92.7224
92.9466
91.1419
91.3037
91.3104
91.1439
93.7032
93.7478
93.6838
91.9401
91.8963
91.9326
91.8864
94.2784
96.0857
92.0675
98.8182
92.2452
98.4964
94.2698
93.7521
93.6622
93.6988
91.9372
91.8948
91.8848
91.9381
93.6518
93.6581
93.6383
91.894
91.9507
91.9635
91.8968
93.6591
93.6827
93.6434
91.8935
91.9411
91.9615
91.8963
93.0687
92.7281
92.9621
91.3276
91.1652
91.169
91.3235
92.7212
93.0686
92.9629
91.3236
91.1643
91.1638
91.3232
93.7566
93.6633
93.6689
91.9706
91.9127
91.9147
91.9567
93.664
93.7462
93.6717
91.9715
91.9115
91.9138
91.9534
90.7372
126.688
78.2899
94.9263
90.1256
123.707
77.7384
168.654
96.5735
81.4919
90.9189
169.237
100.141
102.619
105.692
119.736
40.1797
95.8333
117.402
120.218
45.8442
84.4428
99.1889
100.295
95.5754
91.3942
111.51
262.353
99.0254
98.3028
97.2944
104.291
95.72
104.068
96.0407
55.8426
95.6381
63.3455
129.201
168.79
93.4003
82.8545
100.146
99.9572
106.461
98.9428
99.8851
100.021
123.273
93.171
93.3255
93.1613
91.9439
91.9398
92.0034
92.0027
93.3311
93.1673
93.1695
91.9425
91.9375
91.9999
92.0004
93.1747
93.3264
93.1936
91.9445
91.9463
92.0074
92.0079
93.3299
93.1913
93.1968
91.9443
91.9456
92.0031
92.0032
92.2142
91.9526
91.9436
91.0633
91.0635
90.9794
90.978
91.9531
92.2112
91.946
91.0676
91.0659
90.9795
90.9793
93.3625
93.295
93.2331
91.9458
91.9553
92.0125
92.0055
93.2982
93.3677
93.2294
91.9435
91.9552
92.0105
92.0042
92.2654
91.9646
91.9684
91.0678
91.0636
90.9835
90.9834
91.9624
92.2359
91.9696
91.0677
91.071
90.9817
90.983
92.0835
92.2732
91.9899
91.0701
91.0729
90.9905
90.9845
92.2712
92.0716
92.0018
91.0641
91.0768
90.9895
90.9815
90.1539
91.436
90.396
91.1648
90.1546
91.436
90.396
92.7756
92.7085
92.2537
92.0819
92.7752
92.7054
92.2535
92.776
92.082
92.7091
92.2536
92.7054
92.2533
92.7772
90.1428
91.4386
90.385
91.1665
90.1536
91.436
90.3965
90.1548
91.4361
90.3968
91.1687
90.1432
91.4389
90.3853
92.7875
92.0869
92.7176
92.2572
92.7314
92.2571
92.7802
92.7888
92.7173
92.2569
92.087
92.7825
92.7322
92.2568
92.8066
92.8463
92.2513
92.0924
92.7653
92.2613
92.8569
92.807
92.0923
92.8472
92.2508
92.7648
92.2609
92.8572
98.4833
96.4066
112.296
97.8209
98.6032
96.3477
91.9523
92.9051
98.2876
94.7495
92.7923
138.752
110.775
90.3887
98.4494
102.975
98.9603
97.7186
98.3263
98.264
100.855
99.2438
99.5688
96.5375
92.9125
97.1984
96.0621
99.6029
96.7608
95.8825
97.5281
90.0724
95.7148
95.9244
106.407
95.2789
98.365
90.9794
94.5153
91.3162
95.5479
94.6558
101.142
91.7844
93.5676
96.5576
101.79
97.1851
97.6193
99.6727
98.0778
92.2624
97.4133
99.7845
96.2828
92.6139
95.5591
110.813
103.276
100.849
95.6838
105.278
94.9481
108.814
108.944
104.594
101.588
103.602
108.89
104.646
95.7358
100.564
95.5963
106.544
104.076
106.03
100.477
106.437
109.52
112.519
102.863
107.029
109.885
107.053
107.887
108.966
108.629
107.973
107.207
104.366
107.175
102.065
102.745
109.488
102.821
97.8018
102.63
91.4194
86.8606
96.4705
135.037
117.334
84.6564
102.123
126.317
109.37
108.227
111.924
131.9
110.095
116.383
110.542
94.8978
109.907
96.4312
93.9124
94.7261
93.8207
95.3576
91.3004
92.6629
91.3091
92.5731
91.3002
92.6623
91.3095
94.8704
94.0606
94.9139
93.9726
94.8735
94.0614
94.9126
94.8707
93.9729
94.0608
94.9133
94.0613
94.9117
94.8734
101.92
97.292
101.658
97.2791
99.2874
97.7303
102.001
91.2908
92.6657
91.2978
92.5737
91.3002
92.6633
91.3096
91.2999
92.6628
91.3094
92.5731
91.2904
92.6653
91.2973
94.8721
93.9777
94.0626
94.92
94.0611
94.9283
94.8742
94.8749
94.0631
94.9198
93.9787
94.8744
94.0617
94.926
94.88
94.0539
95.0386
93.9825
94.0638
94.9544
94.8925
94.8816
93.9837
94.055
95.0379
94.0648
94.9527
94.8912
92.9017
93.1233
92.903
91.9872
92.2764
91.9878
92.2767
93.1214
92.9043
92.9013
91.9874
92.276
92.2765
91.9879
92.9096
93.1161
92.9129
92.279
91.9937
91.995
92.2773
93.1175
92.9063
92.9124
92.279
91.9928
91.9934
92.2767
93.0204
93.1217
92.9363
91.9981
92.2685
92.2793
91.9876
89.8157
93.861
92.7174
94.2695
94.4764
102.4
93.9833
93.1216
93.0232
92.9387
91.9992
92.2699
92.2804
91.9888
99.2621
99.1914
99.5318
107.379
99.4958
99.8501
104.261
91.6508
91.5839
91.5845
90.8089
91.0263
91.0254
90.8094
91.5833
91.6492
91.5828
90.8097
91.0274
90.8118
91.0271
91.65
91.5868
91.5905
91.0286
90.8157
90.8157
91.0256
91.5866
91.6491
91.5919
91.0279
90.8152
90.8167
91.0256
97.715
98.1238
91.2232
108.722
97.8381
109.614
147.853
102.06
95.2108
97.7129
97.408
97.7934
95.7621
98.6045
109.01
95.1489
155.277
94.7347
89.6577
98.2787
61.4047
91.704
91.6539
91.617
90.8229
91.024
91.0323
90.815
91.6551
91.7007
91.6185
90.8225
91.0211
91.0297
90.8135
98.5862
81.3064
132.181
95.3363
95.7409
81.758
93.2019
107.266
104.447
107.571
107.883
105.782
104.76
109.662
89.0078
101.604
89.0263
90.7002
90.9452
90.9511
91.237
142.729
65.1735
102.331
102.02
117.842
130.396
101.762
87.5655
89.1287
89.3776
91.6343
91.7422
97.6575
91.0571
89.5803
87.7329
89.4111
90.0146
104.485
98.3676
90.0303
95.0173
91.5262
92.5655
94.2087
94.2224
98.323
94.8249
94.5338
91.8318
98.6633
99.8652
94.4182
91.7011
101.938
90.5154
99.3144
91.1813
95.5727
100.164
95.6803
99.7145
100.322
90.0529
121.154
111.847
97.1902
90.1921
100.955
103.419
108.628
101.425
106.105
109.219
108.633
100.86
102.557
96.6979
97.8111
98.4122
104.473
96.7422
97.9648
97.4619
95.5001
94.7562
101.987
98.6125
107.621
98.6637
117.26
117.139
96.471
107.962
117.319
90.99
129.461
98.6225
110.248
132.749
144.25
94.3373
93.9284
136.182
175.938
112.613
96.8981
117.939
56.6585
115.552
68.9595
91.0011
108.63
94.5021
122.021
117.269
114.472
94.4153
97.978
104.914
100.439
113.613
103.748
107.74
100.208
79.6175
128.143
123.626
111.985
92.4411
116.764
115.807
101.927
101.761
100.969
96.1903
95.6288
101.605
100.392
96.9479
102.06
101.135
103.355
99.4579
96.0331
103.908
97.2302
100.932
100.964
96.8433
103.682
103.787
98.2049
110.257
90.4384
100.578
97.1448
90.3414
100.957
110.043
78.7791
97.2102
78.6715
97.6897
92.6444
92.3617
98.4424
98.7713
111.687
99.6859
93.8391
92.0828
93.7346
92.6722
109.627
98.5544
98.3269
93.4089
95.4308
93.2823
94.7228
113.233
101.449
101.84
94.3857
93.586
92.8121
94.1946
97.0871
94.5703
94.5121
90.7102
91.5549
92.2725
90.9692
92.8432
92.3028
93.2523
92.7524
92.8492
92.3021
93.2509
92.8475
92.7525
92.3007
93.2532
92.3011
93.2511
92.8528
92.8584
92.7498
92.306
93.2538
92.3054
93.2566
92.8573
92.8561
92.3032
93.2552
92.7508
92.8555
92.3027
93.2575
92.8596
92.2978
93.2621
92.7524
92.3086
93.2596
92.8677
92.8623
92.753
92.2968
93.2623
92.3066
93.26
92.8777
111.216
116.592
120.397
100.66
110.279
99.8854
123.477
97.8265
102.076
102.272
99.9775
98.1255
104.764
102.576
103.853
101.495
103.615
106.099
102.691
102.51
107.065
99.5053
102.437
104.29
103.946
98.606
103.876
102.3
95.5637
101.281
95.5125
110.78
117.065
109.489
104.695
101.411
96.041
98.4141
90.7412
91.5765
95.4995
90.7925
100.914
95.2387
102.333
99.3081
108.746
136.339
100.704
99.2286
102.027
107.732
100.954
119.213
103.9
99.332
101.658
102.422
102.071
100.893
89.5982
97.1157
93.433
99.3098
103.619
103.083
137.651
107.795
103.633
105.028
90.9896
77.8237
96.7338
101.888
77.5355
97.4571
92.3603
101.897
101.817
104.175
96.9535
98.6025
99.2801
117.211
99.9411
97.6454
100.753
97.1848
89.1644
125.125
107.14
96.4098
107.43
103.577
103.594
102.993
98.0497
97.0874
100.15
97.7437
100.391
98.9577
118.897
104.944
99.6936
97.0184
103.286
103.096
101.19
102.257
93.2028
130.711
109.503
99.5684
121.157
99.2488
109.661
100.316
123.633
110.379
108.319
111.537
113.898
107.661
115.056
111.816
101.221
108.007
103.925
126.907
133.727
101.346
102.679
104.4
112.272
119.752
110.359
109.86
107.233
106.905
108.936
125.325
109.862
103.586
104.619
102.984
124.318
103.209
111.791
112.004
110.37
107.626
109.874
107.724
107.008
107.907
111.696
114.471
106.945
107.241
112.681
128.865
106.028
122.889
114.575
121.319
104.493
117.545
108.632
104.822
103.642
125.552
128.787
123.671
117.79
103.078
112.475
112.11
113.672
110.198
107.768
107.713
85.8389
70.7311
81.5667
136.898
115.453
66.9489
72.7477
100.071
99.0378
100.163
113.054
100.176
99.9546
123.234
101.237
95.875
95.7906
107.567
101.566
114.489
101.592
91.3459
91.4521
91.3439
90.9458
90.9467
90.9065
90.9056
91.4517
91.3463
91.344
90.9446
90.9461
90.906
90.9051
91.349
91.4529
91.3527
90.9461
90.9448
90.9072
90.905
91.4541
91.3486
91.3524
90.9481
90.9462
90.9082
90.9059
91.3573
91.4602
91.3556
90.9409
90.951
90.9105
90.9001
91.4588
91.3578
91.3558
90.9408
90.9507
90.9106
90.9004
93.0179
93.0589
93.016
92.3341
92.3343
92.3167
92.3159
93.0608
93.0207
93.0182
92.3332
92.3323
92.3144
92.3135
93.0694
93.0224
93.0257
92.3351
92.3318
92.3155
92.3131
93.0217
93.0684
93.0236
92.3359
92.3339
92.3178
92.316
93.0294
93.0743
93.0284
92.3281
92.3371
92.3187
92.3094
93.0742
93.0304
93.0278
92.3289
92.3382
92.3199
92.3099
105.153
106.638
107.772
103.62
107.961
105.633
105.178
111.287
107.684
106.797
103.663
102.388
103.963
103.254
105.511
108.795
107.132
103.257
103.181
103.382
103.842
182.356
82.366
161.175
107.651
41.0015
124.631
41.407
106.398
104.336
121.605
107.312
76.3473
101.71
99.4856
105.391
97.5095
97.4001
95.531
103.471
97.2727
96.7563
85.484
164.881
112.74
97.251
121.05
109.649
122.379
132.761
121.489
54.6377
111.041
120.909
106.883
173.693
99.798
100.086
120.71
103.219
100.984
84.872
85.4272
101.334
102.538
102.209
102.018
107.066
94.052
97.3539
97.9734
99.6103
100.066
106.899
100.474
106.103
98.5289
98.4181
98.6041
98.5215
99.5119
100.058
100.292
98.0083
112.516
91.4569
105.973
102.151
95.1613
102.487
105.21
108.515
99.5465
94.3013
99.2359
94.1998
107.324
112.037
113.141
103.621
99.2675
98.2333
111.599
102.532
98.981
93.7451
102.365
93.4159
107.933
92.9728
105.181
95.4078
112.964
98.7976
101.433
99.0325
97.3682
98.9563
109.54
106.093
106.018
106.106
119.226
106.707
108.871
106.684
90.5785
90.4905
93.7252
96.6666
90.6271
90.1042
93.8773
98.4492
96.8813
104.247
97.8629
97.0067
105.377
98.4608
95.716
96.1342
96.4003
94.7972
95.7695
95.7619
94.8487
109.663
95.8367
101.243
105.531
100.852
103.741
99.8442
90.9216
103.067
118.132
94.1368
104.515
93.7094
89.8465
94.1646
98.3456
94.3801
90.836
91.2666
90.9127
95.0606
96.5578
95.1429
96.07
94.8061
95.748
94.7582
95.703
95.0527
96.2178
96.2437
94.8064
95.7553
95.7266
94.9391
99.8806
99.083
99.2498
99.768
99.877
102.221
99.672
96.1635
97.1423
97.1076
98.495
97.4574
97.1971
98.9498
117.983
104.045
105.195
105.413
101.366
83.4525
81.9618
104.426
107.333
107.944
113.624
108.912
106.169
106.363
105.95
122.307
105.919
105.324
105.482
104.723
104.94
134.775
137.888
94.4738
98.5365
85.7915
168.699
96.2268
109.774
106.212
106.413
118.455
110.152
105.921
106.126
94.2045
101.943
101.867
100.033
100.415
100.829
101.202
107.785
99.0077
107.479
89.6719
97.6094
89.869
101.754
109.409
105.528
105.071
108.237
109.015
107.375
106.845
115.159
144.192
151.412
142.463
116.401
117.532
129.176
72.5137
107.704
98.9477
103.888
99.146
114.215
103.437
98.9878
108.666
117.799
96.1749
98.1337
99.1213
116.101
95.7543
105.661
103.758
106.056
99.8184
99.593
110.723
99.3027
107.321
107.284
90.1714
95.7901
95.6136
92.0003
90.3424
95.1099
96.1942
100.783
96.435
94.4557
103.668
130.799
120.36
111.665
117.31
118.661
114.898
127.192
118.9
139.999
150.18
115.285
141.225
124.372
126.786
109.262
105.163
105.105
105.55
105.352
104.79
104.493
98.8672
109.141
107.316
99.8752
105.64
111.684
108.596
95.8705
99.0275
97.1999
96.8827
96.6846
98.6164
97.5489
102.935
95.7356
101
96.2681
96.2668
96.0998
96.7242
97.3871
92.2206
99.5405
95.9491
92.1756
100.249
95.7821
153.933
118.465
110.71
108.735
165.464
110.689
113.162
91.1034
95.4205
91.0469
95.3183
93.1513
97.0199
95.0505
94.8028
94.6644
94.0298
93.9255
94.805
94.6623
94.0303
94.8025
93.9251
94.6642
94.029
94.6619
94.0297
94.8045
95.5124
96.0341
96.8519
95.2754
96.3889
96.1184
95.6502
107.314
106.738
103.282
104.618
105.615
103.691
103.76
86.1848
155.451
84.9643
111.832
118.83
119.264
119.078
107.923
107.888
102.895
108.027
117.678
106.685
108.112
135.685
109.982
113.393
113.474
137.107
107.735
112.085
94.8079
94.6667
94.0303
93.9231
94.806
94.6693
94.0281
99.3017
99.6319
99.5473
102.047
100.073
101.3
100.205
99.3929
100.2
99.7934
100.651
101.065
100.458
100.079
103.671
108.58
103.783
103.103
103.053
106.594
105.33
107.244
104.243
103.92
103.371
103.151
105.618
105.362
105.358
104.965
103.635
107.297
105.527
106.404
103.943
100.505
102.65
98.8671
102.076
100.068
102.395
100.193
104.712
93.2571
105.026
105.1
104.485
105.19
105.105
97.9348
90.3965
95.1987
94.5979
96.4974
94.1022
94.5274
105.449
106.361
108.129
105.241
106.159
106.046
108.035
104.166
107.812
103.455
104.806
103.277
103.843
104.796
86.3428
131.217
85.86
110.894
126.872
118.031
111.793
94.8102
93.9239
94.6675
94.032
94.6707
94.0298
94.8078
106.59
102.482
107.394
105.239
106.198
103.634
102.34
98.3749
109.056
119.808
102.588
103.716
100.7
99.8872
103.149
105.602
105.932
105.146
103.15
105.931
106.083
104.793
97.9547
98.2965
96.9315
100.409
98.1894
99.0035
102.382
98.7461
102.348
102.322
101.03
100.583
104.921
109
97.9818
110.628
102.304
102.511
101.696
103.67
99.1084
101.957
130.183
105.606
127.243
105.606
102.648
97.0879
99.1847
97.7311
99.263
99.6929
97.3533
97.494
97.3711
99.9663
99.1402
98.2735
97.4334
101.802
101.9
88.3092
104.436
104.45
105.032
105.05
105.175
105.457
103.295
102.4
93.8871
97.5351
94.0904
101.987
97.8079
94.8101
93.9251
94.6725
94.0198
94.6715
94.0303
94.813
94.8123
94.6742
94.0221
93.9266
94.6734
94.0326
94.8145
117.507
122.412
122.202
132.432
108.094
130.27
139.279
101.348
106.742
97.2489
102.054
104.67
97.8394
108.711
140.565
119.424
74.613
111.659
140.912
118.716
51.2425
168.417
119.272
119.889
128.02
154.014
119.01
125.848
114.56
110.29
105.797
115.086
113.383
104.094
105.534
99.6523
98.8524
99.6756
101.5
101.28
101.234
101.21
112.894
102.645
153.97
155.839
111.553
106.49
121.203
115.372
105.616
105.938
116.456
114.201
106.766
106.06
151.477
110.479
162.192
154.588
118.284
115.41
107.638
102.573
95.8482
93.9957
123.421
108.678
96.8719
95.9903
146.609
141.727
99.5925
100.143
99.127
89.1165
106.237
107.499
109.459
107.91
116.041
111.283
111.803
114.602
117.015
108.683
110.917
112.696
112.692
108.6
111.472
152.858
134.541
117.862
107.82
130.309
98.849
156.192
70.326
74.6317
72.0419
67.5806
61.9107
62.2591
70.7306
149.887
156.074
154.32
114.252
108.707
107.679
112.092
106.927
109.655
112.589
100.87
101.514
113.489
120.02
110.509
110.842
109.995
118.168
122.852
113.093
118.402
100.527
105.58
93.4971
100.109
98.2509
104.848
92.6341
151.468
119.115
139.714
122.085
124.803
126.579
124.772
96.3417
76.9706
166.26
93.3586
97.4338
107.323
23.6517
85.006
76.3005
104.027
72.6523
102.888
96.5626
97.7798
96.9132
120.117
73.4543
102.777
102.996
130.203
130.093
122.057
97.8766
111.164
109.434
123.415
110.769
91.2531
105.479
156.767
120.631
118.121
167.362
108.529
143.917
104.942
85.3467
92.3279
94.2672
93.7437
93.3723
107.425
101.066
102.394
105.454
96.8289
96.8835
100.56
110.637
112.108
99.659
101.202
136.725
96.1208
100.754
100.925
98.8667
89.4668
111.16
96.2716
104.249
125.954
98.5387
99.9107
106.584
100.187
100.49
98.7917
105.956
101.346
98.7003
100.417
101.476
100.369
101.605
100.289
102.854
101.006
97.9153
99.9078
99.2929
101.232
97.9475
99.6274
101.343
103.846
117.386
98.9904
98.0211
102.09
110.595
98.5456
105.467
109.543
101.57
102.618
100.572
101.282
99.3865
99.4186
98.2479
103.123
98.1291
100.323
99.9632
107.214
136.854
102.067
128.716
102.391
116.674
99.6823
102.54
110.124
104.68
101.39
102.961
109.979
111.524
100.368
98.471
99.9495
100.337
101.395
99.9749
101.393
97.977
109.542
108.599
101.662
101.654
101.75
104.589
122.388
171.852
106.595
59.3032
51.1156
95.791
101.353
111.003
173.809
108.181
37.3734
43.0526
91.6247
90.3432
100.331
99.1471
109.394
99.8241
105.895
100.219
106.505
101.557
106.042
106.31
102.609
103.623
105
107.007
81.0722
102.692
82.8672
78.4541
100.696
104.163
104.128
90.6647
116.832
114.285
102.877
90.1591
117.041
116.281
98.4839
99.1573
98.5039
96.6129
101.787
96.7752
102.88
117.596
619.44
168.67
168.056
93.3791
209.629
202.52
95.8335
115.415
241.131
177.915
130.219
104.379
789.696
98.3253
115.866
117.746
105.565
101.446
102.983
105.641
100.121
97.3447
96.6276
101.995
99.3806
99.6129
100.479
106.725
106.49
96.9876
100.159
105.984
100.255
100.899
97.094
96.1712
97.0771
98.6474
96.9604
98.903
97.2656
110.289
324.132
181.258
38.8201
41.9711
-117.28
-119.564
123.469
106.031
102.172
113.495
100.595
100.549
111.805
101.227
95.5616
94.3773
102.355
101.8
97.9727
98.1124
98.8303
98.4379
98.8113
97.4402
99.0773
99.2377
98.3381
160.608
82.6502
161.017
42.2455
82.0387
74.8687
44.3175
107.168
101.425
97.9987
121.613
105.531
127.521
96.2015
109.819
125.6
120.353
149.196
140.324
118.455
134.234
91.582
109.942
128.35
96.1027
96.5733
102.067
104.682
101.153
86.1508
86.9705
103.692
87.4791
98.5598
77.595
100.953
102.442
126.439
106.196
133.832
121.251
120.068
126.983
85.0789
86.7353
98.4344
102.775
96.8609
98.9512
125.073
90.6099
88.4916
104.875
107.641
96.7211
95.3746
121.819
114.472
111.785
117.892
111.941
115.023
117.446
99.0891
95.2314
119.614
104.904
111.611
106.447
108.296
94.4801
93.1022
121.43
110.953
109.884
108.01
107.677
118.246
121.998
109.961
104.72
104.976
127.782
123.043
108.247
111.604
111.753
100.99
102.434
100.102
111.503
117.807
110.232
120.791
120.801
124.968
109.952
119.734
76.92
82.9041
81.6985
84.2567
83.5224
68.3221
73.7229
105.354
121.445
101.854
85.8066
104.364
86.162
99.2523
95.9923
91.2427
97.3219
91.2918
86.6763
85.9521
90.5133
86.3499
92.2842
86.2358
87.8759
98.0881
98.7597
84.4116
120
108.121
107.689
109.811
107.672
107.598
108.054
86.7619
98.3915
101.354
96.4513
89.1465
100.058
101.058
109.244
177.171
181.34
39.0685
43.6398
-143.238
-96.2568
81.9418
72.6678
82.2132
87.8559
82.9293
82.6054
76.1563
96.9957
95.679
99.2495
94.8658
96.9514
99.0007
97.3995
90.1313
114.897
79.493
133.9
118.113
109.21
118.425
103.373
97.7899
102.116
99.6686
102.05
100.428
109.237
106.121
132.767
142.548
94.977
107.101
107.269
97.2151
101.247
105.114
115.272
100.837
104.766
102.132
111.114
105.12
116.605
104.197
103.527
103.01
86.5241
85.3107
85.7025
96.559
101.629
92.1532
91.8507
89.1107
89.4594
115.837
103.221
103.197
103.755
103.485
85.0145
87.6948
103.816
108.789
101.374
92.7375
99.0749
102.805
92.9048
95.9295
85.4903
95.9113
92.0955
93.2755
86.5581
88.6668
111.874
99.8027
101.661
137.63
131.744
157.562
153.241
113.41
105.18
112.305
106.31
108.804
107.265
107.207
114.189
96.9072
99.7876
99.9216
110.334
97.0701
97.2145
107.686
98.293
98.2564
99.0267
103.942
100.148
97.9885
93.7736
93.9963
102.483
90.8169
93.7919
92.1488
91.7241
86.0834
95.8168
92.7803
85.7211
86.0323
94.2066
91.6715
97.3766
108.422
141.25
112.16
98.0145
93.9242
123.847
82.135
112.051
83.901
104.819
95.1712
100.484
111.077
120.963
96.7895
122.053
125.758
119.945
127.214
97.7173
108.541
141.97
101.752
90.1805
205.283
180.944
86.0166
117.714
100.086
96.3112
99.234
98.2209
114.909
120.55
98.1434
118.378
101.392
104.431
79.8252
95.06
75.4725
99.8653
117.403
98.9777
104.16
97.291
125.558
98.0294
156.911
96.8972
150.221
106.009
98.8388
100.408
141.512
101.057
124.744
101.017
101.418
109.095
122.868
108.128
105.365
97.7418
99.0831
96.1281
114.83
110.103
94.2469
85.23
107.606
98.9168
115.269
100.722
100.835
102.625
93.7457
96.7198
100.061
100.163
94.8346
112.103
108.293
109.752
102.667
94.116
91.6629
115.602
146.341
90.887
99.4106
107.239
102.404
96.115
120.976
100.105
109.69
136.278
112.273
104.171
102.74
111.122
102.455
92.4438
93.0311
93.0289
106.28
96.6232
97.6445
94.6697
108.161
110.623
85.5336
119.634
94.7802
100.583
88.4236
128.308
101.769
102.183
95.6917
76.2179
100.079
102.428
94.9574
94.1778
98.9402
95.3831
111.983
105.391
105.508
93.8475
121.131
97.4978
114.963
104.37
102.65
99.8303
101.08
110.823
125.38
162.627
117.194
115.223
128.11
117.099
92.8791
172.83
90.4738
83.6946
146.181
83.4569
203.161
110.514
106.536
83.995
113.29
105.651
106.383
104.765
95.4354
103.841
101.268
95.7009
93.0297
102.903
105.989
113.368
67.8103
210.388
319.222
108.698
82.9334
81.2846
103.14
82.5529
119.972
106.033
114.295
106.901
111.933
136.061
106.912
119.471
98.694
119.944
99.9178
101.179
110.829
113.774
93.9256
83.1271
128.294
95.6515
106.685
92.9098
91.8606
108.82
96.6084
92.9112
92.5938
107.465
96.9701
107.149
127.866
97.6622
102.026
104.092
119.315
119.227
118.845
118.211
128.699
113.777
112.654
128.978
95.6345
92.7531
93.6078
95.2979
95.8733
90.861
93.9808
100.409
101.371
97.6458
95.9138
119.381
99.4922
181.237
177.039
106.782
112.279
167.475
90.4006
120.087
109.578
111.558
102.027
119.202
67.2746
103.17
103.902
130.845
146.004
81.0876
143.009
102.063
167.476
124.188
181.831
75.3424
154.308
145.409
525.842
111.881
115.85
197.66
96.5562
99.6493
99.8516
95.4365
97.2682
98.5292
98.5686
123.493
113.187
106.296
108.979
119.758
113.476
125.113
99.1917
118.225
101.193
100.771
79.1459
100.263
84.7493
105.871
114.719
127.37
139.656
111.532
114.193
135.441
141.629
78.4306
156.072
108.136
97.3273
121.899
129.337
91.0459
261.005
94.1001
161.538
119.541
61.7272
122.154
102.846
173.656
172.53
69.1681
62.6397
136.369
136.278
131.953
116.298
168.607
119.323
110.629
110.578
118.286
190.133
90.8007
115.228
136.618
114.952
131.84
113.46
112.957
135.326
119.954
130.969
111.572
108.745
112.748
114.61
114.196
114.882
162.445
109.974
111.555
131.115
136.052
103.714
125.987
120.402
111.949
106.486
110.369
95.9597
94.8733
87.515
87.4634
85.1784
89.1389
95.6031
106.502
105.89
92.9527
100.722
105.951
111.534
87.7846
100.855
153.428
100.761
96.1849
138.115
116.518
178.497
115.353
157.842
96.3711
116.329
111.011
156.717
134.907
99.9874
97.1541
91.3688
91.9532
93.3856
95.145
91.9584
87.0575
76.5612
113.777
96.3233
106.122
97.3012
86.2372
139.215
119.207
118.073
103.725
117.053
92.4037
118.482
116.511
116.536
95.8235
97.2079
107.871
112.423
109.453
83.0348
119.801
83.7916
95.4342
96.1174
98.9923
108.118
116.584
108.122
104.7
102.321
108.458
84.7446
84.7978
134.635
119.7
111.575
110.866
115.18
115.494
131.512
100.443
81.1164
112.4
99.3815
176.391
131.436
184.923
114.349
101.956
102.116
107.928
105.588
108.001
90.9209
111.108
112.266
113.891
188.796
116.691
95.8984
247.52
92.0907
105.093
94.0882
281.17
94.0566
100.669
90.5727
94.3907
97.5028
138.483
101.776
98.5526
124.672
115.35
128.563
96.4552
133.634
122.949
106.427
92.8723
128.624
106.68
122.795
106.454
124.186
110.221
122.457
123.973
93.4332
114.074
109.973
104.883
93.6504
89.7587
96.1264
115.729
129.43
152.947
157.771
104.509
108.505
126.305
93.5813
100.117
95.8608
104.693
108.269
95.4949
113.381
88.6926
100.464
98.4057
98.3828
105.566
97.1853
92.8706
133.788
100.107
93.345
115.829
98.703
96.5996
98.0044
96.2308
138.637
113.511
128.557
122.356
116.233
147.087
108.853
83.1564
129.094
111.225
131.854
93.3539
94.1891
92.3881
96.3105
128.548
92.3089
97.0006
116.32
120.875
106.072
99.5712
100.358
102.081
96.2117
102.475
96.9334
109.41
93.4058
95.3419
96.6013
97.5696
98.6006
96.3681
94.9374
151.59
93.8988
84.5072
115.57
106.914
127.888
103.551
97.2236
96.3271
103.099
101.36
98.862
98.7976
155.118
116.537
103.05
90.0217
112.44
99.1452
105.063
77.8599
80.5043
80.4211
102.379
101.387
103.949
117.302
123.288
100.406
101.627
107.163
120.537
100.496
102.813
115.304
206.153
91.5701
143.707
34.6227
206.02
75.9781
116.226
100.986
100.213
75.4142
70.6099
89.8733
102.181
96.1699
115.805
93.0289
94.0684
88.4584
116.092
113.853
109.365
143.941
148.951
144.361
136.459
117.327
113.555
122.266
126.587
131.298
136.537
139.974
124.02
123.035
110.884
112.337
104.335
104.761
112.457
104.016
107.991
92.2503
104.249
97.282
95.5538
101.496
101.903
92.6682
99.533
106.265
153.917
95.5708
98.463
105.155
155.415
70.8427
134.135
138.036
71.3909
103.686
94.6867
134.371
99.6836
102.675
160.887
92.8286
132.748
101.496
103.951
130.616
102.149
130.246
121.335
108.991
219.799
342.704
98.9695
94.7223
100.709
89.9882
108.951
89.8092
100.752
98.9238
103.03
100.477
93.887
97.4747
106.821
105.672
95.2406
108.668
102.879
97.4103
104.67
102.417
97.926
103.384
104.469
100.282
98.9372
97.5923
104.544
102.204
105.432
99.5193
89.671
68.5529
106.354
107.347
98.453
103.874
107.597
100.452
111.498
103.16
103.376
100.527
115.994
107.795
108.569
94.8195
81.1394
97.3099
99.1444
43.2804
156.276
180.724
242.529
51.5988
300.459
51.3839
141.706
85.0276
96.5552
123.819
93.8201
147.474
132.024
105.731
104.765
103.642
92.1829
91.5554
96.2988
94.927
147.598
41.5047
146.617
227.827
224.273
46.1304
54.7179
124.663
108.637
103.612
103.829
92.6099
72.9641
73.2176
44.7869
146.339
146.473
226.342
221.469
59.5848
59.6028
62.5634
96.4423
97.1751
117.694
154.984
175.257
121.203
102.542
146.351
154.4
108.199
144.102
143.243
110.186
110.536
88.8583
113.535
99.063
86.7145
98.8933
89.8323
141.56
81.3155
139.122
92.6182
122.803
100.21
121.943
135.505
149.9
133.651
96.9645
130.413
95.2007
199.814
108.41
107.585
111.358
181.917
119.049
122.213
174.99
114.399
90.8738
97.5558
97.2987
109.074
116.975
87.7011
115.085
126.697
110.456
125.868
131.446
118.467
125.42
118.398
90.7627
100.936
103.762
115.304
92.5596
151.359
86.8065
97.5647
100.621
93.2717
101.133
104.073
87.426
117.019
105.951
94.9644
116.825
100.277
94.2247
110.816
62.1339
86.08
66.5608
108.111
105.112
132.338
138.047
131.616
85.6738
85.0883
118.091
135.568
129.316
87.3093
86.4006
103.252
149.68
94.9354
147.933
104.489
102.789
123.827
95.1981
114.684
109.316
114.272
147.239
189.113
105.395
95.6525
107.07
107.862
106.814
116.463
122.482
96.0604
115.663
109.782
109.857
108.356
133.863
109.341
93.8447
111.023
109.157
94.6452
94.0995
100.333
99.7676
111.993
97.8391
98.2288
123.729
104.183
100.074
120.482
94.2583
119.394
108.45
95.533
94.7212
99.2017
99.9037
97.6178
35.2619
34.6555
208.673
204.623
78.9843
104.305
102.845
126.465
157.302
136.232
96.6201
185.202
121.089
119.64
160.169
101.404
120.542
123.667
251.397
107.948
104.652
111.928
91.2
88.961
100.649
121.142
128.91
99.4375
208.92
156.4
57.2758
239.43
319.568
97.5923
105.225
138.834
157.429
131.698
150.924
138.016
101.47
111.32
128.456
121.785
143.547
118.116
138.623
119.901
121.174
139.169
116.999
183.658
134.751
128.597
139.711
110.971
109.05
110.815
128.682
94.9091
105.912
123.176
139.158
113.763
144.063
148.385
110.568
149.335
120.19
104.72
95.8506
99.4621
106.759
105.247
97.3681
89.8276
122.222
106.486
96.0376
166.243
114.897
82.0921
86.4968
121.306
104.137
77.5409
134.106
78.6095
136.006
100.384
109.645
101.104
106.544
107.216
101.951
107.043
91.6979
74.0589
98.1281
99.3238
115.371
116.268
106.807
106.131
81.9348
443.53
156.649
190.128
145.195
82.4485
135.084
75.9976
99.1128
73.4707
78.4108
108.051
111.944
125.276
88.4985
94.5595
94.6417
140.425
152.042
102.82
105.557
157.285
60.1705
277.09
63.5737
129.405
104.196
100.305
142.901
117.127
188.333
108.362
176.125
99.9674
95.3024
144.148
97.9613
172.525
110.097
143.627
125.784
105.878
101.291
142.622
182.424
153.516
103.786
130.52
97.4767
132.841
124.131
119.092
93.7837
131.371
156.298
118.492
119.754
346.068
107.271
130.521
136.596
368.975
248.258
110.136
103.082
103.995
95.6873
169.027
181.084
89.5755
102.467
99.6649
106.186
104.726
111.505
111.465
102.119
159.779
103.498
80.3597
98.6721
73.6667
109.841
110.243
114.509
118.457
115.826
102.025
96.7834
102.472
128.455
87.1559
120.766
104.422
99.6487
90.845
128.208
107.529
454.527
72.363
112.025
260.373
90.2776
222.058
104.476
95.9294
94.825
93.7824
94.6112
109.283
102.214
96.2593
100.091
74.3031
93.9367
139.301
95.3032
73.2521
80.0707
74.4705
72.5148
78.0863
91.7404
88.2018
97.4489
85.5893
116.633
221.347
127.943
99.9105
138.733
91.4465
133.036
69.4061
47.0649
115.951
111.011
110.338
106.444
57.8408
36.2384
137.112
28.3262
169.098
123.187
162.943
123.555
122.459
96.546
70.5448
105.507
112.299
130.065
113.068
138.881
129.726
181.218
159.218
160.125
137.482
115.605
125.037
149.547
152.774
193.254
163.197
114.094
131.071
99.9687
104.239
116.297
139.45
116.435
145.791
98.4882
168.317
102.599
101.842
126.116
126.106
177.154
192.31
104.572
110.234
116.788
101.736
99.9567
100.839
100.515
93.4111
96.1018
98.9094
87.1835
92.072
92.0451
104.656
94.2232
98.0212
151.523
106.263
90.2847
106.512
85.758
150.2
299.978
161.78
153.488
-43.7253
220.233
90.0687
96.1691
140.698
168.88
114.482
88.9253
80.9913
106.229
76.7985
100.851
85.258
131.071
84.3004
133.681
70.5218
102.788
148.856
90.9935
86.5854
104.743
126.588
132.498
199.104
124.427
82.7547
80.2934
94.4156
567.062
139.074
102.437
97.2429
95.3226
113.791
98.6703
126.479
97.0074
230.078
81.9283
115.993
112.779
146.28
84.7604
93.3153
98.8213
128.573
126.435
97.9994
118.883
92.7194
109.881
108.857
150.542
119.176
103.88
136.565
145.756
95.7708
255.592
113.206
93.1418
187.811
293.218
289.956
258.331
110.797
122.549
134.812
289.007
235.899
265.705
323.422
112.741
117.596
265.221
116.156
114.248
92.7964
124.363
95.7666
96.5315
91.7883
96.0758
96.0317
98.7856
96.0591
96.0558
97.9367
92.2264
96.17
96.7933
96.8951
92.5803
129.401
142.834
294.398
87.3547
97.4115
102.812
88.2298
73.8678
136.682
154.373
189.519
126.404
64.0748
-5.31056
128.838
81.4155
147.221
320.678
226.533
61.6263
402.455
219.502
70.5843
54.6764
113.582
166.422
181.685
148.604
26.036
266.182
7.48252
117.172
74.0196
164.73
263.3
80.2194
143.673
153.464
78.271
81.3484
322.11
251.272
101.702
153.206
134.142
128.004
139.821
134.399
129.585
68.2024
114.822
112.486
158.115
178.79
140.952
203.583
115.758
119.321
114.983
125.559
127.857
129.767
131.789
182.399
93.2878
166.252
221.696
297.409
233.741
207.945
38.5642
88.3851
128.903
379.616
203.944
312.588
308.811
127.901
123.029
124.853
46.6944
75.2326
28.8605
9.44292
130.902
147.328
160.742
85.0019
107.182
99.8462
147.432
-18.9593
78.692
67.6182
114.534
95.1025
-6.62636
103.71
213.512
198.513
331.065
181.504
151.248
88.2901
55.6711
140.45
114.474
114.997
65.6351
194.998
189.635
84.4463
)
;

boundaryField
{
    inlet
    {
        type            fixedFluxPressure;
        gradient        nonuniform List<scalar> 
99
(
-15127
-6959.8
80.5113
632.867
-574.228
211.107
1853.33
-988.133
5510.96
2493.32
7881.54
-7799.03
-3895.86
-76.8178
-1018.2
-50562.3
-27545
-7994.56
-9694.89
-6686.47
107.24
2128.95
-300.752
-1109.03
5.87338
11973.7
-341.051
-70.5083
-257.157
2930.43
-592.599
4083.38
-15488.4
267.215
353.82
-459.439
-22899.5
-24903.8
279.866
-256.957
-27603.1
-5640.15
1541.4
16327.4
-8409.17
328.922
-868.77
-1571.62
-7300.1
-3009.7
-148.608
24524.2
6085.31
-8422.18
-11621.9
-26379.3
-4307.88
6437.88
4172.77
-1775.72
-5397.75
-12139.6
2164.61
-2217.67
424.444
-5367.76
-109.512
-9239.25
-9664.27
-1041.3
-1642.28
-2203.26
-10103.5
-19705.7
8868.76
8385.56
7434.13
-2717.64
16.2852
-776.816
4891.13
47355.3
-1328.41
-21245.5
0.459932
-561.068
580.057
-61.0984
-7387.68
-1751.34
335.896
143.806
1564.74
823.981
-14680.9
-19548.2
-4968.2
-118414
-11.5696
)
;
        value           nonuniform List<scalar> 
99
(
86.9388
92.9675
97.1432
97.6986
94.1049
86.4463
96.7498
110.218
133.22
118.81
117.786
82.0692
91.1199
95.9851
95.1061
63.6238
81.0109
107.676
119.683
110.426
94.6178
100.152
96.1448
94.064
96.1436
109.296
97.5065
117.548
125.001
117.339
113.983
108.578
90.5342
111.174
107.06
121.029
109.525
105.357
122.692
111.402
91.1037
113.782
129.562
135.343
110.86
115.415
103.225
108.718
109.154
103.755
105.468
113.136
119.577
101.23
88.4835
78.46
101.27
106.362
101.244
95.1308
91.2237
82.526
95.1942
94.3899
93.0184
86.491
97.5526
94.8493
97.4811
99.6801
109.891
103.686
106.222
137.005
166.714
132.575
129.894
120.077
95.5871
104.378
111.158
135.189
101.455
89.0379
87.184
91.4838
96.682
96.0146
91.3955
94.7795
96.506
97.039
99.502
128.27
124.446
105.98
90.8027
148.714
166.247
)
;
    }
    outlet
    {
        type            fixedValue;
        value           uniform 0;
    }
    lowerWall
    {
        type            fixedFluxPressure;
        gradient        uniform 0;
        value           nonuniform List<scalar> 
1094
(
102.071
99.9296
96.9821
96.4324
95.2538
86.2351
94.8958
111.207
127.707
116.316
133.427
145.493
97.161
97.3986
94.1569
95.2115
111.676
115.402
113.785
121.348
102.89
100.283
97.9425
97.5072
97.6074
100.765
125.425
121.676
137.764
108.7
106.874
100.277
97.7058
95.9314
101.838
99.6311
94.5544
89.0214
115.486
109.452
102.732
101.049
101.73
97.2283
99.9966
95.8919
93.3629
87.8089
92.8687
98.1123
98.836
97.9098
97.9688
96.2201
96.1465
93.9781
97.6485
95.6947
94.4569
95.8892
97.0975
96.7251
96.5029
95.7235
94.923
93.8771
93.8091
93.3187
93.6974
95.0721
91.6953
92.5736
92.8111
93.1301
93.7792
93.4773
92.3441
91.4647
91.1691
91.2771
88.9437
88.9313
88.9725
88.8068
88.664
88.3963
88.1572
88.1236
88.2611
88.6947
86.3188
86.393
86.3933
86.3221
86.1947
86.0322
85.8798
85.8639
85.9702
86.1562
83.7619
83.8142
83.8246
83.7733
83.6876
83.5849
83.5061
83.4861
83.5526
83.6664
81.2534
81.2906
81.2854
81.2817
81.2059
81.144
81.1004
81.0894
81.1368
81.1905
78.7786
78.8234
78.8076
78.7924
78.7605
78.7237
78.7111
78.7056
78.7245
78.7367
76.3501
76.3776
76.3769
76.3582
76.3345
76.3182
76.3134
76.3092
76.3179
76.3381
73.947
73.9576
73.9632
73.9574
73.9507
73.9516
73.9361
73.9131
73.93
73.9399
71.5735
71.5846
71.5757
71.5771
71.5762
71.5813
71.5731
71.5739
71.5768
71.5677
69.216
69.219
69.2339
69.2318
69.2395
69.2452
69.2398
69.2301
69.212
69.2126
66.8932
66.909
66.9314
66.9235
66.9112
66.9138
66.9178
66.9061
66.8908
66.8906
64.5925
64.6154
64.6341
64.6113
64.5879
64.5838
64.5847
64.5976
64.593
64.5876
62.3167
62.3212
62.3216
62.3233
62.3228
62.3139
62.3005
62.2939
62.3039
62.3074
60.0459
60.053
60.0575
60.0638
60.0678
60.0693
60.0433
60.0388
60.034
60.0373
57.7975
57.8
57.8049
57.8037
57.8028
57.7993
57.7958
57.792
57.7868
57.7893
55.578
55.5683
55.5638
55.5664
55.5696
55.5709
55.5695
55.5678
55.5729
55.5769
53.3506
53.3501
53.3464
53.3482
53.3511
53.361
53.3696
53.371
53.3664
53.3561
51.1484
51.1363
51.1396
51.1506
51.1598
51.1644
51.1711
51.1713
51.1724
51.1623
48.9634
48.9475
48.9411
48.9526
48.9679
48.9811
48.9795
48.9838
48.9842
48.9806
46.7843
46.7752
46.7604
46.7611
46.7713
46.7819
46.7877
46.7896
46.7858
46.7884
44.6031
44.6052
44.61
44.6156
44.6108
44.6061
44.602
44.6001
44.5989
44.6011
42.4411
42.4484
42.458
42.4524
42.4397
42.4333
42.4329
42.4479
42.4393
42.4373
40.3035
40.3066
40.308
40.2979
40.2895
40.283
40.2919
40.3009
40.2977
40.2988
38.162
38.1776
38.1819
38.1819
38.1755
38.1679
38.1665
38.1625
38.1498
38.153
36.0454
36.0602
36.0594
36.0538
36.0452
36.0404
36.0289
36.0258
36.0254
36.0322
33.958
33.9558
33.9371
33.931
33.9276
33.9208
33.9141
33.9183
33.9364
33.9518
31.8635
31.8556
31.8458
31.8399
31.8382
31.84
31.8461
31.8525
31.8568
31.8637
29.7609
29.7634
29.7748
29.7821
29.7826
29.7856
29.7882
29.7861
29.7782
29.7668
27.6913
27.6952
27.7158
27.7308
27.7397
27.7408
27.7351
27.7233
27.7126
27.6972
25.6736
25.6694
25.6709
25.6771
25.6873
25.697
25.7022
25.7018
25.695
25.6832
23.6927
23.6769
23.6683
23.6641
23.6701
23.6799
23.6929
23.703
23.7066
23.7011
21.7199
21.7019
21.6989
21.6994
21.7045
21.7074
21.7091
21.713
21.7171
21.7198
19.7409
19.7406
19.742
19.7481
19.7596
19.758
19.7527
19.7411
19.7412
19.74
17.7902
17.7965
17.8056
17.8108
17.8092
17.8023
17.7954
17.7896
17.7869
17.7885
15.8841
15.8893
15.8873
15.8778
15.8583
15.8442
15.8424
15.8484
15.858
15.8738
13.9795
13.9864
13.9774
13.9532
13.9373
13.9182
13.9194
13.9306
13.9472
13.9663
12.0496
12.0693
12.0678
12.0585
12.0511
12.038
12.0358
12.0398
12.0406
12.0427
10.1478
10.1563
10.1655
10.1728
10.171
10.1644
10.1595
10.1586
10.154
10.1496
8.29429
8.28373
8.28092
8.28393
8.28548
8.2894
8.29069
8.29259
8.29395
8.29903
6.44263
6.4292
6.42321
6.424
6.43133
6.44753
6.45333
6.45156
6.44458
6.44812
4.58336
4.58012
4.58138
4.58848
4.60332
4.62699
4.62642
4.61541
4.60471
4.59367
2.74566
2.7459
2.7485
2.75492
2.76333
2.77415
2.77786
2.77616
2.76524
2.75102
0.917984
0.917658
0.917558
0.9128
0.910831
0.913832
0.922871
0.926802
0.927873
0.918294
98.5005
96.8613
96.7065
98.3783
96.764
96.6509
95.9545
96.1977
96.6543
95.7107
95.4249
96.4858
95.2283
94.0553
95.0498
93.0618
93.5273
93.7143
94.5457
93.5487
94.2513
92.4667
93.3631
93.2649
94.7869
94.8923
93.7047
97.4638
96.4721
95.1345
99.8067
99.0732
104.347
99.957
99.211
96.2581
95.3937
101.166
99.3446
96.5457
95.9031
100.836
97.89
107.21
95.8247
86.4903
85.259
95.2536
93.7392
114.951
96.8911
68.6801
87.9347
107.895
96.5377
94.482
82.7976
103.528
104.962
97.0905
100.099
97.8529
97.6837
104.279
97.6773
97.0487
101.909
97.842
97.0247
94.8206
95.938
96.3274
96.535
95.1201
95.0459
92.5512
92.5447
93.6134
100.846
94.272
94.8226
92.5615
92.3388
92.9093
76.8271
92.4299
93.4595
96.0865
96.2881
95.7261
97.0551
94.1918
93.9494
96.6859
93.9719
93.9169
95.8569
94.6146
94.0338
95.2576
94.958
94.7032
94.3423
94.1294
94.7925
93.8107
93.7901
93.9679
93.6907
93.0896
93.7541
93.4951
92.1268
92.89
94.9394
92.7428
92.0831
96.6808
93.9496
92.9551
97.9643
97.8646
102.131
96.8467
97.355
97.3799
96.9632
97.2128
96.9126
97.554
97.8325
99.3442
96.8024
97.0587
97.0869
96.9025
96.9456
96.7842
96.6264
96.2544
95.6749
96.7036
96.7523
96.2181
96.9017
97.069
96.6042
95.5122
95.5796
96.3974
95.8107
95.4882
95.2359
96.0872
95.8595
96.0258
94.4021
94.5449
95.0301
94.4344
94.5133
94.1748
95.0914
94.8895
94.7971
92.9354
92.4645
90.4943
93.3047
93.1514
93.4146
93.6867
93.2084
93.3572
94.7919
94.0986
97.6753
93.7215
93.754
93.4342
94.1021
93.9214
93.8792
92.5272
92.6386
92.1743
93.1871
92.9288
92.9279
93.0574
92.8011
93.14
94.8906
90.7919
92.4195
94.2891
94.969
94.9237
93.2921
93.9035
94.0532
97.2493
96.2503
96.9352
95.7384
96.1591
96.7655
95.4241
96.0214
95.7068
93.3732
93.9407
93.7768
95.9491
96.3794
96.3329
93.9858
93.9421
93.3623
96.4934
96.4459
96.4021
92.8289
90.2062
90.6452
93.6512
90.7925
90.8138
93.9187
93.9084
93.8381
94.3183
94.511
94.1249
94.1122
94.1229
93.8455
93.7406
93.7648
93.6991
96.167
96.1585
96.6852
94.7744
94.6389
94.4806
93.424
90.9838
91.072
91.6602
90.0068
90.1844
95.0786
95.2319
95.0143
93.6952
93.7019
93.6832
93.4137
93.7701
93.7368
95.6125
95.4417
94.8379
109.866
74.6923
101.376
94.3737
93.8659
93.912
99.6902
108.942
99.1281
93.0742
91.1087
91.3872
94.2309
95.5893
95.6562
91.071
90.094
89.9241
93.6935
93.5864
92.4686
96.7076
96.0476
95.8305
95.7842
94.5775
94.1852
112.987
100.805
97.3519
92.2018
93.3271
93.3002
95.3615
95.5284
94.2354
95.7286
95.4814
97.39
95.1477
94.8853
95.9384
97.4148
95.4386
95.108
93.3451
91.6931
91.7567
91.8972
92.0222
93.7703
91.1652
91.3235
93.0687
93.7566
91.9567
91.9127
95.6381
63.3455
55.8426
91.9435
92.0042
93.2982
92.0835
90.9845
91.0701
91.4386
90.385
90.1428
92.8463
92.8569
92.2513
92.9051
90.3887
138.752
109.52
112.519
106.437
96.4705
135.037
86.8606
108.227
111.924
109.37
97.292
101.658
101.92
92.6657
91.2978
91.2908
94.0539
94.8925
95.0386
93.0204
91.9876
92.2685
98.1238
91.2232
97.715
95.2108
97.7129
102.06
91.024
90.815
91.704
81.3064
132.181
98.5862
89.5803
90.0303
104.485
94.2224
94.8249
95.0173
104.914
100.439
97.978
128.143
123.626
79.6175
96.1903
100.392
101.761
100.932
98.2049
103.682
100.578
110.043
90.4384
92.6444
98.4424
78.7791
92.2978
92.8677
93.2621
101.495
103.615
103.853
104.29
103.876
102.437
95.5637
109.489
117.065
91.3573
90.9001
90.9409
92.3281
92.3094
93.0294
104.336
121.605
106.398
104.247
98.4608
96.8813
107.333
107.944
104.426
118.465
110.71
153.933
99.5405
95.7821
92.2206
93.1513
95.0505
91.1034
107.888
102.895
107.923
126.872
111.793
86.3428
94.6742
94.8145
94.0221
119.424
74.613
140.565
119.272
119.889
168.417
105.616
105.938
115.372
102.645
153.97
112.894
108.683
110.917
117.015
117.862
156.192
134.541
70.326
70.7306
61.9107
108.707
112.092
156.074
109.655
112.589
106.927
122.852
118.402
110.509
151.468
124.772
124.803
120.631
143.917
156.767
106.31
105
106.042
105.984
100.255
106.725
160.608
44.3175
82.0387
117.892
117.446
121.819
121.998
123.043
104.72
117.807
119.734
124.968
98.0881
84.4116
86.3499
39.0685
-96.2568
177.171
81.9418
76.1563
87.8559
103.221
87.6948
103.755
92.0955
88.6668
95.9295
96.9072
99.7876
114.189
98.293
98.2564
107.686
102.667
94.116
109.752
162.627
117.099
125.38
119.944
101.179
136.061
93.9256
106.685
113.774
119.202
130.845
102.027
108.136
129.337
141.629
87.515
95.6031
94.8733
93.3856
91.9584
99.9874
105.093
94.0882
92.0907
106.265
153.917
99.533
123.827
189.113
109.316
208.673
104.305
35.2619
111.928
128.91
91.2
134.751
139.711
121.174
94.9091
123.176
109.05
75.9976
125.276
108.051
140.425
105.557
94.5595
144.148
105.878
143.627
132.841
118.492
131.371
103.082
89.5755
169.027
96.7834
128.455
114.509
69.4061
57.8408
111.011
36.2384
123.555
169.098
102.599
192.31
126.116
96.1018
98.9094
93.4111
123.029
9.44292
46.6944
)
;
    }
    upperWall
    {
        type            fixedFluxPressure;
        gradient        uniform 0;
        value           nonuniform List<scalar> 
1097
(
94.4032
95.8923
96.7465
96.2828
96.17
96.6232
100.722
116.329
124.186
114.575
99.2488
97.7047
98.6266
97.5765
93.3586
97.251
107.962
95.5754
167.475
114.471
106.105
102.395
97.946
96.9315
99.3081
93.4757
117.939
102.877
119.226
107.883
90.2689
99.9775
99.5119
95.596
94.4648
95.8333
94.7347
94.9263
96.4513
105.24
103.073
99.0434
103.396
96.9824
96.7395
92.0364
102.45
85.4896
92.8836
98.8025
98.2339
99.1912
97.5345
96.7969
96.261
94.1634
95.2608
93.2809
96.0093
95.8679
97.0977
96.7269
96.4934
95.723
94.9043
93.8335
93.8058
93.3296
93.6999
95.0728
91.6956
92.5731
92.812
93.1306
93.7797
93.4792
92.328
91.4655
91.1687
91.2773
88.9436
88.9312
88.9738
88.8067
88.6634
88.3957
88.1571
88.1239
88.2615
88.6947
86.3187
86.3929
86.3932
86.3212
86.1951
86.0324
85.8797
85.8638
85.97
86.1561
83.7621
83.8141
83.8245
83.7732
83.6876
83.5846
83.506
83.486
83.5525
83.6665
81.2536
81.2905
81.2852
81.2816
81.2058
81.1439
81.1003
81.0893
81.1367
81.1899
78.7781
78.8233
78.8075
78.7923
78.7601
78.7239
78.711
78.7055
78.7244
78.7362
76.3502
76.3775
76.3768
76.3581
76.3344
76.3181
76.3133
76.3091
76.3178
76.338
73.9469
73.9575
73.9631
73.9573
73.9509
73.9517
73.936
73.913
73.9299
73.9398
71.5726
71.5842
71.5756
71.577
71.5763
71.5812
71.573
71.5738
71.5772
71.5682
69.216
69.2191
69.2337
69.2317
69.2394
69.2451
69.2397
69.2305
69.2124
69.2125
66.8934
66.9093
66.931
66.9231
66.9111
66.914
66.9174
66.9056
66.8906
66.8904
64.5927
64.6152
64.6341
64.6111
64.5878
64.5836
64.5846
64.5979
64.5931
64.5878
62.3163
62.3209
62.3214
62.323
62.3229
62.3139
62.3005
62.2938
62.304
62.3072
60.0457
60.053
60.0571
60.064
60.0678
60.0693
60.0432
60.0387
60.0339
60.0369
57.7976
57.8001
57.8048
57.8036
57.8027
57.7988
57.7957
57.7919
57.7867
57.7891
55.5779
55.568
55.5635
55.5663
55.5693
55.5706
55.5694
55.568
55.5729
55.5768
53.3503
53.3499
53.3463
53.3483
53.3513
53.361
53.3695
53.3709
53.3663
53.3561
51.1483
51.1362
51.1395
51.1505
51.1593
51.1645
51.1708
51.1712
51.1721
51.1625
48.9634
48.9472
48.9409
48.9523
48.968
48.9811
48.9793
48.9841
48.984
48.9805
46.784
46.7749
46.7604
46.7613
46.7715
46.7818
46.7876
46.7895
46.7854
46.7883
44.603
44.6051
44.6099
44.6156
44.6107
44.6058
44.6023
44.5998
44.5987
44.6011
42.4406
42.4486
42.4581
42.4524
42.4391
42.4333
42.4332
42.4477
42.4394
42.4374
40.3033
40.3069
40.3083
40.2977
40.2893
40.2835
40.2919
40.3009
40.2979
40.2988
38.162
38.1782
38.1812
38.1817
38.1756
38.1681
38.1666
38.1624
38.1497
38.1524
36.0455
36.0602
36.0589
36.0538
36.0452
36.0402
36.0287
36.0256
36.0252
36.0324
33.958
33.9556
33.9372
33.9309
33.9274
33.9205
33.914
33.9182
33.9364
33.9524
31.8633
31.8556
31.8459
31.8398
31.8381
31.8407
31.846
31.8524
31.8567
31.8636
29.7609
29.7633
29.7754
29.7821
29.7826
29.7858
29.7881
29.786
29.7779
29.7663
27.6911
27.6951
27.7157
27.7305
27.7396
27.7407
27.7347
27.7235
27.7126
27.6974
25.6735
25.6693
25.6707
25.6768
25.6874
25.697
25.7022
25.7017
25.6951
25.6832
23.6927
23.6774
23.6683
23.664
23.67
23.6797
23.6928
23.7029
23.7064
23.701
21.7199
21.7016
21.6988
21.6995
21.7044
21.7071
21.709
21.7129
21.7169
21.7197
19.7407
19.7403
19.7417
19.7481
19.7598
19.7581
19.7527
19.7409
19.7411
19.7399
17.7899
17.7964
17.8057
17.8108
17.8091
17.8021
17.7953
17.7894
17.7871
17.7884
15.8842
15.8895
15.8874
15.8774
15.8581
15.8441
15.8419
15.8484
15.8582
15.8737
13.9795
13.9863
13.9774
13.9529
13.9372
13.9182
13.9193
13.9308
13.9471
13.9662
12.0498
12.0687
12.0674
12.0583
12.0509
12.038
12.0357
12.0397
12.0402
12.0424
10.1477
10.1564
10.1657
10.173
10.1709
10.1641
10.1592
10.1584
10.1539
10.1497
8.29417
8.2837
8.28065
8.28384
8.28539
8.28931
8.2906
8.29251
8.29388
8.29902
6.44242
6.42903
6.42298
6.4238
6.4314
6.44752
6.45366
6.4515
6.44439
6.44781
4.58326
4.58015
4.58144
4.58842
4.60316
4.62702
4.62624
4.61535
4.60461
4.59359
2.74552
2.74617
2.7485
2.75478
2.7633
2.77345
2.77731
2.77613
2.76524
2.75111
0.918018
0.917423
0.917415
0.912339
0.910787
0.913778
0.922915
0.92673
0.92778
0.918215
96.701
96.8554
97.8067
96.6568
96.7799
99.5005
96.6542
96.2051
95.8568
96.2137
95.7233
95.6324
95.0397
94.0679
97.0581
93.6872
93.5393
92.7962
93.7011
93.4955
91.6378
93.2666
93.3592
92.8688
93.699
94.8937
94.7015
95.1267
96.4699
97.9625
99.8711
98.1908
101.245
104.03
106.099
112.274
95.7794
99.637
99.8892
98.2874
95.9563
97.1586
96.8328
93.4186
95.4737
93.8655
94.6239
90.6912
94.868
80.1862
95.4638
93.3441
98.1957
87.3535
113.286
95.5925
94.5866
96.3408
100.046
99.9636
97.351
97.8724
101.566
97.1791
98.1839
102.7
96.9893
97.1624
96.2476
96.5451
96.2089
98.043
95.1077
95.1353
98.2876
93.639
92.4922
93.2014
94.7743
93.9882
97.5415
92.9169
92.5201
92.9003
93.5715
96.8214
142.138
95.8845
96.3674
97.0354
93.9497
94.1913
97.0519
93.9151
93.9731
96.6793
94.035
94.6153
95.8469
94.7035
94.9572
95.3182
94.7935
94.1278
94.359
93.9721
93.7958
93.8548
93.7539
93.0881
93.6867
92.8936
92.1242
93.4932
92.0831
92.7433
94.9411
92.9547
93.9498
96.6692
96.9401
97.2074
96.9577
97.3571
97.5442
96.8483
98.2971
98.3179
97.7212
96.8045
96.943
96.934
97.069
97.0355
96.8103
100.501
97.8943
97.4317
96.4858
96.8051
96.8476
96.2308
96.6987
97.0489
96.5155
99.0529
96.6526
96.0232
95.881
96.0526
95.2788
95.5246
95.624
96.123
95.7534
95.5111
94.7809
94.9344
95.0997
94.1576
94.44
94.3692
95.0752
94.635
94.3146
93.3437
93.1689
93.6878
93.4051
93.3202
93.4072
95.13
93.1501
93.0193
93.98
93.9742
93.9533
93.3618
93.7288
93.7313
101.087
93.8893
93.6737
93.1408
92.7366
93.0285
92.9796
92.8921
93.2002
92.4521
92.7708
92.7491
94.0339
93.7039
93.3885
94.9186
94.3381
94.3177
97.1467
100.239
94.995
95.7142
96.0285
95.4004
96.749
96.1666
95.7422
96.7043
96.2042
97.1393
93.7746
93.9103
93.357
96.3331
96.3761
95.9407
93.3717
93.945
93.9835
96.3966
96.4293
96.5147
101.561
99.9107
103.76
103.667
95.8048
97.4365
90.6445
90.2054
92.8341
90.8133
90.7917
93.6493
93.8418
93.8636
93.8988
94.1209
94.4272
94.32
93.8473
94.1203
94.1106
96.6779
96.1544
96.1674
93.6971
93.7751
93.742
94.4826
94.6571
94.7736
91.0734
90.985
93.4294
90.1839
90.0057
91.6613
95.0173
95.2349
95.0781
93.6788
93.6979
93.6948
94.8392
95.4412
95.6125
93.7376
93.7708
93.4142
93.9048
93.9219
94.3742
91.388
91.1096
93.0752
95.6556
95.6007
94.2441
89.9244
90.0943
91.0714
92.4722
93.5859
93.6952
95.8317
96.0528
96.6988
97.7315
126.411
88.936
94.1841
94.5737
95.7821
103.601
100.502
96.4108
93.291
93.3278
92.2005
94.2361
95.5295
95.3673
97.3719
95.4755
95.7274
98.1074
101.987
103.081
95.9392
94.8854
95.1434
95.1071
95.441
97.4431
91.7563
91.6929
93.3401
93.7676
92.0219
91.8962
93.0686
91.3232
91.1643
91.9115
91.9534
93.7462
90.1256
77.7384
123.707
117.402
45.8442
120.218
91.3942
262.353
111.51
93.295
92.0055
91.9458
91.0641
90.9815
92.0716
90.1432
90.3853
91.4389
92.2508
92.8572
92.8472
91.2904
91.2973
92.6653
95.0379
94.8912
94.055
92.2699
91.9888
93.0232
89.6577
61.4047
98.2787
91.7007
90.8135
91.0211
105.782
109.662
104.76
109.219
100.86
108.633
117.319
129.461
90.99
56.6585
68.9595
115.552
101.449
94.1946
93.586
91.5549
90.9692
94.5703
93.2623
92.8777
92.2968
98.1255
102.576
104.764
108.746
100.704
136.339
109.661
123.633
100.316
106.945
112.681
107.241
121.319
117.545
104.493
104.822
117.79
128.787
112.475
107.713
113.672
100.163
99.9546
113.054
101.566
114.489
95.875
90.9408
90.9004
91.3578
93.0304
92.3099
92.3289
107.684
103.963
102.388
103.257
103.842
108.795
121.05
122.379
109.649
100.058
98.0083
100.292
93.4159
95.4078
107.933
101.433
109.54
99.0325
106.707
106.684
108.871
99.2498
99.672
99.768
95.7553
94.9391
96.2178
97.1423
98.9498
97.4574
105.413
81.9618
104.045
105.661
110.723
99.8184
95.7901
92.0003
107.321
96.435
103.668
95.1099
100.409
99.0035
98.1894
104.436
105.457
105.032
94.0198
94.813
94.6725
97.4338
23.6517
107.323
117.386
102.09
98.9904
105.467
100.572
102.618
98.2479
99.9632
103.123
109.394
106.505
99.8241
109.542
104.589
101.662
90.1591
116.281
117.041
115.866
105.641
101.446
102.355
98.1124
95.5616
100.595
111.805
106.031
102.434
111.503
111.604
89.1465
101.058
100.058
102.116
109.237
99.6686
132.767
97.2151
107.101
115.272
111.114
100.837
97.6445
108.161
94.6697
90.4006
109.578
120.087
105.951
87.7846
111.534
111.011
134.907
156.717
108.122
84.7978
102.321
107.928
90.9209
101.956
110.221
123.973
122.457
80.5043
117.302
102.379
138.637
147.087
113.511
114.074
96.1264
93.6504
100.117
113.381
108.269
100.107
98.0044
115.829
105.566
92.8706
100.464
116.537
105.063
90.0217
100.986
102.181
75.4142
98.9372
102.204
104.469
97.4103
97.926
108.668
108.637
73.2176
103.829
226.342
59.6028
146.339
140.698
106.229
88.9253
85.258
70.5218
131.071
235.899
323.422
122.549
96.7933
92.5803
96.8951
114.474
84.4463
194.998
166.422
148.604
70.5843
78.271
251.272
143.673
114.822
203.583
158.115
128.004
129.585
153.206
)
;
    }
    frontWall
    {
        type            cyclic;
    }
    backWall
    {
        type            cyclic;
    }
}


// ************************************************************************* //
