/*--------------------------------*- C++ -*----------------------------------*\
| =========                 |                                                 |
| \\      /  F ield         | OpenFOAM: The Open Source CFD Toolbox           |
|  \\    /   O peration     | Version:  5.0                                   |
|   \\  /    A nd           | Web:      www.OpenFOAM.org                      |
|    \\/     M anipulation  |                                                 |
\*---------------------------------------------------------------------------*/
FoamFile
{
    version     2.0;
    format      ascii;
    class       volScalarField;
    location    "3.9";
    object      p;
}
// * * * * * * * * * * * * * * * * * * * * * * * * * * * * * * * * * * * * * //

dimensions      [1 -1 -2 0 0 0 0];

internalField   nonuniform List<scalar> 
8094
(
104.436
104.86
95.2038
102.032
95.5587
94.4728
94.3696
90.3409
88.1166
85.8112
83.4524
81.0662
78.6662
76.2837
73.9087
71.5531
69.2062
66.8882
64.5938
62.325
60.0563
57.8085
55.5877
53.3622
51.1599
48.978
46.799
44.6176
42.4535
40.3187
38.1785
36.063
33.9763
31.8815
29.779
27.7088
25.6918
23.7102
21.7376
19.7566
17.8047
15.8976
13.9941
12.0629
10.1571
8.30099
6.44826
4.58724
2.74788
0.918748
103.912
106.238
121.665
96.8489
99.1534
94.0133
93.2533
90.6271
87.9427
85.7971
83.4542
81.0736
78.6935
76.3011
73.9126
71.5594
69.2067
66.905
64.6173
62.3266
60.0605
57.8097
55.5834
53.3641
51.1503
48.9611
46.7892
44.6215
42.4681
40.3212
38.1947
36.0779
33.9742
31.8749
29.7818
27.7153
25.687
23.6935
21.7168
19.7554
17.8098
15.9007
13.9965
12.0773
10.1639
8.29115
6.43451
4.58399
2.7482
0.918401
100.594
102.438
124.323
99.1889
120.657
91.4451
93.4803
91.1176
88.2711
85.9693
83.5646
81.1272
78.7122
76.3203
73.9304
71.5573
69.2249
66.9277
64.6348
62.3261
60.064
57.8138
55.5731
53.3583
51.153
48.9563
46.7768
44.6268
42.4749
40.3285
38.2005
36.0773
33.9542
31.8625
29.792
27.7308
25.6875
23.6843
21.7141
19.7562
17.8184
15.8985
13.9857
12.0769
10.1734
8.28785
6.42867
4.58523
2.75074
0.918226
100.059
99.0135
98.5145
98.6965
100.63
97.9037
95.8853
92.7483
88.7079
86.2394
83.7164
81.2453
78.7711
76.3468
73.9523
71.5761
69.2337
66.9276
64.6161
62.3306
60.0735
57.8142
55.578
53.3601
51.1645
48.967
46.7766
44.6324
42.4705
40.3166
38.2001
36.0715
33.9465
31.857
29.799
27.7478
25.6938
23.681
21.7149
19.7627
17.8236
15.8884
13.9646
12.0702
10.1814
8.29087
6.42924
4.59241
2.7571
0.91356
106.058
98.2068
100.611
98.2307
103.044
94.7747
96.6281
94.5884
89.0296
86.4265
83.8319
81.2981
78.8204
76.3733
73.9766
71.5943
69.2541
66.9237
64.5993
62.3324
60.0784
57.8138
55.5823
53.3648
51.174
48.9824
46.787
44.6274
42.4571
40.3078
38.1943
36.0647
33.9491
31.8575
29.8013
27.757
25.7037
23.6853
21.7197
19.7737
17.8228
15.8709
13.9457
12.0576
10.1788
8.29249
6.43707
4.60719
2.76595
0.911678
67.3988
90.3966
101.621
96.8533
90.0233
103.337
96.6107
95.1522
89.1425
86.5096
83.8861
81.334
78.8421
76.3948
74.0031
71.6176
69.2708
66.9336
64.6002
62.3283
60.0796
57.8127
55.5848
53.375
51.1789
48.9955
46.7976
44.6225
42.451
40.3003
38.1866
36.0596
33.9404
31.8594
29.8043
27.759
25.7146
23.6962
21.7233
19.7737
17.8181
15.8601
13.9334
12.0495
10.1737
8.29683
6.45329
4.63111
2.77671
0.914899
93.4242
90.3807
95.7431
96.97
108.943
96.7035
96.7357
94.1336
89.0837
86.4602
83.8677
81.3268
78.8547
76.4053
73.9963
71.6135
69.2685
66.9393
64.6025
62.3163
60.0607
57.8095
55.582
53.383
51.1854
48.9952
46.804
44.6196
42.4531
40.3129
38.1872
36.049
33.9338
31.8654
29.8073
27.7534
25.719
23.7067
21.7248
19.7682
17.8099
15.8554
13.9308
12.047
10.1691
8.29851
6.45951
4.63068
2.7802
0.92298
93.5088
97.1585
93.1913
134.797
100.105
101.082
96.2308
93.1223
88.8807
86.3251
83.7719
81.2673
78.8177
76.381
73.96
71.6069
69.2554
66.9269
64.6182
62.3091
60.0528
57.8052
55.5804
53.3842
51.1852
48.9985
46.8052
44.6165
42.4625
40.3172
38.1802
36.0446
33.9378
31.872
29.8059
27.7436
25.7204
23.7246
21.7308
19.7573
17.8048
15.8628
13.9452
12.0507
10.1682
8.3006
6.45775
4.61989
2.77884
0.928146
96.7679
96.4753
98.2689
94.0481
92.1375
97.802
95.0961
91.9498
88.527
86.1272
83.6488
81.1971
78.7638
76.3447
73.9501
71.5927
69.2241
66.9015
64.601
62.3144
60.0439
57.7971
55.5845
53.3793
51.1875
48.9995
46.8015
44.6144
42.4557
40.3148
38.1666
36.0434
33.9541
31.876
29.7975
27.7311
25.7147
23.725
21.7346
19.7575
17.8025
15.8728
13.9599
12.0521
10.1637
8.30214
6.45062
4.60912
2.76802
0.928867
99.1022
99.1585
94.3203
94.3842
94.0893
95.3992
94.5797
90.6468
88.3202
85.9292
83.5294
81.1082
78.688
76.3102
73.9263
71.562
69.2131
66.8965
64.594
62.3114
60.0436
57.7979
55.5867
53.3675
51.1742
48.9935
46.8027
44.6162
42.4531
40.3154
38.1698
36.0496
33.9697
31.8821
29.7852
27.7167
25.702
23.7195
21.7372
19.7564
17.8034
15.8871
13.9773
12.052
10.1587
8.30546
6.45363
4.59751
2.75336
0.91894
103.003
104.61
96.7948
111.234
93.5686
94.3447
94.2164
90.3412
88.1165
85.8111
83.4525
81.0662
78.666
76.2837
73.9087
71.5528
69.2062
66.8883
64.5939
62.3249
60.0562
57.8086
55.5878
53.3621
51.16
48.978
46.7989
44.6176
42.4533
40.3186
38.1784
36.063
33.9763
31.8814
29.779
27.7087
25.6917
23.7102
21.7375
19.7565
17.8045
15.8977
13.9942
12.063
10.1571
8.30101
6.44818
4.58721
2.74783
0.918816
106.605
104.561
104.886
111.483
99.936
93.6394
93.2758
90.6252
87.943
85.7968
83.4542
81.0735
78.6935
76.301
73.9126
71.5593
69.2067
66.9051
64.6172
62.3265
60.0606
57.8098
55.5833
53.364
51.1503
48.9611
46.7891
44.6214
42.468
40.3212
38.1952
36.078
33.9742
31.8749
29.7818
27.7152
25.687
23.6935
21.7168
19.755
17.8098
15.9008
13.9965
12.0771
10.164
8.29118
6.43441
4.5841
2.74839
0.918353
101.3
103.603
124.218
97.6051
108.771
92.0685
93.4696
91.1154
88.2724
85.9692
83.5646
81.1272
78.7122
76.3203
73.9304
71.5572
69.2249
66.9276
64.6348
62.3261
60.0638
57.8137
55.5729
53.3581
51.153
48.9562
46.7769
44.6268
42.4749
40.3286
38.2002
36.0772
33.9543
31.8625
29.7922
27.7308
25.6874
23.6843
21.7141
19.7561
17.8185
15.8986
13.9857
12.0768
10.1736
8.28769
6.42857
4.58527
2.75075
0.918206
100.176
98.4117
108.114
99.4541
100.646
97.9244
95.8925
92.7255
88.7085
86.239
83.7164
81.2453
78.771
76.3467
73.9522
71.5761
69.2337
66.9275
64.616
62.3305
60.0736
57.8142
55.5779
53.3602
51.1643
48.9669
46.7768
44.6325
42.4706
40.3165
38.2
36.0714
33.9465
31.857
29.7991
27.7476
25.6938
23.681
21.7148
19.7626
17.8237
15.8882
13.9644
12.0703
10.1815
8.29086
6.42914
4.59242
2.75709
0.913419
106.964
97.6223
99.9972
96.4805
102.312
94.7118
96.6084
94.479
89.0299
86.4265
83.832
81.2981
78.8202
76.3733
73.9766
71.5944
69.2541
66.9237
64.599
62.3327
60.0784
57.8138
55.5823
53.3649
51.1738
48.9825
46.7871
44.6274
42.4565
40.3077
38.1944
36.0647
33.949
31.8575
29.8013
27.757
25.7038
23.6853
21.7198
19.7738
17.8227
15.8709
13.9457
12.0579
10.1787
8.29247
6.437
4.60713
2.76594
0.911725
94.2168
81.6041
104.271
96.8216
99.4369
97.1723
96.5404
95.0938
89.1427
86.5098
83.886
81.3339
78.8423
76.3948
74.0031
71.6175
69.2707
66.9336
64.6001
62.3283
60.0797
57.8126
55.5848
53.3751
51.179
48.9955
46.7975
44.6223
42.451
40.3005
38.1866
36.0595
33.9403
31.8594
29.8044
27.7589
25.7146
23.6962
21.7233
19.7738
17.8179
15.8597
13.9334
12.0496
10.1736
8.29681
6.45326
4.63138
2.77644
0.914874
120.503
78.5254
97.026
97.9202
102.717
96.1463
96.7546
93.9834
89.0843
86.4601
83.8677
81.3268
78.8547
76.4053
73.9963
71.6134
69.2685
66.9392
64.6025
62.3164
60.0605
57.8095
55.5821
53.383
51.1853
48.9952
46.8039
44.6196
42.4531
40.3128
38.1875
36.0488
33.9337
31.8654
29.8073
27.7533
25.719
23.7067
21.7248
19.7683
17.8099
15.8553
13.9309
12.047
10.169
8.29849
6.45964
4.63073
2.78012
0.923071
87.1663
95.096
100.029
115.598
106.349
98.737
96.1765
93.1154
88.8813
86.325
83.7719
81.2673
78.8177
76.381
73.96
71.6069
69.2557
66.9266
64.6183
62.309
60.0527
57.8053
55.5804
53.3842
51.1852
48.9987
46.8054
44.6162
42.4624
40.3172
38.1801
36.0444
33.9378
31.8721
29.8059
27.7435
25.7204
23.7246
21.7308
19.7572
17.8045
15.8628
13.9452
12.0506
10.1682
8.30058
6.45775
4.61987
2.7789
0.928147
97.051
95.8079
95.2792
100.26
90.6448
97.2757
95.102
91.9472
88.5278
86.127
83.6488
81.1971
78.7638
76.3447
73.95
71.5929
69.2242
66.9016
64.601
62.3145
60.0439
57.797
55.5845
53.3793
51.1874
48.9995
46.8015
44.6144
42.4558
40.3149
38.1666
36.0433
33.9547
31.8759
29.7975
27.7312
25.7147
23.7249
21.7344
19.7575
17.8025
15.8729
13.9598
12.052
10.1637
8.3021
6.45056
4.60909
2.76809
0.928868
98.9709
101.546
94.3357
94.5184
95.2416
95.3454
94.598
90.6473
88.3202
85.9292
83.5295
81.108
78.6879
76.3103
73.9263
71.5622
69.2131
66.8964
64.594
62.3114
60.0434
57.7977
55.5867
53.3675
51.1742
48.9935
46.8026
44.6162
42.4531
40.3153
38.1696
36.0497
33.9698
31.882
29.7851
27.7169
25.7021
23.7195
21.7372
19.7564
17.8034
15.887
13.9773
12.0519
10.1588
8.30548
6.4535
4.59749
2.75335
0.918926
104.799
105.426
111.917
82.6708
93.8189
93.9381
94.2327
90.3413
88.1165
85.8111
83.4526
81.0662
78.6658
76.2836
73.9086
71.5525
69.2061
66.8883
64.594
62.3246
60.0562
57.8086
55.5877
53.3619
51.1601
48.978
46.7986
44.6175
42.4531
40.3186
38.1785
36.063
33.9763
31.8812
29.7787
27.7086
25.6917
23.7101
21.7375
19.7565
17.8044
15.8977
13.9942
12.063
10.1571
8.30096
6.44805
4.58713
2.74773
0.918765
103.744
105.68
101.219
102.959
103.374
92.1842
93.2677
90.6261
87.9426
85.7969
83.4541
81.0735
78.6934
76.301
73.9125
71.559
69.2066
66.9056
64.617
62.3264
60.0611
57.8098
55.5825
53.3634
51.1502
48.961
46.789
44.6214
42.4681
40.3213
38.1952
36.0779
33.9741
31.875
29.7817
27.7151
25.6869
23.694
21.7166
19.755
17.8098
15.9008
13.9964
12.0763
10.164
8.29117
6.43432
4.58403
2.74847
0.918165
100.576
103.338
85.9183
96.1562
113.84
88.9568
93.4676
91.1175
88.2724
85.9692
83.5645
81.1271
78.7121
76.3202
73.9303
71.5572
69.225
66.9272
64.6348
62.326
60.0636
57.8137
55.5728
53.358
51.153
48.9561
46.7768
44.6268
42.4749
40.3286
38.2001
36.0769
33.9544
31.8626
29.7922
27.7307
25.6872
23.6843
21.714
19.7559
17.8185
15.8986
13.9857
12.0764
10.1736
8.28759
6.42842
4.58523
2.75072
0.918081
100.559
98.3935
101.105
102.541
101.939
97.9288
95.8797
92.7272
88.7078
86.2388
83.7163
81.2455
78.771
76.3467
73.9521
71.576
69.2336
66.9273
64.616
62.3303
60.0736
57.8142
55.5778
53.3603
51.1641
48.9666
46.7769
44.6325
42.4705
40.3164
38.1998
36.0713
33.9464
31.857
29.7991
27.7475
25.6937
23.681
21.7149
19.7626
17.8236
15.8879
13.9643
12.0702
10.1816
8.29078
6.42904
4.5924
2.75701
0.913091
108.618
97.1125
99.1667
98.3587
109.163
94.6573
96.6092
94.4997
89.029
86.4268
83.8319
81.298
78.82
76.3732
73.9766
71.5945
69.254
66.9236
64.5988
62.3329
60.0785
57.8133
55.5821
53.365
51.1735
48.9825
46.7872
44.6274
42.4564
40.3074
38.1943
36.0647
33.9489
31.8574
29.8014
27.7569
25.704
23.6853
21.7197
19.774
17.8226
15.8709
13.9456
12.058
10.1785
8.29241
6.43715
4.60702
2.76592
0.911636
113.343
95.1752
98.1325
96.8096
112.358
97.3158
96.553
95.0746
89.1418
86.5099
83.8857
81.3338
78.8423
76.3947
74.0031
71.6174
69.2707
66.9337
64.6
62.3281
60.0798
57.8124
55.5846
53.3751
51.179
48.9955
46.7974
44.6222
42.4509
40.3011
38.1868
36.0593
33.9401
31.8593
29.8044
27.7589
25.7145
23.6961
21.7232
19.7739
17.8178
15.8596
13.9333
12.0495
10.1734
8.29674
6.45327
4.63134
2.77601
0.91483
108.922
72.6824
95.9606
97.5669
99.0486
99.1082
96.7543
93.9974
89.0837
86.4601
83.8675
81.3267
78.8546
76.4052
73.9962
71.6134
69.2684
66.939
64.6024
62.3164
60.0602
57.8094
55.582
53.3829
51.1851
48.9951
46.8038
44.6195
42.4534
40.3129
38.1875
36.0486
33.9337
31.8654
29.8072
27.7531
25.7189
23.7067
21.7247
19.7683
17.8098
15.8551
13.9308
12.0469
10.1689
8.29843
6.45972
4.6306
2.77962
0.923248
88.4012
95.0764
98.2783
98.7579
99.2738
99.4562
96.1936
93.1179
88.881
86.325
83.7718
81.2672
78.8176
76.3809
73.9599
71.6068
69.2559
66.9264
64.6183
62.309
60.0527
57.8052
55.5806
53.3841
51.1851
48.9989
46.8053
44.616
42.4624
40.3171
38.1801
36.0443
33.9378
31.872
29.8059
27.7436
25.7205
23.7244
21.7308
19.757
17.8042
15.8628
13.9451
12.0506
10.1681
8.30052
6.45769
4.61983
2.77887
0.928175
96.5911
96.1052
97.9643
82.5052
90.6149
96.7234
95.1031
91.9468
88.5274
86.1271
83.6487
81.197
78.7637
76.3446
73.95
71.593
69.2241
66.9015
64.6013
62.3145
60.0438
57.7969
55.5845
53.3792
51.1873
48.9994
46.8011
44.6143
42.4561
40.315
38.1665
36.0432
33.955
31.8759
29.7973
27.7313
25.7147
23.7247
21.7343
19.7574
17.8027
15.873
13.9597
12.0518
10.1636
8.30203
6.45046
4.60902
2.76826
0.928777
100.67
100.797
95.3974
95.6226
94.248
95.2194
94.6015
90.6472
88.3202
85.9291
83.5295
81.1078
78.6876
76.3103
73.9262
71.5624
69.213
66.8964
64.5939
62.3114
60.0433
57.7975
55.5866
53.3675
51.1741
48.9934
46.8026
44.6162
42.453
40.3152
38.1695
36.0499
33.9702
31.8819
29.785
27.717
25.7021
23.7194
21.7372
19.7563
17.8034
15.887
13.9773
12.0518
10.1587
8.30543
6.45331
4.59741
2.75337
0.918859
94.0492
94.458
93.2687
94.3533
94.0808
94.3486
93.2901
92.8737
94.7633
92.414
93.8975
92.8806
92.425
92.4072
93.0183
95.474
94.7389
95.5555
92.9686
95.4644
94.7158
96.7765
97.6114
97.0257
97.8742
95.6453
97.6234
98.5586
96.7261
97.0058
96.5097
94.8258
96.8209
97.1418
96.5147
96.6137
96.9964
96.2809
97.1663
96.6139
96.7605
96.2656
97.4429
103.99
97.0515
96.5176
98.3489
98.8213
96.4733
96.2862
95.939
95.2326
101.48
96.2872
95.8353
95.2372
95.2204
95.0085
94.741
96.4573
95.1913
94.6712
94.7451
94.587
94.6855
94.2657
95.3376
94.5888
94.717
94.2737
94.0829
94.3468
93.2916
93.9108
94.0918
94.3432
93.2904
92.8801
91.8032
92.4239
91.086
92.8727
92.7348
92.4164
93.0134
95.406
94.7128
89.2838
92.9623
94.6171
94.7201
95.4289
97.6546
98.7733
97.9168
95.5098
97.9803
98.575
96.7762
97.2287
96.4651
94.8436
96.7089
97.5626
96.5401
96.5691
96.9235
96.3713
97.2829
96.5798
97.6766
96.2489
97.9976
98.8409
96.5124
99.1949
96.0942
99.9357
96.6012
96.2956
95.7092
95.2451
99.69
96.291
96.3189
95.2405
95.2158
94.7736
94.7469
96.742
95.2106
95.6067
94.7502
94.5898
94.5561
94.2967
95.2439
94.5901
94.6003
94.2912
94.078
94.4045
93.2865
94.2204
94.0467
94.3793
93.2668
92.872
93.6642
92.4365
92.9471
92.8653
93.1555
92.4184
93.0166
93.9053
94.82
89.3551
92.9939
96.7228
94.7673
95.4058
98.0152
98.1944
97.7713
96.0805
98.4227
95.6514
96.7425
97.5087
96.4938
110.768
96.7411
105.843
96.5072
96.589
98.0583
96.3216
97.526
96.5744
97.0044
96.2676
95.9608
98.6708
96.6328
99.2806
94.8619
100.652
96.5855
96.3011
98.7267
95.249
100.232
96.2967
97.4374
95.2367
95.2109
95.9902
94.7506
101.714
95.192
95.8695
94.743
94.5919
94.5968
94.2752
96.0401
94.5864
95.1565
94.253
94.7306
99.2028
94.1813
94.2571
94.747
98.4704
94.2753
94.0982
94.2936
93.3662
94.4784
93.36
94.3211
94.2174
92.2709
93.612
92.0821
94.231
92.2789
93.5361
92.0901
95.7241
89.9146
76.1977
101.304
97.9593
89.5945
74.5291
91.4577
93.0212
96.2031
93.9486
92.9922
93.8675
91.4231
91.5823
93.094
91.731
93.2722
91.5777
93.1006
91.7367
114.067
104.836
103.915
111.685
111.515
104.821
98.7301
90.9935
90.7242
88.6535
91.5567
90.944
90.2397
91.0241
92.0142
94.7959
93.6889
93.4739
92.0163
94.7573
93.55
97.5189
99.4637
97.5622
100.664
98.1383
100.43
97.8162
97.6202
96.5841
98.5227
97.9028
96.3521
97.9361
97.9693
94.7501
96.4325
95.9447
95.8863
94.6476
96.4321
95.9797
91.6824
107.593
93.9021
99.8802
97.6703
103.255
90.6383
97.1319
96.5448
98.9199
94.9037
96.5955
91.1541
97.243
96.0678
96.6147
95.9019
96.612
96.0912
96.5855
95.8888
94.1586
102.882
95.6343
99.2237
103.394
105.879
93.9018
96.5156
97.682
100.496
110.909
97.6456
96.5161
96.5506
95.879
96.7552
96.1776
96.558
95.8782
96.7126
96.2084
96.9079
97.1057
98.3348
101.82
95.9852
98.6094
99.0762
96.5983
96.481
99.2711
96.6026
96.429
97.1225
96.8597
96.1148
96.3631
95.1236
96.7632
96.1625
96.3704
95.0249
101.314
90.0908
100.036
108.527
102.859
98.4554
98.2332
96.2398
97.1991
100.432
96.9432
97.2284
97.7263
96.4656
94.466
95.1774
93.3621
96.1922
94.3453
95.1726
93.3645
95.3158
96.5663
95.3837
93.3437
93.8475
94.6728
95.5383
95.0784
95.4261
102.141
96.7449
95.4293
107.571
94.6877
93.1303
94.6981
92.7725
95.1027
93.1353
94.7314
92.7836
95.3163
94.2242
96.8487
94.1258
95.259
92.5541
95.1101
94.8274
94.8302
97.2049
95.2867
94.8061
96.4431
95.018
92.6332
94.5918
92.5315
94.5941
92.6404
94.463
92.5396
95.0781
98.4497
102.368
93.3963
95.1395
98.5958
98.8638
94.0541
94.1902
93.2492
98.1999
94.0579
94.7949
94.1558
92.2785
93.5201
92.0887
94.2296
92.279
93.5193
92.0889
93.9466
90.0822
90.199
104.033
93.6946
78.2191
106.846
91.3542
92.9513
93.6689
101.186
91.4292
93.0243
97.278
91.5739
93.1002
91.7334
93.2723
91.5736
93.0948
91.7341
111.81
101.607
104.524
114.575
133.862
101.845
175.51
91.7237
90.3652
106.977
89.5289
90.6878
90.2386
105.163
92.0129
94.7744
93.5338
93.4649
92.0128
94.7501
93.5337
94.2093
98.4121
97.82
100.823
93.9768
98.397
97.9567
97.6187
96.4273
101.875
98.3319
97.6518
96.4814
101.521
94.6383
96.4511
95.9809
95.8925
94.6371
96.428
95.9881
95.7974
102.434
90.5117
102.407
95.2411
101.788
121.631
98.06
96.7764
104.197
94.7365
97.9227
96.8324
103.526
96.0931
96.6027
95.8853
96.6526
96.0896
96.5962
95.8909
100.258
104.753
95.9037
102.847
110.259
97.8766
99.258
96.4953
97.624
96.7154
97.1853
96.4921
97.6371
96.6813
95.8707
96.7564
96.2057
96.6135
95.8597
96.7209
96.1917
95.8354
97.5481
97.8361
100.139
98.9692
101.912
98.121
96.7134
96.4272
97.611
97.4237
96.4878
96.4465
97.7119
96.1655
96.3662
95.0301
96.7214
96.1727
96.3662
95.02
100.753
95.84
105.5
103.982
100.811
100.154
102.459
96.6437
97.2095
100.756
101.224
96.5722
97.1773
99.1748
94.3294
95.1702
93.3619
96.1948
94.3306
95.1702
93.3614
123.944
94.6941
95.5333
90.5717
105.287
95.229
95.7614
95.2793
95.414
108.144
98.449
94.7846
95.4151
120.292
93.1317
94.7407
92.782
95.1029
93.1319
94.7442
92.7824
95.0936
93.5707
95.3676
94.153
95.0336
95.8816
95.7326
94.9192
94.7893
96.1211
95.3316
94.8899
94.8522
96.0243
92.6382
94.4353
92.5392
94.6043
92.6381
94.4577
92.5392
95.2455
98.5015
98.6192
94.9445
94.9735
99.9331
98.7478
94.0638
94.1368
94.9473
94.5251
94.0651
94.966
94.1416
92.28
93.5321
92.0906
94.3642
92.2715
93.6141
92.0821
94.6571
77.8474
117.523
120.96
95.3594
80.749
118.172
91.5706
92.8741
89.4228
92.048
91.4608
92.8568
92.6026
91.5763
93.0942
91.7377
93.2499
91.5806
93.0864
91.7323
91.153
101.299
67.261
108.245
148.014
118.433
151.583
90.8119
90.1141
102.808
88.4645
90.6073
90.241
107.136
92.0168
94.7874
93.5487
93.4716
92.0149
94.7929
93.6885
98.6208
98.3063
104.159
101.399
109.092
98.6197
99.5008
97.6109
96.5727
99.7562
99.768
97.6052
96.581
99.8523
94.6439
96.4144
95.9822
95.8801
94.7553
96.4593
95.9429
99.5563
100.65
94.2905
96.0873
103.582
102.08
138.28
98.5176
97.1276
103.059
135.457
98.4157
97.2477
104.057
96.0857
96.5825
95.8892
96.6194
96.0676
96.6348
95.9004
109.277
98.3007
98.8499
103.563
96.9681
98.33
99.7822
96.4509
97.7381
98.2529
98.2892
96.4944
97.1264
97.1431
95.862
96.7235
96.1892
96.5703
95.8801
96.8055
96.1773
98.9793
96.2789
97.4338
104.79
101.511
94.7581
98.9415
96.7908
96.4855
98.9373
99.1476
96.3598
96.6559
99.0533
96.1659
96.3708
95.0287
96.7692
96.1172
96.3655
95.1179
100.631
102.424
109.911
100.43
112.413
101.032
105.922
96.7511
97.2715
99.3661
99.9103
96.9728
97.314
99.2479
94.3447
95.1721
93.3636
96.2372
94.4664
95.1759
93.3603
106.613
95.5416
96.011
91.5564
113.064
95.3792
92.9818
94.6627
95.7481
88.1869
96.9741
94.6986
95.4159
79.6764
93.1356
94.7401
92.7841
95.0973
93.1302
94.6969
92.773
95.2763
94.8389
95.6206
105.699
94.7818
96.0897
95.7667
94.9715
94.8802
95.9252
95.2393
95.1469
94.8735
92.9874
92.64
94.458
92.54
94.5805
92.6326
94.5657
92.5323
93.8758
94.0155
93.8779
94.0486
93.8272
93.8757
94.0134
94.1611
95.3118
93.6266
94.3756
95.2615
93.611
94.4636
93.7365
93.5425
93.4946
93.2821
93.4777
93.498
93.7381
94.075
94.5922
94.198
93.2495
93.2659
94.0552
94.2174
93.8814
94.0864
94.0131
93.8826
93.8781
93.8795
94.0156
94.1597
94.3748
95.1167
93.5357
95.2083
93.6637
94.1743
93.7372
93.2869
93.5241
93.4811
93.5003
93.4896
93.7399
92.0113
92.8872
92.3338
92.8822
92.8719
92.338
92.025
89.7671
95.7529
90.8918
92.768
88.7087
90.8559
89.7723
91.629
92.1717
92.2359
92.3969
92.1718
92.1924
91.6524
91.4426
93.989
92.9306
93.7854
92.9865
93.7223
91.4479
92.0118
92.8822
92.8771
92.3338
92.8712
92.3361
92.0098
89.8245
92.2283
97.2477
90.858
88.7308
90.8854
89.9525
91.5995
92.4192
92.1706
92.1607
92.173
92.1595
91.5824
93.1625
92.8525
93.4583
92.9853
92.8385
93.4788
93.307
96.1669
101.527
93.5147
95.469
101.46
93.5059
96.2038
95.5367
95.1836
94.8551
94.7132
94.9591
94.8586
95.5505
90.8985
95.1214
90.6507
84.1825
91.2109
85.1265
90.7704
93.1555
93.0548
92.8484
93.3756
93.0155
93.4755
93.1419
96.2011
95.4623
100.742
93.3948
106.443
93.465
96.0763
95.5203
94.8081
94.9083
94.8351
94.8392
94.8465
95.5077
96.5629
96.0373
96.5231
96.2797
95.9205
96.292
96.6589
97.1596
97.9699
97.2909
97.6186
97.914
97.2937
97.1776
96.6308
96.607
96.9398
99.854
96.1813
96.9212
96.6639
97.6456
97.9002
96.3886
98.0811
96.3546
97.9912
97.6595
96.5755
96.6447
95.9176
96.3084
95.9176
96.3057
96.5773
97.1663
97.5046
99.5915
97.3013
97.6964
97.27
97.2751
96.6305
98.793
96.3231
96.8614
96.9113
96.8967
96.687
96.9551
97.0055
96.9414
96.7166
97.017
96.8912
97.0027
97.4755
97.0721
97.3311
97.0218
96.926
97.3238
97.5007
96.9487
96.697
96.622
96.4947
96.6915
96.6163
97.0103
98.9934
102.245
96.7357
107.427
96.8486
108.303
97.6819
96.9284
96.8359
96.9805
96.8815
97.133
96.9079
96.9197
97.4486
97.0696
97.3249
97.2978
97.9779
97.3916
97.4619
96.9371
96.5317
96.6871
96.5941
96.7726
96.5872
96.9671
96.6304
96.8888
96.2889
96.6007
96.8917
96.2929
96.6615
96.6243
98.771
96.54
97.1567
97.5731
96.538
96.3568
96.6666
96.4967
96.8242
96.2874
96.5135
96.8271
96.611
96.4978
97.1072
97.6365
96.7004
97.6355
96.5698
96.5028
96.6258
96.5713
96.8889
96.2882
96.8926
96.3103
96.6496
96.5203
96.6843
98.4045
96.5798
97.5863
96.5617
96.6913
96.6613
96.2627
96.4853
96.8304
96.5288
96.832
96.6793
96.7462
96.8454
96.9977
98.7681
96.8382
96.533
96.8685
96.5176
104.975
97.6054
116.388
100.423
97.3492
96.4789
96.5835
96.5625
96.9578
96.6395
96.5322
96.9554
96.6365
96.6221
96.5582
96.4214
97.5661
96.4364
97.2943
96.6997
96.7499
98.8185
96.774
96.5478
96.8905
96.5406
96.8384
96.5339
99.2583
99.8532
97.205
99.9453
97.2787
96.6645
96.6148
97.302
96.4639
96.915
96.602
96.9127
96.5986
96.4361
96.9836
95.9746
96.2932
96.9164
95.9658
96.5601
95.319
94.7403
95.3773
95.613
94.8977
95.377
95.3752
95.8085
95.5598
95.4096
95.2358
95.5597
95.4002
95.8416
96.3469
102.075
97.2699
98.2172
97.1762
97.9221
96.4892
96.439
96.2862
96.9414
95.9617
96.9124
95.9654
96.4506
95.4228
95.5925
94.5242
95.3862
95.1004
95.3748
95.386
95.8037
95.2793
95.5602
95.3822
95.5624
95.3844
95.7801
95.0852
95.1181
94.8527
95.2035
95.1141
94.8505
94.883
89.0298
97.0858
94.8828
94.9763
96.7537
94.8413
92.858
94.5488
94.923
94.645
94.7488
94.9271
94.664
95.1083
94.9356
96.1294
95.4501
114.36
95.4256
98.7175
94.6259
94.7117
95.2901
95.1021
94.85
95.1103
94.8546
94.7153
101.341
94.6302
96.7965
94.7283
96.8211
94.6837
101.133
94.4396
94.7464
94.9334
94.7548
94.9291
94.6257
94.6281
94.4678
94.7021
94.4578
94.5928
94.6553
94.4693
94.4668
94.2888
93.2504
94.8679
94.6617
93.2391
94.3178
94.5295
94.3292
94.3142
94.3094
94.227
94.2902
94.3289
94.3068
94.8313
95.2743
94.8136
96.5969
94.837
96.4285
94.8597
94.4736
94.5899
94.7201
94.4754
94.7012
94.4725
94.4597
94.3385
94.7473
94.7666
94.4771
99.3411
94.3489
94.5052
94.3377
94.3402
94.3058
94.3041
94.29
94.3357
94.3309
93.8817
94.012
93.8878
94.0887
93.8818
93.8783
94.0121
94.1527
95.0157
93.5432
94.8236
94.1764
94.9366
93.6329
93.7398
93.539
93.4846
93.2931
93.7395
93.5487
93.488
94.0384
93.9361
94.1394
95.0953
94.9789
94.0259
94.1712
93.886
94.0893
94.0067
93.8961
93.8813
93.8939
94.0083
94.1125
94.3688
94.8012
93.5515
94.8732
93.6504
94.0684
93.741
93.293
93.5421
93.4815
93.5509
93.5
93.7384
91.9794
92.8704
92.3315
92.8773
92.0005
92.8661
92.3308
90.1114
91.6011
90.9674
92.8712
90.1335
91.8269
90.992
91.5816
92.1687
92.1567
92.4139
91.5761
92.1667
92.1648
91.3314
91.8841
92.9959
110.054
93.0133
92.1303
91.8936
91.9701
92.8748
92.8565
92.3293
92.8582
92.3306
91.9719
90.1568
95.0675
90.0469
90.9033
90.0489
90.946
90.2031
91.5693
92.4261
92.1621
92.1496
92.1655
92.1544
91.5731
93.1902
92.8162
93.4733
92.9901
93.1415
92.8972
93.5331
96.5367
106.165
93.3139
95.2166
96.061
94.1418
93.223
95.51
94.9302
94.8433
94.6825
95.504
95.1226
94.8267
90.5254
89.438
89.9746
100.786
90.1339
100.74
90.5198
93.2236
92.9625
92.8076
93.4489
92.8321
93.452
93.2489
96.5737
95.042
98.3915
92.9689
93.7583
93.0957
97.2915
95.5032
94.7386
94.9868
94.8004
95.0124
94.8221
95.4742
96.5829
95.9304
96.3134
95.425
96.5774
95.9358
96.3315
97.2038
98.3566
97.3372
97.6935
97.212
98.4388
97.3478
96.6515
96.4449
96.8804
98.7641
96.671
96.3599
96.848
97.5638
97.8285
96.5868
100.214
96.5454
99.4923
97.5909
96.6135
95.2528
95.9651
96.2233
95.9722
96.4772
96.6124
97.2214
97.8144
98.5637
97.3562
98.1303
97.352
97.2106
96.65
98.7946
96.2054
96.8959
96.4342
96.8938
96.6616
96.9624
97.0358
96.903
96.7157
96.9483
97.005
96.9067
97.5089
97.4467
97.2848
97.3442
97.4673
97.3658
97.3132
96.9379
96.7218
96.5794
96.4707
96.9481
96.7049
96.5941
98.1908
94.9848
97.0128
102.995
96.9211
103.248
98.2969
96.987
96.8113
97.0248
96.9307
97.0155
96.8767
96.9897
97.5423
97.4486
97.4482
97.245
97.3908
97.2575
97.5586
96.9322
96.5278
96.7259
96.6085
96.7028
96.5862
96.9615
96.6229
96.8933
96.2938
96.5609
96.6278
96.9169
96.3056
96.582
99.0334
96.577
97.0298
96.8183
96.8925
96.6003
96.6978
96.5425
96.8262
96.3204
96.7318
96.4812
96.8208
96.4957
97.2189
97.698
96.399
97.6661
96.5573
96.4965
96.6188
96.6012
96.896
96.3041
96.9013
96.2914
96.6127
96.5588
103.07
97.9229
96.6028
97.4489
96.6014
96.6278
96.6922
96.2484
96.4805
96.8103
96.4971
96.8172
96.6831
96.8763
96.7752
96.5608
96.8912
96.8051
96.8231
96.6002
96.7292
99.7178
97.1955
99.3169
96.649
99.5376
97.1806
96.5369
96.4964
96.9268
96.8832
96.5695
96.5018
96.9373
96.9555
103.923
96.5423
100.53
96.5445
101.031
96.6613
96.81
97.355
96.8013
96.6959
96.7989
96.7726
96.8404
96.6376
99.568
98.8128
97.1362
99.3775
97.1571
96.3818
96.5304
96.6403
96.4318
96.9445
96.5807
96.934
96.5501
96.4915
96.9372
95.9641
96.2934
96.4641
96.9441
95.9612
95.2819
94.7492
95.4114
95.4317
95.2891
95.0562
95.5162
95.7969
95.5662
95.3737
95.2275
95.7787
95.5552
95.3949
96.6159
99.947
97.3721
99.8891
97.1378
100.262
96.602
96.5061
96.2872
96.9411
95.9728
96.9427
95.9779
96.5296
95.3154
96.3678
95.0197
95.4989
95.3864
95.4636
95.4072
95.7995
95.2473
95.5773
95.4089
95.5848
95.4172
95.7985
94.668
95.1206
94.8486
95.2149
94.6873
95.1042
94.8457
99.3988
97.0019
94.8223
94.9473
98.0044
98.6336
94.7239
95.2757
94.9353
94.6365
94.7495
94.5672
94.9334
94.6846
94.466
96.6407
95.4183
125.244
95.4312
98.9831
94.8392
94.6298
95.1972
95.1317
94.8274
95.119
94.8421
94.5829
99.2003
95.4571
99.1915
94.6494
98.7898
94.6753
99.2627
94.992
94.7505
94.9318
94.682
94.9306
94.6695
95.2023
94.4446
94.6022
94.4771
94.5887
94.4505
94.5856
94.4789
94.3625
95.0521
94.4739
94.5764
94.4786
94.9602
94.4884
94.3598
94.3185
94.3016
94.2929
94.3543
94.3233
94.314
95.0616
95.2992
94.9352
95.8137
94.8973
96.2483
95.1614
94.4341
94.5886
94.6277
94.4792
94.5986
94.4796
94.439
94.3349
94.5939
95.0995
94.4867
94.9258
94.335
94.4846
94.3555
94.2858
94.3212
94.3051
94.3227
94.3604
94.3039
93.8932
94.0064
93.8891
94.0531
93.8947
93.8824
94.003
94.0059
94.7555
93.7753
94.4676
94.0307
94.7148
93.7378
93.7375
93.5138
93.4782
93.2834
93.7391
93.5213
93.4748
94.0863
94.5273
94.1336
95.6474
96.4298
94.0936
94.1304
93.8872
94.0351
94.0041
93.8826
93.8213
93.9038
94.0015
94.0571
94.5059
97.1976
93.6643
94.6828
93.6923
94.0857
93.7366
93.279
93.5279
93.494
93.5369
93.4767
93.7369
91.9778
92.874
92.3281
92.8737
91.97
92.8591
92.3275
90.4247
89.9152
90.909
94.1405
90.4413
89.8775
90.9482
91.5863
92.162
92.1567
92.4167
91.5796
92.1597
92.1734
91.4728
94.3979
92.9581
91.9838
92.8895
91.492
91.4685
91.9847
92.8766
92.854
92.3232
92.8545
92.3299
91.9866
90.7055
92.6558
94.3645
90.9952
90.0781
90.9259
90.4466
91.6356
92.416
92.1603
92.2385
92.1601
92.1801
91.5935
93.3102
92.8591
93.5787
92.9576
93.2647
92.8476
93.4045
99.6144
95.2487
92.8666
96.676
97.6244
98.056
92.8131
95.5653
95.1901
94.7994
94.7134
95.4293
95.2464
94.7883
90.6789
89.4999
90.3237
94.8881
90.2287
95.721
90.6815
93.2726
92.9598
92.8641
93.3769
92.8418
93.3802
93.2879
97.3473
96.5567
104.275
92.8014
106.889
92.7867
97.9302
95.645
94.7152
95.3593
94.7971
95.2023
94.7859
95.6012
96.6324
95.9805
96.2227
95.6662
96.6515
95.982
96.2279
97.2324
98.7175
97.3424
98.1676
97.1999
98.3824
97.3661
96.6412
96.2073
96.9376
96.3063
96.6495
96.2069
96.9002
97.6319
97.6235
96.6173
99.3199
96.5893
99.1458
97.8168
96.6537
95.8869
95.9981
96.5118
95.9901
96.2366
96.6827
97.0559
98.2034
98.3643
97.2964
97.9517
97.316
97.2133
96.722
96.8927
96.4666
96.9388
96.211
96.8977
96.6835
97.0033
97.0301
96.9139
96.7238
97.0152
97.0278
96.909
97.6326
97.5516
97.2336
97.4403
97.5711
99.904
97.3069
97.0257
96.7298
96.6526
96.5405
96.9552
96.7033
96.6293
98.5625
107.454
97.565
103.003
97.428
104.049
98.6012
97.0081
96.7205
97.0392
96.9072
97.0511
96.9007
97.1188
97.7252
112.305
98.6946
97.5426
97.844
97.7266
97.6366
97.0561
96.5121
96.6702
96.6368
96.6721
96.6375
97.0131
96.603
96.886
96.3005
96.5945
96.6047
96.8793
96.2909
96.5667
97.932
96.6539
97.5521
96.6093
97.3292
96.605
96.6867
96.4849
96.8142
96.2908
96.6842
96.4902
96.7977
96.451
100.447
97.1726
96.5491
97.1285
95.0326
96.5614
96.5963
96.573
96.8955
96.3055
96.8766
96.301
96.6002
96.561
97.0188
96.7474
96.6114
96.476
96.5833
96.5927
96.6899
96.2637
96.4853
96.7877
96.4852
96.7907
96.7838
96.817
96.8098
96.6174
95.0309
96.8182
96.8138
96.594
96.3306
98.5709
97.159
98.9951
96.2073
98.7335
97.1623
96.5487
96.4525
96.9431
96.585
96.5837
96.5497
96.9372
96.8522
99.3949
96.62
99.2034
96.6108
99.2568
96.9801
96.829
95.7426
96.8278
96.9865
96.8289
96.5868
96.971
96.4176
98.8584
98.7427
98.0072
98.1026
97.1078
96.4494
96.5245
96.3998
96.4835
96.9642
96.4308
96.9351
96.6657
96.5323
96.9411
95.982
96.3078
96.5366
96.9397
95.9763
95.5587
96.519
95.5066
102.245
95.4988
95.578
95.5471
95.8237
95.5708
95.4207
95.2365
95.8059
95.5765
95.4433
96.7253
99.8027
97.2324
100.268
97.1962
100.075
96.6765
96.5187
96.294
96.9436
95.9713
96.9367
95.975
96.5536
95.6087
97.4172
95.8916
95.5522
95.6411
95.5378
95.6547
95.8324
95.2363
95.575
95.4519
95.5778
95.4443
95.8322
94.5409
95.1405
94.8342
95.2656
94.5487
95.1984
94.8562
98.0273
97.4999
94.4846
95.4184
95.55
98.3605
94.5237
95.3325
94.9361
94.675
94.7499
95.1728
94.9466
94.6619
94.6021
96.1759
95.4737
77.4568
95.4473
79.0947
94.5873
94.4908
95.2018
95.2018
94.8041
95.1895
94.8055
94.4797
95.7941
96.5519
96.2335
94.5698
99.5357
94.5531
95.638
94.971
94.75
94.931
94.6664
94.9366
94.6576
94.976
94.4228
94.6396
94.4774
94.5935
94.4305
94.6431
94.4744
94.2692
94.8332
94.4834
94.5916
94.2696
94.9768
94.487
94.358
94.3089
94.3129
94.2515
94.369
94.2953
94.31
94.9906
96.7328
94.8471
96.7127
94.8405
95.4327
94.9989
94.42
94.5942
94.6451
94.46
94.6434
94.4711
94.426
94.2763
94.5168
94.836
94.59
94.7987
94.2824
94.4774
94.3677
94.253
94.3293
94.3102
94.288
94.3705
94.3104
95.8634
96.1884
95.8733
96.0397
96.1558
96.042
96.158
95.863
96.2172
95.8739
96.0112
96.1557
96.0202
96.1503
94.7949
94.7535
94.7881
95.2037
95.0865
95.2045
95.0869
94.7712
94.7592
94.7644
95.2042
95.0838
95.086
95.1973
96.1749
95.8643
95.8671
96.0364
96.1577
96.1592
96.0289
95.8962
96.1977
95.8894
96.0337
96.1393
96.1455
96.0214
94.776
94.7842
94.7849
95.2041
95.0802
95.0857
95.1918
94.8223
94.8324
94.7715
95.2036
95.0857
95.0865
95.2018
96.192
95.874
95.8815
96.0379
96.1516
96.1493
96.0424
94.9675
94.7554
94.8942
95.1948
95.081
95.1935
95.0796
94.7662
94.8076
94.7938
95.1962
95.073
95.0798
95.182
96.2115
95.8872
95.8751
96.005
96.1372
96.1443
95.9914
95.1784
95.529
95.5551
95.7352
95.2824
95.2744
95.7442
95.5558
95.1685
95.5238
95.749
95.285
95.7486
95.287
95.1684
95.5244
95.5662
95.7473
95.2868
95.2863
95.7454
95.5708
95.1727
95.5361
95.7311
95.2819
95.7406
95.2753
95.5564
95.179
95.5354
95.7278
95.2531
95.2635
95.7123
95.1764
95.5693
95.536
95.7242
95.2513
95.2689
95.7081
93.916
93.4663
93.9188
94.3959
93.9864
94.3965
93.9819
93.9206
93.4713
93.9297
94.3698
93.9746
94.3834
93.9633
93.4776
93.9235
93.9186
94.3826
93.9802
93.9748
94.3891
93.4659
93.919
93.917
94.3945
93.9764
93.9826
94.388
93.9338
93.4826
93.918
94.3795
93.9349
93.9587
94.3895
93.4753
93.9455
93.9293
94.3603
93.93
93.9518
94.3694
97.2402
98.1702
113.1
97.1475
97.2566
98.7117
95.4442
98.4722
100.871
98.1258
97.4081
97.8841
100.793
98.3982
95.5169
98.5706
94.7689
99.9009
94.4243
99.8201
92.1675
102.031
103.451
99.2214
104.542
101.638
107.629
99.2641
103.537
97.1499
110.545
98.0872
98.5963
97.6819
94.7639
107.193
97.7814
99.8959
100.687
104.238
98.1473
99.72
91.4231
94.4725
91.503
95.0853
91.4232
94.4659
91.5032
96.2413
96.2125
95.9618
95.8931
96.2372
96.2276
95.9651
96.2539
95.8926
96.2016
95.9455
96.2294
95.9732
96.2125
91.4215
94.5753
91.4962
95.1087
91.427
94.5151
91.5051
91.4269
94.478
91.5052
95.1526
91.421
94.5777
91.4957
96.1954
95.8368
96.2329
95.9525
96.1506
95.8802
96.2408
96.1969
96.2249
95.9315
95.8415
96.2257
96.1433
95.9016
91.3336
95.1604
91.325
94.4748
91.334
95.1712
91.3253
96.2586
95.9592
96.2285
95.9207
96.2756
95.9538
96.2506
96.2553
95.9139
95.9426
96.2299
95.9595
96.2499
96.242
91.3357
95.168
91.3291
94.5886
91.3277
95.231
91.322
96.2013
95.938
96.2545
95.8472
96.2713
95.8868
96.1718
91.3282
95.2346
91.3229
94.5083
91.3357
95.1631
91.3296
96.2328
95.8571
95.934
96.2615
95.8894
96.1619
96.2683
96.2154
96.1524
96.0199
95.8943
96.1191
95.8718
96.2743
96.2234
95.8957
96.1574
96.0155
96.1234
95.8886
96.2798
96.2489
95.9148
96.0108
96.1676
95.8776
96.1426
96.3217
96.2741
96.0358
96.179
95.9119
95.8856
96.1493
96.3211
94.7894
95.1015
94.7906
94.4749
94.9291
94.4781
94.931
95.1019
94.7878
94.7905
94.4713
94.9309
94.9325
94.4735
94.7851
95.1051
94.7831
94.4929
94.9276
94.4816
94.9184
95.1035
94.7882
94.7874
94.4953
94.9258
94.9184
94.4829
95.1051
94.7717
94.7801
94.5089
94.898
94.9105
94.5269
94.7771
95.104
94.7844
94.512
94.8959
94.9102
94.5271
93.0973
92.8619
92.865
92.7589
93.1805
93.1808
92.7606
92.8685
93.097
92.8671
92.7561
93.1827
92.7582
93.1793
96.1835
96.1135
96.2028
96.2014
96.1835
96.1136
96.2027
92.8573
93.0951
92.8489
92.7843
93.1822
92.7725
93.1849
96.1655
96.1657
96.0975
96.2069
96.0492
96.1939
96.1835
96.1812
96.2059
96.0897
96.2013
96.1074
96.2077
96.1671
96.1693
96.0843
96.2043
96.172
96.1719
96.0731
96.1974
96.1727
96.1299
96.2006
96.1793
96.0432
96.1948
96.1938
96.2287
96.1952
96.0462
96.0949
96.2295
96.1966
96.0431
96.2235
96.0969
96.1949
96.0274
96.1987
96.0414
96.2119
93.0955
92.838
92.8399
92.8085
93.1818
93.1841
92.8768
96.1862
96.1784
96.1337
96.2043
96.0627
96.198
96.2027
92.8505
93.1025
92.851
92.8024
93.1826
93.1846
92.8766
93.1009
92.8675
92.861
92.783
93.184
93.1876
92.7657
96.2256
96.0666
96.1976
96.0335
96.1869
96.0001
96.2339
96.2141
96.1958
96.0252
96.0671
96.2147
96.1866
96.0088
96.2484
96.1884
96.0879
96.0716
96.1871
95.998
96.254
96.244
96.0711
96.1887
96.074
96.1869
96.0004
96.2525
90.7293
93.8982
91.0948
92.7273
90.7298
93.9006
91.0954
95.9607
95.8012
96.0837
95.9829
95.961
95.8077
96.0859
95.9612
95.9833
95.8026
96.0852
95.8032
96.086
95.9621
90.7307
93.9215
91.0968
92.7504
90.7214
94.0387
91.0867
95.963
95.7986
96.0859
95.9717
95.9623
95.7936
96.0816
90.7202
94.0344
91.0858
92.7243
90.7298
93.9094
91.096
95.9608
95.9773
95.7955
96.0837
95.7897
96.0837
95.9604
91.514
93.2521
91.3262
93.9798
91.5143
93.2536
91.3259
96.0776
96.175
96.1575
95.983
96.1607
95.9916
96.0737
91.5043
93.2824
91.316
93.9985
91.5146
93.2549
91.3268
96.0918
96.1495
96.1724
95.9725
96.1775
95.9656
96.0896
96.0806
96.1681
95.9782
96.1737
96.0847
96.1649
95.9837
91.5144
93.254
91.3259
94.1189
91.5033
93.2812
91.3149
95.9611
95.7647
96.0791
95.9721
95.776
96.0829
95.9552
95.9636
95.965
95.7641
96.0769
95.7781
96.0796
95.9575
96.0695
96.1553
95.9769
96.1635
96.0718
96.1555
95.9707
96.0954
96.1746
95.9462
96.1301
96.1786
95.9534
96.0924
96.0715
96.1402
96.1484
95.94
96.154
95.9539
96.0647
98.9412
97.6891
103.601
97.1318
99.8122
97.4047
105.388
95.7325
94.6317
95.6185
95.0991
95.618
95.1017
95.7332
96.031
95.4223
96.0622
95.0225
96.0322
95.4252
96.0618
96.0308
95.0269
95.4225
96.0602
95.4234
96.0636
96.0301
95.7358
95.6163
95.0979
94.6548
95.7343
95.6138
95.0991
96.0328
95.027
95.4177
96.0566
95.413
96.0514
96.0327
95.7331
95.618
95.1021
94.6329
95.7335
95.6187
95.1006
96.0306
95.4193
96.0563
95.0163
96.0306
95.4121
96.0456
95.7406
94.6686
95.6367
95.0798
95.6109
95.0897
95.7324
95.7377
94.6514
95.6172
95.1004
95.6126
95.0955
95.7354
96.0333
95.3908
96.071
95.0307
95.4026
96.0439
96.0241
96.031
95.0284
95.391
96.0644
95.4015
96.0418
96.0215
95.7421
95.6354
95.079
94.6685
95.6121
95.0868
95.7344
95.6885
103.423
95.9596
95.1646
95.0991
92.5597
95.538
86.8977
96.8155
95.5046
94.506
81.4989
96.5172
95.7851
97.0554
122.555
88.6562
113.179
105.033
134.037
90.0868
85.5763
96.6437
95.6155
62.0716
87.1786
98.2064
95.9127
96.1735
95.5724
97.2776
96.9355
96.0612
96.2313
97.2702
112.831
101.511
107.386
102.869
105.467
118.225
96.3382
94.7176
94.3092
94.3188
94.2022
94.2126
94.1342
94.2816
94.746
94.3498
94.3544
94.1722
94.0725
94.0676
94.1634
94.356
94.746
94.3749
94.2164
94.0755
94.1937
94.0674
94.3308
94.7317
94.3233
94.1735
94.0844
94.1552
94.1013
94.7259
94.3752
94.3683
94.2295
94.0927
94.1016
94.2037
94.3349
94.7175
94.3588
94.2536
94.2091
94.1306
94.295
131.28
99.5603
163.748
78.7511
176.262
78.8889
159.798
98.7981
98.3582
106.209
97.6015
98.9741
98.7418
103.775
90.2097
92.2938
90.3064
91.1156
90.2099
92.295
90.3068
63.9131
94.7458
157.279
101.551
124.58
82.9024
137.739
94.6273
92.9463
94.9761
93.536
94.6259
92.9466
94.9724
94.6273
93.5339
92.9452
94.9775
92.9471
94.9731
94.6288
90.1998
92.3051
90.2969
91.1167
90.2092
92.2963
90.3073
94.6163
93.5633
92.9526
94.9681
92.9622
94.9605
94.6257
90.2098
92.2968
90.3079
91.1186
90.2005
92.306
90.2976
94.615
92.9528
94.9676
93.5639
94.6254
92.9658
94.9587
94.6016
93.0799
94.9189
93.6029
92.9878
94.9456
94.5836
94.5979
93.6043
93.0863
94.9173
92.9902
94.942
94.5843
91.1505
92.4015
91.0313
93.1154
91.1509
92.4015
91.0314
95.3649
95.8875
93.8911
94.3233
95.3651
95.8892
93.8892
95.3656
94.3225
95.8856
93.8908
95.8893
93.8891
95.3647
91.1396
92.404
91.02
93.1175
91.1503
92.4013
91.0318
91.1511
92.4016
91.032
93.1226
91.1399
92.4045
91.0203
95.3511
94.368
95.8805
93.8995
95.8702
93.9088
95.362
95.3508
95.8807
93.8995
94.3692
95.3608
95.8668
93.9083
95.3446
95.8333
94.0076
94.4063
95.8537
93.9326
95.3285
95.3438
94.4068
95.833
94.0069
95.8517
93.9325
95.3277
93.2751
92.9662
92.9679
92.5002
92.4003
92.4
92.5028
92.9668
93.2765
92.9681
92.4997
92.4
92.5009
92.3992
92.9618
93.2636
92.9543
92.526
92.4064
92.5143
92.4126
93.2679
92.9651
92.9578
92.5316
92.4083
92.4143
92.5108
93.2561
92.917
92.9375
92.5658
92.5129
92.4416
92.6609
92.9219
93.2602
92.9431
92.5749
92.5141
92.4421
92.6542
97.2312
97.3978
95.462
96.9728
97.8579
97.9729
96.8559
94.5467
94.6009
94.5428
93.7121
93.5915
93.7131
93.5888
94.5927
94.5561
94.5715
93.7137
93.5984
93.6
93.7161
94.6148
94.5877
94.5902
93.7204
93.6853
93.6234
93.7201
94.5527
94.5975
94.5683
93.7132
93.5915
93.7162
93.595
94.6038
94.5444
94.5416
93.7119
93.5853
93.5857
93.7133
94.5901
94.6104
94.5869
93.7201
93.6786
93.621
93.7202
96.9721
95.582
97.9287
96.9166
96.3544
95.6347
97.2547
125.086
104.879
125.801
86.6547
126.782
113.8
113.779
90.7667
105.617
103.771
140.982
111.668
113.846
117.867
94.642
91.1017
95.8178
96.1199
94.3325
90.2058
96.8286
93.6996
92.0119
92.8889
92.4656
92.8832
92.4637
93.7027
94.8456
93.3623
93.8185
94.3784
93.8188
94.394
94.8274
93.7018
92.8859
92.4641
92.0124
93.7032
92.8834
92.4636
94.8085
93.816
94.3706
93.3614
94.815
93.8187
94.368
94.8075
93.3612
93.8166
94.3699
93.8188
94.3691
94.8137
94.8445
93.8184
94.3799
93.3638
94.8259
93.8187
94.3869
93.724
92.0166
92.897
92.4646
92.9114
92.4623
93.7171
93.7331
92.8975
92.4678
92.0169
93.7123
92.9131
92.4627
94.8708
93.8088
94.4644
93.3688
93.8221
94.4111
94.8989
94.8702
93.3701
93.808
94.4591
93.8214
94.4103
94.8988
93.7417
93.0283
92.4721
92.0228
92.9486
92.473
93.8103
93.7518
92.0229
93.0322
92.4723
92.9463
92.4711
93.8146
93.9751
93.5121
93.9843
92.8722
92.9132
92.8747
92.9143
93.5118
93.9724
93.9872
92.8692
92.9149
92.9151
92.8681
93.5598
93.9666
93.9509
92.8782
92.9139
92.909
92.8784
93.9361
93.551
93.9503
92.9004
92.9139
92.882
92.9068
93.5788
94.0844
94.0013
92.9081
92.9029
92.9094
92.8909
94.1507
93.5849
93.9553
92.8933
92.9022
92.9108
92.9016
87.0536
104.914
96.1709
81.9555
87.2903
106.82
94.8852
94.5148
94.4124
94.5107
93.3659
93.3217
93.3613
93.3182
94.4233
94.5204
94.5094
93.368
93.2939
93.3637
93.3065
94.6087
94.4655
94.5126
93.3851
93.314
93.3854
93.2986
94.5144
94.4368
94.5018
93.3676
93.2935
93.3655
93.3008
94.5807
94.5077
94.4971
93.3715
93.3009
93.3664
93.2784
94.4736
94.6298
94.5096
93.3808
93.3073
93.3871
93.314
97.4194
95.3999
97.2145
103.877
100.766
97.2698
102.392
94.2274
94.209
94.1935
93.1314
93.1047
93.1246
93.1043
95.1188
95.1576
95.1047
92.6592
92.7729
92.6533
92.7607
94.2498
94.2483
94.251
93.1177
93.1026
93.1223
93.0978
95.1658
95.0932
95.1374
92.65
92.7685
92.7568
92.6499
95.0638
95.0018
95.012
92.7791
92.6596
92.6611
92.8039
95.0056
95.1231
95.0007
92.7759
92.6495
92.657
92.799
95.1805
95.2398
95.1444
92.7373
92.7272
92.5413
92.5301
95.2272
95.1275
95.1554
92.7357
92.7256
92.5396
92.5369
94.2189
94.218
94.2414
93.1247
93.0948
93.1358
93.0965
94.2151
94.1932
94.1753
93.1417
93.0956
93.145
93.0997
95.1278
95.0618
95.0362
92.74
92.7656
92.5407
92.545
95.0699
95.14
95.0382
92.744
92.7687
92.535
92.5484
94.2373
94.369
94.2004
93.1403
93.1075
93.1476
93.1099
94.3801
94.2507
94.2124
93.1346
93.1092
93.1453
93.1068
95.2189
95.0887
94.9817
92.6799
92.7991
92.8253
92.6972
95.0876
95.2006
94.9928
92.6794
92.797
92.8253
92.6946
95.1537
95.2527
95.0191
92.7716
92.7955
92.5686
92.5867
95.2887
95.1469
95.0419
92.7719
92.7959
92.5673
92.5878
94.7862
94.4871
94.7473
92.7287
92.7271
92.7164
92.7231
94.5054
94.7358
94.7621
92.7204
92.7234
92.7173
92.7179
94.4509
94.785
94.701
92.7226
92.7144
92.7222
92.7255
94.7266
94.4539
94.723
92.7253
92.728
92.7242
92.727
94.8591
94.5185
94.8198
92.5809
92.4775
92.5706
92.469
127.041
98.2627
88.447
88.3497
91.7695
87.8434
109.828
94.5225
94.8037
94.8317
92.5782
92.4766
92.4681
92.5772
94.8109
94.4634
94.8005
92.4779
92.5833
92.5776
92.4797
94.4631
94.8574
94.8011
92.4778
92.5732
92.5778
92.4798
94.8943
94.4793
94.7193
92.7362
92.7364
92.7442
92.7439
94.4806
94.8957
94.749
92.7313
92.7336
92.7406
92.7421
95.0065
94.4886
94.8346
92.5856
92.4838
92.4927
92.5987
94.4894
94.9769
94.8279
92.5846
92.4825
92.4916
92.5966
114.424
112.745
98.3221
109.949
111.402
153.157
95.4502
95.6885
97.4258
113.409
97.4946
103.578
90.5423
111.897
98.3394
96.0194
97.4866
98.5348
97.6583
99.2793
97.4645
97.3453
100.048
102.515
96.9316
107.921
99.2223
99.0298
102.43
96.9116
105.725
111.386
113.661
125.32
114.649
95.894
95.9887
112.998
99.1031
97.3583
97.6319
113.803
106.198
93.4041
95.5943
94.7757
105.542
93.4251
98.3915
93.4326
93.9098
93.4267
92.3214
92.3192
92.1241
92.1244
93.9073
93.4323
93.4328
92.3219
92.3183
92.1218
92.1226
93.4397
93.9158
93.4493
92.3246
92.3259
92.1291
92.1304
93.9166
93.4437
93.4513
92.3239
92.3247
92.1266
92.1273
93.98
93.6616
93.6536
92.7111
92.7111
92.622
92.6211
93.6632
93.977
93.6572
92.7146
92.7126
92.6224
92.6226
93.9547
93.573
93.4836
92.3255
92.3346
92.1368
92.1289
93.5752
93.9598
93.4837
92.3232
92.3333
92.1351
92.1276
94.0258
93.6687
93.6756
92.7182
92.716
92.6275
92.628
93.6718
94.011
93.6724
92.715
92.7171
92.6249
92.626
93.7952
94.0554
93.7015
92.7158
92.7228
92.6344
92.6256
94.052
93.7868
93.7021
92.7123
92.7242
92.6331
92.6236
90.7469
91.6647
90.5402
91.9464
90.7477
91.6648
90.5402
93.5175
93.7249
93.0487
93.1313
93.5175
93.7212
93.0492
93.5175
93.1314
93.7244
93.0485
93.721
93.0492
93.5182
90.7357
91.6662
90.5284
91.9478
90.7467
91.6643
90.5405
90.7477
91.6644
90.5407
91.9495
90.7359
91.6664
90.5286
93.5228
93.1356
93.7336
93.051
93.7453
93.0492
93.5196
93.5236
93.7329
93.0507
93.1358
93.5202
93.7452
93.0489
93.5283
93.8391
93.0423
93.1404
93.7715
93.0525
93.5386
93.529
93.1404
93.8386
93.0419
93.7709
93.0522
93.5389
93.7544
115.47
82.9955
102.073
113.793
116.662
83.1928
99.7016
89.8554
100.379
79.826
126.694
110.935
82.4673
110.112
100.039
97.9379
97.0006
110.438
100.472
97.5403
95.4034
102.005
119.014
114.308
117.58
82.8947
99.3918
103.899
118.328
108.527
96.7071
116.201
115.806
96.4807
102.264
99.8126
120.806
93.3519
124.531
93.1743
99.7978
115.611
96.9735
94.4278
100.517
102.358
101.129
111.741
103.921
126.911
104.067
146.017
95.8775
152.941
155.462
107.368
144.585
150.104
145.171
117.025
150.499
134.39
94.2535
103.367
112.063
111.591
143.549
107.773
107.226
99.9011
95.6594
94.1216
107.19
98.3691
127.135
97.7522
95.2894
102.909
109.41
97.8245
95.8994
103.101
105.117
94.4909
99.0397
100.416
94.4331
99.0478
98.8631
99.8456
92.0278
114.446
98.0409
95.2609
88.6746
108.739
106.165
89.6736
93.0188
98.3966
103.467
88.6539
95.0877
101.878
100.972
87.6473
97.9661
98.2363
100.231
87.3164
98.355
98.0866
103.081
97.819
95.1949
92.1006
95.1499
91.7181
89.7583
90.7697
89.8942
90.6252
89.7582
90.7691
89.8946
91.9898
91.6088
92.2722
91.7334
91.9924
91.6097
92.2713
91.9898
91.7336
91.6089
92.2726
91.6095
92.2715
91.9925
99.3347
96.7793
95.3002
100.017
95.8115
98.3845
95.0737
89.75
90.7727
89.8833
90.6264
89.7587
90.77
89.8947
89.7584
90.7695
89.8946
90.6265
89.7495
90.7722
89.8828
91.9913
91.7369
91.6107
92.2761
91.6091
92.2813
91.9929
91.9945
91.611
92.2759
91.738
91.9941
91.6096
92.2799
91.9972
91.6018
92.3629
91.7412
91.6118
92.3018
92.0063
91.9992
91.7424
91.6028
92.3633
91.6127
92.3009
92.0063
92.8679
92.7268
92.8693
91.8696
91.8445
91.8701
91.8449
99.6509
105.602
100.452
94.9024
99.0378
105.972
99.9199
92.7271
92.8695
92.8684
91.8697
91.8446
91.8449
91.87
92.8726
92.7268
92.8743
91.8479
91.8756
91.8765
91.8464
92.7265
92.8705
92.875
91.8476
91.8751
91.8754
91.8455
92.9714
92.7365
92.8967
91.8799
91.8374
91.8486
91.8685
94.3614
98.1564
98.489
94.9493
92.067
89.7088
95.0726
92.7358
92.974
92.8976
91.8806
91.8386
91.8498
91.8694
106.993
93.7927
93.7175
96.1001
93.9902
105.172
95.0695
93.2544
93.3464
93.3464
92.4817
92.5029
92.5015
92.482
93.3458
93.2522
93.3458
92.4825
92.5038
92.4845
92.5033
93.2584
93.3496
93.3556
92.5056
92.4882
92.4874
92.5035
93.3477
93.2588
93.3519
92.5053
92.4872
92.488
92.5038
98.4115
98.065
104.609
103.56
97.2314
98.6994
101.662
101.005
104.344
100.317
98.0645
101.424
103.543
99.2103
96.6459
168.52
99.9416
129.252
109.277
95.7756
97.9431
93.4339
93.2678
93.3755
92.4938
92.5017
92.5107
92.4846
93.2706
93.4326
93.3733
92.4931
92.4992
92.5083
92.4832
97.9134
103.748
99.7929
97.7631
98.2197
100.349
101.02
95.8411
98.8703
99.44
94.6816
95.6612
99.2801
90.7756
115.158
101.464
101.533
97.0763
113.014
99.0472
102.731
84.439
105.649
83.7908
94.3664
126.974
95.9932
128.924
85.2064
89.9802
86.7565
114.501
86.506
114.236
84.1468
98.6014
85.2738
85.3503
87.7163
101.703
102.207
105.403
87.5629
98.5023
89.2984
87.8192
105.86
103.504
89.7755
82.6115
88.0559
115.086
90.3049
86.6966
114.366
80.6561
99.5347
94.6072
99.5413
95.4405
91.1964
89.6018
95.0136
104.132
87.2997
91.4474
98.5999
106.321
131.503
93.0568
95.0779
130.452
95.1059
98.2498
118.549
101.018
120.652
118.037
118.979
136.098
104.939
114.009
116.824
144.905
99.4999
105.842
160.953
106.802
105.161
104.865
106.119
100.266
98.9318
103.728
104.13
100.156
98.7202
100.37
115.875
54.2287
114.532
98.1982
120.416
134.649
83.7468
49.4498
107.478
111.281
110.845
49.5623
107.285
110.772
106.059
104.494
106.458
104.936
105.981
104.564
106.266
106.473
106.017
106.533
106.921
107.125
104.495
106.414
95.8375
101.583
94.3533
98.5841
95.955
98.6809
97.1957
99.6019
99.4479
97.8873
76.3046
105.5
99.2666
99.0863
100.787
102.66
98.6802
99.9608
100.763
94.0278
100.145
98.0972
100.917
94.8327
124.563
97.1946
101.231
92.2563
101.997
100.758
98.5535
89.7185
100.087
100.375
99.4367
102.694
93.83
93.5587
93.5695
91.354
94.0019
93.9218
95.1896
96.2505
95.9009
94.2189
96.1063
93.9152
98.0926
94.4324
99.8293
95.956
94.5191
94.416
99.2546
95.8913
127.224
98.6828
130.26
95.5823
130.053
97.2815
124.65
97.8503
95.2439
101.542
95.1814
96.4198
96.778
94.0469
110.172
82.7474
83.7096
125.026
103.52
109.169
102.853
95.6728
97.1971
96.3513
106.306
110.557
92.9831
95.783
98.3015
98.6327
99.1926
99.1003
101.88
104.769
101.119
104.95
99.3158
103.449
106.593
106.629
104.96
106.867
101.507
97.6438
97.8145
94.1216
105.529
97.8762
92.9496
96.3705
98.1996
98.1456
105.234
102.488
101.004
105.391
103.778
98.6556
108.993
100.903
98.6763
103.698
103.794
104.559
96.0662
103.957
111.134
103.303
101.989
112.672
99.7178
101.165
99.7933
123.671
111.702
95.8672
109.624
110.32
99.9818
98.2654
95.873
100.137
103.722
95.8966
103.229
109.49
100.029
100.877
104.23
101.813
118.088
104.342
110.762
108.251
103.919
99.2203
102.495
109.779
93.2618
92.8176
93.1577
92.7832
93.2705
92.817
93.1565
93.2687
92.7833
92.8172
93.1582
92.8165
93.1565
93.2756
93.2876
92.7806
92.8206
93.1596
92.8195
93.163
93.2877
93.2872
92.8205
93.1605
92.7816
93.2822
92.8195
93.1634
93.2803
92.8116
93.168
92.7832
92.8228
93.1665
93.2853
93.2892
92.784
92.812
93.1682
92.8225
93.1667
93.2917
108.025
102.984
109.763
104.405
109.208
105.507
110.218
100.138
94.4748
99.9942
103.006
101.362
94.0488
99.3401
107.133
99.6705
111.246
102.148
102.998
131.857
120.522
101.73
94.1183
102.926
93.9618
92.0836
99.8625
91.4235
94.2153
95.5453
94.1319
99.467
97.8413
98.2427
93.887
102.634
108.821
112.29
95.6784
147.201
105.767
118.452
97.3454
99.3749
94.7274
98.1254
98.2608
99.3489
95.207
97.5361
108.978
102.139
103.889
108.705
101.545
105.348
95.0702
97.0859
97.0404
119.284
119.418
121.735
111.048
95.6836
108.91
98.3451
111.824
123.406
104.203
107.298
102.11
103.896
109.539
96.1045
105.788
110.791
102.02
95.3346
97.0812
97.1829
113.175
114.669
107.949
95.4406
99.5929
99.9336
99.5794
104.128
99.1994
104.118
98.9628
99.3518
99.2518
97.4372
99.8215
99.9645
101.915
100.43
98.0692
99.8485
103.57
104.177
98.4594
98.81
105.214
99.3005
97.7443
98.961
98.6959
99.3414
101.922
101.586
97.3285
141.012
115.363
92.6878
118.514
114.733
141.622
139.923
111.789
143.736
127.242
155.643
138.051
132.308
109.326
103.885
106.31
104.731
107.711
103.002
111.094
109.431
103.474
110.18
103.664
109.741
104.038
110.963
96.3185
100.037
101.312
101.218
97.1849
100.304
101.368
119.349
100.929
113.226
153.416
202.645
74.459
73.8656
127.526
101.064
104.845
121.684
121.656
102.161
99.2821
103.273
149.36
111.038
83.3194
96.9419
62.0752
147.042
50.1992
94.7519
95.4359
120.315
98.9426
119.581
72.893
96.6357
99.8675
103.059
101.471
96.8348
100.717
103.364
121.738
96.8673
167.368
226.485
116.693
92.1666
89.5823
98.5981
100.358
100.023
100.043
101.946
100.284
100.223
104.126
103.696
104.598
103.076
104.941
100.639
102.822
100.579
113.987
104.435
100.2
104.553
100.078
99.9563
103.378
103.199
103.309
108.684
106.303
102.02
101.859
110.806
97.9202
99.0597
75.4168
145.809
146.549
69.9062
50.6364
94.7101
95.3804
122.746
120.272
81.8226
70.4421
73.4388
135.747
135.695
110.08
65.6714
88.7085
91.3895
132.129
108.025
156.68
108.351
112.587
134.833
144.224
108.858
95.9146
93.5571
104.449
93.4817
109.652
112.167
95.6202
98.5369
94.1977
110.036
98.0847
104.947
97.2759
92.8106
93.1139
92.8088
92.4568
92.4576
92.2373
92.2365
93.1137
92.8109
92.8089
92.4558
92.457
92.2369
92.236
92.8137
93.1195
92.8173
92.4573
92.4555
92.238
92.2358
93.1204
92.8133
92.8169
92.4591
92.4567
92.2389
92.2366
112.266
108.91
111.872
107.525
121.924
112.585
121.95
92.8208
93.1217
92.8196
92.4503
92.4612
92.2413
92.2302
93.1207
92.8211
92.8199
92.4503
92.4609
92.2413
92.2305
105.764
87.3193
135.622
86.4171
140.12
112.417
114.422
91.8944
92.292
91.8931
91.571
91.5714
91.2206
91.2197
92.2939
91.8967
91.8951
91.57
91.5694
91.2182
91.2173
95.9748
99.3266
99.4077
97.2384
97.2998
99.7556
98.0572
92.3013
91.8988
91.9025
91.5716
91.5678
91.2192
91.2166
91.8979
92.3006
91.9008
91.5724
91.57
91.2215
91.2195
116.058
128.716
131.422
129.454
145.424
97.6972
96.6932
102.946
100.781
103.481
100.149
99.6716
100.009
100.163
91.9044
92.305
91.905
91.5638
91.573
91.2225
91.2124
92.3052
91.9053
91.905
91.5645
91.5741
91.2236
91.2129
93.7461
112.407
128.587
91.3488
130.888
91.5537
89.2941
85.4375
95.7752
95.348
93.9449
92.9391
93.1384
93.4419
87.0363
102.359
100.459
102.691
102.798
98.2101
99.4481
140.53
604.17
136.738
132.407
292.159
199.899
127.999
99.7997
122.038
100.539
109.457
103.428
99.9117
102.465
109.534
113.627
104.112
154.602
106.176
158.481
112.933
130.505
112.043
133.651
159.334
153.664
116.404
113.069
117.575
105.651
94.0364
143.617
109.42
90.8634
144.641
99.9909
86.7041
94.0576
147.714
99.5448
114.19
97.2989
118.564
103.57
117.604
104.982
110.083
105.942
110.598
119.349
103.207
119.954
105.821
108.207
102.339
114.185
101.93
98.1592
112.961
137.478
120.648
99.3034
100.891
110.809
105.625
177.887
145.394
119.464
116.087
149.584
111.65
112.797
136.333
108.913
114.507
138.082
113.321
95.184
92.0383
94.6851
95.0974
97.0729
91.6703
96.5895
100.363
98.0913
99.9304
99.1991
109.03
97.9393
100.556
114.72
129.34
129.508
83.952
82.3178
117.667
108.96
98.518
124.906
150.324
112.39
96.4558
127.3
125.731
102.624
75.9312
63.7395
97.5402
104.481
71.5696
60.2019
113.649
69.9959
89.8686
111.887
118.476
106.26
108.037
107.729
111.146
100.023
100.619
102.456
107.088
101.763
97.0409
100.915
102.802
120.183
118.354
101.946
102.43
92.4614
96.3948
96.6309
88.718
92.5559
96.6213
96.729
96.2666
111.535
85.9915
134.698
101.157
132.751
119.364
101.708
100.805
100.396
105.609
104.804
101.261
101.39
99.3122
100.489
102.156
97.3342
100.318
97.6785
104.551
92.8928
97.88
97.1596
87.2787
92.2292
96.3034
98.4157
100.643
99.9202
107.1
101.089
100.939
102.226
108.044
95.0984
124.42
104.076
100.59
105.77
100.943
93.6443
94.0543
116.691
102.545
112.483
106.3
101.376
94.0727
92.5081
121.874
95.383
95.148
87.736
94.5117
109.464
95.4307
102.871
100.278
109.888
93.8856
104.032
100.707
96.9458
100.35
99.738
104.156
98.9356
102.295
96.839
95.1214
96.2091
92.4054
102.062
104.105
104.021
105.982
101.527
96.2291
98.516
95.8846
101.094
100.075
102.276
96.1648
102.623
98.5361
95.8861
99.1662
99.2834
96.2808
97.3194
101.2
106.813
97.7809
97.1413
99.1476
100.048
102.095
97.3863
99.5749
95.6605
100.109
95.8641
107.549
113.423
137.219
122.744
103.809
99.7895
100.196
93.6294
46.7527
121.813
74.4327
169.393
202.72
124.714
92.0251
100.163
99.2276
96.8529
99.7629
98.3528
97.4051
99.8655
94.4119
96.0039
92.3341
100.348
104.48
104.618
100.965
101.037
98.6091
99.2821
97.6093
102.599
96.7438
101.637
93.9891
112.679
100.981
100.981
102.268
101.179
90.9921
98.0259
97.8717
98.6943
99.5143
99.0642
99.73
99.6159
101.552
110.963
96.0925
104.013
104.592
94.7027
94.7163
101.242
95.0412
95.0534
108.647
105.348
95.2539
94.6941
90.9943
113.432
94.7598
124.739
87.3474
113.53
90.9959
134.444
154.337
139.949
109.747
97.4649
176.091
103.295
105.804
111.926
115.929
107.097
109.826
122.885
121.928
93.2733
97.2315
97.0925
108.904
94.9034
130.917
100.018
96.3044
104.624
115.047
101.326
102.071
100.854
110.06
102.958
114.509
127.681
105.805
123.712
123.585
124.991
87.2294
86.117
199.546
79.5063
79.2152
102.64
199.634
86.936
114.582
95.5957
78.1151
176.067
76.2081
178.534
112.778
96.8207
113.367
108.115
112.989
99.4486
114.693
111.064
109.31
114.294
111.056
101.417
116.053
112.971
110.945
100.128
120.608
93.4831
108.787
100.818
122.311
113.904
109.926
110.919
108.207
111.645
110.673
110.586
111.181
102.669
125.072
96.8735
123.85
98.9221
114.212
116.826
139.838
97.8112
100.924
116.437
111.377
101.487
110.679
120.435
117.962
107.421
109.7
117.276
107.114
97.7773
110.751
109.706
108.667
109.827
99.2872
100.155
123.848
109.284
116.867
109.57
106.522
111.367
108.619
110.871
117.491
109.944
109.839
110.06
92.4102
122.673
110.56
114.996
101.144
107.082
110.299
123.827
99.5663
115.872
111.274
116.923
106.109
110.284
106.918
110.741
109.2
97.753
109.16
107.805
107.416
103.183
101.135
99.0593
113.815
89.6481
87.5141
110.58
94.8783
91.5982
70.2597
79.1987
128.907
205.856
100.011
224.028
76.5472
149.304
86.2747
100.016
70.1091
156.407
192.649
76.3663
122.01
107.034
126.073
121.355
111.172
110.814
119.324
88.5374
128.214
126.462
108.524
110.28
135.903
132.754
111.15
132.785
115.825
136.234
108.076
106.752
106.571
128.959
100.413
105.82
114.806
93.2587
115.791
106.618
91.7949
103.874
101.247
104.705
100.736
104.744
92.3978
95.5814
94.4762
95.9598
137.26
102.775
88.4936
122.727
85.5733
77.0336
87.7257
175.137
88.7238
168.634
101.899
137.362
95.3223
125.18
124.088
132.947
133.23
132.821
122.511
100.125
106.072
105.485
98.3455
106.21
130.644
114.819
93.8845
94.3854
73.3478
164.812
151.725
76.03
114.324
102.397
110.705
102.087
110.946
94.8995
136.159
137.821
108.878
257.76
118.096
297.071
101.941
191.505
98.0968
98.2124
98.2187
103.463
102.77
95.7905
95.6802
112.115
110.733
111.918
109.831
109.061
108.896
137.451
79.934
106.702
136.158
115.581
119.919
80.0734
161.443
76.7196
96.9711
95.6205
84.8692
80.3209
96.8106
97.9403
94.5569
93.9781
95.0985
91.7546
84.6234
83.5579
90.7122
98.1382
105.922
101.376
120.266
109.833
108.811
122.697
99.7878
89.0311
87.0362
106.357
109.099
83.9185
80.6316
111.403
109.457
153.692
117.547
60.4823
119.57
106.122
165.826
116.697
146.507
107.014
151.587
118.924
114.544
175.177
124.457
319.534
144.773
432.248
241.9
142.107
152.73
301.685
161.488
97.275
168.487
222.764
216.515
117.13
133.933
132.961
103.545
136.78
129.163
116.376
111.727
109.543
104.693
87.5686
70.6227
108.663
104.497
108.526
115.078
114.227
108.29
78.0677
122.245
91.9198
108.706
92.9717
44.1487
100.036
107.559
92.2334
41.3997
91.1999
104.913
109.445
85.1814
90.9559
104.602
107.542
110.377
98.7688
94.6359
91.4946
100.472
101.519
93.0985
106.076
123.411
105.824
106.146
103.992
114.445
100.565
94.6551
74.9943
100.192
100.705
91.8643
99.8304
92.451
75.8049
99.3645
95.8698
96.9465
72.7138
82.242
94.5497
122.553
123.05
102.549
105.775
130.487
119.704
114.231
110.34
114.654
145.314
108.989
59.8907
109.686
58.8162
95.8252
98.3596
97.6634
97.2203
101.17
98.2187
105.366
231.173
123.404
105.582
115.343
176.114
138.412
146.622
95.1767
106.023
94.9427
96.5306
104.309
95.3652
104.278
108.649
101.913
108.192
83.9135
86.0647
107.369
87.9632
97.6904
96.1141
97.3405
94.9661
97.2871
106.496
98.9958
90.2286
97.3862
97.6948
94.9248
102.602
97.7917
98.7252
98.0692
110.256
100.903
89.8728
103.735
92.5354
102.244
93.0514
100.091
100.333
100.085
96.9643
98.4283
100.801
129.808
118.764
149.589
175.866
158.993
225.265
116.863
99.2317
113.29
129.855
131.67
120.24
114.46
112.529
99.2779
135.576
133.767
115.656
114.172
109.403
108.822
98.9624
92.024
90.6461
104.005
110.961
91.5257
146.922
95.9225
104.453
105.241
99.0377
97.0887
95.0125
102.914
101.103
96.3543
100.693
109.097
98.7463
92.9786
108.043
109.308
101.538
97.0114
130.39
141.135
106.037
106.091
104.871
115.427
103.065
94.2135
95.9641
115.181
112.094
110.996
107.521
103.147
101.542
97.2362
111.524
119.161
85.0131
127.768
133.299
140.457
154.25
79.5099
80.4188
118.627
110.371
107.07
93.1016
91.0113
139.321
139.125
98.6483
105.027
95.2185
107.484
96.8412
100.149
113.383
81.6126
128.564
82.8434
140.17
141.097
110.752
117.103
113.949
128.655
80.0718
149.819
108.214
143.575
109.844
131.702
73.1975
118.941
155.623
140.863
118.93
94.4194
94.516
94.294
123.978
119.407
96.4002
107.772
123.636
128.089
97.0223
97.2084
98.7904
125.228
96.7701
96.417
99.4493
138.641
100.612
101.856
103.084
113.168
110.071
111.543
244.792
134.92
207.114
130.64
266.903
53.869
100.425
108.779
100.85
98.8634
99.1794
101.654
100.937
101.666
95.5549
117.642
106.911
102.28
96.4119
105.698
159.694
95.0546
98.1691
88.9518
98.2264
96.8773
95.3974
105.272
96.5243
97.4431
105.895
108.883
96.3748
131.9
93.3635
97.9485
98.267
89.0588
93.4431
97.986
94.2994
104.754
99.4364
100.265
106.873
99.9316
106.674
104.024
92.8446
97.056
104.316
99.5816
95.7323
101.455
99.4208
124.506
133.632
118.178
108.157
127.546
56.6069
116.642
121.963
147.982
216.675
220.751
169.387
124.471
55.914
111.197
142.238
130.273
165.175
139.604
97.8707
100.137
157.482
257.546
150.327
159.643
170.012
136.623
136.431
166.563
134.474
121.516
256.369
109.375
113.674
176.078
125.899
108.345
100.297
147.32
121.98
106.195
106.82
364.338
179.136
187.641
299.115
323.334
76.4627
767.226
119.522
100.806
109.039
106.36
171.464
168.361
110.724
118.915
152.231
232.011
90.0722
119.229
109.971
169.949
110.158
96.0788
120.431
125.082
104.819
94.1757
111.093
154.548
455.538
166.777
59.0142
440.402
196.464
153.579
141.883
121.588
132.515
155.038
100.821
168.261
126.983
226.276
153.008
151.359
148.898
129.103
122.68
119.447
163.655
128.321
122.837
206.271
110.769
184.847
71.8668
113.384
115.272
121.555
105.685
106.733
79.9327
69.4254
119.992
109.592
116.485
110.484
107.029
112.189
107.686
100.758
111.508
130.555
104.079
106.293
109.37
110.396
94.1102
113.314
114.539
103.575
103.369
118.214
116.711
81.6475
154.575
133.077
134.286
120.495
144.513
94.3657
92.8773
101.045
103.99
124.716
93.9679
102.439
105.079
99.7671
111.734
95.2059
109.461
99.5573
106.322
95.695
128.613
242.089
1159.84
85.2092
179.874
100.792
220.156
97.0247
97.3689
94.3981
95.0444
97.1829
99.0473
94.4211
123.746
93.256
94.8116
96.5372
102.184
98.8721
93.0189
99.6387
108.753
95.4125
106.709
99.0569
107.506
96.655
132.292
121.478
113.616
118.034
125.797
114.693
123.277
103.737
108.995
100.64
144.838
102.166
100.194
160.405
107.603
75.7365
63.803
105.618
180.374
144.925
178.257
118.511
168.996
218.986
134.986
10.8409
6.7733
129.673
88.2135
100.839
-1.73373
107.17
12.2462
130.002
87.2214
128.165
109.907
97.2702
141.49
93.8244
100.034
139.086
70.5973
133.389
150.729
155.452
187.477
119.695
135.44
140.853
93.1595
125.35
120.851
151.134
114.115
262.079
174.395
151.05
103.268
117.124
143.742
120.976
166.601
112.876
-15.2501
13.9707
234.066
233.052
166.028
164.897
97.8119
7.05254
10.112
-6.83401
43.9692
143.811
139.473
120.934
104.975
106.67
71.6714
109.779
186.827
144.11
128.463
57.2447
76.2993
39.7296
40.2102
181.156
150.135
113.341
98.9806
118.596
107.936
113.778
96.746
97.9618
97.7808
77.0557
134.312
84.4714
131.061
111.248
107.721
114.058
103.233
94.7213
95.4486
105.752
92.4812
92.8132
89.1032
88.814
88.4926
93.0618
94.0677
86.9829
89.8902
198.696
153.926
93.8537
178.155
253.596
129.084
216.163
119.315
137.811
207.612
241.499
113.832
533.618
312.037
121.929
105.172
138.958
108.007
96.3698
70.3125
133.186
244.425
140.364
898.819
118.435
221.948
114.78
291.675
108.256
140.799
145.275
139.252
123.039
111.796
106.41
100.26
75.2769
164.358
118.324
84.0287
92.6729
95.1106
332.434
129.484
262.712
112.773
146.655
114.651
147.516
109.969
182.808
112.323
110.405
113.253
185.262
115.566
98.4581
107.069
95.2031
105.878
97.5278
106.91
94.4361
122.443
119.536
131.91
72.9379
137.003
109.067
49.1333
111.073
100.948
104.445
105.47
109.612
101.259
103.416
109.153
151.862
99.0717
110.939
142.134
115.91
195.809
53.2023
98.4873
103.467
229.78
134.602
51.8677
308.185
145.57
194.586
134.025
108.496
164.858
113.638
141.065
99.6672
100.478
113.069
103.655
102.14
99.4891
114.63
96.8859
96.909
95.7729
97.5206
97.8009
98.6065
96.1304
132.776
118.421
110.537
115.331
100.845
152.307
113.117
161.325
112.142
114.524
111.298
111.711
127.034
100.144
104.063
98.7089
104.046
98.4377
99.632
98.8997
99.5485
108.84
104.207
118.701
101.196
102.001
98.851
99.4547
35.5368
59.9266
189.409
179.257
218.239
213.762
50.8294
76.5633
136.372
134.924
116.282
121.552
104.539
197.968
134.32
109.993
121.283
112.334
81.2318
185.002
148.24
78.8944
138.632
147.653
91.5838
91.7285
92.32
158.645
112.5
128.43
128.443
143.124
78.2107
95.8476
95.8975
87.6653
111.839
124.042
108.577
131.172
98.6284
122.606
114.958
129.755
133.135
88.004
80.4958
92.3657
93.0859
120.843
96.5491
85.5056
122.471
149.086
103.699
99.9855
101.567
168.196
203.231
44.5991
63.2851
63.003
65.4532
104.343
79.9112
102.274
38.3198
153.728
140.151
170.635
123.548
96.3229
370.442
118.854
131.024
119.221
121.544
73.7442
155.141
170.37
140.198
130.408
205.486
143.965
69.0832
193.938
154.396
182.373
135.437
182.351
203.624
105.477
105.461
192.713
134.508
74.0047
126.571
96.9467
126.355
99.9675
131.361
158.339
142.076
39.7365
-27.0721
48.6886
191.894
177.44
38.5591
225.62
374.009
38.6217
153.627
195.272
236.087
186.565
145.703
90.305
155.463
151.075
77.1742
94.984
146.231
94.0103
109.907
159.615
81.2522
114.899
120.554
80.1823
153.059
163.562
88.088
70.8819
123.294
128.318
105.647
103.315
80.8023
91.1569
83.4883
121.374
115.058
109.07
140.212
120.914
155.857
154.707
97.6616
96.481
126.769
123.131
129.797
101.35
86.0397
141.889
57.424
60.1489
72.9173
82.6905
97.429
241.114
116.709
56.2113
79.3341
152.131
57.5618
230.431
116.778
118.238
129.053
125.23
129.641
85.8293
206.628
148.954
111.845
116.474
125.171
126.29
112.347
125.003
103.034
116.32
67.3167
155.13
-24.6877
121.625
146.454
158.436
70.7086
87.3823
86.4377
87.4828
75.0182
170.127
)
;

boundaryField
{
    inlet
    {
        type            calculated;
        value           nonuniform List<scalar> 
111
(
94.3667
107.32
101.11
101.203
108.071
66.6771
93.6099
98.2979
99.7627
101.327
102.828
89.3234
97.3773
100.568
100.236
94.1924
108.692
82.866
91.0083
97.2226
107.445
106.801
100.928
98.0371
108.432
113.339
108.874
79.7617
97.3086
94.3785
92.6481
96.5156
96.3825
109.78
88.8518
-124.146
70.2831
71.1445
77.2431
107.191
4.71746
59.0327
78.5685
96.5135
96.3936
90.3148
137.136
92.5723
86.4074
96.2857
93.2807
96.3655
42.4389
115.69
68.1831
47.6813
47.9424
123.528
81.036
95.2955
61.4403
81.4343
98.2104
115.609
91.9198
79.9921
73.1759
-300.091
108.839
54.1689
89.2203
88.653
82.0321
75.6806
93.9291
250.864
147.543
59.0342
59.5973
91.5662
115.191
107.567
106.382
97.0592
108.357
106.304
106.982
117.13
123.226
121.216
-34.2759
282.605
-27.3139
108.211
105.181
-91.4506
105.933
106.741
109.213
98.4873
286.885
99.2056
56.8328
89.1186
140.848
141.436
91.5221
72.8251
79.3405
47.9982
262.762
)
;
    }
    outlet
    {
        type            calculated;
        value           uniform 0;
    }
    lowerWall
    {
        type            calculated;
        value           nonuniform List<scalar> 
1016
(
104.436
103.912
100.594
100.059
106.058
67.3988
93.4242
93.5088
96.7679
99.1022
104.86
106.238
102.438
99.0135
98.2068
90.3966
90.3807
97.1585
96.4753
99.1585
95.2038
121.665
124.323
98.5145
100.611
101.621
95.7431
93.1913
98.2689
94.3203
102.032
96.8489
99.1889
98.6965
98.2307
96.8533
96.97
134.797
94.0481
94.3842
95.5587
99.1534
120.657
100.63
103.044
90.0233
108.943
100.105
92.1375
94.0893
94.4728
94.0133
91.4451
97.9037
94.7747
103.337
96.7035
101.082
97.802
95.3992
94.3696
93.2533
93.4803
95.8853
96.6281
96.6107
96.7357
96.2308
95.0961
94.5797
90.3409
90.6271
91.1176
92.7483
94.5884
95.1522
94.1336
93.1223
91.9498
90.6468
88.1166
87.9427
88.2711
88.7079
89.0296
89.1425
89.0837
88.8807
88.527
88.3202
85.8112
85.7971
85.9693
86.2394
86.4265
86.5096
86.4602
86.3251
86.1272
85.9292
83.4524
83.4542
83.5646
83.7164
83.8319
83.8861
83.8677
83.7719
83.6488
83.5294
81.0662
81.0736
81.1272
81.2453
81.2981
81.334
81.3268
81.2673
81.1971
81.1082
78.6662
78.6935
78.7122
78.7711
78.8204
78.8421
78.8547
78.8177
78.7638
78.688
76.2837
76.3011
76.3203
76.3468
76.3733
76.3948
76.4053
76.381
76.3447
76.3102
73.9087
73.9126
73.9304
73.9523
73.9766
74.0031
73.9963
73.96
73.9501
73.9263
71.5531
71.5594
71.5573
71.5761
71.5943
71.6176
71.6135
71.6069
71.5927
71.562
69.2062
69.2067
69.2249
69.2337
69.2541
69.2708
69.2685
69.2554
69.2241
69.2131
66.8882
66.905
66.9277
66.9276
66.9237
66.9336
66.9393
66.9269
66.9015
66.8965
64.5938
64.6173
64.6348
64.6161
64.5993
64.6002
64.6025
64.6182
64.601
64.594
62.325
62.3266
62.3261
62.3306
62.3324
62.3283
62.3163
62.3091
62.3144
62.3114
60.0563
60.0605
60.064
60.0735
60.0784
60.0796
60.0607
60.0528
60.0439
60.0436
57.8085
57.8097
57.8138
57.8142
57.8138
57.8127
57.8095
57.8052
57.7971
57.7979
55.5877
55.5834
55.5731
55.578
55.5823
55.5848
55.582
55.5804
55.5845
55.5867
53.3622
53.3641
53.3583
53.3601
53.3648
53.375
53.383
53.3842
53.3793
53.3675
51.1599
51.1503
51.153
51.1645
51.174
51.1789
51.1854
51.1852
51.1875
51.1742
48.978
48.9611
48.9563
48.967
48.9824
48.9955
48.9952
48.9985
48.9995
48.9935
46.799
46.7892
46.7768
46.7766
46.787
46.7976
46.804
46.8052
46.8015
46.8027
44.6176
44.6215
44.6268
44.6324
44.6274
44.6225
44.6196
44.6165
44.6144
44.6162
42.4535
42.4681
42.4749
42.4705
42.4571
42.451
42.4531
42.4625
42.4557
42.4531
40.3187
40.3212
40.3285
40.3166
40.3078
40.3003
40.3129
40.3172
40.3148
40.3154
38.1785
38.1947
38.2005
38.2001
38.1943
38.1866
38.1872
38.1802
38.1666
38.1698
36.063
36.0779
36.0773
36.0715
36.0647
36.0596
36.049
36.0446
36.0434
36.0496
33.9763
33.9742
33.9542
33.9465
33.9491
33.9404
33.9338
33.9378
33.9541
33.9697
31.8815
31.8749
31.8625
31.857
31.8575
31.8594
31.8654
31.872
31.876
31.8821
29.779
29.7818
29.792
29.799
29.8013
29.8043
29.8073
29.8059
29.7975
29.7852
27.7088
27.7153
27.7308
27.7478
27.757
27.759
27.7534
27.7436
27.7311
27.7167
25.6918
25.687
25.6875
25.6938
25.7037
25.7146
25.719
25.7204
25.7147
25.702
23.7102
23.6935
23.6843
23.681
23.6853
23.6962
23.7067
23.7246
23.725
23.7195
21.7376
21.7168
21.7141
21.7149
21.7197
21.7233
21.7248
21.7308
21.7346
21.7372
19.7566
19.7554
19.7562
19.7627
19.7737
19.7737
19.7682
19.7573
19.7575
19.7564
17.8047
17.8098
17.8184
17.8236
17.8228
17.8181
17.8099
17.8048
17.8025
17.8034
15.8976
15.9007
15.8985
15.8884
15.8709
15.8601
15.8554
15.8628
15.8728
15.8871
13.9941
13.9965
13.9857
13.9646
13.9457
13.9334
13.9308
13.9452
13.9599
13.9773
12.0629
12.0773
12.0769
12.0702
12.0576
12.0495
12.047
12.0507
12.0521
12.052
10.1571
10.1639
10.1734
10.1814
10.1788
10.1737
10.1691
10.1682
10.1637
10.1587
8.30099
8.29115
8.28785
8.29087
8.29249
8.29683
8.29851
8.3006
8.30214
8.30546
6.44826
6.43451
6.42867
6.42924
6.43707
6.45329
6.45951
6.45775
6.45062
6.45363
4.58724
4.58399
4.58523
4.59241
4.60719
4.63111
4.63068
4.61989
4.60912
4.59751
2.74788
2.7482
2.75074
2.7571
2.76595
2.77671
2.7802
2.77884
2.76802
2.75336
0.918748
0.918401
0.918226
0.91356
0.911678
0.914899
0.92298
0.928146
0.928867
0.91894
94.458
93.2687
94.0492
94.7633
92.414
92.8737
95.474
94.7389
93.0183
97.6114
97.0257
96.7765
97.0058
96.5097
96.7261
96.9964
96.2809
96.6137
103.99
97.0515
97.4429
95.939
95.2326
96.2862
95.0085
94.741
95.2204
94.6855
94.2657
94.587
99.2028
94.1813
94.7306
89.9146
76.1977
95.7241
104.836
103.915
114.067
99.4637
97.5622
97.5189
107.593
93.9021
91.6824
102.882
95.6343
94.1586
97.1057
98.3348
96.9079
90.0908
100.036
101.314
96.5663
95.3837
95.3158
94.2242
96.8487
95.3163
93.3662
94.3211
94.2936
96.2031
91.4231
93.0212
88.6535
91.0241
90.7242
98.5227
97.9693
96.5841
98.9199
97.243
96.5448
100.496
96.5506
97.682
99.2711
96.8597
96.481
100.432
96.4656
97.1991
102.141
94.6877
95.4261
97.2049
95.018
94.8302
93.612
92.0821
92.2709
93.094
91.731
91.5823
94.7959
93.6889
92.0142
96.4325
95.9447
94.7501
96.6147
95.9019
96.0678
96.7552
96.1776
95.879
96.3631
95.1236
96.1148
95.1774
93.3621
94.466
94.6981
92.7725
93.1303
94.5918
92.5315
92.6332
93.6266
94.4636
95.3118
93.5425
93.7381
93.4946
94.0155
93.8757
93.8779
90.8918
89.7723
95.7529
92.1717
91.6524
92.2359
92.8872
92.025
92.3338
93.5147
96.2038
101.527
95.1836
95.5505
94.8551
92.8525
93.307
93.4583
97.2909
97.1776
97.9699
96.607
96.6639
96.9398
96.0373
96.6589
96.5231
97.3311
97.5007
97.0721
96.697
97.0103
96.622
97.0055
97.0027
96.9414
96.54
96.3568
98.771
96.4967
96.611
96.8242
96.8888
96.6615
96.2889
97.6054
96.4789
104.975
96.5625
96.6365
96.9578
96.8454
96.8685
96.9977
95.3773
95.3752
94.7403
95.5598
95.8416
95.4096
96.9836
96.5601
95.9746
94.8828
92.858
97.0858
94.923
95.1083
94.645
95.1181
94.883
94.8527
94.8679
94.3178
93.2504
94.3142
94.3289
94.3094
94.7021
94.4668
94.4578
95.8962
96.0214
96.1393
95.0802
95.1918
94.776
95.2531
95.7123
95.5564
93.9338
94.3895
93.9349
94.5753
91.4962
91.4215
95.2346
91.3229
91.3282
96.1524
96.2743
96.0199
96.0358
96.3211
96.179
94.7771
94.5271
94.8959
96.1299
96.1938
96.2006
93.1826
92.8766
92.8505
96.1884
96.254
96.0879
94.0344
91.0858
90.7202
93.2824
91.316
91.5043
95.7647
95.9552
96.0791
96.1746
96.0924
95.9462
95.3908
96.0241
96.071
95.6354
95.7344
95.079
122.555
88.6562
97.0554
94.2091
94.295
94.3349
98.3582
106.209
98.7981
92.3051
90.2969
90.1998
93.0799
94.5836
94.9189
92.404
91.02
91.1396
95.8333
95.3285
94.0076
92.9219
92.6542
92.5141
94.6148
93.7201
93.6853
95.582
97.9287
96.9721
93.8088
94.8989
94.4644
93.0283
93.8103
92.4721
92.9022
92.9016
94.1507
93.314
93.3854
94.6087
94.3801
93.1453
93.1092
95.2189
92.6972
92.7991
92.7719
92.5878
95.2887
92.7364
92.7439
94.8943
95.0065
92.5987
92.4838
95.9887
112.998
95.894
92.3232
92.1276
93.5752
93.7952
92.6256
92.7158
91.6662
90.5284
90.7357
93.8391
93.5386
93.0423
99.7016
82.4673
126.694
102.909
109.41
95.2894
93.0188
98.3966
89.6736
87.6473
97.9661
100.972
96.7793
95.3002
99.3347
90.7727
89.8833
89.75
91.6018
92.0063
92.3629
105.602
100.452
99.6509
92.9714
91.8685
91.8374
98.065
104.609
98.4115
104.344
100.317
101.005
92.5017
92.4846
93.4339
103.748
99.7929
97.9134
101.464
101.533
115.158
87.5629
89.7755
105.86
115.086
80.6561
88.0559
91.1964
95.0136
99.5347
118.979
136.098
118.037
106.017
106.533
106.473
99.8293
95.956
94.4324
98.6828
130.26
127.224
106.306
95.783
97.1971
104.95
106.867
106.629
105.529
92.9496
101.507
98.1996
105.391
102.488
108.993
103.794
98.6556
103.303
112.672
104.559
92.8116
93.2853
93.168
99.6705
111.246
107.133
102.926
99.8625
94.1183
94.2153
98.2427
97.8413
103.885
106.31
109.326
92.8208
92.2302
92.4503
99.3266
99.4077
95.9748
91.5638
91.2124
91.9044
86.7041
94.0576
99.9909
92.0383
94.6851
95.184
83.952
108.96
129.34
75.9312
63.7395
102.624
97.88
97.1596
92.8928
102.545
94.0727
116.691
95.148
109.464
121.874
101.094
102.276
101.527
96.8529
99.8655
99.2276
94.4119
100.965
104.48
137.362
132.821
124.088
109.833
122.697
98.1382
151.587
114.544
165.826
132.961
116.376
133.933
94.6551
92.451
91.8643
102.549
114.231
123.05
101.103
108.043
98.7463
140.17
117.103
81.6126
94.294
123.978
94.516
97.0223
97.2084
128.089
165.175
100.137
142.238
100.806
110.724
171.464
101.045
103.99
92.8773
107.069
95.2031
98.4581
122.443
49.1333
137.003
)
;
    }
    upperWall
    {
        type            calculated;
        value           nonuniform List<scalar> 
1061
(
104.799
103.744
100.576
100.559
106.709
124.739
134.698
89.0588
96.5911
100.043
103.664
105.68
103.338
98.3935
97.1125
100.619
76.3046
96.9316
97.5206
101.471
110.845
100.036
85.1814
101.105
98.1254
96.9728
124.563
101.551
84.8692
94.6816
81.9555
103.006
93.4831
100.687
98.0872
98.5348
129.252
109.949
62.0716
96.1199
94.9445
120.96
108.245
101.399
96.0873
103.563
104.79
100.43
91.5564
105.699
94.2204
92.9471
89.3551
97.7713
110.768
97.526
99.2806
100.232
101.714
96.0401
94.3642
93.2499
93.4716
95.8801
96.6194
96.5703
96.7692
96.2372
95.0973
94.5805
90.3413
90.6265
91.1186
92.7504
94.5886
95.1526
94.1189
93.1226
91.9495
90.6472
88.1165
87.9426
88.2724
88.7078
89.029
89.1418
89.0837
88.881
88.5274
88.3202
85.8111
85.7969
85.9692
86.2388
86.4268
86.5099
86.4601
86.325
86.1271
85.9291
83.4526
83.4541
83.5645
83.7163
83.8319
83.8857
83.8675
83.7718
83.6487
83.5295
81.0662
81.0735
81.1271
81.2455
81.298
81.3338
81.3267
81.2672
81.197
81.1078
78.6658
78.6934
78.7121
78.771
78.82
78.8423
78.8546
78.8176
78.7637
78.6876
76.2836
76.301
76.3202
76.3467
76.3732
76.3947
76.4052
76.3809
76.3446
76.3103
73.9086
73.9125
73.9303
73.9521
73.9766
74.0031
73.9962
73.9599
73.95
73.9262
71.5525
71.559
71.5572
71.576
71.5945
71.6174
71.6134
71.6068
71.593
71.5624
69.2061
69.2066
69.225
69.2336
69.254
69.2707
69.2684
69.2559
69.2241
69.213
66.8883
66.9056
66.9272
66.9273
66.9236
66.9337
66.939
66.9264
66.9015
66.8964
64.594
64.617
64.6348
64.616
64.5988
64.6
64.6024
64.6183
64.6013
64.5939
62.3246
62.3264
62.326
62.3303
62.3329
62.3281
62.3164
62.309
62.3145
62.3114
60.0562
60.0611
60.0636
60.0736
60.0785
60.0798
60.0602
60.0527
60.0438
60.0433
57.8086
57.8098
57.8137
57.8142
57.8133
57.8124
57.8094
57.8052
57.7969
57.7975
55.5877
55.5825
55.5728
55.5778
55.5821
55.5846
55.582
55.5806
55.5845
55.5866
53.3619
53.3634
53.358
53.3603
53.365
53.3751
53.3829
53.3841
53.3792
53.3675
51.1601
51.1502
51.153
51.1641
51.1735
51.179
51.1851
51.1851
51.1873
51.1741
48.978
48.961
48.9561
48.9666
48.9825
48.9955
48.9951
48.9989
48.9994
48.9934
46.7986
46.789
46.7768
46.7769
46.7872
46.7974
46.8038
46.8053
46.8011
46.8026
44.6175
44.6214
44.6268
44.6325
44.6274
44.6222
44.6195
44.616
44.6143
44.6162
42.4531
42.4681
42.4749
42.4705
42.4564
42.4509
42.4534
42.4624
42.4561
42.453
40.3186
40.3213
40.3286
40.3164
40.3074
40.3011
40.3129
40.3171
40.315
40.3152
38.1785
38.1952
38.2001
38.1998
38.1943
38.1868
38.1875
38.1801
38.1665
38.1695
36.063
36.0779
36.0769
36.0713
36.0647
36.0593
36.0486
36.0443
36.0432
36.0499
33.9763
33.9741
33.9544
33.9464
33.9489
33.9401
33.9337
33.9378
33.955
33.9702
31.8812
31.875
31.8626
31.857
31.8574
31.8593
31.8654
31.872
31.8759
31.8819
29.7787
29.7817
29.7922
29.7991
29.8014
29.8044
29.8072
29.8059
29.7973
29.785
27.7086
27.7151
27.7307
27.7475
27.7569
27.7589
27.7531
27.7436
27.7313
27.717
25.6917
25.6869
25.6872
25.6937
25.704
25.7145
25.7189
25.7205
25.7147
25.7021
23.7101
23.694
23.6843
23.681
23.6853
23.6961
23.7067
23.7244
23.7247
23.7194
21.7375
21.7166
21.714
21.7149
21.7197
21.7232
21.7247
21.7308
21.7343
21.7372
19.7565
19.755
19.7559
19.7626
19.774
19.7739
19.7683
19.757
19.7574
19.7563
17.8044
17.8098
17.8185
17.8236
17.8226
17.8178
17.8098
17.8042
17.8027
17.8034
15.8977
15.9008
15.8986
15.8879
15.8709
15.8596
15.8551
15.8628
15.873
15.887
13.9942
13.9964
13.9857
13.9643
13.9456
13.9333
13.9308
13.9451
13.9597
13.9773
12.063
12.0763
12.0764
12.0702
12.058
12.0495
12.0469
12.0506
12.0518
12.0518
10.1571
10.164
10.1736
10.1816
10.1785
10.1734
10.1689
10.1681
10.1636
10.1587
8.30096
8.29117
8.28759
8.29078
8.29241
8.29674
8.29843
8.30052
8.30203
8.30543
6.44805
6.43432
6.42842
6.42904
6.43715
6.45327
6.45972
6.45769
6.45046
6.45331
4.58713
4.58403
4.58523
4.5924
4.60702
4.63134
4.6306
4.61983
4.60902
4.59741
2.74773
2.74847
2.75072
2.75701
2.76592
2.77601
2.77962
2.77887
2.76826
2.75337
0.918765
0.918165
0.918081
0.913091
0.911636
0.91483
0.923248
0.928175
0.928777
0.918859
94.0467
93.2668
94.3793
92.8653
92.4184
93.1555
92.9939
94.7673
96.7228
96.0805
95.6514
98.4227
96.7411
96.5072
105.843
96.5744
96.2676
97.0044
94.8619
96.5855
100.652
96.2967
95.2367
97.4374
95.192
94.743
95.8695
94.5864
94.253
95.1565
94.9735
98.7478
99.9331
95.3594
118.172
80.749
148.014
151.583
118.433
109.092
99.5008
98.6197
103.582
138.28
102.08
96.9681
99.7822
98.33
101.511
98.9415
94.7581
112.413
105.922
101.032
113.064
92.9818
95.3792
94.7818
95.7667
96.0897
94.1336
94.0936
95.6474
92.9581
91.4685
91.9838
90.3237
90.6815
94.8881
96.6173
97.8168
99.3199
97.565
98.6012
103.003
97.1726
96.5614
96.5491
96.62
96.9801
99.2034
97.2324
96.6765
100.268
95.4737
94.5873
77.4568
94.8471
94.9989
96.7127
92.2715
92.0821
93.6141
91.5806
91.7323
93.0864
92.0149
93.6885
94.7929
94.7553
95.9429
96.4593
96.0676
95.9004
96.6348
95.8801
96.1773
96.8055
96.1172
95.1179
96.3655
94.4664
93.3603
95.1759
93.1302
92.773
94.6969
92.6326
92.5323
94.5657
93.8826
93.9038
94.0041
93.494
93.7369
93.5279
97.1976
94.0857
93.6643
92.3232
91.9866
92.854
92.2385
91.5935
92.1603
94.3645
90.4466
90.9952
93.3769
93.2879
92.8641
94.7971
95.6012
95.3593
104.275
97.9302
92.8014
96.5118
96.6827
95.9981
96.9388
96.6835
96.4666
98.3643
97.2133
97.2964
96.9072
97.1188
97.0392
96.6368
97.0131
96.6702
98.6946
97.6366
97.5426
96.3055
96.6002
96.8955
96.7877
96.7838
96.4853
96.7474
96.5927
96.6114
96.9865
96.971
96.8278
96.9642
96.6657
96.4835
98.7427
96.4494
98.0072
95.9713
96.5536
96.9436
95.4519
95.8322
95.575
95.8916
95.6547
95.5522
94.8041
94.4797
95.2018
94.6664
94.976
94.931
96.2335
95.638
94.5698
94.46
94.426
94.6451
94.3102
94.3705
94.3293
94.836
94.2824
94.59
96.1372
95.9914
95.8872
94.8076
95.182
95.073
95.5693
95.7081
95.2513
93.93
94.3694
93.9455
98.5963
94.7639
97.6819
104.238
99.72
98.1473
91.421
91.4957
94.5777
91.3277
91.322
95.231
96.0155
96.2798
96.1574
96.1676
96.3217
96.0108
94.898
94.5269
94.7717
92.838
92.8768
93.1818
96.2043
96.2027
96.1337
96.074
96.2525
96.1887
90.7214
91.0867
94.0387
91.5033
91.3149
93.2812
96.0769
95.9575
95.7641
95.94
96.0647
96.1484
95.0798
95.7324
95.6367
96.0644
96.0215
95.391
87.1786
95.9127
98.2064
94.3092
94.2816
94.2126
124.58
137.739
82.9024
90.2005
90.2976
92.306
94.9173
94.5843
93.0863
91.1399
91.0203
92.4045
94.0069
95.3277
95.833
92.5129
92.6609
92.917
97.8579
96.8559
97.9729
93.6786
93.7202
94.6104
94.3325
96.8286
90.2058
94.4591
94.8988
93.808
92.4723
93.8146
93.0322
94.0844
92.8909
92.9029
87.2903
94.8852
106.82
94.6298
93.3871
93.3073
93.1075
93.1476
94.369
92.797
92.6946
95.2006
95.2527
92.5867
92.7716
94.8957
92.7421
92.7336
92.4825
92.5966
94.9769
111.402
95.4502
153.157
97.6583
97.4645
99.2793
107.921
99.0298
99.2223
93.573
92.1289
92.3255
92.7123
92.6236
93.7868
90.7359
90.5286
91.6664
93.0419
93.5389
93.8386
89.7495
89.8828
90.7722
92.3633
92.0063
91.6028
91.8386
91.8694
92.974
109.277
97.9431
95.7756
93.4326
92.4832
92.4992
95.6612
90.7756
99.2801
49.5623
110.772
107.285
105.5
99.0863
99.2666
97.1946
92.2563
101.231
82.7474
102.853
125.026
109.49
118.088
104.23
99.2203
109.779
110.762
93.1682
93.2917
92.812
101.362
99.3401
94.0488
98.2608
95.207
99.3489
109.741
110.963
104.038
96.8348
103.364
100.717
101.946
100.223
100.284
104.553
99.9563
113.987
108.684
101.859
103.199
97.9202
69.9062
145.809
94.7101
70.4421
122.746
93.5571
109.652
104.449
98.0847
104.947
98.5369
92.4503
92.2305
92.8211
91.9053
91.2129
91.5645
95.7752
93.1384
92.9391
102.691
99.4481
102.359
124.906
125.731
112.39
102.456
101.763
107.088
100.915
102.43
120.183
101.157
119.364
132.751
100.489
104.551
97.3342
99.9202
108.044
101.089
87.3474
90.9959
113.53
108.787
122.311
100.818
126.073
119.324
121.355
132.785
106.571
136.234
87.7257
101.899
175.137
106.072
130.644
105.485
164.812
76.03
93.8845
110.705
136.159
102.087
109.831
137.451
110.733
80.3209
97.9403
96.8106
93.9781
90.7122
84.6234
107.559
41.3997
92.2334
90.9559
107.542
104.602
100.903
102.244
89.8728
102.602
98.7252
97.3862
100.091
100.801
96.9643
99.0377
102.914
104.453
140.457
80.4188
127.768
107.484
113.383
105.027
93.4431
94.2994
97.986
99.0569
96.655
107.506
71.6714
144.11
104.975
75.7365
178.257
180.374
10.8409
129.673
168.996
93.8244
139.086
109.907
-1.73373
87.2214
107.17
234.066
164.897
-15.2501
10.112
139.473
7.05254
39.7296
150.135
57.2447
77.1742
159.615
94.0103
97.8009
96.1304
98.6065
114.899
88.088
153.059
189.409
50.8294
179.257
91.7285
158.645
138.632
123.294
91.1569
105.647
)
;
    }
    frontWall
    {
        type            cyclic;
    }
    backWall
    {
        type            cyclic;
    }
}


// ************************************************************************* //
