/*--------------------------------*- C++ -*----------------------------------*\
| =========                 |                                                 |
| \\      /  F ield         | OpenFOAM: The Open Source CFD Toolbox           |
|  \\    /   O peration     | Version:  5.0                                   |
|   \\  /    A nd           | Web:      www.OpenFOAM.org                      |
|    \\/     M anipulation  |                                                 |
\*---------------------------------------------------------------------------*/
FoamFile
{
    version     2.0;
    format      ascii;
    class       volScalarField;
    location    "2.2";
    object      p;
}
// * * * * * * * * * * * * * * * * * * * * * * * * * * * * * * * * * * * * * //

dimensions      [1 -1 -2 0 0 0 0];

internalField   nonuniform List<scalar> 
7975
(
106.057
76.2657
105.79
89.6546
102.55
100.304
97.1672
93.2399
90.6385
88.038
85.479
82.9457
80.4362
77.9681
75.5218
73.1027
70.7003
68.3303
65.9828
63.6607
61.3458
59.05
56.783
54.5099
52.2615
50.032
47.8072
45.5805
43.3735
41.1907
39.0052
36.8446
34.7135
32.5763
30.4285
28.3106
26.2527
24.2286
22.2118
20.1897
18.1957
16.2473
14.3013
12.3268
10.3811
8.48345
6.58916
4.6884
2.80917
0.939064
99.8528
112.964
101.415
99.9632
99.1989
99.2169
97.1229
93.0629
90.5025
87.9667
85.4393
82.922
80.4436
77.9726
75.5183
73.1074
70.6984
68.3443
66.0049
63.6638
61.3497
59.0526
56.7776
54.5152
52.2525
50.0171
47.7966
45.5829
43.3813
41.1951
39.0211
36.859
34.7104
32.5649
30.4313
28.3191
26.2475
24.2122
22.1942
20.1885
18.201
16.2503
14.3087
12.346
10.3879
8.47433
6.57633
4.68554
2.80897
0.938746
100.981
96.3226
107.724
95.4965
97.6082
97.8169
97.0517
93.5226
90.2535
87.8699
85.3862
82.8817
80.406
77.9582
75.5155
73.0914
70.7089
68.3624
66.0197
63.6621
61.3508
59.0537
56.7642
54.5015
52.2525
50.0106
47.7852
45.5879
43.391
41.1957
39.0251
36.8579
34.6904
32.5538
30.4374
28.3342
26.2486
24.2032
22.1908
20.1912
18.2083
16.2485
14.2933
12.3479
10.4013
8.473
6.57305
4.68767
2.81221
0.938997
88.2189
91.1684
91.6948
99.1772
98.0563
97.727
97.4258
93.4851
90.2395
87.8756
85.376
82.9003
80.4033
77.9468
75.5139
73.0953
70.7079
68.355
65.9977
63.6649
61.3614
59.0537
56.771
54.5058
52.264
50.0206
47.7841
45.5935
43.385
41.1867
39.0254
36.8527
34.6852
32.5495
30.4472
28.3515
26.2544
24.1989
22.1915
20.1971
18.2177
16.2367
14.2763
12.3359
10.4075
8.47571
6.57329
4.69494
2.81873
0.933777
87.3067
92.1251
98.4774
101.449
99.4864
97.4276
97.2087
93.7481
90.3095
87.9011
85.3838
82.8844
80.4072
77.9454
75.5209
73.1033
70.7215
68.3474
65.978
63.6649
61.3632
59.0525
56.7763
54.5109
52.2733
50.0357
47.7942
45.5889
43.3734
41.18
39.0197
36.8459
34.6826
32.5479
30.4476
28.3608
26.2649
24.2047
22.1957
20.2069
18.2149
16.2245
14.2558
12.3246
10.4038
8.47666
6.58035
4.70868
2.82675
0.931844
98.9827
103.89
110.416
105.668
95.0434
96.7938
97.1275
93.7533
90.3406
87.9293
85.4009
82.8966
80.4179
77.958
75.5402
73.1198
70.7341
68.3533
65.9772
63.6607
61.3594
59.0506
56.7775
54.5211
52.2782
50.0495
47.8045
45.583
43.3645
41.1658
39.0085
36.8366
34.6735
32.5492
30.4514
28.3631
26.2759
24.2144
22.1989
20.2068
18.2082
16.2103
14.2423
12.3147
10.3988
8.48072
6.59615
4.73282
2.83653
0.934921
99.655
102.1
103.79
104.189
112.357
97.857
97.6557
93.7182
90.3649
87.9347
85.4256
82.9187
80.4482
77.9804
75.5411
73.1215
70.7357
68.3644
65.9816
63.6486
61.3527
59.0509
56.7751
54.5295
52.2854
50.0473
47.8102
45.5791
43.3661
41.1808
39.009
36.8261
34.6676
32.5561
30.4546
28.3575
26.2808
24.2279
22.1999
20.1981
18.2007
16.2013
14.2381
12.3119
10.3941
8.48217
6.60212
4.73276
2.84208
0.943965
102.003
118.538
101.565
98.8963
101.636
99.3576
98.1398
93.8805
90.5079
88.0142
85.4623
82.9405
80.4611
77.9871
75.5248
73.1265
70.7283
68.3518
65.9948
63.6443
61.3425
59.0467
56.7748
54.5308
52.2839
50.0519
47.8114
45.5761
43.3782
41.1868
39.005
36.8241
34.6724
32.563
30.453
28.347
26.2804
24.2387
22.2059
20.1929
18.1959
16.2135
14.2502
12.3165
10.3924
8.48418
6.60053
4.72167
2.84023
0.947831
99.6383
99.1093
101.927
99.5303
102.01
100.713
98.4828
93.4765
90.7464
88.1024
85.5175
82.9753
80.4705
77.9893
75.5377
73.1259
70.7101
68.3401
65.9904
63.6523
61.3346
59.0389
56.779
54.5263
52.2871
50.0511
47.808
45.5764
43.3715
41.1854
38.9929
36.8244
34.6914
32.5683
30.446
28.3367
26.275
24.2428
22.21
20.191
18.1939
16.2201
14.2639
12.316
10.388
8.48521
6.59326
4.7102
2.82762
0.948756
99.6831
99.4629
96.7376
148.157
102.549
101.818
97.9941
93.4285
90.7425
88.0913
85.5144
82.9622
80.4433
77.9853
75.5338
73.1111
70.7051
68.335
65.9851
63.6567
61.3362
59.0419
56.7822
54.5152
52.2746
50.0457
47.8101
45.5782
43.3694
41.1872
38.9966
36.8317
34.7075
32.5765
30.4362
28.3275
26.2675
24.2391
22.213
20.1894
18.1945
16.2361
14.2805
12.3177
10.3815
8.48769
6.59445
4.69861
2.81401
0.93932
108.128
82.1187
105.797
99.8521
101.791
100.177
97.1623
93.2405
90.6384
88.038
85.4792
82.9457
80.436
77.9681
75.5218
73.1024
70.7003
68.3303
65.9829
63.6604
61.3458
59.0501
56.783
54.5098
52.2616
50.0322
47.8071
45.5805
43.3731
41.1905
39.0051
36.8447
34.7136
32.5762
30.4284
28.3106
26.2526
24.2286
22.2117
20.1896
18.1956
16.2474
14.3014
12.3268
10.3811
8.48375
6.58906
4.68839
2.80914
0.939132
116.238
107.57
101.908
100.669
99.0563
99.0057
97.1085
93.0631
90.5024
87.9667
85.4393
82.922
80.4436
77.9725
75.5182
73.1072
70.6984
68.3444
66.0048
63.6637
61.3498
59.0526
56.7775
54.515
52.2525
50.017
47.7965
45.5829
43.3812
41.1951
39.0217
36.8591
34.7104
32.5649
30.4313
28.319
26.2474
24.2122
22.1942
20.1884
18.201
16.2504
14.3086
12.3457
10.388
8.47433
6.57625
4.68554
2.80915
0.938697
101.449
98.5174
99.4984
96.5754
97.6048
97.8176
96.955
93.5216
90.255
87.8697
85.3862
82.8817
80.406
77.9582
75.5154
73.0914
70.7088
68.3623
66.0198
63.662
61.3505
59.0537
56.764
54.5014
52.2525
50.0105
47.7853
45.5879
43.3911
41.1958
39.0248
36.8578
34.6904
32.5538
30.4375
28.3342
26.2482
24.2032
22.1908
20.1911
18.2084
16.2486
14.2932
12.3477
10.4013
8.47285
6.57304
4.68778
2.81234
0.938985
85.5787
91.7131
93.0498
102.836
97.9812
97.644
97.4299
93.4851
90.24
87.8752
85.376
82.9002
80.4033
77.9468
75.5139
73.0953
70.7079
68.3548
65.9976
63.6648
61.3615
59.0537
56.771
54.5059
52.2638
50.0205
47.7842
45.5935
43.3852
41.1865
39.0253
36.8528
34.6852
32.5495
30.4472
28.3515
26.2543
24.1989
22.1914
20.1971
18.2177
16.2366
14.2761
12.336
10.4077
8.4757
6.57321
4.69492
2.81873
0.933663
86.993
96.7829
105.291
101.476
99.1144
97.3323
97.22
93.7454
90.3098
87.901
85.3838
82.8844
80.4068
77.9453
75.521
73.1034
70.7215
68.3474
65.9778
63.6651
61.3632
59.0525
56.776
54.5111
52.2729
50.0358
47.7943
45.5888
43.3729
41.1799
39.0198
36.8459
34.6826
32.5478
30.4476
28.3608
26.2651
24.2046
22.1957
20.2069
18.2149
16.2241
14.2558
12.3246
10.4038
8.47664
6.58028
4.70906
2.8267
0.931891
101.717
127.999
109.845
105.853
92.3742
96.8621
97.1068
93.7495
90.3409
87.9293
85.4008
82.8965
80.418
77.958
75.5401
73.1197
70.7341
68.3535
65.9771
63.6607
61.3596
59.0502
56.7775
54.5211
52.2782
50.0495
47.8044
45.5829
43.3645
41.1659
39.0085
36.8362
34.6733
32.5491
30.4515
28.3631
26.2758
24.2144
22.1988
20.2068
18.2081
16.2099
14.2423
12.3147
10.3986
8.4807
6.59612
4.73305
2.83635
0.934892
99.2301
100.936
105.871
102.204
115.283
97.8624
97.6193
93.7134
90.3654
87.9345
85.4256
82.9186
80.4482
77.9804
75.5411
73.1215
70.7357
68.3642
65.9816
63.6486
61.3526
59.0508
56.7752
54.5295
52.2853
50.0472
47.8101
45.5792
43.3662
41.1807
39.0093
36.826
34.6676
32.5561
30.4546
28.3574
26.2807
24.2279
22.1999
20.1982
18.2006
16.2011
14.2381
12.3119
10.3939
8.48215
6.6022
4.73284
2.84206
0.944084
100.564
99.0375
102.437
98.1134
100.892
99.2263
98.0938
93.8773
90.5086
88.0141
85.4623
82.9405
80.4611
77.9871
75.5248
73.1265
70.7286
68.3516
65.9949
63.6443
61.3425
59.0468
56.7748
54.5308
52.2838
50.052
47.8116
45.5759
43.3781
41.1867
39.0049
36.824
34.6724
32.563
30.453
28.347
26.2804
24.2386
22.2059
20.1928
18.1958
16.2135
14.2502
12.3164
10.3923
8.48416
6.60052
4.72165
2.84018
0.947954
100.536
98.2398
102.987
98.6172
101.92
100.653
98.3504
93.4771
90.7464
88.1024
85.5175
82.9753
80.4705
77.9893
75.5377
73.1261
70.7101
68.3392
65.9905
63.6524
61.3346
59.039
56.779
54.5262
52.287
50.0511
47.8079
45.5764
43.3716
41.1855
38.993
36.8242
34.6918
32.5683
30.4459
28.3367
26.2752
24.2427
22.2099
20.1909
18.1939
16.2201
14.2638
12.3159
10.3879
8.48516
6.59322
4.71016
2.82768
0.948757
108.245
109.821
109.481
154.963
115.89
101.158
97.9855
93.4292
90.7424
88.0913
85.5145
82.9621
80.4431
77.9853
75.5338
73.1114
70.705
68.3352
65.9851
63.6565
61.3359
59.0419
56.7822
54.5151
52.2746
50.0457
47.81
45.5782
43.3695
41.1872
38.9964
36.8317
34.7077
32.5764
30.4361
28.3277
26.2676
24.239
22.213
20.1893
18.1945
16.236
14.2805
12.3175
10.3815
8.48768
6.59423
4.69861
2.81407
0.939305
104.983
55.8291
104.159
101.284
100.698
100.102
97.164
93.2403
90.6384
88.0379
85.4792
82.9458
80.4359
77.9681
75.5217
73.1021
70.7002
68.3302
65.983
63.6601
61.3456
59.0501
56.7828
54.5096
52.2615
50.0322
47.8068
45.5804
43.373
41.1905
39.0052
36.8447
34.7135
32.576
30.4283
28.3105
26.2525
24.2286
22.2117
20.1895
18.1954
16.2474
14.3014
12.3269
10.3812
8.48367
6.58893
4.68832
2.80904
0.939091
107.2
110.851
105.687
98.9426
98.7696
99.212
97.1124
93.0624
90.5024
87.9667
85.4392
82.9219
80.4435
77.9725
75.5182
73.107
70.6983
68.3445
66.0047
63.6635
61.3498
59.0531
56.7773
54.5147
52.2527
50.0169
47.7964
45.5828
43.3814
41.1955
39.0217
36.8591
34.7102
32.5649
30.4312
28.3189
26.2474
24.2126
22.194
20.1883
18.2012
16.2505
14.3085
12.3452
10.388
8.47441
6.57588
4.68548
2.80925
0.938504
98.516
98.8704
93.2653
123.652
97.4591
97.8296
96.9611
93.523
90.2548
87.8698
85.3861
82.8816
80.4059
77.9581
75.5154
73.0913
70.7087
68.362
66.0196
63.6619
61.3503
59.0536
56.764
54.5014
52.2524
50.0104
47.7852
45.5878
43.3911
41.1958
39.0247
36.8574
34.6905
32.5539
30.4375
28.3342
26.2481
24.2032
22.1907
20.191
18.2084
16.2486
14.2926
12.3475
10.4015
8.47276
6.57301
4.68775
2.81228
0.938653
86.2232
92.0158
94.6657
97.068
98.0621
97.7909
97.4278
93.4865
90.2394
87.8746
85.3759
82.9002
80.4032
77.9467
75.5138
73.0952
70.7078
68.3546
65.9976
63.6646
61.3615
59.0536
56.771
54.5059
52.2636
50.0202
47.7843
45.5934
43.3852
41.1865
39.0253
36.8528
34.6851
32.5494
30.4472
28.3515
26.2542
24.1989
22.1915
20.197
18.2176
16.2365
14.2758
12.3362
10.4077
8.47562
6.5731
4.69486
2.81859
0.933339
108.866
70.0156
101.235
102.115
99.066
97.4561
97.2149
93.7464
90.309
87.9014
85.3837
82.8836
80.4066
77.9453
75.521
73.1033
70.7214
68.3473
65.9777
63.6651
61.3633
59.0524
56.7754
54.5111
52.2726
50.0358
47.7943
45.5888
43.3727
41.1797
39.0198
36.8459
34.6824
32.5478
30.4476
28.3607
26.2654
24.2046
22.1957
20.2073
18.2149
16.2237
14.2559
12.3245
10.4034
8.47657
6.58042
4.70898
2.8266
0.931801
102.325
104.234
109.468
107.584
103.521
96.7501
97.1035
93.7514
90.34
87.9295
85.4005
82.8965
80.4183
77.9579
75.5401
73.1196
70.734
68.3535
65.977
63.6605
61.3596
59.05
56.7773
54.5211
52.2783
50.0495
47.8043
45.5827
43.3644
41.1666
39.0087
36.836
34.6731
32.5499
30.4516
28.363
26.2758
24.2144
22.1988
20.207
18.208
16.2095
14.2423
12.3147
10.3984
8.48063
6.59612
4.73303
2.83559
0.934855
99.4889
100.952
105.901
106.226
117.468
98.8719
97.6085
93.713
90.3649
87.9346
85.4255
82.9185
80.4479
77.9803
75.541
73.1214
70.7356
68.364
65.9815
63.6486
61.3527
59.0508
56.7752
54.5294
52.2851
50.0471
47.81
45.5794
43.3665
41.1807
39.0092
36.8259
34.6675
32.5561
30.4543
28.3572
26.2807
24.2278
22.1998
20.1982
18.2005
16.201
14.2381
12.3119
10.3938
8.48208
6.60223
4.7326
2.84197
0.944043
100.548
105.172
100.098
99.8048
100.781
98.805
98.1063
93.8774
90.5083
88.0141
85.4621
82.9404
80.461
77.987
75.5245
73.1264
70.7287
68.3513
65.995
63.6442
61.3424
59.0467
56.775
54.5307
52.2838
50.052
47.8115
45.5758
43.3778
41.1867
39.0049
36.8239
34.6723
32.5629
30.4529
28.3471
26.2803
24.2385
22.2058
20.1928
18.1957
16.2135
14.25
12.3164
10.3922
8.48409
6.60046
4.72161
2.84018
0.947928
99.6206
99.2037
102.587
101.128
101.275
100.621
98.3643
93.4766
90.7465
88.1024
85.5174
82.9752
80.4704
77.9892
75.5376
73.1263
70.7101
68.3391
65.9905
63.6524
61.3345
59.0393
56.7789
54.5262
52.2868
50.0511
47.8075
45.5764
43.3718
41.1856
38.9929
36.8241
34.692
32.5683
30.4457
28.3367
26.2752
24.2425
22.2098
20.1908
18.194
16.2201
14.2636
12.3157
10.3878
8.48509
6.59312
4.71009
2.82771
0.948664
101.564
106.476
103.219
89.721
101.862
100.792
97.987
93.4288
90.7424
88.0912
85.5145
82.962
80.4428
77.9852
75.5337
73.1116
70.705
68.3353
65.9851
63.6564
61.3358
59.0418
56.7821
54.5151
52.2745
50.0456
47.81
45.5782
43.3696
41.1871
38.996
36.8319
34.7081
32.5763
30.4359
28.3278
26.2675
24.239
22.213
20.1893
18.1944
16.2359
14.2804
12.3174
10.3814
8.48762
6.59406
4.69836
2.81407
0.939236
98.4796
99.6277
98.2363
100.179
98.402
99.6737
98.1234
98.4261
98.2597
97.7449
99.6112
98.3007
98.2415
97.7873
97.8749
97.6103
97.5654
97.8135
97.8809
97.629
97.5701
97.4431
97.8169
97.4177
97.6731
97.4581
97.3371
97.3456
97.2554
98.802
96.877
97.3708
97.237
98.8424
96.8622
97.04
96.3798
97.3417
96.7293
97.0213
96.0784
97.3414
97.6419
99.1813
98.0966
97.9597
97.7408
101.043
98.0963
98.4236
100.496
99.2581
99.046
98.4298
100.557
99.2888
99.5026
100.308
99.543
100.652
99.533
100.371
99.4412
99.5122
101.302
98.8882
101.189
99.4085
100.933
98.8224
98.3927
99.4396
98.1173
100.15
98.3965
99.5339
98.116
98.2789
98.2312
97.789
99.2423
98.2685
98.2383
97.7898
97.8838
97.6476
97.5698
97.8339
97.8821
97.6009
97.5779
97.4527
97.3959
97.2609
97.8511
97.4766
97.3905
97.2411
97.2531
98.7242
96.8764
97.4419
97.2252
95.1965
96.8863
97.0205
100.727
97.3611
96.7309
97.0553
96.4014
97.3468
97.6526
100.863
98.069
99.1178
97.5647
98.9582
98.0883
98.4269
100.554
99.2953
98.7094
98.4319
100.256
99.3053
99.5342
100.311
99.4534
100.605
99.5337
101.295
99.437
99.3838
100.887
98.8263
100.876
99.3785
100.773
98.8249
98.4019
99.5114
98.1235
100.031
98.4885
99.5365
98.2414
98.2886
98.2546
97.7884
100.128
98.413
98.2543
97.7459
97.8786
97.6114
97.5898
97.8471
97.8707
97.9423
97.5784
97.4549
97.3715
97.2476
97.782
97.453
97.4206
97.2413
97.2497
95.5075
96.9394
97.5556
97.2303
96.7021
96.8803
97.0527
96.1128
97.3585
96.5908
97.107
97.8148
97.3512
97.5889
98.8827
98.1425
99.2446
97.6087
98.4428
98.0916
98.4589
99.9865
99.3039
98.7406
98.429
99.9848
99.277
99.5303
101.155
99.4569
100.677
99.4976
100.211
99.6172
99.3701
100.734
98.8271
100.994
99.5099
101.303
98.8576
99.9888
98.147
103.445
101.471
99.7162
97.7223
101.162
99.6308
100.105
99.6441
100.152
99.6292
99.6123
100.113
95.5505
96.7426
95.3395
97.165
95.5596
96.7383
95.3486
98.5901
99.8264
97.7248
99.1035
98.5861
97.9161
97.742
98.4074
98.7911
99.1534
99.3622
98.7993
98.818
98.3815
95.1079
96.9157
94.9783
97.1086
95.1167
96.7733
94.9873
97.4429
97.2618
97.2651
97.8831
97.4834
97.2928
97.2222
97.6655
97.8618
97.7092
97.8125
97.8661
97.7226
97.6784
94.9028
97.4311
94.512
96.9626
94.9008
97.3709
94.5193
99.095
98.2715
96.8572
98.0008
99.0772
98.2498
96.8993
98.0235
97.6636
98.0523
97.6809
97.6678
98.0718
98.4237
94.4515
97.4041
94.6486
97.4322
94.4553
97.3931
94.6409
99.5931
103.592
98.2872
99.6909
98.9316
100.07
98.8925
97.0408
97.1583
97.0525
97.4128
97.1395
96.98
97.0921
94.6757
97.0057
95.0039
97.2311
94.6429
96.9788
94.9884
103.648
125.015
99.8007
92.4371
103.436
122.856
99.8137
97.451
97.2424
101.06
96.7878
96.9465
98.409
97.3345
94.988
97.4276
94.8714
97.1239
94.9535
97.4164
94.8435
92.272
97.6801
113.466
111.915
91.1768
97.6398
100.567
97.2786
97.9842
97.2707
97.8341
97.8689
98.4412
97.4139
94.8463
98.0981
94.9438
97.6206
94.8119
98.1052
94.9487
103.613
100.417
100.922
101.009
103.188
101.558
101.139
99.0843
98.5855
98.1969
99.259
98.5877
98.7196
99.6845
95.1321
98.6978
95.7926
98.0916
95.1404
98.5952
95.7906
100.773
100.513
101.319
100.987
100.374
101.525
102.57
100.291
100.396
100.436
100.715
100.397
100.415
100.257
95.7358
98.0626
95.6771
98.3606
95.7445
98.0521
95.6866
102.29
100.857
101.192
107.498
101.678
101.107
100.959
100.554
100.595
101.794
101.33
100.601
101.764
100.558
95.634
97.3008
95.6776
97.985
95.6431
97.2976
95.6867
99.6845
102.161
100.73
103.088
99.6682
101.648
100.609
99.6441
100.116
99.7159
100.166
99.6431
99.7116
100.119
95.5586
96.7348
95.3477
97.1619
95.5584
96.7347
95.3474
98.7631
97.8796
97.6658
98.8005
98.5485
97.582
97.7774
98.456
98.7805
99.0004
99.0593
98.4416
98.7998
99.1305
95.1155
96.7634
94.9866
97.1119
95.1147
96.7568
94.9864
97.4355
96.9858
97.3325
97.9063
97.4249
97.3501
97.2673
97.6649
97.8608
97.7198
97.8239
97.6757
97.858
97.7328
94.8992
97.3652
94.5166
96.9527
94.8989
97.3553
94.5164
99.204
98.203
96.9321
98.0798
99.192
98.1518
96.958
103.187
97.48
98.8584
97.6886
97.8327
98.5554
100.103
94.4516
97.3933
94.6469
97.4288
94.4518
97.4009
94.6254
98.8161
99.0849
99.3784
99.0665
99.735
103.929
127.373
96.9475
97.0902
96.9117
97.3234
97.0115
97.0693
96.905
94.641
97.0155
94.9859
97.2224
94.6464
96.9862
94.9859
102.81
141.226
109.723
103.004
103.553
548.456
102.537
97.2829
96.8739
98.4437
96.7757
97.2053
96.841
98.251
94.9506
97.4631
94.8409
97.1074
94.9502
97.4391
94.8449
92.2891
100.164
100.067
154.504
100.81
97.135
100.114
97.2827
97.8433
97.5624
97.8207
97.2706
97.8025
97.9773
94.8112
98.1054
94.9448
97.6172
94.8182
98.1056
94.9452
100.734
101.324
102.631
100.841
100.414
98.924
100.394
98.5931
98.6011
104.71
98.8687
100.411
98.5898
107.075
95.1385
98.579
95.7893
98.1035
95.1387
98.5653
95.7886
102.995
110.02
100.83
101.805
100.553
99.8381
101.435
100.367
100.438
100.47
100.665
100.388
100.48
100.46
95.743
98.0424
95.6856
98.351
95.7429
98.0571
95.6856
101.628
102.409
102.312
99.9606
101.554
100.812
102.522
100.57
100.594
101.375
101.294
100.571
100.597
101.368
95.6419
97.2956
95.6859
97.9801
95.6417
97.2967
95.6859
99.9811
97.1948
100.311
102.772
99.6628
97.0876
99.3716
99.63
100.129
99.686
100.056
99.6313
99.7017
100.132
95.5593
96.7383
95.3481
97.1667
95.5501
96.7428
95.3389
98.5827
97.8493
97.9974
98.883
98.6059
97.8334
97.9597
98.5096
98.7749
98.6477
99.2046
98.4966
98.8015
98.5634
95.1153
96.7654
94.9878
97.1202
95.1058
96.9028
94.9795
97.4438
97.2941
97.3055
97.4635
97.4097
97.0757
97.3835
97.6632
97.8675
97.7311
97.8239
97.6543
97.8798
97.7009
94.9005
97.3605
94.5194
97.0572
94.9028
97.4059
94.5122
99.5343
98.3636
98.0348
98.0453
101.304
98.3084
97.4704
98.1016
97.9441
100.639
97.76
99.9346
97.6736
101.584
94.4556
97.3958
94.6417
97.4217
94.4518
97.4279
94.6406
98.1079
102.187
108.358
99.9173
97.9392
102.114
108.201
97.0131
97.0939
97.0716
97.4538
96.9914
97.0973
97.2394
94.6455
97.0058
94.9886
97.2038
94.6776
97.0201
95.0033
102.872
137.963
103.017
104.403
105.645
108.551
76.8496
97.7884
96.7858
99.3369
97.301
97.6865
96.7972
102.146
94.9535
97.4607
94.8426
97.1395
94.9881
97.462
94.8695
98.1447
105.796
100.195
85.7288
103.396
101.548
100.266
97.2779
97.7844
97.3645
99.9916
97.2764
97.8043
97.702
94.8087
98.1062
94.949
97.6162
94.8391
98.0989
94.9445
100.679
100.062
100.998
103.371
100.797
100.039
100.745
98.9197
98.6239
100.364
98.7865
98.8709
98.6242
100.403
95.1407
98.5769
95.7891
98.1494
95.1321
98.679
95.7908
100.839
98.2426
101.299
102.244
102.449
98.2731
101.482
100.26
100.457
100.492
100.62
100.313
100.456
100.486
95.7441
98.0514
95.6866
98.4859
95.7353
98.0708
95.6773
101.419
106.564
101.129
97.922
106.148
103.881
105.081
100.566
100.599
101.069
100.765
100.564
100.605
101.073
95.6426
97.3
95.6867
97.9928
95.6333
97.3026
95.6777
99.9683
99.935
98.7585
98.4299
98.7761
100.019
99.9452
99.5256
99.776
99.2305
99.6247
99.7843
99.2408
99.5166
99.6683
98.4251
99.2431
98.1604
98.3501
99.2501
99.661
99.6397
100.174
100.114
99.629
99.5904
99.6434
100.114
99.9234
98.407
99.9616
98.7771
98.7798
99.8836
99.9545
99.5206
99.6396
99.7515
99.2348
99.7723
99.2381
99.517
99.6727
98.1288
98.3177
99.2523
98.3218
99.2536
99.6748
98.3069
98.7903
98.1542
98.3197
98.8062
98.0573
98.2802
98.3244
98.4698
98.0694
98.2113
98.4678
98.0481
98.3031
98.1987
98.0181
97.9861
97.7644
98.0208
97.9925
98.186
98.4212
99.3321
98.77
99.6009
98.788
98.8925
98.4297
98.3313
98.288
98.834
97.998
98.816
98.0297
98.3345
98.3173
98.2205
98.4751
98.0668
98.4709
98.0678
98.3146
98.1974
97.7784
98.0136
97.9863
98.0206
97.99
98.1957
97.9829
97.8386
97.8487
97.8777
97.853
97.8603
97.9479
97.4127
97.6286
97.6259
97.6159
97.5672
97.6269
97.4465
98.0078
97.6677
97.6078
97.5652
97.6789
97.6311
98.2752
97.6631
97.8122
97.8685
97.7198
97.8715
97.7135
97.6587
97.8296
97.8754
97.8495
97.8523
97.8594
97.8634
97.8367
97.4028
97.6202
97.4989
97.6294
97.5435
97.6567
97.4033
97.8987
97.5863
97.6699
97.5807
97.6763
97.6377
97.9088
97.431
97.4824
97.3152
97.4488
97.3595
97.3281
97.8447
97.3417
97.9239
98.0425
97.2907
97.8759
97.352
97.7852
97.2786
97.3152
97.1548
97.4256
97.2893
97.1196
97.2865
97.9925
97.7269
97.5237
99.2637
97.5942
97.8849
97.9651
97.3934
97.4955
97.3743
97.3312
97.4681
97.3353
97.4313
97.3243
97.2979
97.8952
97.3395
97.8708
97.3516
97.3062
97.2797
97.32
97.2781
97.1037
97.324
97.1694
97.2876
97.1663
97.3326
97.0818
97.2343
97.165
97.0829
97.3623
95.9434
94.8075
96.7097
98.4905
95.9719
96.7111
95.7884
96.843
96.8475
97.0644
96.8778
96.8056
96.986
96.9007
97.025
97.4274
97.107
96.8768
97.1462
97.1468
96.9782
97.172
97.2722
97.1418
97.0698
97.1542
97.1253
97.1574
95.7138
98.9176
94.1019
96.6534
94.365
96.6787
95.7813
96.8516
96.9423
96.7969
96.9801
96.8927
96.9846
96.8611
97.5579
97.0612
97.3141
97.0491
97.0759
97.2905
97.5548
98.524
98.642
96.5126
96.4262
98.6269
96.4024
98.6083
98.1149
97.4771
97.3928
97.3407
97.4722
97.3626
98.1101
97.2196
96.7768
96.8996
96.7082
96.92
96.831
97.2003
97.568
97.1348
97.0696
97.2867
97.0724
97.3081
97.5514
98.5473
96.2528
99.211
96.3395
98.7951
96.382
98.5843
98.1213
97.3339
97.4685
97.3828
97.4722
97.3803
98.126
97.5253
97.6071
97.6137
97.7776
97.6106
97.6045
97.5186
97.9731
102.283
98.5304
99.9081
99.7984
98.5208
97.9796
97.9759
98.0164
98.4035
98.0998
98.0284
98.2976
98.0646
97.2637
97.8051
97.884
98.7033
97.873
98.836
97.2437
97.5187
97.51
97.5882
97.5988
97.6288
97.6664
97.5145
97.9837
106.556
99.9163
98.3956
99.8273
98.5196
97.9827
97.979
98.1544
98.0232
98.3822
98.0594
98.2901
97.9915
98.452
98.4686
98.6032
98.4252
98.468
98.6118
98.4762
100.835
99.7245
99.7844
100.494
99.7262
99.7363
101.967
100.902
99.1183
99.4513
99.2749
99.1669
99.4535
103.731
99.1022
100.607
98.6403
100.78
98.6
98.7251
99.1356
99.4355
98.4565
98.4612
98.6072
98.4661
98.6139
99.1351
100.218
100.549
99.7285
99.6099
99.6996
99.5876
99.7193
103.481
99.2849
99.0756
100.139
99.0468
100.464
105.255
99.9234
99.9723
99.5378
99.5181
99.9772
99.561
99.9135
100.217
101.111
100.36
100.205
100.974
100.363
100.204
100.043
99.6401
100.01
99.4858
99.6459
100.024
100.034
100.276
100.647
100.429
100.398
100.418
100.381
100.337
99.9216
99.5279
99.9648
99.5691
99.975
99.5654
99.916
100.206
101.023
101.066
100.364
101.099
100.366
100.229
100.04
99.4534
99.6592
100.036
99.653
100.034
100.034
100.225
100.127
99.3063
99.4544
100.142
99.1509
100.242
100.344
101.52
100.184
101.626
101.222
100.348
100.164
99.8912
98.9438
100.351
98.8574
98.9012
99.8827
100.293
100.572
101.244
100.601
101.472
100.601
101.619
100.578
100.256
99.4222
100.151
99.1668
100.146
99.1412
100.284
100.339
100.919
101.5
100.192
101.965
100.35
100.185
99.9027
98.8262
98.8367
100.332
98.867
99.9126
100.312
99.8796
99.968
98.7578
98.3931
99.8706
98.7445
99.9691
99.5177
99.6911
99.234
99.594
99.5164
99.7028
99.2382
99.681
98.3101
99.2471
98.1201
99.6793
98.3135
99.2457
99.6447
100.155
100.127
99.6754
99.6933
99.637
100.124
99.8901
98.3989
99.9714
98.7483
98.7412
99.8823
99.9711
99.5198
99.4652
99.6245
99.2443
99.56
99.2416
99.5219
99.6827
98.1193
98.311
99.2522
98.3131
99.2478
99.683
98.3331
98.8471
97.9783
98.2643
98.3309
98.8511
97.9764
98.3454
98.4862
98.0871
98.2454
98.3317
98.4638
98.0843
98.1965
98.0103
97.9865
97.789
98.1944
98.0088
97.9887
98.4664
99.1427
98.7798
98.4911
98.7931
98.4776
98.4809
98.3343
98.2559
98.8088
97.981
98.8283
97.9825
98.3305
98.3466
98.2363
98.4744
98.0941
98.4676
98.0983
98.3707
98.1967
97.789
98.0081
97.9828
98.0089
97.9894
98.1958
97.8202
97.8484
97.8484
97.8835
97.8241
97.8428
97.8446
97.3248
97.4509
97.6299
97.6173
97.34
97.4336
97.642
97.9613
97.6643
97.5826
97.573
97.9344
97.6595
97.5824
97.6638
97.8293
97.8655
97.727
97.8612
97.739
97.6659
97.8226
97.8836
97.7943
97.8345
97.8192
97.8424
97.7957
97.4211
97.601
97.8671
97.6088
97.6127
97.6155
97.2752
98.0594
97.577
97.6486
97.6092
97.6541
97.5928
97.9414
98.7321
97.3666
97.3304
97.4254
97.6092
97.5852
97.3189
98.1711
98.4041
97.3344
97.4086
97.3338
98.4141
97.3641
97.281
97.3257
97.158
97.3221
97.2967
97.2979
97.106
97.9528
97.6639
98.2728
100.277
97.6521
100.377
98.0957
97.2185
97.4417
97.5621
97.6696
97.5116
97.2911
97.9032
97.4197
97.3661
97.7096
97.3678
97.7912
97.3724
97.8126
97.3015
97.3726
97.2968
97.0869
97.3046
97.1553
97.3186
97.1502
97.1388
97.1043
97.2295
97.1556
97.1295
97.0469
95.8495
95.8598
96.6904
106.937
95.8097
95.3241
96.7006
96.8797
96.8159
96.9761
96.8501
96.8704
96.7881
96.987
96.9567
97.3798
97.0803
97.0574
97.0695
97.0134
96.9752
97.1512
97.2699
97.1248
97.0458
97.1279
97.0598
97.1498
95.8758
94.9381
100.716
96.658
97.1471
96.6598
95.8929
96.906
96.838
96.7951
96.987
96.8211
96.9819
96.9173
97.5199
97.0757
97.32
97.0246
97.529
97.0801
97.2843
98.6194
99.3481
96.4994
100.702
98.6082
99.1647
96.4418
98.1415
97.4661
97.3928
97.3575
98.1396
97.4737
97.3879
97.4488
96.7792
96.7888
98.6256
96.8133
97.9131
97.5818
97.5254
97.0207
97.0928
97.2807
97.0921
97.3073
97.5595
98.7079
103.088
99.1853
96.1844
99.3187
96.3304
98.8758
98.1506
97.349
97.4633
97.3691
97.4732
97.3989
98.1384
97.5261
97.5646
97.6319
97.5709
97.5202
97.6069
97.6079
97.9414
103.215
98.9256
101.768
97.9734
98.6008
98.1806
97.984
98.0332
98.313
98.0733
97.9906
98.0045
98.2568
97.2537
98.327
97.7509
97.1115
97.7346
97.9574
97.2498
97.5408
97.4752
97.7171
97.6068
97.6737
97.6377
97.5425
97.9874
101.731
97.5322
98.2967
103.322
98.2723
97.9984
97.9709
98.0696
98.0008
98.281
98.0277
98.2715
97.9752
98.4984
98.4631
98.6102
98.4342
98.5506
98.465
98.617
101.742
100.021
100.454
100.234
108.834
99.7663
99.8821
96.5804
99.1971
99.7293
99.3035
96.403
99.1997
99.7582
99.1629
99.135
98.6226
101.891
98.605
100.77
98.9054
98.472
98.4287
98.4759
98.6157
98.4705
98.6197
98.4138
100.268
100.168
99.6209
99.8705
99.5631
100.27
100.413
96.5261
99.3069
99.1841
99.498
99.1715
99.8256
96.408
99.9153
99.9603
99.5697
99.535
99.9121
99.9597
99.5691
100.267
101.283
100.365
103.023
100.238
101.463
100.381
100.031
99.6653
100.04
99.4501
100.031
99.6654
100.042
100.346
100.612
100.462
100.489
100.46
100.466
100.32
99.916
99.5349
99.968
99.5672
99.9658
99.5702
99.9149
100.341
103.006
100.955
100.373
100.969
100.386
100.258
100.033
99.4375
99.659
100.053
99.661
100.061
100.038
100.276
100.165
99.147
99.3783
100.27
100.184
99.1354
100.361
101.373
100.193
100.826
100.347
101.332
100.195
99.9215
98.8384
100.328
98.8331
99.8639
98.8956
100.327
100.566
100.996
100.596
101.155
100.598
101.192
100.563
100.298
99.3903
100.174
99.152
100.181
99.1291
100.277
100.328
100.796
101.355
100.193
101.288
100.289
100.195
99.9284
98.8319
98.8718
100.331
98.8985
99.9006
100.33
99.9347
99.9673
98.7659
98.4087
99.8895
98.7746
99.9572
99.5287
99.5785
99.2485
99.5139
99.523
99.6416
99.2546
99.6718
98.3185
99.2566
98.1312
99.6779
98.325
99.2589
99.6236
100.061
100.127
99.7198
99.7157
99.6076
100.132
99.9758
98.4304
99.9381
98.7562
98.7758
100.027
99.9459
99.5315
99.5141
99.5929
99.2479
99.6033
99.2587
99.5219
99.6638
98.1629
98.4322
99.2418
98.3547
99.2538
99.6566
98.3119
98.7788
97.9992
98.3123
98.3203
98.7858
98.0302
98.3702
98.478
98.1053
98.2577
98.3799
98.5268
98.0995
98.2006
98.0084
97.9795
97.7803
98.1966
98.0108
97.9861
98.5176
99.1782
98.8375
98.9752
98.8212
98.4979
98.5155
98.3061
98.3487
98.7852
98.1633
98.7818
98.0684
98.2907
98.4545
98.2485
98.4787
98.0961
98.5005
98.1005
98.4583
98.2014
97.7677
98.0166
97.9857
98.013
97.9916
98.192
97.7986
97.7875
97.8387
97.8696
97.794
97.7988
97.8379
97.2147
98.0855
97.6118
97.7578
97.3841
97.6086
97.625
97.9236
97.6546
97.5941
97.5796
97.8964
97.6608
97.5916
97.7245
97.8369
97.896
97.706
97.8848
97.6991
97.69
97.9603
97.8604
97.808
97.83
97.8122
97.8397
97.8719
97.1747
97.6606
97.4611
97.6164
97.6057
97.6184
97.2172
97.9132
97.5784
97.6698
97.5945
97.6699
97.5937
97.8848
97.3803
97.334
97.5752
97.452
97.2791
97.6881
97.6678
97.4037
97.7221
97.3554
97.4016
97.6196
97.3793
97.4294
97.3315
97.2983
97.1118
97.2271
97.3314
97.3034
97.0959
98.184
97.7602
97.7641
101.971
97.7536
102.134
99.7893
98.494
97.452
97.2613
97.6543
97.3343
97.6857
98.1813
97.4152
97.402
97.5702
97.3659
97.4039
97.3642
97.5435
97.3304
97.2981
97.3103
97.1125
97.3072
97.0994
97.3438
97.1652
97.1251
97.0503
97.2198
97.1507
97.2222
97.0437
96.4994
98.4499
96.6566
95.6812
95.9015
103.29
96.6552
96.9697
96.8126
96.9839
96.87
96.9325
96.7958
96.9815
97.0535
97.4985
97.1685
97.0838
97.0996
97.0046
97.374
97.1741
97.2152
97.1493
97.0491
97.1436
97.0404
97.26
95.9701
96.3735
96.2136
96.6653
94.6427
96.6626
96.0707
96.9225
96.8719
96.8527
96.9932
96.7959
96.9937
96.9866
97.5583
97.0897
97.2909
97.0971
97.5538
97.0905
97.2745
99.0167
99.9124
96.0986
97.8682
98.9725
107.746
96.0199
98.1647
97.4972
97.3584
97.366
98.1553
97.4738
97.3277
97.8091
96.4756
96.8232
99.0034
96.7867
97.9299
97.8236
97.5671
97.0727
97.0988
97.3491
97.1001
97.2746
97.564
99.0574
97.3401
103.202
96.0157
101.53
95.8717
99.147
98.1644
97.3489
97.4956
97.3422
97.4778
97.3044
98.1795
97.5536
97.5732
97.6306
97.3614
97.5611
97.5718
97.5984
98.2097
97.4109
98.2963
99.0284
98.0142
97.5919
98.2997
98.0678
98.0157
98.2957
98.1018
97.983
97.9786
98.2984
97.2924
99.2834
97.8529
97.7783
97.821
97.8106
97.2747
97.5536
97.7873
97.5894
97.6815
97.5923
97.6073
97.5653
98.0959
97.4379
100.363
98.2947
97.7689
98.2965
98.0461
98.0178
98.0943
97.9962
98.3789
97.9819
98.2936
98.0431
98.6428
98.4831
98.6176
98.4308
98.5972
98.4931
98.6242
100.233
99.6136
99.944
100.094
100.465
99.578
99.8579
102.338
99.283
99.939
99.3057
102.967
99.3232
100.237
99.1607
98.7746
98.6419
105.702
98.6268
100.762
98.942
98.4032
98.4284
98.5027
98.6184
98.4974
98.6219
98.3863
101.697
99.9846
99.5594
100.281
99.5619
99.7591
103.716
102.223
99.295
99.1992
99.2591
99.1893
99.1428
105.425
99.9189
99.9754
99.5628
99.5242
99.9161
99.986
99.5555
100.253
101.017
100.364
101.188
100.278
101.241
100.382
100.049
99.6581
100.045
99.4821
100.04
99.6569
100.034
100.266
100.618
100.457
100.526
100.47
100.498
100.324
99.921
99.514
99.9836
99.5371
99.9861
99.5479
99.9154
100.258
100.693
101.67
100.411
100.848
100.401
100.275
100.056
99.5094
99.6294
100.053
99.6468
100.025
100.05
100.224
100.179
99.187
99.4048
100.238
100.179
99.2165
100.28
100.966
100.193
100.746
100.25
100.852
100.196
99.9516
98.8636
100.328
98.8334
99.8767
98.9449
100.326
100.563
100.845
100.601
101.491
100.606
101.58
100.559
100.229
99.4508
100.132
99.3101
100.155
99.2361
100.225
100.292
100.737
101.053
100.192
101.02
100.291
100.199
99.8494
98.8492
99.0249
100.376
98.9839
99.8919
100.343
97.4803
97.4339
97.4862
97.2404
96.983
97.004
97.2214
97.0624
97.1942
97.0531
96.9624
97.0787
97.0132
96.9463
97.2486
97.0949
97.2051
97.1341
97.0865
97.0976
97.1198
97.6787
97.6106
97.682
97.5617
97.4264
97.208
97.5345
97.4846
97.4287
97.484
97.2643
97.029
97.2594
97.0286
97.0623
97.2245
97.0649
96.9767
97.053
96.9752
97.0604
97.253
97.1062
97.2505
97.1446
97.1002
97.1433
97.1017
97.6716
97.6118
97.6713
97.574
97.3576
97.5798
97.3306
97.4871
97.4285
97.4891
97.2632
97.0208
97.2755
97.0115
97.0629
97.2288
97.0497
96.9678
97.0426
96.9717
97.0235
97.2398
97.1115
97.2298
97.1407
97.1014
97.1438
97.1009
97.6565
97.5998
97.66
97.5579
97.295
97.5623
97.2556
97.3298
97.4016
97.3309
97.208
97.2212
97.1096
97.206
97.4324
97.4863
97.4858
97.2507
97.024
97.017
97.2552
97.3969
97.33
97.3371
97.2334
97.1687
97.1776
97.23
96.9827
96.9733
96.9562
96.9693
96.9751
96.9873
96.9544
97.2014
97.0522
97.0458
96.9696
97.0373
97.0013
96.9731
96.9884
96.964
96.98
96.9751
96.9906
96.9893
96.9764
97.3463
97.3809
97.3131
97.1949
97.2186
97.1407
97.182
97.1046
97.229
97.2202
97.1396
97.0989
97.0986
97.1418
97.4259
97.323
97.3429
97.2012
97.1691
97.1539
97.204
97.9202
98.1064
97.9259
97.6976
97.5558
97.5718
97.6799
97.605
97.6728
97.6774
97.5719
97.2833
97.2467
97.5784
98.1051
97.9256
97.9247
97.7072
97.5882
97.5833
97.7194
97.3297
97.4015
97.3314
97.2342
97.1759
97.2309
97.1453
97.428
97.485
97.4837
97.2687
97.0252
97.0281
97.2749
97.4131
97.321
97.331
97.2398
97.1474
97.1668
97.2338
97.0235
96.9915
96.9711
96.9786
96.9915
96.9775
96.9928
97.2212
97.0666
97.0788
96.9758
97.0555
97.0589
96.9743
97.0169
96.9723
97.0263
96.9789
96.9926
96.9932
96.9787
97.3785
97.4402
97.3085
97.2068
97.1954
97.2055
97.1967
97.1039
97.248
97.2574
97.145
97.1021
97.1021
97.1448
97.4394
97.3283
97.368
97.2072
97.1928
97.2
97.2065
97.9235
98.1048
97.9226
97.7176
97.5905
97.7163
97.5925
97.6102
97.6629
97.6682
97.5695
97.3481
97.3784
97.5696
98.1058
97.9225
97.9226
97.7149
97.594
97.5929
97.7142
97.3205
97.4071
97.3187
97.2198
97.1554
97.2314
97.1532
97.4295
97.4819
97.4888
97.2524
96.9803
96.9985
97.2339
97.4197
97.318
97.3207
97.2235
97.1722
97.1406
97.2013
97.0066
96.9769
96.9692
96.9736
96.9907
96.9772
96.9896
97.1885
97.079
97.036
96.9608
97.0893
96.9985
96.9449
96.9699
97.0181
96.9622
96.9687
96.9755
96.9877
96.9546
97.3584
97.4066
97.3126
97.2009
97.184
97.2044
97.1487
97.0947
97.2835
97.2143
97.1361
97.0892
97.0999
97.1226
97.3886
97.386
97.3132
97.1949
97.2145
97.1508
97.1824
97.9236
98.1068
97.9218
97.7067
97.5908
97.7135
97.5833
97.5963
97.6596
97.6593
97.5445
97.3458
97.2381
97.5409
98.1079
97.9171
97.9228
97.6979
97.5549
97.5697
97.6802
98.2155
98.0994
98.1859
97.3453
97.5544
97.355
97.5532
98.2129
98.1143
98.2053
97.3704
97.563
97.3408
97.5447
97.4922
97.3613
97.4961
96.3493
96.6526
96.3581
96.657
97.3575
97.4825
97.4874
96.3516
96.6455
96.6522
96.3485
98.1034
98.2134
98.1865
97.3423
97.5541
97.5544
97.3473
98.1972
98.1063
98.2198
97.3898
97.6284
97.5475
97.4312
97.4701
97.3906
97.4991
96.3941
96.7197
96.6387
96.4483
97.3834
97.4883
97.4904
96.366
96.6446
96.6392
96.3662
98.1073
98.2185
98.2334
97.365
97.5544
97.5549
97.3552
97.483
97.3635
97.4852
96.3524
96.6378
96.3462
96.6287
97.3689
97.4547
97.474
96.3788
96.7056
96.6316
96.4422
98.1248
98.1742
98.1628
97.3799
97.62
97.5429
97.4137
98.6459
97.8104
97.7064
97.4743
97.3375
97.3246
97.4694
97.8586
98.6056
97.9344
97.6848
97.334
97.5241
97.3182
98.6077
97.9001
97.8769
97.719
97.3263
97.3128
97.5631
98.09
98.6352
98.0585
97.5986
97.3379
97.5315
97.3331
97.7884
98.6803
97.8494
97.5418
97.3252
97.3275
97.6298
98.6653
97.8313
97.7449
97.4865
97.3298
97.3372
97.6941
97.2469
96.9489
97.2446
96.041
96.1162
96.0444
96.1138
97.2445
96.9674
97.2415
96.0334
96.1125
96.0407
96.1088
96.9682
97.2473
97.2453
96.0469
96.1183
96.1199
96.0461
96.9505
97.2465
97.2458
96.0411
96.1108
96.1135
96.034
97.2196
96.9874
97.2337
96.0704
96.1225
96.1275
96.1389
96.985
97.2224
97.2368
96.0561
96.1186
96.1166
96.1221
100.103
103.6
82.2139
102.415
97.9339
103.222
78.1558
106.126
132.5
103.397
100.968
104.222
103.161
100.475
103.419
98.0502
100.222
100.867
102.583
101.106
99.5439
103.577
113.048
102.236
105.896
102.148
97.3879
102.133
102.83
103.669
104.307
105.651
104.069
104.632
107.986
92.1789
101.002
114.605
111.692
116.81
101.839
68.523
102.735
106.6
104.884
107.952
105.743
107.645
103.495
104.642
106.542
105.364
109.331
103.003
106.517
104.769
96.1747
108.973
102.942
100.488
97.6524
108.84
101.806
95.4588
101.461
105.058
93.4461
95.8836
101.796
104.69
92.0767
86.7511
97.3873
91.9488
93.4804
97.0497
96.1391
102.572
102.375
101.816
101.652
102.28
101.732
102.131
98.7218
94.1494
93.4431
93.3115
97.846
100.783
104.551
99.2305
96.2257
104.052
96.7611
99.2298
96.1137
129.348
102.243
101.196
104.267
102.373
101.508
103.512
103.271
137.92
101.269
103.804
150.89
163.04
96.4231
101.468
99.7921
96.1526
132.607
95.2363
99.4806
98.5785
126.602
94.5871
94.958
95.3773
95.104
85.4135
94.9389
94.1987
102.49
94.9683
97.4858
86.6684
92.6736
95.7278
97.399
98.5233
114.543
100.95
97.4511
99.5779
106.197
101.044
97.8899
107.764
102.494
71.5782
97.4456
107.369
102.13
92.5936
93.8289
92.5863
93.7498
92.5935
93.8288
92.5862
96.6313
96.6851
95.0675
94.9528
96.6381
96.6812
95.0709
96.6309
94.9527
96.6862
95.0684
96.6824
95.0712
96.6386
92.5845
93.8337
92.5749
93.7515
92.5939
93.8301
92.5872
92.5933
93.8295
92.5867
93.753
92.5838
93.8332
92.5742
96.659
94.9537
96.6865
95.0695
96.6891
95.0687
96.6478
96.6597
96.6897
95.0704
94.9554
96.6479
96.6903
95.0701
92.5247
93.7528
92.5471
93.7458
92.5245
93.752
92.5475
96.5144
94.9533
96.5957
94.9886
96.5217
94.956
96.5906
96.5139
94.9887
94.9537
96.5963
94.9563
96.5902
96.5212
92.5243
93.7535
92.5474
93.7475
92.5145
93.7577
92.535
96.5395
94.9558
96.6019
94.9886
96.5296
94.9565
96.6095
92.5153
93.7587
92.5359
93.747
92.5251
93.7546
92.5479
96.5399
94.9889
94.9558
96.603
94.9565
96.6101
96.5304
96.6802
96.7035
95.0693
94.9663
96.6949
95.0744
96.7073
96.6806
94.9673
96.7051
95.0698
96.6963
95.0769
96.7082
96.5591
94.9977
94.9628
96.6434
94.9641
96.6241
96.5846
96.5603
94.9636
96.6436
94.9987
94.9635
96.6245
96.5848
98.1615
98.3459
98.1622
97.0434
97.1396
97.044
97.1398
98.3446
98.1646
98.1637
97.0439
97.1415
97.1408
97.0445
98.1691
98.383
98.1737
97.0484
97.1453
97.0484
97.1434
101.576
101.583
102.908
106.793
99.8558
108.308
101.79
98.3727
98.1674
98.1802
97.047
97.142
97.1396
97.0474
98.4166
98.2951
98.2036
97.054
97.1394
97.1474
97.0439
98.2889
98.4025
98.2129
97.0527
97.1396
97.1458
97.042
96.758
96.8727
96.8707
96.2119
95.9931
95.9943
96.2119
96.8726
96.7566
96.871
96.2125
95.9964
96.2129
95.9938
96.527
95.1312
96.6123
94.8476
96.5369
95.1346
96.588
96.8775
96.7828
96.8844
96.2141
95.998
96.2147
95.9976
96.5648
94.8449
95.1323
96.5773
95.1306
96.5558
96.5501
96.5263
94.8521
95.1315
96.5917
95.1344
96.5825
96.5369
96.5627
95.1326
96.5939
94.8492
96.5487
95.1321
96.5287
96.5896
95.1179
96.6668
94.8637
95.1324
96.5342
96.621
96.3943
96.4689
95.0462
94.6446
96.4123
96.4743
95.048
96.3924
94.646
96.4694
95.0473
96.4735
95.0483
96.4076
96.8166
96.9493
96.902
96.2172
95.9929
96.0026
96.2072
96.5882
94.8688
95.1174
96.6585
95.1335
96.5306
96.6209
96.953
96.8212
96.8997
96.2198
95.9963
96.0046
96.2102
96.7891
96.877
96.8811
96.2161
95.9993
95.9995
96.2164
96.4489
94.6528
96.455
95.0482
96.3869
95.0456
96.4301
96.4468
96.4563
95.0489
94.6432
96.4263
96.4318
95.0471
96.4848
96.5291
95.029
94.6747
96.3952
95.046
96.5269
96.4829
94.6652
96.5495
95.0288
96.3917
95.0472
96.5251
149.871
105.354
99.897
105.252
103.126
103.386
103.902
100.83
100.336
103.305
97.6993
101.29
100.382
100.88
92.393
93.5787
92.4001
93.4853
92.3935
93.5789
92.4011
95.6828
94.5256
96.0122
94.6319
95.6867
94.5233
96.0099
95.6933
94.6181
94.522
96.0408
94.5218
96.0752
95.6852
92.3938
93.5801
92.4016
93.4868
92.3845
93.5836
92.3901
95.6813
94.5248
96.0184
94.6359
95.7013
94.5278
96.0413
92.3831
93.5819
92.3889
93.4853
92.3928
93.579
92.4005
95.7115
94.6171
94.5269
96.0417
94.5235
96.1071
95.6957
92.5492
93.8146
92.6129
93.7125
92.5498
93.8143
92.6127
96.0057
94.8448
96.3617
94.8369
96.3424
94.8378
96.0106
92.5388
93.8174
92.6021
93.7153
92.5496
93.8146
92.6138
96.0056
94.8131
96.2893
94.841
96.2371
94.8423
96.0065
96.0008
96.3868
94.8384
94.8373
95.997
96.3041
94.8388
92.5494
93.8141
92.6129
93.7167
92.5376
93.8163
92.601
95.7057
94.529
96.2186
94.6284
94.5318
96.0371
95.8002
95.7142
94.6361
94.5266
96.175
94.536
96.0735
95.7882
96.0131
96.3166
94.8382
94.8151
96.0123
96.2525
94.8374
96.0386
96.5034
94.8385
94.8288
96.195
94.8486
96.1056
96.02
94.8326
96.4089
94.8401
96.2304
94.8459
96.1084
95.3659
88.0395
103.781
106.186
94.2381
92.1253
102.155
103.92
101.355
108.157
99.3186
101.197
110.396
103.417
100.119
100.447
94.3592
98.1067
100.304
101.078
99.9786
101.272
101.57
102.039
102.228
101.042
102.404
102.067
95.3536
94.4514
95.0806
94.5132
95.0786
94.5121
95.3492
95.7845
94.8925
95.6885
94.9443
95.7868
94.8918
95.6877
95.7884
94.9445
94.8919
95.6865
94.8918
95.6871
95.7898
95.373
95.0858
94.5172
94.4564
95.3591
95.0898
94.5177
95.805
94.9491
94.896
95.6922
94.8959
95.6951
95.7923
95.362
95.0791
94.5127
94.4511
95.365
95.0785
94.5119
95.7916
94.8957
95.6902
94.9498
95.7954
94.8968
95.6931
95.4015
94.4604
95.1869
94.5134
95.11
94.5226
95.4793
95.3746
94.4564
95.0838
94.5167
95.0843
94.5173
95.3744
95.8302
94.8918
95.786
94.9535
94.9009
95.7145
95.8972
95.8205
94.9542
94.8926
95.785
94.9022
95.7137
95.8983
95.4019
95.183
94.5134
94.4604
95.1071
94.5224
95.4899
102.346
113.805
118.337
98.9269
102.002
104.256
118.831
146.768
97.5952
101.694
102.712
102.091
87.649
119.136
101.966
106.16
118.511
101.309
101.33
102.666
123.447
103.355
88.6936
103.778
98.4859
103.257
88.4141
107.424
106.274
99.2121
99.663
99.4667
103.054
99.2522
99.6645
101.391
100.54
105.129
101.351
102.059
101.073
106.058
98.1427
103.239
114.669
108.233
103.788
103.913
126.658
102.949
86.7539
105.328
96.4922
101.403
84.0701
105.267
100.099
97.6167
100.385
102.993
103.444
97.9291
101.121
99.7782
100.961
90.1107
103.39
103.711
102.028
88.4431
109.08
101.086
102.607
107.455
102.696
100.206
90.2664
98.0487
98.0359
97.9736
96.9813
97.1772
97.1885
96.97
98.056
97.9403
97.9391
96.9723
97.1867
97.1873
96.973
97.9418
98.0448
97.9401
96.9723
97.1865
96.9728
97.1872
97.9462
98.0438
97.9528
96.9766
97.188
96.9769
97.1854
98.0602
97.947
97.9529
96.9771
97.1888
97.1869
96.9771
98.0358
98.0633
97.9737
96.9818
97.1796
97.1901
96.9707
102.976
99.0666
100.186
102.201
103.149
102.297
101.503
98.5297
101.654
100.585
101.237
97.4274
99.2625
98.3391
98.4726
103.271
75.7661
104.95
94.573
105.459
65.7794
102.038
98.0378
101.928
106.905
102.006
98.9468
101.96
107.314
101.025
100.807
106.283
103.645
100.977
100.325
104.712
104.283
100.335
102.597
100.089
109.814
100.475
91.2134
107.101
91.5695
103.145
97.311
103.473
98.2133
101.703
100.03
100.959
105.334
101.439
99.9151
100.995
103.718
100.881
99.1743
98.105
103.431
100.097
99.1085
104.455
100.54
100.379
107.577
105.237
101.063
104.737
104.099
96.3743
104.733
108.634
104.058
95.96
102.946
100.902
101.616
102.144
101.368
100.845
101.64
102.153
98.6502
103.262
101.023
97.0649
99.5309
109.19
100.923
89.2839
266.913
99.6013
109.606
89.8528
145.46
95.3547
102.08
86.3879
75.5023
111.476
102.077
89.0299
100.237
92.7501
91.5738
101.763
118.041
92.7436
93.5698
102.77
92.4305
93.4157
92.3846
93.522
92.4309
93.4156
92.3854
98.733
98.1927
92.6178
100.299
98.7967
98.6811
91.4212
95.1379
94.679
95.0964
94.5173
95.138
94.6798
95.0922
95.1359
94.5169
94.6791
95.0979
94.6799
95.0945
95.1369
92.4211
93.4185
92.3732
93.5224
92.4304
93.4158
92.3849
102.83
100.72
100.483
101.858
105.524
98.5383
99.7951
101.407
99.8964
100.993
113.988
109.178
100.543
103.497
95.1411
94.5182
94.6806
95.1002
94.6783
95.101
95.1374
92.431
93.4163
92.3855
93.5235
92.4219
93.4192
92.374
95.1442
94.6807
95.0989
94.5189
95.1405
94.6785
95.0989
95.1469
94.6713
95.1263
94.5217
94.6804
95.1094
95.1477
95.1466
94.5219
94.6714
95.1254
94.6808
95.1096
95.1481
92.7198
94.2046
92.8254
93.8766
92.7203
94.2046
92.8255
100.737
122.352
105.028
97.4184
100.934
106.685
101.858
95.9724
95.8435
95.3626
95.1397
95.9711
95.8398
95.3632
95.9739
95.1395
95.8421
95.3628
95.8403
95.3631
95.9687
92.7082
94.207
92.814
93.8783
92.7192
94.2045
92.826
92.7204
94.2047
92.8262
93.8803
92.7085
94.2073
92.8142
95.9825
95.1388
95.8417
95.3646
95.8381
95.3621
95.9756
95.9832
95.8388
95.3648
95.1395
95.9761
95.8387
95.3622
95.9861
95.8687
95.3548
95.1423
95.8489
95.3651
95.9812
95.9849
95.1425
95.8666
95.3544
95.8512
95.3651
95.9781
96.1822
104.028
95.3153
94.7016
95.8966
109.679
100.492
93.9856
128.845
102.926
98.5186
107.759
105.906
110.657
102.68
104.337
120.572
109.794
101.626
95.2518
167.559
89.6459
100.832
97.2068
104.412
90.0291
102.564
95.297
102.472
95.581
100.458
130.333
121.655
86.6116
102.019
108.925
101.701
88.9245
108.8
99.4783
89.8134
112.627
107.78
91.8682
106.36
122.747
91.8465
92.742
122.239
109.159
102.418
100.552
91.6606
107.042
110.998
100.032
92.7831
97.669
98.6843
112.962
97.359
97.7815
112.564
95.0539
118.182
105.165
92.6555
123.884
121.739
93.5412
99.9652
97.6505
110.031
132.642
103.283
104.974
142.782
100.192
100.257
97.8045
105.553
100.173
97.9353
99.6503
97.1101
96.9524
96.9474
96.2864
96.5384
96.54
96.2857
107.441
102.229
111.364
105.593
106.447
106.813
105.434
96.9538
97.1095
96.9482
96.2866
96.539
96.2863
96.5402
96.9576
97.1146
96.9574
96.2863
96.539
96.2882
96.5354
100.976
110.43
107.866
106.192
107.576
111.367
106.315
97.1132
96.9575
96.9552
96.2861
96.5406
96.5376
96.2884
97.1189
96.9681
96.9595
96.2894
96.5278
96.5379
96.2778
99.5445
109.327
91.5402
107.063
92.0178
107.197
100.476
96.97
97.1194
96.9588
96.2897
96.529
96.5404
96.2785
111.957
101.342
103.094
101.093
105.944
101.782
102.985
105.057
107.929
103.6
107.499
105.498
109.597
105.255
103.51
95.8314
103.1
104.772
108.294
106.149
108.105
99.3791
102.952
103.635
100.01
100.345
101.412
103.243
102.249
102.373
102.49
100.843
104.498
111.513
108.803
96.5427
98.3143
95.3015
96.0227
96.08
96.9979
99.7267
142.073
99.7448
96.8087
98.1146
100.359
90.9043
90.82
98.5661
105.82
102.757
99.4194
100.555
98.2832
98.2857
95.8327
107.371
96.6626
87.0601
115.622
86.4871
92.6635
101.031
97.0648
99.2221
102.421
99.6144
97.4541
99.2159
119.318
101.703
150.688
100.218
105.458
128.394
106.56
104.616
123.882
125.138
107.633
104.133
121.936
101.921
152.922
101.395
100.451
105.962
97.894
99.5458
110.672
101.09
106.157
195.413
111.869
200.38
110.632
148.469
134.586
236.741
158.51
111.127
86.8447
133.101
112.544
107.203
96.7229
96.6608
86.9308
95.1251
94.507
87.0215
103.201
104.233
97.135
126.825
93.1537
127.032
103.967
102.118
128.996
133.788
95.0672
108.615
106.134
97.0187
108.056
112.06
106.701
106.644
106.137
129.268
107.079
101.007
99.5858
102.135
100.598
100.435
102.318
100.332
91.4158
102.513
91.8554
112.332
99.5856
99.4789
103.415
90.6678
101.026
91.4356
99.1565
104.908
98.7277
102.975
80.4178
170.025
104.166
169.476
103.726
87.2485
85.6557
72.6962
173.715
109.334
77.6384
179.919
74.6717
111.426
124.071
96.8497
104.649
93.5636
104.883
126.097
91.6106
123.288
98.1807
122.486
104.817
94.5514
94.1556
106.382
105.247
112.382
113.638
128.795
111.552
103.264
123.727
103.192
98.5387
103.371
113.243
109.133
98.3136
104.806
103.959
104.486
111.074
105.765
103.662
103.924
111.37
104.974
103.697
115.962
103.05
155.98
103.467
116.127
102.833
120.602
98.0004
103.916
112.375
103.145
110.433
109.19
102.748
112.651
105.95
144.734
122.067
106.767
100.88
91.8111
90.801
98.8414
98.6146
102.889
102.813
109.219
99.9276
99.4224
139.145
137.522
135.359
113.03
96.7602
102.223
102.658
105.283
105.44
106.853
102.274
106.995
103.246
104.782
113.896
103.267
116.082
106.593
103.675
105.784
103.658
110.263
103.379
109.987
103.72
106.659
100.882
101.753
99.1866
99.3683
99.301
98.941
106.724
104.587
105.38
100.592
114.219
100.328
126.264
100.576
105.091
104.939
100.852
100.543
139.11
102.879
99.928
99.5037
97.5133
97.4135
100.193
97.6167
101.26
97.2476
102.389
97.8543
101.922
118.969
102.834
105.065
98.2481
101.925
98.079
99.196
103.242
103.223
97.4546
94.8125
92.5315
91.543
95.0985
94.699
94.6731
95.2861
99.6242
98.8121
99.8626
97.5009
98.3782
96.6033
105.159
105.815
110.882
103.758
105.709
103.722
103.785
115.128
193.555
109.168
85.7593
112.485
99.8729
105.959
83.8593
119.16
101.627
91.9036
106.902
76.1586
102.206
153.346
102.729
146.102
106.555
103.979
102.818
105.631
106.887
101.153
103.084
102.126
100.854
103.144
103.124
102.454
103.948
108.484
103.45
109.282
122.499
121.861
105.575
105.429
96.5643
99.7859
99.9567
94.0911
99.7081
105.369
105.239
102.579
102.588
112.523
109.687
106.251
106.252
100.196
86.9507
86.6782
99.716
105.356
105.335
99.4978
111.672
86.8078
90.0784
98.6436
124.923
92.9785
96.5593
102.077
106.375
102.438
99.4817
102.997
102.746
113.471
105.407
104.121
104.107
102.965
112.537
112.982
105.005
98.8536
102.93
102.632
105.046
109.675
114.35
104.062
90.6072
102.681
100.484
109.35
89.3584
99.3961
95.634
88.5597
90.8173
92.9586
84.9734
89.5696
92.2946
89.676
97.3316
104.298
96.0581
95.8718
102.573
98.5262
97.5816
89.2172
105.414
92.7214
98.9599
90.5863
111.864
92.7195
95.3346
96.1439
96.4409
116.478
92.6458
95.4474
111.086
102.3
100.488
87.1489
87.7126
98.1849
103.802
99.655
95.4573
94.9202
70.3652
87.9723
111.453
94.1355
88.4009
102.502
99.992
102.56
101.283
101.31
100.725
100.443
131.069
97.3768
97.0491
105.332
103.497
90.9728
90.8441
101.6
102.635
97.7441
87.6056
101.44
103.858
104.966
110.074
107.409
117.495
113.563
110.061
97.4038
96.1162
105.905
103.665
109.48
104.636
99.1012
104.127
105.402
125.051
98.7311
100.546
102.349
98.551
100.183
101.117
95.9094
125.847
85.5055
267.519
185.288
160.44
92.192
93.5039
125.583
86.6288
148.34
95.1562
127.031
86.9053
137.413
131.39
128.975
146.962
90.4744
132.612
92.3471
106.001
115.648
115.665
102.554
79.0214
80.4752
105.668
95.6179
121.85
96.9389
96.0041
105.239
119.856
130.463
114.885
116.464
100.844
100.856
100.107
137.557
100.257
94.3506
99.207
100.434
104.267
91.5596
99.7171
99.8798
105.252
104.658
105.666
117.169
106.049
117.429
117.875
117.455
98.6394
98.8105
104.931
106.319
114.029
113.952
97.7964
105.659
116.033
118.53
105.839
99.4708
119.408
119.761
99.2021
100.143
100.587
101.954
111.308
111.678
103.157
98.1544
103.852
105.368
102.921
105.239
101.73
101.474
104.363
105.331
103.155
103.599
105.116
102.551
97.3434
107.662
99.5409
100.984
94.7517
105.686
105.193
101.518
108.754
101.878
103.9
105.409
105.444
103.845
75.9654
103.764
97.2055
101.907
93.9494
89.4432
91.8958
105.499
80.2488
79.4928
78.9553
105.109
105.422
79.8263
106.489
104.882
105.87
105.716
105.138
117.48
117.118
99.7836
117.288
98.842
117.406
104.252
114.115
116.149
96.6964
129.122
146.983
96.928
127.452
87.1113
87.1536
71.0594
84.1859
97.5474
146.326
72.753
146.66
84.0632
127.867
136.766
128.369
135.325
130.964
93.0809
93.3575
104.424
117.901
93.8629
97.309
102.913
102.697
107.447
96.5962
93.3033
95.8175
93.3853
87.2773
97.3487
95.611
97.1336
130.904
106.068
90.152
90.1274
97.1721
106.254
103.128
99.2346
102.709
103.38
103.425
103.353
103.082
104.651
103.549
107.216
98.6902
102.785
111.563
125.535
98.384
96.2915
96.0029
106.925
97.2705
96.3423
96.0426
97.0646
94.6429
100.43
104.366
92.4309
92.3433
104.224
100.861
102.546
100.871
101.725
101.677
101.87
101.935
108.922
102.089
107.721
100.947
99.2687
98.6285
106.248
99.8171
99.4931
99.4164
94.8462
96.6568
105.238
94.8113
99.5281
95.8927
95.5888
95.1295
99.1772
96.1831
99.7191
96.1555
93.1998
93.2196
77.6292
95.3611
95.3649
78.3289
127.547
92.2784
104.366
107.071
97.2801
106.348
92.286
98.5408
99.5783
112.988
99.5194
97.9504
98.93
97.9501
102.398
100.915
100.87
101.607
101.515
101.668
101.665
101.935
102.662
101.449
103.13
101.382
101.47
103.07
101.553
103.699
101.034
100.949
103.068
103.243
100.936
104.102
98.0974
99.3655
99.316
98.0654
98.2487
98.4222
101.195
103.051
102.741
115.228
127.184
103.585
116.515
97.2664
79.1964
73.0536
142.778
97.354
82.0472
146.55
96.3238
102.721
96.8745
103.183
103.783
80.6418
99.2476
102.822
111.725
107.303
99.1297
108.743
100.891
98.9215
90.4841
93.0408
93.7935
105.248
88.8955
98.3844
95.7486
99.0479
98.9486
99.2548
95.173
97.8067
95.2241
98.425
102.437
100.805
100.915
101.886
101.849
101.714
102.011
94.626
92.9736
90.6928
92.449
107.291
105.257
93.938
94.8367
99.0704
97.0496
103.349
96.1433
100.279
95.9874
103.71
99.2731
99.3582
98.87
98.981
98.6246
98.2958
98.6475
99.0331
100.896
98.932
98.6415
98.5706
100.985
99.2112
96.4038
96.1384
95.4966
98.6212
99.5811
96.3177
99.6464
97.39
96.6054
97.0582
97.865
96.56
99.6173
97.2646
97.7483
91.7853
93.7294
95.4719
97.8858
95.3555
97.1759
98.5242
98.3053
96.5458
98.1784
98.2752
97.6284
99.347
103.695
99.39
97.5582
98.0824
98.5356
98.5338
100.927
100.7
99.5215
101.81
100.961
100.814
99.4596
116.169
88.3575
114.417
91.0794
85.4514
135.201
127.08
121.637
96.3672
140.429
84.7254
89.3817
118.682
87.4935
128.725
98.659
128.044
101.923
95.7382
101.545
95.1935
88.2583
148.191
133.06
103.852
103.323
90.3374
97.0447
104.108
92.7529
100.777
91.7218
96.5193
159.162
102.384
92.6729
97.544
95.9713
112.432
96.1983
121.638
97.2314
99.2213
104.897
102.915
104.259
103.312
103.788
102.749
101.662
102.981
101.466
103.113
105.347
102.322
103.051
105.569
111.257
106.757
122.178
119.337
106.735
122.154
97.9164
97.9845
97.9166
97.0856
97.1592
97.0844
97.1596
106.12
99.6159
100.084
100.796
104.869
101.494
101.177
97.9898
97.9186
97.9228
97.0829
97.1613
97.1584
97.0859
97.9294
97.9937
97.9269
97.086
97.1505
97.1616
97.0748
97.9206
97.9926
97.9248
97.0843
97.1618
97.0872
97.1599
97.9797
97.9169
97.916
97.086
97.1593
97.1597
97.0855
97.9943
97.9268
97.9262
97.087
97.1508
97.1627
97.0751
106.229
104.612
104.366
96.8609
96.9649
105.231
105.562
82.1673
168.896
172.823
105.324
103.424
86.1881
87.5098
122.493
98.3787
122.156
100.543
124.203
110.008
98.2759
107.014
104.446
104.357
98.8558
97.1328
103.065
102.825
129.662
97.7583
102.778
94.2322
102.517
129.84
97.3772
104.766
107.021
104.633
110.617
106.72
104.24
104.487
84.9108
149.181
104.617
105.944
91.5252
166.546
90.7353
128.322
98.7531
128.054
96.4133
101.369
101.587
96.4194
88.4954
132.103
132.88
103.534
105.454
94.4591
102.866
103.08
104.138
103.871
102.441
100.963
102.639
100.783
103.121
103.755
103.963
104.372
104.245
101.088
102.275
101.508
103.453
103.012
99.0578
102.269
102.14
101.458
96.6897
103.229
130.557
103.236
129.178
93.4531
96.0323
84.5709
109.813
107.498
226.245
170.886
84.5592
86.1584
96.1075
107.934
106.036
128.965
128.008
89.6178
90.5109
70.236
135.674
259.652
188.902
67.2153
70.1307
117.367
103.029
101.566
102.537
106.999
103.232
100.738
101.33
96.5926
100.604
104.105
106.179
113.251
105.969
103.397
109.17
102.332
102.338
102.259
101.108
102.886
100.941
104.164
104.32
103.592
105.181
103.14
101.282
101.275
97.8252
102.665
99.6809
100.267
99.5837
102.985
106.359
102.639
101.626
102.394
98.4864
97.9441
97.8266
98.646
100.447
112.017
108.118
72.2499
103.837
117.545
112.749
104.667
97.3918
95.9016
90.2521
97.3613
99.6926
94.7941
103.097
95.5131
95.6591
96.9529
98.7711
96.5572
96.0041
102.461
104.079
104.808
98.8636
99.7063
106.53
100.287
102.699
98.9748
99.2306
101.643
102.874
99.3806
99.153
91.9211
103.691
110.006
114.547
108.343
112.419
91.0249
108.961
101.295
108.817
99.0582
115.585
115.212
100.868
105.816
103.404
111.646
110.647
103.347
103.238
103.285
103.859
103.402
103.945
110.661
106.621
103.614
102.138
149.606
110.981
109.408
70.664
134.138
111.001
109.004
100.475
102.884
99.1862
110.429
99.7494
99.7169
107.885
102.483
103.661
102.152
102.085
104.423
101.739
103.618
105.16
97.8578
98.4862
87.2375
100.302
100.736
86.3685
107.413
102.019
102.673
101.47
102.654
101.031
99.9186
99.4771
107.327
96.2566
95.0886
102.159
102.08
100.894
106.151
105.097
106.03
103.224
103.059
104.064
105.548
86.9363
101.343
84.6839
80.6601
51.8761
140.137
145.159
93.1635
101.295
106.092
145.729
94.9479
107.364
108.483
107.006
104.475
104.675
105.787
105.056
107.86
107.429
107.389
102.731
103.149
99.7713
101.292
99.8006
100.971
147.938
108.996
101.609
106.654
104.922
116.417
97.4634
105.616
102.574
103.791
100.841
115.184
104.022
102.232
103.793
101.348
101.776
102.097
101.513
103.062
103.085
133.403
90.1584
14.3029
92.8528
24.2825
117.955
128.067
106.275
95.9566
73.5126
110.68
112.655
98.452
74.1352
134.037
102.106
220.609
141.522
212.478
328.984
207.506
151.004
112.585
112.906
58.5941
138.426
113.934
129.375
102.285
100.806
99.1246
100.504
100.601
105.487
98.9802
93.3843
105.566
95.8671
100.334
109.931
99.8561
111.203
102.415
183.907
139.656
181.797
215.849
142.784
218.18
105.544
108.786
108.652
103.458
117.688
118.137
108.73
97.9505
112.484
113.431
107.13
96.8019
111.917
106.532
103.477
100.987
102.294
99.2521
98.3853
99.7596
98.3334
111.892
105.326
109.033
103.36
102.302
99.2557
100.186
102.941
103.449
102.161
103.775
100.366
103.794
103.467
101.061
99.8016
104.963
109.889
103.793
104.5
100.95
125.477
105.495
116.304
114.831
104.764
104.058
146.026
95.4404
99.2075
97.8515
99.2498
99.6484
93.89
97.3117
133.195
73.064
140.055
131.434
205.045
204.069
142.571
71.7048
129.687
130.048
203.626
139.816
137.685
203.054
94.7409
92.8611
104.169
101.5
94.6961
92.9388
105.19
93.0143
99.1545
99.9707
88.7332
92.0077
99.2077
101.5
89.6445
94.8493
87.1757
85.1804
90.1015
93.1359
88.528
99.3838
105.494
98.9241
100.724
99.1258
104.015
98.4336
98.4325
107.599
99.8855
115.816
115.449
97.9597
124.126
96.8736
97.1227
100.565
99.5381
97.0025
100.026
97.2585
139.458
68.3619
81.1511
181.062
80.1238
148.715
73.9541
97.251
102.489
101.685
100.241
103.975
101.936
92.0676
98.339
89.5704
97.2928
90.6201
105.794
95.0767
98.3733
104.952
107.692
113.733
112.204
105.684
124.676
126.339
129.777
26.1085
94.8446
94.191
3.82126
119.794
118.691
92.9058
106.497
122.226
135.172
106.912
118.231
116.3
93.8165
103.259
92.3753
102.329
104.513
112.083
114.318
104.618
101.557
99.8398
101.564
115.403
107.038
99.7765
107.594
102.162
109.346
99.3049
102.449
100.158
101.731
87.3145
103.887
97.7535
111.166
97.3592
111.175
87.8329
95.7218
88.3013
103.198
86.5236
96.4758
98.5683
104.695
107.3
108.181
103.966
112.695
118.257
114.711
106.739
98.782
97.595
100.283
96.8584
106.58
97.557
103.225
102.482
110.094
110.465
98.4826
103.003
99.5874
102.607
104.58
97.5266
98.2796
139.063
121.683
96.7074
92.9745
120.855
118.867
104.631
123.89
125.716
146.439
117.803
115.209
100.353
108.324
101.979
113.343
133.385
127.604
143.061
112.555
86.9787
97.0398
146.612
123.016
85.2847
138.67
145.758
134.586
102.7
115.604
102.116
111.326
110.919
86.4023
109.034
107.416
110.217
109.728
80.4728
96.7415
94.2591
96.2187
98.5031
105.658
97.1119
108.556
109.157
125.041
153.456
117.196
163.194
115.871
109.131
110.778
109.291
109.628
111.059
106.443
122.338
113.285
100.273
108.091
79.9482
87.8025
198.896
109.5
194.895
113.331
111.611
116.978
118.112
102.414
104.168
117.728
130.614
155.637
111.529
113.061
133.124
112.723
113.847
99.5972
103.161
99.1971
150.648
123.247
97.4692
99.358
104.298
110.532
137.73
132.525
110.333
111.074
104.422
54.5159
57.0955
58.5886
93.4629
86.9241
68.0322
69.069
124.812
151.996
140.684
189.639
205.423
110.194
112.886
114.165
100.048
100.822
122.392
126.424
101.293
103.438
110.586
118.026
95.3445
119.603
107.119
115.92
176.807
98.029
114.956
98.0291
112.145
98.5092
98.5759
132.813
113.651
85.9104
92.3601
100.789
110.986
86.7716
90.2066
108.168
97.2263
97.9061
98.4819
100.703
101.393
97.9443
102.398
99.1512
100.198
100.277
99.8848
100.907
100.665
116.946
166.057
147.358
138.684
164.657
121.453
100.186
123.94
192.855
159.395
116.532
120.841
134.25
117.593
101.326
122.296
105.244
121.696
111.823
104.743
127.563
194.008
116.735
114.755
199.776
149.286
110.965
233.81
111.171
90.1589
119.423
107.518
112.36
103.821
91.1487
115.847
98.8356
101.664
95.914
116.82
102.728
97.3416
135.045
151.55
114.474
151.697
128.305
150.682
116.497
95.1172
104.84
109.348
115.865
122.416
117.345
94.6103
106.709
99.5312
134.798
110.846
106.223
96.8446
137.113
104.186
101.315
105.513
104.596
108.328
102.858
102.292
130.967
91.5999
131.093
87.3543
96.9846
125.032
98.9675
84.4073
85.36
81.6334
124.599
98.0481
98.6973
133.103
103.625
88.0776
89.4894
111.689
107.976
193.26
207.986
125.403
86.583
144.234
112
104.644
111.496
103.987
85.2709
110.671
108.915
112.734
103.866
103.797
114.565
116.109
115.623
103.306
104.672
110.86
113.02
117.007
96.6329
101.54
110.985
97.8519
102.689
102.326
96.7615
106.574
99.2312
102.284
102.531
104.58
99.8365
98.1237
113.015
110.367
111.81
107.271
99.2853
91.4555
117.615
103.677
104.115
102.333
108.175
106.375
107.854
99.5333
104.076
105.897
110.749
102.532
100.602
106.079
106.954
100.288
105.217
103.128
100.44
100.278
99.121
118.99
101.418
103.891
97.0616
102.973
98.6739
99.6242
98.8171
111.11
99.9939
104.536
96.8859
101.27
99.4245
103.298
119.549
126.677
127.361
148.337
141.966
118.455
121.171
126.291
107.907
110.354
86.1874
126.515
110.2
108.985
118.412
94.4648
117.532
102.118
100.446
96.7089
102.475
96.1118
112.476
91.5748
95.2373
116.499
111.355
116.584
87.3115
124.654
122.706
108.462
133.5
105.337
125.254
96.1503
108.891
94.9343
96.7699
101.717
96.56
100.361
108.611
119.799
103.728
114.716
121.815
109.7
107.951
121.006
95.6094
106.992
115.11
107.525
94.764
120.657
128.133
87.5784
128.764
110.076
97.8843
95.6114
115.333
121.386
96.3674
93.7463
95.477
94.0832
102.998
95.6478
104.292
111.616
121.943
86.0506
122.833
122.142
89.2248
107.202
108.238
77.1986
143.755
121.784
114.981
113.455
94.9476
102.776
95.8049
101.982
97.6074
102.136
116.412
172.228
104.038
119.492
78.1461
87.3788
304.114
203.86
105.319
114.992
113.76
110.85
113.431
114.028
105.545
103.022
106.369
98.0922
101.932
126.036
104.158
98.9323
96.0763
95.5379
96.3009
94.7967
97.2293
114.358
95.8113
105.238
104.146
110.179
102.108
98.1008
103.248
98.5686
92.5127
97.2476
97.3333
114.377
100.969
95.9265
129.489
109.642
104.374
104.488
107.975
117.029
107.165
114.683
118.523
117.937
109.973
106.361
116.212
99.5805
116.814
107.743
96.4193
98.8225
92.2183
103.439
90.5232
101.179
92.3144
86.4658
97.3746
91.7758
92.1116
86.8465
96.7427
103.733
103.283
103.493
99.4719
103.323
103.007
100.458
114.225
118.612
100.559
113.495
116.644
123.588
155.054
101.557
98.1426
99.2485
100.982
100.698
107.475
103.129
100.857
121.078
94.8858
111.011
93.4157
94.441
96.1394
97.3428
111.145
97.2578
120.831
102.789
97.3825
110.567
106.169
112.151
106.879
105.092
107.768
106.606
111.208
139.6
106.764
125.249
103.909
103.124
104.021
103.789
99.4239
95.4687
106.651
100.874
99.7158
91.0759
103.318
110.443
105.416
111.397
103.841
110.042
97.5296
99.5674
93.1771
99.7005
99.4825
143.317
88.6594
102.691
121.636
96.3404
99.4897
103.216
96.6637
96.0888
98.3471
95.7881
100.014
94.241
93.7098
107.34
100.552
95.0553
93.8596
101.42
126.8
108.65
111.434
106.886
110.308
115.154
96.3793
106.65
104.166
108.217
112.494
114.431
109.789
94.6859
97.5722
167.04
106.039
92.7982
116.195
96.2955
125.05
102.782
130.985
101.895
99.8442
100.433
108.069
102.411
112.145
100.845
107.001
100.364
108.807
99.7
101.431
132.555
106.108
137.798
143.098
100.757
102.057
116.067
97.6358
96.3173
97.733
95.3898
108.709
116.277
106.864
91.9985
90.9687
105.426
105.131
116.302
118.168
97.461
100.415
98.3336
100.129
96.1029
105.516
98.0757
97.417
101.154
95.0646
93.7529
96.8282
94.8238
101.847
89.5858
100.562
100.561
109.187
113.967
131.348
102.707
113.14
98.5406
101.263
131.037
39.2637
49.287
115.09
99.3705
124.392
105.913
105.977
107.153
108.492
100.088
109.584
136.782
166.383
112.283
165.209
148.743
114.316
107.062
114.984
97.6462
103.362
109.52
103.074
116.655
110.123
122.583
123.57
100.867
103.974
100.174
105.234
76.3064
99.8238
133.692
73.8399
79.9277
133.427
157.442
94.3982
260.505
304.074
124.12
367.911
296.424
91.0225
79.4916
219.876
208.216
155.716
114.995
1352.27
76.0386
117.094
95.8001
98.8767
122.594
219.827
122.203
142.887
100.582
94.6285
99.0319
147.557
155.255
148.457
130.55
94.9251
94.8664
95.6305
98.1119
107.093
106.2
103.572
100.925
116.587
118.859
104.309
101.976
104.423
123.238
143.608
114.423
191.244
161.884
163.589
140.877
125.092
125.228
130.094
102.929
104.705
108.513
127.688
123.088
122.966
112.405
70.0243
130.843
136.703
136.883
132.598
174.75
85.4617
181.132
129.569
179.671
110.46
109.636
104.602
84.7067
88.2617
100.587
105.957
85.7878
88.1472
75.8444
87.7958
101.149
88.3193
76.6578
91.4033
98.0423
77.3707
113.167
223.963
103.91
206.283
78.1522
56.2128
96.5413
89.8751
88.2218
134.395
163.991
152.328
116
38.7197
137.734
8.64797
96.4122
82.2794
121.526
164.999
133.188
98.8783
139.078
213.131
107.209
98.4968
141.209
191.299
84.1534
228.987
103.62
92.6656
77.619
77.8197
91.1236
135.372
89.8098
93.7219
91.7534
93.6452
136.839
134.531
164.45
161.888
74.3787
75.8496
79.08
120.848
74.1127
101.85
108.527
69.83
136.126
157.844
158.41
71.4247
154.23
167.138
118.665
108.166
217.465
195.758
75.7836
129.77
138.193
55.188
169.858
193.524
116.544
100.74
95.5562
114.094
55.0437
90.5986
140.417
152.621
)
;

boundaryField
{
    inlet
    {
        type            calculated;
        value           nonuniform List<scalar> 
189
(
105.879
113.736
101.721
88.6742
84.8671
98.9643
89.1861
103.03
101.501
107.165
106.418
-3.0748
101.703
83.2945
88.3212
101.664
100.286
100.514
92.7395
76.0167
104.968
129.904
98.5935
82.3616
116.883
102.397
92.795
96.0498
101.754
101.615
104.461
110.742
122.898
106.8
88.5066
111.424
114.811
101.796
104.846
111.562
104.557
99.9365
99.4638
93.4974
86.1181
109.782
99.2143
86.4539
75.566
95.0394
90.7475
78.4436
46.1636
91.5726
102.429
102.005
98.0357
97.6436
101.856
99.252
96.5858
75.8191
-35.4
86.7307
-9.85796
99.1351
102.969
80.0711
45.2355
97.354
81.4793
96.0798
108.373
79.8046
99.5533
131.137
98.9823
103.264
100.908
101.002
99.1953
98.1946
83.7032
108.253
109.036
91.131
97.9391
107.122
116.489
92.2375
99.1902
97.3117
97.4718
79.2225
66.5931
95.6829
85.2907
83.4773
78.8047
64.1446
72.1454
68.978
96.5473
97.0997
98.5235
101.564
68.7753
109.84
102.049
94.5672
75.7773
88.9048
87.3655
101.517
91.1747
91.2167
118.404
46.2155
80.1511
-74.0215
70.899
107.535
113.563
98.8527
74.1666
90.225
89.9233
93.615
90.9536
107.808
94.533
91.9581
111.524
86.4913
109.215
90.0169
95.8748
96.2731
94.0444
97.1413
101.961
93.6246
94.5221
129.011
96.2316
94.6583
115.106
143.371
113.511
107.809
100.719
99.8768
104.608
102.352
113.519
3.71548
79.4584
113.907
115.962
114.468
-14.3637
110.233
105.092
112.038
112.009
105.789
103.906
102.602
105.327
88.4148
85.6001
92.6583
115.17
105.556
100.676
99.6918
93.1283
113.567
48.9969
37.3433
74.4215
108.171
107.153
104.761
102.718
109.412
90.8894
74.9001
84.306
)
;
    }
    outlet
    {
        type            calculated;
        value           uniform 0;
    }
    lowerWall
    {
        type            calculated;
        value           nonuniform List<scalar> 
1007
(
106.057
99.8528
100.981
88.2189
87.3067
98.9827
99.655
102.003
99.6383
99.6831
76.2657
112.964
96.3226
91.1684
92.1251
103.89
102.1
118.538
99.1093
99.4629
105.79
101.415
107.724
91.6948
98.4774
110.416
103.79
101.565
101.927
96.7376
89.6546
99.9632
95.4965
99.1772
101.449
105.668
104.189
98.8963
99.5303
148.157
102.55
99.1989
97.6082
98.0563
99.4864
95.0434
112.357
101.636
102.01
102.549
100.304
99.2169
97.8169
97.727
97.4276
96.7938
97.857
99.3576
100.713
101.818
97.1672
97.1229
97.0517
97.4258
97.2087
97.1275
97.6557
98.1398
98.4828
97.9941
93.2399
93.0629
93.5226
93.4851
93.7481
93.7533
93.7182
93.8805
93.4765
93.4285
90.6385
90.5025
90.2535
90.2395
90.3095
90.3406
90.3649
90.5079
90.7464
90.7425
88.038
87.9667
87.8699
87.8756
87.9011
87.9293
87.9347
88.0142
88.1024
88.0913
85.479
85.4393
85.3862
85.376
85.3838
85.4009
85.4256
85.4623
85.5175
85.5144
82.9457
82.922
82.8817
82.9003
82.8844
82.8966
82.9187
82.9405
82.9753
82.9622
80.4362
80.4436
80.406
80.4033
80.4072
80.4179
80.4482
80.4611
80.4705
80.4433
77.9681
77.9726
77.9582
77.9468
77.9454
77.958
77.9804
77.9871
77.9893
77.9853
75.5218
75.5183
75.5155
75.5139
75.5209
75.5402
75.5411
75.5248
75.5377
75.5338
73.1027
73.1074
73.0914
73.0953
73.1033
73.1198
73.1215
73.1265
73.1259
73.1111
70.7003
70.6984
70.7089
70.7079
70.7215
70.7341
70.7357
70.7283
70.7101
70.7051
68.3303
68.3443
68.3624
68.355
68.3474
68.3533
68.3644
68.3518
68.3401
68.335
65.9828
66.0049
66.0197
65.9977
65.978
65.9772
65.9816
65.9948
65.9904
65.9851
63.6607
63.6638
63.6621
63.6649
63.6649
63.6607
63.6486
63.6443
63.6523
63.6567
61.3458
61.3497
61.3508
61.3614
61.3632
61.3594
61.3527
61.3425
61.3346
61.3362
59.05
59.0526
59.0537
59.0537
59.0525
59.0506
59.0509
59.0467
59.0389
59.0419
56.783
56.7776
56.7642
56.771
56.7763
56.7775
56.7751
56.7748
56.779
56.7822
54.5099
54.5152
54.5015
54.5058
54.5109
54.5211
54.5295
54.5308
54.5263
54.5152
52.2615
52.2525
52.2525
52.264
52.2733
52.2782
52.2854
52.2839
52.2871
52.2746
50.032
50.0171
50.0106
50.0206
50.0357
50.0495
50.0473
50.0519
50.0511
50.0457
47.8072
47.7966
47.7852
47.7841
47.7942
47.8045
47.8102
47.8114
47.808
47.8101
45.5805
45.5829
45.5879
45.5935
45.5889
45.583
45.5791
45.5761
45.5764
45.5782
43.3735
43.3813
43.391
43.385
43.3734
43.3645
43.3661
43.3782
43.3715
43.3694
41.1907
41.1951
41.1957
41.1867
41.18
41.1658
41.1808
41.1868
41.1854
41.1872
39.0052
39.0211
39.0251
39.0254
39.0197
39.0085
39.009
39.005
38.9929
38.9966
36.8446
36.859
36.8579
36.8527
36.8459
36.8366
36.8261
36.8241
36.8244
36.8317
34.7135
34.7104
34.6904
34.6852
34.6826
34.6735
34.6676
34.6724
34.6914
34.7075
32.5763
32.5649
32.5538
32.5495
32.5479
32.5492
32.5561
32.563
32.5683
32.5765
30.4285
30.4313
30.4374
30.4472
30.4476
30.4514
30.4546
30.453
30.446
30.4362
28.3106
28.3191
28.3342
28.3515
28.3608
28.3631
28.3575
28.347
28.3367
28.3275
26.2527
26.2475
26.2486
26.2544
26.2649
26.2759
26.2808
26.2804
26.275
26.2675
24.2286
24.2122
24.2032
24.1989
24.2047
24.2144
24.2279
24.2387
24.2428
24.2391
22.2118
22.1942
22.1908
22.1915
22.1957
22.1989
22.1999
22.2059
22.21
22.213
20.1897
20.1885
20.1912
20.1971
20.2069
20.2068
20.1981
20.1929
20.191
20.1894
18.1957
18.201
18.2083
18.2177
18.2149
18.2082
18.2007
18.1959
18.1939
18.1945
16.2473
16.2503
16.2485
16.2367
16.2245
16.2103
16.2013
16.2135
16.2201
16.2361
14.3013
14.3087
14.2933
14.2763
14.2558
14.2423
14.2381
14.2502
14.2639
14.2805
12.3268
12.346
12.3479
12.3359
12.3246
12.3147
12.3119
12.3165
12.316
12.3177
10.3811
10.3879
10.4013
10.4075
10.4038
10.3988
10.3941
10.3924
10.388
10.3815
8.48345
8.47433
8.473
8.47571
8.47666
8.48072
8.48217
8.48418
8.48521
8.48769
6.58916
6.57633
6.57305
6.57329
6.58035
6.59615
6.60212
6.60053
6.59326
6.59445
4.6884
4.68554
4.68767
4.69494
4.70868
4.73282
4.73276
4.72167
4.7102
4.69861
2.80917
2.80897
2.81221
2.81873
2.82675
2.83653
2.84208
2.84023
2.82762
2.81401
0.939064
0.938746
0.938997
0.933777
0.931844
0.934921
0.943965
0.947831
0.948756
0.93932
99.6277
98.2363
98.4796
98.2597
97.7449
98.4261
97.6103
97.5654
97.8749
97.8169
97.4177
97.4431
98.802
96.877
97.2554
96.3798
97.3417
97.04
99.1813
98.0966
97.6419
100.496
99.2581
98.4236
100.308
99.543
99.5026
101.302
98.8882
99.5122
98.147
103.445
99.9888
99.8264
97.7248
98.5901
97.2618
97.2651
97.4429
98.2715
96.8572
99.095
103.592
98.2872
99.5931
125.015
99.8007
103.648
97.6801
113.466
92.272
100.417
100.922
103.613
100.513
101.319
100.773
100.857
101.192
102.29
99.6441
99.6123
100.105
99.1534
98.3815
98.7911
97.7092
97.6784
97.8618
98.0523
98.4237
97.6636
97.0525
97.0921
97.1583
101.06
97.3345
97.2424
97.2707
97.4139
97.9842
98.1969
99.6845
98.5855
100.436
100.257
100.396
101.794
100.558
100.595
96.7426
95.3395
95.5505
96.9157
94.9783
95.1079
97.4311
94.512
94.9028
97.4041
94.6486
94.4515
97.0057
95.0039
94.6757
97.4276
94.8714
94.988
98.0981
94.9438
94.8463
98.6978
95.7926
95.1321
98.0626
95.6771
95.7358
97.3008
95.6776
95.634
99.2305
99.5166
99.776
98.4251
99.661
99.2431
99.935
100.019
98.7585
98.0694
98.3031
98.4698
98.0181
98.186
97.9861
98.7903
98.2802
98.1542
97.6259
97.4465
97.6286
97.6677
98.2752
97.6078
97.8386
97.9479
97.8487
98.0425
97.7852
97.9239
97.3152
97.2865
97.1548
97.4824
97.8447
97.3152
96.7097
95.7884
94.8075
96.8475
96.9007
97.0644
97.3326
97.3623
97.0818
96.5126
98.6083
98.642
97.4771
98.1101
97.3928
97.0612
97.5548
97.3141
98.5304
97.9796
102.283
98.0164
98.0646
98.4035
97.6071
97.5186
97.6137
99.7844
101.967
99.7245
99.1183
103.731
99.4513
98.4686
98.4762
98.6032
100.36
100.204
101.111
99.6401
100.034
100.01
99.9723
99.9135
99.5378
100.184
100.348
101.52
98.9438
99.8827
100.351
100.127
100.242
99.3063
97.4803
97.2214
96.983
97.0624
96.9463
97.0787
97.2486
97.1198
97.0865
97.6787
97.5345
97.4264
97.2212
97.206
97.3298
96.9751
96.9544
96.9827
97.2186
97.182
97.3463
97.5558
97.6799
97.9202
98.1972
97.4312
97.6284
96.7197
96.4483
97.4701
97.3252
97.6298
97.7884
97.2196
96.1389
96.1225
103.6
82.2139
100.103
132.5
103.397
106.126
103.669
104.307
102.83
106.542
105.364
104.642
101.461
105.058
95.4588
94.1494
93.4431
98.7218
101.269
103.804
137.92
93.8337
92.5749
92.5845
93.7587
92.5359
92.5153
96.7035
96.7073
95.0693
94.9636
96.5848
96.6436
101.583
102.908
101.576
98.2889
97.042
97.1396
95.1179
96.621
96.6668
95.9963
96.2102
96.953
96.5291
96.5269
95.029
105.354
99.897
149.871
100.336
103.305
100.83
93.5819
92.3889
92.3831
93.8174
92.6021
92.5388
94.529
95.8002
96.2186
96.5034
96.1056
94.8385
100.447
94.3592
100.119
94.8918
95.8972
95.786
95.183
95.4899
94.5134
113.805
118.337
102.346
88.6936
103.778
103.355
99.2121
99.663
106.274
97.1796
96.9707
98.0358
101.025
100.807
107.314
101.616
102.144
100.902
93.4185
92.3732
92.4211
94.6713
95.1477
95.1263
94.207
92.814
92.7082
95.8687
95.9812
95.3548
96.97
96.2785
96.529
97.5133
101.26
99.5037
97.2476
105.065
118.969
103.242
97.4546
98.2481
94.699
95.2861
94.8125
98.8121
99.8626
99.6242
106.489
117.118
105.716
99.7836
116.149
117.406
129.122
87.1536
96.6964
135.325
93.3575
127.867
93.0408
93.7935
90.4841
99.0331
100.896
98.6475
104.897
102.749
103.312
105.347
103.051
101.662
105.569
122.154
119.337
99.6159
100.084
106.12
97.9294
97.0748
97.1505
168.896
87.5098
105.324
124.203
98.2759
122.493
104.446
102.825
98.8558
128.322
96.4194
101.369
103.534
102.866
132.103
104.079
104.808
102.461
110.981
109.408
149.606
100.475
107.885
99.7494
102.019
99.9186
101.47
102.159
100.894
99.4771
103.059
105.548
105.097
95.9566
73.5126
106.275
112.484
113.431
97.9505
99.1545
99.9707
93.0143
139.816
203.054
129.687
92.8611
104.169
94.7409
26.1085
118.691
94.8446
101.557
99.8398
104.618
102.329
114.318
93.8165
112.555
86.9787
143.061
85.9104
92.3601
113.651
104.596
102.292
104.186
106.709
137.113
99.5312
99.2853
117.615
113.015
106.375
99.5333
103.677
105.217
118.99
100.44
148.337
121.171
126.677
100.446
102.475
118.412
108.611
107.951
121.815
106.992
120.657
95.6094
128.133
115.333
97.8843
113.76
105.545
114.992
86.4658
97.3746
92.3144
94.241
93.7098
100.014
100.415
98.3336
97.461
)
;
    }
    upperWall
    {
        type            calculated;
        value           nonuniform List<scalar> 
1052
(
106.644
106.902
100.587
84.9734
98.9599
104.267
101.643
100.548
99.6206
100.874
58.5941
130.333
99.3186
95.8718
71.5782
101.093
101.858
113.988
99.2037
105.553
109.606
118.041
86.6684
95.2363
100.843
107.499
106.905
100.299
102.993
103.39
101.284
97.4184
95.4966
97.4511
102.373
111.692
106.999
99.0578
101.351
88.3193
102.772
98.883
97.4635
98.0453
99.9173
104.403
85.7288
103.371
102.244
97.922
100.031
100.128
97.8471
97.782
97.5556
96.5908
99.2446
98.7406
100.677
100.994
97.1667
97.1202
97.0572
97.4217
97.2038
97.1395
97.6162
98.1494
98.4859
97.9928
93.2403
93.0624
93.5235
93.4868
93.7475
93.753
93.7167
93.8803
93.4766
93.4288
90.6384
90.5024
90.2548
90.2394
90.309
90.34
90.3649
90.5083
90.7465
90.7424
88.0379
87.9667
87.8698
87.8746
87.9014
87.9295
87.9346
88.0141
88.1024
88.0912
85.4792
85.4392
85.3861
85.3759
85.3837
85.4005
85.4255
85.4621
85.5174
85.5145
82.9458
82.9219
82.8816
82.9002
82.8836
82.8965
82.9185
82.9404
82.9752
82.962
80.4359
80.4435
80.4059
80.4032
80.4066
80.4183
80.4479
80.461
80.4704
80.4428
77.9681
77.9725
77.9581
77.9467
77.9453
77.9579
77.9803
77.987
77.9892
77.9852
75.5217
75.5182
75.5154
75.5138
75.521
75.5401
75.541
75.5245
75.5376
75.5337
73.1021
73.107
73.0913
73.0952
73.1033
73.1196
73.1214
73.1264
73.1263
73.1116
70.7002
70.6983
70.7087
70.7078
70.7214
70.734
70.7356
70.7287
70.7101
70.705
68.3302
68.3445
68.362
68.3546
68.3473
68.3535
68.364
68.3513
68.3391
68.3353
65.983
66.0047
66.0196
65.9976
65.9777
65.977
65.9815
65.995
65.9905
65.9851
63.6601
63.6635
63.6619
63.6646
63.6651
63.6605
63.6486
63.6442
63.6524
63.6564
61.3456
61.3498
61.3503
61.3615
61.3633
61.3596
61.3527
61.3424
61.3345
61.3358
59.0501
59.0531
59.0536
59.0536
59.0524
59.05
59.0508
59.0467
59.0393
59.0418
56.7828
56.7773
56.764
56.771
56.7754
56.7773
56.7752
56.775
56.7789
56.7821
54.5096
54.5147
54.5014
54.5059
54.5111
54.5211
54.5294
54.5307
54.5262
54.5151
52.2615
52.2527
52.2524
52.2636
52.2726
52.2783
52.2851
52.2838
52.2868
52.2745
50.0322
50.0169
50.0104
50.0202
50.0358
50.0495
50.0471
50.052
50.0511
50.0456
47.8068
47.7964
47.7852
47.7843
47.7943
47.8043
47.81
47.8115
47.8075
47.81
45.5804
45.5828
45.5878
45.5934
45.5888
45.5827
45.5794
45.5758
45.5764
45.5782
43.373
43.3814
43.3911
43.3852
43.3727
43.3644
43.3665
43.3778
43.3718
43.3696
41.1905
41.1955
41.1958
41.1865
41.1797
41.1666
41.1807
41.1867
41.1856
41.1871
39.0052
39.0217
39.0247
39.0253
39.0198
39.0087
39.0092
39.0049
38.9929
38.996
36.8447
36.8591
36.8574
36.8528
36.8459
36.836
36.8259
36.8239
36.8241
36.8319
34.7135
34.7102
34.6905
34.6851
34.6824
34.6731
34.6675
34.6723
34.692
34.7081
32.576
32.5649
32.5539
32.5494
32.5478
32.5499
32.5561
32.5629
32.5683
32.5763
30.4283
30.4312
30.4375
30.4472
30.4476
30.4516
30.4543
30.4529
30.4457
30.4359
28.3105
28.3189
28.3342
28.3515
28.3607
28.363
28.3572
28.3471
28.3367
28.3278
26.2525
26.2474
26.2481
26.2542
26.2654
26.2758
26.2807
26.2803
26.2752
26.2675
24.2286
24.2126
24.2032
24.1989
24.2046
24.2144
24.2278
24.2385
24.2425
24.239
22.2117
22.194
22.1907
22.1915
22.1957
22.1988
22.1998
22.2058
22.2098
22.213
20.1895
20.1883
20.191
20.197
20.2073
20.207
20.1982
20.1928
20.1908
20.1893
18.1954
18.2012
18.2084
18.2176
18.2149
18.208
18.2005
18.1957
18.194
18.1944
16.2474
16.2505
16.2486
16.2365
16.2237
16.2095
16.201
16.2135
16.2201
16.2359
14.3014
14.3085
14.2926
14.2758
14.2559
14.2423
14.2381
14.25
14.2636
14.2804
12.3269
12.3452
12.3475
12.3362
12.3245
12.3147
12.3119
12.3164
12.3157
12.3174
10.3812
10.388
10.4015
10.4077
10.4034
10.3984
10.3938
10.3922
10.3878
10.3814
8.48367
8.47441
8.47276
8.47562
8.47657
8.48063
8.48208
8.48409
8.48509
8.48762
6.58893
6.57588
6.57301
6.5731
6.58042
6.59612
6.60223
6.60046
6.59312
6.59406
4.68832
4.68548
4.68775
4.69486
4.70898
4.73303
4.7326
4.72161
4.71009
4.69836
2.80904
2.80925
2.81228
2.81859
2.8266
2.83559
2.84197
2.84018
2.82771
2.81407
0.939091
0.938504
0.938653
0.933339
0.931801
0.934855
0.944043
0.947928
0.948664
0.939236
98.4885
98.2414
99.5365
98.413
97.7459
98.2543
97.8707
97.5784
97.9423
97.453
97.2413
97.4206
97.2303
96.8803
96.7021
97.107
97.3512
97.8148
97.6087
98.0916
98.4428
98.429
99.277
99.9848
99.4976
99.6172
100.211
99.5099
98.8576
101.303
99.6628
99.3716
97.0876
98.6059
97.9597
97.8334
97.4097
97.3835
97.0757
101.304
97.4704
98.3084
97.9392
108.201
102.114
105.645
76.8496
108.551
103.396
100.266
101.548
100.797
100.745
100.039
102.449
101.482
98.2731
106.148
105.081
103.881
100.127
99.6076
99.7198
98.8375
98.5155
98.9752
97.896
97.69
97.706
97.7641
99.7893
101.971
97.1685
97.374
97.0838
96.8232
97.8236
99.0034
97.8529
97.2747
97.7783
98.6419
98.942
105.702
100.457
100.324
100.526
100.601
100.559
101.491
95.5501
95.3389
96.7428
95.1058
94.9795
96.9028
94.9028
94.5122
97.4059
94.4518
94.6406
97.4279
94.6776
95.0033
97.0201
94.9881
94.8695
97.462
94.8391
94.9445
98.0989
95.1321
95.7908
98.679
95.7353
95.6773
98.0708
95.6333
95.6777
97.3026
98.7562
100.027
99.9381
99.2418
99.6566
98.4322
99.5929
99.5219
99.2479
98.1633
98.2907
98.7852
97.9857
98.192
98.0166
98.4787
98.4583
98.0961
97.83
97.8719
97.808
97.5945
97.8848
97.6698
97.4611
97.2172
97.6164
97.6543
98.1813
97.2613
97.1125
97.3438
97.3103
97.5702
97.5435
97.3659
97.0491
97.26
97.1493
96.9932
96.9866
96.8527
96.2136
96.0707
96.6653
97.3491
97.564
97.0988
97.3422
98.1795
97.4956
103.202
99.147
96.0157
97.6815
97.5653
97.5894
98.3789
98.0431
97.9962
100.363
98.0461
98.2947
98.6184
98.3863
98.5027
99.2591
105.425
99.1992
99.5594
103.716
100.281
99.5371
99.9154
99.9836
100.053
100.05
99.6294
101.67
100.275
100.411
99.3101
100.225
100.132
100.376
99.8919
99.0249
101.053
100.291
100.192
96.9803
97.2339
97.4819
97.0893
96.9449
97.079
97.0892
97.1226
97.2835
97.3458
97.5409
97.6596
97.318
97.2013
97.1722
97.0181
96.9546
96.9755
97.386
97.1824
97.2145
97.9171
97.6802
97.5549
97.62
97.4137
98.1742
97.4547
96.4422
96.7056
97.8313
97.6941
97.3298
96.1186
96.1221
97.2224
116.81
68.523
101.839
101.508
103.271
103.512
99.4806
126.602
98.5785
92.6736
97.399
95.7278
99.5779
101.044
106.197
97.4456
102.13
107.369
92.5838
92.5742
93.8332
92.5145
92.535
93.7577
95.0698
96.7082
96.7051
96.6434
96.5846
94.9628
97.1394
97.0439
98.2951
96.9493
96.2072
95.9929
96.6585
96.6209
95.1174
95.0288
96.5251
96.5495
92.3845
92.3901
93.5836
92.5376
92.601
93.8163
96.175
95.7882
94.5266
94.8401
96.1084
96.4089
101.197
103.417
110.396
94.5134
95.4793
95.1869
95.785
95.8983
94.8926
102.059
106.058
101.073
103.444
101.121
97.9291
103.711
88.4431
102.028
98.0359
96.97
97.1772
100.585
98.3391
101.237
102.006
101.96
98.9468
89.8528
95.3547
145.46
92.7436
102.77
93.5698
98.7967
91.4212
98.6811
105.524
99.7951
98.5383
109.178
103.497
100.543
92.4219
92.374
93.4192
95.1254
95.1481
94.6714
100.934
101.858
106.685
92.7085
92.8142
94.2073
95.3544
95.9781
95.8666
121.655
102.019
86.6116
102.418
100.032
107.042
97.359
112.564
97.669
97.6505
142.782
103.283
123.884
93.5412
118.182
100.173
99.6503
97.9353
96.5278
96.2778
96.9681
105.944
102.985
101.782
105.498
105.255
109.597
104.498
108.803
111.513
97.135
103.967
126.825
95.1251
87.0215
96.7229
128.996
97.0187
108.615
106.137
107.079
129.268
98.8414
102.813
91.8111
99.9276
113.03
139.145
76.1586
153.346
102.206
112.523
106.252
102.579
105.356
99.4978
86.9507
104.121
105.005
112.537
109.675
104.062
102.93
89.5696
89.676
92.2946
102.573
97.5816
98.5262
90.5863
92.7195
111.864
91.5596
99.8798
99.7171
99.5409
105.193
107.662
105.409
103.845
108.754
103.764
91.8958
97.2055
80.2488
79.8263
105.109
79.1964
146.55
97.354
111.725
98.9215
108.743
107.071
92.286
104.366
93.1998
78.3289
95.3611
103.051
116.515
115.228
96.8745
99.2476
103.183
107.291
93.938
92.9736
100.805
102.011
101.886
103.349
95.9874
97.0496
98.87
98.2958
99.2731
98.6212
96.3177
99.5811
98.1784
97.6284
98.5242
97.1508
97.0751
97.9268
102.269
101.458
102.14
103.232
101.33
100.738
102.874
99.153
99.3806
138.426
129.375
113.934
104.963
100.95
109.889
93.4629
69.069
57.0955
151.996
112.886
189.639
119.603
176.807
118.026
100.048
103.438
122.392
120.841
117.593
192.855
147.358
100.186
138.684
122.296
127.563
111.823
88.0776
207.986
111.689
99.7158
103.318
91.0759
39.2637
115.09
98.5406
165.209
114.316
136.782
99.8238
157.442
73.8399
94.6285
130.55
155.255
105.957
88.1472
85.7878
76.6578
98.0423
91.4033
8.64797
164.999
96.4122
118.665
195.758
154.23
169.858
116.544
129.77
)
;
    }
    frontWall
    {
        type            cyclic;
    }
    backWall
    {
        type            cyclic;
    }
}


// ************************************************************************* //
