/*--------------------------------*- C++ -*----------------------------------*\
| =========                 |                                                 |
| \\      /  F ield         | OpenFOAM: The Open Source CFD Toolbox           |
|  \\    /   O peration     | Version:  5.0                                   |
|   \\  /    A nd           | Web:      www.OpenFOAM.org                      |
|    \\/     M anipulation  |                                                 |
\*---------------------------------------------------------------------------*/
FoamFile
{
    version     2.0;
    format      ascii;
    class       volScalarField;
    location    "3.5";
    object      p_rgh;
}
// * * * * * * * * * * * * * * * * * * * * * * * * * * * * * * * * * * * * * //

dimensions      [1 -1 -2 0 0 0 0];

internalField   nonuniform List<scalar> 
9046
(
98.496
98.4361
96.024
139.798
98.2048
98.739
95.9444
91.877
89.1212
86.4846
83.9138
81.3906
78.9011
76.463
74.0445
71.6562
69.2883
66.9547
64.6447
62.3592
60.0839
57.8267
55.6017
53.3692
51.1616
48.9741
46.7936
44.6104
42.4475
40.3094
38.1669
36.0503
33.9633
31.8698
29.7663
27.696
25.6799
23.6982
21.7253
19.7462
17.7949
15.888
13.9857
12.0552
10.1527
8.29726
6.4455
4.58543
2.74686
0.918419
92.759
94.467
98.2668
98.1341
106.686
98.0514
98.2119
93.4575
89.5661
86.8594
84.1572
81.5505
79.0248
76.5381
74.0861
71.6901
69.3047
66.9795
64.673
62.3673
60.0906
57.8316
55.597
53.3714
51.1524
48.9595
46.7828
44.6119
42.454
40.3115
38.1823
36.0644
33.9599
31.8587
29.7676
27.7022
25.6752
23.6827
21.7075
19.7463
17.8012
15.8926
13.9924
12.0737
10.1601
8.2881
6.43223
4.58238
2.74727
0.918117
94.1569
95.0373
80.7348
110.985
100.469
101.128
99.5485
94.2349
89.9294
87.0754
84.2994
81.6284
79.0604
76.5678
74.1105
71.6918
69.325
67.0033
64.6914
62.3678
60.0938
57.8339
55.584
53.3635
51.1544
48.9539
46.7709
44.6177
42.4642
40.3127
38.1863
36.0634
33.9408
31.8491
29.779
27.7179
25.6752
23.6736
21.7047
19.7482
17.8127
15.8965
13.9829
12.0738
10.1702
8.28505
6.42639
4.58375
2.74991
0.918076
72.8998
102.446
100.983
98.8424
98.4347
102.992
99.3308
95.0828
89.8922
87.0493
84.2748
81.6362
79.0512
76.5525
74.1071
71.6939
69.3246
66.9967
64.6695
62.3705
60.1021
57.8334
55.5896
53.3667
51.1656
48.9642
46.7704
44.623
42.4582
40.3035
38.1863
36.0579
33.9348
31.8435
29.7857
27.7346
25.6821
23.6706
21.7053
19.7542
17.8167
15.8831
13.9624
12.0661
10.1783
8.28825
6.42746
4.59119
2.75627
0.91323
99.9195
102.168
104.616
98.4697
100.143
98.9343
97.9197
94.9228
89.4487
86.7592
84.0812
81.4948
78.9759
76.5018
74.0846
71.6835
69.3249
66.9809
64.6443
62.3667
60.1032
57.8312
55.593
53.3695
51.1741
48.9775
46.78
44.6182
42.4464
40.2971
38.1803
36.0494
33.9313
31.8418
29.7863
27.7437
25.6916
23.6751
21.7099
19.7648
17.8154
15.8675
13.9384
12.0546
10.1756
8.2895
6.43446
4.60585
2.76508
0.911358
100.262
110.388
99.9232
99.5364
97.9348
104.416
96.5977
94.1138
88.7047
86.2909
83.7854
81.3108
78.864
76.4369
74.0514
71.6663
69.3181
66.9751
64.636
62.3577
60.0984
57.8272
55.5947
53.3799
51.1802
48.9949
46.7911
44.6126
42.4375
40.2835
38.1711
36.0434
33.9243
31.8439
29.7899
27.7456
25.7016
23.6839
21.7124
19.7646
17.8081
15.8477
13.9247
12.0409
10.1677
8.29285
6.45051
4.6289
2.77555
0.914566
86.2123
56.4844
118.197
111.237
103.339
96.0919
94.1869
91.6211
87.8873
85.7702
83.4908
81.1363
78.7734
76.3848
74.0077
71.6406
69.3015
66.9728
64.6328
62.3412
60.0837
57.8251
55.5918
53.3876
51.1852
48.9899
46.7964
44.6087
42.4383
40.2967
38.1699
36.0327
33.9178
31.8502
29.7931
27.7396
25.7072
23.698
21.7141
19.755
17.8005
15.8472
13.9238
12.0404
10.1645
8.29448
6.45631
4.62859
2.77901
0.922589
92.0358
97.2228
98.8782
108.406
91.2359
84.0487
90.2195
89.3263
87.3896
85.5045
83.3226
81.037
78.7131
76.3472
73.9655
71.6293
69.2837
66.9554
64.6439
62.3347
60.0736
57.82
55.5903
53.3889
51.1854
48.9946
46.7977
44.6066
42.4534
40.3055
38.166
36.0295
33.9213
31.8569
29.7912
27.7286
25.7071
23.7087
21.7191
19.7489
17.7955
15.8529
13.9339
12.0436
10.1623
8.29645
6.45479
4.6179
2.77778
0.927921
96.2931
98.3563
100.241
99.8707
92.5113
91.4044
91.0001
89.6856
87.6404
85.6356
83.3943
81.0824
78.7287
76.3523
73.9781
71.6301
69.2663
66.9421
64.637
62.3426
60.0664
57.8132
55.5949
53.3842
51.1867
48.9951
46.7936
44.6059
42.4454
40.3029
38.1552
36.0303
33.942
31.8624
29.7843
27.7209
25.7016
23.7118
21.7229
19.7471
17.7932
15.8656
13.9537
12.0455
10.1593
8.29824
6.44781
4.60714
2.76693
0.928652
104.553
100.019
98.9521
98.8696
98.4371
95.6196
93.9566
90.7623
88.415
86.0273
83.6321
81.212
78.7877
76.398
74.0063
71.6337
69.2738
66.9455
64.635
62.3491
60.0696
57.8179
55.5994
53.3741
51.1763
48.9919
46.7985
44.6085
42.4432
40.3043
38.158
36.0372
33.957
31.8694
29.7714
27.7013
25.6879
23.7073
21.7256
19.7456
17.7935
15.8772
13.9699
12.0475
10.1528
8.3014
6.45081
4.59555
2.75224
0.918463
98.6185
97.7518
96.9755
97.5028
108.823
98.3244
95.838
91.8778
89.1211
86.4846
83.9138
81.3907
78.9009
76.4631
74.0445
71.656
69.2883
66.9548
64.6448
62.3589
60.0839
57.8268
55.6017
53.3691
51.1616
48.9742
46.7935
44.6104
42.4471
40.3094
38.1668
36.0504
33.9633
31.8697
29.7662
27.696
25.6798
23.6982
21.7253
19.746
17.7948
15.8881
13.9859
12.0553
10.1527
8.29727
6.44544
4.58541
2.74681
0.918491
127.052
106.648
99.6368
98.8696
97.1091
99.06
98.1233
93.4575
89.5666
86.8592
84.1572
81.5505
79.0247
76.5381
74.0861
71.69
69.3046
66.9797
64.6728
62.3672
60.0906
57.8317
55.5966
53.3713
51.1524
48.9594
46.7827
44.6119
42.454
40.3115
38.1828
36.0645
33.9599
31.8587
29.7676
27.7021
25.6752
23.6827
21.7074
19.7456
17.8012
15.8927
13.9925
12.0734
10.1601
8.28813
6.43213
4.5825
2.74746
0.918069
102.906
89.6754
95.7851
94.1268
95.7325
101.902
99.5477
94.2343
89.931
87.0752
84.2994
81.6284
79.0604
76.5677
74.1105
71.6918
69.325
67.0033
64.6915
62.3677
60.0936
57.8339
55.5838
53.3636
51.1544
48.9537
46.7709
44.6177
42.4643
40.3128
38.186
36.0633
33.9409
31.8492
29.7791
27.7179
25.6751
23.6736
21.7047
19.7482
17.8128
15.8967
13.9829
12.0737
10.1702
8.28488
6.42618
4.58379
2.74992
0.918062
133.758
102.972
109.313
98.9976
97.2203
103.328
99.3019
95.0725
89.8928
87.049
84.2748
81.6361
79.0512
76.5525
74.1071
71.6939
69.3245
66.9965
64.6695
62.3704
60.1021
57.8334
55.5895
53.3668
51.1653
48.964
46.7705
44.6231
42.4583
40.3034
38.1863
36.0579
33.9347
31.8435
29.7857
27.7346
25.682
23.6706
21.7053
19.7543
17.8167
15.8828
13.9623
12.0661
10.1783
8.28824
6.42736
4.59119
2.75625
0.913094
101.362
103.444
106.413
98.5524
105.831
98.8045
97.9175
94.8076
89.4492
86.7592
84.0813
81.4943
78.9758
76.5018
74.0847
71.6835
69.3248
66.9809
64.644
62.3668
60.1032
57.8312
55.593
53.3696
51.174
48.9776
46.7801
44.6182
42.4459
40.297
38.1804
36.0494
33.9313
31.8418
29.7864
27.7436
25.6916
23.6751
21.7099
19.7648
17.8153
15.8675
13.9383
12.0548
10.1756
8.28948
6.43438
4.60576
2.76507
0.911405
101.506
99.5314
99.599
99.1059
97.3083
106.036
96.5524
93.9997
88.7051
86.2909
83.7854
81.3106
78.8642
76.4369
74.0514
71.6663
69.3181
66.9751
64.6359
62.3577
60.0985
57.8271
55.5946
53.3799
51.1804
48.995
46.791
44.6124
42.4375
40.2836
38.1711
36.0433
33.9242
31.8439
29.7899
27.7455
25.7017
23.6838
21.7124
19.7647
17.8081
15.8477
13.9247
12.0409
10.1676
8.29283
6.45049
4.62892
2.77528
0.914542
108.725
130.595
103.661
97.4224
102.691
96.0543
94.1956
91.5375
87.8876
85.7701
83.4908
81.1363
78.7733
76.3848
74.0077
71.6405
69.3014
66.9727
64.6327
62.3413
60.0836
57.8251
55.5918
53.3876
51.1849
48.9898
46.7963
44.6088
42.4384
40.2966
38.1701
36.0326
33.9177
31.8502
29.7931
27.7395
25.7071
23.6979
21.7141
19.7551
17.8005
15.8471
13.9239
12.0406
10.1643
8.29447
6.45641
4.62868
2.77894
0.922702
94.9402
98.6116
104.404
110.325
85.7694
91.6916
90.1612
89.3181
87.39
85.5042
83.3226
81.037
78.713
76.3472
73.9654
71.6293
69.284
66.9552
64.644
62.3346
60.0736
57.82
55.5903
53.3888
51.1853
48.9948
46.7981
44.6065
42.4532
40.3055
38.166
36.0294
33.9213
31.8569
29.7911
27.7286
25.7071
23.7087
21.7191
19.7488
17.7954
15.853
13.934
12.0436
10.1622
8.29643
6.45479
4.61788
2.77772
0.927907
91.8934
98.7628
103.976
100.033
91.8423
92.3929
91.0122
89.6826
87.6409
85.6354
83.3943
81.0824
78.7286
76.3522
73.9781
71.6303
69.2665
66.942
64.637
62.3427
60.0664
57.8132
55.5949
53.3841
51.1866
48.995
46.7934
44.6058
42.4454
40.303
38.1553
36.0303
33.9424
31.8624
29.7843
27.7209
25.7015
23.7117
21.7228
19.7471
17.7932
15.8657
13.9536
12.0454
10.1593
8.2982
6.44777
4.60711
2.767
0.92865
99.8894
101.509
99.0421
98.672
102.367
95.9326
93.868
90.7626
88.4149
86.0273
83.6322
81.2119
78.7876
76.398
74.0063
71.634
69.2737
66.9455
64.6351
62.349
60.0694
57.8179
55.5994
53.3741
51.1762
48.9919
46.7983
44.6086
42.4433
40.3042
38.1578
36.0372
33.9572
31.8693
29.7714
27.7015
25.688
23.7072
21.7256
19.7456
17.7935
15.8772
13.9699
12.0474
10.1527
8.30142
6.45067
4.59552
2.75224
0.918453
98.3796
98.158
99.072
97.595
107.613
100.317
95.8367
91.8774
89.1211
86.4845
83.9142
81.3906
78.9006
76.4631
74.0444
71.6557
69.2882
66.9548
64.6449
62.3586
60.0837
57.8268
55.6016
53.3689
51.1616
48.9741
46.7933
44.6103
42.447
40.3095
38.1669
36.0504
33.9633
31.8695
29.7661
27.6959
25.6798
23.6981
21.7253
19.7459
17.7946
15.8881
13.9858
12.0554
10.1527
8.29756
6.44534
4.58533
2.74671
0.918446
100.195
91.7069
95.4928
100.025
100.956
100.38
98.1366
93.4578
89.5659
86.8592
84.1571
81.5504
79.0247
76.538
74.086
71.6898
69.3046
66.9798
64.6727
62.367
60.0913
57.8317
55.5958
53.3712
51.1526
48.9592
46.7826
44.6118
42.4541
40.3115
38.1828
36.0644
33.9598
31.8587
29.7675
27.7021
25.6751
23.6831
21.7073
19.7456
17.8011
15.8927
13.9923
12.073
10.1602
8.28812
6.43205
4.58243
2.74755
0.91788
89.1027
77.7571
90.7639
101.295
112.968
102.376
99.5461
94.2354
89.9307
87.0752
84.2993
81.6283
79.0603
76.5677
74.1104
71.6917
69.3249
67.003
64.6914
62.3676
60.0934
57.8338
55.5838
53.3641
51.1544
48.9536
46.7709
44.6176
42.4642
40.3127
38.1859
36.0629
33.9409
31.8493
29.7791
27.7179
25.6749
23.6736
21.7046
19.748
17.8128
15.8967
13.9829
12.0733
10.1705
8.28478
6.42608
4.58375
2.74989
0.917826
99.5656
101.626
104.34
98.926
100.091
103.299
99.2926
95.0762
89.8921
87.0484
84.2746
81.636
79.0511
76.5524
74.107
71.6938
69.3245
66.9963
64.6694
62.3702
60.1022
57.8333
55.5895
53.3669
51.1651
48.9637
46.7706
44.623
42.4583
40.3033
38.1862
36.0579
33.9346
31.8434
29.7856
27.7346
25.6819
23.6706
21.7053
19.7543
17.8166
15.8827
13.9623
12.0661
10.1784
8.28816
6.42726
4.59116
2.75616
0.912769
100.352
103.004
107.229
98.4092
100.733
99.3645
97.9152
94.8144
89.4482
86.7596
84.0812
81.4938
78.9753
76.5017
74.0847
71.6837
69.3247
66.9808
64.6438
62.3668
60.1032
57.8308
55.593
53.3696
51.1737
48.9776
46.7802
44.6181
42.4457
40.2969
38.1804
36.0494
33.9313
31.8417
29.7864
27.7436
25.6918
23.6751
21.7098
19.7651
17.8152
15.8676
13.9383
12.055
10.1757
8.28942
6.43452
4.60567
2.76506
0.911317
118.794
107.865
97.6705
108.472
96.991
95.9268
96.5487
94.0113
88.7042
86.2911
83.7851
81.3105
78.8644
76.4368
74.0512
71.6662
69.318
66.9752
64.6357
62.3577
60.0986
57.8271
55.5944
53.3799
51.1804
48.9949
46.7909
44.6123
42.4374
40.2841
38.1713
36.043
33.924
31.8438
29.7898
27.7454
25.7016
23.6838
21.7123
19.7647
17.8078
15.8476
13.9247
12.0409
10.1674
8.29276
6.45051
4.62891
2.77485
0.914497
84.9703
102.72
100.436
93.0603
100.468
95.7082
94.152
91.5399
87.8873
85.7702
83.4907
81.1362
78.7732
76.3847
74.0076
71.6405
69.3014
66.9725
64.6326
62.3413
60.0838
57.825
55.5918
53.3875
51.1847
48.9898
46.7962
44.609
42.4387
40.2967
38.17
36.0325
33.9176
31.8502
29.793
27.7393
25.7071
23.6979
21.714
19.755
17.8005
15.8467
13.924
12.0405
10.1642
8.2944
6.4567
4.62838
2.77843
0.922671
92.6909
95.45
117.446
108.124
92.2519
90.7777
90.1714
89.32
87.3899
85.5043
83.3225
81.0369
78.713
76.3471
73.9652
71.6292
69.2842
66.9549
64.6441
62.3347
60.0735
57.8201
55.5904
53.3888
51.1852
48.9949
46.798
44.6064
42.4532
40.3054
38.1658
36.0293
33.9213
31.8569
29.791
27.7286
25.7071
23.7085
21.7191
19.7488
17.7953
15.853
13.9342
12.0435
10.1621
8.29636
6.45474
4.61783
2.77771
0.927769
93.9178
96.7501
100.47
100.573
98.5263
90.6039
91.0068
89.6824
87.6408
85.6355
83.3942
81.0823
78.7286
76.3521
73.978
71.6305
69.2666
66.9419
64.6372
62.3426
60.0663
57.8131
55.5948
53.3841
51.1864
48.9949
46.7933
44.6057
42.4454
40.303
38.1551
36.0301
33.9424
31.8623
29.7841
27.7209
25.7015
23.7115
21.7227
19.747
17.7933
15.8658
13.9536
12.0452
10.1592
8.29813
6.44765
4.60704
2.76718
0.92856
99.8209
97.8272
98.8453
99.0372
100.923
95.906
93.8805
90.7626
88.4149
86.0272
83.6322
81.2118
78.7873
76.398
74.0062
71.6342
69.2737
66.9454
64.6352
62.3489
60.0691
57.8177
55.5993
53.3741
51.1762
48.9918
46.7982
44.6086
42.4432
40.3041
38.1577
36.0374
33.9576
31.8692
29.7713
27.7016
25.6879
23.7072
21.7255
19.7455
17.7934
15.8772
13.9698
12.0473
10.1527
8.30137
6.45048
4.59544
2.75225
0.918387
96.7109
99.9999
98.1264
98.3215
96.7244
99.5313
98.189
98.2873
111.366
99.5233
99.09
98.2998
113.193
99.5222
100.021
103.968
99.9122
101.374
100.027
103.559
99.8807
99.6148
94.299
98.1695
103.054
99.582
92.9431
98.1569
98.2609
99.2244
97.5299
98.7975
98.2678
99.1504
97.5391
97.3071
96.5438
94.8949
105.069
97.2915
96.5044
94.8838
94.0187
87.3563
90.3054
96.1753
94.2486
87.9058
90.3136
89.5667
88.5855
89.5727
103.56
89.5562
88.3003
89.5822
90.8457
93.8965
93.2359
91.3494
90.8502
94.8278
93.2468
93.9297
97.5621
96.3007
95.3525
93.9411
97.612
96.3191
96.7274
99.7142
98.1879
98.0007
96.7366
100.202
98.1818
98.3017
99.1024
99.5178
101.738
98.2979
99.7038
99.5162
100.032
103.198
99.9388
102.109
100.005
102.038
99.8621
99.6517
93.0907
98.1595
102.753
99.6286
90.8397
98.1421
98.2423
99.1085
97.4965
99.2107
98.2409
99.013
97.5802
97.2907
96.4867
95.0316
95.038
97.3225
96.5004
94.9341
94.316
88.089
90.2925
95.7842
94.1205
87.5038
90.2942
89.557
88.1478
89.5717
90.9854
89.5574
87.7533
89.5737
90.8586
93.9671
93.2456
92.3757
90.8545
93.6207
93.24
93.946
97.9947
96.3208
95.8266
93.947
98.4334
96.3274
96.7343
99.0328
98.1829
99.9922
96.6939
99.6112
98.1351
98.2966
99.7089
99.5193
101.246
98.2879
100.206
99.5138
100.019
101.891
99.9707
103.045
100.034
101.719
99.9299
99.6439
116.999
98.1622
104.054
99.6308
122.981
98.1532
98.213
98.9991
97.4557
99.9112
98.2817
98.9524
97.6271
97.2579
96.4238
94.895
95.0587
97.3637
96.3216
94.8741
94.1423
87.3729
90.322
96.0025
93.9768
87.3751
90.3038
89.5834
87.0756
89.5805
90.8443
89.5943
86.4506
89.5862
90.8741
93.6229
93.2363
90.5415
90.8451
94.3437
93.2195
93.9423
97.8132
96.3244
95.8442
93.9243
98.2766
96.302
96.3774
103.651
100.491
97.8403
94.6295
100.542
99.098
97.9513
96.9756
106.988
98.1409
104.96
98.4151
96.9658
93.8452
97.8974
94.753
95.8426
93.8546
97.7316
94.7626
98.108
84.6396
107.349
111.331
98.5083
89.1987
102.979
98.5807
98.836
101.919
98.7639
98.8279
103.356
98.958
95.3598
99.1397
95.7611
98.1325
95.3584
99.1628
95.7736
103.534
103.471
106.589
104.602
97.9802
101.895
105.818
101.096
101.115
102.182
101.695
101.26
102.425
101.302
95.8876
99.4477
96.3773
99.5509
95.8947
99.3911
96.2984
93.7365
102.472
100.828
96.8941
92.6142
103.369
100.647
97.3335
101.062
98.8514
103.189
100.76
97.2959
98.641
96.7677
98.3712
97.253
99.326
96.6502
98.3265
97.2593
101.47
103.557
103.408
111.07
100.641
103.48
101.016
98.6625
98.5272
100.126
98.9064
98.5303
100.186
98.6932
97.306
97.3517
96.4548
97.9246
97.3339
97.3191
96.4868
97.4724
98.8329
98.7932
98.9313
123.926
99.0012
98.2048
98.6216
98.9039
98.7347
104.519
98.8984
101.034
97.7104
96.0979
95.247
94.4067
96.5483
96.1322
95.2219
94.431
99.6054
90.8266
80.7755
103.079
98.4186
92.1499
74.9594
92.5052
94.6591
94.5063
96.0777
94.4865
94.3451
92.6127
93.4455
90.9654
90.7653
94.169
93.4573
90.9639
90.6474
86.7942
70.7748
76.6139
90.5097
97.2819
69.6464
76.8831
88.5588
87.8913
89.7356
84.2642
88.0921
88.6135
88.9199
90.0807
90.1444
89.7326
90.1872
89.9816
90.145
89.7329
93.5287
98.4535
94.7355
91.968
93.2347
96.5245
94.804
91.8618
90.6156
96.549
91.4763
90.6088
94.6397
91.5282
90.0954
93.0053
91.3146
91.0061
90.1017
92.9797
91.3123
97.0381
96.8924
95.9877
97.4982
96.5986
97.4059
95.6274
95.0659
94.3039
95.5994
95.3088
94.3287
95.6128
95.1218
92.2531
95.4921
93.1527
93.8761
92.2611
95.3789
93.1616
95.2684
103.705
101.066
108.317
99.0838
97.13
95.8952
97.9492
96.9285
108.441
98.2801
99.1102
104.104
96.9368
93.8538
97.7219
94.7616
95.8278
93.8537
97.7452
94.761
104.532
124.848
102.699
97.2953
98.0623
98.813
96.7338
99.3464
98.8336
102.587
105.053
99.2461
98.8695
102.867
95.3573
99.1664
95.7717
98.1365
95.3574
99.1424
95.7701
104.936
101.477
106.48
101.841
103.839
100.564
102.6
101.499
100.574
103.131
102.414
101.548
100.741
103.716
95.8908
99.4291
96.2915
99.5432
95.8907
99.3891
96.2919
94.8648
103.784
101.041
101.264
95.8325
103.933
101.945
97.8281
100.757
101.793
103.682
97.849
100.796
101.765
96.6378
98.3874
97.259
99.3073
96.6359
98.319
97.26
101.865
103.61
101.511
100.528
101.194
103.67
103.669
98.6218
98.5057
99.8247
98.9077
98.611
98.5146
99.9106
97.3393
97.3519
96.4919
97.9158
97.3401
97.3407
96.4911
108.253
99.5239
98.1043
96.9648
101.173
102.361
97.9259
97.1086
98.9175
99.9219
110.79
97.1128
98.8927
104.867
96.1432
95.2271
94.4375
96.579
96.1338
95.2558
94.4352
98.4951
95.1166
86.8813
105.18
101.441
92.5725
83.9012
92.7131
94.6131
93.4911
96.0507
92.6823
94.5951
93.6317
93.4573
90.9696
90.6394
94.1168
93.4575
90.9654
90.6372
74.9516
68.1821
78.5243
85.4966
106.48
141.459
150.488
88.0416
87.5806
89.0015
90.2823
88.8371
87.5798
88.9876
89.9756
90.143
89.7286
90.1764
89.9768
90.1431
89.7285
99.1893
96.485
95.3484
94.9312
101.923
96.469
95.5489
92.7306
90.6125
95.9667
90.8256
91.7791
90.6261
97.011
90.0985
92.9754
91.3105
91.0118
90.097
92.9815
91.3103
96.9325
97.8943
96.5843
101.269
96.1549
99.4712
99.8752
95.0204
94.1654
95.4692
95.4216
95.0248
94.209
95.4469
92.2598
95.3711
93.1612
93.8685
92.2595
95.3652
93.1614
98.8223
97.3971
96.2632
98.2546
99.2561
95.7655
98.36
98.5897
96.9413
103.464
99.8502
98.0416
103.462
96.9727
93.8545
97.7639
94.7615
95.9431
93.845
97.9267
94.7518
106.628
117.087
96.8309
98.0013
101.755
109.266
99.9267
99.2328
98.864
101.529
102.899
98.8064
99.4991
101.394
95.3582
99.1353
95.7716
98.2172
95.3588
99.13
95.7611
109.126
99.8937
103.693
102.939
106.499
101.644
105.373
101.423
100.632
103.106
102.493
101.42
100.67
102.501
95.8946
99.4423
96.2975
99.541
95.8876
99.4559
96.3759
131.083
100.695
101.132
96.4865
126.229
105.273
114.829
104.134
101.018
102.208
103.598
99.9622
101.719
106.068
96.6461
98.3773
97.2565
99.3536
96.7728
98.3621
97.2541
100.983
104.655
102.984
104.533
106.145
103.733
106.36
98.6501
98.5756
100.269
103.321
98.6721
98.5834
102.083
97.3355
97.3208
96.4877
97.9188
97.3063
97.3795
96.4552
104.883
123.765
100.455
99.7126
118.295
102.805
98.9852
97.2571
98.8829
102.24
96.3194
97.2497
98.9163
98.0343
96.1293
95.2235
94.4309
96.5852
96.0995
95.2357
94.4061
100.163
89.7975
82.8254
96.9751
103.484
95.4874
82.3912
92.8702
94.6181
92.4214
95.5776
92.6859
94.625
93.6974
93.4545
90.9769
90.6455
94.124
93.4452
90.969
90.7599
156.563
109.474
73.2482
126.355
87.4175
95.7128
9.19681
88.5446
87.7849
92.4878
92.7329
88.5223
87.8177
91.9959
89.9812
90.1453
89.7328
90.2228
90.0801
90.1451
89.7322
103.161
96.399
95.6484
96.9856
84.873
98.3575
95.8708
97.2091
90.6424
94.6941
92.3616
94.3284
90.6487
96.6633
90.0997
92.9873
91.3118
91.0039
90.0942
93.0113
91.3143
96.568
100.386
96.9296
100.875
96.9463
98.6272
97.1861
95.0079
94.1656
95.4684
95.8966
95.0143
94.0524
95.3655
92.2605
95.3795
93.1623
93.9648
92.2523
95.4827
93.1533
97.5529
96.8998
97.6055
96.7209
97.5882
97.552
96.9046
98.623
98.5585
98.4716
99.4886
98.9143
98.3951
98.6147
97.9827
98.1009
98.3678
98.1585
98.111
98.3663
97.9736
97.9666
98.3645
96.9214
106.121
105.075
98.0713
96.9442
97.5476
96.7279
96.8967
97.6357
97.6464
97.5228
96.9032
98.5575
99.5321
97.8276
98.4255
97.8916
98.3823
98.4527
97.9882
98.181
98.1288
98.3674
98.1204
98.3669
97.9925
99.0673
98.6838
98.6729
98.2921
98.6848
98.6753
99.0264
99.5417
101.627
100.005
114.025
101.404
100.149
99.536
99.378
99.2554
99.7879
99.5248
99.2606
99.7882
99.3756
98.5687
99.1431
98.8069
102.032
98.8074
101.897
98.7928
99.0596
98.2975
98.6972
98.6789
98.6899
98.6756
98.8812
99.5762
105.584
100.829
100.545
102.144
99.9558
99.5665
99.3792
99.5259
99.2596
99.7576
99.2605
99.78
99.361
100.655
100.415
100.214
99.9935
100.391
100.198
100.643
100.956
99.6052
101.362
103.519
99.3901
101.371
101.27
101.296
100.475
100.449
99.8987
100.33
100.444
101.27
101.171
102.464
100.475
102.284
101.689
102.471
101.174
100.75
100.05
100.441
100.215
100.472
100.248
100.62
100.922
103.556
99.087
101.367
99.425
101.376
100.83
101.269
99.9036
100.273
100.433
100.254
100.446
101.23
99.4669
100.279
98.913
99.6092
100.214
98.9294
99.5626
99.9155
98.719
97.0969
93.3916
97.1384
97.0803
100.806
98.765
98.5991
97.9469
98.1766
98.5953
97.9281
98.7702
97.1303
104.548
101.233
104.045
100.737
102.316
100.598
99.4407
99.6422
100.229
98.9386
100.236
98.9379
99.5673
100.184
93.3369
96.8279
97.2012
96.8335
97.1342
100.101
98.7617
98.1675
98.5624
97.9294
98.5857
97.9256
98.7621
98.3954
98.369
98.0925
98.2453
98.3735
98.0777
98.4193
98.6351
99.3245
98.6011
99.215
99.4014
98.5407
98.6299
98.194
97.8569
98.1582
97.5304
97.8416
98.1138
98.2863
98.6956
98.9289
98.5247
99.8788
98.5506
99.9961
98.6236
98.3819
98.2836
98.3472
98.0783
98.4693
98.0804
98.3435
98.6223
99.1885
99.3312
98.4957
99.3443
98.6014
98.6323
98.1609
97.6703
97.8115
98.0921
97.9755
98.0797
98.2341
97.1477
97.894
96.5638
97.3123
97.8893
96.5455
97.1548
96.8945
97.7634
95.5714
96.5039
97.8093
95.5412
96.9432
96.3768
95.9263
95.2626
94.8888
95.9122
95.2644
96.4188
97.1056
104.636
98.8664
98.8823
98.8867
98.5657
97.0589
97.1378
97.3275
97.8853
96.5487
97.8734
96.5551
97.1496
96.8936
96.5169
97.6529
95.5373
97.7738
95.5376
96.8853
96.3827
94.8797
95.9156
95.2529
95.9105
95.2568
96.3839
92.7046
94.1883
92.575
94.0917
94.2096
92.5707
92.7074
88.8759
86.1276
88.7956
86.825
85.9366
88.7385
89.4999
90.7623
91.3933
89.8025
90.3108
91.3546
89.7812
90.7496
92.5506
96.2774
94.6664
93.8144
94.3916
93.9599
92.635
92.7117
94.0677
94.1558
92.5557
94.1688
92.5589
92.7081
88.905
87.1092
86.8331
88.7991
86.4621
88.7408
88.9724
90.7769
90.3331
91.3449
89.7948
91.3622
89.7943
90.779
88.6513
89.1218
89.2724
89.5545
89.0662
89.2714
88.6913
86.2471
77.7328
88.2356
88.7168
77.6766
88.2339
86.132
87.5123
88.8665
88.79
89.5712
88.8647
88.7575
87.6275
88.4912
89.4921
87.67
88.6215
87.6334
88.6384
88.408
88.6682
89.5597
89.0787
89.2591
89.0726
89.2821
88.6749
85.974
88.3413
77.827
88.2291
77.7998
88.2452
86.0128
87.5331
89.5858
88.8615
88.763
88.8707
88.7794
87.5238
91.4366
90.574
91.8571
90.827
90.5209
91.8589
91.4399
91.0701
112.761
93.8037
93.6974
96.8788
93.6337
94.2984
92.0365
92.8084
93.2582
93.2449
92.814
93.247
92.9505
92.0874
91.4394
90.6055
95.2324
90.6812
94.5906
91.8789
91.4656
90.8607
90.5073
91.8608
90.5885
91.8601
91.5043
95.0141
93.6702
97.847
93.9843
97.4472
93.8259
95.0811
92.6166
93.2472
92.8203
93.2204
92.8197
93.3518
92.8579
94.8327
94.1317
94.6449
93.9276
94.1283
94.6629
94.8292
95.242
95.8612
96.6913
97.4865
95.824
95.2451
96.5485
95.373
95.15
96.3416
96.3095
95.1592
95.37
96.3421
95.0638
95.2905
94.2009
95.6101
94.2433
95.5373
95.0622
94.8324
93.9339
94.1337
94.6839
94.1308
94.6749
94.8327
95.2267
97.5741
95.8585
96.5719
95.8526
95.2455
96.555
95.3742
96.3219
95.178
96.3399
95.1792
95.3709
96.3407
97.564
96.8908
97.645
96.7299
97.5244
97.661
96.8888
98.4367
97.5362
98.4211
101.017
98.4057
97.5206
98.4221
98.0083
98.1315
98.368
98.1788
97.9989
98.1269
98.3694
97.9835
99.1443
96.8359
103.573
103.641
98.0108
96.8756
97.6071
96.7344
96.8941
97.6761
97.6715
97.6343
96.89
98.4497
100.603
103.026
98.4107
103.463
98.4127
98.4555
98.0231
98.1738
98.126
98.3665
98.1242
98.3706
98.0425
98.7543
98.7052
98.6824
98.3001
98.7928
98.7155
98.6877
99.8238
100.762
101.013
99.1
99.672
104.642
100.159
99.3512
99.2591
99.7301
99.5168
99.3403
99.259
99.7036
99.3273
101.813
98.9132
101.801
98.885
102.299
99.2142
98.7566
98.2984
98.7463
98.7037
98.727
98.6959
98.7597
99.8782
99.4212
101.937
100.185
102.887
100.136
99.9902
99.365
99.514
99.261
99.7248
99.2606
99.6939
99.3902
100.614
100.434
100.221
99.9944
100.608
100.438
100.189
100.88
98.8451
101.425
102.843
100.808
100.56
101.263
101.264
100.094
100.433
99.9368
101.235
100.267
100.447
101.459
101.991
100.562
103.251
100.783
103.196
101.459
100.614
100.019
100.401
100.213
100.429
100.247
100.619
100.996
102.33
102.212
101.092
100.928
101.118
100.998
101.262
99.9033
100.287
100.442
100.446
100.441
101.238
99.7541
100.23
98.9498
99.6203
99.9576
100.257
98.9515
100.562
96.82
97.2899
91.8284
102.875
96.1065
97.4145
98.7616
98.5655
97.9432
98.1633
98.7714
98.5844
97.9199
97.858
114.463
101.134
101.863
101.067
101.871
99.9364
99.6157
99.6163
100.274
98.9265
100.24
98.9415
100.414
102.608
91.855
110.273
97.7455
110.817
97.5621
98.6798
98.7783
98.1486
98.5625
97.9224
98.5639
97.932
98.7491
98.3647
98.3645
98.0727
98.2258
98.3458
98.3528
98.079
98.5997
99.2949
98.4984
99.0737
98.6084
99.2099
98.5193
98.1953
97.8457
98.0936
97.5509
98.2071
97.8302
98.1025
98.6053
99.0553
98.5337
100.037
98.5247
99.9447
98.6016
98.3557
98.3348
98.3539
98.0768
98.3645
98.075
98.3537
98.5985
99.0576
99.1716
98.528
99.1956
98.5288
98.592
98.1968
97.7176
97.8207
98.1152
97.8639
98.0856
98.2091
97.1245
97.8461
96.5401
97.2849
97.1323
97.8197
96.5682
96.9046
97.7839
95.525
96.6218
96.8778
98.2273
95.5109
96.3996
95.9282
95.2675
95.0188
96.3866
95.9384
95.2583
97.1255
95.5502
98.8601
102.345
98.9049
99.5218
97.2534
97.1316
97.2877
97.7888
96.564
97.8055
96.5425
97.1274
96.9861
96.6376
97.6033
95.5963
97.8095
95.5501
96.8956
96.3897
94.9676
95.8993
95.242
95.8905
95.2577
96.3812
92.7132
94.1222
92.568
94.1884
92.7115
94.1406
92.5612
89.1636
85.7861
88.7915
88.1714
89.0535
84.6076
88.8391
90.7736
91.3383
89.8048
90.2948
90.7667
91.3784
89.809
92.7197
95.9353
94.6006
92.2052
94.6983
94.5445
92.6968
92.7159
94.1506
94.1478
92.5652
94.2195
92.57
92.7202
89.3383
113.641
96.445
88.9548
101.676
88.8885
89.5521
90.7853
90.3094
91.3541
89.8277
91.3531
89.8194
90.8037
88.5251
89.0918
89.2441
89.5579
88.5477
89.1863
89.2531
86.1127
77.9455
88.2696
87.8232
86.0131
78.3315
88.0955
87.5014
88.8678
88.7538
89.5762
87.5009
88.854
88.7975
88.5602
90.9407
87.7481
94.1046
88.1705
89.883
88.8287
88.4925
89.5705
89.1128
89.2928
89.1779
89.2722
88.5392
85.9141
91.4023
81.1628
87.9963
79.9263
88.1132
85.7936
87.5738
89.5952
88.8578
88.8075
88.8603
88.8069
87.5516
91.5241
90.5052
91.8617
90.8551
91.5109
90.5169
91.8608
98.6981
97.4551
93.8368
93.6355
88.7895
100.437
94.1981
92.7392
92.8134
93.2128
93.2452
92.5179
92.8056
93.2477
90.8345
91.5569
90.6228
106.765
90.6242
96.8941
93.4551
91.5288
90.8628
90.5042
91.8576
90.5176
91.8589
91.5301
99.1414
93.8775
97.57
97.3126
97.1618
93.5023
109.403
92.3746
93.244
92.8276
93.2648
92.8182
93.2326
92.4955
94.8382
94.1365
94.6881
93.9491
94.8345
94.141
94.6902
95.2602
95.677
96.7
98.0264
95.2524
95.6516
96.5948
95.3754
95.1835
96.3406
96.321
95.3717
95.1869
96.343
95.0142
95.8482
94.2241
95.4285
94.1995
95.4587
95.0141
94.8423
93.9484
94.1506
94.6902
94.1466
94.691
94.8453
95.207
98.2316
95.7406
96.6172
95.607
95.1959
96.5923
95.3791
96.3245
95.1863
96.3483
95.1871
95.384
96.3454
97.6544
96.9001
97.6628
96.7249
97.6498
97.6439
96.9079
99.1624
102.713
98.4025
99.3355
98.7548
102.793
98.4294
98.067
98.1174
98.3618
98.1725
98.0578
98.1165
98.3615
98.2385
99.352
97.2378
103.869
103.609
98.5003
96.8248
97.6584
96.7108
96.9088
97.6119
97.6327
97.6563
96.9122
99.0439
99.4205
104.723
98.4968
102.644
98.4658
99.337
98.0756
98.153
98.0942
98.3576
98.1173
98.3601
98.0684
98.7721
98.7405
98.7086
98.293
98.775
98.7806
98.7072
99.8849
102.03
100.243
99.728
99.899
102.058
100.254
99.434
99.2637
99.7689
99.5107
99.42
99.2632
99.8237
99.5539
101.531
99.1222
100.765
99.5944
101.506
99.0983
98.7944
98.2879
98.7623
98.7012
98.7484
98.7049
98.8991
99.905
100.702
103.092
100.372
101.892
100.408
99.8327
99.4432
99.5111
99.2607
99.8396
99.2637
99.8275
99.4496
100.653
100.396
100.24
99.9961
100.65
100.409
100.188
100.899
112.327
101.052
101.647
100.987
106.101
101.039
101.236
100.114
100.453
99.9197
101.212
100.16
100.447
101.443
102.551
100.79
106.089
100.706
107.963
101.602
100.66
99.9943
100.41
100.223
100.418
100.203
100.662
100.894
101.684
106.592
101.057
108.49
101.133
100.927
101.235
99.9068
100.514
100.454
100.348
100.45
101.206
99.4657
100.257
98.9304
99.6237
101.262
100.265
99.0748
102.733
110.89
98.1007
110.142
100.592
112.341
98.5424
98.7431
98.5587
97.9127
98.181
98.7872
98.5464
97.8978
103.828
103.74
100.932
100.891
101.126
100.848
104.117
99.7746
99.6252
100.31
98.9449
100.3
98.9437
99.2266
97.6662
131.657
110.483
98.8655
110.019
98.772
97.7814
98.7411
98.1559
98.5574
97.9021
98.5544
97.8836
98.7537
98.3263
98.3615
98.1001
98.2206
98.3407
98.3502
98.0809
98.6031
99.1561
98.5433
98.9818
98.5985
99.1343
98.5586
98.2207
97.8205
98.1307
97.4846
98.1977
97.8399
98.1266
98.6272
99.8569
98.6045
95.4131
98.5896
95.9759
98.6302
98.322
98.2672
98.3561
98.0977
98.3599
98.1124
98.3288
98.5914
98.9631
99.1361
98.6245
99.1424
98.5593
98.5904
98.2968
97.583
97.8203
98.1426
97.8237
98.122
98.2599
97.118
97.7831
96.5567
97.2342
97.1247
97.7699
96.5569
96.8885
97.5948
95.5445
96.3203
96.8902
97.5218
95.5595
96.3975
95.9394
95.2487
94.8923
96.3898
95.9327
95.2404
96.866
94.9958
98.9744
97.3236
98.9507
97.5903
97.6022
97.1175
97.2992
97.7605
96.5599
97.7606
96.5562
97.1366
96.8756
96.2573
97.8394
95.5523
97.4289
95.5245
96.9354
96.3954
94.8722
95.9428
95.233
95.9261
95.2349
96.4226
92.7346
94.1404
92.5702
94.0699
92.7297
94.1565
92.5693
89.7948
95.0599
88.9945
87.427
89.6879
94.743
89.0522
90.841
91.3486
89.8313
90.3053
90.822
91.3784
89.8289
92.7333
95.5793
94.7045
93.3755
94.6618
93.7504
92.7305
92.7342
94.0651
94.1884
92.5814
94.1606
92.5768
92.7448
89.8673
87.2846
95.6371
89.0944
94.5305
88.9731
89.9344
90.8506
90.2971
91.4445
89.8371
91.3813
89.8317
90.8669
88.5253
89.1652
89.3899
89.5663
88.5411
89.1682
89.262
85.7159
82.6227
88.1485
90.7887
85.7347
81.9163
88.0763
87.5487
88.858
88.7979
89.592
87.5438
88.8662
88.8085
88.4202
90.7419
88.1088
92.2622
87.823
91.9222
88.7055
88.6421
89.5667
89.2611
89.3276
89.1251
89.2922
88.6387
85.6038
86.6532
80.2974
88.1892
80.4136
88.0697
86.155
87.5416
89.5849
88.8825
88.8235
88.8707
88.8062
87.61
91.5835
90.5128
91.8616
90.8385
91.5528
90.5131
91.8648
102.963
97.8492
93.0683
93.5355
103.21
97.9745
92.0316
92.7234
92.8206
93.2514
93.2326
92.348
92.8262
93.2451
91.6407
89.7563
90.628
100.938
90.6697
96.7309
91.7316
91.567
90.8322
90.5201
91.8527
90.5356
91.8626
91.555
92.7265
93.3765
99.162
92.3328
97.7897
92.2369
93.0433
92.5612
93.2292
92.8404
93.2734
92.8341
93.2438
92.7565
94.8499
94.1514
94.6856
93.9352
94.8475
94.1478
94.6788
95.4516
95.8278
96.6222
97.7776
95.1775
95.8936
96.6317
95.3919
95.1824
96.3511
96.3167
95.3886
95.1804
96.3557
94.9827
95.8247
94.3144
95.9772
94.2252
95.7147
95.0217
94.853
93.925
94.1442
94.649
94.1451
94.6651
94.8495
95.3793
97.7535
95.9463
96.5924
95.9597
95.6044
96.5605
95.3933
96.3126
95.1578
96.3566
95.175
95.3925
96.3608
98.9963
99.3038
98.9619
98.7723
99.1011
99.1074
98.7695
92.963
94.109
92.9406
92.9976
93.8972
93.8935
92.9817
98.9557
99.3044
98.9513
98.7634
99.1052
98.7646
99.1043
92.9319
94.1256
92.932
92.9726
93.8915
92.9816
93.902
98.9373
99.3886
98.9801
98.7616
99.1051
98.7641
99.1075
92.9189
94.1264
92.9108
92.9516
93.8892
92.9748
93.8934
98.5999
98.3719
98.6268
98.5006
98.2024
98.1464
98.4716
99.312
98.9865
98.9805
98.7681
99.1074
99.1062
98.7657
98.3438
98.5894
98.7072
98.4557
98.1417
98.192
98.4125
91.8984
90.9704
91.8927
92.2129
91.4128
91.4173
92.2095
94.113
92.9343
92.9393
92.9781
93.9024
93.8985
92.9608
90.9704
91.8791
91.9373
92.2077
91.4154
91.4169
92.2069
98.599
98.3926
98.6139
98.4178
98.1895
98.4549
98.1789
99.2766
98.942
98.9477
98.7627
99.1056
99.1042
98.7632
98.3234
98.5886
98.6146
98.5594
98.1402
98.1849
98.4284
91.8711
90.9599
91.8874
92.2082
91.4143
92.2089
91.414
94.1466
92.9216
92.9285
93.0258
93.9052
93.889
92.958
90.9699
91.9058
91.8821
92.2101
91.4141
91.4141
92.2098
98.6159
98.3842
98.5942
98.4057
98.1704
98.4612
98.1459
99.3231
98.9219
98.9253
98.7666
99.0995
99.106
98.7684
98.3565
98.5894
98.589
98.4167
98.1968
98.146
98.5065
91.9518
90.9661
91.922
92.2072
91.4143
92.2109
91.4151
94.1207
92.9322
92.9146
92.9633
93.8988
93.888
93.048
90.9637
91.8993
91.8943
92.2158
91.4122
91.4167
92.2211
89.9151
90.1639
89.9208
90.8486
91.0697
90.8481
91.0724
89.9105
90.2206
89.9283
90.7955
91.0659
90.8148
91.0614
99.7544
99.3892
99.7486
99.7213
99.3319
99.7197
99.3332
99.4324
99.7515
99.7483
99.7187
99.3268
99.3316
99.7072
90.1564
89.9068
89.9176
90.8432
91.0699
91.0726
90.8324
89.9479
90.1863
89.9436
90.8253
91.0482
91.059
90.8428
99.7581
99.4246
99.7455
99.7072
99.3134
99.3254
99.713
99.4409
99.7694
99.7427
99.7086
99.3281
99.3276
99.7122
90.1798
89.9197
89.939
90.8332
91.0641
91.0623
90.8449
99.7681
99.4047
99.749
99.6884
99.3221
99.6979
99.3186
99.4109
99.7666
99.7568
99.6757
99.304
99.3162
99.7049
90.1944
89.9301
89.9145
90.7848
91.0453
91.0568
90.8173
90.1493
89.7765
89.7857
90.6519
90.6756
90.6599
90.6721
89.7757
90.1411
89.7762
90.6822
90.6855
90.6774
90.6897
90.1412
89.7742
89.7759
90.6818
90.6859
90.6894
90.681
89.7753
90.1484
89.7805
90.6579
90.6773
90.6726
90.6623
89.7814
90.152
89.7861
90.6348
90.6145
90.6389
90.6049
90.152
89.7793
89.7825
90.6375
90.6135
90.6409
90.6048
99.7574
99.5427
99.7553
99.4865
99.2266
99.4908
99.2225
99.7606
99.5484
99.7683
99.4593
99.2231
99.4769
99.2195
99.5552
99.7602
99.7627
99.4738
99.2261
99.2247
99.484
99.5437
99.7571
99.7566
99.4867
99.2233
99.2244
99.4808
99.7601
99.5576
99.7666
99.4572
99.2176
99.2182
99.4351
99.5511
99.7704
99.776
99.4428
99.2146
99.2165
99.4183
93.4105
102.715
101.145
100.272
94.1472
101.35
102.3
106.657
106.004
104.243
115.248
109.09
103.389
101.661
99.0621
104.39
102.118
106.915
97.5756
103.584
101.615
100.643
104.307
98.7751
105.275
99.8939
104.017
100.288
100.483
98.9784
101.015
99.0925
102.172
99.5969
102.086
99.7522
103.864
104.671
103.769
101.947
101.655
102.732
100.043
100.907
98.7396
100.542
104.335
101.242
100.486
91.3397
92.2073
90.5762
93.9976
91.3394
92.2079
90.5761
95.8557
96.3344
95.6576
96.1356
95.8548
96.3328
95.6678
95.8555
96.1375
96.3331
95.6596
96.3344
95.6631
95.8549
91.3316
92.3163
90.5667
94.0197
91.3405
92.2171
90.5772
91.3399
92.213
90.5769
94.1134
91.3309
92.3179
90.566
95.856
96.1223
96.3348
95.6519
96.3333
95.645
95.8566
95.8571
96.3344
95.6555
96.1218
95.8566
96.334
95.6478
92.2017
94.3433
91.8166
94.8055
92.2015
94.3479
91.8165
97.086
96.8337
96.7289
96.4917
97.0873
96.8376
96.7293
97.0859
96.4911
96.8332
96.7293
96.8351
96.7294
97.086
92.2018
94.3663
91.8169
94.9206
92.1916
94.4612
91.8056
97.0875
96.8281
96.7318
96.4756
97.0876
96.8188
96.7291
92.1924
94.463
91.8067
94.8182
92.2023
94.3599
91.8177
97.0884
96.4796
96.8279
96.7301
96.8255
96.729
97.0876
95.8598
96.3315
95.6226
96.1164
96.3353
95.6328
95.8563
95.8607
96.1179
96.3328
95.6227
96.3363
95.6353
95.8573
97.0906
96.4774
96.8024
96.728
96.8067
96.7314
97.0883
97.0925
96.8019
96.7279
96.4768
96.8116
96.7322
97.0882
91.7636
91.0144
91.7661
91.2256
90.9053
91.2341
90.9097
91.0153
91.7725
91.7702
91.2214
90.9116
90.9146
91.2207
91.7723
90.9996
91.7664
91.263
90.9106
91.2321
90.8978
91.0033
91.7566
91.7481
91.2737
90.8994
90.8968
91.2522
90.9983
91.7247
91.7493
91.298
91.012
90.9184
91.3495
91.715
91.0078
91.7335
91.3039
91.0056
90.9269
91.3513
99.1493
98.9216
98.9268
97.6691
98.4517
98.4364
97.6698
98.9373
99.1609
98.9344
97.6712
98.4353
97.6766
98.4283
95.2094
95.0499
94.6166
94.4351
95.2097
95.0575
94.6163
98.9176
99.1288
98.9126
97.6914
98.4628
97.6801
98.4646
95.2113
94.4265
95.0447
94.618
95.0399
94.6184
95.2107
95.2089
94.4346
95.0516
94.6165
95.0531
94.6166
95.2086
95.2112
95.0483
94.6172
94.4266
95.2093
95.0426
94.6184
95.2144
95.0186
94.6147
94.4223
95.0294
94.6206
95.2096
97.3757
97.6627
97.0858
97.338
97.3765
97.6617
97.0921
97.3747
97.3383
97.6621
97.0919
97.6614
97.0886
97.3755
99.1214
98.8953
98.9057
97.7259
98.6175
98.4933
97.8241
95.2151
94.4211
95.0186
94.6147
95.0312
94.6206
95.2093
98.9003
99.1533
98.9208
97.7379
98.5933
98.5034
97.8191
99.1589
98.9413
98.9327
97.703
98.4494
98.4724
97.6858
97.3783
97.329
97.6632
97.0808
97.6645
97.0756
97.3776
97.3767
97.6624
97.0828
97.33
97.3757
97.6635
97.0772
97.3828
97.6591
97.0511
97.3208
97.6673
97.0649
97.3765
97.3818
97.3208
97.658
97.0515
97.6664
97.0663
97.3752
92.5614
94.7635
92.4395
95.0737
92.5617
94.7645
92.4402
98.2636
97.1282
97.9677
97.2576
98.2629
97.1197
97.9692
98.2634
97.2582
97.1267
97.9681
97.1184
97.9682
98.262
92.5627
94.7699
92.4407
95.0847
92.5527
94.8609
92.429
98.2556
97.1398
97.9693
97.2558
98.2595
97.1605
97.9702
92.5513
94.86
92.4279
95.0745
92.5615
94.767
92.4396
98.2568
97.2568
97.1425
97.9676
97.1619
97.9682
98.2605
89.9568
90.0033
89.2699
91.5382
89.9569
90.0037
89.2697
93.1471
93.4571
93.8903
92.4065
93.8909
92.3995
93.1453
89.9479
90.0134
89.2611
91.5398
89.9572
90.0064
89.2707
93.1404
93.4515
93.8913
92.4221
93.8939
92.4387
93.1437
93.1473
93.8907
92.4085
93.4577
93.146
93.8907
92.4007
89.9569
90.0055
89.2701
91.6199
89.9469
90.0136
89.2603
98.2532
97.2258
97.9607
97.2556
97.1915
97.97
98.2375
98.2501
97.2555
97.2239
97.9619
97.1913
97.9711
98.2368
93.1388
93.8907
92.4186
93.4526
93.1428
93.8916
92.4359
93.1373
93.8859
92.4895
93.4474
93.8948
92.4628
93.1252
93.1342
93.4486
93.885
92.4879
93.8924
92.4608
93.1248
98.3538
98.2295
100.307
98.4249
98.2259
102.663
104.193
98.4825
96.634
98.6217
96.9666
98.6218
96.9665
98.4811
92.4164
91.6338
91.7624
90.6381
92.4158
91.6316
91.7642
92.4174
90.6385
91.6316
91.7653
91.6353
91.7646
92.4154
98.4633
98.6213
96.9838
96.6611
98.4746
98.6146
96.9938
92.4036
90.66
91.6339
91.7598
91.6379
91.7494
92.4091
98.4831
98.622
96.966
96.6343
98.4822
98.6206
96.9635
92.4
91.6446
91.7597
90.6515
92.4104
91.6465
91.7535
98.4533
96.6845
98.586
97.1269
98.6047
97.0243
98.4646
98.4729
96.6578
98.6167
96.9743
98.6107
96.9859
98.478
92.4146
91.7268
91.7238
90.6834
91.672
91.736
92.3913
92.3912
90.6788
91.775
91.7221
91.6688
91.7432
92.4157
98.4805
98.5862
97.0832
96.6896
98.6042
97.0248
98.4463
96.7327
98.9259
97.8301
100.287
97.1857
98.9383
99.2873
100.538
98.8465
98.6435
100.474
100.439
98.9272
98.6648
114.491
104.158
96.1753
105.627
118.266
104.364
96.3034
100.965
99.0901
98.542
99.9308
104.131
106.322
100.896
102.157
92.3904
107.127
98.9186
102.806
92.2051
110.786
110.953
104.371
96.1277
110.088
111.888
104.667
114.936
93.0017
92.4472
92.4598
91.828
92.4514
92.437
91.8921
92.9787
92.468
92.4727
91.7799
92.4227
92.4217
91.7915
92.4833
92.9763
92.4829
91.7677
92.421
91.762
92.4214
92.4631
92.9957
92.4681
91.801
92.4258
91.801
92.425
92.9896
92.4727
92.4559
91.7994
92.4235
92.4231
91.7766
92.4108
92.9984
92.4281
91.8325
92.45
92.4353
91.8752
104.87
99.6788
99.5651
111.035
116.786
101.746
99.7331
98.4959
99.327
99.8127
98.8445
98.4599
101.671
100.313
99.355
100.653
101.452
98.9248
99.6323
100.711
103.015
92.613
94.3975
92.7351
94.2341
92.6131
94.3971
92.7357
105.692
96.417
98.5987
122.973
108.464
99.0106
106.411
98.1496
96.2511
98.3914
96.2931
98.1459
96.2501
98.39
98.1494
96.2921
96.2506
98.3913
96.2499
98.3908
98.1531
92.6023
94.4048
92.7221
94.2348
92.6125
94.3995
92.735
98.15
96.3008
96.2537
98.3913
96.2548
98.3878
98.1527
92.6135
94.4001
92.736
94.235
92.6033
94.4052
92.7231
98.1611
96.2544
98.3916
96.2997
98.1579
96.2517
98.3911
98.1762
96.2583
98.3764
96.3247
96.265
98.3808
98.255
98.182
96.3231
96.2611
98.3758
96.2596
98.386
98.2847
88.922
89.3564
88.8345
89.317
88.9225
89.3563
88.8345
90.4199
91.0654
89.6798
89.9778
90.4146
91.067
89.6794
90.4206
89.9768
91.0653
89.6803
91.0675
89.6792
90.4182
88.9116
89.3592
88.8245
89.3214
88.9215
89.3561
88.8351
88.9228
89.3566
88.8353
89.3262
88.912
89.3598
88.8247
90.3995
89.9831
91.0594
89.6831
91.0517
89.6845
90.4129
90.3992
91.06
89.6829
89.9845
90.4125
91.0516
89.6819
90.4076
91.0174
89.7001
90.0078
91.0363
89.6953
90.4738
90.3971
90.0082
91.0162
89.7044
91.0356
89.6951
90.4818
98.1313
98.2626
98.259
97.0611
96.6881
96.6879
97.0643
98.2712
98.1246
98.2635
97.0566
96.6914
97.0555
96.6895
98.2669
98.1462
98.2703
97.0635
96.6922
97.0665
96.6915
98.1496
98.2759
98.2778
97.0648
96.6949
96.6918
97.062
98.1691
98.2857
98.2717
97.0783
96.6896
96.6978
97.1113
98.2907
98.172
98.2834
97.0834
96.6871
96.6962
97.1126
92.2049
100.728
102.366
99.0292
92.5865
103.091
103.213
97.902
103.448
100.135
112.586
100.425
104.347
100.594
94.4547
93.8657
94.4519
93.4284
92.9116
93.4296
92.912
93.881
94.4658
94.4857
93.434
92.9141
92.9142
93.4337
94.5806
93.8968
94.5196
93.4391
92.9196
92.9228
93.4296
94.4633
93.8948
94.4797
93.4324
92.9172
93.4327
92.9132
93.8639
94.4531
94.4505
93.4282
92.915
92.9133
93.429
93.9108
94.594
94.5112
93.4382
92.9181
92.9193
93.4316
102.643
107.361
105.648
99.2895
102.281
87.8171
108.583
101.48
103.524
104.007
101.218
105.471
101.401
101.641
100.993
99.124
98.7227
98.8599
110.977
111.655
101.236
97.2777
99.0457
99.6984
99.7499
97.2895
101.216
100.082
97.4787
95.8901
97.0773
96.0485
97.0758
96.0477
97.4829
89.9334
89.7345
89.6944
89.7833
89.6941
89.7919
89.913
97.4789
97.0784
96.0481
95.8905
97.4839
97.0759
96.0478
89.8953
89.6914
89.7753
89.7279
89.9012
89.6906
89.7743
89.8955
89.7276
89.6914
89.7752
89.6904
89.7745
89.8979
89.9264
89.6943
89.7825
89.735
89.9103
89.6956
89.7907
97.515
95.8943
97.0846
96.052
97.0929
96.0524
97.4966
97.5126
97.0831
96.0528
95.8949
97.4939
97.0901
96.0531
89.9666
89.6935
89.9127
89.7394
89.6991
89.8203
90.04
89.9643
89.7393
89.6923
89.9096
89.6999
89.8194
90.0366
97.5545
97.1735
96.0471
95.8991
97.1151
96.0583
97.6375
97.5519
95.8994
97.1722
96.0474
97.113
96.0588
97.6379
107.457
103.184
101.314
101.879
107.794
105.111
102.811
97.0585
97.7273
97.0643
95.8805
96.2859
95.8813
96.2864
97.7363
97.0941
97.0765
95.8803
96.2861
96.2867
95.8814
97.7505
97.0648
97.0935
95.8885
96.289
96.2897
95.8868
97.1096
97.7773
97.1285
95.8885
96.2885
95.8873
96.2883
97.8079
97.3073
97.1741
95.8934
96.2879
96.2955
95.8861
97.2168
97.7982
97.1319
95.8937
96.2871
96.2967
95.8842
106.914
96.0286
98.1716
97.2821
104.016
96.2274
98.3275
100.15
107.428
95.6694
134.706
97.8364
107.235
137.166
108.569
104.174
102.492
99.0378
100.03
103.475
102.356
95.1357
95.4997
93.6495
103.101
105.992
121.838
117.133
100.596
100.41
102.734
100.783
100.984
102.839
102.096
94.8555
95.3669
94.8497
93.8124
94.3516
93.8129
94.3495
95.3636
94.8524
94.8488
93.812
94.3489
93.8127
94.349
94.9657
95.4109
94.8968
93.8191
94.3491
93.8142
94.3569
94.8588
95.39
94.8711
93.8173
94.3518
93.8164
94.3522
95.3904
94.8697
94.888
93.8128
94.3534
93.815
94.3525
95.4213
94.9448
94.8991
93.8221
94.3472
93.812
94.3567
110.798
109.859
108.896
100.446
99.5236
102.827
107.642
107.925
106.853
108.818
108.129
105.149
106.392
104.34
101.703
104.387
103.028
99.3973
103.137
102.692
96.2486
96.3476
95.833
96.3485
95.4099
94.7044
95.411
94.7034
93.4933
94.0081
93.4836
92.1389
92.5291
92.1392
92.5261
95.8425
96.3723
96.3946
95.4129
94.7088
95.4142
94.7104
94.0162
93.4876
93.491
92.1377
92.5268
92.5248
92.1384
93.4948
94.0054
93.5019
92.5308
92.1437
92.1437
92.5315
94.0115
93.5065
93.5028
92.5318
92.1434
92.1439
92.5315
94.6257
94.3563
94.6165
92.8143
92.812
93.0922
93.0924
94.3573
94.6201
94.6234
92.8122
92.8095
93.0891
93.0895
96.3622
95.8435
96.3634
95.4092
94.7079
95.4083
94.7081
95.8287
96.345
96.3381
95.408
94.7055
95.4059
94.7038
94.6307
94.3494
94.6294
92.815
92.8167
93.0956
93.0959
94.3551
94.6326
94.6336
92.8163
92.8165
93.0948
93.0957
95.8726
96.4781
96.3916
95.4149
94.704
95.4054
94.7133
96.5359
95.8582
96.394
95.4183
94.7052
95.4104
94.7144
93.6179
94.0328
93.5298
92.1493
92.5284
92.5381
92.1408
94.0312
93.6095
93.5268
92.1489
92.5273
92.5376
92.1398
102.778
93.4137
108.27
97.301
108.345
96.6776
143.402
94.3775
94.7473
94.654
92.8156
92.8264
93.1027
93.0957
94.7504
94.3842
94.6651
92.8164
92.8267
93.1034
93.0966
108.19
119.034
108.072
103.491
102.084
108.901
102.634
100.109
99.2109
100.197
108.185
100.913
100.313
103.399
103.634
100.136
104.371
101.268
118.413
101.331
99.6544
103.703
102.396
102.247
103.79
105.376
105.123
102.428
103.647
100.327
99.8882
100.716
103.218
103.427
100.56
101.28
111.321
107.768
106.778
104.138
101.297
101.407
100.363
100.542
102.896
115.116
102.409
100.958
114.797
103.62
100.407
98.1593
101.198
101.281
101.513
102.035
92.8343
92.2102
92.8269
91.7075
91.2843
91.7084
91.2832
92.2137
92.8308
92.8329
91.7048
91.2831
91.2813
91.7057
92.218
92.8427
92.8454
91.287
91.7116
91.7108
91.2866
92.834
92.218
92.846
91.2866
91.7117
91.7121
91.2872
94.6753
94.8091
94.6658
93.2669
93.5237
93.2673
93.5223
113.985
98.5587
103.073
104.759
102.904
104.368
100.334
98.7541
98.3761
108.094
109.875
116.632
97.6294
103.554
94.809
94.6662
94.6672
93.2671
93.5229
93.5221
93.2679
94.6779
94.8224
94.6857
93.5274
93.2728
93.2727
93.5275
94.8221
94.684
94.6868
93.5284
93.2727
93.2731
93.5283
92.9544
92.238
92.8715
91.7179
91.2872
91.2953
91.7112
92.2408
92.9524
92.8765
91.7175
91.2849
91.2934
91.71
94.8024
94.8459
94.717
93.2779
93.522
93.5331
93.268
94.8478
94.7953
94.7165
93.2771
93.5207
93.5321
93.2668
112.941
100.405
114.677
108.363
140.23
100.133
118.955
103.254
102.678
102.61
105.315
105.223
108.963
105.322
102.385
100.759
106.444
103.708
103.87
101.978
102.307
98.6929
111.861
106.036
99.95
102.28
110.487
125.214
103.342
95.2544
113.831
104
104.338
92.3663
104.917
99.4867
115.864
102.414
101.443
102.314
111.422
102.208
98.4403
95.3485
108.002
97.0113
96.7694
121.031
112.04
128.92
96.9679
100.08
89.7304
133.487
98.1366
104.03
104.601
108.733
121.432
102.689
111.276
102.09
106.384
100.396
101.325
104.821
104.147
103.994
103.375
102.583
106.584
99.0077
100.116
96.07
104.634
105.801
99.7406
100.188
113.254
104.676
101.504
108.932
103.428
104.012
107.752
104.044
97.9572
102.636
97.6319
112.716
112.223
99.6509
102.166
99.3556
101.091
110.546
102.069
110.743
113.519
103.246
106.676
104.583
119.012
104.163
105.681
113.458
97.0918
99.9866
97.4544
119.847
97.4658
100.038
98.2969
99.8916
100.41
100.077
97.9148
96.8145
102.018
95.162
94.7679
95.1637
93.5835
93.5825
94.0528
94.0521
94.7678
95.165
95.166
93.5825
93.5804
94.0505
94.0503
95.1638
94.7733
95.166
93.5874
93.5882
94.0548
94.053
94.7734
95.1639
95.1662
93.5862
93.5856
94.0522
94.0495
91.5391
91.2186
91.2204
90.8492
90.8494
90.6645
90.6632
91.218
91.5392
91.2199
90.8509
90.8504
90.6653
90.6649
96.4217
95.7673
97.1785
94.8053
95.1872
94.8065
96.0132
95.9721
96.4546
96.5459
94.7578
95.5391
95.5235
94.8915
94.7938
95.1676
95.1687
93.5836
93.5944
94.0572
94.0462
95.166
94.7947
95.1669
93.5824
93.5928
94.0552
94.0448
91.5446
91.2171
91.217
90.8552
90.8563
90.6672
90.6653
91.2169
91.5424
91.217
90.853
90.8545
90.6653
90.6634
94.3006
83.301
91.5729
96.2012
100.303
96.4836
99.3063
86.6925
93.0566
93.9844
96.1532
99.7001
99.0122
96.0685
91.2152
91.5626
91.2159
90.8528
90.8625
90.6697
90.6604
91.5606
91.2143
91.2158
90.8515
90.8611
90.6684
90.659
89.0817
90.3398
89.516
89.6817
89.0823
90.3398
89.516
90.6652
90.1256
90.6302
90.098
90.6657
90.1208
90.6314
90.6659
90.0974
90.1218
90.632
90.1196
90.6319
90.6695
89.0712
90.344
89.5063
89.6833
89.0813
90.34
89.5164
89.0823
90.3402
89.5168
89.6856
89.0714
90.3442
89.5066
90.668
90.1015
90.1317
90.6314
90.139
90.6296
90.6662
90.6769
90.1241
90.6338
90.0993
90.6734
90.129
90.6319
90.6707
90.1514
90.6248
90.1044
90.1467
90.632
90.6759
90.6769
90.1026
90.1524
90.6256
90.1394
90.6337
90.6773
102.113
98.5544
108.167
103.721
102.067
107.349
108.401
98.7903
100.347
98.7707
98.9705
127.785
113.219
100.133
101.25
95.9144
103.428
97.1319
128.974
103.677
97.1248
94.225
104.754
104.302
97.949
106.202
104.388
94.5786
105.656
99.4879
101.522
96.371
105.849
103.646
101.824
101.35
124.817
102.683
94.4677
97.0201
93.6582
98.7392
105.303
101.965
102.533
94.3062
102.255
94.5159
95.0993
104.979
95.6156
95.3841
96.5858
104.309
97.2278
96.4549
108.653
102.094
107.546
99.9187
104.934
101.83
114.955
103.118
99.7452
104.718
97.486
107.96
97.8396
105.922
105.177
96.5408
99.2018
102.267
99.1125
103.16
105.046
101.026
101.907
101.824
103.539
103.111
101.406
107.505
106.377
105.569
105.113
101.446
105.828
105.805
105.299
101.978
103.815
99.8831
112.742
103.608
113.16
102.056
102.751
100.267
99.4005
107.929
109.884
110.774
109.283
104.364
103.085
100.172
102.632
101.247
101.398
100.705
101.148
98.3656
97.2775
106.326
109.527
106.607
106.168
100.425
103.816
103.593
104.129
104.658
106.328
104.355
100.643
97.7751
97.2056
107.802
100.257
99.1439
118.297
119.045
97.4617
99.2734
110.781
107.118
111.185
105.677
113.026
102.693
102.822
96.5699
103.467
114.408
100.78
100.673
100.016
110.894
103.386
102.05
99.5098
113.949
99.8916
102.026
99.6885
98.6093
122.539
99.76
92.5957
109.834
108.496
102.389
101.119
109.587
111.738
103.978
110.76
102.133
103.765
102.096
103.942
108.889
109.345
113.835
104.578
106.5
114.425
116.86
112.607
107.659
98.6575
100.307
101.54
93.2618
100.854
126.04
126.877
104.67
108.368
104.348
102.278
101.339
118.246
119.565
109.023
101.104
109.561
104.691
107.031
122.16
120.983
100.718
96.6586
100.344
100.323
99.5661
104.514
98.1563
106.007
97.0499
96.6081
101.686
100.461
99.5805
103.823
103.822
104.508
103.292
100.348
97.0565
123.189
123.444
105.703
110.817
104.702
116.875
101.282
117.29
119.427
98.2752
96.4567
102.776
98.4237
97.4649
98.457
96.3918
102.054
99.0217
99.4061
98.9537
99.813
94.5394
102.611
95.4398
96.4305
96.4626
96.5164
95.2508
95.0361
94.9916
103.499
98.517
98.0785
100.74
103.434
99.0833
97.9167
101.131
96.7969
110.742
96.6777
101.543
102.19
96.5153
96.7776
99.0343
97.7362
101.335
99.0584
98.6854
99.6701
96.3821
100.05
99.0923
122.421
96.55
99.207
98.5769
96.3679
96.7593
96.9727
95.8536
97.1803
96.2425
97.1914
105.304
104.153
105.306
99.3848
109.536
99.6568
108.206
106.349
93.6702
100.934
102.989
100.821
106.079
108.973
105.945
102.239
104.745
101.23
103.194
100.121
101.214
104.023
108.466
105.054
99.53
114.917
108.568
99.7231
124.346
105.782
109.744
101.226
99.714
97.0855
96.0098
116.276
97.6407
99.2157
98.4545
104.02
97.1924
98.1573
96.3254
96.3606
107.907
101.268
95.9441
96.1862
103.649
99.505
99.8285
100.001
99.3963
99.7472
101.98
99.9373
101.702
105.315
100.753
99.7164
99.5724
100.811
100.778
97.9475
99.6787
98.4984
99.985
103.881
99.8237
98.3904
99.0925
104.861
99.5549
98.7553
98.6733
99.2366
99.5043
100.353
104.168
111.374
100.185
103.85
103.028
109.799
99.1534
98.9997
98.5593
100.275
99.8497
98.847
98.5238
101.508
109.736
104.909
107.843
110.063
112.622
105.819
122.809
97.7461
99.9869
100.221
98.4463
95.6014
99.5403
110.388
113.131
105.008
110.145
101.283
108.928
105.05
104.202
109.557
105.631
108.69
113.647
105.708
105.92
102.26
149.799
120.708
102.713
103.789
142.689
110.525
104.338
103.583
104.131
99.9756
99.8758
103.443
106.367
95.4852
107.535
95.4791
97.0527
105.054
97.0141
103.417
99.2072
117.608
99.1316
102.854
99.859
112.539
102.406
91.9357
93.86
92.3489
93.4572
91.9355
93.8594
92.3493
96.2916
95.4026
96.7149
95.7723
96.2933
95.4037
96.7132
96.2915
95.7715
95.4025
96.7107
95.4034
96.7107
96.2936
99.5254
102.91
99.6215
105.473
100.175
102.358
99.7456
99.3901
97.8822
102.033
103.527
98.4027
103.61
112.115
91.9252
93.8629
92.3368
93.4582
91.9357
93.8603
92.3491
91.9355
93.8601
92.3491
93.4564
91.9248
93.8626
92.3365
96.2981
95.7708
95.4043
96.715
95.4012
96.7161
96.2959
96.299
95.4042
96.7132
95.7694
96.2963
95.4014
96.7166
96.3014
95.3911
96.7297
95.7736
95.404
96.7229
96.3014
96.3029
95.773
95.3919
96.7333
95.4045
96.7234
96.3031
96.4446
97.3863
105.776
97.6755
106.348
99.9026
96.1349
109.944
113.929
105.388
107.836
110.13
105.092
104.532
109.008
107.078
107.024
99.3776
105.955
104.232
99.7091
106.138
8.83218
133.755
125.036
104.078
139.65
127.156
99.6743
131.069
138.698
105.999
95.129
111.52
102.623
106.847
98.4645
115.027
99.6881
98.6162
113.077
110.407
95.0397
95.0709
95.0382
94.0418
94.1158
94.0413
94.1164
106.435
101.934
119.716
106.997
101.742
97.5052
106.511
95.0713
95.0401
95.038
94.0416
94.1158
94.1165
94.0407
101.48
110.756
106.746
109.347
100.612
100.996
104.832
95.0421
95.0782
95.0427
94.1185
94.0443
94.0422
94.1156
91.9887
91.9701
111.608
92.6494
111.674
92.7233
91.9693
95.0779
95.0407
95.0462
94.1182
94.045
94.0427
94.1148
102.88
101.202
100.068
106.277
106.627
100.801
100.487
104.113
97.537
93.2027
111.825
112.53
115.755
92.6225
100.993
100.748
99.6756
100.287
101.47
100.661
102.733
109.558
106.716
112.029
108.034
102.108
104.344
102.386
98.9514
102.133
101.969
103.496
105.105
102.196
97.9488
103.91
102.438
102.229
104.643
104.421
100.457
124.325
95.0515
95.0818
95.0531
94.0454
94.1042
94.1175
94.0327
93.085
95.8091
95.9399
96.9287
104.765
103.926
96.9283
95.0823
95.0572
95.0469
94.0454
94.1054
94.1186
94.0327
97.8494
96.1054
96.0213
96.6095
99.9365
96.5704
97.2557
99.0252
99.2611
100.62
100.04
103.7
99.0726
100.946
90.0039
90.5324
90.5313
90.1534
89.7412
89.7403
90.1525
90.5297
90.0023
90.5305
90.1543
89.7423
90.1556
89.7421
90.0098
90.5313
90.539
89.7432
90.1577
90.1552
89.74
90.5309
90.0086
90.5298
89.7427
90.1558
90.1548
89.7402
121.712
115.187
107.689
99.7589
119.907
101.722
84.2462
101.989
113.566
102.994
102.799
100.369
108.333
107.774
98.889
97.611
98.0331
101.732
102.212
98.0569
98.5671
122.275
112.439
121.219
111.76
110.865
97.7086
93.4886
103.03
103.436
100.235
101.123
101.856
103.942
98.8594
96.1333
104.184
97.105
108.106
105.503
108.065
107.951
103.732
126.439
111.793
114.176
107.709
108.364
103.162
110.519
117.173
106.533
96.4772
110.363
88.8428
106.756
90.5444
90.012
90.5461
90.1602
89.7382
89.7464
90.1526
90.0131
90.5472
90.5359
90.1587
89.7356
89.7441
90.1502
106.853
103.939
105.569
104.04
107.027
104.187
105.541
99.8277
100.636
100.357
98.7741
100.193
104.031
100.133
111.486
111.673
114.593
123.449
123.943
121.985
132.538
104.099
105.049
103.417
103.184
109.612
103.456
102.691
101.722
99.3697
98.2838
102.279
103.19
101.373
102.385
120.42
131.879
123.339
119.717
100.168
125.599
124.334
103.893
99.6303
99.5854
99.5024
103.461
103.432
99.4192
100.597
100.203
100.338
103.079
104.311
102.43
102.79
96.7222
99.5349
96.4875
104.511
97.9913
102.781
104.478
110.217
96.1648
104.381
145.478
109.93
100.211
113.814
99.5261
100.59
112.239
100.332
103.22
100.291
101.749
108.053
105.445
109.066
110.581
101.385
104.737
108.218
99.7297
101.134
96.9357
98.0265
102.988
99.5153
103.315
98.6143
99.3229
98.4818
102.682
98.6321
102.268
98.598
106.654
103.403
111.851
103.333
103.685
102.32
103.038
102.022
103.748
103.48
111.095
100.983
103.351
101.313
97.3994
89.5137
95.5573
95.1991
97.4039
89.3669
95.9168
104.193
104.42
111.527
103.421
97.3889
90.0047
101.314
90.8746
112.611
93.2434
92.014
91.7531
113.569
93.1592
41.2534
127.755
37.816
216.553
182.374
235.293
187.884
102.305
124.658
97.4151
104.223
101.327
104.665
108.981
121.603
95.5492
98.9973
124.707
113.198
95.8504
99.4535
105.386
109.635
108.992
105.036
103.946
107.436
106.206
105.838
100.778
101.044
118.832
122.34
103.309
103.719
128.573
101.057
104.697
104.153
101.5
100.372
117.744
101.234
107.649
101.769
116.736
116.796
103.308
103.23
136.448
98.4337
128.674
71.3882
134.084
118.677
169.753
135.983
69.7632
99.0473
127.72
100.156
132.949
134.433
76.8792
45.9979
49.0994
216.662
154.23
155.459
223.134
53.6854
76.3882
50.9982
214.057
157.14
156.375
211.188
100.484
101.46
95.1955
106.446
95.1332
106.43
99.536
96.2642
96.0428
95.5886
99.6906
95.7058
95.3499
99.8379
99.401
97.2763
101.047
99.4875
101.55
100.674
115.928
137.381
100.062
126.837
70.4785
99.8138
127.608
137.513
97.2144
99.4564
99.453
99.7104
102.009
102.181
99.4201
92.1833
112.935
93.0981
93.2079
109.826
93.12
93.2461
99.6739
95.3726
106.47
100.692
99.4014
95.4391
106.537
95.9638
93.213
95.9318
96.19
115.286
108.54
97.3432
88.5646
93.2772
112.91
91.8234
86.6177
93.6793
108.398
97.2498
101.384
100.361
99.9807
98.2763
97.1696
99.6211
100.048
100.714
100.885
99.354
99.4359
100.539
101.456
100.79
99.2739
100.026
98.7511
99.3136
100.494
99.1552
98.9146
105.739
114.277
90.8312
95.6023
106.033
113.636
95.8472
96.5183
95.8117
100.647
95.7408
100.324
95.2434
100.012
100.89
95.6901
106.561
95.8371
106.498
100.305
99.2836
101.096
98.5224
97.6481
99.5611
102.899
99.9508
101.201
94.122
104.625
101.764
101.359
94.5151
105.822
99.3075
102.476
98.0393
97.5961
99.6114
107.154
98.0544
96.7574
95.9058
95.7873
100.661
95.6646
95.2666
100.627
99.3162
97.3934
100.651
99.3792
101.642
102.092
99.4691
103.134
100.552
100.595
113.063
112.326
100.731
101.445
124.744
105.832
103.393
99.6551
104.071
97.279
95.3622
100.024
99.3928
98.3255
92.5889
108.464
100.599
98.4149
105.889
100.043
99.9898
100.681
118.56
106.308
109.358
106.223
121.041
106.056
100.236
101.069
95.2867
103.993
120.38
148.875
112.027
119.826
119.064
102.792
99.5498
113.567
109.161
113.252
112.164
105.303
112.725
105.548
118.633
108.97
107.759
106.448
107.537
135.436
111.368
113.856
135.474
123.068
113.749
107.849
120.12
133.177
122.669
104.343
115.249
104.242
117.351
103.561
115.39
105.443
113.025
104.577
97.4792
114.536
106.011
104.597
107.65
112.897
98.5606
105.687
110.133
105.693
103.429
104.233
107.516
103.059
96.3299
101.835
96.5179
101.598
109.293
114.019
111.959
119.992
112.248
107.481
110.436
111.304
111.251
118.593
120.709
110.547
107.747
107.804
106.758
115.621
100.028
116.586
116.714
102.55
102.556
101.301
96.166
98.7207
93.4477
100.766
100.111
99.1557
101.079
101.731
101.465
99.5519
100.574
101.417
98.2961
89.8163
106.154
103.241
102.667
89.7414
94.684
104.397
122.968
120.72
124.961
96.5076
119.316
91.1084
120.206
89.9758
78.0004
87.6693
73.56
116.382
129.234
146.41
101.787
105.91
124.814
106.914
100.097
104.698
110.334
97.2615
118.599
97.2686
104.514
105.576
97.4046
97.9129
101.698
93.9966
95.6966
96.3829
95.5173
114.436
110.581
103.648
100.5
99.1024
106.647
98.9343
102.394
97.8168
82.4464
109.706
94.7773
87.805
122.916
105.087
94.9482
107.997
105.104
102.635
107.619
105.234
91.8203
94.5961
105.699
118.377
121.63
108.082
97.2451
118.515
108.965
79.0249
97.4789
96.6032
89.8977
81.4922
112.584
94.9484
129.691
108.312
107.084
107.103
105.85
107.223
109.649
99.9304
100.681
102.573
99.3598
103.898
98.6722
99.0844
117.572
109.159
108.012
109.573
119.608
109.564
106.999
142.693
116.322
102.298
104.623
116.526
103.292
135.974
125.777
88.2856
147.876
147.904
116.448
98.4162
144.391
112.573
112.027
105.478
116.485
103.35
127.23
116.881
99.5343
103.574
99.2254
102.01
100.009
124.982
107.797
93.0303
117.004
111.601
129.075
110.833
101.283
97.9901
108.49
126.464
135.389
106.531
136.485
136.806
102.025
111.247
121.119
120.187
110.981
111.085
98.562
100.085
110.673
124.615
113.928
98.4082
95.9587
98.5899
102.186
75.2766
91.3269
83.5473
113.389
114.648
113.61
100.449
105.54
119.007
121.458
99.497
99.6123
103.021
102.652
103.106
99.6342
96.8626
97.4886
97.0267
99.7958
99.1493
100.715
101.687
100.937
100.105
99.4973
99.459
99.4603
102.923
105.954
105.317
98.0796
97.7433
112.593
99.6634
96.3769
95.4718
96.5696
95.4712
95.0131
95.3495
95.0427
102.129
103.87
102.316
103.058
101.779
102.797
101.534
102.593
104.549
102.482
98.3122
97.5816
97.6159
97.9206
96.7615
98.656
92.7282
93.5503
95.7451
103.801
96.778
103.617
108.45
102.363
115.202
103.416
103.362
112.056
100.882
103.944
104.803
101.691
102.127
102.52
102.547
101.848
131.882
95.5883
96.6279
95.6871
99.5862
96.4427
109.489
114.902
100.795
124.813
100.475
102.882
104.025
102.404
114.725
113.793
110.902
100.804
100.293
109.916
98.4855
96.0643
95.9352
102.07
101.979
101.684
102.243
106.482
107.415
59.9348
98.7351
104.546
108.266
63.802
101.015
103.029
101.292
100.119
100.857
103.988
104.813
103.33
101.265
101.407
101.77
101.711
108.758
106.619
104.558
103.12
101.911
103.7
104.89
114.122
104.46
107.677
107.136
104.338
104.025
114.171
104.418
107.991
102.329
101.637
101.804
105.805
100.381
107.711
104.04
107.179
104.758
100.466
106.101
105.159
105.91
111.306
106.261
100.773
100.751
105.504
106.112
106.573
106.088
123.952
102.778
101.551
107.487
99.1547
112.733
125.997
101.484
100.642
100.89
99.6236
99.2583
112.929
124.908
96.7378
97.0853
101.667
98.5441
96.5792
97.0043
102.014
106.82
101.663
102.783
99.9312
103.332
108.352
108.275
102.994
96.7034
101.234
101.39
98.6467
99.8458
101.407
102.089
104.534
102.007
105.731
109.749
101.605
104.989
105.155
93.6861
105.664
99.0498
100.129
99.4514
98.4918
97.611
94.5388
94.8884
100.313
102.582
101.987
99.8681
94.4431
109.263
123.572
95.0412
93.1444
107.572
150.774
99.071
104.003
104.46
102.27
97.3163
95.0712
100.255
106.096
104.622
103.227
102.122
103.991
104.375
101.214
82.1687
76.7514
83.659
106.814
112.502
112.713
99.012
99.5701
105.812
98.9706
113.387
98.9796
109.428
98.7133
108.018
101.342
106.23
108.062
105.805
102.639
102.18
94.6364
102.513
100.407
89.1332
99.9472
89.4149
92.9005
85.0596
100.172
92.8113
109.028
94.1845
110.164
86.0161
104.731
136.769
147.08
137.788
91.177
105.863
136.203
86.6217
93.1552
113.211
92.8011
93.4395
112.574
92.8571
110.464
106.033
101.671
91.8182
101.677
93.0077
99.2332
93.8013
100.571
91.6284
102.692
102.123
89.8488
94.826
104.159
100.208
104.25
102.952
95.7539
95.1263
103.1
96.4827
99.1294
97.0186
106.034
111.969
96.289
96.5825
107.233
125.181
124.298
77.7237
93.269
147.108
135.016
113.348
93.5331
136.976
109.658
100.548
111.729
106.35
101.368
98.7099
105.982
99.1796
100.5
102.887
109.199
111.985
90.6282
89.9499
95.9396
129.019
90.879
93.2975
121.873
104.968
104.908
91.3713
90.3394
144.128
148.734
107.501
111.606
108.23
96.9271
101.516
97.1681
102.417
102.164
102.5
102.415
103.578
103.064
102.709
103.196
105.492
102.332
107.147
98.8052
97.2453
109.145
115.889
111.595
95.3994
91.4911
87.2182
90.9972
86.1027
113.796
107.747
101.781
102.008
112.693
97.524
101.383
122.868
102.644
104.305
101.277
103.648
103.991
107.723
107.81
115.223
113.183
124.011
98.9949
97.1903
100.147
100.199
99.8195
97.8649
98.2658
108.317
113.353
96.3208
97.3526
102.305
102.425
104.855
103.433
111.908
102.397
107.224
112.373
110.59
106.04
92.2268
91.4313
98.9459
100.099
108.03
104.6
104.231
100.544
104.754
105.878
100.711
109.813
105.171
110.803
101.496
104.183
101.702
100.287
127.365
131.875
122.204
86.7839
91.4306
86.6569
114.102
98.6342
99.5593
94.0506
96.1852
120.758
99.1641
105.17
110.738
100.932
116.635
105.411
106.01
105.99
107.129
93.9492
106.719
105.659
94.3039
102.008
103.436
121.944
100.142
98.8826
105.056
113.564
99.4409
99.9942
100.366
138.303
105.829
62.9426
119.68
104.743
96.1313
58.0553
105.797
110.692
107.449
108.269
114.45
114.086
108.506
100.681
100.719
104.329
110.132
115.133
108.98
110.026
110.725
99.3055
110.323
123.391
110.629
122.698
93.1625
99.8006
114.028
111.048
103.134
103.867
103.796
102.856
104.688
107.759
104.472
136.938
98.6778
98.9456
113.128
106.895
107.139
103.979
103.66
108.009
106.251
107.526
109.339
112.108
122.308
100.167
109.238
122.443
118.08
108.353
101.387
104.343
102.896
105.751
102.149
105.11
106.799
92.6169
100.812
118.727
100.68
101.563
115.942
105.855
107.583
103.546
103.668
99.5221
107.754
99.8626
100.844
96.3878
95.9247
102.779
101.015
100.433
100.998
112.518
113.73
105.622
107.959
107.069
106.783
114.437
94.7418
103.962
104.632
100.962
104.257
98.2904
98.9502
106.045
102.304
105.309
106.387
103.627
100.42
107.524
105.111
104.19
103.662
107.802
102.723
113.05
107.307
80.6605
95.2993
76.2045
88.5878
93.8462
95.8805
143.504
95.037
91.4623
133.71
92.362
96.2285
93.9505
115.958
131.804
100.025
110.533
101.545
104.628
105.3
106.144
107.706
107.404
103.931
103.356
103.723
109.611
106.914
101.687
106.12
101.329
99.1594
101.798
101.655
97.9945
102.294
110.773
98.7333
97.0862
124.013
99.1461
97.7364
102.823
98.5764
101.688
100.436
98.4208
105.976
98.185
111.395
117.945
107.807
116.826
107.121
105.333
105.912
110.347
105.842
104.942
110.222
110.446
107.495
107.473
121.779
113.431
146.121
118.24
101.385
99.152
119.248
109.181
111.043
108.398
109.792
113.881
113.979
109.026
102.635
102.586
104.019
103.677
103.982
105.938
106.375
102.81
114.128
100.053
102.405
102.978
99.792
118.06
104.134
103.982
102.712
104.221
105.009
105.7
132.2
112.663
107.282
107.255
108.169
114.276
107.013
120.38
103.628
104.099
101.67
105.951
109.717
103.255
111.366
128.469
136.335
134.824
117.599
122.713
140.631
99.9642
107.154
108.611
114.774
107.444
115.204
108.335
107.641
111.279
100.67
99.9823
114.43
102.584
100.6
100.358
96.214
94.2077
53.0524
114.39
88.1059
112.377
211.328
110.035
110.935
109.044
111.059
112.667
110.177
111.661
88.4819
94.3382
92.7388
84.516
73.7036
94.3758
96.5216
105.528
106.069
107.617
106.052
107.859
115.965
105.416
111.711
125.706
111.824
120.103
140.693
119.011
100.754
104.761
106.222
127.836
106.488
105.833
107.989
104.943
88.832
60.3705
100.203
117.338
83.8476
85.7344
119.52
101.597
104.66
100.652
108.695
105.49
104.236
106.993
100.2
120.777
112.89
108.153
99.855
112.68
120.422
97.3895
77.0523
76.9745
79.9813
79.4293
77.6624
77.8954
98.0416
108.405
99.1068
95.2469
92.064
99.1704
96.9398
100.782
107.513
109.711
101.55
98.2739
101.777
98.097
98.3979
92.7857
93.3598
107.659
93.5841
107.498
87.1736
108.72
111.643
110.27
118.94
114.09
121.63
123.51
130.71
129.803
105.239
105.009
91.6664
100.556
103.898
100.916
107.832
101.498
109.297
130.797
104.97
104.427
105.388
97.2842
104.583
109.023
104.613
97.0933
107.923
104.338
119.98
112.322
101.739
101.293
107.299
106.829
112.68
102.321
100.529
99.1429
100.565
116.765
100.124
109.922
109.969
108.905
108.449
111.823
111.851
109.656
108.266
100.437
101.067
101.606
123.292
124.776
111.974
77.3761
90.4956
75.5064
82.9713
73.5458
70.7454
90.618
107.778
94.4207
95.3662
99.7601
92.4692
93.6024
95.981
109.106
102.934
101.475
100.278
111.629
104.002
101.566
91.879
100.302
96.2261
91.9694
93.2291
101.171
97.6191
91.6997
93.6455
89.0638
126.824
86.9664
100.352
85.4177
146.125
144.359
175.685
105.284
165.191
107.067
128.994
110.08
110.128
107.602
94.0782
104.547
97.3934
103.76
130.46
120.718
136.769
141.312
162.446
134.228
154.844
93.5548
101.255
92.8685
88.3774
91.5602
92.1949
91.3273
100.718
96.5964
96.283
103.509
104.339
79.1058
78.2657
97.6257
94.8989
90.7051
101.175
101.381
101.88
100.056
101.891
106.666
106.535
104.182
104.38
106.816
102.102
102.017
95.3578
108.337
98.5533
98.4228
87.817
121.828
136.597
109.946
109.948
106.224
110.45
117.946
105.688
122.629
111.607
103.902
91.8863
93.485
107.028
105.504
105.083
111.57
102.924
95.5294
92.4319
81.1699
85.9188
96.2248
91.6096
111.962
89.2683
92.3759
93.9343
101.932
105.725
89.5548
109.055
84.8637
83.0153
87.3176
86.3343
124.59
74.5565
99.3751
85.7233
133.899
76.0934
103.983
84.2856
101.232
102.502
113.814
109.36
100.958
156.679
114.593
97.5755
109.85
132.089
70.3744
131.194
66.2873
133.788
95.8142
94.4813
100.313
102.269
81.209
113.649
100.361
100.133
112.803
95.7127
98.1181
71.322
74.0669
103.7
106.443
103.035
93.8665
90.3847
94.9133
89.3574
109.905
99.0788
96.1013
75.1012
88.7263
98.6184
99.2819
139.763
130.603
116.273
105.341
110.809
114.641
106.056
101.535
127.948
103.633
96.9787
131.512
146.175
106.843
89.4253
126.141
121.353
115.245
87.3074
90.178
74.1098
88.583
90.472
105.946
95.7408
147.163
82.3999
120.142
117.034
80.2885
122.802
169.392
113.25
118.353
150.721
97.9137
102.042
123.719
100.439
93.8231
101.794
107.98
123.288
128.796
148.952
99.058
100.13
99.4984
103.097
93.5778
87.1175
98.5033
88.7754
93.2048
87.1195
99.3773
111.188
119.356
118.061
107.032
102.446
113.87
131.107
127.702
155.202
118.618
115.428
119.002
123.52
122.62
99.0953
105.875
99.227
95.1438
88.9798
89.6477
93.1349
98.4765
113.274
102.245
114.611
103.643
89.4223
99.1938
102.357
81.8568
90.9403
94.027
91.1773
98.0504
81.5085
98.9512
105.359
98.3131
93.1798
96.0583
96.0779
96.4452
83.1643
100.799
78.3245
99.5057
93.0461
95.1264
96.472
93.7399
99.4317
103.225
91.9517
83.7783
93.6713
86.3744
108.577
87.003
95.5385
93.9274
161.158
95.6465
108.345
94.9591
99.2989
100.236
92.5755
91.4846
88.8883
93.0424
105.041
93.0815
109.008
95.1691
102.197
105.189
97.9814
95.6591
100.143
139.371
96.2106
97.3032
122.478
122.394
103.13
94.5651
165.604
91.7589
101.025
95.1551
130.787
94.1626
104.58
100.306
94.6869
94.3758
100.438
99.4611
118.174
93.6756
98.8421
150.534
88.5054
101.899
169.72
111.665
130.973
127.065
120.742
106.761
112.466
112.272
99.258
100.258
106.529
140.525
105.391
92.7482
117.783
124.806
113.623
112.377
112.547
103.022
100.476
107.549
108.186
102.64
100.579
100.69
108.009
103.107
101.788
100.722
90.4987
95.7891
96.0243
91.2513
96.7933
96.2478
118.818
122.647
135.61
164.302
135.273
123.628
175.26
110.8
137.866
82.0363
140.06
82.7908
93.9889
148.782
120.972
100.274
123.547
100.814
104.537
167.905
117.173
89.4586
104.295
78.3354
160.485
108.277
172.082
74.774
193.933
226.386
86.6965
175.075
214.925
535.841
234.138
99.4361
89.0809
102.057
91.4234
93.2757
94.0869
90.6762
117.538
85.6758
87.3021
91.2272
91.4304
98.3015
90.0853
88.8091
101.049
92.0083
91.5407
89.6312
104.308
92.1475
99.1115
99.724
96.2453
97.9138
98.9728
99.2658
96.552
114.702
95.9628
109.475
108.446
97.444
114.223
97.5341
101.244
97.3364
97.5999
111.302
100.303
113.337
97.9213
142.086
82.5705
297.746
113.545
79.4937
114.241
142.854
104.235
93.6591
98.1648
135.312
166.493
102.472
155.34
126.005
118.676
153.749
160.884
212.231
220.537
387.796
100.849
104.755
101.719
100.36
99.1457
98.3641
97.5808
100.89
101.179
108.072
97.6997
96.4347
98.499
96.1548
109.29
148.746
127.236
133.745
118.612
107.406
146.829
98.798
103.892
97.8868
104.39
100.487
101.737
111.302
117.966
110.521
128.131
114.403
110.019
106.877
116.858
98.44
114.738
99.7685
113.736
111.03
102.755
100.847
114.727
137.465
117.398
83.9439
116.317
168.415
137.695
104.771
95.6914
105.156
203.677
101.608
106.628
111.539
106.886
116.569
125.814
112.405
104.463
110.404
111.492
98.1495
98.7626
101.403
104.223
99.6387
103.125
98.1133
136.396
118.856
93.4135
134.164
97.0672
123.516
118.468
94.8711
121.791
107.826
108.043
93.7457
95.3749
120.332
102.328
108.782
104.027
92.8476
103.504
94.444
103.058
119.491
109.833
110.293
115.064
110.536
106.338
120.847
63.0676
132.281
112.616
70.9865
101.235
108.941
83.7293
79.5534
95.3554
112.113
71.6503
86.6538
77.45
78.2691
113.62
96.9099
88.7536
105.33
92.1612
104.192
100.66
101.476
101.715
103.642
100.274
96.1988
95.9057
104.515
93.5239
84.5114
158.607
101.49
92.2139
99.1649
91.3878
91.026
94.6996
109.716
114.946
125.226
90.2703
90.9637
91.1484
93.8839
91.4325
93.9493
91.7923
92.5353
94.3246
87.9977
87.294
107.833
118.981
152.161
115.752
147.079
139.707
129.178
108.153
125.234
125.41
131.47
117.522
118.249
90.2863
90.714
105.683
97.8869
104.454
96.0879
144.997
132.431
127.31
115.793
123.785
91.1788
129.956
87.1604
125.212
99.2221
149.093
91.1307
214.222
90.3572
85.9787
121.412
112.317
67.9392
124.922
89.2339
123.796
120.905
99.4012
91.7535
98.3746
92.4606
99.8902
95.0615
67.4752
85.8749
48.615
82.075
65.5312
85.6771
93.7234
120.008
82.3088
79.7069
95.4492
114.312
136.39
92.1243
94.2003
79.5303
79.7982
70.8125
70.6587
82.0232
99.7489
126.805
88.1876
98.6762
73.086
83.985
85.8004
74.5027
122.255
91.7199
93.4462
75.7982
78.6889
74.8031
81.6505
71.8509
91.8812
95.446
91.0549
106.779
119.505
76.305
96.0881
107.555
96.4644
95.3452
107.252
89.0579
104.225
107.754
104.44
128.148
80.5718
106.736
103.476
121.053
128.428
116.265
65.3026
125.982
118.341
68.8748
190.612
122.494
114.594
116.478
111.473
112.474
98.8881
161.444
107.744
94.7476
104.415
102.685
107.118
93.441
99.9784
135.25
168.401
107.034
92.4405
132.299
165.085
104.954
144.72
60.8549
120.773
234.898
110.115
154.703
182.053
96.5806
102.12
86.8814
226.162
314.342
192.621
429.257
102.875
105.203
105.282
100.652
104.663
115.6
103.029
93.6555
104.792
105.004
144.134
154.149
95.8423
96.7414
90.1206
753.871
193.604
295.104
85.5427
186.952
126.221
95.2112
386.083
108.25
187.473
349.658
253.977
114.18
116.283
94.0623
94.1511
91.4523
108.544
138.791
116.412
166.374
84.8193
82.722
89.4783
71.8855
45.3424
80.7015
111.353
88.7843
95.369
119.193
95.3788
111.569
89.6761
100.74
107.511
114.191
97.7464
80.9134
125.742
93.671
118.895
159.596
107.041
150.108
114.803
101.889
104.254
96.7676
109.393
107.037
96.6654
108.265
119.221
104.438
90.4934
92.2595
67.0114
165.6
139.313
141.639
37.514
101.991
104.085
136.603
98.6279
183.992
102.7
135.096
107.024
80.4874
30.4207
17.5099
90.2499
133.475
16.3724
133.664
115.88
98.7403
114.525
97.5355
172.658
101.297
116.981
114.684
102.988
143.403
125.902
170.401
135.462
82.9803
40.4455
66.8961
-13.4497
187.658
134.285
-66.7455
132.417
93.6627
84.7589
125.057
119.842
40.689
70.9213
133.488
100.458
-49.6903
47.7281
88.3602
6.11105
103.568
156.174
378.545
495.776
82.2511
64.7477
78.8359
50.6203
)
;

boundaryField
{
    inlet
    {
        type            fixedFluxPressure;
        gradient        nonuniform List<scalar> 
168
(
-9098.54
6656.93
-29171.4
-1436.87
-380.216
-12946.7
-9591.99
7501.85
-15574.5
-2872.22
2024.52
-60829
-49540.4
-77642.9
2272.75
-238.535
-11877.5
-131044
-9182.28
1653.21
-2388.55
-323.881
2.40143
-37.4781
-794.92
-12861.7
-9292.59
124.421
-3588.45
-3806.5
-35937.2
166.494
4430.9
19088.2
-17441.6
1051.89
-614.522
-2928.64
2769.73
-1966.21
-13289.8
38695
3113.97
-18007.8
8541.7
-3118.1
792.032
-2139.79
-6899.02
-236729
-8258.75
-44195.4
-1003.32
833.78
-1102.58
-58.1197
-38370
182.194
-1810.97
-5503.16
-4240.35
30.3915
2800.91
90.2957
-6286.28
48855.7
-3256.02
25539.8
-2265.18
4405.55
-4642.52
-476.82
4848.62
432.8
-251973
480.901
465.546
4444.61
361.231
296.911
2034.57
-5343.74
-9154.14
1910.59
-292.292
-4060.47
-9542.4
-881.083
-66.0629
-370.736
-339.036
3781.67
3004.07
-178.72
-8.50612
-54053.7
796.668
-3397.2
2698.89
2.14747
-66432.5
2759.33
8018.45
-321279
-186959
9956.84
-5951.6
-10360.5
-5623.26
-6685.62
-75.6351
-1696.21
-3112.44
8308.47
-47095.1
-426542
-11781
-6226.9
-1440.52
-10188
-10329.9
-67091.8
955.55
-3875.61
-1.14405e+06
-592190
-2190.49
3240.17
-1228.91
-1636.02
525.031
-13884.8
10248.2
-7135.51
0
-331.579
70052.6
16851.2
-4386.58
56565.8
-64625.4
-10302.8
-15153.6
25.6586
-113449
-420.332
-26.9958
-19925
-17539.9
-38187.3
43824.1
-329.124
-2841.17
-632.753
-34.7839
436.464
109.932
-12057
2109.48
-1210.81
0
-19909.5
-1260.22
-64140.8
-88602.4
-2442.66
-2004.7
17536.5
)
;
        value           nonuniform List<scalar> 
168
(
89.3944
99.4181
79.5674
71.4624
99.1588
87.3108
76.6171
99.5401
80.7134
103.116
102.669
66.2028
53.349
56.089
103.636
101.387
96.8432
29.401
87.301
101.543
93.6009
99.5466
89.1051
99.4906
99.5566
112.361
75.6746
92.8154
90.3281
92.2054
74.6156
100.766
103.825
102.994
82.664
97.2183
98.9372
98.4869
104.502
105.664
95.7475
119.853
101.85
90.2519
115.96
95.4249
97.7966
94.9448
102.208
3.53127
102.588
77.3342
99.4923
100.559
119.128
96.1022
86.6392
88.7701
94.069
89.7943
88.1202
93.9809
94.2641
104.144
100.11
134.152
111.133
125.15
93.0748
88.923
89.7318
93.8613
100.097
99.3869
-17.6141
102.562
100.798
101.366
100.64
104.299
104.969
86.6238
92.0135
102.214
88.9759
89.8724
82.064
95.3001
82.3668
90.1012
100.1
105.577
105.048
98.8792
99.4899
74.7246
89.5723
83.7211
89.8173
96.2127
89.2535
102.904
95.7698
-29.9181
72.1008
104.647
94.4845
94.2164
95.0647
96.4187
102.564
95.176
94.6909
94.6546
140.748
-38.0972
116.754
97.1591
116.452
118.452
81.2074
70.753
102.005
124.066
-184.463
-83.9848
99.7939
97.7755
95.8201
98.3274
97.8434
97.8095
123.738
143.26
148.746
121.625
155.372
102.175
107.639
149.141
78.2103
96.562
96.9355
100.287
68.4782
90.7535
94.6861
83.9173
85.5511
72.6937
117.266
88.8933
95.0435
79.9388
103.441
104.876
88.8393
83.6452
96.434
80.3077
93.671
90.7822
108.763
72.3548
62.7245
99.2358
5.10829
-40.9198
)
;
    }
    outlet
    {
        type            fixedValue;
        value           uniform 0;
    }
    lowerWall
    {
        type            fixedFluxPressure;
        gradient        uniform 0;
        value           nonuniform List<scalar> 
1121
(
98.496
92.759
94.1569
72.8998
99.9195
100.262
86.2123
92.0358
96.2931
104.553
98.4361
94.467
95.0373
102.446
102.168
110.388
56.4844
97.2228
98.3563
100.019
96.024
98.2668
80.7348
100.983
104.616
99.9232
118.197
98.8782
100.241
98.9521
139.798
98.1341
110.985
98.8424
98.4697
99.5364
111.237
108.406
99.8707
98.8696
98.2048
106.686
100.469
98.4347
100.143
97.9348
103.339
91.2359
92.5113
98.4371
98.739
98.0514
101.128
102.992
98.9343
104.416
96.0919
84.0487
91.4044
95.6196
95.9444
98.2119
99.5485
99.3308
97.9197
96.5977
94.1869
90.2195
91.0001
93.9566
91.877
93.4575
94.2349
95.0828
94.9228
94.1138
91.6211
89.3263
89.6856
90.7623
89.1212
89.5661
89.9294
89.8922
89.4487
88.7047
87.8873
87.3896
87.6404
88.415
86.4846
86.8594
87.0754
87.0493
86.7592
86.2909
85.7702
85.5045
85.6356
86.0273
83.9138
84.1572
84.2994
84.2748
84.0812
83.7854
83.4908
83.3226
83.3943
83.6321
81.3906
81.5505
81.6284
81.6362
81.4948
81.3108
81.1363
81.037
81.0824
81.212
78.9011
79.0248
79.0604
79.0512
78.9759
78.864
78.7734
78.7131
78.7287
78.7877
76.463
76.5381
76.5678
76.5525
76.5018
76.4369
76.3848
76.3472
76.3523
76.398
74.0445
74.0861
74.1105
74.1071
74.0846
74.0514
74.0077
73.9655
73.9781
74.0063
71.6562
71.6901
71.6918
71.6939
71.6835
71.6663
71.6406
71.6293
71.6301
71.6337
69.2883
69.3047
69.325
69.3246
69.3249
69.3181
69.3015
69.2837
69.2663
69.2738
66.9547
66.9795
67.0033
66.9967
66.9809
66.9751
66.9728
66.9554
66.9421
66.9455
64.6447
64.673
64.6914
64.6695
64.6443
64.636
64.6328
64.6439
64.637
64.635
62.3592
62.3673
62.3678
62.3705
62.3667
62.3577
62.3412
62.3347
62.3426
62.3491
60.0839
60.0906
60.0938
60.1021
60.1032
60.0984
60.0837
60.0736
60.0664
60.0696
57.8267
57.8316
57.8339
57.8334
57.8312
57.8272
57.8251
57.82
57.8132
57.8179
55.6017
55.597
55.584
55.5896
55.593
55.5947
55.5918
55.5903
55.5949
55.5994
53.3692
53.3714
53.3635
53.3667
53.3695
53.3799
53.3876
53.3889
53.3842
53.3741
51.1616
51.1524
51.1544
51.1656
51.1741
51.1802
51.1852
51.1854
51.1867
51.1763
48.9741
48.9595
48.9539
48.9642
48.9775
48.9949
48.9899
48.9946
48.9951
48.9919
46.7936
46.7828
46.7709
46.7704
46.78
46.7911
46.7964
46.7977
46.7936
46.7985
44.6104
44.6119
44.6177
44.623
44.6182
44.6126
44.6087
44.6066
44.6059
44.6085
42.4475
42.454
42.4642
42.4582
42.4464
42.4375
42.4383
42.4534
42.4454
42.4432
40.3094
40.3115
40.3127
40.3035
40.2971
40.2835
40.2967
40.3055
40.3029
40.3043
38.1669
38.1823
38.1863
38.1863
38.1803
38.1711
38.1699
38.166
38.1552
38.158
36.0503
36.0644
36.0634
36.0579
36.0494
36.0434
36.0327
36.0295
36.0303
36.0372
33.9633
33.9599
33.9408
33.9348
33.9313
33.9243
33.9178
33.9213
33.942
33.957
31.8698
31.8587
31.8491
31.8435
31.8418
31.8439
31.8502
31.8569
31.8624
31.8694
29.7663
29.7676
29.779
29.7857
29.7863
29.7899
29.7931
29.7912
29.7843
29.7714
27.696
27.7022
27.7179
27.7346
27.7437
27.7456
27.7396
27.7286
27.7209
27.7013
25.6799
25.6752
25.6752
25.6821
25.6916
25.7016
25.7072
25.7071
25.7016
25.6879
23.6982
23.6827
23.6736
23.6706
23.6751
23.6839
23.698
23.7087
23.7118
23.7073
21.7253
21.7075
21.7047
21.7053
21.7099
21.7124
21.7141
21.7191
21.7229
21.7256
19.7462
19.7463
19.7482
19.7542
19.7648
19.7646
19.755
19.7489
19.7471
19.7456
17.7949
17.8012
17.8127
17.8167
17.8154
17.8081
17.8005
17.7955
17.7932
17.7935
15.888
15.8926
15.8965
15.8831
15.8675
15.8477
15.8472
15.8529
15.8656
15.8772
13.9857
13.9924
13.9829
13.9624
13.9384
13.9247
13.9238
13.9339
13.9537
13.9699
12.0552
12.0737
12.0738
12.0661
12.0546
12.0409
12.0404
12.0436
12.0455
12.0475
10.1527
10.1601
10.1702
10.1783
10.1756
10.1677
10.1645
10.1623
10.1593
10.1528
8.29726
8.2881
8.28505
8.28825
8.2895
8.29285
8.29448
8.29645
8.29824
8.3014
6.4455
6.43223
6.42639
6.42746
6.43446
6.45051
6.45631
6.45479
6.44781
6.45081
4.58543
4.58238
4.58375
4.59119
4.60585
4.6289
4.62859
4.6179
4.60714
4.59555
2.74686
2.74727
2.74991
2.75627
2.76508
2.77555
2.77901
2.77778
2.76693
2.75224
0.918419
0.918117
0.918076
0.91323
0.911358
0.914566
0.922589
0.927921
0.928652
0.918463
99.9999
98.1264
96.7109
111.366
99.5233
98.2873
103.968
99.9122
100.021
94.299
98.1695
99.6148
99.2244
97.5299
98.2609
96.5438
94.8949
97.3071
87.3563
90.3054
94.0187
88.5855
89.5727
89.5667
93.8965
93.2359
90.8457
97.5621
96.3007
93.9297
103.651
100.491
96.3774
84.6396
107.349
98.108
103.471
106.589
103.534
102.472
100.828
93.7365
103.557
103.408
101.47
98.8329
98.7932
97.4724
90.8266
80.7755
99.6054
70.7748
76.6139
86.7942
98.4535
94.7355
93.5287
96.8924
95.9877
97.0381
106.988
98.4151
96.9756
101.919
98.958
98.836
102.182
101.302
101.115
98.8514
98.641
101.062
100.126
98.6932
98.5272
98.7347
97.7104
98.9039
94.5063
92.6127
94.6591
89.7356
88.9199
87.8913
96.549
91.5282
90.6156
95.5994
95.1218
94.3039
97.8974
94.753
93.8452
99.1397
95.7611
95.3598
99.4477
96.3773
95.8876
98.3712
97.253
96.7677
97.3517
96.4548
97.306
95.247
94.4067
96.0979
90.9654
90.7653
93.4455
90.1444
89.7326
90.0807
93.0053
91.3146
90.0954
95.4921
93.1527
92.2531
98.4716
98.6147
98.5585
98.1009
97.9736
98.3678
96.8998
97.552
97.6055
100.005
99.536
101.627
99.2554
99.3756
99.7879
98.6838
99.0264
98.6729
101.362
101.27
99.6052
100.475
101.27
100.449
100.415
100.643
100.214
97.0969
100.806
98.719
98.5991
98.7702
97.9469
100.279
99.5626
98.913
98.6011
98.6299
99.3245
97.8569
98.2863
98.1582
98.369
98.4193
98.0925
95.5714
96.9432
97.7634
95.9263
96.4188
95.2626
97.894
97.1548
96.5638
88.7956
89.4999
86.1276
91.3933
90.7496
89.8025
94.1883
92.7074
92.575
88.2356
86.132
77.7328
88.8665
87.6275
88.79
89.1218
88.6913
89.2724
93.8037
94.2984
112.761
92.8084
92.9505
93.2582
90.574
91.4399
91.8571
96.6913
95.2451
95.8612
95.15
95.37
96.3416
94.1317
94.8292
94.6449
98.9963
98.7695
99.1011
92.963
92.9817
93.8972
98.2024
98.4716
98.5999
91.4128
92.2095
91.8984
89.9479
90.8428
91.0482
99.3134
99.713
99.7581
90.6145
90.6049
89.7814
99.7601
99.4351
99.2176
92.3163
90.5667
91.3316
94.463
91.8067
92.1924
96.3315
95.8563
95.6226
96.8019
97.0882
96.7279
91.715
91.3513
91.0056
95.0186
95.2096
94.6147
98.5933
97.8191
98.9003
97.6591
97.3765
97.0511
94.86
92.4279
92.5513
90.0134
89.2611
89.9479
97.2258
98.2375
97.9607
93.8859
93.1252
92.4895
91.7268
92.3913
91.7238
98.5862
98.4463
97.0832
104.158
96.1753
114.491
92.45
91.8752
92.4108
99.327
99.8127
98.4959
94.4048
92.7221
92.6023
96.2583
98.255
98.3764
89.3592
88.8245
88.9116
91.0174
90.4738
89.7001
98.2907
97.1126
96.6871
94.5806
93.4296
92.9196
107.361
105.648
102.643
89.6935
90.04
89.9127
97.1735
97.6375
96.0471
96.2871
95.8842
97.2168
94.3491
93.8142
94.9657
96.5359
95.4104
94.7052
93.6179
92.1408
92.5284
92.8164
93.0966
94.7504
91.2872
91.7112
92.9544
94.8024
93.268
93.522
103.246
106.676
113.519
93.5824
94.0448
95.166
91.2152
90.6604
90.8528
90.344
89.5063
89.0712
90.1514
90.6759
90.6248
98.7903
100.133
127.785
128.974
97.1248
101.25
104.302
94.5786
104.754
101.824
107.505
101.907
96.4567
102.776
98.2752
100.05
99.0923
96.3821
97.6407
99.2157
116.276
105.315
100.753
101.702
104.861
99.5549
99.0925
98.9997
98.5593
99.1534
113.131
105.008
110.388
102.91
99.6215
99.5254
93.8629
92.3368
91.9252
95.3911
96.3014
96.7297
8.83218
133.755
106.138
101.934
119.716
106.435
95.0515
94.0327
94.1042
115.187
107.689
121.712
103.436
100.235
103.03
89.7382
90.1526
90.5444
103.939
105.569
106.853
96.1648
104.381
110.217
109.635
108.992
105.386
53.6854
211.188
157.14
126.837
137.513
100.062
93.0981
93.2461
112.935
115.286
97.3432
95.9638
99.2739
100.026
100.79
100.714
100.885
100.048
101.096
98.5224
99.2836
118.56
106.308
100.043
121.041
106.056
106.223
96.166
98.7207
101.301
120.72
124.961
122.968
93.9966
110.581
95.6966
100.5
99.1024
103.648
97.4789
96.6032
79.0249
136.485
102.025
126.464
98.4082
102.186
110.673
96.8626
99.1493
99.6342
99.4973
99.4603
101.687
105.954
99.6634
98.0796
102.593
97.9206
98.3122
115.202
112.056
103.617
101.848
96.4427
95.6871
100.804
109.916
114.725
101.979
102.243
96.0643
107.415
59.9348
106.482
104.758
111.306
106.101
102.778
125.997
107.487
97.0853
101.667
96.7378
105.155
98.4918
100.129
109.749
104.989
102.089
82.1687
99.012
112.502
113.211
92.8571
93.1552
91.6284
94.826
100.571
95.7539
103.1
104.159
109.658
106.35
113.348
77.7237
135.016
107.233
98.7099
105.982
101.368
91.3713
148.734
104.968
105.492
115.889
98.8052
92.2268
100.099
112.373
122.308
118.08
112.108
95.2993
76.2045
80.6605
103.931
106.914
107.404
101.687
97.9945
101.798
104.628
106.144
131.804
109.717
111.366
103.628
107.255
120.38
107.282
100.529
116.765
102.321
101.739
106.829
119.98
94.8989
101.88
101.381
95.3578
108.337
102.017
127.948
106.843
131.512
90.472
105.946
88.583
113.25
150.721
117.034
107.032
131.107
119.356
114.611
99.1938
113.274
100.143
139.371
95.6591
101.049
92.0083
88.8091
96.9099
100.66
105.33
139.707
117.522
125.234
106.779
76.305
71.8509
96.4644
104.225
107.555
104.44
128.148
107.754
65.3026
190.612
116.265
94.7476
104.415
107.744
111.473
161.444
114.594
82.9803
-66.7455
187.658
125.057
70.9213
93.6627
)
;
    }
    upperWall
    {
        type            fixedFluxPressure;
        gradient        uniform 0;
        value           nonuniform List<scalar> 
1118
(
98.3796
100.195
88.7754
99.5656
100.69
114.39
84.516
91.9694
94.6869
99.8209
98.158
91.7069
75.1012
101.446
101.879
110.132
102.667
89.7304
96.07
97.8272
99.072
95.1991
90.8312
103.769
112.586
99.0292
102.713
122.973
101.268
98.7741
97.2821
102.854
96.5858
100.542
99.0925
104
96.4772
108.363
99.9308
99.7499
98.2546
98.0013
102.939
96.4865
104.533
99.7126
96.9751
126.355
96.9856
100.875
99.9922
101.246
103.045
104.054
99.9112
95.0587
96.0025
90.8443
90.5415
95.8442
95.9431
98.2172
99.541
99.3536
97.9188
96.5852
94.124
90.2228
91.0039
93.9648
91.8774
93.4564
94.235
95.0847
94.9206
94.1134
91.6199
89.3262
89.6856
90.7626
89.1211
89.5659
89.9307
89.8921
89.4482
88.7042
87.8873
87.3899
87.6408
88.4149
86.4845
86.8592
87.0752
87.0484
86.7596
86.2911
85.7702
85.5043
85.6355
86.0272
83.9142
84.1571
84.2993
84.2746
84.0812
83.7851
83.4907
83.3225
83.3942
83.6322
81.3906
81.5504
81.6283
81.636
81.4938
81.3105
81.1362
81.0369
81.0823
81.2118
78.9006
79.0247
79.0603
79.0511
78.9753
78.8644
78.7732
78.713
78.7286
78.7873
76.4631
76.538
76.5677
76.5524
76.5017
76.4368
76.3847
76.3471
76.3521
76.398
74.0444
74.086
74.1104
74.107
74.0847
74.0512
74.0076
73.9652
73.978
74.0062
71.6557
71.6898
71.6917
71.6938
71.6837
71.6662
71.6405
71.6292
71.6305
71.6342
69.2882
69.3046
69.3249
69.3245
69.3247
69.318
69.3014
69.2842
69.2666
69.2737
66.9548
66.9798
67.003
66.9963
66.9808
66.9752
66.9725
66.9549
66.9419
66.9454
64.6449
64.6727
64.6914
64.6694
64.6438
64.6357
64.6326
64.6441
64.6372
64.6352
62.3586
62.367
62.3676
62.3702
62.3668
62.3577
62.3413
62.3347
62.3426
62.3489
60.0837
60.0913
60.0934
60.1022
60.1032
60.0986
60.0838
60.0735
60.0663
60.0691
57.8268
57.8317
57.8338
57.8333
57.8308
57.8271
57.825
57.8201
57.8131
57.8177
55.6016
55.5958
55.5838
55.5895
55.593
55.5944
55.5918
55.5904
55.5948
55.5993
53.3689
53.3712
53.3641
53.3669
53.3696
53.3799
53.3875
53.3888
53.3841
53.3741
51.1616
51.1526
51.1544
51.1651
51.1737
51.1804
51.1847
51.1852
51.1864
51.1762
48.9741
48.9592
48.9536
48.9637
48.9776
48.9949
48.9898
48.9949
48.9949
48.9918
46.7933
46.7826
46.7709
46.7706
46.7802
46.7909
46.7962
46.798
46.7933
46.7982
44.6103
44.6118
44.6176
44.623
44.6181
44.6123
44.609
44.6064
44.6057
44.6086
42.447
42.4541
42.4642
42.4583
42.4457
42.4374
42.4387
42.4532
42.4454
42.4432
40.3095
40.3115
40.3127
40.3033
40.2969
40.2841
40.2967
40.3054
40.303
40.3041
38.1669
38.1828
38.1859
38.1862
38.1804
38.1713
38.17
38.1658
38.1551
38.1577
36.0504
36.0644
36.0629
36.0579
36.0494
36.043
36.0325
36.0293
36.0301
36.0374
33.9633
33.9598
33.9409
33.9346
33.9313
33.924
33.9176
33.9213
33.9424
33.9576
31.8695
31.8587
31.8493
31.8434
31.8417
31.8438
31.8502
31.8569
31.8623
31.8692
29.7661
29.7675
29.7791
29.7856
29.7864
29.7898
29.793
29.791
29.7841
29.7713
27.6959
27.7021
27.7179
27.7346
27.7436
27.7454
27.7393
27.7286
27.7209
27.7016
25.6798
25.6751
25.6749
25.6819
25.6918
25.7016
25.7071
25.7071
25.7015
25.6879
23.6981
23.6831
23.6736
23.6706
23.6751
23.6838
23.6979
23.7085
23.7115
23.7072
21.7253
21.7073
21.7046
21.7053
21.7098
21.7123
21.714
21.7191
21.7227
21.7255
19.7459
19.7456
19.748
19.7543
19.7651
19.7647
19.755
19.7488
19.747
19.7455
17.7946
17.8011
17.8128
17.8166
17.8152
17.8078
17.8005
17.7953
17.7933
17.7934
15.8881
15.8927
15.8967
15.8827
15.8676
15.8476
15.8467
15.853
15.8658
15.8772
13.9858
13.9923
13.9829
13.9623
13.9383
13.9247
13.924
13.9342
13.9536
13.9698
12.0554
12.073
12.0733
12.0661
12.055
12.0409
12.0405
12.0435
12.0452
12.0473
10.1527
10.1602
10.1705
10.1784
10.1757
10.1674
10.1642
10.1621
10.1592
10.1527
8.29756
8.28812
8.28478
8.28816
8.28942
8.29276
8.2944
8.29636
8.29813
8.30137
6.44534
6.43205
6.42608
6.42726
6.43452
6.45051
6.4567
6.45474
6.44765
6.45048
4.58533
4.58243
4.58375
4.59116
4.60567
4.62891
4.62838
4.61783
4.60704
4.59544
2.74671
2.74755
2.74989
2.75616
2.76506
2.77485
2.77843
2.77771
2.76718
2.75225
0.918446
0.91788
0.917826
0.912769
0.911317
0.914497
0.922671
0.927769
0.92856
0.918387
96.6939
98.1351
99.6112
98.2879
99.5138
100.206
100.034
99.9299
101.719
99.6308
98.1532
122.981
98.2817
97.6271
98.9524
97.3637
94.8741
96.3216
93.9768
90.3038
87.3751
89.5943
89.5862
86.4506
90.8451
93.2195
94.3437
93.9243
96.302
98.2766
99.2561
98.36
95.7655
101.755
99.9267
109.266
106.499
105.373
101.644
126.229
114.829
105.273
106.145
106.36
103.733
118.295
98.9852
102.805
103.484
82.3912
95.4874
87.4175
9.19681
95.7128
84.873
95.8708
98.3575
96.9463
97.1861
98.6272
97.2378
98.5003
103.869
99.1222
99.0983
100.765
100.79
101.602
106.089
100.932
104.117
100.891
98.6045
98.6302
95.4131
98.9744
97.6022
97.3236
94.7045
92.7305
93.3755
88.1088
88.7055
92.2622
90.628
91.7316
100.938
94.3144
95.0217
95.9772
93.845
94.7518
97.9267
95.3588
95.7611
99.13
95.8876
96.3759
99.4559
96.7728
97.2541
98.3621
97.3063
96.4552
97.3795
96.0995
94.4061
95.2357
93.4452
90.7599
90.969
90.0801
89.7322
90.1451
90.0942
91.3143
93.0113
92.2523
93.1533
95.4827
97.6119
97.6563
96.9088
98.3576
98.0684
98.0942
104.723
99.337
98.4968
98.7012
98.8991
98.7623
99.8396
99.4496
99.2607
103.092
99.8327
100.372
100.223
100.662
100.41
100.454
101.206
100.514
106.592
100.927
101.057
98.9449
99.2266
100.31
97.9021
98.7537
98.5574
110.483
97.7814
98.8655
98.0977
98.3288
98.3561
98.1426
98.2599
97.8203
99.1361
98.5904
98.6245
96.5599
97.1366
97.7605
95.233
96.4226
95.9428
97.8394
96.9354
95.5523
92.5814
92.7448
94.1884
89.8371
90.8669
91.4445
95.6371
89.9344
89.0944
89.3276
88.6387
89.2611
88.8235
87.61
88.8825
80.2974
86.155
88.1892
91.8527
91.555
90.5201
93.2734
92.7565
92.8404
99.162
93.0433
92.3328
94.649
94.8495
94.1442
96.3566
95.3925
95.1578
95.9463
95.6044
96.5924
99.0995
98.7684
98.9219
93.8988
93.048
92.9322
98.5894
98.5065
98.1968
91.8993
92.2211
91.4122
91.0453
90.8173
89.9301
99.7666
99.7049
99.304
89.7793
90.6048
90.6135
99.2146
99.4183
99.7704
102.172
102.086
99.5969
101.947
102.732
101.655
104.335
100.486
101.242
91.3309
90.566
92.3179
92.1916
91.8056
94.4612
95.6227
95.8573
96.3328
96.728
97.0883
96.8024
91.012
91.3495
91.7247
98.8953
97.8241
98.6175
94.6147
95.2093
95.0186
97.0515
97.3752
97.658
92.5527
92.429
94.8609
89.9469
89.2603
90.0136
97.9619
98.2368
97.2239
92.4879
93.1248
93.885
97.1269
98.4646
98.586
91.7221
92.4157
91.775
104.131
100.896
106.322
92.4472
91.8921
92.4514
108.464
106.411
99.0106
92.6033
92.7231
94.4052
98.3758
98.2847
96.2611
88.912
88.8247
89.3598
89.7044
90.4818
91.0162
96.6896
97.1113
98.2857
92.5865
103.213
103.091
100.425
100.594
104.347
92.9181
93.4316
94.594
97.2895
100.082
101.216
89.9096
90.0366
89.6923
96.0474
97.6379
97.1722
107.794
102.811
105.111
97.3073
95.8861
96.2879
104.016
98.3275
96.2274
95.4997
117.133
103.101
100.783
102.096
100.41
94.9448
93.812
94.3472
100.446
107.642
109.859
94.704
95.4054
96.4781
92.5273
92.1398
93.6095
94.7473
93.0957
92.8156
118.413
99.6544
101.331
100.407
102.035
101.198
108.094
97.6294
109.875
92.9524
91.71
91.2849
93.5207
93.2668
94.7953
140.23
118.955
100.133
104.338
104.917
92.3663
133.487
104.03
98.1366
121.432
106.384
108.733
104.147
102.583
101.325
104.634
99.7406
105.801
104.044
112.223
102.636
95.5391
94.8915
96.4546
95.1676
94.0462
93.5836
93.0566
96.0685
99.7001
90.8515
90.659
91.2143
89.0714
89.5066
90.3442
90.6256
90.6773
90.1524
104.309
96.4549
97.2278
99.2018
105.046
102.267
104.718
105.922
97.486
105.828
105.299
105.805
98.3656
106.168
109.527
104.658
104.355
103.816
106.5
107.659
114.425
109.561
120.983
104.691
97.0499
103.823
100.461
104.508
123.444
100.348
116.875
119.427
110.817
99.813
102.611
99.0217
99.0584
98.6854
99.0343
100.934
108.973
102.989
102.239
101.214
103.194
114.917
99.7231
108.466
105.782
96.0098
99.714
97.7461
99.5403
98.4463
103.789
110.525
142.689
99.859
102.406
112.539
91.9248
92.3365
93.8626
96.7333
96.3031
95.3919
105.776
96.1349
97.6755
93.2027
115.755
111.825
102.133
102.196
105.105
94.1054
94.0327
95.0572
110.363
106.756
88.8428
90.5472
90.1502
89.7356
100.193
100.133
104.031
103.19
102.385
99.3697
112.239
101.749
100.332
101.385
108.218
105.445
102.988
99.5153
101.134
97.4039
95.9168
89.3669
104.223
108.981
124.658
101.384
99.6211
99.9807
95.6023
113.636
106.033
95.6901
100.305
106.561
95.9058
100.627
95.6646
148.875
99.5498
119.826
119.992
110.436
114.019
116.586
102.556
115.621
89.7414
104.397
94.684
129.075
97.9901
117.004
91.4911
113.796
87.2182
101.781
122.868
97.524
108.317
97.3526
97.8649
98.9949
100.199
113.183
91.4306
114.102
131.875
115.133
110.026
108.98
104.221
132.2
103.982
88.1059
211.328
112.377
73.7036
96.5216
94.3758
109.969
109.656
111.823
123.292
111.974
100.437
93.2291
97.6191
101.171
175.685
128.994
105.284
141.312
154.844
120.718
96.5964
78.2657
103.509
104.182
102.102
106.666
109.946
105.688
110.45
111.57
85.9188
95.5294
88.7263
99.2819
98.6184
110.809
106.056
130.603
93.2048
99.3773
87.1195
94.3758
99.4611
100.438
108.009
101.788
103.107
64.7477
50.6203
378.545
-49.6903
103.568
47.7281
)
;
    }
    frontWall
    {
        type            cyclic;
    }
    backWall
    {
        type            cyclic;
    }
}


// ************************************************************************* //
